codigo_municipio,municipio,grupo,variable,mes,total-H,total-M,TOTAL-H1,TOTAL-M1,TOTAL
51302,ACACIO,estado nutricional en menores de 5 anos,clasificacion c,2002-01-01,12,185,12,185,197
20201,ACHACACHI,estado nutricional en menores de 5 anos,clasificacion c,2002-01-01,65,621,65,621,686
20104,ACHOCALLA,estado nutricional en menores de 5 anos,clasificacion c,2002-01-01,46,63,46,63,109
30201,AIQUILE,estado nutricional en menores de 5 anos,clasificacion c,2002-01-01,17,25,17,25,42
31303,ALALAY,estado nutricional en menores de 5 anos,clasificacion c,2002-01-01,28,21,28,21,49
10404,ALCALA,estado nutricional en menores de 5 anos,clasificacion c,2002-01-01,6,191,6,191,197
20202,ANCORAIMES,estado nutricional en menores de 5 anos,clasificacion c,2002-01-01,24,378,24,378,402
41201,ANDAMARCA,estado nutricional en menores de 5 anos,clasificacion c,2002-01-01,30,5,30,5,35
40603,ANTEQUERA,estado nutricional en menores de 5 anos,clasificacion c,2002-01-01,18,24,18,24,42
30402,ANZALDO,estado nutricional en menores de 5 anos,clasificacion c,2002-01-01,9,87,9,87,96
20701,APOLO,estado nutricional en menores de 5 anos,clasificacion c,2002-01-01,42,10,42,10,52
51301,ARAMPAMPA,estado nutricional en menores de 5 anos,clasificacion c,2002-01-01,7,100,7,100,107
30501,ARANI,estado nutricional en menores de 5 anos,clasificacion c,2002-01-01,13,60,13,60,73
30403,ARBIETO,estado nutricional en menores de 5 anos,clasificacion c,2002-01-01,2,22,2,22,24
30601,ARQUE,estado nutricional en menores de 5 anos,clasificacion c,2002-01-01,24,5,24,5,29
50802,ATOCHA,estado nutricional en menores de 5 anos,clasificacion c,2002-01-01,4,66,4,66,70
20503,AUCAPATA,estado nutricional en menores de 5 anos,clasificacion c,2002-01-01,5,2,5,2,7
20502,AYATA,estado nutricional en menores de 5 anos,clasificacion c,2002-01-01,13,10,13,10,23
21303,AYO AYO,estado nutricional en menores de 5 anos,clasificacion c,2002-01-01,89,15,89,15,104
30301,AYOPAYA (V. DE INDEPENDENCIA),estado nutricional en menores de 5 anos,clasificacion c,2002-01-01,180,169,180,169,349
10201,AZURDUY,estado nutricional en menores de 5 anos,clasificacion c,2002-01-01,11,194,11,194,205
21203,BATALLAS,estado nutricional en menores de 5 anos,clasificacion c,2002-01-01,13,259,13,259,272
80802,BAURES,estado nutricional en menores de 5 anos,clasificacion c,2002-01-01,53,64,53,64,117
41202,BELEN DE ANDAMARCA,estado nutricional en menores de 5 anos,clasificacion c,2002-01-01,3,1,3,1,4
50104,BELEN DE URMIRI,estado nutricional en menores de 5 anos,clasificacion c,2002-01-01,3,28,3,28,31
90104,BELLA FLOR,estado nutricional en menores de 5 anos,clasificacion c,2002-01-01,63,57,63,57,120
60202,BERMEJO,estado nutricional en menores de 5 anos,clasificacion c,2002-01-01,20,77,20,77,97
50301,BETANZOS,estado nutricional en menores de 5 anos,clasificacion c,2002-01-01,75,583,75,583,658
31501,BOLIVAR,estado nutricional en menores de 5 anos,clasificacion c,2002-01-01,107,154,107,154,261
90103,BOLPEBRA,estado nutricional en menores de 5 anos,clasificacion c,2002-01-01,0,42,0,42,42
70707,BOYUIBE,estado nutricional en menores de 5 anos,clasificacion c,2002-01-01,9,81,9,81,90
70401,BUENA VISTA,estado nutricional en menores de 5 anos,clasificacion c,2002-01-01,229,129,229,129,358
70703,CABEZAS,estado nutricional en menores de 5 anos,clasificacion c,2002-01-01,19,185,19,185,204
20905,CAIROMA,estado nutricional en menores de 5 anos,clasificacion c,2002-01-01,3,86,3,86,89
51102,"CAIZA ""D""",estado nutricional en menores de 5 anos,clasificacion c,2002-01-01,41,179,41,179,220
21003,CAJUATA,estado nutricional en menores de 5 anos,clasificacion c,2002-01-01,46,23,46,23,69
20303,CALACOTO,estado nutricional en menores de 5 anos,clasificacion c,2002-01-01,13,5,13,5,18
21304,CALAMARCA,estado nutricional en menores de 5 anos,clasificacion c,2002-01-01,50,13,50,13,63
10701,CAMARGO,estado nutricional en menores de 5 anos,clasificacion c,2002-01-01,17,249,17,249,266
10901,CAMATAQUI (C. VILLA ABECIA),estado nutricional en menores de 5 anos,clasificacion c,2002-01-01,4,100,4,100,104
70706,CAMIRI,estado nutricional en menores de 5 anos,clasificacion c,2002-01-01,137,214,137,214,351
30701,CAPINOTA,estado nutricional en menores de 5 anos,clasificacion c,2002-01-01,150,72,150,72,222
20302,CAQUIAVIRI,estado nutricional en menores de 5 anos,clasificacion c,2002-01-01,54,57,54,57,111
40102,CARACOLLO,estado nutricional en menores de 5 anos,clasificacion c,2002-01-01,135,183,135,183,318
22001,CARANAVI,estado nutricional en menores de 5 anos,clasificacion c,2002-01-01,243,364,243,364,607
41503,CARANGAS,estado nutricional en menores de 5 anos,clasificacion c,2002-01-01,0,4,0,4,4
60302,CARAPARI,estado nutricional en menores de 5 anos,clasificacion c,2002-01-01,62,182,62,182,244
50702,CARIPUYO,estado nutricional en menores de 5 anos,clasificacion c,2002-01-01,13,188,13,188,201
21902,CATACORA,estado nutricional en menores de 5 anos,clasificacion c,2002-01-01,1,2,1,2,3
40201,CHALLAPATA,estado nutricional en menores de 5 anos,clasificacion c,2002-01-01,84,75,84,75,159
50302,CHAQUI,estado nutricional en menores de 5 anos,clasificacion c,2002-01-01,18,185,18,185,203
70702,CHARAGUA,estado nutricional en menores de 5 anos,clasificacion c,2002-01-01,59,663,59,663,722
20305,CHARAÃ‘A,estado nutricional en menores de 5 anos,clasificacion c,2002-01-01,1,19,1,19,20
31204,CHIMORE,estado nutricional en menores de 5 anos,clasificacion c,2002-01-01,46,78,46,78,124
40903,CHIPAYA,estado nutricional en menores de 5 anos,clasificacion c,2002-01-01,4,0,4,0,4
21101,CHULUMANI (V. DE LA LIBERTAD),estado nutricional en menores de 5 anos,clasificacion c,2002-01-01,56,89,56,89,145
20501,CHUMA,estado nutricional en menores de 5 anos,clasificacion c,2002-01-01,8,5,8,5,13
30801,CLIZA,estado nutricional en menores de 5 anos,clasificacion c,2002-01-01,19,82,19,82,101
90101,COBIJA,estado nutricional en menores de 5 anos,clasificacion c,2002-01-01,222,101,222,101,323
30101,COCHABAMBA,estado nutricional en menores de 5 anos,clasificacion c,2002-01-01,1234,1231,1234,1231,2465
30905,COLCAPIRHUA,estado nutricional en menores de 5 anos,clasificacion c,2002-01-01,304,219,304,219,523
50901,"COLCHA ""K""",estado nutricional en menores de 5 anos,clasificacion c,2002-01-01,17,216,17,216,233
21307,COLLANA,estado nutricional en menores de 5 anos,clasificacion c,2002-01-01,9,0,9,0,9
31002,COLOMI,estado nutricional en menores de 5 anos,clasificacion c,2002-01-01,131,119,131,119,250
50401,COLQUECHACA,estado nutricional en menores de 5 anos,clasificacion c,2002-01-01,80,127,80,127,207
21306,COLQUENCHA,estado nutricional en menores de 5 anos,clasificacion c,2002-01-01,51,27,51,27,78
21004,COLQUIRI,estado nutricional en menores de 5 anos,clasificacion c,2002-01-01,70,53,70,53,123
20304,COMANCHE,estado nutricional en menores de 5 anos,clasificacion c,2002-01-01,8,33,8,33,41
71301,COMARAPA,estado nutricional en menores de 5 anos,clasificacion c,2002-01-01,64,190,64,190,254
20605,COMBAYA,estado nutricional en menores de 5 anos,clasificacion c,2002-01-01,4,38,4,38,42
71101,CONCEPCION,estado nutricional en menores de 5 anos,clasificacion c,2002-01-01,21,72,21,72,93
21701,COPACABANA,estado nutricional en menores de 5 anos,clasificacion c,2002-01-01,32,147,32,147,179
21402,CORIPATA,estado nutricional en menores de 5 anos,clasificacion c,2002-01-01,31,34,31,34,65
20301,CORO CORO,estado nutricional en menores de 5 anos,clasificacion c,2002-01-01,45,84,45,84,129
21401,COROICO,estado nutricional en menores de 5 anos,clasificacion c,2002-01-01,107,88,107,88,195
40301,CORQUE,estado nutricional en menores de 5 anos,clasificacion c,2002-01-01,25,19,25,19,44
50601,COTAGAITA,estado nutricional en menores de 5 anos,clasificacion c,2002-01-01,85,238,85,238,323
70102,COTOCA,estado nutricional en menores de 5 anos,clasificacion c,2002-01-01,170,226,170,226,396
31405,CUCHUMUELA (V. G. VILLARROEL),estado nutricional en menores de 5 anos,clasificacion c,2002-01-01,1,24,1,24,25
70704,CUEVO,estado nutricional en menores de 5 anos,clasificacion c,2002-01-01,75,93,75,93,168
10902,CULPINA,estado nutricional en menores de 5 anos,clasificacion c,2002-01-01,52,468,52,468,520
40401,CURAHUARA DE CARANGAS,estado nutricional en menores de 5 anos,clasificacion c,2002-01-01,44,36,44,36,80
21602,CURVA,estado nutricional en menores de 5 anos,clasificacion c,2002-01-01,11,3,11,3,14
20804,DESAGUADERO,estado nutricional en menores de 5 anos,clasificacion c,2002-01-01,6,36,6,36,42
20105,EL ALTO,estado nutricional en menores de 5 anos,clasificacion c,2002-01-01,3966,2986,3966,2986,6952
40103,EL CHORO,estado nutricional en menores de 5 anos,clasificacion c,2002-01-01,19,7,19,7,26
71503,EL PUENTE(STC),estado nutricional en menores de 5 anos,clasificacion c,2002-01-01,28,151,28,151,179
60502,EL PUENTE(TJA),estado nutricional en menores de 5 anos,clasificacion c,2002-01-01,15,52,15,52,67
70105,EL TORNO,estado nutricional en menores de 5 anos,clasificacion c,2002-01-01,248,289,248,289,537
10405,EL VILLAR,estado nutricional en menores de 5 anos,clasificacion c,2002-01-01,7,186,7,186,193
60601,ENTRE RIOS,estado nutricional en menores de 5 anos,clasificacion c,2002-01-01,122,197,122,197,319
41101,EUCALIPTUS,estado nutricional en menores de 5 anos,clasificacion c,2002-01-01,8,32,8,32,40
90503,EUREKA (SANTOS MERCADO),estado nutricional en menores de 5 anos,clasificacion c,2002-01-01,0,8,0,8,8
80402,EXALTACION,estado nutricional en menores de 5 anos,clasificacion c,2002-01-01,10,55,10,55,65
90203,FILADELFIA,estado nutricional en menores de 5 anos,clasificacion c,2002-01-01,9,31,9,31,40
71002,GENERAL SAAVEDRA,estado nutricional en menores de 5 anos,clasificacion c,2002-01-01,99,469,99,469,568
21601,GRAL. J.J. PEREZ (CHARAZANI),estado nutricional en menores de 5 anos,clasificacion c,2002-01-01,19,27,19,27,46
20602,GUANAY,estado nutricional en menores de 5 anos,clasificacion c,2002-01-01,67,525,67,525,592
20802,GUAQUI,estado nutricional en menores de 5 anos,clasificacion c,2002-01-01,3,13,3,13,16
80202,GUAYARAMERIN,estado nutricional en menores de 5 anos,clasificacion c,2002-01-01,327,211,327,211,538
70705,GUTIERREZ,estado nutricional en menores de 5 anos,clasificacion c,2002-01-01,70,552,70,552,622
10502,HUACARETA,estado nutricional en menores de 5 anos,clasificacion c,2002-01-01,43,389,43,389,432
11002,HUACAYA (VILLA DE HUACAYA),estado nutricional en menores de 5 anos,clasificacion c,2002-01-01,3,49,3,49,52
40501,HUACHACALLA,estado nutricional en menores de 5 anos,clasificacion c,2002-01-01,1,16,1,16,17
40701,HUANUNI,estado nutricional en menores de 5 anos,clasificacion c,2002-01-01,22,8,22,8,30
80803,HUARACAJE,estado nutricional en menores de 5 anos,clasificacion c,2002-01-01,4,25,4,25,29
41601,HUAYLLAMARCA,estado nutricional en menores de 5 anos,clasificacion c,2002-01-01,27,76,27,76,103
21005,ICHOCA,estado nutricional en menores de 5 anos,clasificacion c,2002-01-01,4,36,4,36,40
10304,ICLA,estado nutricional en menores de 5 anos,clasificacion c,2002-01-01,175,228,175,228,403
10703,INCAHUASI,estado nutricional en menores de 5 anos,clasificacion c,2002-01-01,19,200,19,200,219
21001,INQUISIVI,estado nutricional en menores de 5 anos,clasificacion c,2002-01-01,35,102,35,102,137
21102,IRUPANA (VILLA DE LANZA),estado nutricional en menores de 5 anos,clasificacion c,2002-01-01,51,204,51,204,255
21501,IXIAMAS,estado nutricional en menores de 5 anos,clasificacion c,2002-01-01,70,85,70,85,155
21105,LA ASUNTA,estado nutricional en menores de 5 anos,clasificacion c,2002-01-01,56,120,56,120,176
70104,LA GUARDIA,estado nutricional en menores de 5 anos,clasificacion c,2002-01-01,267,405,267,405,672
20101,LA PAZ,estado nutricional en menores de 5 anos,clasificacion c,2002-01-01,2701,3032,2701,3032,5733
41501,LA RIVERA,estado nutricional en menores de 5 anos,clasificacion c,2002-01-01,1,3,1,3,4
70701,LAGUNILLAS,estado nutricional en menores de 5 anos,clasificacion c,2002-01-01,71,98,71,98,169
21202,LAJA,estado nutricional en menores de 5 anos,clasificacion c,2002-01-01,1,91,1,91,92
10903,LAS CARRERAS,estado nutricional en menores de 5 anos,clasificacion c,2002-01-01,3,56,3,56,59
51401,LLICA,estado nutricional en menores de 5 anos,clasificacion c,2002-01-01,4,43,4,43,47
80601,LORETO,estado nutricional en menores de 5 anos,clasificacion c,2002-01-01,8,86,8,86,94
20901,LURIBAY,estado nutricional en menores de 5 anos,clasificacion c,2002-01-01,4,51,4,51,55
40702,MACHACAMARCA,estado nutricional en menores de 5 anos,clasificacion c,2002-01-01,59,35,59,35,94
11003,MACHARETI,estado nutricional en menores de 5 anos,clasificacion c,2002-01-01,18,381,18,381,399
80801,MAGDALENA,estado nutricional en menores de 5 anos,clasificacion c,2002-01-01,72,107,72,107,179
70903,MAIRANA,estado nutricional en menores de 5 anos,clasificacion c,2002-01-01,113,89,113,89,202
20103,MECAPACA,estado nutricional en menores de 5 anos,clasificacion c,2002-01-01,8,95,8,95,103
71003,MINEROS,estado nutricional en menores de 5 anos,clasificacion c,2002-01-01,155,778,155,778,933
31301,MIZQUE,estado nutricional en menores de 5 anos,clasificacion c,2002-01-01,34,86,34,86,120
20402,MOCOMOCO,estado nutricional en menores de 5 anos,clasificacion c,2002-01-01,69,31,69,31,100
51002,MOJINETE,estado nutricional en menores de 5 anos,clasificacion c,2002-01-01,1,18,1,18,19
10303,MOJOCOYA,estado nutricional en menores de 5 anos,clasificacion c,2002-01-01,215,253,215,253,468
10501,MONTEAGUDO,estado nutricional en menores de 5 anos,clasificacion c,2002-01-01,142,492,142,492,634
71001,MONTERO,estado nutricional en menores de 5 anos,clasificacion c,2002-01-01,113,1995,113,1995,2108
70803,MORO MORO,estado nutricional en menores de 5 anos,clasificacion c,2002-01-01,30,9,30,9,39
30302,MOROCHATA,estado nutricional en menores de 5 anos,clasificacion c,2002-01-01,24,23,24,23,47
90401,NACEBE (SANTA ROSA DEL ABUNA),estado nutricional en menores de 5 anos,clasificacion c,2002-01-01,0,10,0,10,10
20307,NAZACARA DE PACAJES,estado nutricional en menores de 5 anos,clasificacion c,2002-01-01,11,0,11,0,11
50404,OCURI,estado nutricional en menores de 5 anos,clasificacion c,2002-01-01,58,101,58,101,159
70202,OKINAWA,estado nutricional en menores de 5 anos,clasificacion c,2002-01-01,25,40,25,40,65
40101,ORURO,estado nutricional en menores de 5 anos,clasificacion c,2002-01-01,215,2062,215,2062,2277
60201,PADCAYA,estado nutricional en menores de 5 anos,clasificacion c,2002-01-01,73,162,73,162,235
10401,PADILLA,estado nutricional en menores de 5 anos,clasificacion c,2002-01-01,41,711,41,711,752
70502,PAILON,estado nutricional en menores de 5 anos,clasificacion c,2002-01-01,14,236,14,236,250
20102,PALCA,estado nutricional en menores de 5 anos,clasificacion c,2002-01-01,64,49,64,49,113
21104,PALOS BLANCOS,estado nutricional en menores de 5 anos,clasificacion c,2002-01-01,167,234,167,234,401
40802,PAMPA AULLAGAS,estado nutricional en menores de 5 anos,clasificacion c,2002-01-01,27,18,27,18,45
70902,PAMPA GRANDE,estado nutricional en menores de 5 anos,clasificacion c,2002-01-01,33,45,33,45,78
21802,PAPEL PAMPA,estado nutricional en menores de 5 anos,clasificacion c,2002-01-01,26,0,26,0,26
30202,PASORAPA,estado nutricional en menores de 5 anos,clasificacion c,2002-01-01,16,32,16,32,48
21305,PATACAMAYA,estado nutricional en menores de 5 anos,clasificacion c,2002-01-01,66,40,66,40,106
40602,PAZÃ‘A,estado nutricional en menores de 5 anos,clasificacion c,2002-01-01,8,67,8,67,75
20702,PELECHUCO,estado nutricional en menores de 5 anos,clasificacion c,2002-01-01,14,10,14,10,24
50403,POCOATA,estado nutricional en menores de 5 anos,clasificacion c,2002-01-01,91,232,91,232,323
31203,POCONA,estado nutricional en menores de 5 anos,clasificacion c,2002-01-01,13,105,13,105,118
31202,POJO (CBBA),estado nutricional en menores de 5 anos,clasificacion c,2002-01-01,187,334,187,334,521
40601,POOPO,estado nutricional en menores de 5 anos,clasificacion c,2002-01-01,3,88,3,88,91
51203,PORCO,estado nutricional en menores de 5 anos,clasificacion c,2002-01-01,43,26,43,26,69
10103,POROMA,estado nutricional en menores de 5 anos,clasificacion c,2002-01-01,132,226,132,226,358
70103,PORONGO,estado nutricional en menores de 5 anos,clasificacion c,2002-01-01,20,210,20,210,230
70601,PORTACHUELO,estado nutricional en menores de 5 anos,clasificacion c,2002-01-01,226,110,226,110,336
90102,PORVENIR,estado nutricional en menores de 5 anos,clasificacion c,2002-01-01,1,138,1,138,139
70804,POSTRER VALLE,estado nutricional en menores de 5 anos,clasificacion c,2002-01-01,1,15,1,15,16
50101,POTOSI,estado nutricional en menores de 5 anos,clasificacion c,2002-01-01,370,867,370,867,1237
10302,PRESTO,estado nutricional en menores de 5 anos,clasificacion c,2002-01-01,137,124,137,124,261
21201,PUCARANI,estado nutricional en menores de 5 anos,clasificacion c,2002-01-01,13,96,13,96,109
20401,PUERTO ACOSTA,estado nutricional en menores de 5 anos,clasificacion c,2002-01-01,101,120,101,120,221
20403,PUERTO CARABUCO,estado nutricional en menores de 5 anos,clasificacion c,2002-01-01,98,116,98,116,214
90301,PUERTO GONZALO MORENO,estado nutricional en menores de 5 anos,clasificacion c,2002-01-01,15,3,15,3,18
21204,PUERTO PEREZ,estado nutricional en menores de 5 anos,clasificacion c,2002-01-01,8,44,8,44,52
71402,PUERTO QUIJARRO,estado nutricional en menores de 5 anos,clasificacion c,2002-01-01,219,54,219,54,273
90201,PUERTO RICO,estado nutricional en menores de 5 anos,clasificacion c,2002-01-01,10,49,10,49,59
80703,PUERTO SILES,estado nutricional en menores de 5 anos,clasificacion c,2002-01-01,0,4,0,4,4
71401,PUERTO SUAREZ,estado nutricional en menores de 5 anos,clasificacion c,2002-01-01,242,37,242,37,279
31205,PUERTO VILLARROEL,estado nutricional en menores de 5 anos,clasificacion c,2002-01-01,334,311,334,311,645
51101,PUNA,estado nutricional en menores de 5 anos,clasificacion c,2002-01-01,67,359,67,359,426
31401,PUNATA,estado nutricional en menores de 5 anos,clasificacion c,2002-01-01,15,42,15,42,57
20604,QUIABAYA,estado nutricional en menores de 5 anos,clasificacion c,2002-01-01,1,28,1,28,29
30901,QUILLACOLLO,estado nutricional en menores de 5 anos,clasificacion c,2002-01-01,150,137,150,137,287
21002,QUIME,estado nutricional en menores de 5 anos,clasificacion c,2002-01-01,63,116,63,116,179
70904,QUIRUSILLAS,estado nutricional en menores de 5 anos,clasificacion c,2002-01-01,16,17,16,17,33
50402,RAVELO,estado nutricional en menores de 5 anos,clasificacion c,2002-01-01,51,217,51,217,268
80301,REYES,estado nutricional en menores de 5 anos,clasificacion c,2002-01-01,113,82,113,82,195
80201,RIBERALTA,estado nutricional en menores de 5 anos,clasificacion c,2002-01-01,698,456,698,456,1154
70503,ROBORE,estado nutricional en menores de 5 anos,clasificacion c,2002-01-01,29,170,29,170,199
80304,RURRENABAQUE,estado nutricional en menores de 5 anos,clasificacion c,2002-01-01,72,82,72,82,154
40901,SABAYA,estado nutricional en menores de 5 anos,clasificacion c,2002-01-01,2,15,2,15,17
31001,SACABA,estado nutricional en menores de 5 anos,clasificacion c,2002-01-01,243,144,243,144,387
30404,SACABAMBA,estado nutricional en menores de 5 anos,clasificacion c,2002-01-01,9,30,9,30,39
50701,SACACA,estado nutricional en menores de 5 anos,clasificacion c,2002-01-01,56,221,56,221,277
71302,SAIPINA,estado nutricional en menores de 5 anos,clasificacion c,2002-01-01,28,26,28,26,54
40801,SALINAS DE GARCI MENDOZA,estado nutricional en menores de 5 anos,clasificacion c,2002-01-01,32,61,32,61,93
70901,SAMAIPATA,estado nutricional en menores de 5 anos,clasificacion c,2002-01-01,128,57,128,57,185
51601,SAN AGUSTIN,estado nutricional en menores de 5 anos,clasificacion c,2002-01-01,11,45,11,45,56
51003,SAN ANTONIO DE ESMORUCO,estado nutricional en menores de 5 anos,clasificacion c,2002-01-01,2,1,2,1,3
71105,SAN ANTONIO DE LOMERIO,estado nutricional en menores de 5 anos,clasificacion c,2002-01-01,105,144,105,144,249
31403,SAN BENITO,estado nutricional en menores de 5 anos,clasificacion c,2002-01-01,0,128,0,128,128
80302,SAN BORJA,estado nutricional en menores de 5 anos,clasificacion c,2002-01-01,380,274,380,274,654
21502,SAN BUENA VENTURA,estado nutricional en menores de 5 anos,clasificacion c,2002-01-01,145,84,145,84,229
70402,SAN CARLOS,estado nutricional en menores de 5 anos,clasificacion c,2002-01-01,29,27,29,27,56
80501,SAN IGNACIO,estado nutricional en menores de 5 anos,clasificacion c,2002-01-01,42,452,42,452,494
70301,SAN IGNACIO DE VELASCO,estado nutricional en menores de 5 anos,clasificacion c,2002-01-01,500,305,500,305,805
80102,SAN JAVIER(BNI),estado nutricional en menores de 5 anos,clasificacion c,2002-01-01,0,17,0,17,17
71102,SAN JAVIER(STC),estado nutricional en menores de 5 anos,clasificacion c,2002-01-01,27,34,27,34,61
80701,SAN JOAQUIN,estado nutricional en menores de 5 anos,clasificacion c,2002-01-01,4,60,4,60,64
70501,SAN JOSE DE CHIQUITOS,estado nutricional en menores de 5 anos,clasificacion c,2002-01-01,109,67,109,67,176
71104,SAN JULIAN,estado nutricional en menores de 5 anos,clasificacion c,2002-01-01,191,440,191,440,631
90302,SAN LORENZO(PND),estado nutricional en menores de 5 anos,clasificacion c,2002-01-01,5,14,5,14,19
60501,SAN LORENZO(TJA),estado nutricional en menores de 5 anos,clasificacion c,2002-01-01,25,54,25,54,79
10702,SAN LUCAS,estado nutricional en menores de 5 anos,clasificacion c,2002-01-01,70,865,70,865,935
71201,SAN MATIAS,estado nutricional en menores de 5 anos,clasificacion c,2002-01-01,127,119,127,119,246
70302,SAN MIGUEL DE VELASCO,estado nutricional en menores de 5 anos,clasificacion c,2002-01-01,102,243,102,243,345
51001,SAN PABLO DE LIPEZ,estado nutricional en menores de 5 anos,clasificacion c,2002-01-01,14,31,14,31,45
50501,SAN PEDRO DE BUENA VISTA,estado nutricional en menores de 5 anos,clasificacion c,2002-01-01,2,92,2,92,94
21801,SAN PEDRO DE CURAHUARA,estado nutricional en menores de 5 anos,clasificacion c,2002-01-01,19,53,19,53,72
50902,SAN PEDRO DE QUEMES,estado nutricional en menores de 5 anos,clasificacion c,2002-01-01,0,12,0,12,12
21702,SAN PEDRO DE TIQUINA,estado nutricional en menores de 5 anos,clasificacion c,2002-01-01,7,93,7,93,100
90202,SAN PEDRO(PND),estado nutricional en menores de 5 anos,clasificacion c,2002-01-01,4,0,4,0,4
70303,SAN RAFAEL,estado nutricional en menores de 5 anos,clasificacion c,2002-01-01,60,39,60,39,99
80702,SAN RAMON,estado nutricional en menores de 5 anos,clasificacion c,2002-01-01,133,89,133,89,222
80702,SAN RAMON,estado nutricional en menores de 5 anos,clasificacion c,2002-01-01,8,254,8,254,262
80401,SANTA ANA,estado nutricional en menores de 5 anos,clasificacion c,2002-01-01,149,84,149,84,233
70101,SANTA CRUZ DE LA SIERRA,estado nutricional en menores de 5 anos,clasificacion c,2002-01-01,1621,2438,1621,2438,4059
80303,SANTA ROSA,estado nutricional en menores de 5 anos,clasificacion c,2002-01-01,76,46,76,46,122
70602,SANTA ROSA DEL SARA,estado nutricional en menores de 5 anos,clasificacion c,2002-01-01,40,138,40,138,178
20308,SANTIAGO DE CALLAPA,estado nutricional en menores de 5 anos,clasificacion c,2002-01-01,1,11,1,11,12
41401,SANTIAGO DE HUARI,estado nutricional en menores de 5 anos,clasificacion c,2002-01-01,22,28,22,28,50
21901,SANTIAGO DE MACHACA,estado nutricional en menores de 5 anos,clasificacion c,2002-01-01,21,13,21,13,34
30702,SANTIVAÃ‘ES,estado nutricional en menores de 5 anos,clasificacion c,2002-01-01,119,83,119,83,202
40202,SANTUARIO DE QUILLACAS,estado nutricional en menores de 5 anos,clasificacion c,2002-01-01,2,20,2,20,22
20902,SAPAHAQUI,estado nutricional en menores de 5 anos,clasificacion c,2002-01-01,0,28,0,28,28
90303,SENA,estado nutricional en menores de 5 anos,clasificacion c,2002-01-01,1,29,1,29,30
21301,SICA SICA (VILLA AROMA),estado nutricional en menores de 5 anos,clasificacion c,2002-01-01,56,34,56,34,90
30703,SICAYA,estado nutricional en menores de 5 anos,clasificacion c,2002-01-01,2,28,2,28,30
30902,SIPE SIPE,estado nutricional en menores de 5 anos,clasificacion c,2002-01-01,384,269,384,269,653
10403,SOPACHUY,estado nutricional en menores de 5 anos,clasificacion c,2002-01-01,15,104,15,104,119
20601,SORATA,estado nutricional en menores de 5 anos,clasificacion c,2002-01-01,139,244,139,244,383
10101,SUCRE,estado nutricional en menores de 5 anos,clasificacion c,2002-01-01,387,3027,387,3027,3414
31404,TACACHI,estado nutricional en menores de 5 anos,clasificacion c,2002-01-01,4,24,4,24,28
20603,TACACOMA,estado nutricional en menores de 5 anos,clasificacion c,2002-01-01,14,27,14,27,41
50303,TACOBAMBA,estado nutricional en menores de 5 anos,clasificacion c,2002-01-01,27,133,27,133,160
30602,TACOPAYA,estado nutricional en menores de 5 anos,clasificacion c,2002-01-01,58,81,58,81,139
51402,TAHUA,estado nutricional en menores de 5 anos,clasificacion c,2002-01-01,4,32,4,32,36
31101,TAPACARI,estado nutricional en menores de 5 anos,clasificacion c,2002-01-01,18,96,18,96,114
10601,TARABUCO,estado nutricional en menores de 5 anos,clasificacion c,2002-01-01,86,996,86,996,1082
30401,TARATA,estado nutricional en menores de 5 anos,clasificacion c,2002-01-01,13,129,13,129,142
60101,TARIJA,estado nutricional en menores de 5 anos,clasificacion c,2002-01-01,414,721,414,721,1135
10202,TARVITA,estado nutricional en menores de 5 anos,clasificacion c,2002-01-01,140,149,140,149,289
20803,TIAWANACU,estado nutricional en menores de 5 anos,clasificacion c,2002-01-01,47,16,47,16,63
50102,TINGUIPAYA,estado nutricional en menores de 5 anos,clasificacion c,2002-01-01,19,52,19,52,71
20606,TIPUANI,estado nutricional en menores de 5 anos,clasificacion c,2002-01-01,74,23,74,23,97
30903,TIQUIPAYA,estado nutricional en menores de 5 anos,clasificacion c,2002-01-01,6,80,6,80,86
31601,TIRAQUE (CBBA),estado nutricional en menores de 5 anos,clasificacion c,2002-01-01,145,224,145,224,369
21703,TITO YUPANQUI (PARQUIPUJIO),estado nutricional en menores de 5 anos,clasificacion c,2002-01-01,2,22,2,22,24
30802,TOCO,estado nutricional en menores de 5 anos,clasificacion c,2002-01-01,0,4,0,4,4
41502,TODOS SANTOS,estado nutricional en menores de 5 anos,clasificacion c,2002-01-01,0,1,0,1,1
30803,TOLATA,estado nutricional en menores de 5 anos,clasificacion c,2002-01-01,7,11,7,11,18
41001,TOLEDO,estado nutricional en menores de 5 anos,clasificacion c,2002-01-01,47,22,47,22,69
51202,TOMAVE,estado nutricional en menores de 5 anos,clasificacion c,2002-01-01,13,179,13,179,192
10402,TOMINA,estado nutricional en menores de 5 anos,clasificacion c,2002-01-01,93,324,93,324,417
50502,TORO TORO,estado nutricional en menores de 5 anos,clasificacion c,2002-01-01,3,34,3,34,37
31201,TOTORA(CBBA),estado nutricional en menores de 5 anos,clasificacion c,2002-01-01,37,51,37,51,88
41301,TOTORA(ORR),estado nutricional en menores de 5 anos,clasificacion c,2002-01-01,7,50,7,50,57
70802,TRIGAL,estado nutricional en menores de 5 anos,clasificacion c,2002-01-01,18,14,18,14,32
80101,TRINIDAD,estado nutricional en menores de 5 anos,clasificacion c,2002-01-01,127,538,127,538,665
50801,TUPIZA,estado nutricional en menores de 5 anos,clasificacion c,2002-01-01,68,916,68,916,984
40402,TURCO,estado nutricional en menores de 5 anos,clasificacion c,2002-01-01,33,16,33,16,49
21302,UMALA,estado nutricional en menores de 5 anos,clasificacion c,2002-01-01,13,21,13,21,34
50201,UNCIA,estado nutricional en menores de 5 anos,clasificacion c,2002-01-01,7,63,7,63,70
60401,URIONDO (A. CONCEPCION),estado nutricional en menores de 5 anos,clasificacion c,2002-01-01,80,96,80,96,176
71502,URUBICHA,estado nutricional en menores de 5 anos,clasificacion c,2002-01-01,7,50,7,50,57
51201,UYUNI,estado nutricional en menores de 5 anos,clasificacion c,2002-01-01,30,179,30,179,209
30502,VACAS,estado nutricional en menores de 5 anos,clasificacion c,2002-01-01,18,42,18,42,60
70801,VALLEGRANDE,estado nutricional en menores de 5 anos,clasificacion c,2002-01-01,136,219,136,219,355
20801,VIACHA,estado nutricional en menores de 5 anos,clasificacion c,2002-01-01,73,367,73,367,440
31302,VILA VILA,estado nutricional en menores de 5 anos,clasificacion c,2002-01-01,4,20,4,20,24
60303,VILLA MONTES,estado nutricional en menores de 5 anos,clasificacion c,2002-01-01,210,183,210,183,393
31402,VILLA RIVERO,estado nutricional en menores de 5 anos,clasificacion c,2002-01-01,4,14,4,14,18
10801,VILLA SERRANO,estado nutricional en menores de 5 anos,clasificacion c,2002-01-01,25,515,25,515,540
31003,VILLA TUNARI,estado nutricional en menores de 5 anos,clasificacion c,2002-01-01,259,285,259,285,544
11001,VILLA VACA GUZMAN (MUYUPAMPA),estado nutricional en menores de 5 anos,clasificacion c,2002-01-01,23,357,23,357,380
51501,VILLAZON,estado nutricional en menores de 5 anos,clasificacion c,2002-01-01,60,611,60,611,671
30904,VINTO,estado nutricional en menores de 5 anos,clasificacion c,2002-01-01,93,92,93,92,185
50602,VITICHI,estado nutricional en menores de 5 anos,clasificacion c,2002-01-01,44,121,44,121,165
20306,WALDO BALLIVIAN,estado nutricional en menores de 5 anos,clasificacion c,2002-01-01,1,14,1,14,15
70201,WARNES,estado nutricional en menores de 5 anos,clasificacion c,2002-01-01,311,361,311,361,672
20903,YACO,estado nutricional en menores de 5 anos,clasificacion c,2002-01-01,3,31,3,31,34
60301,YACUIBA,estado nutricional en menores de 5 anos,clasificacion c,2002-01-01,334,115,334,115,449
10602,YAMPARAEZ,estado nutricional en menores de 5 anos,clasificacion c,2002-01-01,303,421,303,421,724
21103,YANACACHI,estado nutricional en menores de 5 anos,clasificacion c,2002-01-01,64,35,64,35,99
70403,YAPACANI,estado nutricional en menores de 5 anos,clasificacion c,2002-01-01,316,362,316,362,678
50103,YOCALLA,estado nutricional en menores de 5 anos,clasificacion c,2002-01-01,7,72,7,72,79
10102,YOTALA,estado nutricional en menores de 5 anos,clasificacion c,2002-01-01,168,281,168,281,449
60402,YUNCHARA,estado nutricional en menores de 5 anos,clasificacion c,2002-01-01,17,34,17,34,51
10301,ZUDAÃ‘EZ,estado nutricional en menores de 5 anos,clasificacion c,2002-01-01,183,202,183,202,385
51302,ACACIO,estado nutricional en menores de 5 anos,clasificacion c,2002-02-01,7,160,7,160,167
20201,ACHACACHI,estado nutricional en menores de 5 anos,clasificacion c,2002-02-01,306,595,306,595,901
20104,ACHOCALLA,estado nutricional en menores de 5 anos,clasificacion c,2002-02-01,2,45,2,45,47
30201,AIQUILE,estado nutricional en menores de 5 anos,clasificacion c,2002-02-01,3,7,3,7,10
31303,ALALAY,estado nutricional en menores de 5 anos,clasificacion c,2002-02-01,2,15,2,15,17
10404,ALCALA,estado nutricional en menores de 5 anos,clasificacion c,2002-02-01,53,79,53,79,132
20202,ANCORAIMES,estado nutricional en menores de 5 anos,clasificacion c,2002-02-01,117,184,117,184,301
41201,ANDAMARCA,estado nutricional en menores de 5 anos,clasificacion c,2002-02-01,13,9,13,9,22
40603,ANTEQUERA,estado nutricional en menores de 5 anos,clasificacion c,2002-02-01,16,1,16,1,17
30402,ANZALDO,estado nutricional en menores de 5 anos,clasificacion c,2002-02-01,3,60,3,60,63
20701,APOLO,estado nutricional en menores de 5 anos,clasificacion c,2002-02-01,47,8,47,8,55
51301,ARAMPAMPA,estado nutricional en menores de 5 anos,clasificacion c,2002-02-01,8,95,8,95,103
30501,ARANI,estado nutricional en menores de 5 anos,clasificacion c,2002-02-01,4,17,4,17,21
30403,ARBIETO,estado nutricional en menores de 5 anos,clasificacion c,2002-02-01,0,32,0,32,32
30601,ARQUE,estado nutricional en menores de 5 anos,clasificacion c,2002-02-01,2,14,2,14,16
71501,ASCENCION DE GUARAYOS,estado nutricional en menores de 5 anos,clasificacion c,2002-02-01,344,529,344,529,873
50802,ATOCHA,estado nutricional en menores de 5 anos,clasificacion c,2002-02-01,16,104,16,104,120
20502,AYATA,estado nutricional en menores de 5 anos,clasificacion c,2002-02-01,16,7,16,7,23
21303,AYO AYO,estado nutricional en menores de 5 anos,clasificacion c,2002-02-01,66,17,66,17,83
30301,AYOPAYA (V. DE INDEPENDENCIA),estado nutricional en menores de 5 anos,clasificacion c,2002-02-01,163,153,163,153,316
10201,AZURDUY,estado nutricional en menores de 5 anos,clasificacion c,2002-02-01,63,216,63,216,279
21203,BATALLAS,estado nutricional en menores de 5 anos,clasificacion c,2002-02-01,9,259,9,259,268
80802,BAURES,estado nutricional en menores de 5 anos,clasificacion c,2002-02-01,52,75,52,75,127
41202,BELEN DE ANDAMARCA,estado nutricional en menores de 5 anos,clasificacion c,2002-02-01,5,6,5,6,11
50104,BELEN DE URMIRI,estado nutricional en menores de 5 anos,clasificacion c,2002-02-01,1,19,1,19,20
90104,BELLA FLOR,estado nutricional en menores de 5 anos,clasificacion c,2002-02-01,71,112,71,112,183
60202,BERMEJO,estado nutricional en menores de 5 anos,clasificacion c,2002-02-01,27,73,27,73,100
50301,BETANZOS,estado nutricional en menores de 5 anos,clasificacion c,2002-02-01,50,305,50,305,355
31501,BOLIVAR,estado nutricional en menores de 5 anos,clasificacion c,2002-02-01,42,58,42,58,100
90103,BOLPEBRA,estado nutricional en menores de 5 anos,clasificacion c,2002-02-01,2,10,2,10,12
70707,BOYUIBE,estado nutricional en menores de 5 anos,clasificacion c,2002-02-01,6,91,6,91,97
70401,BUENA VISTA,estado nutricional en menores de 5 anos,clasificacion c,2002-02-01,202,184,202,184,386
70703,CABEZAS,estado nutricional en menores de 5 anos,clasificacion c,2002-02-01,19,153,19,153,172
20905,CAIROMA,estado nutricional en menores de 5 anos,clasificacion c,2002-02-01,3,13,3,13,16
51102,"CAIZA ""D""",estado nutricional en menores de 5 anos,clasificacion c,2002-02-01,65,294,65,294,359
21003,CAJUATA,estado nutricional en menores de 5 anos,clasificacion c,2002-02-01,38,12,38,12,50
20303,CALACOTO,estado nutricional en menores de 5 anos,clasificacion c,2002-02-01,13,11,13,11,24
21304,CALAMARCA,estado nutricional en menores de 5 anos,clasificacion c,2002-02-01,34,7,34,7,41
10701,CAMARGO,estado nutricional en menores de 5 anos,clasificacion c,2002-02-01,6,122,6,122,128
10901,CAMATAQUI (C. VILLA ABECIA),estado nutricional en menores de 5 anos,clasificacion c,2002-02-01,1,39,1,39,40
70706,CAMIRI,estado nutricional en menores de 5 anos,clasificacion c,2002-02-01,154,246,154,246,400
30701,CAPINOTA,estado nutricional en menores de 5 anos,clasificacion c,2002-02-01,34,15,34,15,49
20302,CAQUIAVIRI,estado nutricional en menores de 5 anos,clasificacion c,2002-02-01,30,33,30,33,63
40102,CARACOLLO,estado nutricional en menores de 5 anos,clasificacion c,2002-02-01,118,170,118,170,288
22001,CARANAVI,estado nutricional en menores de 5 anos,clasificacion c,2002-02-01,249,356,249,356,605
60302,CARAPARI,estado nutricional en menores de 5 anos,clasificacion c,2002-02-01,55,91,55,91,146
50702,CARIPUYO,estado nutricional en menores de 5 anos,clasificacion c,2002-02-01,14,73,14,73,87
21902,CATACORA,estado nutricional en menores de 5 anos,clasificacion c,2002-02-01,5,1,5,1,6
40201,CHALLAPATA,estado nutricional en menores de 5 anos,clasificacion c,2002-02-01,47,34,47,34,81
50302,CHAQUI,estado nutricional en menores de 5 anos,clasificacion c,2002-02-01,19,65,19,65,84
70702,CHARAGUA,estado nutricional en menores de 5 anos,clasificacion c,2002-02-01,44,567,44,567,611
20305,CHARAÃ‘A,estado nutricional en menores de 5 anos,clasificacion c,2002-02-01,8,12,8,12,20
31204,CHIMORE,estado nutricional en menores de 5 anos,clasificacion c,2002-02-01,39,21,39,21,60
40903,CHIPAYA,estado nutricional en menores de 5 anos,clasificacion c,2002-02-01,1,2,1,2,3
40302,CHOQUE COTA,estado nutricional en menores de 5 anos,clasificacion c,2002-02-01,3,12,3,12,15
21101,CHULUMANI (V. DE LA LIBERTAD),estado nutricional en menores de 5 anos,clasificacion c,2002-02-01,51,32,51,32,83
20501,CHUMA,estado nutricional en menores de 5 anos,clasificacion c,2002-02-01,4,4,4,4,8
30801,CLIZA,estado nutricional en menores de 5 anos,clasificacion c,2002-02-01,20,75,20,75,95
90101,COBIJA,estado nutricional en menores de 5 anos,clasificacion c,2002-02-01,103,46,103,46,149
30101,COCHABAMBA,estado nutricional en menores de 5 anos,clasificacion c,2002-02-01,812,844,812,844,1656
40902,COIPASA,estado nutricional en menores de 5 anos,clasificacion c,2002-02-01,2,3,2,3,5
30905,COLCAPIRHUA,estado nutricional en menores de 5 anos,clasificacion c,2002-02-01,150,141,150,141,291
50901,"COLCHA ""K""",estado nutricional en menores de 5 anos,clasificacion c,2002-02-01,10,92,10,92,102
21307,COLLANA,estado nutricional en menores de 5 anos,clasificacion c,2002-02-01,12,0,12,0,12
31002,COLOMI,estado nutricional en menores de 5 anos,clasificacion c,2002-02-01,130,126,130,126,256
50401,COLQUECHACA,estado nutricional en menores de 5 anos,clasificacion c,2002-02-01,75,104,75,104,179
21306,COLQUENCHA,estado nutricional en menores de 5 anos,clasificacion c,2002-02-01,32,11,32,11,43
21004,COLQUIRI,estado nutricional en menores de 5 anos,clasificacion c,2002-02-01,74,50,74,50,124
20304,COMANCHE,estado nutricional en menores de 5 anos,clasificacion c,2002-02-01,2,12,2,12,14
71301,COMARAPA,estado nutricional en menores de 5 anos,clasificacion c,2002-02-01,30,132,30,132,162
20605,COMBAYA,estado nutricional en menores de 5 anos,clasificacion c,2002-02-01,0,56,0,56,56
71101,CONCEPCION,estado nutricional en menores de 5 anos,clasificacion c,2002-02-01,4,119,4,119,123
21701,COPACABANA,estado nutricional en menores de 5 anos,clasificacion c,2002-02-01,47,189,47,189,236
21402,CORIPATA,estado nutricional en menores de 5 anos,clasificacion c,2002-02-01,21,16,21,16,37
20301,CORO CORO,estado nutricional en menores de 5 anos,clasificacion c,2002-02-01,35,26,35,26,61
21401,COROICO,estado nutricional en menores de 5 anos,clasificacion c,2002-02-01,90,25,90,25,115
40301,CORQUE,estado nutricional en menores de 5 anos,clasificacion c,2002-02-01,30,26,30,26,56
50601,COTAGAITA,estado nutricional en menores de 5 anos,clasificacion c,2002-02-01,61,196,61,196,257
70102,COTOCA,estado nutricional en menores de 5 anos,clasificacion c,2002-02-01,95,177,95,177,272
31405,CUCHUMUELA (V. G. VILLARROEL),estado nutricional en menores de 5 anos,clasificacion c,2002-02-01,3,10,3,10,13
70704,CUEVO,estado nutricional en menores de 5 anos,clasificacion c,2002-02-01,63,78,63,78,141
10902,CULPINA,estado nutricional en menores de 5 anos,clasificacion c,2002-02-01,32,418,32,418,450
40401,CURAHUARA DE CARANGAS,estado nutricional en menores de 5 anos,clasificacion c,2002-02-01,32,20,32,20,52
21602,CURVA,estado nutricional en menores de 5 anos,clasificacion c,2002-02-01,17,3,17,3,20
20804,DESAGUADERO,estado nutricional en menores de 5 anos,clasificacion c,2002-02-01,5,61,5,61,66
20105,EL ALTO,estado nutricional en menores de 5 anos,clasificacion c,2002-02-01,2873,1940,2873,1940,4813
40103,EL CHORO,estado nutricional en menores de 5 anos,clasificacion c,2002-02-01,4,11,4,11,15
71503,EL PUENTE(STC),estado nutricional en menores de 5 anos,clasificacion c,2002-02-01,43,221,43,221,264
60502,EL PUENTE(TJA),estado nutricional en menores de 5 anos,clasificacion c,2002-02-01,39,104,39,104,143
70105,EL TORNO,estado nutricional en menores de 5 anos,clasificacion c,2002-02-01,213,103,213,103,316
10405,EL VILLAR,estado nutricional en menores de 5 anos,clasificacion c,2002-02-01,65,95,65,95,160
60601,ENTRE RIOS,estado nutricional en menores de 5 anos,clasificacion c,2002-02-01,87,128,87,128,215
41101,EUCALIPTUS,estado nutricional en menores de 5 anos,clasificacion c,2002-02-01,8,83,8,83,91
90503,EUREKA (SANTOS MERCADO),estado nutricional en menores de 5 anos,clasificacion c,2002-02-01,0,3,0,3,3
80402,EXALTACION,estado nutricional en menores de 5 anos,clasificacion c,2002-02-01,7,47,7,47,54
90203,FILADELFIA,estado nutricional en menores de 5 anos,clasificacion c,2002-02-01,4,17,4,17,21
71002,GENERAL SAAVEDRA,estado nutricional en menores de 5 anos,clasificacion c,2002-02-01,52,422,52,422,474
21601,GRAL. J.J. PEREZ (CHARAZANI),estado nutricional en menores de 5 anos,clasificacion c,2002-02-01,26,22,26,22,48
20602,GUANAY,estado nutricional en menores de 5 anos,clasificacion c,2002-02-01,31,250,31,250,281
20802,GUAQUI,estado nutricional en menores de 5 anos,clasificacion c,2002-02-01,4,34,4,34,38
80202,GUAYARAMERIN,estado nutricional en menores de 5 anos,clasificacion c,2002-02-01,167,87,167,87,254
70705,GUTIERREZ,estado nutricional en menores de 5 anos,clasificacion c,2002-02-01,83,387,83,387,470
10502,HUACARETA,estado nutricional en menores de 5 anos,clasificacion c,2002-02-01,161,293,161,293,454
11002,HUACAYA (VILLA DE HUACAYA),estado nutricional en menores de 5 anos,clasificacion c,2002-02-01,28,37,28,37,65
40501,HUACHACALLA,estado nutricional en menores de 5 anos,clasificacion c,2002-02-01,4,29,4,29,33
80803,HUARACAJE,estado nutricional en menores de 5 anos,clasificacion c,2002-02-01,38,35,38,35,73
41601,HUAYLLAMARCA,estado nutricional en menores de 5 anos,clasificacion c,2002-02-01,30,13,30,13,43
21005,ICHOCA,estado nutricional en menores de 5 anos,clasificacion c,2002-02-01,18,62,18,62,80
10304,ICLA,estado nutricional en menores de 5 anos,clasificacion c,2002-02-01,111,168,111,168,279
10703,INCAHUASI,estado nutricional en menores de 5 anos,clasificacion c,2002-02-01,22,316,22,316,338
21001,INQUISIVI,estado nutricional en menores de 5 anos,clasificacion c,2002-02-01,18,75,18,75,93
21102,IRUPANA (VILLA DE LANZA),estado nutricional en menores de 5 anos,clasificacion c,2002-02-01,42,161,42,161,203
21501,IXIAMAS,estado nutricional en menores de 5 anos,clasificacion c,2002-02-01,47,61,47,61,108
21105,LA ASUNTA,estado nutricional en menores de 5 anos,clasificacion c,2002-02-01,51,159,51,159,210
70104,LA GUARDIA,estado nutricional en menores de 5 anos,clasificacion c,2002-02-01,333,180,333,180,513
20101,LA PAZ,estado nutricional en menores de 5 anos,clasificacion c,2002-02-01,2535,2312,2535,2312,4847
41501,LA RIVERA,estado nutricional en menores de 5 anos,clasificacion c,2002-02-01,2,2,2,2,4
70701,LAGUNILLAS,estado nutricional en menores de 5 anos,clasificacion c,2002-02-01,25,67,25,67,92
21202,LAJA,estado nutricional en menores de 5 anos,clasificacion c,2002-02-01,3,84,3,84,87
10903,LAS CARRERAS,estado nutricional en menores de 5 anos,clasificacion c,2002-02-01,7,74,7,74,81
51401,LLICA,estado nutricional en menores de 5 anos,clasificacion c,2002-02-01,4,38,4,38,42
80601,LORETO,estado nutricional en menores de 5 anos,clasificacion c,2002-02-01,3,46,3,46,49
20901,LURIBAY,estado nutricional en menores de 5 anos,clasificacion c,2002-02-01,6,86,6,86,92
40702,MACHACAMARCA,estado nutricional en menores de 5 anos,clasificacion c,2002-02-01,28,8,28,8,36
11003,MACHARETI,estado nutricional en menores de 5 anos,clasificacion c,2002-02-01,133,135,133,135,268
80801,MAGDALENA,estado nutricional en menores de 5 anos,clasificacion c,2002-02-01,29,23,29,23,52
70903,MAIRANA,estado nutricional en menores de 5 anos,clasificacion c,2002-02-01,92,49,92,49,141
20103,MECAPACA,estado nutricional en menores de 5 anos,clasificacion c,2002-02-01,59,111,59,111,170
71003,MINEROS,estado nutricional en menores de 5 anos,clasificacion c,2002-02-01,287,380,287,380,667
31301,MIZQUE,estado nutricional en menores de 5 anos,clasificacion c,2002-02-01,25,106,25,106,131
20402,MOCOMOCO,estado nutricional en menores de 5 anos,clasificacion c,2002-02-01,75,128,75,128,203
51002,MOJINETE,estado nutricional en menores de 5 anos,clasificacion c,2002-02-01,0,5,0,5,5
10303,MOJOCOYA,estado nutricional en menores de 5 anos,clasificacion c,2002-02-01,221,278,221,278,499
10501,MONTEAGUDO,estado nutricional en menores de 5 anos,clasificacion c,2002-02-01,374,370,374,370,744
71001,MONTERO,estado nutricional en menores de 5 anos,clasificacion c,2002-02-01,67,1208,67,1208,1275
70803,MORO MORO,estado nutricional en menores de 5 anos,clasificacion c,2002-02-01,16,8,16,8,24
30302,MOROCHATA,estado nutricional en menores de 5 anos,clasificacion c,2002-02-01,45,56,45,56,101
90401,NACEBE (SANTA ROSA DEL ABUNA),estado nutricional en menores de 5 anos,clasificacion c,2002-02-01,0,12,0,12,12
20307,NAZACARA DE PACAJES,estado nutricional en menores de 5 anos,clasificacion c,2002-02-01,6,1,6,1,7
50404,OCURI,estado nutricional en menores de 5 anos,clasificacion c,2002-02-01,60,71,60,71,131
70202,OKINAWA,estado nutricional en menores de 5 anos,clasificacion c,2002-02-01,39,56,39,56,95
30203,OMEREQUE,estado nutricional en menores de 5 anos,clasificacion c,2002-02-01,13,47,13,47,60
40101,ORURO,estado nutricional en menores de 5 anos,clasificacion c,2002-02-01,273,1313,273,1313,1586
60201,PADCAYA,estado nutricional en menores de 5 anos,clasificacion c,2002-02-01,85,110,85,110,195
10401,PADILLA,estado nutricional en menores de 5 anos,clasificacion c,2002-02-01,260,395,260,395,655
70502,PAILON,estado nutricional en menores de 5 anos,clasificacion c,2002-02-01,10,162,10,162,172
20102,PALCA,estado nutricional en menores de 5 anos,clasificacion c,2002-02-01,112,55,112,55,167
21104,PALOS BLANCOS,estado nutricional en menores de 5 anos,clasificacion c,2002-02-01,184,133,184,133,317
40802,PAMPA AULLAGAS,estado nutricional en menores de 5 anos,clasificacion c,2002-02-01,23,9,23,9,32
70902,PAMPA GRANDE,estado nutricional en menores de 5 anos,clasificacion c,2002-02-01,36,47,36,47,83
21802,PAPEL PAMPA,estado nutricional en menores de 5 anos,clasificacion c,2002-02-01,9,27,9,27,36
30202,PASORAPA,estado nutricional en menores de 5 anos,clasificacion c,2002-02-01,28,29,28,29,57
21305,PATACAMAYA,estado nutricional en menores de 5 anos,clasificacion c,2002-02-01,52,12,52,12,64
40602,PAZÃ‘A,estado nutricional en menores de 5 anos,clasificacion c,2002-02-01,4,54,4,54,58
20702,PELECHUCO,estado nutricional en menores de 5 anos,clasificacion c,2002-02-01,14,12,14,12,26
50403,POCOATA,estado nutricional en menores de 5 anos,clasificacion c,2002-02-01,97,180,97,180,277
31203,POCONA,estado nutricional en menores de 5 anos,clasificacion c,2002-02-01,35,67,35,67,102
31202,POJO (CBBA),estado nutricional en menores de 5 anos,clasificacion c,2002-02-01,139,260,139,260,399
40601,POOPO,estado nutricional en menores de 5 anos,clasificacion c,2002-02-01,2,27,2,27,29
51203,PORCO,estado nutricional en menores de 5 anos,clasificacion c,2002-02-01,57,57,57,57,114
10103,POROMA,estado nutricional en menores de 5 anos,clasificacion c,2002-02-01,174,146,174,146,320
70103,PORONGO,estado nutricional en menores de 5 anos,clasificacion c,2002-02-01,97,44,97,44,141
70601,PORTACHUELO,estado nutricional en menores de 5 anos,clasificacion c,2002-02-01,129,68,129,68,197
90102,PORVENIR,estado nutricional en menores de 5 anos,clasificacion c,2002-02-01,1,8,1,8,9
50101,POTOSI,estado nutricional en menores de 5 anos,clasificacion c,2002-02-01,415,352,415,352,767
10302,PRESTO,estado nutricional en menores de 5 anos,clasificacion c,2002-02-01,147,120,147,120,267
70805,PUCARA,estado nutricional en menores de 5 anos,clasificacion c,2002-02-01,3,3,3,3,6
21201,PUCARANI,estado nutricional en menores de 5 anos,clasificacion c,2002-02-01,10,125,10,125,135
20401,PUERTO ACOSTA,estado nutricional en menores de 5 anos,clasificacion c,2002-02-01,67,85,67,85,152
20403,PUERTO CARABUCO,estado nutricional en menores de 5 anos,clasificacion c,2002-02-01,74,157,74,157,231
90301,PUERTO GONZALO MORENO,estado nutricional en menores de 5 anos,clasificacion c,2002-02-01,1,20,1,20,21
21204,PUERTO PEREZ,estado nutricional en menores de 5 anos,clasificacion c,2002-02-01,4,38,4,38,42
71402,PUERTO QUIJARRO,estado nutricional en menores de 5 anos,clasificacion c,2002-02-01,143,57,143,57,200
90201,PUERTO RICO,estado nutricional en menores de 5 anos,clasificacion c,2002-02-01,0,16,0,16,16
80703,PUERTO SILES,estado nutricional en menores de 5 anos,clasificacion c,2002-02-01,0,5,0,5,5
71401,PUERTO SUAREZ,estado nutricional en menores de 5 anos,clasificacion c,2002-02-01,121,21,121,21,142
31205,PUERTO VILLARROEL,estado nutricional en menores de 5 anos,clasificacion c,2002-02-01,214,154,214,154,368
51101,PUNA,estado nutricional en menores de 5 anos,clasificacion c,2002-02-01,22,211,22,211,233
31401,PUNATA,estado nutricional en menores de 5 anos,clasificacion c,2002-02-01,2,27,2,27,29
20604,QUIABAYA,estado nutricional en menores de 5 anos,clasificacion c,2002-02-01,3,79,3,79,82
30901,QUILLACOLLO,estado nutricional en menores de 5 anos,clasificacion c,2002-02-01,4,23,4,23,27
21002,QUIME,estado nutricional en menores de 5 anos,clasificacion c,2002-02-01,45,96,45,96,141
70904,QUIRUSILLAS,estado nutricional en menores de 5 anos,clasificacion c,2002-02-01,11,8,11,8,19
50402,RAVELO,estado nutricional en menores de 5 anos,clasificacion c,2002-02-01,122,162,122,162,284
80301,REYES,estado nutricional en menores de 5 anos,clasificacion c,2002-02-01,45,30,45,30,75
80201,RIBERALTA,estado nutricional en menores de 5 anos,clasificacion c,2002-02-01,276,169,276,169,445
70503,ROBORE,estado nutricional en menores de 5 anos,clasificacion c,2002-02-01,19,148,19,148,167
80304,RURRENABAQUE,estado nutricional en menores de 5 anos,clasificacion c,2002-02-01,66,54,66,54,120
40901,SABAYA,estado nutricional en menores de 5 anos,clasificacion c,2002-02-01,1,20,1,20,21
31001,SACABA,estado nutricional en menores de 5 anos,clasificacion c,2002-02-01,155,29,155,29,184
30404,SACABAMBA,estado nutricional en menores de 5 anos,clasificacion c,2002-02-01,6,47,6,47,53
50701,SACACA,estado nutricional en menores de 5 anos,clasificacion c,2002-02-01,66,213,66,213,279
71302,SAIPINA,estado nutricional en menores de 5 anos,clasificacion c,2002-02-01,24,18,24,18,42
40801,SALINAS DE GARCI MENDOZA,estado nutricional en menores de 5 anos,clasificacion c,2002-02-01,25,24,25,24,49
70901,SAMAIPATA,estado nutricional en menores de 5 anos,clasificacion c,2002-02-01,82,26,82,26,108
51601,SAN AGUSTIN,estado nutricional en menores de 5 anos,clasificacion c,2002-02-01,5,37,5,37,42
51003,SAN ANTONIO DE ESMORUCO,estado nutricional en menores de 5 anos,clasificacion c,2002-02-01,3,32,3,32,35
71105,SAN ANTONIO DE LOMERIO,estado nutricional en menores de 5 anos,clasificacion c,2002-02-01,88,143,88,143,231
31403,SAN BENITO,estado nutricional en menores de 5 anos,clasificacion c,2002-02-01,11,242,11,242,253
80302,SAN BORJA,estado nutricional en menores de 5 anos,clasificacion c,2002-02-01,204,140,204,140,344
21502,SAN BUENA VENTURA,estado nutricional en menores de 5 anos,clasificacion c,2002-02-01,78,70,78,70,148
70402,SAN CARLOS,estado nutricional en menores de 5 anos,clasificacion c,2002-02-01,10,43,10,43,53
80501,SAN IGNACIO,estado nutricional en menores de 5 anos,clasificacion c,2002-02-01,39,259,39,259,298
70301,SAN IGNACIO DE VELASCO,estado nutricional en menores de 5 anos,clasificacion c,2002-02-01,526,377,526,377,903
80102,SAN JAVIER(BNI),estado nutricional en menores de 5 anos,clasificacion c,2002-02-01,16,26,16,26,42
71102,SAN JAVIER(STC),estado nutricional en menores de 5 anos,clasificacion c,2002-02-01,19,238,19,238,257
80701,SAN JOAQUIN,estado nutricional en menores de 5 anos,clasificacion c,2002-02-01,1,24,1,24,25
70501,SAN JOSE DE CHIQUITOS,estado nutricional en menores de 5 anos,clasificacion c,2002-02-01,73,80,73,80,153
71104,SAN JULIAN,estado nutricional en menores de 5 anos,clasificacion c,2002-02-01,381,505,381,505,886
90302,SAN LORENZO(PND),estado nutricional en menores de 5 anos,clasificacion c,2002-02-01,17,9,17,9,26
60501,SAN LORENZO(TJA),estado nutricional en menores de 5 anos,clasificacion c,2002-02-01,27,16,27,16,43
10702,SAN LUCAS,estado nutricional en menores de 5 anos,clasificacion c,2002-02-01,59,783,59,783,842
71201,SAN MATIAS,estado nutricional en menores de 5 anos,clasificacion c,2002-02-01,140,107,140,107,247
70302,SAN MIGUEL DE VELASCO,estado nutricional en menores de 5 anos,clasificacion c,2002-02-01,60,157,60,157,217
51001,SAN PABLO DE LIPEZ,estado nutricional en menores de 5 anos,clasificacion c,2002-02-01,5,33,5,33,38
50501,SAN PEDRO DE BUENA VISTA,estado nutricional en menores de 5 anos,clasificacion c,2002-02-01,12,168,12,168,180
21801,SAN PEDRO DE CURAHUARA,estado nutricional en menores de 5 anos,clasificacion c,2002-02-01,14,29,14,29,43
50902,SAN PEDRO DE QUEMES,estado nutricional en menores de 5 anos,clasificacion c,2002-02-01,1,9,1,9,10
21702,SAN PEDRO DE TIQUINA,estado nutricional en menores de 5 anos,clasificacion c,2002-02-01,4,78,4,78,82
90202,SAN PEDRO(PND),estado nutricional en menores de 5 anos,clasificacion c,2002-02-01,6,4,6,4,10
70303,SAN RAFAEL,estado nutricional en menores de 5 anos,clasificacion c,2002-02-01,101,79,101,79,180
80702,SAN RAMON,estado nutricional en menores de 5 anos,clasificacion c,2002-02-01,100,87,100,87,187
80702,SAN RAMON,estado nutricional en menores de 5 anos,clasificacion c,2002-02-01,56,46,56,46,102
80401,SANTA ANA,estado nutricional en menores de 5 anos,clasificacion c,2002-02-01,45,42,45,42,87
70101,SANTA CRUZ DE LA SIERRA,estado nutricional en menores de 5 anos,clasificacion c,2002-02-01,1709,1774,1709,1774,3483
80303,SANTA ROSA,estado nutricional en menores de 5 anos,clasificacion c,2002-02-01,53,25,53,25,78
70602,SANTA ROSA DEL SARA,estado nutricional en menores de 5 anos,clasificacion c,2002-02-01,25,73,25,73,98
20308,SANTIAGO DE CALLAPA,estado nutricional en menores de 5 anos,clasificacion c,2002-02-01,0,20,0,20,20
41401,SANTIAGO DE HUARI,estado nutricional en menores de 5 anos,clasificacion c,2002-02-01,16,9,16,9,25
21901,SANTIAGO DE MACHACA,estado nutricional en menores de 5 anos,clasificacion c,2002-02-01,13,3,13,3,16
30702,SANTIVAÃ‘ES,estado nutricional en menores de 5 anos,clasificacion c,2002-02-01,88,133,88,133,221
40202,SANTUARIO DE QUILLACAS,estado nutricional en menores de 5 anos,clasificacion c,2002-02-01,8,15,8,15,23
20902,SAPAHAQUI,estado nutricional en menores de 5 anos,clasificacion c,2002-02-01,1,31,1,31,32
21301,SICA SICA (VILLA AROMA),estado nutricional en menores de 5 anos,clasificacion c,2002-02-01,80,10,80,10,90
30703,SICAYA,estado nutricional en menores de 5 anos,clasificacion c,2002-02-01,1,26,1,26,27
30902,SIPE SIPE,estado nutricional en menores de 5 anos,clasificacion c,2002-02-01,186,121,186,121,307
10403,SOPACHUY,estado nutricional en menores de 5 anos,clasificacion c,2002-02-01,71,27,71,27,98
20601,SORATA,estado nutricional en menores de 5 anos,clasificacion c,2002-02-01,92,238,92,238,330
10101,SUCRE,estado nutricional en menores de 5 anos,clasificacion c,2002-02-01,308,2141,308,2141,2449
31404,TACACHI,estado nutricional en menores de 5 anos,clasificacion c,2002-02-01,2,29,2,29,31
20603,TACACOMA,estado nutricional en menores de 5 anos,clasificacion c,2002-02-01,40,50,40,50,90
50303,TACOBAMBA,estado nutricional en menores de 5 anos,clasificacion c,2002-02-01,36,127,36,127,163
30602,TACOPAYA,estado nutricional en menores de 5 anos,clasificacion c,2002-02-01,3,7,3,7,10
51402,TAHUA,estado nutricional en menores de 5 anos,clasificacion c,2002-02-01,2,16,2,16,18
31101,TAPACARI,estado nutricional en menores de 5 anos,clasificacion c,2002-02-01,8,122,8,122,130
10601,TARABUCO,estado nutricional en menores de 5 anos,clasificacion c,2002-02-01,75,921,75,921,996
30401,TARATA,estado nutricional en menores de 5 anos,clasificacion c,2002-02-01,8,60,8,60,68
60101,TARIJA,estado nutricional en menores de 5 anos,clasificacion c,2002-02-01,273,593,273,593,866
10202,TARVITA,estado nutricional en menores de 5 anos,clasificacion c,2002-02-01,227,164,227,164,391
20803,TIAWANACU,estado nutricional en menores de 5 anos,clasificacion c,2002-02-01,52,42,52,42,94
50102,TINGUIPAYA,estado nutricional en menores de 5 anos,clasificacion c,2002-02-01,16,81,16,81,97
20606,TIPUANI,estado nutricional en menores de 5 anos,clasificacion c,2002-02-01,44,9,44,9,53
30903,TIQUIPAYA,estado nutricional en menores de 5 anos,clasificacion c,2002-02-01,4,52,4,52,56
31601,TIRAQUE (CBBA),estado nutricional en menores de 5 anos,clasificacion c,2002-02-01,126,211,126,211,337
21703,TITO YUPANQUI (PARQUIPUJIO),estado nutricional en menores de 5 anos,clasificacion c,2002-02-01,1,29,1,29,30
30802,TOCO,estado nutricional en menores de 5 anos,clasificacion c,2002-02-01,0,5,0,5,5
30803,TOLATA,estado nutricional en menores de 5 anos,clasificacion c,2002-02-01,1,14,1,14,15
41001,TOLEDO,estado nutricional en menores de 5 anos,clasificacion c,2002-02-01,25,19,25,19,44
51202,TOMAVE,estado nutricional en menores de 5 anos,clasificacion c,2002-02-01,12,161,12,161,173
10402,TOMINA,estado nutricional en menores de 5 anos,clasificacion c,2002-02-01,183,221,183,221,404
50502,TORO TORO,estado nutricional en menores de 5 anos,clasificacion c,2002-02-01,15,44,15,44,59
31201,TOTORA(CBBA),estado nutricional en menores de 5 anos,clasificacion c,2002-02-01,72,57,72,57,129
41301,TOTORA(ORR),estado nutricional en menores de 5 anos,clasificacion c,2002-02-01,6,75,6,75,81
70802,TRIGAL,estado nutricional en menores de 5 anos,clasificacion c,2002-02-01,20,8,20,8,28
80101,TRINIDAD,estado nutricional en menores de 5 anos,clasificacion c,2002-02-01,1,0,1,0,1
50801,TUPIZA,estado nutricional en menores de 5 anos,clasificacion c,2002-02-01,60,467,60,467,527
40402,TURCO,estado nutricional en menores de 5 anos,clasificacion c,2002-02-01,20,25,20,25,45
21302,UMALA,estado nutricional en menores de 5 anos,clasificacion c,2002-02-01,17,1,17,1,18
60401,URIONDO (A. CONCEPCION),estado nutricional en menores de 5 anos,clasificacion c,2002-02-01,38,91,38,91,129
71502,URUBICHA,estado nutricional en menores de 5 anos,clasificacion c,2002-02-01,171,570,171,570,741
51201,UYUNI,estado nutricional en menores de 5 anos,clasificacion c,2002-02-01,4,168,4,168,172
30502,VACAS,estado nutricional en menores de 5 anos,clasificacion c,2002-02-01,8,56,8,56,64
70801,VALLEGRANDE,estado nutricional en menores de 5 anos,clasificacion c,2002-02-01,115,104,115,104,219
20801,VIACHA,estado nutricional en menores de 5 anos,clasificacion c,2002-02-01,58,250,58,250,308
31302,VILA VILA,estado nutricional en menores de 5 anos,clasificacion c,2002-02-01,8,48,8,48,56
60303,VILLA MONTES,estado nutricional en menores de 5 anos,clasificacion c,2002-02-01,138,116,138,116,254
90502,VILLA NUEVA (LOMA ALTA),estado nutricional en menores de 5 anos,clasificacion c,2002-02-01,3,0,3,0,3
31402,VILLA RIVERO,estado nutricional en menores de 5 anos,clasificacion c,2002-02-01,1,12,1,12,13
10801,VILLA SERRANO,estado nutricional en menores de 5 anos,clasificacion c,2002-02-01,186,298,186,298,484
31003,VILLA TUNARI,estado nutricional en menores de 5 anos,clasificacion c,2002-02-01,196,161,196,161,357
11001,VILLA VACA GUZMAN (MUYUPAMPA),estado nutricional en menores de 5 anos,clasificacion c,2002-02-01,138,362,138,362,500
51501,VILLAZON,estado nutricional en menores de 5 anos,clasificacion c,2002-02-01,34,486,34,486,520
30904,VINTO,estado nutricional en menores de 5 anos,clasificacion c,2002-02-01,78,58,78,58,136
50602,VITICHI,estado nutricional en menores de 5 anos,clasificacion c,2002-02-01,62,171,62,171,233
20306,WALDO BALLIVIAN,estado nutricional en menores de 5 anos,clasificacion c,2002-02-01,4,15,4,15,19
70201,WARNES,estado nutricional en menores de 5 anos,clasificacion c,2002-02-01,204,265,204,265,469
20903,YACO,estado nutricional en menores de 5 anos,clasificacion c,2002-02-01,5,37,5,37,42
60301,YACUIBA,estado nutricional en menores de 5 anos,clasificacion c,2002-02-01,274,91,274,91,365
10602,YAMPARAEZ,estado nutricional en menores de 5 anos,clasificacion c,2002-02-01,293,359,293,359,652
21103,YANACACHI,estado nutricional en menores de 5 anos,clasificacion c,2002-02-01,43,13,43,13,56
70403,YAPACANI,estado nutricional en menores de 5 anos,clasificacion c,2002-02-01,212,345,212,345,557
50103,YOCALLA,estado nutricional en menores de 5 anos,clasificacion c,2002-02-01,13,136,13,136,149
10102,YOTALA,estado nutricional en menores de 5 anos,clasificacion c,2002-02-01,199,285,199,285,484
60402,YUNCHARA,estado nutricional en menores de 5 anos,clasificacion c,2002-02-01,23,20,23,20,43
10301,ZUDAÃ‘EZ,estado nutricional en menores de 5 anos,clasificacion c,2002-02-01,132,172,132,172,304
51302,ACACIO,estado nutricional en menores de 5 anos,clasificacion c,2002-03-01,32,187,32,187,219
20201,ACHACACHI,estado nutricional en menores de 5 anos,clasificacion c,2002-03-01,358,835,358,835,1193
20104,ACHOCALLA,estado nutricional en menores de 5 anos,clasificacion c,2002-03-01,55,51,55,51,106
30201,AIQUILE,estado nutricional en menores de 5 anos,clasificacion c,2002-03-01,13,9,13,9,22
31303,ALALAY,estado nutricional en menores de 5 anos,clasificacion c,2002-03-01,15,16,15,16,31
10404,ALCALA,estado nutricional en menores de 5 anos,clasificacion c,2002-03-01,81,90,81,90,171
20202,ANCORAIMES,estado nutricional en menores de 5 anos,clasificacion c,2002-03-01,175,229,175,229,404
41201,ANDAMARCA,estado nutricional en menores de 5 anos,clasificacion c,2002-03-01,41,31,41,31,72
40603,ANTEQUERA,estado nutricional en menores de 5 anos,clasificacion c,2002-03-01,0,26,0,26,26
30402,ANZALDO,estado nutricional en menores de 5 anos,clasificacion c,2002-03-01,8,109,8,109,117
20701,APOLO,estado nutricional en menores de 5 anos,clasificacion c,2002-03-01,65,47,65,47,112
51301,ARAMPAMPA,estado nutricional en menores de 5 anos,clasificacion c,2002-03-01,15,63,15,63,78
30501,ARANI,estado nutricional en menores de 5 anos,clasificacion c,2002-03-01,20,114,20,114,134
30403,ARBIETO,estado nutricional en menores de 5 anos,clasificacion c,2002-03-01,5,43,5,43,48
30601,ARQUE,estado nutricional en menores de 5 anos,clasificacion c,2002-03-01,79,114,79,114,193
71501,ASCENCION DE GUARAYOS,estado nutricional en menores de 5 anos,clasificacion c,2002-03-01,0,19,0,19,19
50802,ATOCHA,estado nutricional en menores de 5 anos,clasificacion c,2002-03-01,10,138,10,138,148
20503,AUCAPATA,estado nutricional en menores de 5 anos,clasificacion c,2002-03-01,2,3,2,3,5
20502,AYATA,estado nutricional en menores de 5 anos,clasificacion c,2002-03-01,5,12,5,12,17
21303,AYO AYO,estado nutricional en menores de 5 anos,clasificacion c,2002-03-01,63,7,63,7,70
30301,AYOPAYA (V. DE INDEPENDENCIA),estado nutricional en menores de 5 anos,clasificacion c,2002-03-01,179,182,179,182,361
10201,AZURDUY,estado nutricional en menores de 5 anos,clasificacion c,2002-03-01,196,250,196,250,446
21203,BATALLAS,estado nutricional en menores de 5 anos,clasificacion c,2002-03-01,14,338,14,338,352
80802,BAURES,estado nutricional en menores de 5 anos,clasificacion c,2002-03-01,41,55,41,55,96
41202,BELEN DE ANDAMARCA,estado nutricional en menores de 5 anos,clasificacion c,2002-03-01,6,9,6,9,15
50104,BELEN DE URMIRI,estado nutricional en menores de 5 anos,clasificacion c,2002-03-01,1,23,1,23,24
90104,BELLA FLOR,estado nutricional en menores de 5 anos,clasificacion c,2002-03-01,50,87,50,87,137
60202,BERMEJO,estado nutricional en menores de 5 anos,clasificacion c,2002-03-01,13,78,13,78,91
50301,BETANZOS,estado nutricional en menores de 5 anos,clasificacion c,2002-03-01,235,605,235,605,840
31501,BOLIVAR,estado nutricional en menores de 5 anos,clasificacion c,2002-03-01,62,113,62,113,175
90103,BOLPEBRA,estado nutricional en menores de 5 anos,clasificacion c,2002-03-01,3,90,3,90,93
70707,BOYUIBE,estado nutricional en menores de 5 anos,clasificacion c,2002-03-01,9,90,9,90,99
70401,BUENA VISTA,estado nutricional en menores de 5 anos,clasificacion c,2002-03-01,167,114,167,114,281
70703,CABEZAS,estado nutricional en menores de 5 anos,clasificacion c,2002-03-01,19,230,19,230,249
20905,CAIROMA,estado nutricional en menores de 5 anos,clasificacion c,2002-03-01,0,72,0,72,72
51102,"CAIZA ""D""",estado nutricional en menores de 5 anos,clasificacion c,2002-03-01,98,287,98,287,385
21003,CAJUATA,estado nutricional en menores de 5 anos,clasificacion c,2002-03-01,36,20,36,20,56
20303,CALACOTO,estado nutricional en menores de 5 anos,clasificacion c,2002-03-01,17,11,17,11,28
21304,CALAMARCA,estado nutricional en menores de 5 anos,clasificacion c,2002-03-01,49,67,49,67,116
10701,CAMARGO,estado nutricional en menores de 5 anos,clasificacion c,2002-03-01,34,229,34,229,263
10901,CAMATAQUI (C. VILLA ABECIA),estado nutricional en menores de 5 anos,clasificacion c,2002-03-01,3,123,3,123,126
70706,CAMIRI,estado nutricional en menores de 5 anos,clasificacion c,2002-03-01,149,169,149,169,318
30701,CAPINOTA,estado nutricional en menores de 5 anos,clasificacion c,2002-03-01,132,238,132,238,370
20302,CAQUIAVIRI,estado nutricional en menores de 5 anos,clasificacion c,2002-03-01,58,55,58,55,113
40102,CARACOLLO,estado nutricional en menores de 5 anos,clasificacion c,2002-03-01,104,168,104,168,272
22001,CARANAVI,estado nutricional en menores de 5 anos,clasificacion c,2002-03-01,359,506,359,506,865
41503,CARANGAS,estado nutricional en menores de 5 anos,clasificacion c,2002-03-01,0,1,0,1,1
60302,CARAPARI,estado nutricional en menores de 5 anos,clasificacion c,2002-03-01,50,177,50,177,227
50702,CARIPUYO,estado nutricional en menores de 5 anos,clasificacion c,2002-03-01,30,161,30,161,191
21902,CATACORA,estado nutricional en menores de 5 anos,clasificacion c,2002-03-01,9,7,9,7,16
40201,CHALLAPATA,estado nutricional en menores de 5 anos,clasificacion c,2002-03-01,73,54,73,54,127
50302,CHAQUI,estado nutricional en menores de 5 anos,clasificacion c,2002-03-01,14,105,14,105,119
70702,CHARAGUA,estado nutricional en menores de 5 anos,clasificacion c,2002-03-01,39,480,39,480,519
20305,CHARAÃ‘A,estado nutricional en menores de 5 anos,clasificacion c,2002-03-01,0,15,0,15,15
31204,CHIMORE,estado nutricional en menores de 5 anos,clasificacion c,2002-03-01,37,14,37,14,51
40903,CHIPAYA,estado nutricional en menores de 5 anos,clasificacion c,2002-03-01,2,4,2,4,6
21101,CHULUMANI (V. DE LA LIBERTAD),estado nutricional en menores de 5 anos,clasificacion c,2002-03-01,53,51,53,51,104
20501,CHUMA,estado nutricional en menores de 5 anos,clasificacion c,2002-03-01,21,12,21,12,33
30801,CLIZA,estado nutricional en menores de 5 anos,clasificacion c,2002-03-01,25,89,25,89,114
90101,COBIJA,estado nutricional en menores de 5 anos,clasificacion c,2002-03-01,184,84,184,84,268
30101,COCHABAMBA,estado nutricional en menores de 5 anos,clasificacion c,2002-03-01,1037,969,1037,969,2006
40902,COIPASA,estado nutricional en menores de 5 anos,clasificacion c,2002-03-01,0,8,0,8,8
30905,COLCAPIRHUA,estado nutricional en menores de 5 anos,clasificacion c,2002-03-01,255,153,255,153,408
50901,"COLCHA ""K""",estado nutricional en menores de 5 anos,clasificacion c,2002-03-01,15,249,15,249,264
21307,COLLANA,estado nutricional en menores de 5 anos,clasificacion c,2002-03-01,7,0,7,0,7
31002,COLOMI,estado nutricional en menores de 5 anos,clasificacion c,2002-03-01,148,214,148,214,362
50401,COLQUECHACA,estado nutricional en menores de 5 anos,clasificacion c,2002-03-01,150,123,150,123,273
21306,COLQUENCHA,estado nutricional en menores de 5 anos,clasificacion c,2002-03-01,41,26,41,26,67
21004,COLQUIRI,estado nutricional en menores de 5 anos,clasificacion c,2002-03-01,73,51,73,51,124
20304,COMANCHE,estado nutricional en menores de 5 anos,clasificacion c,2002-03-01,10,21,10,21,31
71301,COMARAPA,estado nutricional en menores de 5 anos,clasificacion c,2002-03-01,58,169,58,169,227
20605,COMBAYA,estado nutricional en menores de 5 anos,clasificacion c,2002-03-01,27,40,27,40,67
71101,CONCEPCION,estado nutricional en menores de 5 anos,clasificacion c,2002-03-01,12,98,12,98,110
21701,COPACABANA,estado nutricional en menores de 5 anos,clasificacion c,2002-03-01,77,209,77,209,286
21402,CORIPATA,estado nutricional en menores de 5 anos,clasificacion c,2002-03-01,35,41,35,41,76
20301,CORO CORO,estado nutricional en menores de 5 anos,clasificacion c,2002-03-01,30,38,30,38,68
21401,COROICO,estado nutricional en menores de 5 anos,clasificacion c,2002-03-01,122,43,122,43,165
40301,CORQUE,estado nutricional en menores de 5 anos,clasificacion c,2002-03-01,34,55,34,55,89
50601,COTAGAITA,estado nutricional en menores de 5 anos,clasificacion c,2002-03-01,105,385,105,385,490
70102,COTOCA,estado nutricional en menores de 5 anos,clasificacion c,2002-03-01,201,101,201,101,302
31405,CUCHUMUELA (V. G. VILLARROEL),estado nutricional en menores de 5 anos,clasificacion c,2002-03-01,1,32,1,32,33
70704,CUEVO,estado nutricional en menores de 5 anos,clasificacion c,2002-03-01,57,37,57,37,94
10902,CULPINA,estado nutricional en menores de 5 anos,clasificacion c,2002-03-01,94,411,94,411,505
40401,CURAHUARA DE CARANGAS,estado nutricional en menores de 5 anos,clasificacion c,2002-03-01,31,21,31,21,52
21602,CURVA,estado nutricional en menores de 5 anos,clasificacion c,2002-03-01,29,4,29,4,33
20804,DESAGUADERO,estado nutricional en menores de 5 anos,clasificacion c,2002-03-01,8,68,8,68,76
20105,EL ALTO,estado nutricional en menores de 5 anos,clasificacion c,2002-03-01,3584,2199,3584,2199,5783
40103,EL CHORO,estado nutricional en menores de 5 anos,clasificacion c,2002-03-01,21,40,21,40,61
71503,EL PUENTE(STC),estado nutricional en menores de 5 anos,clasificacion c,2002-03-01,31,176,31,176,207
60502,EL PUENTE(TJA),estado nutricional en menores de 5 anos,clasificacion c,2002-03-01,23,65,23,65,88
70105,EL TORNO,estado nutricional en menores de 5 anos,clasificacion c,2002-03-01,267,169,267,169,436
10405,EL VILLAR,estado nutricional en menores de 5 anos,clasificacion c,2002-03-01,87,120,87,120,207
60601,ENTRE RIOS,estado nutricional en menores de 5 anos,clasificacion c,2002-03-01,107,191,107,191,298
40502,ESCARA,estado nutricional en menores de 5 anos,clasificacion c,2002-03-01,3,2,3,2,5
41101,EUCALIPTUS,estado nutricional en menores de 5 anos,clasificacion c,2002-03-01,5,67,5,67,72
80402,EXALTACION,estado nutricional en menores de 5 anos,clasificacion c,2002-03-01,9,30,9,30,39
90203,FILADELFIA,estado nutricional en menores de 5 anos,clasificacion c,2002-03-01,2,29,2,29,31
71002,GENERAL SAAVEDRA,estado nutricional en menores de 5 anos,clasificacion c,2002-03-01,109,344,109,344,453
21601,GRAL. J.J. PEREZ (CHARAZANI),estado nutricional en menores de 5 anos,clasificacion c,2002-03-01,44,46,44,46,90
20602,GUANAY,estado nutricional en menores de 5 anos,clasificacion c,2002-03-01,70,525,70,525,595
20802,GUAQUI,estado nutricional en menores de 5 anos,clasificacion c,2002-03-01,9,39,9,39,48
80202,GUAYARAMERIN,estado nutricional en menores de 5 anos,clasificacion c,2002-03-01,269,131,269,131,400
70705,GUTIERREZ,estado nutricional en menores de 5 anos,clasificacion c,2002-03-01,56,350,56,350,406
10502,HUACARETA,estado nutricional en menores de 5 anos,clasificacion c,2002-03-01,165,271,165,271,436
11002,HUACAYA (VILLA DE HUACAYA),estado nutricional en menores de 5 anos,clasificacion c,2002-03-01,35,56,35,56,91
40501,HUACHACALLA,estado nutricional en menores de 5 anos,clasificacion c,2002-03-01,5,20,5,20,25
40701,HUANUNI,estado nutricional en menores de 5 anos,clasificacion c,2002-03-01,11,2,11,2,13
80803,HUARACAJE,estado nutricional en menores de 5 anos,clasificacion c,2002-03-01,23,15,23,15,38
41601,HUAYLLAMARCA,estado nutricional en menores de 5 anos,clasificacion c,2002-03-01,37,14,37,14,51
21005,ICHOCA,estado nutricional en menores de 5 anos,clasificacion c,2002-03-01,8,29,8,29,37
10304,ICLA,estado nutricional en menores de 5 anos,clasificacion c,2002-03-01,157,311,157,311,468
10703,INCAHUASI,estado nutricional en menores de 5 anos,clasificacion c,2002-03-01,37,458,37,458,495
21001,INQUISIVI,estado nutricional en menores de 5 anos,clasificacion c,2002-03-01,24,118,24,118,142
21102,IRUPANA (VILLA DE LANZA),estado nutricional en menores de 5 anos,clasificacion c,2002-03-01,88,193,88,193,281
21501,IXIAMAS,estado nutricional en menores de 5 anos,clasificacion c,2002-03-01,84,88,84,88,172
21105,LA ASUNTA,estado nutricional en menores de 5 anos,clasificacion c,2002-03-01,88,166,88,166,254
70104,LA GUARDIA,estado nutricional en menores de 5 anos,clasificacion c,2002-03-01,450,177,450,177,627
20101,LA PAZ,estado nutricional en menores de 5 anos,clasificacion c,2002-03-01,3049,2648,3049,2648,5697
41501,LA RIVERA,estado nutricional en menores de 5 anos,clasificacion c,2002-03-01,1,2,1,2,3
70701,LAGUNILLAS,estado nutricional en menores de 5 anos,clasificacion c,2002-03-01,29,179,29,179,208
21202,LAJA,estado nutricional en menores de 5 anos,clasificacion c,2002-03-01,3,109,3,109,112
10903,LAS CARRERAS,estado nutricional en menores de 5 anos,clasificacion c,2002-03-01,35,131,35,131,166
21006,LICOMA PAMPA,estado nutricional en menores de 5 anos,clasificacion c,2002-03-01,7,29,7,29,36
51401,LLICA,estado nutricional en menores de 5 anos,clasificacion c,2002-03-01,12,82,12,82,94
80601,LORETO,estado nutricional en menores de 5 anos,clasificacion c,2002-03-01,17,54,17,54,71
20901,LURIBAY,estado nutricional en menores de 5 anos,clasificacion c,2002-03-01,5,136,5,136,141
40702,MACHACAMARCA,estado nutricional en menores de 5 anos,clasificacion c,2002-03-01,48,21,48,21,69
11003,MACHARETI,estado nutricional en menores de 5 anos,clasificacion c,2002-03-01,149,185,149,185,334
80801,MAGDALENA,estado nutricional en menores de 5 anos,clasificacion c,2002-03-01,12,36,12,36,48
70903,MAIRANA,estado nutricional en menores de 5 anos,clasificacion c,2002-03-01,82,65,82,65,147
20103,MECAPACA,estado nutricional en menores de 5 anos,clasificacion c,2002-03-01,79,102,79,102,181
71003,MINEROS,estado nutricional en menores de 5 anos,clasificacion c,2002-03-01,329,396,329,396,725
31301,MIZQUE,estado nutricional en menores de 5 anos,clasificacion c,2002-03-01,17,160,17,160,177
20402,MOCOMOCO,estado nutricional en menores de 5 anos,clasificacion c,2002-03-01,119,120,119,120,239
51002,MOJINETE,estado nutricional en menores de 5 anos,clasificacion c,2002-03-01,2,28,2,28,30
10303,MOJOCOYA,estado nutricional en menores de 5 anos,clasificacion c,2002-03-01,210,292,210,292,502
10501,MONTEAGUDO,estado nutricional en menores de 5 anos,clasificacion c,2002-03-01,450,427,450,427,877
71001,MONTERO,estado nutricional en menores de 5 anos,clasificacion c,2002-03-01,100,1669,100,1669,1769
70803,MORO MORO,estado nutricional en menores de 5 anos,clasificacion c,2002-03-01,35,29,35,29,64
30302,MOROCHATA,estado nutricional en menores de 5 anos,clasificacion c,2002-03-01,104,215,104,215,319
90401,NACEBE (SANTA ROSA DEL ABUNA),estado nutricional en menores de 5 anos,clasificacion c,2002-03-01,0,14,0,14,14
50404,OCURI,estado nutricional en menores de 5 anos,clasificacion c,2002-03-01,115,114,115,114,229
70202,OKINAWA,estado nutricional en menores de 5 anos,clasificacion c,2002-03-01,33,98,33,98,131
30203,OMEREQUE,estado nutricional en menores de 5 anos,clasificacion c,2002-03-01,5,27,5,27,32
40101,ORURO,estado nutricional en menores de 5 anos,clasificacion c,2002-03-01,1149,982,1149,982,2131
60201,PADCAYA,estado nutricional en menores de 5 anos,clasificacion c,2002-03-01,125,162,125,162,287
10401,PADILLA,estado nutricional en menores de 5 anos,clasificacion c,2002-03-01,276,404,276,404,680
70502,PAILON,estado nutricional en menores de 5 anos,clasificacion c,2002-03-01,19,306,19,306,325
20102,PALCA,estado nutricional en menores de 5 anos,clasificacion c,2002-03-01,108,52,108,52,160
21104,PALOS BLANCOS,estado nutricional en menores de 5 anos,clasificacion c,2002-03-01,272,287,272,287,559
40802,PAMPA AULLAGAS,estado nutricional en menores de 5 anos,clasificacion c,2002-03-01,33,37,33,37,70
70902,PAMPA GRANDE,estado nutricional en menores de 5 anos,clasificacion c,2002-03-01,55,38,55,38,93
21802,PAPEL PAMPA,estado nutricional en menores de 5 anos,clasificacion c,2002-03-01,2,32,2,32,34
30202,PASORAPA,estado nutricional en menores de 5 anos,clasificacion c,2002-03-01,38,75,38,75,113
21305,PATACAMAYA,estado nutricional en menores de 5 anos,clasificacion c,2002-03-01,51,12,51,12,63
40602,PAZÃ‘A,estado nutricional en menores de 5 anos,clasificacion c,2002-03-01,4,44,4,44,48
20702,PELECHUCO,estado nutricional en menores de 5 anos,clasificacion c,2002-03-01,18,47,18,47,65
50403,POCOATA,estado nutricional en menores de 5 anos,clasificacion c,2002-03-01,134,240,134,240,374
31203,POCONA,estado nutricional en menores de 5 anos,clasificacion c,2002-03-01,112,91,112,91,203
31202,POJO (CBBA),estado nutricional en menores de 5 anos,clasificacion c,2002-03-01,292,401,292,401,693
40601,POOPO,estado nutricional en menores de 5 anos,clasificacion c,2002-03-01,5,66,5,66,71
51203,PORCO,estado nutricional en menores de 5 anos,clasificacion c,2002-03-01,62,47,62,47,109
10103,POROMA,estado nutricional en menores de 5 anos,clasificacion c,2002-03-01,216,214,216,214,430
70103,PORONGO,estado nutricional en menores de 5 anos,clasificacion c,2002-03-01,90,52,90,52,142
70601,PORTACHUELO,estado nutricional en menores de 5 anos,clasificacion c,2002-03-01,252,130,252,130,382
90102,PORVENIR,estado nutricional en menores de 5 anos,clasificacion c,2002-03-01,0,17,0,17,17
70804,POSTRER VALLE,estado nutricional en menores de 5 anos,clasificacion c,2002-03-01,10,18,10,18,28
50101,POTOSI,estado nutricional en menores de 5 anos,clasificacion c,2002-03-01,735,496,735,496,1231
10302,PRESTO,estado nutricional en menores de 5 anos,clasificacion c,2002-03-01,152,136,152,136,288
70805,PUCARA,estado nutricional en menores de 5 anos,clasificacion c,2002-03-01,0,12,0,12,12
21201,PUCARANI,estado nutricional en menores de 5 anos,clasificacion c,2002-03-01,17,247,17,247,264
20401,PUERTO ACOSTA,estado nutricional en menores de 5 anos,clasificacion c,2002-03-01,97,145,97,145,242
20403,PUERTO CARABUCO,estado nutricional en menores de 5 anos,clasificacion c,2002-03-01,102,114,102,114,216
90301,PUERTO GONZALO MORENO,estado nutricional en menores de 5 anos,clasificacion c,2002-03-01,24,18,24,18,42
21204,PUERTO PEREZ,estado nutricional en menores de 5 anos,clasificacion c,2002-03-01,8,45,8,45,53
71402,PUERTO QUIJARRO,estado nutricional en menores de 5 anos,clasificacion c,2002-03-01,93,33,93,33,126
90201,PUERTO RICO,estado nutricional en menores de 5 anos,clasificacion c,2002-03-01,2,80,2,80,82
80703,PUERTO SILES,estado nutricional en menores de 5 anos,clasificacion c,2002-03-01,0,7,0,7,7
71401,PUERTO SUAREZ,estado nutricional en menores de 5 anos,clasificacion c,2002-03-01,178,51,178,51,229
31205,PUERTO VILLARROEL,estado nutricional en menores de 5 anos,clasificacion c,2002-03-01,272,204,272,204,476
51101,PUNA,estado nutricional en menores de 5 anos,clasificacion c,2002-03-01,114,453,114,453,567
31401,PUNATA,estado nutricional en menores de 5 anos,clasificacion c,2002-03-01,135,211,135,211,346
20604,QUIABAYA,estado nutricional en menores de 5 anos,clasificacion c,2002-03-01,6,87,6,87,93
30901,QUILLACOLLO,estado nutricional en menores de 5 anos,clasificacion c,2002-03-01,61,29,61,29,90
21002,QUIME,estado nutricional en menores de 5 anos,clasificacion c,2002-03-01,75,81,75,81,156
70904,QUIRUSILLAS,estado nutricional en menores de 5 anos,clasificacion c,2002-03-01,13,20,13,20,33
50402,RAVELO,estado nutricional en menores de 5 anos,clasificacion c,2002-03-01,154,274,154,274,428
80301,REYES,estado nutricional en menores de 5 anos,clasificacion c,2002-03-01,120,135,120,135,255
80201,RIBERALTA,estado nutricional en menores de 5 anos,clasificacion c,2002-03-01,759,338,759,338,1097
70503,ROBORE,estado nutricional en menores de 5 anos,clasificacion c,2002-03-01,30,273,30,273,303
80304,RURRENABAQUE,estado nutricional en menores de 5 anos,clasificacion c,2002-03-01,121,146,121,146,267
40901,SABAYA,estado nutricional en menores de 5 anos,clasificacion c,2002-03-01,5,30,5,30,35
31001,SACABA,estado nutricional en menores de 5 anos,clasificacion c,2002-03-01,306,321,306,321,627
30404,SACABAMBA,estado nutricional en menores de 5 anos,clasificacion c,2002-03-01,7,111,7,111,118
50701,SACACA,estado nutricional en menores de 5 anos,clasificacion c,2002-03-01,105,207,105,207,312
71302,SAIPINA,estado nutricional en menores de 5 anos,clasificacion c,2002-03-01,34,36,34,36,70
40801,SALINAS DE GARCI MENDOZA,estado nutricional en menores de 5 anos,clasificacion c,2002-03-01,32,53,32,53,85
70901,SAMAIPATA,estado nutricional en menores de 5 anos,clasificacion c,2002-03-01,83,47,83,47,130
51601,SAN AGUSTIN,estado nutricional en menores de 5 anos,clasificacion c,2002-03-01,7,70,7,70,77
80602,SAN ANDRES,estado nutricional en menores de 5 anos,clasificacion c,2002-03-01,27,20,27,20,47
51003,SAN ANTONIO DE ESMORUCO,estado nutricional en menores de 5 anos,clasificacion c,2002-03-01,2,48,2,48,50
71105,SAN ANTONIO DE LOMERIO,estado nutricional en menores de 5 anos,clasificacion c,2002-03-01,131,150,131,150,281
31403,SAN BENITO,estado nutricional en menores de 5 anos,clasificacion c,2002-03-01,10,196,10,196,206
80302,SAN BORJA,estado nutricional en menores de 5 anos,clasificacion c,2002-03-01,353,222,353,222,575
21502,SAN BUENA VENTURA,estado nutricional en menores de 5 anos,clasificacion c,2002-03-01,119,91,119,91,210
70402,SAN CARLOS,estado nutricional en menores de 5 anos,clasificacion c,2002-03-01,1,25,1,25,26
80501,SAN IGNACIO,estado nutricional en menores de 5 anos,clasificacion c,2002-03-01,97,189,97,189,286
70301,SAN IGNACIO DE VELASCO,estado nutricional en menores de 5 anos,clasificacion c,2002-03-01,470,450,470,450,920
80102,SAN JAVIER(BNI),estado nutricional en menores de 5 anos,clasificacion c,2002-03-01,28,43,28,43,71
71102,SAN JAVIER(STC),estado nutricional en menores de 5 anos,clasificacion c,2002-03-01,13,104,13,104,117
80701,SAN JOAQUIN,estado nutricional en menores de 5 anos,clasificacion c,2002-03-01,2,55,2,55,57
70501,SAN JOSE DE CHIQUITOS,estado nutricional en menores de 5 anos,clasificacion c,2002-03-01,123,78,123,78,201
71104,SAN JULIAN,estado nutricional en menores de 5 anos,clasificacion c,2002-03-01,314,564,314,564,878
90302,SAN LORENZO(PND),estado nutricional en menores de 5 anos,clasificacion c,2002-03-01,2,5,2,5,7
60501,SAN LORENZO(TJA),estado nutricional en menores de 5 anos,clasificacion c,2002-03-01,42,57,42,57,99
10702,SAN LUCAS,estado nutricional en menores de 5 anos,clasificacion c,2002-03-01,183,1115,183,1115,1298
71201,SAN MATIAS,estado nutricional en menores de 5 anos,clasificacion c,2002-03-01,112,72,112,72,184
70302,SAN MIGUEL DE VELASCO,estado nutricional en menores de 5 anos,clasificacion c,2002-03-01,138,151,138,151,289
51001,SAN PABLO DE LIPEZ,estado nutricional en menores de 5 anos,clasificacion c,2002-03-01,27,63,27,63,90
50501,SAN PEDRO DE BUENA VISTA,estado nutricional en menores de 5 anos,clasificacion c,2002-03-01,7,333,7,333,340
21801,SAN PEDRO DE CURAHUARA,estado nutricional en menores de 5 anos,clasificacion c,2002-03-01,28,85,28,85,113
50902,SAN PEDRO DE QUEMES,estado nutricional en menores de 5 anos,clasificacion c,2002-03-01,1,7,1,7,8
21702,SAN PEDRO DE TIQUINA,estado nutricional en menores de 5 anos,clasificacion c,2002-03-01,27,45,27,45,72
90202,SAN PEDRO(PND),estado nutricional en menores de 5 anos,clasificacion c,2002-03-01,2,5,2,5,7
70303,SAN RAFAEL,estado nutricional en menores de 5 anos,clasificacion c,2002-03-01,79,69,79,69,148
80702,SAN RAMON,estado nutricional en menores de 5 anos,clasificacion c,2002-03-01,8,98,8,98,106
80702,SAN RAMON,estado nutricional en menores de 5 anos,clasificacion c,2002-03-01,44,110,44,110,154
80401,SANTA ANA,estado nutricional en menores de 5 anos,clasificacion c,2002-03-01,41,68,41,68,109
70101,SANTA CRUZ DE LA SIERRA,estado nutricional en menores de 5 anos,clasificacion c,2002-03-01,2260,2028,2260,2028,4288
80303,SANTA ROSA,estado nutricional en menores de 5 anos,clasificacion c,2002-03-01,84,48,84,48,132
70602,SANTA ROSA DEL SARA,estado nutricional en menores de 5 anos,clasificacion c,2002-03-01,33,81,33,81,114
20308,SANTIAGO DE CALLAPA,estado nutricional en menores de 5 anos,clasificacion c,2002-03-01,3,11,3,11,14
41401,SANTIAGO DE HUARI,estado nutricional en menores de 5 anos,clasificacion c,2002-03-01,17,24,17,24,41
21901,SANTIAGO DE MACHACA,estado nutricional en menores de 5 anos,clasificacion c,2002-03-01,22,17,22,17,39
30702,SANTIVAÃ‘ES,estado nutricional en menores de 5 anos,clasificacion c,2002-03-01,95,72,95,72,167
40202,SANTUARIO DE QUILLACAS,estado nutricional en menores de 5 anos,clasificacion c,2002-03-01,7,15,7,15,22
20902,SAPAHAQUI,estado nutricional en menores de 5 anos,clasificacion c,2002-03-01,7,63,7,63,70
21301,SICA SICA (VILLA AROMA),estado nutricional en menores de 5 anos,clasificacion c,2002-03-01,58,43,58,43,101
30703,SICAYA,estado nutricional en menores de 5 anos,clasificacion c,2002-03-01,4,30,4,30,34
30902,SIPE SIPE,estado nutricional en menores de 5 anos,clasificacion c,2002-03-01,328,284,328,284,612
10403,SOPACHUY,estado nutricional en menores de 5 anos,clasificacion c,2002-03-01,93,76,93,76,169
20601,SORATA,estado nutricional en menores de 5 anos,clasificacion c,2002-03-01,114,265,114,265,379
10101,SUCRE,estado nutricional en menores de 5 anos,clasificacion c,2002-03-01,854,2969,854,2969,3823
31404,TACACHI,estado nutricional en menores de 5 anos,clasificacion c,2002-03-01,2,23,2,23,25
20603,TACACOMA,estado nutricional en menores de 5 anos,clasificacion c,2002-03-01,30,35,30,35,65
50303,TACOBAMBA,estado nutricional en menores de 5 anos,clasificacion c,2002-03-01,56,130,56,130,186
30602,TACOPAYA,estado nutricional en menores de 5 anos,clasificacion c,2002-03-01,1,115,1,115,116
51402,TAHUA,estado nutricional en menores de 5 anos,clasificacion c,2002-03-01,5,52,5,52,57
31101,TAPACARI,estado nutricional en menores de 5 anos,clasificacion c,2002-03-01,25,169,25,169,194
10601,TARABUCO,estado nutricional en menores de 5 anos,clasificacion c,2002-03-01,129,939,129,939,1068
30401,TARATA,estado nutricional en menores de 5 anos,clasificacion c,2002-03-01,10,117,10,117,127
60101,TARIJA,estado nutricional en menores de 5 anos,clasificacion c,2002-03-01,378,638,378,638,1016
10202,TARVITA,estado nutricional en menores de 5 anos,clasificacion c,2002-03-01,167,130,167,130,297
20803,TIAWANACU,estado nutricional en menores de 5 anos,clasificacion c,2002-03-01,102,83,102,83,185
50102,TINGUIPAYA,estado nutricional en menores de 5 anos,clasificacion c,2002-03-01,26,133,26,133,159
20606,TIPUANI,estado nutricional en menores de 5 anos,clasificacion c,2002-03-01,41,13,41,13,54
30903,TIQUIPAYA,estado nutricional en menores de 5 anos,clasificacion c,2002-03-01,1,88,1,88,89
31601,TIRAQUE (CBBA),estado nutricional en menores de 5 anos,clasificacion c,2002-03-01,132,185,132,185,317
21703,TITO YUPANQUI (PARQUIPUJIO),estado nutricional en menores de 5 anos,clasificacion c,2002-03-01,0,28,0,28,28
30802,TOCO,estado nutricional en menores de 5 anos,clasificacion c,2002-03-01,3,6,3,6,9
41502,TODOS SANTOS,estado nutricional en menores de 5 anos,clasificacion c,2002-03-01,0,8,0,8,8
30803,TOLATA,estado nutricional en menores de 5 anos,clasificacion c,2002-03-01,0,7,0,7,7
41001,TOLEDO,estado nutricional en menores de 5 anos,clasificacion c,2002-03-01,31,43,31,43,74
51202,TOMAVE,estado nutricional en menores de 5 anos,clasificacion c,2002-03-01,26,253,26,253,279
10402,TOMINA,estado nutricional en menores de 5 anos,clasificacion c,2002-03-01,206,271,206,271,477
50502,TORO TORO,estado nutricional en menores de 5 anos,clasificacion c,2002-03-01,27,111,27,111,138
31201,TOTORA(CBBA),estado nutricional en menores de 5 anos,clasificacion c,2002-03-01,113,84,113,84,197
41301,TOTORA(ORR),estado nutricional en menores de 5 anos,clasificacion c,2002-03-01,14,100,14,100,114
70802,TRIGAL,estado nutricional en menores de 5 anos,clasificacion c,2002-03-01,19,17,19,17,36
80101,TRINIDAD,estado nutricional en menores de 5 anos,clasificacion c,2002-03-01,247,507,247,507,754
50801,TUPIZA,estado nutricional en menores de 5 anos,clasificacion c,2002-03-01,73,1016,73,1016,1089
40402,TURCO,estado nutricional en menores de 5 anos,clasificacion c,2002-03-01,30,34,30,34,64
21302,UMALA,estado nutricional en menores de 5 anos,clasificacion c,2002-03-01,19,22,19,22,41
60401,URIONDO (A. CONCEPCION),estado nutricional en menores de 5 anos,clasificacion c,2002-03-01,39,162,39,162,201
71502,URUBICHA,estado nutricional en menores de 5 anos,clasificacion c,2002-03-01,8,29,8,29,37
51201,UYUNI,estado nutricional en menores de 5 anos,clasificacion c,2002-03-01,32,465,32,465,497
30502,VACAS,estado nutricional en menores de 5 anos,clasificacion c,2002-03-01,16,39,16,39,55
70801,VALLEGRANDE,estado nutricional en menores de 5 anos,clasificacion c,2002-03-01,153,153,153,153,306
20801,VIACHA,estado nutricional en menores de 5 anos,clasificacion c,2002-03-01,44,388,44,388,432
31302,VILA VILA,estado nutricional en menores de 5 anos,clasificacion c,2002-03-01,4,62,4,62,66
60303,VILLA MONTES,estado nutricional en menores de 5 anos,clasificacion c,2002-03-01,140,175,140,175,315
90502,VILLA NUEVA (LOMA ALTA),estado nutricional en menores de 5 anos,clasificacion c,2002-03-01,3,2,3,2,5
31402,VILLA RIVERO,estado nutricional en menores de 5 anos,clasificacion c,2002-03-01,6,22,6,22,28
10801,VILLA SERRANO,estado nutricional en menores de 5 anos,clasificacion c,2002-03-01,221,281,221,281,502
31003,VILLA TUNARI,estado nutricional en menores de 5 anos,clasificacion c,2002-03-01,256,257,256,257,513
11001,VILLA VACA GUZMAN (MUYUPAMPA),estado nutricional en menores de 5 anos,clasificacion c,2002-03-01,232,303,232,303,535
51501,VILLAZON,estado nutricional en menores de 5 anos,clasificacion c,2002-03-01,24,604,24,604,628
30904,VINTO,estado nutricional en menores de 5 anos,clasificacion c,2002-03-01,85,29,85,29,114
50602,VITICHI,estado nutricional en menores de 5 anos,clasificacion c,2002-03-01,61,207,61,207,268
20306,WALDO BALLIVIAN,estado nutricional en menores de 5 anos,clasificacion c,2002-03-01,4,14,4,14,18
70201,WARNES,estado nutricional en menores de 5 anos,clasificacion c,2002-03-01,285,350,285,350,635
20903,YACO,estado nutricional en menores de 5 anos,clasificacion c,2002-03-01,1,53,1,53,54
60301,YACUIBA,estado nutricional en menores de 5 anos,clasificacion c,2002-03-01,395,445,395,445,840
10602,YAMPARAEZ,estado nutricional en menores de 5 anos,clasificacion c,2002-03-01,282,440,282,440,722
21103,YANACACHI,estado nutricional en menores de 5 anos,clasificacion c,2002-03-01,44,43,44,43,87
70403,YAPACANI,estado nutricional en menores de 5 anos,clasificacion c,2002-03-01,190,283,190,283,473
50103,YOCALLA,estado nutricional en menores de 5 anos,clasificacion c,2002-03-01,8,120,8,120,128
10102,YOTALA,estado nutricional en menores de 5 anos,clasificacion c,2002-03-01,206,292,206,292,498
60402,YUNCHARA,estado nutricional en menores de 5 anos,clasificacion c,2002-03-01,14,65,14,65,79
10301,ZUDAÃ‘EZ,estado nutricional en menores de 5 anos,clasificacion c,2002-03-01,143,226,143,226,369
51302,ACACIO,estado nutricional en menores de 5 anos,clasificacion c,2002-04-01,24,169,24,169,193
20201,ACHACACHI,estado nutricional en menores de 5 anos,clasificacion c,2002-04-01,655,604,655,604,1259
20104,ACHOCALLA,estado nutricional en menores de 5 anos,clasificacion c,2002-04-01,33,28,33,28,61
30201,AIQUILE,estado nutricional en menores de 5 anos,clasificacion c,2002-04-01,16,26,16,26,42
31303,ALALAY,estado nutricional en menores de 5 anos,clasificacion c,2002-04-01,10,18,10,18,28
10404,ALCALA,estado nutricional en menores de 5 anos,clasificacion c,2002-04-01,53,81,53,81,134
20202,ANCORAIMES,estado nutricional en menores de 5 anos,clasificacion c,2002-04-01,158,215,158,215,373
41201,ANDAMARCA,estado nutricional en menores de 5 anos,clasificacion c,2002-04-01,21,13,21,13,34
40603,ANTEQUERA,estado nutricional en menores de 5 anos,clasificacion c,2002-04-01,0,4,0,4,4
30402,ANZALDO,estado nutricional en menores de 5 anos,clasificacion c,2002-04-01,7,133,7,133,140
20701,APOLO,estado nutricional en menores de 5 anos,clasificacion c,2002-04-01,41,14,41,14,55
51301,ARAMPAMPA,estado nutricional en menores de 5 anos,clasificacion c,2002-04-01,22,76,22,76,98
30501,ARANI,estado nutricional en menores de 5 anos,clasificacion c,2002-04-01,10,93,10,93,103
30403,ARBIETO,estado nutricional en menores de 5 anos,clasificacion c,2002-04-01,24,66,24,66,90
30601,ARQUE,estado nutricional en menores de 5 anos,clasificacion c,2002-04-01,30,52,30,52,82
71501,ASCENCION DE GUARAYOS,estado nutricional en menores de 5 anos,clasificacion c,2002-04-01,433,585,433,585,1018
50802,ATOCHA,estado nutricional en menores de 5 anos,clasificacion c,2002-04-01,10,167,10,167,177
20503,AUCAPATA,estado nutricional en menores de 5 anos,clasificacion c,2002-04-01,44,3,44,3,47
20502,AYATA,estado nutricional en menores de 5 anos,clasificacion c,2002-04-01,3,20,3,20,23
21303,AYO AYO,estado nutricional en menores de 5 anos,clasificacion c,2002-04-01,84,25,84,25,109
30301,AYOPAYA (V. DE INDEPENDENCIA),estado nutricional en menores de 5 anos,clasificacion c,2002-04-01,196,176,196,176,372
10201,AZURDUY,estado nutricional en menores de 5 anos,clasificacion c,2002-04-01,202,148,202,148,350
21203,BATALLAS,estado nutricional en menores de 5 anos,clasificacion c,2002-04-01,12,225,12,225,237
80802,BAURES,estado nutricional en menores de 5 anos,clasificacion c,2002-04-01,62,86,62,86,148
41202,BELEN DE ANDAMARCA,estado nutricional en menores de 5 anos,clasificacion c,2002-04-01,5,12,5,12,17
50104,BELEN DE URMIRI,estado nutricional en menores de 5 anos,clasificacion c,2002-04-01,8,30,8,30,38
90104,BELLA FLOR,estado nutricional en menores de 5 anos,clasificacion c,2002-04-01,71,98,71,98,169
60202,BERMEJO,estado nutricional en menores de 5 anos,clasificacion c,2002-04-01,21,86,21,86,107
50301,BETANZOS,estado nutricional en menores de 5 anos,clasificacion c,2002-04-01,131,367,131,367,498
31501,BOLIVAR,estado nutricional en menores de 5 anos,clasificacion c,2002-04-01,69,107,69,107,176
90103,BOLPEBRA,estado nutricional en menores de 5 anos,clasificacion c,2002-04-01,0,6,0,6,6
70707,BOYUIBE,estado nutricional en menores de 5 anos,clasificacion c,2002-04-01,8,110,8,110,118
70401,BUENA VISTA,estado nutricional en menores de 5 anos,clasificacion c,2002-04-01,207,168,207,168,375
70703,CABEZAS,estado nutricional en menores de 5 anos,clasificacion c,2002-04-01,10,129,10,129,139
20905,CAIROMA,estado nutricional en menores de 5 anos,clasificacion c,2002-04-01,1,66,1,66,67
51102,"CAIZA ""D""",estado nutricional en menores de 5 anos,clasificacion c,2002-04-01,108,187,108,187,295
21003,CAJUATA,estado nutricional en menores de 5 anos,clasificacion c,2002-04-01,34,10,34,10,44
20303,CALACOTO,estado nutricional en menores de 5 anos,clasificacion c,2002-04-01,22,51,22,51,73
21304,CALAMARCA,estado nutricional en menores de 5 anos,clasificacion c,2002-04-01,59,59,59,59,118
10701,CAMARGO,estado nutricional en menores de 5 anos,clasificacion c,2002-04-01,19,264,19,264,283
10901,CAMATAQUI (C. VILLA ABECIA),estado nutricional en menores de 5 anos,clasificacion c,2002-04-01,3,99,3,99,102
70706,CAMIRI,estado nutricional en menores de 5 anos,clasificacion c,2002-04-01,161,269,161,269,430
30701,CAPINOTA,estado nutricional en menores de 5 anos,clasificacion c,2002-04-01,20,60,20,60,80
20302,CAQUIAVIRI,estado nutricional en menores de 5 anos,clasificacion c,2002-04-01,58,65,58,65,123
40102,CARACOLLO,estado nutricional en menores de 5 anos,clasificacion c,2002-04-01,107,204,107,204,311
22001,CARANAVI,estado nutricional en menores de 5 anos,clasificacion c,2002-04-01,436,559,436,559,995
41503,CARANGAS,estado nutricional en menores de 5 anos,clasificacion c,2002-04-01,0,4,0,4,4
60302,CARAPARI,estado nutricional en menores de 5 anos,clasificacion c,2002-04-01,75,194,75,194,269
50702,CARIPUYO,estado nutricional en menores de 5 anos,clasificacion c,2002-04-01,18,97,18,97,115
21902,CATACORA,estado nutricional en menores de 5 anos,clasificacion c,2002-04-01,13,14,13,14,27
40201,CHALLAPATA,estado nutricional en menores de 5 anos,clasificacion c,2002-04-01,98,88,98,88,186
50302,CHAQUI,estado nutricional en menores de 5 anos,clasificacion c,2002-04-01,3,136,3,136,139
70702,CHARAGUA,estado nutricional en menores de 5 anos,clasificacion c,2002-04-01,27,548,27,548,575
20305,CHARAÃ‘A,estado nutricional en menores de 5 anos,clasificacion c,2002-04-01,7,35,7,35,42
31204,CHIMORE,estado nutricional en menores de 5 anos,clasificacion c,2002-04-01,42,29,42,29,71
40903,CHIPAYA,estado nutricional en menores de 5 anos,clasificacion c,2002-04-01,2,0,2,0,2
40302,CHOQUE COTA,estado nutricional en menores de 5 anos,clasificacion c,2002-04-01,0,40,0,40,40
21101,CHULUMANI (V. DE LA LIBERTAD),estado nutricional en menores de 5 anos,clasificacion c,2002-04-01,40,89,40,89,129
20501,CHUMA,estado nutricional en menores de 5 anos,clasificacion c,2002-04-01,27,73,27,73,100
30801,CLIZA,estado nutricional en menores de 5 anos,clasificacion c,2002-04-01,21,86,21,86,107
90101,COBIJA,estado nutricional en menores de 5 anos,clasificacion c,2002-04-01,314,214,314,214,528
30101,COCHABAMBA,estado nutricional en menores de 5 anos,clasificacion c,2002-04-01,1641,1526,1641,1526,3167
40902,COIPASA,estado nutricional en menores de 5 anos,clasificacion c,2002-04-01,1,6,1,6,7
30905,COLCAPIRHUA,estado nutricional en menores de 5 anos,clasificacion c,2002-04-01,210,148,210,148,358
50901,"COLCHA ""K""",estado nutricional en menores de 5 anos,clasificacion c,2002-04-01,9,198,9,198,207
21307,COLLANA,estado nutricional en menores de 5 anos,clasificacion c,2002-04-01,4,0,4,0,4
31002,COLOMI,estado nutricional en menores de 5 anos,clasificacion c,2002-04-01,144,163,144,163,307
50401,COLQUECHACA,estado nutricional en menores de 5 anos,clasificacion c,2002-04-01,128,106,128,106,234
21306,COLQUENCHA,estado nutricional en menores de 5 anos,clasificacion c,2002-04-01,40,21,40,21,61
21004,COLQUIRI,estado nutricional en menores de 5 anos,clasificacion c,2002-04-01,108,58,108,58,166
20304,COMANCHE,estado nutricional en menores de 5 anos,clasificacion c,2002-04-01,4,21,4,21,25
71301,COMARAPA,estado nutricional en menores de 5 anos,clasificacion c,2002-04-01,32,139,32,139,171
20605,COMBAYA,estado nutricional en menores de 5 anos,clasificacion c,2002-04-01,21,21,21,21,42
71101,CONCEPCION,estado nutricional en menores de 5 anos,clasificacion c,2002-04-01,2,50,2,50,52
21701,COPACABANA,estado nutricional en menores de 5 anos,clasificacion c,2002-04-01,12,105,12,105,117
21402,CORIPATA,estado nutricional en menores de 5 anos,clasificacion c,2002-04-01,23,46,23,46,69
20301,CORO CORO,estado nutricional en menores de 5 anos,clasificacion c,2002-04-01,57,107,57,107,164
21401,COROICO,estado nutricional en menores de 5 anos,clasificacion c,2002-04-01,13,4,13,4,17
40301,CORQUE,estado nutricional en menores de 5 anos,clasificacion c,2002-04-01,16,24,16,24,40
50601,COTAGAITA,estado nutricional en menores de 5 anos,clasificacion c,2002-04-01,73,411,73,411,484
70102,COTOCA,estado nutricional en menores de 5 anos,clasificacion c,2002-04-01,169,136,169,136,305
31405,CUCHUMUELA (V. G. VILLARROEL),estado nutricional en menores de 5 anos,clasificacion c,2002-04-01,3,20,3,20,23
70704,CUEVO,estado nutricional en menores de 5 anos,clasificacion c,2002-04-01,49,26,49,26,75
10902,CULPINA,estado nutricional en menores de 5 anos,clasificacion c,2002-04-01,185,152,185,152,337
40401,CURAHUARA DE CARANGAS,estado nutricional en menores de 5 anos,clasificacion c,2002-04-01,38,29,38,29,67
20804,DESAGUADERO,estado nutricional en menores de 5 anos,clasificacion c,2002-04-01,7,55,7,55,62
20105,EL ALTO,estado nutricional en menores de 5 anos,clasificacion c,2002-04-01,3990,2957,3990,2957,6947
40103,EL CHORO,estado nutricional en menores de 5 anos,clasificacion c,2002-04-01,11,12,11,12,23
71503,EL PUENTE(STC),estado nutricional en menores de 5 anos,clasificacion c,2002-04-01,51,293,51,293,344
60502,EL PUENTE(TJA),estado nutricional en menores de 5 anos,clasificacion c,2002-04-01,43,88,43,88,131
70105,EL TORNO,estado nutricional en menores de 5 anos,clasificacion c,2002-04-01,209,97,209,97,306
10405,EL VILLAR,estado nutricional en menores de 5 anos,clasificacion c,2002-04-01,85,125,85,125,210
60601,ENTRE RIOS,estado nutricional en menores de 5 anos,clasificacion c,2002-04-01,201,251,201,251,452
41101,EUCALIPTUS,estado nutricional en menores de 5 anos,clasificacion c,2002-04-01,3,98,3,98,101
80402,EXALTACION,estado nutricional en menores de 5 anos,clasificacion c,2002-04-01,11,59,11,59,70
90203,FILADELFIA,estado nutricional en menores de 5 anos,clasificacion c,2002-04-01,1,18,1,18,19
21601,GRAL. J.J. PEREZ (CHARAZANI),estado nutricional en menores de 5 anos,clasificacion c,2002-04-01,32,9,32,9,41
20602,GUANAY,estado nutricional en menores de 5 anos,clasificacion c,2002-04-01,75,468,75,468,543
20802,GUAQUI,estado nutricional en menores de 5 anos,clasificacion c,2002-04-01,3,32,3,32,35
80202,GUAYARAMERIN,estado nutricional en menores de 5 anos,clasificacion c,2002-04-01,424,240,424,240,664
70705,GUTIERREZ,estado nutricional en menores de 5 anos,clasificacion c,2002-04-01,43,334,43,334,377
10502,HUACARETA,estado nutricional en menores de 5 anos,clasificacion c,2002-04-01,175,304,175,304,479
11002,HUACAYA (VILLA DE HUACAYA),estado nutricional en menores de 5 anos,clasificacion c,2002-04-01,31,48,31,48,79
40501,HUACHACALLA,estado nutricional en menores de 5 anos,clasificacion c,2002-04-01,1,16,1,16,17
40701,HUANUNI,estado nutricional en menores de 5 anos,clasificacion c,2002-04-01,22,5,22,5,27
80803,HUARACAJE,estado nutricional en menores de 5 anos,clasificacion c,2002-04-01,25,23,25,23,48
41601,HUAYLLAMARCA,estado nutricional en menores de 5 anos,clasificacion c,2002-04-01,40,46,40,46,86
21005,ICHOCA,estado nutricional en menores de 5 anos,clasificacion c,2002-04-01,16,34,16,34,50
10304,ICLA,estado nutricional en menores de 5 anos,clasificacion c,2002-04-01,121,158,121,158,279
10703,INCAHUASI,estado nutricional en menores de 5 anos,clasificacion c,2002-04-01,37,405,37,405,442
21001,INQUISIVI,estado nutricional en menores de 5 anos,clasificacion c,2002-04-01,15,82,15,82,97
21102,IRUPANA (VILLA DE LANZA),estado nutricional en menores de 5 anos,clasificacion c,2002-04-01,90,187,90,187,277
21501,IXIAMAS,estado nutricional en menores de 5 anos,clasificacion c,2002-04-01,121,87,121,87,208
21105,LA ASUNTA,estado nutricional en menores de 5 anos,clasificacion c,2002-04-01,90,178,90,178,268
70104,LA GUARDIA,estado nutricional en menores de 5 anos,clasificacion c,2002-04-01,457,169,457,169,626
20101,LA PAZ,estado nutricional en menores de 5 anos,clasificacion c,2002-04-01,3530,2782,3530,2782,6312
41501,LA RIVERA,estado nutricional en menores de 5 anos,clasificacion c,2002-04-01,2,2,2,2,4
70701,LAGUNILLAS,estado nutricional en menores de 5 anos,clasificacion c,2002-04-01,24,114,24,114,138
21202,LAJA,estado nutricional en menores de 5 anos,clasificacion c,2002-04-01,13,84,13,84,97
10903,LAS CARRERAS,estado nutricional en menores de 5 anos,clasificacion c,2002-04-01,57,96,57,96,153
21006,LICOMA PAMPA,estado nutricional en menores de 5 anos,clasificacion c,2002-04-01,1,10,1,10,11
51401,LLICA,estado nutricional en menores de 5 anos,clasificacion c,2002-04-01,11,68,11,68,79
80601,LORETO,estado nutricional en menores de 5 anos,clasificacion c,2002-04-01,15,25,15,25,40
20901,LURIBAY,estado nutricional en menores de 5 anos,clasificacion c,2002-04-01,35,73,35,73,108
40702,MACHACAMARCA,estado nutricional en menores de 5 anos,clasificacion c,2002-04-01,37,12,37,12,49
11003,MACHARETI,estado nutricional en menores de 5 anos,clasificacion c,2002-04-01,135,231,135,231,366
80801,MAGDALENA,estado nutricional en menores de 5 anos,clasificacion c,2002-04-01,31,60,31,60,91
70903,MAIRANA,estado nutricional en menores de 5 anos,clasificacion c,2002-04-01,78,33,78,33,111
20904,MALLA,estado nutricional en menores de 5 anos,clasificacion c,2002-04-01,0,31,0,31,31
20103,MECAPACA,estado nutricional en menores de 5 anos,clasificacion c,2002-04-01,59,151,59,151,210
71003,MINEROS,estado nutricional en menores de 5 anos,clasificacion c,2002-04-01,131,92,131,92,223
31301,MIZQUE,estado nutricional en menores de 5 anos,clasificacion c,2002-04-01,59,69,59,69,128
20402,MOCOMOCO,estado nutricional en menores de 5 anos,clasificacion c,2002-04-01,126,88,126,88,214
51002,MOJINETE,estado nutricional en menores de 5 anos,clasificacion c,2002-04-01,0,19,0,19,19
10303,MOJOCOYA,estado nutricional en menores de 5 anos,clasificacion c,2002-04-01,196,262,196,262,458
10501,MONTEAGUDO,estado nutricional en menores de 5 anos,clasificacion c,2002-04-01,445,532,445,532,977
71001,MONTERO,estado nutricional en menores de 5 anos,clasificacion c,2002-04-01,1,106,1,106,107
70803,MORO MORO,estado nutricional en menores de 5 anos,clasificacion c,2002-04-01,34,20,34,20,54
30302,MOROCHATA,estado nutricional en menores de 5 anos,clasificacion c,2002-04-01,46,112,46,112,158
90401,NACEBE (SANTA ROSA DEL ABUNA),estado nutricional en menores de 5 anos,clasificacion c,2002-04-01,0,15,0,15,15
20307,NAZACARA DE PACAJES,estado nutricional en menores de 5 anos,clasificacion c,2002-04-01,1,18,1,18,19
90501,NUEVO MANOA (NUEVA ESPERANZA),estado nutricional en menores de 5 anos,clasificacion c,2002-04-01,5,9,5,9,14
50404,OCURI,estado nutricional en menores de 5 anos,clasificacion c,2002-04-01,71,71,71,71,142
70202,OKINAWA,estado nutricional en menores de 5 anos,clasificacion c,2002-04-01,50,110,50,110,160
30203,OMEREQUE,estado nutricional en menores de 5 anos,clasificacion c,2002-04-01,2,53,2,53,55
40101,ORURO,estado nutricional en menores de 5 anos,clasificacion c,2002-04-01,1279,956,1279,956,2235
60201,PADCAYA,estado nutricional en menores de 5 anos,clasificacion c,2002-04-01,127,186,127,186,313
10401,PADILLA,estado nutricional en menores de 5 anos,clasificacion c,2002-04-01,295,406,295,406,701
70502,PAILON,estado nutricional en menores de 5 anos,clasificacion c,2002-04-01,32,206,32,206,238
20102,PALCA,estado nutricional en menores de 5 anos,clasificacion c,2002-04-01,107,63,107,63,170
21104,PALOS BLANCOS,estado nutricional en menores de 5 anos,clasificacion c,2002-04-01,278,388,278,388,666
40802,PAMPA AULLAGAS,estado nutricional en menores de 5 anos,clasificacion c,2002-04-01,5,60,5,60,65
70902,PAMPA GRANDE,estado nutricional en menores de 5 anos,clasificacion c,2002-04-01,54,59,54,59,113
21802,PAPEL PAMPA,estado nutricional en menores de 5 anos,clasificacion c,2002-04-01,27,6,27,6,33
30202,PASORAPA,estado nutricional en menores de 5 anos,clasificacion c,2002-04-01,31,54,31,54,85
21305,PATACAMAYA,estado nutricional en menores de 5 anos,clasificacion c,2002-04-01,80,14,80,14,94
40602,PAZÃ‘A,estado nutricional en menores de 5 anos,clasificacion c,2002-04-01,3,56,3,56,59
20702,PELECHUCO,estado nutricional en menores de 5 anos,clasificacion c,2002-04-01,26,32,26,32,58
50403,POCOATA,estado nutricional en menores de 5 anos,clasificacion c,2002-04-01,135,225,135,225,360
31203,POCONA,estado nutricional en menores de 5 anos,clasificacion c,2002-04-01,114,105,114,105,219
31202,POJO (CBBA),estado nutricional en menores de 5 anos,clasificacion c,2002-04-01,450,378,450,378,828
40601,POOPO,estado nutricional en menores de 5 anos,clasificacion c,2002-04-01,14,42,14,42,56
51203,PORCO,estado nutricional en menores de 5 anos,clasificacion c,2002-04-01,56,79,56,79,135
10103,POROMA,estado nutricional en menores de 5 anos,clasificacion c,2002-04-01,176,134,176,134,310
70103,PORONGO,estado nutricional en menores de 5 anos,clasificacion c,2002-04-01,55,91,55,91,146
70601,PORTACHUELO,estado nutricional en menores de 5 anos,clasificacion c,2002-04-01,299,192,299,192,491
90102,PORVENIR,estado nutricional en menores de 5 anos,clasificacion c,2002-04-01,7,9,7,9,16
50101,POTOSI,estado nutricional en menores de 5 anos,clasificacion c,2002-04-01,1096,538,1096,538,1634
10302,PRESTO,estado nutricional en menores de 5 anos,clasificacion c,2002-04-01,119,108,119,108,227
70805,PUCARA,estado nutricional en menores de 5 anos,clasificacion c,2002-04-01,2,31,2,31,33
21201,PUCARANI,estado nutricional en menores de 5 anos,clasificacion c,2002-04-01,20,144,20,144,164
20401,PUERTO ACOSTA,estado nutricional en menores de 5 anos,clasificacion c,2002-04-01,172,225,172,225,397
20403,PUERTO CARABUCO,estado nutricional en menores de 5 anos,clasificacion c,2002-04-01,145,119,145,119,264
90301,PUERTO GONZALO MORENO,estado nutricional en menores de 5 anos,clasificacion c,2002-04-01,15,15,15,15,30
21204,PUERTO PEREZ,estado nutricional en menores de 5 anos,clasificacion c,2002-04-01,0,33,0,33,33
71402,PUERTO QUIJARRO,estado nutricional en menores de 5 anos,clasificacion c,2002-04-01,195,73,195,73,268
90201,PUERTO RICO,estado nutricional en menores de 5 anos,clasificacion c,2002-04-01,13,68,13,68,81
80703,PUERTO SILES,estado nutricional en menores de 5 anos,clasificacion c,2002-04-01,3,3,3,3,6
71401,PUERTO SUAREZ,estado nutricional en menores de 5 anos,clasificacion c,2002-04-01,132,24,132,24,156
31205,PUERTO VILLARROEL,estado nutricional en menores de 5 anos,clasificacion c,2002-04-01,240,204,240,204,444
51101,PUNA,estado nutricional en menores de 5 anos,clasificacion c,2002-04-01,79,288,79,288,367
31401,PUNATA,estado nutricional en menores de 5 anos,clasificacion c,2002-04-01,112,345,112,345,457
20604,QUIABAYA,estado nutricional en menores de 5 anos,clasificacion c,2002-04-01,28,41,28,41,69
30901,QUILLACOLLO,estado nutricional en menores de 5 anos,clasificacion c,2002-04-01,125,129,125,129,254
21002,QUIME,estado nutricional en menores de 5 anos,clasificacion c,2002-04-01,84,76,84,76,160
70904,QUIRUSILLAS,estado nutricional en menores de 5 anos,clasificacion c,2002-04-01,10,13,10,13,23
50402,RAVELO,estado nutricional en menores de 5 anos,clasificacion c,2002-04-01,92,138,92,138,230
80301,REYES,estado nutricional en menores de 5 anos,clasificacion c,2002-04-01,107,82,107,82,189
80201,RIBERALTA,estado nutricional en menores de 5 anos,clasificacion c,2002-04-01,949,386,949,386,1335
70503,ROBORE,estado nutricional en menores de 5 anos,clasificacion c,2002-04-01,28,209,28,209,237
80304,RURRENABAQUE,estado nutricional en menores de 5 anos,clasificacion c,2002-04-01,114,140,114,140,254
40901,SABAYA,estado nutricional en menores de 5 anos,clasificacion c,2002-04-01,1,15,1,15,16
31001,SACABA,estado nutricional en menores de 5 anos,clasificacion c,2002-04-01,236,51,236,51,287
30404,SACABAMBA,estado nutricional en menores de 5 anos,clasificacion c,2002-04-01,0,18,0,18,18
50701,SACACA,estado nutricional en menores de 5 anos,clasificacion c,2002-04-01,89,126,89,126,215
71302,SAIPINA,estado nutricional en menores de 5 anos,clasificacion c,2002-04-01,27,28,27,28,55
40801,SALINAS DE GARCI MENDOZA,estado nutricional en menores de 5 anos,clasificacion c,2002-04-01,33,69,33,69,102
70901,SAMAIPATA,estado nutricional en menores de 5 anos,clasificacion c,2002-04-01,36,32,36,32,68
51601,SAN AGUSTIN,estado nutricional en menores de 5 anos,clasificacion c,2002-04-01,5,47,5,47,52
80602,SAN ANDRES,estado nutricional en menores de 5 anos,clasificacion c,2002-04-01,109,121,109,121,230
51003,SAN ANTONIO DE ESMORUCO,estado nutricional en menores de 5 anos,clasificacion c,2002-04-01,2,21,2,21,23
71105,SAN ANTONIO DE LOMERIO,estado nutricional en menores de 5 anos,clasificacion c,2002-04-01,128,145,128,145,273
31403,SAN BENITO,estado nutricional en menores de 5 anos,clasificacion c,2002-04-01,9,121,9,121,130
80302,SAN BORJA,estado nutricional en menores de 5 anos,clasificacion c,2002-04-01,424,327,424,327,751
21502,SAN BUENA VENTURA,estado nutricional en menores de 5 anos,clasificacion c,2002-04-01,121,139,121,139,260
70402,SAN CARLOS,estado nutricional en menores de 5 anos,clasificacion c,2002-04-01,22,60,22,60,82
80501,SAN IGNACIO,estado nutricional en menores de 5 anos,clasificacion c,2002-04-01,78,377,78,377,455
70301,SAN IGNACIO DE VELASCO,estado nutricional en menores de 5 anos,clasificacion c,2002-04-01,611,329,611,329,940
80102,SAN JAVIER(BNI),estado nutricional en menores de 5 anos,clasificacion c,2002-04-01,13,72,13,72,85
71102,SAN JAVIER(STC),estado nutricional en menores de 5 anos,clasificacion c,2002-04-01,86,21,86,21,107
80701,SAN JOAQUIN,estado nutricional en menores de 5 anos,clasificacion c,2002-04-01,6,54,6,54,60
70501,SAN JOSE DE CHIQUITOS,estado nutricional en menores de 5 anos,clasificacion c,2002-04-01,101,95,101,95,196
71104,SAN JULIAN,estado nutricional en menores de 5 anos,clasificacion c,2002-04-01,265,679,265,679,944
60501,SAN LORENZO(TJA),estado nutricional en menores de 5 anos,clasificacion c,2002-04-01,25,15,25,15,40
10702,SAN LUCAS,estado nutricional en menores de 5 anos,clasificacion c,2002-04-01,573,694,573,694,1267
71201,SAN MATIAS,estado nutricional en menores de 5 anos,clasificacion c,2002-04-01,138,51,138,51,189
70302,SAN MIGUEL DE VELASCO,estado nutricional en menores de 5 anos,clasificacion c,2002-04-01,180,136,180,136,316
51001,SAN PABLO DE LIPEZ,estado nutricional en menores de 5 anos,clasificacion c,2002-04-01,3,41,3,41,44
50501,SAN PEDRO DE BUENA VISTA,estado nutricional en menores de 5 anos,clasificacion c,2002-04-01,14,193,14,193,207
21801,SAN PEDRO DE CURAHUARA,estado nutricional en menores de 5 anos,clasificacion c,2002-04-01,9,46,9,46,55
50902,SAN PEDRO DE QUEMES,estado nutricional en menores de 5 anos,clasificacion c,2002-04-01,1,10,1,10,11
21702,SAN PEDRO DE TIQUINA,estado nutricional en menores de 5 anos,clasificacion c,2002-04-01,20,70,20,70,90
70303,SAN RAFAEL,estado nutricional en menores de 5 anos,clasificacion c,2002-04-01,56,41,56,41,97
80702,SAN RAMON,estado nutricional en menores de 5 anos,clasificacion c,2002-04-01,133,8,133,8,141
80702,SAN RAMON,estado nutricional en menores de 5 anos,clasificacion c,2002-04-01,62,116,62,116,178
80401,SANTA ANA,estado nutricional en menores de 5 anos,clasificacion c,2002-04-01,226,76,226,76,302
70101,SANTA CRUZ DE LA SIERRA,estado nutricional en menores de 5 anos,clasificacion c,2002-04-01,2226,2185,2226,2185,4411
80303,SANTA ROSA,estado nutricional en menores de 5 anos,clasificacion c,2002-04-01,68,33,68,33,101
70602,SANTA ROSA DEL SARA,estado nutricional en menores de 5 anos,clasificacion c,2002-04-01,35,47,35,47,82
20308,SANTIAGO DE CALLAPA,estado nutricional en menores de 5 anos,clasificacion c,2002-04-01,28,93,28,93,121
41401,SANTIAGO DE HUARI,estado nutricional en menores de 5 anos,clasificacion c,2002-04-01,26,30,26,30,56
21901,SANTIAGO DE MACHACA,estado nutricional en menores de 5 anos,clasificacion c,2002-04-01,43,59,43,59,102
30702,SANTIVAÃ‘ES,estado nutricional en menores de 5 anos,clasificacion c,2002-04-01,83,47,83,47,130
40202,SANTUARIO DE QUILLACAS,estado nutricional en menores de 5 anos,clasificacion c,2002-04-01,8,23,8,23,31
20902,SAPAHAQUI,estado nutricional en menores de 5 anos,clasificacion c,2002-04-01,4,30,4,30,34
21301,SICA SICA (VILLA AROMA),estado nutricional en menores de 5 anos,clasificacion c,2002-04-01,86,34,86,34,120
30703,SICAYA,estado nutricional en menores de 5 anos,clasificacion c,2002-04-01,3,39,3,39,42
30902,SIPE SIPE,estado nutricional en menores de 5 anos,clasificacion c,2002-04-01,347,270,347,270,617
10403,SOPACHUY,estado nutricional en menores de 5 anos,clasificacion c,2002-04-01,103,61,103,61,164
20601,SORATA,estado nutricional en menores de 5 anos,clasificacion c,2002-04-01,99,203,99,203,302
10101,SUCRE,estado nutricional en menores de 5 anos,clasificacion c,2002-04-01,1588,1860,1588,1860,3448
31404,TACACHI,estado nutricional en menores de 5 anos,clasificacion c,2002-04-01,2,32,2,32,34
20603,TACACOMA,estado nutricional en menores de 5 anos,clasificacion c,2002-04-01,4,58,4,58,62
50303,TACOBAMBA,estado nutricional en menores de 5 anos,clasificacion c,2002-04-01,126,57,126,57,183
30602,TACOPAYA,estado nutricional en menores de 5 anos,clasificacion c,2002-04-01,31,75,31,75,106
51402,TAHUA,estado nutricional en menores de 5 anos,clasificacion c,2002-04-01,2,41,2,41,43
31101,TAPACARI,estado nutricional en menores de 5 anos,clasificacion c,2002-04-01,23,171,23,171,194
10601,TARABUCO,estado nutricional en menores de 5 anos,clasificacion c,2002-04-01,251,847,251,847,1098
30401,TARATA,estado nutricional en menores de 5 anos,clasificacion c,2002-04-01,12,112,12,112,124
60101,TARIJA,estado nutricional en menores de 5 anos,clasificacion c,2002-04-01,565,982,565,982,1547
10202,TARVITA,estado nutricional en menores de 5 anos,clasificacion c,2002-04-01,193,174,193,174,367
20803,TIAWANACU,estado nutricional en menores de 5 anos,clasificacion c,2002-04-01,114,102,114,102,216
50102,TINGUIPAYA,estado nutricional en menores de 5 anos,clasificacion c,2002-04-01,14,139,14,139,153
20606,TIPUANI,estado nutricional en menores de 5 anos,clasificacion c,2002-04-01,65,28,65,28,93
30903,TIQUIPAYA,estado nutricional en menores de 5 anos,clasificacion c,2002-04-01,2,55,2,55,57
31601,TIRAQUE (CBBA),estado nutricional en menores de 5 anos,clasificacion c,2002-04-01,193,321,193,321,514
21703,TITO YUPANQUI (PARQUIPUJIO),estado nutricional en menores de 5 anos,clasificacion c,2002-04-01,2,23,2,23,25
30802,TOCO,estado nutricional en menores de 5 anos,clasificacion c,2002-04-01,11,18,11,18,29
41001,TOLEDO,estado nutricional en menores de 5 anos,clasificacion c,2002-04-01,27,35,27,35,62
51202,TOMAVE,estado nutricional en menores de 5 anos,clasificacion c,2002-04-01,15,177,15,177,192
10402,TOMINA,estado nutricional en menores de 5 anos,clasificacion c,2002-04-01,174,269,174,269,443
50502,TORO TORO,estado nutricional en menores de 5 anos,clasificacion c,2002-04-01,10,55,10,55,65
31201,TOTORA(CBBA),estado nutricional en menores de 5 anos,clasificacion c,2002-04-01,103,102,103,102,205
41301,TOTORA(ORR),estado nutricional en menores de 5 anos,clasificacion c,2002-04-01,9,92,9,92,101
70802,TRIGAL,estado nutricional en menores de 5 anos,clasificacion c,2002-04-01,17,11,17,11,28
80101,TRINIDAD,estado nutricional en menores de 5 anos,clasificacion c,2002-04-01,555,497,555,497,1052
50801,TUPIZA,estado nutricional en menores de 5 anos,clasificacion c,2002-04-01,68,883,68,883,951
40402,TURCO,estado nutricional en menores de 5 anos,clasificacion c,2002-04-01,39,54,39,54,93
21302,UMALA,estado nutricional en menores de 5 anos,clasificacion c,2002-04-01,18,0,18,0,18
60401,URIONDO (A. CONCEPCION),estado nutricional en menores de 5 anos,clasificacion c,2002-04-01,43,164,43,164,207
71502,URUBICHA,estado nutricional en menores de 5 anos,clasificacion c,2002-04-01,124,360,124,360,484
51201,UYUNI,estado nutricional en menores de 5 anos,clasificacion c,2002-04-01,44,695,44,695,739
30502,VACAS,estado nutricional en menores de 5 anos,clasificacion c,2002-04-01,8,40,8,40,48
70801,VALLEGRANDE,estado nutricional en menores de 5 anos,clasificacion c,2002-04-01,172,112,172,112,284
20801,VIACHA,estado nutricional en menores de 5 anos,clasificacion c,2002-04-01,56,450,56,450,506
31302,VILA VILA,estado nutricional en menores de 5 anos,clasificacion c,2002-04-01,8,50,8,50,58
60303,VILLA MONTES,estado nutricional en menores de 5 anos,clasificacion c,2002-04-01,176,171,176,171,347
90502,VILLA NUEVA (LOMA ALTA),estado nutricional en menores de 5 anos,clasificacion c,2002-04-01,3,3,3,3,6
31402,VILLA RIVERO,estado nutricional en menores de 5 anos,clasificacion c,2002-04-01,5,106,5,106,111
10801,VILLA SERRANO,estado nutricional en menores de 5 anos,clasificacion c,2002-04-01,122,431,122,431,553
31003,VILLA TUNARI,estado nutricional en menores de 5 anos,clasificacion c,2002-04-01,358,143,358,143,501
11001,VILLA VACA GUZMAN (MUYUPAMPA),estado nutricional en menores de 5 anos,clasificacion c,2002-04-01,198,274,198,274,472
51501,VILLAZON,estado nutricional en menores de 5 anos,clasificacion c,2002-04-01,88,651,88,651,739
30904,VINTO,estado nutricional en menores de 5 anos,clasificacion c,2002-04-01,204,52,204,52,256
50602,VITICHI,estado nutricional en menores de 5 anos,clasificacion c,2002-04-01,93,250,93,250,343
20306,WALDO BALLIVIAN,estado nutricional en menores de 5 anos,clasificacion c,2002-04-01,29,1,29,1,30
70201,WARNES,estado nutricional en menores de 5 anos,clasificacion c,2002-04-01,248,280,248,280,528
20903,YACO,estado nutricional en menores de 5 anos,clasificacion c,2002-04-01,2,32,2,32,34
60301,YACUIBA,estado nutricional en menores de 5 anos,clasificacion c,2002-04-01,340,329,340,329,669
10602,YAMPARAEZ,estado nutricional en menores de 5 anos,clasificacion c,2002-04-01,292,406,292,406,698
21103,YANACACHI,estado nutricional en menores de 5 anos,clasificacion c,2002-04-01,55,25,55,25,80
70403,YAPACANI,estado nutricional en menores de 5 anos,clasificacion c,2002-04-01,220,353,220,353,573
50103,YOCALLA,estado nutricional en menores de 5 anos,clasificacion c,2002-04-01,8,133,8,133,141
10102,YOTALA,estado nutricional en menores de 5 anos,clasificacion c,2002-04-01,171,352,171,352,523
60402,YUNCHARA,estado nutricional en menores de 5 anos,clasificacion c,2002-04-01,9,57,9,57,66
10301,ZUDAÃ‘EZ,estado nutricional en menores de 5 anos,clasificacion c,2002-04-01,146,196,146,196,342
51302,ACACIO,estado nutricional en menores de 5 anos,clasificacion c,2002-05-01,36,129,36,129,165
20201,ACHACACHI,estado nutricional en menores de 5 anos,clasificacion c,2002-05-01,455,496,455,496,951
20104,ACHOCALLA,estado nutricional en menores de 5 anos,clasificacion c,2002-05-01,42,65,42,65,107
30201,AIQUILE,estado nutricional en menores de 5 anos,clasificacion c,2002-05-01,25,32,25,32,57
31303,ALALAY,estado nutricional en menores de 5 anos,clasificacion c,2002-05-01,18,22,18,22,40
10404,ALCALA,estado nutricional en menores de 5 anos,clasificacion c,2002-05-01,57,87,57,87,144
20202,ANCORAIMES,estado nutricional en menores de 5 anos,clasificacion c,2002-05-01,197,279,197,279,476
41201,ANDAMARCA,estado nutricional en menores de 5 anos,clasificacion c,2002-05-01,39,15,39,15,54
40603,ANTEQUERA,estado nutricional en menores de 5 anos,clasificacion c,2002-05-01,25,18,25,18,43
30402,ANZALDO,estado nutricional en menores de 5 anos,clasificacion c,2002-05-01,8,94,8,94,102
20701,APOLO,estado nutricional en menores de 5 anos,clasificacion c,2002-05-01,89,25,89,25,114
51301,ARAMPAMPA,estado nutricional en menores de 5 anos,clasificacion c,2002-05-01,45,49,45,49,94
30501,ARANI,estado nutricional en menores de 5 anos,clasificacion c,2002-05-01,10,64,10,64,74
30403,ARBIETO,estado nutricional en menores de 5 anos,clasificacion c,2002-05-01,9,66,9,66,75
30601,ARQUE,estado nutricional en menores de 5 anos,clasificacion c,2002-05-01,74,64,74,64,138
71501,ASCENCION DE GUARAYOS,estado nutricional en menores de 5 anos,clasificacion c,2002-05-01,0,15,0,15,15
50802,ATOCHA,estado nutricional en menores de 5 anos,clasificacion c,2002-05-01,32,259,32,259,291
20502,AYATA,estado nutricional en menores de 5 anos,clasificacion c,2002-05-01,5,71,5,71,76
21303,AYO AYO,estado nutricional en menores de 5 anos,clasificacion c,2002-05-01,109,23,109,23,132
30301,AYOPAYA (V. DE INDEPENDENCIA),estado nutricional en menores de 5 anos,clasificacion c,2002-05-01,244,182,244,182,426
10201,AZURDUY,estado nutricional en menores de 5 anos,clasificacion c,2002-05-01,209,208,209,208,417
21203,BATALLAS,estado nutricional en menores de 5 anos,clasificacion c,2002-05-01,31,270,31,270,301
80802,BAURES,estado nutricional en menores de 5 anos,clasificacion c,2002-05-01,27,24,27,24,51
41202,BELEN DE ANDAMARCA,estado nutricional en menores de 5 anos,clasificacion c,2002-05-01,6,9,6,9,15
50104,BELEN DE URMIRI,estado nutricional en menores de 5 anos,clasificacion c,2002-05-01,18,28,18,28,46
90104,BELLA FLOR,estado nutricional en menores de 5 anos,clasificacion c,2002-05-01,69,95,69,95,164
60202,BERMEJO,estado nutricional en menores de 5 anos,clasificacion c,2002-05-01,20,97,20,97,117
50301,BETANZOS,estado nutricional en menores de 5 anos,clasificacion c,2002-05-01,257,485,257,485,742
31501,BOLIVAR,estado nutricional en menores de 5 anos,clasificacion c,2002-05-01,13,78,13,78,91
90103,BOLPEBRA,estado nutricional en menores de 5 anos,clasificacion c,2002-05-01,1,8,1,8,9
70707,BOYUIBE,estado nutricional en menores de 5 anos,clasificacion c,2002-05-01,7,152,7,152,159
70401,BUENA VISTA,estado nutricional en menores de 5 anos,clasificacion c,2002-05-01,226,188,226,188,414
70703,CABEZAS,estado nutricional en menores de 5 anos,clasificacion c,2002-05-01,3,31,3,31,34
20905,CAIROMA,estado nutricional en menores de 5 anos,clasificacion c,2002-05-01,1,12,1,12,13
51102,"CAIZA ""D""",estado nutricional en menores de 5 anos,clasificacion c,2002-05-01,105,218,105,218,323
21003,CAJUATA,estado nutricional en menores de 5 anos,clasificacion c,2002-05-01,52,31,52,31,83
20303,CALACOTO,estado nutricional en menores de 5 anos,clasificacion c,2002-05-01,15,13,15,13,28
21304,CALAMARCA,estado nutricional en menores de 5 anos,clasificacion c,2002-05-01,99,95,99,95,194
10701,CAMARGO,estado nutricional en menores de 5 anos,clasificacion c,2002-05-01,169,204,169,204,373
10901,CAMATAQUI (C. VILLA ABECIA),estado nutricional en menores de 5 anos,clasificacion c,2002-05-01,56,69,56,69,125
70706,CAMIRI,estado nutricional en menores de 5 anos,clasificacion c,2002-05-01,82,264,82,264,346
30701,CAPINOTA,estado nutricional en menores de 5 anos,clasificacion c,2002-05-01,28,66,28,66,94
20302,CAQUIAVIRI,estado nutricional en menores de 5 anos,clasificacion c,2002-05-01,70,49,70,49,119
40102,CARACOLLO,estado nutricional en menores de 5 anos,clasificacion c,2002-05-01,111,267,111,267,378
22001,CARANAVI,estado nutricional en menores de 5 anos,clasificacion c,2002-05-01,324,418,324,418,742
41503,CARANGAS,estado nutricional en menores de 5 anos,clasificacion c,2002-05-01,0,4,0,4,4
60302,CARAPARI,estado nutricional en menores de 5 anos,clasificacion c,2002-05-01,54,209,54,209,263
50702,CARIPUYO,estado nutricional en menores de 5 anos,clasificacion c,2002-05-01,53,310,53,310,363
21803,CHACARILLA,estado nutricional en menores de 5 anos,clasificacion c,2002-05-01,5,4,5,4,9
40201,CHALLAPATA,estado nutricional en menores de 5 anos,clasificacion c,2002-05-01,112,127,112,127,239
50302,CHAQUI,estado nutricional en menores de 5 anos,clasificacion c,2002-05-01,100,129,100,129,229
70702,CHARAGUA,estado nutricional en menores de 5 anos,clasificacion c,2002-05-01,58,517,58,517,575
20305,CHARAÃ‘A,estado nutricional en menores de 5 anos,clasificacion c,2002-05-01,1,18,1,18,19
31204,CHIMORE,estado nutricional en menores de 5 anos,clasificacion c,2002-05-01,36,47,36,47,83
40903,CHIPAYA,estado nutricional en menores de 5 anos,clasificacion c,2002-05-01,0,19,0,19,19
40302,CHOQUE COTA,estado nutricional en menores de 5 anos,clasificacion c,2002-05-01,1,47,1,47,48
21101,CHULUMANI (V. DE LA LIBERTAD),estado nutricional en menores de 5 anos,clasificacion c,2002-05-01,25,84,25,84,109
20501,CHUMA,estado nutricional en menores de 5 anos,clasificacion c,2002-05-01,11,31,11,31,42
30801,CLIZA,estado nutricional en menores de 5 anos,clasificacion c,2002-05-01,23,109,23,109,132
90101,COBIJA,estado nutricional en menores de 5 anos,clasificacion c,2002-05-01,316,148,316,148,464
30101,COCHABAMBA,estado nutricional en menores de 5 anos,clasificacion c,2002-05-01,1892,1332,1892,1332,3224
40902,COIPASA,estado nutricional en menores de 5 anos,clasificacion c,2002-05-01,1,9,1,9,10
30905,COLCAPIRHUA,estado nutricional en menores de 5 anos,clasificacion c,2002-05-01,294,198,294,198,492
50901,"COLCHA ""K""",estado nutricional en menores de 5 anos,clasificacion c,2002-05-01,25,397,25,397,422
21307,COLLANA,estado nutricional en menores de 5 anos,clasificacion c,2002-05-01,11,0,11,0,11
31002,COLOMI,estado nutricional en menores de 5 anos,clasificacion c,2002-05-01,150,248,150,248,398
50401,COLQUECHACA,estado nutricional en menores de 5 anos,clasificacion c,2002-05-01,173,147,173,147,320
21306,COLQUENCHA,estado nutricional en menores de 5 anos,clasificacion c,2002-05-01,60,44,60,44,104
21004,COLQUIRI,estado nutricional en menores de 5 anos,clasificacion c,2002-05-01,43,47,43,47,90
20304,COMANCHE,estado nutricional en menores de 5 anos,clasificacion c,2002-05-01,7,31,7,31,38
71301,COMARAPA,estado nutricional en menores de 5 anos,clasificacion c,2002-05-01,63,210,63,210,273
20605,COMBAYA,estado nutricional en menores de 5 anos,clasificacion c,2002-05-01,37,35,37,35,72
71101,CONCEPCION,estado nutricional en menores de 5 anos,clasificacion c,2002-05-01,18,21,18,21,39
21701,COPACABANA,estado nutricional en menores de 5 anos,clasificacion c,2002-05-01,38,193,38,193,231
21402,CORIPATA,estado nutricional en menores de 5 anos,clasificacion c,2002-05-01,18,42,18,42,60
20301,CORO CORO,estado nutricional en menores de 5 anos,clasificacion c,2002-05-01,49,61,49,61,110
21401,COROICO,estado nutricional en menores de 5 anos,clasificacion c,2002-05-01,138,56,138,56,194
40301,CORQUE,estado nutricional en menores de 5 anos,clasificacion c,2002-05-01,23,70,23,70,93
50601,COTAGAITA,estado nutricional en menores de 5 anos,clasificacion c,2002-05-01,82,361,82,361,443
70102,COTOCA,estado nutricional en menores de 5 anos,clasificacion c,2002-05-01,148,85,148,85,233
31405,CUCHUMUELA (V. G. VILLARROEL),estado nutricional en menores de 5 anos,clasificacion c,2002-05-01,0,49,0,49,49
70704,CUEVO,estado nutricional en menores de 5 anos,clasificacion c,2002-05-01,67,92,67,92,159
10902,CULPINA,estado nutricional en menores de 5 anos,clasificacion c,2002-05-01,368,297,368,297,665
40401,CURAHUARA DE CARANGAS,estado nutricional en menores de 5 anos,clasificacion c,2002-05-01,57,21,57,21,78
21602,CURVA,estado nutricional en menores de 5 anos,clasificacion c,2002-05-01,27,7,27,7,34
20804,DESAGUADERO,estado nutricional en menores de 5 anos,clasificacion c,2002-05-01,6,119,6,119,125
20105,EL ALTO,estado nutricional en menores de 5 anos,clasificacion c,2002-05-01,5101,3280,5101,3280,8381
40103,EL CHORO,estado nutricional en menores de 5 anos,clasificacion c,2002-05-01,21,24,21,24,45
71503,EL PUENTE(STC),estado nutricional en menores de 5 anos,clasificacion c,2002-05-01,15,143,15,143,158
60502,EL PUENTE(TJA),estado nutricional en menores de 5 anos,clasificacion c,2002-05-01,56,129,56,129,185
70105,EL TORNO,estado nutricional en menores de 5 anos,clasificacion c,2002-05-01,322,250,322,250,572
10405,EL VILLAR,estado nutricional en menores de 5 anos,clasificacion c,2002-05-01,99,164,99,164,263
60601,ENTRE RIOS,estado nutricional en menores de 5 anos,clasificacion c,2002-05-01,216,378,216,378,594
41101,EUCALIPTUS,estado nutricional en menores de 5 anos,clasificacion c,2002-05-01,10,50,10,50,60
80402,EXALTACION,estado nutricional en menores de 5 anos,clasificacion c,2002-05-01,55,89,55,89,144
90203,FILADELFIA,estado nutricional en menores de 5 anos,clasificacion c,2002-05-01,0,23,0,23,23
71002,GENERAL SAAVEDRA,estado nutricional en menores de 5 anos,clasificacion c,2002-05-01,220,338,220,338,558
21601,GRAL. J.J. PEREZ (CHARAZANI),estado nutricional en menores de 5 anos,clasificacion c,2002-05-01,6,1,6,1,7
20602,GUANAY,estado nutricional en menores de 5 anos,clasificacion c,2002-05-01,193,379,193,379,572
20802,GUAQUI,estado nutricional en menores de 5 anos,clasificacion c,2002-05-01,22,56,22,56,78
80202,GUAYARAMERIN,estado nutricional en menores de 5 anos,clasificacion c,2002-05-01,344,185,344,185,529
70705,GUTIERREZ,estado nutricional en menores de 5 anos,clasificacion c,2002-05-01,25,321,25,321,346
10502,HUACARETA,estado nutricional en menores de 5 anos,clasificacion c,2002-05-01,210,318,210,318,528
11002,HUACAYA (VILLA DE HUACAYA),estado nutricional en menores de 5 anos,clasificacion c,2002-05-01,37,23,37,23,60
40501,HUACHACALLA,estado nutricional en menores de 5 anos,clasificacion c,2002-05-01,4,14,4,14,18
40701,HUANUNI,estado nutricional en menores de 5 anos,clasificacion c,2002-05-01,28,4,28,4,32
80803,HUARACAJE,estado nutricional en menores de 5 anos,clasificacion c,2002-05-01,41,16,41,16,57
41601,HUAYLLAMARCA,estado nutricional en menores de 5 anos,clasificacion c,2002-05-01,48,38,48,38,86
21005,ICHOCA,estado nutricional en menores de 5 anos,clasificacion c,2002-05-01,8,19,8,19,27
10304,ICLA,estado nutricional en menores de 5 anos,clasificacion c,2002-05-01,198,234,198,234,432
10703,INCAHUASI,estado nutricional en menores de 5 anos,clasificacion c,2002-05-01,202,243,202,243,445
90402,INGAVI (HUMAITA),estado nutricional en menores de 5 anos,clasificacion c,2002-05-01,0,11,0,11,11
21001,INQUISIVI,estado nutricional en menores de 5 anos,clasificacion c,2002-05-01,107,145,107,145,252
21102,IRUPANA (VILLA DE LANZA),estado nutricional en menores de 5 anos,clasificacion c,2002-05-01,84,192,84,192,276
21501,IXIAMAS,estado nutricional en menores de 5 anos,clasificacion c,2002-05-01,72,72,72,72,144
21105,LA ASUNTA,estado nutricional en menores de 5 anos,clasificacion c,2002-05-01,72,179,72,179,251
70104,LA GUARDIA,estado nutricional en menores de 5 anos,clasificacion c,2002-05-01,437,203,437,203,640
20101,LA PAZ,estado nutricional en menores de 5 anos,clasificacion c,2002-05-01,4365,2847,4365,2847,7212
41501,LA RIVERA,estado nutricional en menores de 5 anos,clasificacion c,2002-05-01,1,1,1,1,2
70701,LAGUNILLAS,estado nutricional en menores de 5 anos,clasificacion c,2002-05-01,93,142,93,142,235
21202,LAJA,estado nutricional en menores de 5 anos,clasificacion c,2002-05-01,4,125,4,125,129
10903,LAS CARRERAS,estado nutricional en menores de 5 anos,clasificacion c,2002-05-01,62,90,62,90,152
51401,LLICA,estado nutricional en menores de 5 anos,clasificacion c,2002-05-01,91,81,91,81,172
80601,LORETO,estado nutricional en menores de 5 anos,clasificacion c,2002-05-01,34,75,34,75,109
20901,LURIBAY,estado nutricional en menores de 5 anos,clasificacion c,2002-05-01,82,106,82,106,188
40702,MACHACAMARCA,estado nutricional en menores de 5 anos,clasificacion c,2002-05-01,21,20,21,20,41
11003,MACHARETI,estado nutricional en menores de 5 anos,clasificacion c,2002-05-01,136,323,136,323,459
80801,MAGDALENA,estado nutricional en menores de 5 anos,clasificacion c,2002-05-01,63,75,63,75,138
70903,MAIRANA,estado nutricional en menores de 5 anos,clasificacion c,2002-05-01,94,65,94,65,159
20904,MALLA,estado nutricional en menores de 5 anos,clasificacion c,2002-05-01,2,5,2,5,7
20103,MECAPACA,estado nutricional en menores de 5 anos,clasificacion c,2002-05-01,57,185,57,185,242
71003,MINEROS,estado nutricional en menores de 5 anos,clasificacion c,2002-05-01,444,272,444,272,716
31301,MIZQUE,estado nutricional en menores de 5 anos,clasificacion c,2002-05-01,92,90,92,90,182
20402,MOCOMOCO,estado nutricional en menores de 5 anos,clasificacion c,2002-05-01,104,85,104,85,189
51002,MOJINETE,estado nutricional en menores de 5 anos,clasificacion c,2002-05-01,1,24,1,24,25
10303,MOJOCOYA,estado nutricional en menores de 5 anos,clasificacion c,2002-05-01,200,252,200,252,452
10501,MONTEAGUDO,estado nutricional en menores de 5 anos,clasificacion c,2002-05-01,527,511,527,511,1038
71001,MONTERO,estado nutricional en menores de 5 anos,clasificacion c,2002-05-01,335,1404,335,1404,1739
70803,MORO MORO,estado nutricional en menores de 5 anos,clasificacion c,2002-05-01,34,15,34,15,49
30302,MOROCHATA,estado nutricional en menores de 5 anos,clasificacion c,2002-05-01,105,190,105,190,295
20307,NAZACARA DE PACAJES,estado nutricional en menores de 5 anos,clasificacion c,2002-05-01,3,9,3,9,12
90501,NUEVO MANOA (NUEVA ESPERANZA),estado nutricional en menores de 5 anos,clasificacion c,2002-05-01,9,3,9,3,12
50404,OCURI,estado nutricional en menores de 5 anos,clasificacion c,2002-05-01,108,95,108,95,203
70202,OKINAWA,estado nutricional en menores de 5 anos,clasificacion c,2002-05-01,29,100,29,100,129
30203,OMEREQUE,estado nutricional en menores de 5 anos,clasificacion c,2002-05-01,1,107,1,107,108
40101,ORURO,estado nutricional en menores de 5 anos,clasificacion c,2002-05-01,1577,1256,1577,1256,2833
60201,PADCAYA,estado nutricional en menores de 5 anos,clasificacion c,2002-05-01,175,231,175,231,406
10401,PADILLA,estado nutricional en menores de 5 anos,clasificacion c,2002-05-01,335,463,335,463,798
70502,PAILON,estado nutricional en menores de 5 anos,clasificacion c,2002-05-01,21,136,21,136,157
20102,PALCA,estado nutricional en menores de 5 anos,clasificacion c,2002-05-01,56,137,56,137,193
21104,PALOS BLANCOS,estado nutricional en menores de 5 anos,clasificacion c,2002-05-01,165,226,165,226,391
40802,PAMPA AULLAGAS,estado nutricional en menores de 5 anos,clasificacion c,2002-05-01,30,32,30,32,62
70902,PAMPA GRANDE,estado nutricional en menores de 5 anos,clasificacion c,2002-05-01,40,45,40,45,85
21802,PAPEL PAMPA,estado nutricional en menores de 5 anos,clasificacion c,2002-05-01,20,27,20,27,47
30202,PASORAPA,estado nutricional en menores de 5 anos,clasificacion c,2002-05-01,55,70,55,70,125
21305,PATACAMAYA,estado nutricional en menores de 5 anos,clasificacion c,2002-05-01,113,77,113,77,190
40602,PAZÃ‘A,estado nutricional en menores de 5 anos,clasificacion c,2002-05-01,8,58,8,58,66
20702,PELECHUCO,estado nutricional en menores de 5 anos,clasificacion c,2002-05-01,15,52,15,52,67
50403,POCOATA,estado nutricional en menores de 5 anos,clasificacion c,2002-05-01,193,331,193,331,524
31203,POCONA,estado nutricional en menores de 5 anos,clasificacion c,2002-05-01,205,116,205,116,321
31202,POJO (CBBA),estado nutricional en menores de 5 anos,clasificacion c,2002-05-01,449,270,449,270,719
40601,POOPO,estado nutricional en menores de 5 anos,clasificacion c,2002-05-01,12,64,12,64,76
51203,PORCO,estado nutricional en menores de 5 anos,clasificacion c,2002-05-01,76,74,76,74,150
10103,POROMA,estado nutricional en menores de 5 anos,clasificacion c,2002-05-01,242,241,242,241,483
70103,PORONGO,estado nutricional en menores de 5 anos,clasificacion c,2002-05-01,74,83,74,83,157
70601,PORTACHUELO,estado nutricional en menores de 5 anos,clasificacion c,2002-05-01,202,139,202,139,341
90102,PORVENIR,estado nutricional en menores de 5 anos,clasificacion c,2002-05-01,9,0,9,0,9
50101,POTOSI,estado nutricional en menores de 5 anos,clasificacion c,2002-05-01,1163,635,1163,635,1798
10302,PRESTO,estado nutricional en menores de 5 anos,clasificacion c,2002-05-01,118,152,118,152,270
70805,PUCARA,estado nutricional en menores de 5 anos,clasificacion c,2002-05-01,12,25,12,25,37
21201,PUCARANI,estado nutricional en menores de 5 anos,clasificacion c,2002-05-01,23,234,23,234,257
20401,PUERTO ACOSTA,estado nutricional en menores de 5 anos,clasificacion c,2002-05-01,130,137,130,137,267
20403,PUERTO CARABUCO,estado nutricional en menores de 5 anos,clasificacion c,2002-05-01,110,92,110,92,202
90301,PUERTO GONZALO MORENO,estado nutricional en menores de 5 anos,clasificacion c,2002-05-01,24,27,24,27,51
21204,PUERTO PEREZ,estado nutricional en menores de 5 anos,clasificacion c,2002-05-01,11,55,11,55,66
71402,PUERTO QUIJARRO,estado nutricional en menores de 5 anos,clasificacion c,2002-05-01,157,39,157,39,196
90201,PUERTO RICO,estado nutricional en menores de 5 anos,clasificacion c,2002-05-01,4,110,4,110,114
80703,PUERTO SILES,estado nutricional en menores de 5 anos,clasificacion c,2002-05-01,1,4,1,4,5
71401,PUERTO SUAREZ,estado nutricional en menores de 5 anos,clasificacion c,2002-05-01,196,48,196,48,244
31205,PUERTO VILLARROEL,estado nutricional en menores de 5 anos,clasificacion c,2002-05-01,362,334,362,334,696
51101,PUNA,estado nutricional en menores de 5 anos,clasificacion c,2002-05-01,221,464,221,464,685
31401,PUNATA,estado nutricional en menores de 5 anos,clasificacion c,2002-05-01,3,95,3,95,98
20604,QUIABAYA,estado nutricional en menores de 5 anos,clasificacion c,2002-05-01,39,61,39,61,100
30901,QUILLACOLLO,estado nutricional en menores de 5 anos,clasificacion c,2002-05-01,131,125,131,125,256
21002,QUIME,estado nutricional en menores de 5 anos,clasificacion c,2002-05-01,76,34,76,34,110
70904,QUIRUSILLAS,estado nutricional en menores de 5 anos,clasificacion c,2002-05-01,19,20,19,20,39
50402,RAVELO,estado nutricional en menores de 5 anos,clasificacion c,2002-05-01,173,298,173,298,471
80301,REYES,estado nutricional en menores de 5 anos,clasificacion c,2002-05-01,101,61,101,61,162
80201,RIBERALTA,estado nutricional en menores de 5 anos,clasificacion c,2002-05-01,1036,365,1036,365,1401
70503,ROBORE,estado nutricional en menores de 5 anos,clasificacion c,2002-05-01,114,141,114,141,255
80304,RURRENABAQUE,estado nutricional en menores de 5 anos,clasificacion c,2002-05-01,121,110,121,110,231
40901,SABAYA,estado nutricional en menores de 5 anos,clasificacion c,2002-05-01,3,28,3,28,31
31001,SACABA,estado nutricional en menores de 5 anos,clasificacion c,2002-05-01,71,170,71,170,241
30404,SACABAMBA,estado nutricional en menores de 5 anos,clasificacion c,2002-05-01,5,164,5,164,169
50701,SACACA,estado nutricional en menores de 5 anos,clasificacion c,2002-05-01,134,223,134,223,357
71302,SAIPINA,estado nutricional en menores de 5 anos,clasificacion c,2002-05-01,24,42,24,42,66
40801,SALINAS DE GARCI MENDOZA,estado nutricional en menores de 5 anos,clasificacion c,2002-05-01,33,68,33,68,101
70901,SAMAIPATA,estado nutricional en menores de 5 anos,clasificacion c,2002-05-01,103,37,103,37,140
51601,SAN AGUSTIN,estado nutricional en menores de 5 anos,clasificacion c,2002-05-01,5,41,5,41,46
80602,SAN ANDRES,estado nutricional en menores de 5 anos,clasificacion c,2002-05-01,37,32,37,32,69
51003,SAN ANTONIO DE ESMORUCO,estado nutricional en menores de 5 anos,clasificacion c,2002-05-01,2,28,2,28,30
71105,SAN ANTONIO DE LOMERIO,estado nutricional en menores de 5 anos,clasificacion c,2002-05-01,115,142,115,142,257
31403,SAN BENITO,estado nutricional en menores de 5 anos,clasificacion c,2002-05-01,60,56,60,56,116
80302,SAN BORJA,estado nutricional en menores de 5 anos,clasificacion c,2002-05-01,435,285,435,285,720
21502,SAN BUENA VENTURA,estado nutricional en menores de 5 anos,clasificacion c,2002-05-01,46,45,46,45,91
70402,SAN CARLOS,estado nutricional en menores de 5 anos,clasificacion c,2002-05-01,13,45,13,45,58
80501,SAN IGNACIO,estado nutricional en menores de 5 anos,clasificacion c,2002-05-01,95,283,95,283,378
70301,SAN IGNACIO DE VELASCO,estado nutricional en menores de 5 anos,clasificacion c,2002-05-01,482,249,482,249,731
80102,SAN JAVIER(BNI),estado nutricional en menores de 5 anos,clasificacion c,2002-05-01,20,46,20,46,66
71102,SAN JAVIER(STC),estado nutricional en menores de 5 anos,clasificacion c,2002-05-01,116,29,116,29,145
80701,SAN JOAQUIN,estado nutricional en menores de 5 anos,clasificacion c,2002-05-01,9,113,9,113,122
70501,SAN JOSE DE CHIQUITOS,estado nutricional en menores de 5 anos,clasificacion c,2002-05-01,119,65,119,65,184
71104,SAN JULIAN,estado nutricional en menores de 5 anos,clasificacion c,2002-05-01,393,719,393,719,1112
90302,SAN LORENZO(PND),estado nutricional en menores de 5 anos,clasificacion c,2002-05-01,1,11,1,11,12
60501,SAN LORENZO(TJA),estado nutricional en menores de 5 anos,clasificacion c,2002-05-01,55,48,55,48,103
10702,SAN LUCAS,estado nutricional en menores de 5 anos,clasificacion c,2002-05-01,631,562,631,562,1193
71201,SAN MATIAS,estado nutricional en menores de 5 anos,clasificacion c,2002-05-01,119,21,119,21,140
70302,SAN MIGUEL DE VELASCO,estado nutricional en menores de 5 anos,clasificacion c,2002-05-01,127,98,127,98,225
51001,SAN PABLO DE LIPEZ,estado nutricional en menores de 5 anos,clasificacion c,2002-05-01,11,83,11,83,94
50501,SAN PEDRO DE BUENA VISTA,estado nutricional en menores de 5 anos,clasificacion c,2002-05-01,16,369,16,369,385
21801,SAN PEDRO DE CURAHUARA,estado nutricional en menores de 5 anos,clasificacion c,2002-05-01,34,53,34,53,87
50902,SAN PEDRO DE QUEMES,estado nutricional en menores de 5 anos,clasificacion c,2002-05-01,2,21,2,21,23
21702,SAN PEDRO DE TIQUINA,estado nutricional en menores de 5 anos,clasificacion c,2002-05-01,29,67,29,67,96
90202,SAN PEDRO(PND),estado nutricional en menores de 5 anos,clasificacion c,2002-05-01,2,6,2,6,8
70303,SAN RAFAEL,estado nutricional en menores de 5 anos,clasificacion c,2002-05-01,46,28,46,28,74
80702,SAN RAMON,estado nutricional en menores de 5 anos,clasificacion c,2002-05-01,100,160,100,160,260
80401,SANTA ANA,estado nutricional en menores de 5 anos,clasificacion c,2002-05-01,207,120,207,120,327
70101,SANTA CRUZ DE LA SIERRA,estado nutricional en menores de 5 anos,clasificacion c,2002-05-01,2822,2380,2822,2380,5202
80303,SANTA ROSA,estado nutricional en menores de 5 anos,clasificacion c,2002-05-01,133,124,133,124,257
70602,SANTA ROSA DEL SARA,estado nutricional en menores de 5 anos,clasificacion c,2002-05-01,38,76,38,76,114
20308,SANTIAGO DE CALLAPA,estado nutricional en menores de 5 anos,clasificacion c,2002-05-01,12,41,12,41,53
41401,SANTIAGO DE HUARI,estado nutricional en menores de 5 anos,clasificacion c,2002-05-01,45,67,45,67,112
21901,SANTIAGO DE MACHACA,estado nutricional en menores de 5 anos,clasificacion c,2002-05-01,29,15,29,15,44
30702,SANTIVAÃ‘ES,estado nutricional en menores de 5 anos,clasificacion c,2002-05-01,96,25,96,25,121
40202,SANTUARIO DE QUILLACAS,estado nutricional en menores de 5 anos,clasificacion c,2002-05-01,7,37,7,37,44
20902,SAPAHAQUI,estado nutricional en menores de 5 anos,clasificacion c,2002-05-01,1,42,1,42,43
21301,SICA SICA (VILLA AROMA),estado nutricional en menores de 5 anos,clasificacion c,2002-05-01,127,66,127,66,193
30703,SICAYA,estado nutricional en menores de 5 anos,clasificacion c,2002-05-01,6,42,6,42,48
30902,SIPE SIPE,estado nutricional en menores de 5 anos,clasificacion c,2002-05-01,441,348,441,348,789
10403,SOPACHUY,estado nutricional en menores de 5 anos,clasificacion c,2002-05-01,84,77,84,77,161
20601,SORATA,estado nutricional en menores de 5 anos,clasificacion c,2002-05-01,290,538,290,538,828
10101,SUCRE,estado nutricional en menores de 5 anos,clasificacion c,2002-05-01,2117,2012,2117,2012,4129
31404,TACACHI,estado nutricional en menores de 5 anos,clasificacion c,2002-05-01,5,11,5,11,16
20603,TACACOMA,estado nutricional en menores de 5 anos,clasificacion c,2002-05-01,64,100,64,100,164
50303,TACOBAMBA,estado nutricional en menores de 5 anos,clasificacion c,2002-05-01,116,64,116,64,180
30602,TACOPAYA,estado nutricional en menores de 5 anos,clasificacion c,2002-05-01,93,155,93,155,248
51402,TAHUA,estado nutricional en menores de 5 anos,clasificacion c,2002-05-01,4,98,4,98,102
31101,TAPACARI,estado nutricional en menores de 5 anos,clasificacion c,2002-05-01,28,233,28,233,261
10601,TARABUCO,estado nutricional en menores de 5 anos,clasificacion c,2002-05-01,227,858,227,858,1085
30401,TARATA,estado nutricional en menores de 5 anos,clasificacion c,2002-05-01,101,112,101,112,213
60101,TARIJA,estado nutricional en menores de 5 anos,clasificacion c,2002-05-01,895,730,895,730,1625
10202,TARVITA,estado nutricional en menores de 5 anos,clasificacion c,2002-05-01,286,200,286,200,486
20803,TIAWANACU,estado nutricional en menores de 5 anos,clasificacion c,2002-05-01,97,59,97,59,156
50102,TINGUIPAYA,estado nutricional en menores de 5 anos,clasificacion c,2002-05-01,37,135,37,135,172
20606,TIPUANI,estado nutricional en menores de 5 anos,clasificacion c,2002-05-01,49,53,49,53,102
30903,TIQUIPAYA,estado nutricional en menores de 5 anos,clasificacion c,2002-05-01,9,208,9,208,217
31601,TIRAQUE (CBBA),estado nutricional en menores de 5 anos,clasificacion c,2002-05-01,155,370,155,370,525
21703,TITO YUPANQUI (PARQUIPUJIO),estado nutricional en menores de 5 anos,clasificacion c,2002-05-01,0,38,0,38,38
30802,TOCO,estado nutricional en menores de 5 anos,clasificacion c,2002-05-01,24,23,24,23,47
41502,TODOS SANTOS,estado nutricional en menores de 5 anos,clasificacion c,2002-05-01,0,1,0,1,1
30803,TOLATA,estado nutricional en menores de 5 anos,clasificacion c,2002-05-01,6,29,6,29,35
41001,TOLEDO,estado nutricional en menores de 5 anos,clasificacion c,2002-05-01,42,56,42,56,98
51202,TOMAVE,estado nutricional en menores de 5 anos,clasificacion c,2002-05-01,13,229,13,229,242
10402,TOMINA,estado nutricional en menores de 5 anos,clasificacion c,2002-05-01,183,266,183,266,449
50502,TORO TORO,estado nutricional en menores de 5 anos,clasificacion c,2002-05-01,5,102,5,102,107
31201,TOTORA(CBBA),estado nutricional en menores de 5 anos,clasificacion c,2002-05-01,118,117,118,117,235
41301,TOTORA(ORR),estado nutricional en menores de 5 anos,clasificacion c,2002-05-01,25,54,25,54,79
70802,TRIGAL,estado nutricional en menores de 5 anos,clasificacion c,2002-05-01,18,7,18,7,25
80101,TRINIDAD,estado nutricional en menores de 5 anos,clasificacion c,2002-05-01,520,623,520,623,1143
50801,TUPIZA,estado nutricional en menores de 5 anos,clasificacion c,2002-05-01,73,1061,73,1061,1134
40402,TURCO,estado nutricional en menores de 5 anos,clasificacion c,2002-05-01,36,28,36,28,64
21302,UMALA,estado nutricional en menores de 5 anos,clasificacion c,2002-05-01,13,40,13,40,53
60401,URIONDO (A. CONCEPCION),estado nutricional en menores de 5 anos,clasificacion c,2002-05-01,55,141,55,141,196
71502,URUBICHA,estado nutricional en menores de 5 anos,clasificacion c,2002-05-01,9,46,9,46,55
51201,UYUNI,estado nutricional en menores de 5 anos,clasificacion c,2002-05-01,34,556,34,556,590
30502,VACAS,estado nutricional en menores de 5 anos,clasificacion c,2002-05-01,7,38,7,38,45
70801,VALLEGRANDE,estado nutricional en menores de 5 anos,clasificacion c,2002-05-01,201,173,201,173,374
20801,VIACHA,estado nutricional en menores de 5 anos,clasificacion c,2002-05-01,68,523,68,523,591
31302,VILA VILA,estado nutricional en menores de 5 anos,clasificacion c,2002-05-01,35,65,35,65,100
60303,VILLA MONTES,estado nutricional en menores de 5 anos,clasificacion c,2002-05-01,140,125,140,125,265
31402,VILLA RIVERO,estado nutricional en menores de 5 anos,clasificacion c,2002-05-01,0,34,0,34,34
10801,VILLA SERRANO,estado nutricional en menores de 5 anos,clasificacion c,2002-05-01,151,428,151,428,579
31003,VILLA TUNARI,estado nutricional en menores de 5 anos,clasificacion c,2002-05-01,430,227,430,227,657
11001,VILLA VACA GUZMAN (MUYUPAMPA),estado nutricional en menores de 5 anos,clasificacion c,2002-05-01,285,372,285,372,657
51501,VILLAZON,estado nutricional en menores de 5 anos,clasificacion c,2002-05-01,143,711,143,711,854
30904,VINTO,estado nutricional en menores de 5 anos,clasificacion c,2002-05-01,234,160,234,160,394
50602,VITICHI,estado nutricional en menores de 5 anos,clasificacion c,2002-05-01,33,226,33,226,259
20306,WALDO BALLIVIAN,estado nutricional en menores de 5 anos,clasificacion c,2002-05-01,10,2,10,2,12
70201,WARNES,estado nutricional en menores de 5 anos,clasificacion c,2002-05-01,302,265,302,265,567
20903,YACO,estado nutricional en menores de 5 anos,clasificacion c,2002-05-01,5,45,5,45,50
60301,YACUIBA,estado nutricional en menores de 5 anos,clasificacion c,2002-05-01,486,145,486,145,631
10602,YAMPARAEZ,estado nutricional en menores de 5 anos,clasificacion c,2002-05-01,278,397,278,397,675
21103,YANACACHI,estado nutricional en menores de 5 anos,clasificacion c,2002-05-01,40,51,40,51,91
70403,YAPACANI,estado nutricional en menores de 5 anos,clasificacion c,2002-05-01,52,362,52,362,414
50103,YOCALLA,estado nutricional en menores de 5 anos,clasificacion c,2002-05-01,6,165,6,165,171
10102,YOTALA,estado nutricional en menores de 5 anos,clasificacion c,2002-05-01,198,321,198,321,519
60402,YUNCHARA,estado nutricional en menores de 5 anos,clasificacion c,2002-05-01,36,40,36,40,76
10301,ZUDAÃ‘EZ,estado nutricional en menores de 5 anos,clasificacion c,2002-05-01,141,194,141,194,335
51302,ACACIO,estado nutricional en menores de 5 anos,clasificacion c,2002-06-01,35,208,35,208,243
20201,ACHACACHI,estado nutricional en menores de 5 anos,clasificacion c,2002-06-01,587,555,587,555,1142
20104,ACHOCALLA,estado nutricional en menores de 5 anos,clasificacion c,2002-06-01,95,20,95,20,115
30201,AIQUILE,estado nutricional en menores de 5 anos,clasificacion c,2002-06-01,23,62,23,62,85
31303,ALALAY,estado nutricional en menores de 5 anos,clasificacion c,2002-06-01,17,29,17,29,46
10404,ALCALA,estado nutricional en menores de 5 anos,clasificacion c,2002-06-01,70,103,70,103,173
20202,ANCORAIMES,estado nutricional en menores de 5 anos,clasificacion c,2002-06-01,170,209,170,209,379
41201,ANDAMARCA,estado nutricional en menores de 5 anos,clasificacion c,2002-06-01,37,20,37,20,57
40603,ANTEQUERA,estado nutricional en menores de 5 anos,clasificacion c,2002-06-01,0,26,0,26,26
30402,ANZALDO,estado nutricional en menores de 5 anos,clasificacion c,2002-06-01,3,134,3,134,137
20701,APOLO,estado nutricional en menores de 5 anos,clasificacion c,2002-06-01,60,25,60,25,85
51301,ARAMPAMPA,estado nutricional en menores de 5 anos,clasificacion c,2002-06-01,27,23,27,23,50
30501,ARANI,estado nutricional en menores de 5 anos,clasificacion c,2002-06-01,15,73,15,73,88
30403,ARBIETO,estado nutricional en menores de 5 anos,clasificacion c,2002-06-01,20,70,20,70,90
30601,ARQUE,estado nutricional en menores de 5 anos,clasificacion c,2002-06-01,40,52,40,52,92
71501,ASCENCION DE GUARAYOS,estado nutricional en menores de 5 anos,clasificacion c,2002-06-01,409,485,409,485,894
50802,ATOCHA,estado nutricional en menores de 5 anos,clasificacion c,2002-06-01,25,197,25,197,222
20503,AUCAPATA,estado nutricional en menores de 5 anos,clasificacion c,2002-06-01,42,7,42,7,49
20502,AYATA,estado nutricional en menores de 5 anos,clasificacion c,2002-06-01,25,14,25,14,39
21303,AYO AYO,estado nutricional en menores de 5 anos,clasificacion c,2002-06-01,85,8,85,8,93
30301,AYOPAYA (V. DE INDEPENDENCIA),estado nutricional en menores de 5 anos,clasificacion c,2002-06-01,217,231,217,231,448
10201,AZURDUY,estado nutricional en menores de 5 anos,clasificacion c,2002-06-01,267,350,267,350,617
21203,BATALLAS,estado nutricional en menores de 5 anos,clasificacion c,2002-06-01,22,308,22,308,330
80802,BAURES,estado nutricional en menores de 5 anos,clasificacion c,2002-06-01,80,84,80,84,164
41202,BELEN DE ANDAMARCA,estado nutricional en menores de 5 anos,clasificacion c,2002-06-01,6,3,6,3,9
50104,BELEN DE URMIRI,estado nutricional en menores de 5 anos,clasificacion c,2002-06-01,14,65,14,65,79
90104,BELLA FLOR,estado nutricional en menores de 5 anos,clasificacion c,2002-06-01,31,47,31,47,78
60202,BERMEJO,estado nutricional en menores de 5 anos,clasificacion c,2002-06-01,15,53,15,53,68
50301,BETANZOS,estado nutricional en menores de 5 anos,clasificacion c,2002-06-01,176,285,176,285,461
31501,BOLIVAR,estado nutricional en menores de 5 anos,clasificacion c,2002-06-01,58,108,58,108,166
90103,BOLPEBRA,estado nutricional en menores de 5 anos,clasificacion c,2002-06-01,0,7,0,7,7
70707,BOYUIBE,estado nutricional en menores de 5 anos,clasificacion c,2002-06-01,7,22,7,22,29
70703,CABEZAS,estado nutricional en menores de 5 anos,clasificacion c,2002-06-01,2,219,2,219,221
20905,CAIROMA,estado nutricional en menores de 5 anos,clasificacion c,2002-06-01,22,58,22,58,80
51102,"CAIZA ""D""",estado nutricional en menores de 5 anos,clasificacion c,2002-06-01,83,221,83,221,304
21003,CAJUATA,estado nutricional en menores de 5 anos,clasificacion c,2002-06-01,56,22,56,22,78
20303,CALACOTO,estado nutricional en menores de 5 anos,clasificacion c,2002-06-01,33,37,33,37,70
21304,CALAMARCA,estado nutricional en menores de 5 anos,clasificacion c,2002-06-01,77,104,77,104,181
10701,CAMARGO,estado nutricional en menores de 5 anos,clasificacion c,2002-06-01,169,277,169,277,446
10901,CAMATAQUI (C. VILLA ABECIA),estado nutricional en menores de 5 anos,clasificacion c,2002-06-01,79,110,79,110,189
70706,CAMIRI,estado nutricional en menores de 5 anos,clasificacion c,2002-06-01,116,193,116,193,309
30701,CAPINOTA,estado nutricional en menores de 5 anos,clasificacion c,2002-06-01,58,50,58,50,108
20302,CAQUIAVIRI,estado nutricional en menores de 5 anos,clasificacion c,2002-06-01,65,56,65,56,121
40102,CARACOLLO,estado nutricional en menores de 5 anos,clasificacion c,2002-06-01,77,195,77,195,272
22001,CARANAVI,estado nutricional en menores de 5 anos,clasificacion c,2002-06-01,446,475,446,475,921
41503,CARANGAS,estado nutricional en menores de 5 anos,clasificacion c,2002-06-01,1,2,1,2,3
60302,CARAPARI,estado nutricional en menores de 5 anos,clasificacion c,2002-06-01,78,196,78,196,274
50702,CARIPUYO,estado nutricional en menores de 5 anos,clasificacion c,2002-06-01,22,167,22,167,189
21902,CATACORA,estado nutricional en menores de 5 anos,clasificacion c,2002-06-01,10,17,10,17,27
21803,CHACARILLA,estado nutricional en menores de 5 anos,clasificacion c,2002-06-01,0,23,0,23,23
40201,CHALLAPATA,estado nutricional en menores de 5 anos,clasificacion c,2002-06-01,97,138,97,138,235
50302,CHAQUI,estado nutricional en menores de 5 anos,clasificacion c,2002-06-01,133,87,133,87,220
70702,CHARAGUA,estado nutricional en menores de 5 anos,clasificacion c,2002-06-01,17,484,17,484,501
20305,CHARAÃ‘A,estado nutricional en menores de 5 anos,clasificacion c,2002-06-01,16,7,16,7,23
50202,CHAYANTA,estado nutricional en menores de 5 anos,clasificacion c,2002-06-01,59,133,59,133,192
31204,CHIMORE,estado nutricional en menores de 5 anos,clasificacion c,2002-06-01,52,23,52,23,75
40903,CHIPAYA,estado nutricional en menores de 5 anos,clasificacion c,2002-06-01,1,19,1,19,20
40302,CHOQUE COTA,estado nutricional en menores de 5 anos,clasificacion c,2002-06-01,16,25,16,25,41
21101,CHULUMANI (V. DE LA LIBERTAD),estado nutricional en menores de 5 anos,clasificacion c,2002-06-01,38,65,38,65,103
20501,CHUMA,estado nutricional en menores de 5 anos,clasificacion c,2002-06-01,42,76,42,76,118
30801,CLIZA,estado nutricional en menores de 5 anos,clasificacion c,2002-06-01,25,88,25,88,113
90101,COBIJA,estado nutricional en menores de 5 anos,clasificacion c,2002-06-01,160,124,160,124,284
30101,COCHABAMBA,estado nutricional en menores de 5 anos,clasificacion c,2002-06-01,1086,1046,1086,1046,2132
40902,COIPASA,estado nutricional en menores de 5 anos,clasificacion c,2002-06-01,6,0,6,0,6
30905,COLCAPIRHUA,estado nutricional en menores de 5 anos,clasificacion c,2002-06-01,257,152,257,152,409
50901,"COLCHA ""K""",estado nutricional en menores de 5 anos,clasificacion c,2002-06-01,48,277,48,277,325
21307,COLLANA,estado nutricional en menores de 5 anos,clasificacion c,2002-06-01,13,0,13,0,13
31002,COLOMI,estado nutricional en menores de 5 anos,clasificacion c,2002-06-01,107,205,107,205,312
50401,COLQUECHACA,estado nutricional en menores de 5 anos,clasificacion c,2002-06-01,166,104,166,104,270
21306,COLQUENCHA,estado nutricional en menores de 5 anos,clasificacion c,2002-06-01,63,29,63,29,92
21004,COLQUIRI,estado nutricional en menores de 5 anos,clasificacion c,2002-06-01,141,54,141,54,195
20304,COMANCHE,estado nutricional en menores de 5 anos,clasificacion c,2002-06-01,20,15,20,15,35
71301,COMARAPA,estado nutricional en menores de 5 anos,clasificacion c,2002-06-01,66,190,66,190,256
20605,COMBAYA,estado nutricional en menores de 5 anos,clasificacion c,2002-06-01,20,25,20,25,45
71101,CONCEPCION,estado nutricional en menores de 5 anos,clasificacion c,2002-06-01,55,40,55,40,95
21701,COPACABANA,estado nutricional en menores de 5 anos,clasificacion c,2002-06-01,91,120,91,120,211
21402,CORIPATA,estado nutricional en menores de 5 anos,clasificacion c,2002-06-01,21,79,21,79,100
20301,CORO CORO,estado nutricional en menores de 5 anos,clasificacion c,2002-06-01,79,49,79,49,128
21401,COROICO,estado nutricional en menores de 5 anos,clasificacion c,2002-06-01,96,44,96,44,140
40301,CORQUE,estado nutricional en menores de 5 anos,clasificacion c,2002-06-01,38,52,38,52,90
50601,COTAGAITA,estado nutricional en menores de 5 anos,clasificacion c,2002-06-01,105,562,105,562,667
70102,COTOCA,estado nutricional en menores de 5 anos,clasificacion c,2002-06-01,127,102,127,102,229
31405,CUCHUMUELA (V. G. VILLARROEL),estado nutricional en menores de 5 anos,clasificacion c,2002-06-01,23,68,23,68,91
70704,CUEVO,estado nutricional en menores de 5 anos,clasificacion c,2002-06-01,46,24,46,24,70
10902,CULPINA,estado nutricional en menores de 5 anos,clasificacion c,2002-06-01,357,338,357,338,695
40401,CURAHUARA DE CARANGAS,estado nutricional en menores de 5 anos,clasificacion c,2002-06-01,27,18,27,18,45
21602,CURVA,estado nutricional en menores de 5 anos,clasificacion c,2002-06-01,26,9,26,9,35
20804,DESAGUADERO,estado nutricional en menores de 5 anos,clasificacion c,2002-06-01,7,61,7,61,68
20105,EL ALTO,estado nutricional en menores de 5 anos,clasificacion c,2002-06-01,4521,2557,4521,2557,7078
40103,EL CHORO,estado nutricional en menores de 5 anos,clasificacion c,2002-06-01,18,35,18,35,53
71503,EL PUENTE(STC),estado nutricional en menores de 5 anos,clasificacion c,2002-06-01,68,175,68,175,243
60502,EL PUENTE(TJA),estado nutricional en menores de 5 anos,clasificacion c,2002-06-01,81,198,81,198,279
70105,EL TORNO,estado nutricional en menores de 5 anos,clasificacion c,2002-06-01,208,150,208,150,358
10405,EL VILLAR,estado nutricional en menores de 5 anos,clasificacion c,2002-06-01,100,152,100,152,252
60601,ENTRE RIOS,estado nutricional en menores de 5 anos,clasificacion c,2002-06-01,205,255,205,255,460
40502,ESCARA,estado nutricional en menores de 5 anos,clasificacion c,2002-06-01,1,3,1,3,4
41101,EUCALIPTUS,estado nutricional en menores de 5 anos,clasificacion c,2002-06-01,4,137,4,137,141
80402,EXALTACION,estado nutricional en menores de 5 anos,clasificacion c,2002-06-01,6,7,6,7,13
90203,FILADELFIA,estado nutricional en menores de 5 anos,clasificacion c,2002-06-01,13,16,13,16,29
71002,GENERAL SAAVEDRA,estado nutricional en menores de 5 anos,clasificacion c,2002-06-01,128,234,128,234,362
20602,GUANAY,estado nutricional en menores de 5 anos,clasificacion c,2002-06-01,410,288,410,288,698
20802,GUAQUI,estado nutricional en menores de 5 anos,clasificacion c,2002-06-01,24,19,24,19,43
80202,GUAYARAMERIN,estado nutricional en menores de 5 anos,clasificacion c,2002-06-01,276,154,276,154,430
70705,GUTIERREZ,estado nutricional en menores de 5 anos,clasificacion c,2002-06-01,83,332,83,332,415
10502,HUACARETA,estado nutricional en menores de 5 anos,clasificacion c,2002-06-01,191,358,191,358,549
11002,HUACAYA (VILLA DE HUACAYA),estado nutricional en menores de 5 anos,clasificacion c,2002-06-01,32,55,32,55,87
40501,HUACHACALLA,estado nutricional en menores de 5 anos,clasificacion c,2002-06-01,12,8,12,8,20
40701,HUANUNI,estado nutricional en menores de 5 anos,clasificacion c,2002-06-01,23,0,23,0,23
80803,HUARACAJE,estado nutricional en menores de 5 anos,clasificacion c,2002-06-01,46,20,46,20,66
41601,HUAYLLAMARCA,estado nutricional en menores de 5 anos,clasificacion c,2002-06-01,43,25,43,25,68
21005,ICHOCA,estado nutricional en menores de 5 anos,clasificacion c,2002-06-01,17,17,17,17,34
10304,ICLA,estado nutricional en menores de 5 anos,clasificacion c,2002-06-01,244,323,244,323,567
10703,INCAHUASI,estado nutricional en menores de 5 anos,clasificacion c,2002-06-01,324,275,324,275,599
90402,INGAVI (HUMAITA),estado nutricional en menores de 5 anos,clasificacion c,2002-06-01,1,0,1,0,1
21001,INQUISIVI,estado nutricional en menores de 5 anos,clasificacion c,2002-06-01,98,218,98,218,316
21102,IRUPANA (VILLA DE LANZA),estado nutricional en menores de 5 anos,clasificacion c,2002-06-01,77,245,77,245,322
21501,IXIAMAS,estado nutricional en menores de 5 anos,clasificacion c,2002-06-01,102,69,102,69,171
21105,LA ASUNTA,estado nutricional en menores de 5 anos,clasificacion c,2002-06-01,108,65,108,65,173
70104,LA GUARDIA,estado nutricional en menores de 5 anos,clasificacion c,2002-06-01,405,146,405,146,551
20101,LA PAZ,estado nutricional en menores de 5 anos,clasificacion c,2002-06-01,3793,2380,3793,2380,6173
41501,LA RIVERA,estado nutricional en menores de 5 anos,clasificacion c,2002-06-01,4,0,4,0,4
70701,LAGUNILLAS,estado nutricional en menores de 5 anos,clasificacion c,2002-06-01,99,52,99,52,151
21202,LAJA,estado nutricional en menores de 5 anos,clasificacion c,2002-06-01,3,101,3,101,104
10903,LAS CARRERAS,estado nutricional en menores de 5 anos,clasificacion c,2002-06-01,58,94,58,94,152
21006,LICOMA PAMPA,estado nutricional en menores de 5 anos,clasificacion c,2002-06-01,3,5,3,5,8
50203,LLALLAGUA,estado nutricional en menores de 5 anos,clasificacion c,2002-06-01,5,55,5,55,60
51401,LLICA,estado nutricional en menores de 5 anos,clasificacion c,2002-06-01,81,84,81,84,165
80601,LORETO,estado nutricional en menores de 5 anos,clasificacion c,2002-06-01,21,54,21,54,75
20901,LURIBAY,estado nutricional en menores de 5 anos,clasificacion c,2002-06-01,42,99,42,99,141
11003,MACHARETI,estado nutricional en menores de 5 anos,clasificacion c,2002-06-01,135,247,135,247,382
80801,MAGDALENA,estado nutricional en menores de 5 anos,clasificacion c,2002-06-01,59,67,59,67,126
70903,MAIRANA,estado nutricional en menores de 5 anos,clasificacion c,2002-06-01,92,51,92,51,143
20103,MECAPACA,estado nutricional en menores de 5 anos,clasificacion c,2002-06-01,74,104,74,104,178
71003,MINEROS,estado nutricional en menores de 5 anos,clasificacion c,2002-06-01,272,97,272,97,369
31301,MIZQUE,estado nutricional en menores de 5 anos,clasificacion c,2002-06-01,52,104,52,104,156
20402,MOCOMOCO,estado nutricional en menores de 5 anos,clasificacion c,2002-06-01,150,80,150,80,230
51002,MOJINETE,estado nutricional en menores de 5 anos,clasificacion c,2002-06-01,0,21,0,21,21
10303,MOJOCOYA,estado nutricional en menores de 5 anos,clasificacion c,2002-06-01,178,263,178,263,441
10501,MONTEAGUDO,estado nutricional en menores de 5 anos,clasificacion c,2002-06-01,459,432,459,432,891
71001,MONTERO,estado nutricional en menores de 5 anos,clasificacion c,2002-06-01,582,1059,582,1059,1641
70803,MORO MORO,estado nutricional en menores de 5 anos,clasificacion c,2002-06-01,29,20,29,20,49
30302,MOROCHATA,estado nutricional en menores de 5 anos,clasificacion c,2002-06-01,68,117,68,117,185
90401,NACEBE (SANTA ROSA DEL ABUNA),estado nutricional en menores de 5 anos,clasificacion c,2002-06-01,7,1,7,1,8
20307,NAZACARA DE PACAJES,estado nutricional en menores de 5 anos,clasificacion c,2002-06-01,10,2,10,2,12
90501,NUEVO MANOA (NUEVA ESPERANZA),estado nutricional en menores de 5 anos,clasificacion c,2002-06-01,0,17,0,17,17
50404,OCURI,estado nutricional en menores de 5 anos,clasificacion c,2002-06-01,83,196,83,196,279
70202,OKINAWA,estado nutricional en menores de 5 anos,clasificacion c,2002-06-01,33,118,33,118,151
40101,ORURO,estado nutricional en menores de 5 anos,clasificacion c,2002-06-01,1522,951,1522,951,2473
60201,PADCAYA,estado nutricional en menores de 5 anos,clasificacion c,2002-06-01,151,252,151,252,403
10401,PADILLA,estado nutricional en menores de 5 anos,clasificacion c,2002-06-01,316,458,316,458,774
70502,PAILON,estado nutricional en menores de 5 anos,clasificacion c,2002-06-01,60,37,60,37,97
20102,PALCA,estado nutricional en menores de 5 anos,clasificacion c,2002-06-01,40,77,40,77,117
21104,PALOS BLANCOS,estado nutricional en menores de 5 anos,clasificacion c,2002-06-01,268,304,268,304,572
40802,PAMPA AULLAGAS,estado nutricional en menores de 5 anos,clasificacion c,2002-06-01,32,18,32,18,50
70902,PAMPA GRANDE,estado nutricional en menores de 5 anos,clasificacion c,2002-06-01,38,55,38,55,93
21802,PAPEL PAMPA,estado nutricional en menores de 5 anos,clasificacion c,2002-06-01,28,27,28,27,55
30202,PASORAPA,estado nutricional en menores de 5 anos,clasificacion c,2002-06-01,34,30,34,30,64
21305,PATACAMAYA,estado nutricional en menores de 5 anos,clasificacion c,2002-06-01,130,44,130,44,174
40602,PAZÃ‘A,estado nutricional en menores de 5 anos,clasificacion c,2002-06-01,27,35,27,35,62
20702,PELECHUCO,estado nutricional en menores de 5 anos,clasificacion c,2002-06-01,9,52,9,52,61
50403,POCOATA,estado nutricional en menores de 5 anos,clasificacion c,2002-06-01,248,341,248,341,589
31203,POCONA,estado nutricional en menores de 5 anos,clasificacion c,2002-06-01,107,57,107,57,164
31202,POJO (CBBA),estado nutricional en menores de 5 anos,clasificacion c,2002-06-01,333,274,333,274,607
40601,POOPO,estado nutricional en menores de 5 anos,clasificacion c,2002-06-01,5,33,5,33,38
51203,PORCO,estado nutricional en menores de 5 anos,clasificacion c,2002-06-01,68,80,68,80,148
10103,POROMA,estado nutricional en menores de 5 anos,clasificacion c,2002-06-01,290,234,290,234,524
70103,PORONGO,estado nutricional en menores de 5 anos,clasificacion c,2002-06-01,68,45,68,45,113
70601,PORTACHUELO,estado nutricional en menores de 5 anos,clasificacion c,2002-06-01,232,128,232,128,360
70804,POSTRER VALLE,estado nutricional en menores de 5 anos,clasificacion c,2002-06-01,10,23,10,23,33
50101,POTOSI,estado nutricional en menores de 5 anos,clasificacion c,2002-06-01,1117,569,1117,569,1686
10302,PRESTO,estado nutricional en menores de 5 anos,clasificacion c,2002-06-01,89,151,89,151,240
70805,PUCARA,estado nutricional en menores de 5 anos,clasificacion c,2002-06-01,2,7,2,7,9
21201,PUCARANI,estado nutricional en menores de 5 anos,clasificacion c,2002-06-01,21,206,21,206,227
20401,PUERTO ACOSTA,estado nutricional en menores de 5 anos,clasificacion c,2002-06-01,178,163,178,163,341
20403,PUERTO CARABUCO,estado nutricional en menores de 5 anos,clasificacion c,2002-06-01,116,92,116,92,208
90301,PUERTO GONZALO MORENO,estado nutricional en menores de 5 anos,clasificacion c,2002-06-01,18,7,18,7,25
21204,PUERTO PEREZ,estado nutricional en menores de 5 anos,clasificacion c,2002-06-01,15,111,15,111,126
71402,PUERTO QUIJARRO,estado nutricional en menores de 5 anos,clasificacion c,2002-06-01,159,61,159,61,220
90201,PUERTO RICO,estado nutricional en menores de 5 anos,clasificacion c,2002-06-01,21,53,21,53,74
80703,PUERTO SILES,estado nutricional en menores de 5 anos,clasificacion c,2002-06-01,7,8,7,8,15
71401,PUERTO SUAREZ,estado nutricional en menores de 5 anos,clasificacion c,2002-06-01,92,13,92,13,105
31205,PUERTO VILLARROEL,estado nutricional en menores de 5 anos,clasificacion c,2002-06-01,285,226,285,226,511
51101,PUNA,estado nutricional en menores de 5 anos,clasificacion c,2002-06-01,83,202,83,202,285
31401,PUNATA,estado nutricional en menores de 5 anos,clasificacion c,2002-06-01,189,191,189,191,380
20604,QUIABAYA,estado nutricional en menores de 5 anos,clasificacion c,2002-06-01,40,65,40,65,105
30901,QUILLACOLLO,estado nutricional en menores de 5 anos,clasificacion c,2002-06-01,113,116,113,116,229
21002,QUIME,estado nutricional en menores de 5 anos,clasificacion c,2002-06-01,87,74,87,74,161
70904,QUIRUSILLAS,estado nutricional en menores de 5 anos,clasificacion c,2002-06-01,7,4,7,4,11
50402,RAVELO,estado nutricional en menores de 5 anos,clasificacion c,2002-06-01,252,289,252,289,541
80301,REYES,estado nutricional en menores de 5 anos,clasificacion c,2002-06-01,76,45,76,45,121
80201,RIBERALTA,estado nutricional en menores de 5 anos,clasificacion c,2002-06-01,757,383,757,383,1140
70503,ROBORE,estado nutricional en menores de 5 anos,clasificacion c,2002-06-01,114,114,114,114,228
80304,RURRENABAQUE,estado nutricional en menores de 5 anos,clasificacion c,2002-06-01,116,118,116,118,234
40901,SABAYA,estado nutricional en menores de 5 anos,clasificacion c,2002-06-01,21,15,21,15,36
31001,SACABA,estado nutricional en menores de 5 anos,clasificacion c,2002-06-01,282,53,282,53,335
30404,SACABAMBA,estado nutricional en menores de 5 anos,clasificacion c,2002-06-01,10,122,10,122,132
50701,SACACA,estado nutricional en menores de 5 anos,clasificacion c,2002-06-01,214,417,214,417,631
71302,SAIPINA,estado nutricional en menores de 5 anos,clasificacion c,2002-06-01,13,18,13,18,31
40801,SALINAS DE GARCI MENDOZA,estado nutricional en menores de 5 anos,clasificacion c,2002-06-01,47,63,47,63,110
70901,SAMAIPATA,estado nutricional en menores de 5 anos,clasificacion c,2002-06-01,33,25,33,25,58
51601,SAN AGUSTIN,estado nutricional en menores de 5 anos,clasificacion c,2002-06-01,24,50,24,50,74
80602,SAN ANDRES,estado nutricional en menores de 5 anos,clasificacion c,2002-06-01,84,144,84,144,228
51003,SAN ANTONIO DE ESMORUCO,estado nutricional en menores de 5 anos,clasificacion c,2002-06-01,1,8,1,8,9
71105,SAN ANTONIO DE LOMERIO,estado nutricional en menores de 5 anos,clasificacion c,2002-06-01,109,110,109,110,219
31403,SAN BENITO,estado nutricional en menores de 5 anos,clasificacion c,2002-06-01,61,77,61,77,138
80302,SAN BORJA,estado nutricional en menores de 5 anos,clasificacion c,2002-06-01,460,276,460,276,736
21502,SAN BUENA VENTURA,estado nutricional en menores de 5 anos,clasificacion c,2002-06-01,111,82,111,82,193
80501,SAN IGNACIO,estado nutricional en menores de 5 anos,clasificacion c,2002-06-01,61,224,61,224,285
70301,SAN IGNACIO DE VELASCO,estado nutricional en menores de 5 anos,clasificacion c,2002-06-01,593,320,593,320,913
80102,SAN JAVIER(BNI),estado nutricional en menores de 5 anos,clasificacion c,2002-06-01,46,92,46,92,138
71102,SAN JAVIER(STC),estado nutricional en menores de 5 anos,clasificacion c,2002-06-01,123,123,123,123,246
80701,SAN JOAQUIN,estado nutricional en menores de 5 anos,clasificacion c,2002-06-01,14,40,14,40,54
70501,SAN JOSE DE CHIQUITOS,estado nutricional en menores de 5 anos,clasificacion c,2002-06-01,71,27,71,27,98
71104,SAN JULIAN,estado nutricional en menores de 5 anos,clasificacion c,2002-06-01,244,515,244,515,759
90302,SAN LORENZO(PND),estado nutricional en menores de 5 anos,clasificacion c,2002-06-01,3,31,3,31,34
60501,SAN LORENZO(TJA),estado nutricional en menores de 5 anos,clasificacion c,2002-06-01,109,78,109,78,187
10702,SAN LUCAS,estado nutricional en menores de 5 anos,clasificacion c,2002-06-01,680,743,680,743,1423
71201,SAN MATIAS,estado nutricional en menores de 5 anos,clasificacion c,2002-06-01,0,8,0,8,8
70302,SAN MIGUEL DE VELASCO,estado nutricional en menores de 5 anos,clasificacion c,2002-06-01,175,129,175,129,304
51001,SAN PABLO DE LIPEZ,estado nutricional en menores de 5 anos,clasificacion c,2002-06-01,6,39,6,39,45
50501,SAN PEDRO DE BUENA VISTA,estado nutricional en menores de 5 anos,clasificacion c,2002-06-01,26,438,26,438,464
21801,SAN PEDRO DE CURAHUARA,estado nutricional en menores de 5 anos,clasificacion c,2002-06-01,53,67,53,67,120
50902,SAN PEDRO DE QUEMES,estado nutricional en menores de 5 anos,clasificacion c,2002-06-01,0,20,0,20,20
21702,SAN PEDRO DE TIQUINA,estado nutricional en menores de 5 anos,clasificacion c,2002-06-01,2,77,2,77,79
90202,SAN PEDRO(PND),estado nutricional en menores de 5 anos,clasificacion c,2002-06-01,33,20,33,20,53
70303,SAN RAFAEL,estado nutricional en menores de 5 anos,clasificacion c,2002-06-01,81,60,81,60,141
80702,SAN RAMON,estado nutricional en menores de 5 anos,clasificacion c,2002-06-01,80,82,80,82,162
80702,SAN RAMON,estado nutricional en menores de 5 anos,clasificacion c,2002-06-01,143,89,143,89,232
80401,SANTA ANA,estado nutricional en menores de 5 anos,clasificacion c,2002-06-01,92,63,92,63,155
70101,SANTA CRUZ DE LA SIERRA,estado nutricional en menores de 5 anos,clasificacion c,2002-06-01,2717,1425,2717,1425,4142
80303,SANTA ROSA,estado nutricional en menores de 5 anos,clasificacion c,2002-06-01,79,30,79,30,109
70602,SANTA ROSA DEL SARA,estado nutricional en menores de 5 anos,clasificacion c,2002-06-01,46,76,46,76,122
20308,SANTIAGO DE CALLAPA,estado nutricional en menores de 5 anos,clasificacion c,2002-06-01,23,8,23,8,31
41401,SANTIAGO DE HUARI,estado nutricional en menores de 5 anos,clasificacion c,2002-06-01,41,45,41,45,86
21901,SANTIAGO DE MACHACA,estado nutricional en menores de 5 anos,clasificacion c,2002-06-01,37,15,37,15,52
30702,SANTIVAÃ‘ES,estado nutricional en menores de 5 anos,clasificacion c,2002-06-01,79,55,79,55,134
40202,SANTUARIO DE QUILLACAS,estado nutricional en menores de 5 anos,clasificacion c,2002-06-01,13,24,13,24,37
20902,SAPAHAQUI,estado nutricional en menores de 5 anos,clasificacion c,2002-06-01,4,27,4,27,31
90303,SENA,estado nutricional en menores de 5 anos,clasificacion c,2002-06-01,53,43,53,43,96
21301,SICA SICA (VILLA AROMA),estado nutricional en menores de 5 anos,clasificacion c,2002-06-01,142,31,142,31,173
30703,SICAYA,estado nutricional en menores de 5 anos,clasificacion c,2002-06-01,0,31,0,31,31
30902,SIPE SIPE,estado nutricional en menores de 5 anos,clasificacion c,2002-06-01,437,363,437,363,800
10403,SOPACHUY,estado nutricional en menores de 5 anos,clasificacion c,2002-06-01,98,85,98,85,183
20601,SORATA,estado nutricional en menores de 5 anos,clasificacion c,2002-06-01,241,233,241,233,474
10101,SUCRE,estado nutricional en menores de 5 anos,clasificacion c,2002-06-01,1704,1470,1704,1470,3174
31404,TACACHI,estado nutricional en menores de 5 anos,clasificacion c,2002-06-01,1,6,1,6,7
20603,TACACOMA,estado nutricional en menores de 5 anos,clasificacion c,2002-06-01,34,64,34,64,98
50303,TACOBAMBA,estado nutricional en menores de 5 anos,clasificacion c,2002-06-01,111,76,111,76,187
30602,TACOPAYA,estado nutricional en menores de 5 anos,clasificacion c,2002-06-01,39,123,39,123,162
51402,TAHUA,estado nutricional en menores de 5 anos,clasificacion c,2002-06-01,12,34,12,34,46
31101,TAPACARI,estado nutricional en menores de 5 anos,clasificacion c,2002-06-01,23,219,23,219,242
10601,TARABUCO,estado nutricional en menores de 5 anos,clasificacion c,2002-06-01,389,703,389,703,1092
30401,TARATA,estado nutricional en menores de 5 anos,clasificacion c,2002-06-01,90,72,90,72,162
60101,TARIJA,estado nutricional en menores de 5 anos,clasificacion c,2002-06-01,1155,643,1155,643,1798
10202,TARVITA,estado nutricional en menores de 5 anos,clasificacion c,2002-06-01,256,276,256,276,532
20803,TIAWANACU,estado nutricional en menores de 5 anos,clasificacion c,2002-06-01,123,125,123,125,248
50102,TINGUIPAYA,estado nutricional en menores de 5 anos,clasificacion c,2002-06-01,32,152,32,152,184
20606,TIPUANI,estado nutricional en menores de 5 anos,clasificacion c,2002-06-01,21,37,21,37,58
30903,TIQUIPAYA,estado nutricional en menores de 5 anos,clasificacion c,2002-06-01,136,146,136,146,282
31601,TIRAQUE (CBBA),estado nutricional en menores de 5 anos,clasificacion c,2002-06-01,148,276,148,276,424
21703,TITO YUPANQUI (PARQUIPUJIO),estado nutricional en menores de 5 anos,clasificacion c,2002-06-01,11,24,11,24,35
30802,TOCO,estado nutricional en menores de 5 anos,clasificacion c,2002-06-01,13,40,13,40,53
30803,TOLATA,estado nutricional en menores de 5 anos,clasificacion c,2002-06-01,8,23,8,23,31
41001,TOLEDO,estado nutricional en menores de 5 anos,clasificacion c,2002-06-01,37,62,37,62,99
51202,TOMAVE,estado nutricional en menores de 5 anos,clasificacion c,2002-06-01,24,311,24,311,335
10402,TOMINA,estado nutricional en menores de 5 anos,clasificacion c,2002-06-01,196,285,196,285,481
50502,TORO TORO,estado nutricional en menores de 5 anos,clasificacion c,2002-06-01,17,85,17,85,102
31201,TOTORA(CBBA),estado nutricional en menores de 5 anos,clasificacion c,2002-06-01,147,89,147,89,236
41301,TOTORA(ORR),estado nutricional en menores de 5 anos,clasificacion c,2002-06-01,42,70,42,70,112
70802,TRIGAL,estado nutricional en menores de 5 anos,clasificacion c,2002-06-01,13,9,13,9,22
80101,TRINIDAD,estado nutricional en menores de 5 anos,clasificacion c,2002-06-01,432,411,432,411,843
50801,TUPIZA,estado nutricional en menores de 5 anos,clasificacion c,2002-06-01,70,794,70,794,864
40402,TURCO,estado nutricional en menores de 5 anos,clasificacion c,2002-06-01,46,44,46,44,90
21302,UMALA,estado nutricional en menores de 5 anos,clasificacion c,2002-06-01,32,20,32,20,52
50201,UNCIA,estado nutricional en menores de 5 anos,clasificacion c,2002-06-01,179,238,179,238,417
60401,URIONDO (A. CONCEPCION),estado nutricional en menores de 5 anos,clasificacion c,2002-06-01,56,100,56,100,156
71502,URUBICHA,estado nutricional en menores de 5 anos,clasificacion c,2002-06-01,156,431,156,431,587
51201,UYUNI,estado nutricional en menores de 5 anos,clasificacion c,2002-06-01,212,467,212,467,679
30502,VACAS,estado nutricional en menores de 5 anos,clasificacion c,2002-06-01,14,33,14,33,47
70801,VALLEGRANDE,estado nutricional en menores de 5 anos,clasificacion c,2002-06-01,133,175,133,175,308
20801,VIACHA,estado nutricional en menores de 5 anos,clasificacion c,2002-06-01,84,408,84,408,492
31302,VILA VILA,estado nutricional en menores de 5 anos,clasificacion c,2002-06-01,12,18,12,18,30
60303,VILLA MONTES,estado nutricional en menores de 5 anos,clasificacion c,2002-06-01,123,154,123,154,277
90502,VILLA NUEVA (LOMA ALTA),estado nutricional en menores de 5 anos,clasificacion c,2002-06-01,3,1,3,1,4
31402,VILLA RIVERO,estado nutricional en menores de 5 anos,clasificacion c,2002-06-01,16,53,16,53,69
10801,VILLA SERRANO,estado nutricional en menores de 5 anos,clasificacion c,2002-06-01,213,359,213,359,572
31003,VILLA TUNARI,estado nutricional en menores de 5 anos,clasificacion c,2002-06-01,392,229,392,229,621
11001,VILLA VACA GUZMAN (MUYUPAMPA),estado nutricional en menores de 5 anos,clasificacion c,2002-06-01,225,335,225,335,560
51501,VILLAZON,estado nutricional en menores de 5 anos,clasificacion c,2002-06-01,120,646,120,646,766
30904,VINTO,estado nutricional en menores de 5 anos,clasificacion c,2002-06-01,143,66,143,66,209
50602,VITICHI,estado nutricional en menores de 5 anos,clasificacion c,2002-06-01,84,216,84,216,300
20306,WALDO BALLIVIAN,estado nutricional en menores de 5 anos,clasificacion c,2002-06-01,9,4,9,4,13
70201,WARNES,estado nutricional en menores de 5 anos,clasificacion c,2002-06-01,237,211,237,211,448
20903,YACO,estado nutricional en menores de 5 anos,clasificacion c,2002-06-01,6,55,6,55,61
60301,YACUIBA,estado nutricional en menores de 5 anos,clasificacion c,2002-06-01,494,274,494,274,768
10602,YAMPARAEZ,estado nutricional en menores de 5 anos,clasificacion c,2002-06-01,268,412,268,412,680
21103,YANACACHI,estado nutricional en menores de 5 anos,clasificacion c,2002-06-01,44,40,44,40,84
50103,YOCALLA,estado nutricional en menores de 5 anos,clasificacion c,2002-06-01,9,194,9,194,203
10102,YOTALA,estado nutricional en menores de 5 anos,clasificacion c,2002-06-01,206,382,206,382,588
60402,YUNCHARA,estado nutricional en menores de 5 anos,clasificacion c,2002-06-01,35,28,35,28,63
10301,ZUDAÃ‘EZ,estado nutricional en menores de 5 anos,clasificacion c,2002-06-01,140,217,140,217,357
51302,ACACIO,estado nutricional en menores de 5 anos,clasificacion c,2002-07-01,25,131,25,131,156
20201,ACHACACHI,estado nutricional en menores de 5 anos,clasificacion c,2002-07-01,495,388,495,388,883
20104,ACHOCALLA,estado nutricional en menores de 5 anos,clasificacion c,2002-07-01,78,42,78,42,120
30201,AIQUILE,estado nutricional en menores de 5 anos,clasificacion c,2002-07-01,33,101,33,101,134
31303,ALALAY,estado nutricional en menores de 5 anos,clasificacion c,2002-07-01,15,23,15,23,38
10404,ALCALA,estado nutricional en menores de 5 anos,clasificacion c,2002-07-01,67,98,67,98,165
20202,ANCORAIMES,estado nutricional en menores de 5 anos,clasificacion c,2002-07-01,174,217,174,217,391
41201,ANDAMARCA,estado nutricional en menores de 5 anos,clasificacion c,2002-07-01,51,50,51,50,101
40603,ANTEQUERA,estado nutricional en menores de 5 anos,clasificacion c,2002-07-01,0,11,0,11,11
30402,ANZALDO,estado nutricional en menores de 5 anos,clasificacion c,2002-07-01,3,130,3,130,133
20701,APOLO,estado nutricional en menores de 5 anos,clasificacion c,2002-07-01,95,59,95,59,154
51301,ARAMPAMPA,estado nutricional en menores de 5 anos,clasificacion c,2002-07-01,48,70,48,70,118
30501,ARANI,estado nutricional en menores de 5 anos,clasificacion c,2002-07-01,20,88,20,88,108
30403,ARBIETO,estado nutricional en menores de 5 anos,clasificacion c,2002-07-01,7,92,7,92,99
30601,ARQUE,estado nutricional en menores de 5 anos,clasificacion c,2002-07-01,57,93,57,93,150
71501,ASCENCION DE GUARAYOS,estado nutricional en menores de 5 anos,clasificacion c,2002-07-01,5,5,5,5,10
50802,ATOCHA,estado nutricional en menores de 5 anos,clasificacion c,2002-07-01,18,179,18,179,197
20503,AUCAPATA,estado nutricional en menores de 5 anos,clasificacion c,2002-07-01,10,5,10,5,15
20502,AYATA,estado nutricional en menores de 5 anos,clasificacion c,2002-07-01,21,17,21,17,38
21303,AYO AYO,estado nutricional en menores de 5 anos,clasificacion c,2002-07-01,102,16,102,16,118
30301,AYOPAYA (V. DE INDEPENDENCIA),estado nutricional en menores de 5 anos,clasificacion c,2002-07-01,243,157,243,157,400
10201,AZURDUY,estado nutricional en menores de 5 anos,clasificacion c,2002-07-01,115,104,115,104,219
21203,BATALLAS,estado nutricional en menores de 5 anos,clasificacion c,2002-07-01,196,154,196,154,350
80802,BAURES,estado nutricional en menores de 5 anos,clasificacion c,2002-07-01,61,77,61,77,138
41202,BELEN DE ANDAMARCA,estado nutricional en menores de 5 anos,clasificacion c,2002-07-01,4,5,4,5,9
50104,BELEN DE URMIRI,estado nutricional en menores de 5 anos,clasificacion c,2002-07-01,10,32,10,32,42
90104,BELLA FLOR,estado nutricional en menores de 5 anos,clasificacion c,2002-07-01,76,117,76,117,193
60202,BERMEJO,estado nutricional en menores de 5 anos,clasificacion c,2002-07-01,61,83,61,83,144
50301,BETANZOS,estado nutricional en menores de 5 anos,clasificacion c,2002-07-01,322,384,322,384,706
31501,BOLIVAR,estado nutricional en menores de 5 anos,clasificacion c,2002-07-01,83,113,83,113,196
90103,BOLPEBRA,estado nutricional en menores de 5 anos,clasificacion c,2002-07-01,22,7,22,7,29
70707,BOYUIBE,estado nutricional en menores de 5 anos,clasificacion c,2002-07-01,6,152,6,152,158
70703,CABEZAS,estado nutricional en menores de 5 anos,clasificacion c,2002-07-01,72,52,72,52,124
20905,CAIROMA,estado nutricional en menores de 5 anos,clasificacion c,2002-07-01,30,36,30,36,66
51102,"CAIZA ""D""",estado nutricional en menores de 5 anos,clasificacion c,2002-07-01,131,137,131,137,268
21003,CAJUATA,estado nutricional en menores de 5 anos,clasificacion c,2002-07-01,52,22,52,22,74
20303,CALACOTO,estado nutricional en menores de 5 anos,clasificacion c,2002-07-01,32,28,32,28,60
21304,CALAMARCA,estado nutricional en menores de 5 anos,clasificacion c,2002-07-01,101,65,101,65,166
10701,CAMARGO,estado nutricional en menores de 5 anos,clasificacion c,2002-07-01,142,211,142,211,353
10901,CAMATAQUI (C. VILLA ABECIA),estado nutricional en menores de 5 anos,clasificacion c,2002-07-01,66,72,66,72,138
70706,CAMIRI,estado nutricional en menores de 5 anos,clasificacion c,2002-07-01,123,214,123,214,337
30701,CAPINOTA,estado nutricional en menores de 5 anos,clasificacion c,2002-07-01,31,29,31,29,60
20302,CAQUIAVIRI,estado nutricional en menores de 5 anos,clasificacion c,2002-07-01,63,41,63,41,104
40102,CARACOLLO,estado nutricional en menores de 5 anos,clasificacion c,2002-07-01,108,185,108,185,293
22001,CARANAVI,estado nutricional en menores de 5 anos,clasificacion c,2002-07-01,676,506,676,506,1182
41503,CARANGAS,estado nutricional en menores de 5 anos,clasificacion c,2002-07-01,0,2,0,2,2
60302,CARAPARI,estado nutricional en menores de 5 anos,clasificacion c,2002-07-01,78,214,78,214,292
50702,CARIPUYO,estado nutricional en menores de 5 anos,clasificacion c,2002-07-01,91,109,91,109,200
21902,CATACORA,estado nutricional en menores de 5 anos,clasificacion c,2002-07-01,3,1,3,1,4
21803,CHACARILLA,estado nutricional en menores de 5 anos,clasificacion c,2002-07-01,9,19,9,19,28
40201,CHALLAPATA,estado nutricional en menores de 5 anos,clasificacion c,2002-07-01,81,156,81,156,237
50302,CHAQUI,estado nutricional en menores de 5 anos,clasificacion c,2002-07-01,128,95,128,95,223
70702,CHARAGUA,estado nutricional en menores de 5 anos,clasificacion c,2002-07-01,137,604,137,604,741
20305,CHARAÃ‘A,estado nutricional en menores de 5 anos,clasificacion c,2002-07-01,27,25,27,25,52
50202,CHAYANTA,estado nutricional en menores de 5 anos,clasificacion c,2002-07-01,86,62,86,62,148
31204,CHIMORE,estado nutricional en menores de 5 anos,clasificacion c,2002-07-01,58,36,58,36,94
40903,CHIPAYA,estado nutricional en menores de 5 anos,clasificacion c,2002-07-01,0,9,0,9,9
40302,CHOQUE COTA,estado nutricional en menores de 5 anos,clasificacion c,2002-07-01,13,8,13,8,21
21101,CHULUMANI (V. DE LA LIBERTAD),estado nutricional en menores de 5 anos,clasificacion c,2002-07-01,59,77,59,77,136
20501,CHUMA,estado nutricional en menores de 5 anos,clasificacion c,2002-07-01,34,66,34,66,100
30801,CLIZA,estado nutricional en menores de 5 anos,clasificacion c,2002-07-01,14,64,14,64,78
90101,COBIJA,estado nutricional en menores de 5 anos,clasificacion c,2002-07-01,324,174,324,174,498
30101,COCHABAMBA,estado nutricional en menores de 5 anos,clasificacion c,2002-07-01,1665,1276,1665,1276,2941
40902,COIPASA,estado nutricional en menores de 5 anos,clasificacion c,2002-07-01,1,2,1,2,3
30905,COLCAPIRHUA,estado nutricional en menores de 5 anos,clasificacion c,2002-07-01,168,334,168,334,502
50901,"COLCHA ""K""",estado nutricional en menores de 5 anos,clasificacion c,2002-07-01,124,174,124,174,298
21307,COLLANA,estado nutricional en menores de 5 anos,clasificacion c,2002-07-01,13,1,13,1,14
31002,COLOMI,estado nutricional en menores de 5 anos,clasificacion c,2002-07-01,88,119,88,119,207
50401,COLQUECHACA,estado nutricional en menores de 5 anos,clasificacion c,2002-07-01,215,124,215,124,339
21306,COLQUENCHA,estado nutricional en menores de 5 anos,clasificacion c,2002-07-01,70,35,70,35,105
21004,COLQUIRI,estado nutricional en menores de 5 anos,clasificacion c,2002-07-01,109,60,109,60,169
20304,COMANCHE,estado nutricional en menores de 5 anos,clasificacion c,2002-07-01,8,4,8,4,12
71301,COMARAPA,estado nutricional en menores de 5 anos,clasificacion c,2002-07-01,121,213,121,213,334
20605,COMBAYA,estado nutricional en menores de 5 anos,clasificacion c,2002-07-01,22,33,22,33,55
71101,CONCEPCION,estado nutricional en menores de 5 anos,clasificacion c,2002-07-01,98,23,98,23,121
21701,COPACABANA,estado nutricional en menores de 5 anos,clasificacion c,2002-07-01,134,86,134,86,220
21402,CORIPATA,estado nutricional en menores de 5 anos,clasificacion c,2002-07-01,28,54,28,54,82
20301,CORO CORO,estado nutricional en menores de 5 anos,clasificacion c,2002-07-01,82,53,82,53,135
21401,COROICO,estado nutricional en menores de 5 anos,clasificacion c,2002-07-01,127,75,127,75,202
40301,CORQUE,estado nutricional en menores de 5 anos,clasificacion c,2002-07-01,46,52,46,52,98
50601,COTAGAITA,estado nutricional en menores de 5 anos,clasificacion c,2002-07-01,181,367,181,367,548
70102,COTOCA,estado nutricional en menores de 5 anos,clasificacion c,2002-07-01,221,72,221,72,293
31405,CUCHUMUELA (V. G. VILLARROEL),estado nutricional en menores de 5 anos,clasificacion c,2002-07-01,15,15,15,15,30
70704,CUEVO,estado nutricional en menores de 5 anos,clasificacion c,2002-07-01,66,69,66,69,135
10902,CULPINA,estado nutricional en menores de 5 anos,clasificacion c,2002-07-01,288,299,288,299,587
40401,CURAHUARA DE CARANGAS,estado nutricional en menores de 5 anos,clasificacion c,2002-07-01,46,23,46,23,69
21602,CURVA,estado nutricional en menores de 5 anos,clasificacion c,2002-07-01,33,10,33,10,43
20804,DESAGUADERO,estado nutricional en menores de 5 anos,clasificacion c,2002-07-01,58,30,58,30,88
20105,EL ALTO,estado nutricional en menores de 5 anos,clasificacion c,2002-07-01,5296,2742,5296,2742,8038
40103,EL CHORO,estado nutricional en menores de 5 anos,clasificacion c,2002-07-01,30,16,30,16,46
71503,EL PUENTE(STC),estado nutricional en menores de 5 anos,clasificacion c,2002-07-01,15,254,15,254,269
60502,EL PUENTE(TJA),estado nutricional en menores de 5 anos,clasificacion c,2002-07-01,63,112,63,112,175
70105,EL TORNO,estado nutricional en menores de 5 anos,clasificacion c,2002-07-01,326,320,326,320,646
10405,EL VILLAR,estado nutricional en menores de 5 anos,clasificacion c,2002-07-01,90,173,90,173,263
60601,ENTRE RIOS,estado nutricional en menores de 5 anos,clasificacion c,2002-07-01,166,228,166,228,394
40502,ESCARA,estado nutricional en menores de 5 anos,clasificacion c,2002-07-01,0,3,0,3,3
41101,EUCALIPTUS,estado nutricional en menores de 5 anos,clasificacion c,2002-07-01,32,28,32,28,60
90503,EUREKA (SANTOS MERCADO),estado nutricional en menores de 5 anos,clasificacion c,2002-07-01,2,8,2,8,10
80402,EXALTACION,estado nutricional en menores de 5 anos,clasificacion c,2002-07-01,7,35,7,35,42
90203,FILADELFIA,estado nutricional en menores de 5 anos,clasificacion c,2002-07-01,11,45,11,45,56
71002,GENERAL SAAVEDRA,estado nutricional en menores de 5 anos,clasificacion c,2002-07-01,218,285,218,285,503
21601,GRAL. J.J. PEREZ (CHARAZANI),estado nutricional en menores de 5 anos,clasificacion c,2002-07-01,32,67,32,67,99
20602,GUANAY,estado nutricional en menores de 5 anos,clasificacion c,2002-07-01,453,216,453,216,669
20802,GUAQUI,estado nutricional en menores de 5 anos,clasificacion c,2002-07-01,50,33,50,33,83
80202,GUAYARAMERIN,estado nutricional en menores de 5 anos,clasificacion c,2002-07-01,517,232,517,232,749
70705,GUTIERREZ,estado nutricional en menores de 5 anos,clasificacion c,2002-07-01,192,274,192,274,466
10502,HUACARETA,estado nutricional en menores de 5 anos,clasificacion c,2002-07-01,186,425,186,425,611
11002,HUACAYA (VILLA DE HUACAYA),estado nutricional en menores de 5 anos,clasificacion c,2002-07-01,35,37,35,37,72
40501,HUACHACALLA,estado nutricional en menores de 5 anos,clasificacion c,2002-07-01,7,5,7,5,12
40701,HUANUNI,estado nutricional en menores de 5 anos,clasificacion c,2002-07-01,220,206,220,206,426
80803,HUARACAJE,estado nutricional en menores de 5 anos,clasificacion c,2002-07-01,38,19,38,19,57
41601,HUAYLLAMARCA,estado nutricional en menores de 5 anos,clasificacion c,2002-07-01,55,32,55,32,87
21005,ICHOCA,estado nutricional en menores de 5 anos,clasificacion c,2002-07-01,10,14,10,14,24
10304,ICLA,estado nutricional en menores de 5 anos,clasificacion c,2002-07-01,184,278,184,278,462
10703,INCAHUASI,estado nutricional en menores de 5 anos,clasificacion c,2002-07-01,229,248,229,248,477
90402,INGAVI (HUMAITA),estado nutricional en menores de 5 anos,clasificacion c,2002-07-01,0,3,0,3,3
21001,INQUISIVI,estado nutricional en menores de 5 anos,clasificacion c,2002-07-01,108,232,108,232,340
21102,IRUPANA (VILLA DE LANZA),estado nutricional en menores de 5 anos,clasificacion c,2002-07-01,145,181,145,181,326
21501,IXIAMAS,estado nutricional en menores de 5 anos,clasificacion c,2002-07-01,91,80,91,80,171
21105,LA ASUNTA,estado nutricional en menores de 5 anos,clasificacion c,2002-07-01,109,117,109,117,226
70104,LA GUARDIA,estado nutricional en menores de 5 anos,clasificacion c,2002-07-01,433,209,433,209,642
20101,LA PAZ,estado nutricional en menores de 5 anos,clasificacion c,2002-07-01,4167,2405,4167,2405,6572
41501,LA RIVERA,estado nutricional en menores de 5 anos,clasificacion c,2002-07-01,4,1,4,1,5
70701,LAGUNILLAS,estado nutricional en menores de 5 anos,clasificacion c,2002-07-01,106,89,106,89,195
21202,LAJA,estado nutricional en menores de 5 anos,clasificacion c,2002-07-01,84,44,84,44,128
10903,LAS CARRERAS,estado nutricional en menores de 5 anos,clasificacion c,2002-07-01,45,91,45,91,136
21006,LICOMA PAMPA,estado nutricional en menores de 5 anos,clasificacion c,2002-07-01,14,19,14,19,33
50203,LLALLAGUA,estado nutricional en menores de 5 anos,clasificacion c,2002-07-01,44,422,44,422,466
51401,LLICA,estado nutricional en menores de 5 anos,clasificacion c,2002-07-01,68,43,68,43,111
80601,LORETO,estado nutricional en menores de 5 anos,clasificacion c,2002-07-01,39,80,39,80,119
20901,LURIBAY,estado nutricional en menores de 5 anos,clasificacion c,2002-07-01,56,205,56,205,261
40702,MACHACAMARCA,estado nutricional en menores de 5 anos,clasificacion c,2002-07-01,14,42,14,42,56
11003,MACHARETI,estado nutricional en menores de 5 anos,clasificacion c,2002-07-01,128,278,128,278,406
80801,MAGDALENA,estado nutricional en menores de 5 anos,clasificacion c,2002-07-01,76,66,76,66,142
70903,MAIRANA,estado nutricional en menores de 5 anos,clasificacion c,2002-07-01,127,42,127,42,169
20103,MECAPACA,estado nutricional en menores de 5 anos,clasificacion c,2002-07-01,81,139,81,139,220
71003,MINEROS,estado nutricional en menores de 5 anos,clasificacion c,2002-07-01,416,273,416,273,689
31301,MIZQUE,estado nutricional en menores de 5 anos,clasificacion c,2002-07-01,67,80,67,80,147
20402,MOCOMOCO,estado nutricional en menores de 5 anos,clasificacion c,2002-07-01,171,53,171,53,224
51002,MOJINETE,estado nutricional en menores de 5 anos,clasificacion c,2002-07-01,3,12,3,12,15
10303,MOJOCOYA,estado nutricional en menores de 5 anos,clasificacion c,2002-07-01,185,258,185,258,443
10501,MONTEAGUDO,estado nutricional en menores de 5 anos,clasificacion c,2002-07-01,523,693,523,693,1216
71001,MONTERO,estado nutricional en menores de 5 anos,clasificacion c,2002-07-01,768,967,768,967,1735
70803,MORO MORO,estado nutricional en menores de 5 anos,clasificacion c,2002-07-01,40,25,40,25,65
30302,MOROCHATA,estado nutricional en menores de 5 anos,clasificacion c,2002-07-01,130,148,130,148,278
90401,NACEBE (SANTA ROSA DEL ABUNA),estado nutricional en menores de 5 anos,clasificacion c,2002-07-01,3,0,3,0,3
20307,NAZACARA DE PACAJES,estado nutricional en menores de 5 anos,clasificacion c,2002-07-01,8,5,8,5,13
90501,NUEVO MANOA (NUEVA ESPERANZA),estado nutricional en menores de 5 anos,clasificacion c,2002-07-01,4,4,4,4,8
50404,OCURI,estado nutricional en menores de 5 anos,clasificacion c,2002-07-01,109,69,109,69,178
70202,OKINAWA,estado nutricional en menores de 5 anos,clasificacion c,2002-07-01,36,153,36,153,189
30203,OMEREQUE,estado nutricional en menores de 5 anos,clasificacion c,2002-07-01,6,43,6,43,49
40101,ORURO,estado nutricional en menores de 5 anos,clasificacion c,2002-07-01,1528,866,1528,866,2394
60201,PADCAYA,estado nutricional en menores de 5 anos,clasificacion c,2002-07-01,155,255,155,255,410
10401,PADILLA,estado nutricional en menores de 5 anos,clasificacion c,2002-07-01,265,384,265,384,649
70502,PAILON,estado nutricional en menores de 5 anos,clasificacion c,2002-07-01,117,71,117,71,188
20102,PALCA,estado nutricional en menores de 5 anos,clasificacion c,2002-07-01,68,80,68,80,148
21104,PALOS BLANCOS,estado nutricional en menores de 5 anos,clasificacion c,2002-07-01,242,292,242,292,534
40802,PAMPA AULLAGAS,estado nutricional en menores de 5 anos,clasificacion c,2002-07-01,24,27,24,27,51
70902,PAMPA GRANDE,estado nutricional en menores de 5 anos,clasificacion c,2002-07-01,41,39,41,39,80
21802,PAPEL PAMPA,estado nutricional en menores de 5 anos,clasificacion c,2002-07-01,11,31,11,31,42
30202,PASORAPA,estado nutricional en menores de 5 anos,clasificacion c,2002-07-01,45,36,45,36,81
21305,PATACAMAYA,estado nutricional en menores de 5 anos,clasificacion c,2002-07-01,153,67,153,67,220
40602,PAZÃ‘A,estado nutricional en menores de 5 anos,clasificacion c,2002-07-01,51,51,51,51,102
20702,PELECHUCO,estado nutricional en menores de 5 anos,clasificacion c,2002-07-01,20,39,20,39,59
50403,POCOATA,estado nutricional en menores de 5 anos,clasificacion c,2002-07-01,259,227,259,227,486
31203,POCONA,estado nutricional en menores de 5 anos,clasificacion c,2002-07-01,119,84,119,84,203
31202,POJO (CBBA),estado nutricional en menores de 5 anos,clasificacion c,2002-07-01,336,255,336,255,591
40601,POOPO,estado nutricional en menores de 5 anos,clasificacion c,2002-07-01,11,56,11,56,67
51203,PORCO,estado nutricional en menores de 5 anos,clasificacion c,2002-07-01,55,14,55,14,69
10103,POROMA,estado nutricional en menores de 5 anos,clasificacion c,2002-07-01,172,169,172,169,341
70103,PORONGO,estado nutricional en menores de 5 anos,clasificacion c,2002-07-01,57,51,57,51,108
70601,PORTACHUELO,estado nutricional en menores de 5 anos,clasificacion c,2002-07-01,212,112,212,112,324
90102,PORVENIR,estado nutricional en menores de 5 anos,clasificacion c,2002-07-01,6,4,6,4,10
70804,POSTRER VALLE,estado nutricional en menores de 5 anos,clasificacion c,2002-07-01,9,14,9,14,23
50101,POTOSI,estado nutricional en menores de 5 anos,clasificacion c,2002-07-01,1510,636,1510,636,2146
10302,PRESTO,estado nutricional en menores de 5 anos,clasificacion c,2002-07-01,107,126,107,126,233
70805,PUCARA,estado nutricional en menores de 5 anos,clasificacion c,2002-07-01,6,18,6,18,24
21201,PUCARANI,estado nutricional en menores de 5 anos,clasificacion c,2002-07-01,71,145,71,145,216
20401,PUERTO ACOSTA,estado nutricional en menores de 5 anos,clasificacion c,2002-07-01,199,141,199,141,340
20403,PUERTO CARABUCO,estado nutricional en menores de 5 anos,clasificacion c,2002-07-01,123,120,123,120,243
90301,PUERTO GONZALO MORENO,estado nutricional en menores de 5 anos,clasificacion c,2002-07-01,36,36,36,36,72
21204,PUERTO PEREZ,estado nutricional en menores de 5 anos,clasificacion c,2002-07-01,94,32,94,32,126
71402,PUERTO QUIJARRO,estado nutricional en menores de 5 anos,clasificacion c,2002-07-01,187,75,187,75,262
90201,PUERTO RICO,estado nutricional en menores de 5 anos,clasificacion c,2002-07-01,33,56,33,56,89
80703,PUERTO SILES,estado nutricional en menores de 5 anos,clasificacion c,2002-07-01,2,35,2,35,37
71401,PUERTO SUAREZ,estado nutricional en menores de 5 anos,clasificacion c,2002-07-01,178,37,178,37,215
31205,PUERTO VILLARROEL,estado nutricional en menores de 5 anos,clasificacion c,2002-07-01,379,320,379,320,699
51101,PUNA,estado nutricional en menores de 5 anos,clasificacion c,2002-07-01,234,398,234,398,632
31401,PUNATA,estado nutricional en menores de 5 anos,clasificacion c,2002-07-01,201,96,201,96,297
20604,QUIABAYA,estado nutricional en menores de 5 anos,clasificacion c,2002-07-01,41,70,41,70,111
30901,QUILLACOLLO,estado nutricional en menores de 5 anos,clasificacion c,2002-07-01,161,191,161,191,352
21002,QUIME,estado nutricional en menores de 5 anos,clasificacion c,2002-07-01,131,71,131,71,202
70904,QUIRUSILLAS,estado nutricional en menores de 5 anos,clasificacion c,2002-07-01,20,22,20,22,42
50402,RAVELO,estado nutricional en menores de 5 anos,clasificacion c,2002-07-01,137,120,137,120,257
80201,RIBERALTA,estado nutricional en menores de 5 anos,clasificacion c,2002-07-01,1061,423,1061,423,1484
70503,ROBORE,estado nutricional en menores de 5 anos,clasificacion c,2002-07-01,137,163,137,163,300
80304,RURRENABAQUE,estado nutricional en menores de 5 anos,clasificacion c,2002-07-01,226,123,226,123,349
40901,SABAYA,estado nutricional en menores de 5 anos,clasificacion c,2002-07-01,16,21,16,21,37
31001,SACABA,estado nutricional en menores de 5 anos,clasificacion c,2002-07-01,223,241,223,241,464
30404,SACABAMBA,estado nutricional en menores de 5 anos,clasificacion c,2002-07-01,2,89,2,89,91
50701,SACACA,estado nutricional en menores de 5 anos,clasificacion c,2002-07-01,136,166,136,166,302
71302,SAIPINA,estado nutricional en menores de 5 anos,clasificacion c,2002-07-01,9,22,9,22,31
40801,SALINAS DE GARCI MENDOZA,estado nutricional en menores de 5 anos,clasificacion c,2002-07-01,14,30,14,30,44
70901,SAMAIPATA,estado nutricional en menores de 5 anos,clasificacion c,2002-07-01,110,80,110,80,190
51601,SAN AGUSTIN,estado nutricional en menores de 5 anos,clasificacion c,2002-07-01,31,40,31,40,71
80602,SAN ANDRES,estado nutricional en menores de 5 anos,clasificacion c,2002-07-01,84,60,84,60,144
51003,SAN ANTONIO DE ESMORUCO,estado nutricional en menores de 5 anos,clasificacion c,2002-07-01,4,28,4,28,32
71105,SAN ANTONIO DE LOMERIO,estado nutricional en menores de 5 anos,clasificacion c,2002-07-01,122,169,122,169,291
31403,SAN BENITO,estado nutricional en menores de 5 anos,clasificacion c,2002-07-01,94,66,94,66,160
80302,SAN BORJA,estado nutricional en menores de 5 anos,clasificacion c,2002-07-01,431,249,431,249,680
21502,SAN BUENA VENTURA,estado nutricional en menores de 5 anos,clasificacion c,2002-07-01,107,92,107,92,199
80501,SAN IGNACIO,estado nutricional en menores de 5 anos,clasificacion c,2002-07-01,116,242,116,242,358
70301,SAN IGNACIO DE VELASCO,estado nutricional en menores de 5 anos,clasificacion c,2002-07-01,569,260,569,260,829
80102,SAN JAVIER(BNI),estado nutricional en menores de 5 anos,clasificacion c,2002-07-01,39,97,39,97,136
71102,SAN JAVIER(STC),estado nutricional en menores de 5 anos,clasificacion c,2002-07-01,161,80,161,80,241
80701,SAN JOAQUIN,estado nutricional en menores de 5 anos,clasificacion c,2002-07-01,21,76,21,76,97
70501,SAN JOSE DE CHIQUITOS,estado nutricional en menores de 5 anos,clasificacion c,2002-07-01,144,73,144,73,217
71104,SAN JULIAN,estado nutricional en menores de 5 anos,clasificacion c,2002-07-01,407,641,407,641,1048
90302,SAN LORENZO(PND),estado nutricional en menores de 5 anos,clasificacion c,2002-07-01,36,134,36,134,170
60501,SAN LORENZO(TJA),estado nutricional en menores de 5 anos,clasificacion c,2002-07-01,105,115,105,115,220
10702,SAN LUCAS,estado nutricional en menores de 5 anos,clasificacion c,2002-07-01,582,559,582,559,1141
71201,SAN MATIAS,estado nutricional en menores de 5 anos,clasificacion c,2002-07-01,0,29,0,29,29
70302,SAN MIGUEL DE VELASCO,estado nutricional en menores de 5 anos,clasificacion c,2002-07-01,174,218,174,218,392
51001,SAN PABLO DE LIPEZ,estado nutricional en menores de 5 anos,clasificacion c,2002-07-01,4,21,4,21,25
50501,SAN PEDRO DE BUENA VISTA,estado nutricional en menores de 5 anos,clasificacion c,2002-07-01,57,185,57,185,242
21801,SAN PEDRO DE CURAHUARA,estado nutricional en menores de 5 anos,clasificacion c,2002-07-01,40,57,40,57,97
50902,SAN PEDRO DE QUEMES,estado nutricional en menores de 5 anos,clasificacion c,2002-07-01,12,11,12,11,23
21702,SAN PEDRO DE TIQUINA,estado nutricional en menores de 5 anos,clasificacion c,2002-07-01,22,47,22,47,69
90202,SAN PEDRO(PND),estado nutricional en menores de 5 anos,clasificacion c,2002-07-01,1,2,1,2,3
70303,SAN RAFAEL,estado nutricional en menores de 5 anos,clasificacion c,2002-07-01,94,77,94,77,171
80702,SAN RAMON,estado nutricional en menores de 5 anos,clasificacion c,2002-07-01,66,98,66,98,164
80401,SANTA ANA,estado nutricional en menores de 5 anos,clasificacion c,2002-07-01,80,107,80,107,187
70101,SANTA CRUZ DE LA SIERRA,estado nutricional en menores de 5 anos,clasificacion c,2002-07-01,3605,1754,3605,1754,5359
80303,SANTA ROSA,estado nutricional en menores de 5 anos,clasificacion c,2002-07-01,97,33,97,33,130
70602,SANTA ROSA DEL SARA,estado nutricional en menores de 5 anos,clasificacion c,2002-07-01,55,63,55,63,118
41401,SANTIAGO DE HUARI,estado nutricional en menores de 5 anos,clasificacion c,2002-07-01,13,55,13,55,68
21901,SANTIAGO DE MACHACA,estado nutricional en menores de 5 anos,clasificacion c,2002-07-01,31,9,31,9,40
30702,SANTIVAÃ‘ES,estado nutricional en menores de 5 anos,clasificacion c,2002-07-01,61,24,61,24,85
40202,SANTUARIO DE QUILLACAS,estado nutricional en menores de 5 anos,clasificacion c,2002-07-01,11,33,11,33,44
20902,SAPAHAQUI,estado nutricional en menores de 5 anos,clasificacion c,2002-07-01,2,39,2,39,41
21301,SICA SICA (VILLA AROMA),estado nutricional en menores de 5 anos,clasificacion c,2002-07-01,140,41,140,41,181
30703,SICAYA,estado nutricional en menores de 5 anos,clasificacion c,2002-07-01,25,16,25,16,41
30902,SIPE SIPE,estado nutricional en menores de 5 anos,clasificacion c,2002-07-01,470,321,470,321,791
10403,SOPACHUY,estado nutricional en menores de 5 anos,clasificacion c,2002-07-01,107,59,107,59,166
20601,SORATA,estado nutricional en menores de 5 anos,clasificacion c,2002-07-01,210,285,210,285,495
10101,SUCRE,estado nutricional en menores de 5 anos,clasificacion c,2002-07-01,2050,1402,2050,1402,3452
31404,TACACHI,estado nutricional en menores de 5 anos,clasificacion c,2002-07-01,10,6,10,6,16
20603,TACACOMA,estado nutricional en menores de 5 anos,clasificacion c,2002-07-01,34,108,34,108,142
50303,TACOBAMBA,estado nutricional en menores de 5 anos,clasificacion c,2002-07-01,76,50,76,50,126
30602,TACOPAYA,estado nutricional en menores de 5 anos,clasificacion c,2002-07-01,41,62,41,62,103
51402,TAHUA,estado nutricional en menores de 5 anos,clasificacion c,2002-07-01,21,14,21,14,35
31101,TAPACARI,estado nutricional en menores de 5 anos,clasificacion c,2002-07-01,16,179,16,179,195
10601,TARABUCO,estado nutricional en menores de 5 anos,clasificacion c,2002-07-01,451,617,451,617,1068
30401,TARATA,estado nutricional en menores de 5 anos,clasificacion c,2002-07-01,59,49,59,49,108
60101,TARIJA,estado nutricional en menores de 5 anos,clasificacion c,2002-07-01,847,626,847,626,1473
10202,TARVITA,estado nutricional en menores de 5 anos,clasificacion c,2002-07-01,165,182,165,182,347
20803,TIAWANACU,estado nutricional en menores de 5 anos,clasificacion c,2002-07-01,139,89,139,89,228
50102,TINGUIPAYA,estado nutricional en menores de 5 anos,clasificacion c,2002-07-01,15,118,15,118,133
20606,TIPUANI,estado nutricional en menores de 5 anos,clasificacion c,2002-07-01,66,37,66,37,103
30903,TIQUIPAYA,estado nutricional en menores de 5 anos,clasificacion c,2002-07-01,132,159,132,159,291
31601,TIRAQUE (CBBA),estado nutricional en menores de 5 anos,clasificacion c,2002-07-01,152,293,152,293,445
21703,TITO YUPANQUI (PARQUIPUJIO),estado nutricional en menores de 5 anos,clasificacion c,2002-07-01,5,33,5,33,38
30802,TOCO,estado nutricional en menores de 5 anos,clasificacion c,2002-07-01,14,28,14,28,42
41502,TODOS SANTOS,estado nutricional en menores de 5 anos,clasificacion c,2002-07-01,3,1,3,1,4
30803,TOLATA,estado nutricional en menores de 5 anos,clasificacion c,2002-07-01,33,13,33,13,46
41001,TOLEDO,estado nutricional en menores de 5 anos,clasificacion c,2002-07-01,35,30,35,30,65
51202,TOMAVE,estado nutricional en menores de 5 anos,clasificacion c,2002-07-01,55,134,55,134,189
10402,TOMINA,estado nutricional en menores de 5 anos,clasificacion c,2002-07-01,195,318,195,318,513
50502,TORO TORO,estado nutricional en menores de 5 anos,clasificacion c,2002-07-01,58,62,58,62,120
31201,TOTORA(CBBA),estado nutricional en menores de 5 anos,clasificacion c,2002-07-01,182,164,182,164,346
41301,TOTORA(ORR),estado nutricional en menores de 5 anos,clasificacion c,2002-07-01,41,52,41,52,93
70802,TRIGAL,estado nutricional en menores de 5 anos,clasificacion c,2002-07-01,29,18,29,18,47
80101,TRINIDAD,estado nutricional en menores de 5 anos,clasificacion c,2002-07-01,723,829,723,829,1552
50801,TUPIZA,estado nutricional en menores de 5 anos,clasificacion c,2002-07-01,99,994,99,994,1093
40402,TURCO,estado nutricional en menores de 5 anos,clasificacion c,2002-07-01,41,31,41,31,72
21302,UMALA,estado nutricional en menores de 5 anos,clasificacion c,2002-07-01,19,46,19,46,65
50201,UNCIA,estado nutricional en menores de 5 anos,clasificacion c,2002-07-01,51,65,51,65,116
60401,URIONDO (A. CONCEPCION),estado nutricional en menores de 5 anos,clasificacion c,2002-07-01,125,78,125,78,203
71502,URUBICHA,estado nutricional en menores de 5 anos,clasificacion c,2002-07-01,8,14,8,14,22
51201,UYUNI,estado nutricional en menores de 5 anos,clasificacion c,2002-07-01,255,294,255,294,549
30502,VACAS,estado nutricional en menores de 5 anos,clasificacion c,2002-07-01,5,50,5,50,55
70801,VALLEGRANDE,estado nutricional en menores de 5 anos,clasificacion c,2002-07-01,84,192,84,192,276
20801,VIACHA,estado nutricional en menores de 5 anos,clasificacion c,2002-07-01,177,338,177,338,515
31302,VILA VILA,estado nutricional en menores de 5 anos,clasificacion c,2002-07-01,18,34,18,34,52
60303,VILLA MONTES,estado nutricional en menores de 5 anos,clasificacion c,2002-07-01,224,159,224,159,383
90502,VILLA NUEVA (LOMA ALTA),estado nutricional en menores de 5 anos,clasificacion c,2002-07-01,2,0,2,0,2
31402,VILLA RIVERO,estado nutricional en menores de 5 anos,clasificacion c,2002-07-01,42,18,42,18,60
10801,VILLA SERRANO,estado nutricional en menores de 5 anos,clasificacion c,2002-07-01,269,388,269,388,657
31003,VILLA TUNARI,estado nutricional en menores de 5 anos,clasificacion c,2002-07-01,486,236,486,236,722
11001,VILLA VACA GUZMAN (MUYUPAMPA),estado nutricional en menores de 5 anos,clasificacion c,2002-07-01,230,309,230,309,539
51501,VILLAZON,estado nutricional en menores de 5 anos,clasificacion c,2002-07-01,137,602,137,602,739
30904,VINTO,estado nutricional en menores de 5 anos,clasificacion c,2002-07-01,84,21,84,21,105
50602,VITICHI,estado nutricional en menores de 5 anos,clasificacion c,2002-07-01,45,151,45,151,196
20306,WALDO BALLIVIAN,estado nutricional en menores de 5 anos,clasificacion c,2002-07-01,7,7,7,7,14
70201,WARNES,estado nutricional en menores de 5 anos,clasificacion c,2002-07-01,409,412,409,412,821
20903,YACO,estado nutricional en menores de 5 anos,clasificacion c,2002-07-01,3,27,3,27,30
60301,YACUIBA,estado nutricional en menores de 5 anos,clasificacion c,2002-07-01,446,95,446,95,541
10602,YAMPARAEZ,estado nutricional en menores de 5 anos,clasificacion c,2002-07-01,264,421,264,421,685
21103,YANACACHI,estado nutricional en menores de 5 anos,clasificacion c,2002-07-01,44,28,44,28,72
50103,YOCALLA,estado nutricional en menores de 5 anos,clasificacion c,2002-07-01,8,153,8,153,161
10102,YOTALA,estado nutricional en menores de 5 anos,clasificacion c,2002-07-01,233,416,233,416,649
60402,YUNCHARA,estado nutricional en menores de 5 anos,clasificacion c,2002-07-01,27,25,27,25,52
10301,ZUDAÃ‘EZ,estado nutricional en menores de 5 anos,clasificacion c,2002-07-01,125,176,125,176,301
51302,ACACIO,estado nutricional en menores de 5 anos,clasificacion c,2002-08-01,43,158,43,158,201
20201,ACHACACHI,estado nutricional en menores de 5 anos,clasificacion c,2002-08-01,613,488,613,488,1101
20104,ACHOCALLA,estado nutricional en menores de 5 anos,clasificacion c,2002-08-01,121,56,121,56,177
30201,AIQUILE,estado nutricional en menores de 5 anos,clasificacion c,2002-08-01,42,71,42,71,113
31303,ALALAY,estado nutricional en menores de 5 anos,clasificacion c,2002-08-01,14,24,14,24,38
10404,ALCALA,estado nutricional en menores de 5 anos,clasificacion c,2002-08-01,60,99,60,99,159
20202,ANCORAIMES,estado nutricional en menores de 5 anos,clasificacion c,2002-08-01,188,267,188,267,455
41201,ANDAMARCA,estado nutricional en menores de 5 anos,clasificacion c,2002-08-01,29,10,29,10,39
30402,ANZALDO,estado nutricional en menores de 5 anos,clasificacion c,2002-08-01,5,98,5,98,103
20701,APOLO,estado nutricional en menores de 5 anos,clasificacion c,2002-08-01,43,72,43,72,115
51301,ARAMPAMPA,estado nutricional en menores de 5 anos,clasificacion c,2002-08-01,30,46,30,46,76
30403,ARBIETO,estado nutricional en menores de 5 anos,clasificacion c,2002-08-01,20,45,20,45,65
30601,ARQUE,estado nutricional en menores de 5 anos,clasificacion c,2002-08-01,54,73,54,73,127
71501,ASCENCION DE GUARAYOS,estado nutricional en menores de 5 anos,clasificacion c,2002-08-01,371,464,371,464,835
50802,ATOCHA,estado nutricional en menores de 5 anos,clasificacion c,2002-08-01,7,57,7,57,64
20503,AUCAPATA,estado nutricional en menores de 5 anos,clasificacion c,2002-08-01,67,19,67,19,86
20502,AYATA,estado nutricional en menores de 5 anos,clasificacion c,2002-08-01,41,33,41,33,74
21303,AYO AYO,estado nutricional en menores de 5 anos,clasificacion c,2002-08-01,88,26,88,26,114
30301,AYOPAYA (V. DE INDEPENDENCIA),estado nutricional en menores de 5 anos,clasificacion c,2002-08-01,284,259,284,259,543
10201,AZURDUY,estado nutricional en menores de 5 anos,clasificacion c,2002-08-01,233,305,233,305,538
21203,BATALLAS,estado nutricional en menores de 5 anos,clasificacion c,2002-08-01,143,221,143,221,364
80802,BAURES,estado nutricional en menores de 5 anos,clasificacion c,2002-08-01,71,94,71,94,165
41202,BELEN DE ANDAMARCA,estado nutricional en menores de 5 anos,clasificacion c,2002-08-01,1,8,1,8,9
50104,BELEN DE URMIRI,estado nutricional en menores de 5 anos,clasificacion c,2002-08-01,13,21,13,21,34
90104,BELLA FLOR,estado nutricional en menores de 5 anos,clasificacion c,2002-08-01,43,58,43,58,101
60202,BERMEJO,estado nutricional en menores de 5 anos,clasificacion c,2002-08-01,16,82,16,82,98
50301,BETANZOS,estado nutricional en menores de 5 anos,clasificacion c,2002-08-01,233,290,233,290,523
31501,BOLIVAR,estado nutricional en menores de 5 anos,clasificacion c,2002-08-01,23,57,23,57,80
90103,BOLPEBRA,estado nutricional en menores de 5 anos,clasificacion c,2002-08-01,22,16,22,16,38
70707,BOYUIBE,estado nutricional en menores de 5 anos,clasificacion c,2002-08-01,0,85,0,85,85
70703,CABEZAS,estado nutricional en menores de 5 anos,clasificacion c,2002-08-01,109,85,109,85,194
20905,CAIROMA,estado nutricional en menores de 5 anos,clasificacion c,2002-08-01,85,50,85,50,135
51102,"CAIZA ""D""",estado nutricional en menores de 5 anos,clasificacion c,2002-08-01,195,127,195,127,322
21003,CAJUATA,estado nutricional en menores de 5 anos,clasificacion c,2002-08-01,57,43,57,43,100
20303,CALACOTO,estado nutricional en menores de 5 anos,clasificacion c,2002-08-01,56,43,56,43,99
21304,CALAMARCA,estado nutricional en menores de 5 anos,clasificacion c,2002-08-01,164,137,164,137,301
10701,CAMARGO,estado nutricional en menores de 5 anos,clasificacion c,2002-08-01,99,222,99,222,321
10901,CAMATAQUI (C. VILLA ABECIA),estado nutricional en menores de 5 anos,clasificacion c,2002-08-01,67,81,67,81,148
70706,CAMIRI,estado nutricional en menores de 5 anos,clasificacion c,2002-08-01,226,205,226,205,431
30701,CAPINOTA,estado nutricional en menores de 5 anos,clasificacion c,2002-08-01,62,86,62,86,148
20302,CAQUIAVIRI,estado nutricional en menores de 5 anos,clasificacion c,2002-08-01,70,54,70,54,124
40102,CARACOLLO,estado nutricional en menores de 5 anos,clasificacion c,2002-08-01,121,174,121,174,295
22001,CARANAVI,estado nutricional en menores de 5 anos,clasificacion c,2002-08-01,636,669,636,669,1305
41503,CARANGAS,estado nutricional en menores de 5 anos,clasificacion c,2002-08-01,3,0,3,0,3
60302,CARAPARI,estado nutricional en menores de 5 anos,clasificacion c,2002-08-01,70,235,70,235,305
50702,CARIPUYO,estado nutricional en menores de 5 anos,clasificacion c,2002-08-01,141,134,141,134,275
21902,CATACORA,estado nutricional en menores de 5 anos,clasificacion c,2002-08-01,12,17,12,17,29
21803,CHACARILLA,estado nutricional en menores de 5 anos,clasificacion c,2002-08-01,4,2,4,2,6
40201,CHALLAPATA,estado nutricional en menores de 5 anos,clasificacion c,2002-08-01,105,178,105,178,283
50302,CHAQUI,estado nutricional en menores de 5 anos,clasificacion c,2002-08-01,119,79,119,79,198
70702,CHARAGUA,estado nutricional en menores de 5 anos,clasificacion c,2002-08-01,104,554,104,554,658
20305,CHARAÃ‘A,estado nutricional en menores de 5 anos,clasificacion c,2002-08-01,31,15,31,15,46
31204,CHIMORE,estado nutricional en menores de 5 anos,clasificacion c,2002-08-01,40,18,40,18,58
40302,CHOQUE COTA,estado nutricional en menores de 5 anos,clasificacion c,2002-08-01,11,0,11,0,11
21101,CHULUMANI (V. DE LA LIBERTAD),estado nutricional en menores de 5 anos,clasificacion c,2002-08-01,93,111,93,111,204
20501,CHUMA,estado nutricional en menores de 5 anos,clasificacion c,2002-08-01,48,31,48,31,79
30801,CLIZA,estado nutricional en menores de 5 anos,clasificacion c,2002-08-01,36,45,36,45,81
90101,COBIJA,estado nutricional en menores de 5 anos,clasificacion c,2002-08-01,341,238,341,238,579
30101,COCHABAMBA,estado nutricional en menores de 5 anos,clasificacion c,2002-08-01,1614,1117,1614,1117,2731
40902,COIPASA,estado nutricional en menores de 5 anos,clasificacion c,2002-08-01,6,3,6,3,9
30905,COLCAPIRHUA,estado nutricional en menores de 5 anos,clasificacion c,2002-08-01,291,124,291,124,415
50901,"COLCHA ""K""",estado nutricional en menores de 5 anos,clasificacion c,2002-08-01,126,153,126,153,279
21307,COLLANA,estado nutricional en menores de 5 anos,clasificacion c,2002-08-01,8,0,8,0,8
31002,COLOMI,estado nutricional en menores de 5 anos,clasificacion c,2002-08-01,155,311,155,311,466
50401,COLQUECHACA,estado nutricional en menores de 5 anos,clasificacion c,2002-08-01,219,102,219,102,321
21306,COLQUENCHA,estado nutricional en menores de 5 anos,clasificacion c,2002-08-01,61,41,61,41,102
21004,COLQUIRI,estado nutricional en menores de 5 anos,clasificacion c,2002-08-01,160,158,160,158,318
20304,COMANCHE,estado nutricional en menores de 5 anos,clasificacion c,2002-08-01,30,23,30,23,53
71301,COMARAPA,estado nutricional en menores de 5 anos,clasificacion c,2002-08-01,104,144,104,144,248
20605,COMBAYA,estado nutricional en menores de 5 anos,clasificacion c,2002-08-01,23,21,23,21,44
71101,CONCEPCION,estado nutricional en menores de 5 anos,clasificacion c,2002-08-01,59,1,59,1,60
21701,COPACABANA,estado nutricional en menores de 5 anos,clasificacion c,2002-08-01,129,62,129,62,191
21402,CORIPATA,estado nutricional en menores de 5 anos,clasificacion c,2002-08-01,42,33,42,33,75
20301,CORO CORO,estado nutricional en menores de 5 anos,clasificacion c,2002-08-01,106,86,106,86,192
21401,COROICO,estado nutricional en menores de 5 anos,clasificacion c,2002-08-01,150,46,150,46,196
40301,CORQUE,estado nutricional en menores de 5 anos,clasificacion c,2002-08-01,38,27,38,27,65
50601,COTAGAITA,estado nutricional en menores de 5 anos,clasificacion c,2002-08-01,256,343,256,343,599
70102,COTOCA,estado nutricional en menores de 5 anos,clasificacion c,2002-08-01,256,141,256,141,397
70704,CUEVO,estado nutricional en menores de 5 anos,clasificacion c,2002-08-01,80,48,80,48,128
10902,CULPINA,estado nutricional en menores de 5 anos,clasificacion c,2002-08-01,442,408,442,408,850
40401,CURAHUARA DE CARANGAS,estado nutricional en menores de 5 anos,clasificacion c,2002-08-01,26,35,26,35,61
21602,CURVA,estado nutricional en menores de 5 anos,clasificacion c,2002-08-01,45,21,45,21,66
20804,DESAGUADERO,estado nutricional en menores de 5 anos,clasificacion c,2002-08-01,52,72,52,72,124
20105,EL ALTO,estado nutricional en menores de 5 anos,clasificacion c,2002-08-01,4743,2820,4743,2820,7563
40103,EL CHORO,estado nutricional en menores de 5 anos,clasificacion c,2002-08-01,25,9,25,9,34
71503,EL PUENTE(STC),estado nutricional en menores de 5 anos,clasificacion c,2002-08-01,12,216,12,216,228
60502,EL PUENTE(TJA),estado nutricional en menores de 5 anos,clasificacion c,2002-08-01,53,96,53,96,149
70105,EL TORNO,estado nutricional en menores de 5 anos,clasificacion c,2002-08-01,208,133,208,133,341
10405,EL VILLAR,estado nutricional en menores de 5 anos,clasificacion c,2002-08-01,94,144,94,144,238
60601,ENTRE RIOS,estado nutricional en menores de 5 anos,clasificacion c,2002-08-01,225,325,225,325,550
40502,ESCARA,estado nutricional en menores de 5 anos,clasificacion c,2002-08-01,0,1,0,1,1
41101,EUCALIPTUS,estado nutricional en menores de 5 anos,clasificacion c,2002-08-01,97,69,97,69,166
90503,EUREKA (SANTOS MERCADO),estado nutricional en menores de 5 anos,clasificacion c,2002-08-01,5,3,5,3,8
80402,EXALTACION,estado nutricional en menores de 5 anos,clasificacion c,2002-08-01,29,67,29,67,96
90203,FILADELFIA,estado nutricional en menores de 5 anos,clasificacion c,2002-08-01,4,22,4,22,26
71002,GENERAL SAAVEDRA,estado nutricional en menores de 5 anos,clasificacion c,2002-08-01,166,188,166,188,354
21601,GRAL. J.J. PEREZ (CHARAZANI),estado nutricional en menores de 5 anos,clasificacion c,2002-08-01,38,34,38,34,72
20602,GUANAY,estado nutricional en menores de 5 anos,clasificacion c,2002-08-01,394,276,394,276,670
20802,GUAQUI,estado nutricional en menores de 5 anos,clasificacion c,2002-08-01,51,40,51,40,91
80202,GUAYARAMERIN,estado nutricional en menores de 5 anos,clasificacion c,2002-08-01,499,284,499,284,783
70705,GUTIERREZ,estado nutricional en menores de 5 anos,clasificacion c,2002-08-01,252,328,252,328,580
10502,HUACARETA,estado nutricional en menores de 5 anos,clasificacion c,2002-08-01,151,253,151,253,404
11002,HUACAYA (VILLA DE HUACAYA),estado nutricional en menores de 5 anos,clasificacion c,2002-08-01,34,51,34,51,85
40501,HUACHACALLA,estado nutricional en menores de 5 anos,clasificacion c,2002-08-01,7,6,7,6,13
40701,HUANUNI,estado nutricional en menores de 5 anos,clasificacion c,2002-08-01,208,114,208,114,322
80803,HUARACAJE,estado nutricional en menores de 5 anos,clasificacion c,2002-08-01,6,3,6,3,9
41601,HUAYLLAMARCA,estado nutricional en menores de 5 anos,clasificacion c,2002-08-01,46,28,46,28,74
21005,ICHOCA,estado nutricional en menores de 5 anos,clasificacion c,2002-08-01,48,65,48,65,113
10304,ICLA,estado nutricional en menores de 5 anos,clasificacion c,2002-08-01,199,262,199,262,461
10703,INCAHUASI,estado nutricional en menores de 5 anos,clasificacion c,2002-08-01,226,212,226,212,438
90402,INGAVI (HUMAITA),estado nutricional en menores de 5 anos,clasificacion c,2002-08-01,7,4,7,4,11
21001,INQUISIVI,estado nutricional en menores de 5 anos,clasificacion c,2002-08-01,146,174,146,174,320
21102,IRUPANA (VILLA DE LANZA),estado nutricional en menores de 5 anos,clasificacion c,2002-08-01,93,154,93,154,247
21501,IXIAMAS,estado nutricional en menores de 5 anos,clasificacion c,2002-08-01,98,120,98,120,218
21105,LA ASUNTA,estado nutricional en menores de 5 anos,clasificacion c,2002-08-01,101,128,101,128,229
70104,LA GUARDIA,estado nutricional en menores de 5 anos,clasificacion c,2002-08-01,412,200,412,200,612
20101,LA PAZ,estado nutricional en menores de 5 anos,clasificacion c,2002-08-01,3898,2326,3898,2326,6224
41501,LA RIVERA,estado nutricional en menores de 5 anos,clasificacion c,2002-08-01,5,0,5,0,5
70701,LAGUNILLAS,estado nutricional en menores de 5 anos,clasificacion c,2002-08-01,94,82,94,82,176
21202,LAJA,estado nutricional en menores de 5 anos,clasificacion c,2002-08-01,93,39,93,39,132
10903,LAS CARRERAS,estado nutricional en menores de 5 anos,clasificacion c,2002-08-01,65,124,65,124,189
21006,LICOMA PAMPA,estado nutricional en menores de 5 anos,clasificacion c,2002-08-01,35,61,35,61,96
50203,LLALLAGUA,estado nutricional en menores de 5 anos,clasificacion c,2002-08-01,4,14,4,14,18
51401,LLICA,estado nutricional en menores de 5 anos,clasificacion c,2002-08-01,84,51,84,51,135
80601,LORETO,estado nutricional en menores de 5 anos,clasificacion c,2002-08-01,5,66,5,66,71
20901,LURIBAY,estado nutricional en menores de 5 anos,clasificacion c,2002-08-01,105,124,105,124,229
40702,MACHACAMARCA,estado nutricional en menores de 5 anos,clasificacion c,2002-08-01,28,44,28,44,72
11003,MACHARETI,estado nutricional en menores de 5 anos,clasificacion c,2002-08-01,196,283,196,283,479
80801,MAGDALENA,estado nutricional en menores de 5 anos,clasificacion c,2002-08-01,58,67,58,67,125
70903,MAIRANA,estado nutricional en menores de 5 anos,clasificacion c,2002-08-01,75,36,75,36,111
20103,MECAPACA,estado nutricional en menores de 5 anos,clasificacion c,2002-08-01,100,137,100,137,237
71003,MINEROS,estado nutricional en menores de 5 anos,clasificacion c,2002-08-01,306,242,306,242,548
31301,MIZQUE,estado nutricional en menores de 5 anos,clasificacion c,2002-08-01,75,117,75,117,192
20402,MOCOMOCO,estado nutricional en menores de 5 anos,clasificacion c,2002-08-01,283,190,283,190,473
10303,MOJOCOYA,estado nutricional en menores de 5 anos,clasificacion c,2002-08-01,180,278,180,278,458
10501,MONTEAGUDO,estado nutricional en menores de 5 anos,clasificacion c,2002-08-01,380,407,380,407,787
71001,MONTERO,estado nutricional en menores de 5 anos,clasificacion c,2002-08-01,545,481,545,481,1026
70803,MORO MORO,estado nutricional en menores de 5 anos,clasificacion c,2002-08-01,27,31,27,31,58
30302,MOROCHATA,estado nutricional en menores de 5 anos,clasificacion c,2002-08-01,145,133,145,133,278
90401,NACEBE (SANTA ROSA DEL ABUNA),estado nutricional en menores de 5 anos,clasificacion c,2002-08-01,3,6,3,6,9
20307,NAZACARA DE PACAJES,estado nutricional en menores de 5 anos,clasificacion c,2002-08-01,12,4,12,4,16
90501,NUEVO MANOA (NUEVA ESPERANZA),estado nutricional en menores de 5 anos,clasificacion c,2002-08-01,0,3,0,3,3
50404,OCURI,estado nutricional en menores de 5 anos,clasificacion c,2002-08-01,142,127,142,127,269
70202,OKINAWA,estado nutricional en menores de 5 anos,clasificacion c,2002-08-01,31,88,31,88,119
30203,OMEREQUE,estado nutricional en menores de 5 anos,clasificacion c,2002-08-01,11,81,11,81,92
40101,ORURO,estado nutricional en menores de 5 anos,clasificacion c,2002-08-01,1584,852,1584,852,2436
60201,PADCAYA,estado nutricional en menores de 5 anos,clasificacion c,2002-08-01,142,202,142,202,344
10401,PADILLA,estado nutricional en menores de 5 anos,clasificacion c,2002-08-01,318,425,318,425,743
70502,PAILON,estado nutricional en menores de 5 anos,clasificacion c,2002-08-01,108,148,108,148,256
20102,PALCA,estado nutricional en menores de 5 anos,clasificacion c,2002-08-01,112,92,112,92,204
21104,PALOS BLANCOS,estado nutricional en menores de 5 anos,clasificacion c,2002-08-01,298,511,298,511,809
40802,PAMPA AULLAGAS,estado nutricional en menores de 5 anos,clasificacion c,2002-08-01,37,29,37,29,66
70902,PAMPA GRANDE,estado nutricional en menores de 5 anos,clasificacion c,2002-08-01,88,58,88,58,146
21802,PAPEL PAMPA,estado nutricional en menores de 5 anos,clasificacion c,2002-08-01,17,18,17,18,35
30202,PASORAPA,estado nutricional en menores de 5 anos,clasificacion c,2002-08-01,48,35,48,35,83
21305,PATACAMAYA,estado nutricional en menores de 5 anos,clasificacion c,2002-08-01,83,65,83,65,148
40602,PAZÃ‘A,estado nutricional en menores de 5 anos,clasificacion c,2002-08-01,47,30,47,30,77
20702,PELECHUCO,estado nutricional en menores de 5 anos,clasificacion c,2002-08-01,44,34,44,34,78
50403,POCOATA,estado nutricional en menores de 5 anos,clasificacion c,2002-08-01,276,218,276,218,494
31203,POCONA,estado nutricional en menores de 5 anos,clasificacion c,2002-08-01,87,75,87,75,162
31202,POJO (CBBA),estado nutricional en menores de 5 anos,clasificacion c,2002-08-01,503,477,503,477,980
40601,POOPO,estado nutricional en menores de 5 anos,clasificacion c,2002-08-01,40,29,40,29,69
51203,PORCO,estado nutricional en menores de 5 anos,clasificacion c,2002-08-01,39,12,39,12,51
10103,POROMA,estado nutricional en menores de 5 anos,clasificacion c,2002-08-01,232,188,232,188,420
70103,PORONGO,estado nutricional en menores de 5 anos,clasificacion c,2002-08-01,66,68,66,68,134
70601,PORTACHUELO,estado nutricional en menores de 5 anos,clasificacion c,2002-08-01,168,93,168,93,261
90102,PORVENIR,estado nutricional en menores de 5 anos,clasificacion c,2002-08-01,5,4,5,4,9
70804,POSTRER VALLE,estado nutricional en menores de 5 anos,clasificacion c,2002-08-01,9,22,9,22,31
50101,POTOSI,estado nutricional en menores de 5 anos,clasificacion c,2002-08-01,1279,566,1279,566,1845
10302,PRESTO,estado nutricional en menores de 5 anos,clasificacion c,2002-08-01,115,108,115,108,223
70805,PUCARA,estado nutricional en menores de 5 anos,clasificacion c,2002-08-01,19,14,19,14,33
21201,PUCARANI,estado nutricional en menores de 5 anos,clasificacion c,2002-08-01,131,137,131,137,268
20401,PUERTO ACOSTA,estado nutricional en menores de 5 anos,clasificacion c,2002-08-01,233,195,233,195,428
20403,PUERTO CARABUCO,estado nutricional en menores de 5 anos,clasificacion c,2002-08-01,143,89,143,89,232
90301,PUERTO GONZALO MORENO,estado nutricional en menores de 5 anos,clasificacion c,2002-08-01,25,6,25,6,31
21204,PUERTO PEREZ,estado nutricional en menores de 5 anos,clasificacion c,2002-08-01,44,55,44,55,99
71402,PUERTO QUIJARRO,estado nutricional en menores de 5 anos,clasificacion c,2002-08-01,181,82,181,82,263
90201,PUERTO RICO,estado nutricional en menores de 5 anos,clasificacion c,2002-08-01,24,33,24,33,57
80703,PUERTO SILES,estado nutricional en menores de 5 anos,clasificacion c,2002-08-01,0,23,0,23,23
71401,PUERTO SUAREZ,estado nutricional en menores de 5 anos,clasificacion c,2002-08-01,188,65,188,65,253
31205,PUERTO VILLARROEL,estado nutricional en menores de 5 anos,clasificacion c,2002-08-01,316,249,316,249,565
51101,PUNA,estado nutricional en menores de 5 anos,clasificacion c,2002-08-01,147,180,147,180,327
20604,QUIABAYA,estado nutricional en menores de 5 anos,clasificacion c,2002-08-01,28,56,28,56,84
30901,QUILLACOLLO,estado nutricional en menores de 5 anos,clasificacion c,2002-08-01,196,134,196,134,330
21002,QUIME,estado nutricional en menores de 5 anos,clasificacion c,2002-08-01,145,127,145,127,272
70904,QUIRUSILLAS,estado nutricional en menores de 5 anos,clasificacion c,2002-08-01,15,15,15,15,30
50402,RAVELO,estado nutricional en menores de 5 anos,clasificacion c,2002-08-01,249,143,249,143,392
80301,REYES,estado nutricional en menores de 5 anos,clasificacion c,2002-08-01,100,153,100,153,253
80201,RIBERALTA,estado nutricional en menores de 5 anos,clasificacion c,2002-08-01,1150,355,1150,355,1505
70503,ROBORE,estado nutricional en menores de 5 anos,clasificacion c,2002-08-01,106,80,106,80,186
80304,RURRENABAQUE,estado nutricional en menores de 5 anos,clasificacion c,2002-08-01,181,80,181,80,261
40901,SABAYA,estado nutricional en menores de 5 anos,clasificacion c,2002-08-01,9,8,9,8,17
31001,SACABA,estado nutricional en menores de 5 anos,clasificacion c,2002-08-01,163,85,163,85,248
30404,SACABAMBA,estado nutricional en menores de 5 anos,clasificacion c,2002-08-01,4,141,4,141,145
50701,SACACA,estado nutricional en menores de 5 anos,clasificacion c,2002-08-01,187,146,187,146,333
71302,SAIPINA,estado nutricional en menores de 5 anos,clasificacion c,2002-08-01,21,24,21,24,45
40801,SALINAS DE GARCI MENDOZA,estado nutricional en menores de 5 anos,clasificacion c,2002-08-01,51,24,51,24,75
70901,SAMAIPATA,estado nutricional en menores de 5 anos,clasificacion c,2002-08-01,107,67,107,67,174
51601,SAN AGUSTIN,estado nutricional en menores de 5 anos,clasificacion c,2002-08-01,36,24,36,24,60
80602,SAN ANDRES,estado nutricional en menores de 5 anos,clasificacion c,2002-08-01,102,119,102,119,221
71105,SAN ANTONIO DE LOMERIO,estado nutricional en menores de 5 anos,clasificacion c,2002-08-01,124,139,124,139,263
31403,SAN BENITO,estado nutricional en menores de 5 anos,clasificacion c,2002-08-01,0,7,0,7,7
80302,SAN BORJA,estado nutricional en menores de 5 anos,clasificacion c,2002-08-01,484,301,484,301,785
21502,SAN BUENA VENTURA,estado nutricional en menores de 5 anos,clasificacion c,2002-08-01,102,60,102,60,162
80501,SAN IGNACIO,estado nutricional en menores de 5 anos,clasificacion c,2002-08-01,235,292,235,292,527
70301,SAN IGNACIO DE VELASCO,estado nutricional en menores de 5 anos,clasificacion c,2002-08-01,610,244,610,244,854
80102,SAN JAVIER(BNI),estado nutricional en menores de 5 anos,clasificacion c,2002-08-01,41,57,41,57,98
71102,SAN JAVIER(STC),estado nutricional en menores de 5 anos,clasificacion c,2002-08-01,93,94,93,94,187
80701,SAN JOAQUIN,estado nutricional en menores de 5 anos,clasificacion c,2002-08-01,8,98,8,98,106
70501,SAN JOSE DE CHIQUITOS,estado nutricional en menores de 5 anos,clasificacion c,2002-08-01,100,69,100,69,169
71104,SAN JULIAN,estado nutricional en menores de 5 anos,clasificacion c,2002-08-01,435,523,435,523,958
90302,SAN LORENZO(PND),estado nutricional en menores de 5 anos,clasificacion c,2002-08-01,1,9,1,9,10
60501,SAN LORENZO(TJA),estado nutricional en menores de 5 anos,clasificacion c,2002-08-01,20,12,20,12,32
10702,SAN LUCAS,estado nutricional en menores de 5 anos,clasificacion c,2002-08-01,705,608,705,608,1313
71201,SAN MATIAS,estado nutricional en menores de 5 anos,clasificacion c,2002-08-01,156,108,156,108,264
70302,SAN MIGUEL DE VELASCO,estado nutricional en menores de 5 anos,clasificacion c,2002-08-01,124,71,124,71,195
50501,SAN PEDRO DE BUENA VISTA,estado nutricional en menores de 5 anos,clasificacion c,2002-08-01,171,270,171,270,441
21801,SAN PEDRO DE CURAHUARA,estado nutricional en menores de 5 anos,clasificacion c,2002-08-01,18,26,18,26,44
50902,SAN PEDRO DE QUEMES,estado nutricional en menores de 5 anos,clasificacion c,2002-08-01,9,3,9,3,12
21702,SAN PEDRO DE TIQUINA,estado nutricional en menores de 5 anos,clasificacion c,2002-08-01,6,112,6,112,118
90202,SAN PEDRO(PND),estado nutricional en menores de 5 anos,clasificacion c,2002-08-01,1,1,1,1,2
70303,SAN RAFAEL,estado nutricional en menores de 5 anos,clasificacion c,2002-08-01,84,97,84,97,181
80702,SAN RAMON,estado nutricional en menores de 5 anos,clasificacion c,2002-08-01,116,98,116,98,214
80401,SANTA ANA,estado nutricional en menores de 5 anos,clasificacion c,2002-08-01,292,103,292,103,395
70101,SANTA CRUZ DE LA SIERRA,estado nutricional en menores de 5 anos,clasificacion c,2002-08-01,3803,2515,3803,2515,6318
80303,SANTA ROSA,estado nutricional en menores de 5 anos,clasificacion c,2002-08-01,58,39,58,39,97
70602,SANTA ROSA DEL SARA,estado nutricional en menores de 5 anos,clasificacion c,2002-08-01,50,61,50,61,111
20308,SANTIAGO DE CALLAPA,estado nutricional en menores de 5 anos,clasificacion c,2002-08-01,46,40,46,40,86
41401,SANTIAGO DE HUARI,estado nutricional en menores de 5 anos,clasificacion c,2002-08-01,25,54,25,54,79
21901,SANTIAGO DE MACHACA,estado nutricional en menores de 5 anos,clasificacion c,2002-08-01,42,24,42,24,66
30702,SANTIVAÃ‘ES,estado nutricional en menores de 5 anos,clasificacion c,2002-08-01,59,23,59,23,82
40202,SANTUARIO DE QUILLACAS,estado nutricional en menores de 5 anos,clasificacion c,2002-08-01,7,20,7,20,27
20902,SAPAHAQUI,estado nutricional en menores de 5 anos,clasificacion c,2002-08-01,12,18,12,18,30
21301,SICA SICA (VILLA AROMA),estado nutricional en menores de 5 anos,clasificacion c,2002-08-01,146,65,146,65,211
30703,SICAYA,estado nutricional en menores de 5 anos,clasificacion c,2002-08-01,27,39,27,39,66
30902,SIPE SIPE,estado nutricional en menores de 5 anos,clasificacion c,2002-08-01,403,288,403,288,691
10403,SOPACHUY,estado nutricional en menores de 5 anos,clasificacion c,2002-08-01,82,67,82,67,149
20601,SORATA,estado nutricional en menores de 5 anos,clasificacion c,2002-08-01,173,213,173,213,386
10101,SUCRE,estado nutricional en menores de 5 anos,clasificacion c,2002-08-01,2029,1752,2029,1752,3781
20603,TACACOMA,estado nutricional en menores de 5 anos,clasificacion c,2002-08-01,67,127,67,127,194
50303,TACOBAMBA,estado nutricional en menores de 5 anos,clasificacion c,2002-08-01,86,44,86,44,130
30602,TACOPAYA,estado nutricional en menores de 5 anos,clasificacion c,2002-08-01,35,36,35,36,71
51402,TAHUA,estado nutricional en menores de 5 anos,clasificacion c,2002-08-01,27,24,27,24,51
31101,TAPACARI,estado nutricional en menores de 5 anos,clasificacion c,2002-08-01,103,261,103,261,364
10601,TARABUCO,estado nutricional en menores de 5 anos,clasificacion c,2002-08-01,467,618,467,618,1085
30401,TARATA,estado nutricional en menores de 5 anos,clasificacion c,2002-08-01,92,66,92,66,158
60101,TARIJA,estado nutricional en menores de 5 anos,clasificacion c,2002-08-01,886,589,886,589,1475
10202,TARVITA,estado nutricional en menores de 5 anos,clasificacion c,2002-08-01,273,194,273,194,467
20803,TIAWANACU,estado nutricional en menores de 5 anos,clasificacion c,2002-08-01,164,74,164,74,238
50102,TINGUIPAYA,estado nutricional en menores de 5 anos,clasificacion c,2002-08-01,38,70,38,70,108
20606,TIPUANI,estado nutricional en menores de 5 anos,clasificacion c,2002-08-01,82,52,82,52,134
30903,TIQUIPAYA,estado nutricional en menores de 5 anos,clasificacion c,2002-08-01,233,254,233,254,487
31601,TIRAQUE (CBBA),estado nutricional en menores de 5 anos,clasificacion c,2002-08-01,180,105,180,105,285
21703,TITO YUPANQUI (PARQUIPUJIO),estado nutricional en menores de 5 anos,clasificacion c,2002-08-01,1,26,1,26,27
30802,TOCO,estado nutricional en menores de 5 anos,clasificacion c,2002-08-01,18,30,18,30,48
41001,TOLEDO,estado nutricional en menores de 5 anos,clasificacion c,2002-08-01,31,42,31,42,73
51202,TOMAVE,estado nutricional en menores de 5 anos,clasificacion c,2002-08-01,70,121,70,121,191
10402,TOMINA,estado nutricional en menores de 5 anos,clasificacion c,2002-08-01,139,228,139,228,367
50502,TORO TORO,estado nutricional en menores de 5 anos,clasificacion c,2002-08-01,135,196,135,196,331
31201,TOTORA(CBBA),estado nutricional en menores de 5 anos,clasificacion c,2002-08-01,139,134,139,134,273
41301,TOTORA(ORR),estado nutricional en menores de 5 anos,clasificacion c,2002-08-01,54,139,54,139,193
70802,TRIGAL,estado nutricional en menores de 5 anos,clasificacion c,2002-08-01,13,12,13,12,25
80101,TRINIDAD,estado nutricional en menores de 5 anos,clasificacion c,2002-08-01,633,847,633,847,1480
40402,TURCO,estado nutricional en menores de 5 anos,clasificacion c,2002-08-01,65,82,65,82,147
21302,UMALA,estado nutricional en menores de 5 anos,clasificacion c,2002-08-01,43,40,43,40,83
60401,URIONDO (A. CONCEPCION),estado nutricional en menores de 5 anos,clasificacion c,2002-08-01,100,159,100,159,259
71502,URUBICHA,estado nutricional en menores de 5 anos,clasificacion c,2002-08-01,39,234,39,234,273
51201,UYUNI,estado nutricional en menores de 5 anos,clasificacion c,2002-08-01,298,327,298,327,625
70801,VALLEGRANDE,estado nutricional en menores de 5 anos,clasificacion c,2002-08-01,181,176,181,176,357
20801,VIACHA,estado nutricional en menores de 5 anos,clasificacion c,2002-08-01,230,347,230,347,577
31302,VILA VILA,estado nutricional en menores de 5 anos,clasificacion c,2002-08-01,10,57,10,57,67
60303,VILLA MONTES,estado nutricional en menores de 5 anos,clasificacion c,2002-08-01,219,130,219,130,349
90502,VILLA NUEVA (LOMA ALTA),estado nutricional en menores de 5 anos,clasificacion c,2002-08-01,2,0,2,0,2
31402,VILLA RIVERO,estado nutricional en menores de 5 anos,clasificacion c,2002-08-01,11,1,11,1,12
10801,VILLA SERRANO,estado nutricional en menores de 5 anos,clasificacion c,2002-08-01,224,378,224,378,602
31003,VILLA TUNARI,estado nutricional en menores de 5 anos,clasificacion c,2002-08-01,393,197,393,197,590
11001,VILLA VACA GUZMAN (MUYUPAMPA),estado nutricional en menores de 5 anos,clasificacion c,2002-08-01,178,326,178,326,504
51501,VILLAZON,estado nutricional en menores de 5 anos,clasificacion c,2002-08-01,480,399,480,399,879
50602,VITICHI,estado nutricional en menores de 5 anos,clasificacion c,2002-08-01,105,282,105,282,387
20306,WALDO BALLIVIAN,estado nutricional en menores de 5 anos,clasificacion c,2002-08-01,15,9,15,9,24
70201,WARNES,estado nutricional en menores de 5 anos,clasificacion c,2002-08-01,387,438,387,438,825
20903,YACO,estado nutricional en menores de 5 anos,clasificacion c,2002-08-01,22,44,22,44,66
60301,YACUIBA,estado nutricional en menores de 5 anos,clasificacion c,2002-08-01,386,97,386,97,483
10602,YAMPARAEZ,estado nutricional en menores de 5 anos,clasificacion c,2002-08-01,277,451,277,451,728
21103,YANACACHI,estado nutricional en menores de 5 anos,clasificacion c,2002-08-01,27,28,27,28,55
70403,YAPACANI,estado nutricional en menores de 5 anos,clasificacion c,2002-08-01,15,10,15,10,25
50103,YOCALLA,estado nutricional en menores de 5 anos,clasificacion c,2002-08-01,47,120,47,120,167
10102,YOTALA,estado nutricional en menores de 5 anos,clasificacion c,2002-08-01,197,392,197,392,589
60402,YUNCHARA,estado nutricional en menores de 5 anos,clasificacion c,2002-08-01,23,23,23,23,46
10301,ZUDAÃ‘EZ,estado nutricional en menores de 5 anos,clasificacion c,2002-08-01,134,170,134,170,304
51302,ACACIO,estado nutricional en menores de 5 anos,clasificacion c,2002-09-01,33,134,33,134,167
20201,ACHACACHI,estado nutricional en menores de 5 anos,clasificacion c,2002-09-01,497,552,497,552,1049
20104,ACHOCALLA,estado nutricional en menores de 5 anos,clasificacion c,2002-09-01,116,69,116,69,185
30201,AIQUILE,estado nutricional en menores de 5 anos,clasificacion c,2002-09-01,34,55,34,55,89
31303,ALALAY,estado nutricional en menores de 5 anos,clasificacion c,2002-09-01,12,26,12,26,38
10404,ALCALA,estado nutricional en menores de 5 anos,clasificacion c,2002-09-01,62,107,62,107,169
20202,ANCORAIMES,estado nutricional en menores de 5 anos,clasificacion c,2002-09-01,177,190,177,190,367
41201,ANDAMARCA,estado nutricional en menores de 5 anos,clasificacion c,2002-09-01,38,64,38,64,102
40603,ANTEQUERA,estado nutricional en menores de 5 anos,clasificacion c,2002-09-01,14,8,14,8,22
30402,ANZALDO,estado nutricional en menores de 5 anos,clasificacion c,2002-09-01,11,132,11,132,143
20701,APOLO,estado nutricional en menores de 5 anos,clasificacion c,2002-09-01,101,58,101,58,159
51301,ARAMPAMPA,estado nutricional en menores de 5 anos,clasificacion c,2002-09-01,47,70,47,70,117
30501,ARANI,estado nutricional en menores de 5 anos,clasificacion c,2002-09-01,21,60,21,60,81
30403,ARBIETO,estado nutricional en menores de 5 anos,clasificacion c,2002-09-01,40,56,40,56,96
30601,ARQUE,estado nutricional en menores de 5 anos,clasificacion c,2002-09-01,51,45,51,45,96
50802,ATOCHA,estado nutricional en menores de 5 anos,clasificacion c,2002-09-01,23,216,23,216,239
20503,AUCAPATA,estado nutricional en menores de 5 anos,clasificacion c,2002-09-01,12,17,12,17,29
20502,AYATA,estado nutricional en menores de 5 anos,clasificacion c,2002-09-01,69,61,69,61,130
21303,AYO AYO,estado nutricional en menores de 5 anos,clasificacion c,2002-09-01,83,42,83,42,125
30301,AYOPAYA (V. DE INDEPENDENCIA),estado nutricional en menores de 5 anos,clasificacion c,2002-09-01,243,172,243,172,415
10201,AZURDUY,estado nutricional en menores de 5 anos,clasificacion c,2002-09-01,240,314,240,314,554
21203,BATALLAS,estado nutricional en menores de 5 anos,clasificacion c,2002-09-01,150,195,150,195,345
80802,BAURES,estado nutricional en menores de 5 anos,clasificacion c,2002-09-01,68,101,68,101,169
41202,BELEN DE ANDAMARCA,estado nutricional en menores de 5 anos,clasificacion c,2002-09-01,4,2,4,2,6
50104,BELEN DE URMIRI,estado nutricional en menores de 5 anos,clasificacion c,2002-09-01,15,34,15,34,49
90104,BELLA FLOR,estado nutricional en menores de 5 anos,clasificacion c,2002-09-01,28,90,28,90,118
60202,BERMEJO,estado nutricional en menores de 5 anos,clasificacion c,2002-09-01,33,105,33,105,138
50301,BETANZOS,estado nutricional en menores de 5 anos,clasificacion c,2002-09-01,550,327,550,327,877
31501,BOLIVAR,estado nutricional en menores de 5 anos,clasificacion c,2002-09-01,67,101,67,101,168
90103,BOLPEBRA,estado nutricional en menores de 5 anos,clasificacion c,2002-09-01,13,27,13,27,40
70707,BOYUIBE,estado nutricional en menores de 5 anos,clasificacion c,2002-09-01,30,110,30,110,140
70401,BUENA VISTA,estado nutricional en menores de 5 anos,clasificacion c,2002-09-01,239,184,239,184,423
70703,CABEZAS,estado nutricional en menores de 5 anos,clasificacion c,2002-09-01,141,185,141,185,326
20905,CAIROMA,estado nutricional en menores de 5 anos,clasificacion c,2002-09-01,76,53,76,53,129
51102,"CAIZA ""D""",estado nutricional en menores de 5 anos,clasificacion c,2002-09-01,208,183,208,183,391
21003,CAJUATA,estado nutricional en menores de 5 anos,clasificacion c,2002-09-01,37,16,37,16,53
20303,CALACOTO,estado nutricional en menores de 5 anos,clasificacion c,2002-09-01,42,22,42,22,64
21304,CALAMARCA,estado nutricional en menores de 5 anos,clasificacion c,2002-09-01,163,131,163,131,294
10701,CAMARGO,estado nutricional en menores de 5 anos,clasificacion c,2002-09-01,144,225,144,225,369
10901,CAMATAQUI (C. VILLA ABECIA),estado nutricional en menores de 5 anos,clasificacion c,2002-09-01,74,99,74,99,173
70706,CAMIRI,estado nutricional en menores de 5 anos,clasificacion c,2002-09-01,206,224,206,224,430
30701,CAPINOTA,estado nutricional en menores de 5 anos,clasificacion c,2002-09-01,49,73,49,73,122
20302,CAQUIAVIRI,estado nutricional en menores de 5 anos,clasificacion c,2002-09-01,77,60,77,60,137
40102,CARACOLLO,estado nutricional en menores de 5 anos,clasificacion c,2002-09-01,159,159,159,159,318
22001,CARANAVI,estado nutricional en menores de 5 anos,clasificacion c,2002-09-01,478,412,478,412,890
41503,CARANGAS,estado nutricional en menores de 5 anos,clasificacion c,2002-09-01,1,0,1,0,1
60302,CARAPARI,estado nutricional en menores de 5 anos,clasificacion c,2002-09-01,129,121,129,121,250
50702,CARIPUYO,estado nutricional en menores de 5 anos,clasificacion c,2002-09-01,97,80,97,80,177
21902,CATACORA,estado nutricional en menores de 5 anos,clasificacion c,2002-09-01,4,4,4,4,8
21803,CHACARILLA,estado nutricional en menores de 5 anos,clasificacion c,2002-09-01,11,14,11,14,25
40201,CHALLAPATA,estado nutricional en menores de 5 anos,clasificacion c,2002-09-01,89,118,89,118,207
50302,CHAQUI,estado nutricional en menores de 5 anos,clasificacion c,2002-09-01,150,51,150,51,201
70702,CHARAGUA,estado nutricional en menores de 5 anos,clasificacion c,2002-09-01,125,690,125,690,815
20305,CHARAÃ‘A,estado nutricional en menores de 5 anos,clasificacion c,2002-09-01,27,23,27,23,50
50202,CHAYANTA,estado nutricional en menores de 5 anos,clasificacion c,2002-09-01,108,67,108,67,175
31204,CHIMORE,estado nutricional en menores de 5 anos,clasificacion c,2002-09-01,27,14,27,14,41
40302,CHOQUE COTA,estado nutricional en menores de 5 anos,clasificacion c,2002-09-01,22,0,22,0,22
21101,CHULUMANI (V. DE LA LIBERTAD),estado nutricional en menores de 5 anos,clasificacion c,2002-09-01,99,62,99,62,161
20501,CHUMA,estado nutricional en menores de 5 anos,clasificacion c,2002-09-01,87,95,87,95,182
30801,CLIZA,estado nutricional en menores de 5 anos,clasificacion c,2002-09-01,37,101,37,101,138
90101,COBIJA,estado nutricional en menores de 5 anos,clasificacion c,2002-09-01,318,159,318,159,477
30101,COCHABAMBA,estado nutricional en menores de 5 anos,clasificacion c,2002-09-01,1730,1338,1730,1338,3068
40902,COIPASA,estado nutricional en menores de 5 anos,clasificacion c,2002-09-01,4,0,4,0,4
30905,COLCAPIRHUA,estado nutricional en menores de 5 anos,clasificacion c,2002-09-01,266,115,266,115,381
50901,"COLCHA ""K""",estado nutricional en menores de 5 anos,clasificacion c,2002-09-01,148,135,148,135,283
21307,COLLANA,estado nutricional en menores de 5 anos,clasificacion c,2002-09-01,6,2,6,2,8
31002,COLOMI,estado nutricional en menores de 5 anos,clasificacion c,2002-09-01,193,297,193,297,490
50401,COLQUECHACA,estado nutricional en menores de 5 anos,clasificacion c,2002-09-01,229,144,229,144,373
21306,COLQUENCHA,estado nutricional en menores de 5 anos,clasificacion c,2002-09-01,55,39,55,39,94
21004,COLQUIRI,estado nutricional en menores de 5 anos,clasificacion c,2002-09-01,133,105,133,105,238
20304,COMANCHE,estado nutricional en menores de 5 anos,clasificacion c,2002-09-01,22,23,22,23,45
71301,COMARAPA,estado nutricional en menores de 5 anos,clasificacion c,2002-09-01,129,195,129,195,324
20605,COMBAYA,estado nutricional en menores de 5 anos,clasificacion c,2002-09-01,20,18,20,18,38
71101,CONCEPCION,estado nutricional en menores de 5 anos,clasificacion c,2002-09-01,19,9,19,9,28
21701,COPACABANA,estado nutricional en menores de 5 anos,clasificacion c,2002-09-01,35,43,35,43,78
21402,CORIPATA,estado nutricional en menores de 5 anos,clasificacion c,2002-09-01,23,36,23,36,59
20301,CORO CORO,estado nutricional en menores de 5 anos,clasificacion c,2002-09-01,91,81,91,81,172
21401,COROICO,estado nutricional en menores de 5 anos,clasificacion c,2002-09-01,155,69,155,69,224
40301,CORQUE,estado nutricional en menores de 5 anos,clasificacion c,2002-09-01,48,37,48,37,85
50601,COTAGAITA,estado nutricional en menores de 5 anos,clasificacion c,2002-09-01,181,239,181,239,420
70102,COTOCA,estado nutricional en menores de 5 anos,clasificacion c,2002-09-01,228,80,228,80,308
31405,CUCHUMUELA (V. G. VILLARROEL),estado nutricional en menores de 5 anos,clasificacion c,2002-09-01,17,11,17,11,28
70704,CUEVO,estado nutricional en menores de 5 anos,clasificacion c,2002-09-01,81,97,81,97,178
10902,CULPINA,estado nutricional en menores de 5 anos,clasificacion c,2002-09-01,398,448,398,448,846
40401,CURAHUARA DE CARANGAS,estado nutricional en menores de 5 anos,clasificacion c,2002-09-01,43,23,43,23,66
21602,CURVA,estado nutricional en menores de 5 anos,clasificacion c,2002-09-01,36,11,36,11,47
20804,DESAGUADERO,estado nutricional en menores de 5 anos,clasificacion c,2002-09-01,51,20,51,20,71
20105,EL ALTO,estado nutricional en menores de 5 anos,clasificacion c,2002-09-01,5100,2702,5100,2702,7802
40103,EL CHORO,estado nutricional en menores de 5 anos,clasificacion c,2002-09-01,24,8,24,8,32
71503,EL PUENTE(STC),estado nutricional en menores de 5 anos,clasificacion c,2002-09-01,13,260,13,260,273
60502,EL PUENTE(TJA),estado nutricional en menores de 5 anos,clasificacion c,2002-09-01,64,145,64,145,209
70105,EL TORNO,estado nutricional en menores de 5 anos,clasificacion c,2002-09-01,253,285,253,285,538
10405,EL VILLAR,estado nutricional en menores de 5 anos,clasificacion c,2002-09-01,86,145,86,145,231
60601,ENTRE RIOS,estado nutricional en menores de 5 anos,clasificacion c,2002-09-01,220,259,220,259,479
40502,ESCARA,estado nutricional en menores de 5 anos,clasificacion c,2002-09-01,2,1,2,1,3
41101,EUCALIPTUS,estado nutricional en menores de 5 anos,clasificacion c,2002-09-01,53,29,53,29,82
80402,EXALTACION,estado nutricional en menores de 5 anos,clasificacion c,2002-09-01,13,33,13,33,46
90203,FILADELFIA,estado nutricional en menores de 5 anos,clasificacion c,2002-09-01,26,51,26,51,77
71002,GENERAL SAAVEDRA,estado nutricional en menores de 5 anos,clasificacion c,2002-09-01,44,67,44,67,111
21601,GRAL. J.J. PEREZ (CHARAZANI),estado nutricional en menores de 5 anos,clasificacion c,2002-09-01,62,98,62,98,160
20602,GUANAY,estado nutricional en menores de 5 anos,clasificacion c,2002-09-01,333,274,333,274,607
20802,GUAQUI,estado nutricional en menores de 5 anos,clasificacion c,2002-09-01,32,20,32,20,52
80202,GUAYARAMERIN,estado nutricional en menores de 5 anos,clasificacion c,2002-09-01,430,263,430,263,693
70705,GUTIERREZ,estado nutricional en menores de 5 anos,clasificacion c,2002-09-01,163,203,163,203,366
10502,HUACARETA,estado nutricional en menores de 5 anos,clasificacion c,2002-09-01,164,233,164,233,397
11002,HUACAYA (VILLA DE HUACAYA),estado nutricional en menores de 5 anos,clasificacion c,2002-09-01,52,79,52,79,131
40501,HUACHACALLA,estado nutricional en menores de 5 anos,clasificacion c,2002-09-01,15,9,15,9,24
40701,HUANUNI,estado nutricional en menores de 5 anos,clasificacion c,2002-09-01,210,93,210,93,303
80803,HUARACAJE,estado nutricional en menores de 5 anos,clasificacion c,2002-09-01,9,10,9,10,19
41601,HUAYLLAMARCA,estado nutricional en menores de 5 anos,clasificacion c,2002-09-01,45,27,45,27,72
21005,ICHOCA,estado nutricional en menores de 5 anos,clasificacion c,2002-09-01,12,22,12,22,34
10304,ICLA,estado nutricional en menores de 5 anos,clasificacion c,2002-09-01,213,274,213,274,487
10703,INCAHUASI,estado nutricional en menores de 5 anos,clasificacion c,2002-09-01,237,194,237,194,431
90402,INGAVI (HUMAITA),estado nutricional en menores de 5 anos,clasificacion c,2002-09-01,0,5,0,5,5
21001,INQUISIVI,estado nutricional en menores de 5 anos,clasificacion c,2002-09-01,139,159,139,159,298
21102,IRUPANA (VILLA DE LANZA),estado nutricional en menores de 5 anos,clasificacion c,2002-09-01,165,170,165,170,335
21501,IXIAMAS,estado nutricional en menores de 5 anos,clasificacion c,2002-09-01,108,90,108,90,198
21105,LA ASUNTA,estado nutricional en menores de 5 anos,clasificacion c,2002-09-01,162,106,162,106,268
70104,LA GUARDIA,estado nutricional en menores de 5 anos,clasificacion c,2002-09-01,470,221,470,221,691
20101,LA PAZ,estado nutricional en menores de 5 anos,clasificacion c,2002-09-01,3938,2445,3938,2445,6383
41501,LA RIVERA,estado nutricional en menores de 5 anos,clasificacion c,2002-09-01,3,0,3,0,3
70701,LAGUNILLAS,estado nutricional en menores de 5 anos,clasificacion c,2002-09-01,101,93,101,93,194
21202,LAJA,estado nutricional en menores de 5 anos,clasificacion c,2002-09-01,70,43,70,43,113
10903,LAS CARRERAS,estado nutricional en menores de 5 anos,clasificacion c,2002-09-01,54,85,54,85,139
21006,LICOMA PAMPA,estado nutricional en menores de 5 anos,clasificacion c,2002-09-01,22,25,22,25,47
50203,LLALLAGUA,estado nutricional en menores de 5 anos,clasificacion c,2002-09-01,30,516,30,516,546
51401,LLICA,estado nutricional en menores de 5 anos,clasificacion c,2002-09-01,49,36,49,36,85
80601,LORETO,estado nutricional en menores de 5 anos,clasificacion c,2002-09-01,0,76,0,76,76
20901,LURIBAY,estado nutricional en menores de 5 anos,clasificacion c,2002-09-01,126,148,126,148,274
40702,MACHACAMARCA,estado nutricional en menores de 5 anos,clasificacion c,2002-09-01,45,36,45,36,81
11003,MACHARETI,estado nutricional en menores de 5 anos,clasificacion c,2002-09-01,172,294,172,294,466
80801,MAGDALENA,estado nutricional en menores de 5 anos,clasificacion c,2002-09-01,69,35,69,35,104
70903,MAIRANA,estado nutricional en menores de 5 anos,clasificacion c,2002-09-01,105,48,105,48,153
20904,MALLA,estado nutricional en menores de 5 anos,clasificacion c,2002-09-01,15,47,15,47,62
20103,MECAPACA,estado nutricional en menores de 5 anos,clasificacion c,2002-09-01,142,108,142,108,250
71003,MINEROS,estado nutricional en menores de 5 anos,clasificacion c,2002-09-01,18,11,18,11,29
31301,MIZQUE,estado nutricional en menores de 5 anos,clasificacion c,2002-09-01,131,138,131,138,269
20402,MOCOMOCO,estado nutricional en menores de 5 anos,clasificacion c,2002-09-01,167,63,167,63,230
51002,MOJINETE,estado nutricional en menores de 5 anos,clasificacion c,2002-09-01,4,15,4,15,19
10303,MOJOCOYA,estado nutricional en menores de 5 anos,clasificacion c,2002-09-01,192,274,192,274,466
10501,MONTEAGUDO,estado nutricional en menores de 5 anos,clasificacion c,2002-09-01,472,593,472,593,1065
71001,MONTERO,estado nutricional en menores de 5 anos,clasificacion c,2002-09-01,926,720,926,720,1646
70803,MORO MORO,estado nutricional en menores de 5 anos,clasificacion c,2002-09-01,49,38,49,38,87
30302,MOROCHATA,estado nutricional en menores de 5 anos,clasificacion c,2002-09-01,165,153,165,153,318
90401,NACEBE (SANTA ROSA DEL ABUNA),estado nutricional en menores de 5 anos,clasificacion c,2002-09-01,5,2,5,2,7
20307,NAZACARA DE PACAJES,estado nutricional en menores de 5 anos,clasificacion c,2002-09-01,5,0,5,0,5
90501,NUEVO MANOA (NUEVA ESPERANZA),estado nutricional en menores de 5 anos,clasificacion c,2002-09-01,3,15,3,15,18
50404,OCURI,estado nutricional en menores de 5 anos,clasificacion c,2002-09-01,76,108,76,108,184
70202,OKINAWA,estado nutricional en menores de 5 anos,clasificacion c,2002-09-01,71,64,71,64,135
30203,OMEREQUE,estado nutricional en menores de 5 anos,clasificacion c,2002-09-01,11,121,11,121,132
40101,ORURO,estado nutricional en menores de 5 anos,clasificacion c,2002-09-01,1754,1061,1754,1061,2815
60201,PADCAYA,estado nutricional en menores de 5 anos,clasificacion c,2002-09-01,171,224,171,224,395
10401,PADILLA,estado nutricional en menores de 5 anos,clasificacion c,2002-09-01,316,431,316,431,747
70502,PAILON,estado nutricional en menores de 5 anos,clasificacion c,2002-09-01,191,117,191,117,308
20102,PALCA,estado nutricional en menores de 5 anos,clasificacion c,2002-09-01,134,167,134,167,301
21104,PALOS BLANCOS,estado nutricional en menores de 5 anos,clasificacion c,2002-09-01,193,204,193,204,397
40802,PAMPA AULLAGAS,estado nutricional en menores de 5 anos,clasificacion c,2002-09-01,25,37,25,37,62
70902,PAMPA GRANDE,estado nutricional en menores de 5 anos,clasificacion c,2002-09-01,72,78,72,78,150
21802,PAPEL PAMPA,estado nutricional en menores de 5 anos,clasificacion c,2002-09-01,34,3,34,3,37
30202,PASORAPA,estado nutricional en menores de 5 anos,clasificacion c,2002-09-01,40,39,40,39,79
21305,PATACAMAYA,estado nutricional en menores de 5 anos,clasificacion c,2002-09-01,137,63,137,63,200
40602,PAZÃ‘A,estado nutricional en menores de 5 anos,clasificacion c,2002-09-01,35,28,35,28,63
20702,PELECHUCO,estado nutricional en menores de 5 anos,clasificacion c,2002-09-01,49,47,49,47,96
50403,POCOATA,estado nutricional en menores de 5 anos,clasificacion c,2002-09-01,269,236,269,236,505
31203,POCONA,estado nutricional en menores de 5 anos,clasificacion c,2002-09-01,110,79,110,79,189
31202,POJO (CBBA),estado nutricional en menores de 5 anos,clasificacion c,2002-09-01,394,345,394,345,739
40601,POOPO,estado nutricional en menores de 5 anos,clasificacion c,2002-09-01,38,22,38,22,60
51203,PORCO,estado nutricional en menores de 5 anos,clasificacion c,2002-09-01,86,29,86,29,115
10103,POROMA,estado nutricional en menores de 5 anos,clasificacion c,2002-09-01,245,195,245,195,440
70103,PORONGO,estado nutricional en menores de 5 anos,clasificacion c,2002-09-01,72,73,72,73,145
70601,PORTACHUELO,estado nutricional en menores de 5 anos,clasificacion c,2002-09-01,224,181,224,181,405
90102,PORVENIR,estado nutricional en menores de 5 anos,clasificacion c,2002-09-01,68,61,68,61,129
70804,POSTRER VALLE,estado nutricional en menores de 5 anos,clasificacion c,2002-09-01,8,26,8,26,34
50101,POTOSI,estado nutricional en menores de 5 anos,clasificacion c,2002-09-01,1379,512,1379,512,1891
10302,PRESTO,estado nutricional en menores de 5 anos,clasificacion c,2002-09-01,125,132,125,132,257
70805,PUCARA,estado nutricional en menores de 5 anos,clasificacion c,2002-09-01,1,12,1,12,13
21201,PUCARANI,estado nutricional en menores de 5 anos,clasificacion c,2002-09-01,105,153,105,153,258
20401,PUERTO ACOSTA,estado nutricional en menores de 5 anos,clasificacion c,2002-09-01,243,257,243,257,500
20403,PUERTO CARABUCO,estado nutricional en menores de 5 anos,clasificacion c,2002-09-01,100,79,100,79,179
90301,PUERTO GONZALO MORENO,estado nutricional en menores de 5 anos,clasificacion c,2002-09-01,17,25,17,25,42
21204,PUERTO PEREZ,estado nutricional en menores de 5 anos,clasificacion c,2002-09-01,53,39,53,39,92
71402,PUERTO QUIJARRO,estado nutricional en menores de 5 anos,clasificacion c,2002-09-01,149,68,149,68,217
90201,PUERTO RICO,estado nutricional en menores de 5 anos,clasificacion c,2002-09-01,42,68,42,68,110
80703,PUERTO SILES,estado nutricional en menores de 5 anos,clasificacion c,2002-09-01,4,11,4,11,15
71401,PUERTO SUAREZ,estado nutricional en menores de 5 anos,clasificacion c,2002-09-01,125,22,125,22,147
31205,PUERTO VILLARROEL,estado nutricional en menores de 5 anos,clasificacion c,2002-09-01,338,241,338,241,579
51101,PUNA,estado nutricional en menores de 5 anos,clasificacion c,2002-09-01,361,509,361,509,870
31401,PUNATA,estado nutricional en menores de 5 anos,clasificacion c,2002-09-01,292,44,292,44,336
20604,QUIABAYA,estado nutricional en menores de 5 anos,clasificacion c,2002-09-01,41,75,41,75,116
30901,QUILLACOLLO,estado nutricional en menores de 5 anos,clasificacion c,2002-09-01,228,194,228,194,422
21002,QUIME,estado nutricional en menores de 5 anos,clasificacion c,2002-09-01,168,157,168,157,325
70904,QUIRUSILLAS,estado nutricional en menores de 5 anos,clasificacion c,2002-09-01,8,19,8,19,27
50402,RAVELO,estado nutricional en menores de 5 anos,clasificacion c,2002-09-01,262,224,262,224,486
80301,REYES,estado nutricional en menores de 5 anos,clasificacion c,2002-09-01,136,71,136,71,207
80201,RIBERALTA,estado nutricional en menores de 5 anos,clasificacion c,2002-09-01,1079,460,1079,460,1539
70503,ROBORE,estado nutricional en menores de 5 anos,clasificacion c,2002-09-01,151,115,151,115,266
80304,RURRENABAQUE,estado nutricional en menores de 5 anos,clasificacion c,2002-09-01,129,113,129,113,242
40901,SABAYA,estado nutricional en menores de 5 anos,clasificacion c,2002-09-01,9,14,9,14,23
31001,SACABA,estado nutricional en menores de 5 anos,clasificacion c,2002-09-01,623,264,623,264,887
30404,SACABAMBA,estado nutricional en menores de 5 anos,clasificacion c,2002-09-01,3,144,3,144,147
50701,SACACA,estado nutricional en menores de 5 anos,clasificacion c,2002-09-01,154,195,154,195,349
71302,SAIPINA,estado nutricional en menores de 5 anos,clasificacion c,2002-09-01,5,18,5,18,23
40801,SALINAS DE GARCI MENDOZA,estado nutricional en menores de 5 anos,clasificacion c,2002-09-01,42,32,42,32,74
70901,SAMAIPATA,estado nutricional en menores de 5 anos,clasificacion c,2002-09-01,88,64,88,64,152
51601,SAN AGUSTIN,estado nutricional en menores de 5 anos,clasificacion c,2002-09-01,33,29,33,29,62
80602,SAN ANDRES,estado nutricional en menores de 5 anos,clasificacion c,2002-09-01,22,77,22,77,99
51003,SAN ANTONIO DE ESMORUCO,estado nutricional en menores de 5 anos,clasificacion c,2002-09-01,10,17,10,17,27
71105,SAN ANTONIO DE LOMERIO,estado nutricional en menores de 5 anos,clasificacion c,2002-09-01,114,139,114,139,253
31403,SAN BENITO,estado nutricional en menores de 5 anos,clasificacion c,2002-09-01,92,52,92,52,144
80302,SAN BORJA,estado nutricional en menores de 5 anos,clasificacion c,2002-09-01,488,233,488,233,721
21502,SAN BUENA VENTURA,estado nutricional en menores de 5 anos,clasificacion c,2002-09-01,141,147,141,147,288
70402,SAN CARLOS,estado nutricional en menores de 5 anos,clasificacion c,2002-09-01,308,290,308,290,598
80501,SAN IGNACIO,estado nutricional en menores de 5 anos,clasificacion c,2002-09-01,173,251,173,251,424
70301,SAN IGNACIO DE VELASCO,estado nutricional en menores de 5 anos,clasificacion c,2002-09-01,527,289,527,289,816
80102,SAN JAVIER(BNI),estado nutricional en menores de 5 anos,clasificacion c,2002-09-01,0,71,0,71,71
71102,SAN JAVIER(STC),estado nutricional en menores de 5 anos,clasificacion c,2002-09-01,30,29,30,29,59
80701,SAN JOAQUIN,estado nutricional en menores de 5 anos,clasificacion c,2002-09-01,22,100,22,100,122
70501,SAN JOSE DE CHIQUITOS,estado nutricional en menores de 5 anos,clasificacion c,2002-09-01,85,56,85,56,141
71104,SAN JULIAN,estado nutricional en menores de 5 anos,clasificacion c,2002-09-01,312,336,312,336,648
90302,SAN LORENZO(PND),estado nutricional en menores de 5 anos,clasificacion c,2002-09-01,9,29,9,29,38
60501,SAN LORENZO(TJA),estado nutricional en menores de 5 anos,clasificacion c,2002-09-01,35,19,35,19,54
10702,SAN LUCAS,estado nutricional en menores de 5 anos,clasificacion c,2002-09-01,704,801,704,801,1505
71201,SAN MATIAS,estado nutricional en menores de 5 anos,clasificacion c,2002-09-01,150,96,150,96,246
70302,SAN MIGUEL DE VELASCO,estado nutricional en menores de 5 anos,clasificacion c,2002-09-01,128,109,128,109,237
51001,SAN PABLO DE LIPEZ,estado nutricional en menores de 5 anos,clasificacion c,2002-09-01,25,13,25,13,38
50501,SAN PEDRO DE BUENA VISTA,estado nutricional en menores de 5 anos,clasificacion c,2002-09-01,169,290,169,290,459
21801,SAN PEDRO DE CURAHUARA,estado nutricional en menores de 5 anos,clasificacion c,2002-09-01,31,45,31,45,76
50902,SAN PEDRO DE QUEMES,estado nutricional en menores de 5 anos,clasificacion c,2002-09-01,12,9,12,9,21
21702,SAN PEDRO DE TIQUINA,estado nutricional en menores de 5 anos,clasificacion c,2002-09-01,26,59,26,59,85
70303,SAN RAFAEL,estado nutricional en menores de 5 anos,clasificacion c,2002-09-01,79,52,79,52,131
80702,SAN RAMON,estado nutricional en menores de 5 anos,clasificacion c,2002-09-01,112,260,112,260,372
80401,SANTA ANA,estado nutricional en menores de 5 anos,clasificacion c,2002-09-01,293,186,293,186,479
70101,SANTA CRUZ DE LA SIERRA,estado nutricional en menores de 5 anos,clasificacion c,2002-09-01,3880,2386,3880,2386,6266
80303,SANTA ROSA,estado nutricional en menores de 5 anos,clasificacion c,2002-09-01,77,52,77,52,129
70602,SANTA ROSA DEL SARA,estado nutricional en menores de 5 anos,clasificacion c,2002-09-01,64,44,64,44,108
20308,SANTIAGO DE CALLAPA,estado nutricional en menores de 5 anos,clasificacion c,2002-09-01,45,53,45,53,98
41401,SANTIAGO DE HUARI,estado nutricional en menores de 5 anos,clasificacion c,2002-09-01,46,45,46,45,91
21901,SANTIAGO DE MACHACA,estado nutricional en menores de 5 anos,clasificacion c,2002-09-01,41,27,41,27,68
30702,SANTIVAÃ‘ES,estado nutricional en menores de 5 anos,clasificacion c,2002-09-01,118,87,118,87,205
40202,SANTUARIO DE QUILLACAS,estado nutricional en menores de 5 anos,clasificacion c,2002-09-01,18,31,18,31,49
20902,SAPAHAQUI,estado nutricional en menores de 5 anos,clasificacion c,2002-09-01,22,14,22,14,36
90303,SENA,estado nutricional en menores de 5 anos,clasificacion c,2002-09-01,30,14,30,14,44
21301,SICA SICA (VILLA AROMA),estado nutricional en menores de 5 anos,clasificacion c,2002-09-01,98,33,98,33,131
30703,SICAYA,estado nutricional en menores de 5 anos,clasificacion c,2002-09-01,32,19,32,19,51
30902,SIPE SIPE,estado nutricional en menores de 5 anos,clasificacion c,2002-09-01,509,368,509,368,877
10403,SOPACHUY,estado nutricional en menores de 5 anos,clasificacion c,2002-09-01,101,70,101,70,171
20601,SORATA,estado nutricional en menores de 5 anos,clasificacion c,2002-09-01,207,325,207,325,532
10101,SUCRE,estado nutricional en menores de 5 anos,clasificacion c,2002-09-01,2038,1610,2038,1610,3648
31404,TACACHI,estado nutricional en menores de 5 anos,clasificacion c,2002-09-01,8,2,8,2,10
20603,TACACOMA,estado nutricional en menores de 5 anos,clasificacion c,2002-09-01,36,55,36,55,91
50303,TACOBAMBA,estado nutricional en menores de 5 anos,clasificacion c,2002-09-01,81,62,81,62,143
30602,TACOPAYA,estado nutricional en menores de 5 anos,clasificacion c,2002-09-01,126,194,126,194,320
51402,TAHUA,estado nutricional en menores de 5 anos,clasificacion c,2002-09-01,7,4,7,4,11
31101,TAPACARI,estado nutricional en menores de 5 anos,clasificacion c,2002-09-01,143,273,143,273,416
10601,TARABUCO,estado nutricional en menores de 5 anos,clasificacion c,2002-09-01,461,604,461,604,1065
30401,TARATA,estado nutricional en menores de 5 anos,clasificacion c,2002-09-01,91,67,91,67,158
60101,TARIJA,estado nutricional en menores de 5 anos,clasificacion c,2002-09-01,845,613,845,613,1458
10202,TARVITA,estado nutricional en menores de 5 anos,clasificacion c,2002-09-01,342,272,342,272,614
20803,TIAWANACU,estado nutricional en menores de 5 anos,clasificacion c,2002-09-01,99,47,99,47,146
50102,TINGUIPAYA,estado nutricional en menores de 5 anos,clasificacion c,2002-09-01,50,104,50,104,154
20606,TIPUANI,estado nutricional en menores de 5 anos,clasificacion c,2002-09-01,67,42,67,42,109
30903,TIQUIPAYA,estado nutricional en menores de 5 anos,clasificacion c,2002-09-01,111,153,111,153,264
31601,TIRAQUE (CBBA),estado nutricional en menores de 5 anos,clasificacion c,2002-09-01,265,320,265,320,585
21703,TITO YUPANQUI (PARQUIPUJIO),estado nutricional en menores de 5 anos,clasificacion c,2002-09-01,23,28,23,28,51
30802,TOCO,estado nutricional en menores de 5 anos,clasificacion c,2002-09-01,4,11,4,11,15
30803,TOLATA,estado nutricional en menores de 5 anos,clasificacion c,2002-09-01,18,8,18,8,26
41001,TOLEDO,estado nutricional en menores de 5 anos,clasificacion c,2002-09-01,42,65,42,65,107
51202,TOMAVE,estado nutricional en menores de 5 anos,clasificacion c,2002-09-01,101,155,101,155,256
10402,TOMINA,estado nutricional en menores de 5 anos,clasificacion c,2002-09-01,180,301,180,301,481
50502,TORO TORO,estado nutricional en menores de 5 anos,clasificacion c,2002-09-01,143,131,143,131,274
31201,TOTORA(CBBA),estado nutricional en menores de 5 anos,clasificacion c,2002-09-01,211,207,211,207,418
41301,TOTORA(ORR),estado nutricional en menores de 5 anos,clasificacion c,2002-09-01,45,54,45,54,99
70802,TRIGAL,estado nutricional en menores de 5 anos,clasificacion c,2002-09-01,19,20,19,20,39
80101,TRINIDAD,estado nutricional en menores de 5 anos,clasificacion c,2002-09-01,157,1342,157,1342,1499
50801,TUPIZA,estado nutricional en menores de 5 anos,clasificacion c,2002-09-01,200,844,200,844,1044
40402,TURCO,estado nutricional en menores de 5 anos,clasificacion c,2002-09-01,26,25,26,25,51
21302,UMALA,estado nutricional en menores de 5 anos,clasificacion c,2002-09-01,56,41,56,41,97
50201,UNCIA,estado nutricional en menores de 5 anos,clasificacion c,2002-09-01,34,40,34,40,74
60401,URIONDO (A. CONCEPCION),estado nutricional en menores de 5 anos,clasificacion c,2002-09-01,56,69,56,69,125
71502,URUBICHA,estado nutricional en menores de 5 anos,clasificacion c,2002-09-01,10,15,10,15,25
51201,UYUNI,estado nutricional en menores de 5 anos,clasificacion c,2002-09-01,325,304,325,304,629
30502,VACAS,estado nutricional en menores de 5 anos,clasificacion c,2002-09-01,75,21,75,21,96
70801,VALLEGRANDE,estado nutricional en menores de 5 anos,clasificacion c,2002-09-01,187,138,187,138,325
20801,VIACHA,estado nutricional en menores de 5 anos,clasificacion c,2002-09-01,264,339,264,339,603
31302,VILA VILA,estado nutricional en menores de 5 anos,clasificacion c,2002-09-01,17,43,17,43,60
60303,VILLA MONTES,estado nutricional en menores de 5 anos,clasificacion c,2002-09-01,159,123,159,123,282
90502,VILLA NUEVA (LOMA ALTA),estado nutricional en menores de 5 anos,clasificacion c,2002-09-01,3,0,3,0,3
31402,VILLA RIVERO,estado nutricional en menores de 5 anos,clasificacion c,2002-09-01,40,25,40,25,65
10801,VILLA SERRANO,estado nutricional en menores de 5 anos,clasificacion c,2002-09-01,232,337,232,337,569
31003,VILLA TUNARI,estado nutricional en menores de 5 anos,clasificacion c,2002-09-01,316,234,316,234,550
11001,VILLA VACA GUZMAN (MUYUPAMPA),estado nutricional en menores de 5 anos,clasificacion c,2002-09-01,206,332,206,332,538
51501,VILLAZON,estado nutricional en menores de 5 anos,clasificacion c,2002-09-01,441,437,441,437,878
30904,VINTO,estado nutricional en menores de 5 anos,clasificacion c,2002-09-01,110,30,110,30,140
50602,VITICHI,estado nutricional en menores de 5 anos,clasificacion c,2002-09-01,57,88,57,88,145
20306,WALDO BALLIVIAN,estado nutricional en menores de 5 anos,clasificacion c,2002-09-01,13,4,13,4,17
70201,WARNES,estado nutricional en menores de 5 anos,clasificacion c,2002-09-01,446,301,446,301,747
20903,YACO,estado nutricional en menores de 5 anos,clasificacion c,2002-09-01,24,36,24,36,60
60301,YACUIBA,estado nutricional en menores de 5 anos,clasificacion c,2002-09-01,552,373,552,373,925
10602,YAMPARAEZ,estado nutricional en menores de 5 anos,clasificacion c,2002-09-01,265,416,265,416,681
21103,YANACACHI,estado nutricional en menores de 5 anos,clasificacion c,2002-09-01,44,54,44,54,98
70403,YAPACANI,estado nutricional en menores de 5 anos,clasificacion c,2002-09-01,404,269,404,269,673
50103,YOCALLA,estado nutricional en menores de 5 anos,clasificacion c,2002-09-01,69,134,69,134,203
10102,YOTALA,estado nutricional en menores de 5 anos,clasificacion c,2002-09-01,199,378,199,378,577
60402,YUNCHARA,estado nutricional en menores de 5 anos,clasificacion c,2002-09-01,25,37,25,37,62
10301,ZUDAÃ‘EZ,estado nutricional en menores de 5 anos,clasificacion c,2002-09-01,137,188,137,188,325
51302,ACACIO,estado nutricional en menores de 5 anos,clasificacion c,2002-10-01,48,96,48,96,144
20201,ACHACACHI,estado nutricional en menores de 5 anos,clasificacion c,2002-10-01,703,826,703,826,1529
20104,ACHOCALLA,estado nutricional en menores de 5 anos,clasificacion c,2002-10-01,116,47,116,47,163
30201,AIQUILE,estado nutricional en menores de 5 anos,clasificacion c,2002-10-01,105,59,105,59,164
31303,ALALAY,estado nutricional en menores de 5 anos,clasificacion c,2002-10-01,25,95,25,95,120
10404,ALCALA,estado nutricional en menores de 5 anos,clasificacion c,2002-10-01,66,99,66,99,165
20202,ANCORAIMES,estado nutricional en menores de 5 anos,clasificacion c,2002-10-01,190,229,190,229,419
41201,ANDAMARCA,estado nutricional en menores de 5 anos,clasificacion c,2002-10-01,12,1,12,1,13
30402,ANZALDO,estado nutricional en menores de 5 anos,clasificacion c,2002-10-01,44,152,44,152,196
20701,APOLO,estado nutricional en menores de 5 anos,clasificacion c,2002-10-01,109,77,109,77,186
51301,ARAMPAMPA,estado nutricional en menores de 5 anos,clasificacion c,2002-10-01,61,80,61,80,141
30501,ARANI,estado nutricional en menores de 5 anos,clasificacion c,2002-10-01,24,65,24,65,89
30403,ARBIETO,estado nutricional en menores de 5 anos,clasificacion c,2002-10-01,19,64,19,64,83
30601,ARQUE,estado nutricional en menores de 5 anos,clasificacion c,2002-10-01,61,57,61,57,118
71501,ASCENCION DE GUARAYOS,estado nutricional en menores de 5 anos,clasificacion c,2002-10-01,393,500,393,500,893
50802,ATOCHA,estado nutricional en menores de 5 anos,clasificacion c,2002-10-01,21,297,21,297,318
20503,AUCAPATA,estado nutricional en menores de 5 anos,clasificacion c,2002-10-01,36,22,36,22,58
20502,AYATA,estado nutricional en menores de 5 anos,clasificacion c,2002-10-01,36,21,36,21,57
21303,AYO AYO,estado nutricional en menores de 5 anos,clasificacion c,2002-10-01,79,26,79,26,105
30301,AYOPAYA (V. DE INDEPENDENCIA),estado nutricional en menores de 5 anos,clasificacion c,2002-10-01,294,257,294,257,551
10201,AZURDUY,estado nutricional en menores de 5 anos,clasificacion c,2002-10-01,207,319,207,319,526
21203,BATALLAS,estado nutricional en menores de 5 anos,clasificacion c,2002-10-01,192,217,192,217,409
80802,BAURES,estado nutricional en menores de 5 anos,clasificacion c,2002-10-01,84,117,84,117,201
41202,BELEN DE ANDAMARCA,estado nutricional en menores de 5 anos,clasificacion c,2002-10-01,3,15,3,15,18
50104,BELEN DE URMIRI,estado nutricional en menores de 5 anos,clasificacion c,2002-10-01,27,37,27,37,64
90104,BELLA FLOR,estado nutricional en menores de 5 anos,clasificacion c,2002-10-01,49,103,49,103,152
60202,BERMEJO,estado nutricional en menores de 5 anos,clasificacion c,2002-10-01,27,57,27,57,84
50301,BETANZOS,estado nutricional en menores de 5 anos,clasificacion c,2002-10-01,277,239,277,239,516
31501,BOLIVAR,estado nutricional en menores de 5 anos,clasificacion c,2002-10-01,95,152,95,152,247
90103,BOLPEBRA,estado nutricional en menores de 5 anos,clasificacion c,2002-10-01,9,20,9,20,29
70707,BOYUIBE,estado nutricional en menores de 5 anos,clasificacion c,2002-10-01,12,46,12,46,58
70703,CABEZAS,estado nutricional en menores de 5 anos,clasificacion c,2002-10-01,101,95,101,95,196
20905,CAIROMA,estado nutricional en menores de 5 anos,clasificacion c,2002-10-01,97,52,97,52,149
51102,"CAIZA ""D""",estado nutricional en menores de 5 anos,clasificacion c,2002-10-01,105,99,105,99,204
21003,CAJUATA,estado nutricional en menores de 5 anos,clasificacion c,2002-10-01,102,47,102,47,149
20303,CALACOTO,estado nutricional en menores de 5 anos,clasificacion c,2002-10-01,21,10,21,10,31
21304,CALAMARCA,estado nutricional en menores de 5 anos,clasificacion c,2002-10-01,269,140,269,140,409
10701,CAMARGO,estado nutricional en menores de 5 anos,clasificacion c,2002-10-01,183,239,183,239,422
10901,CAMATAQUI (C. VILLA ABECIA),estado nutricional en menores de 5 anos,clasificacion c,2002-10-01,62,75,62,75,137
70706,CAMIRI,estado nutricional en menores de 5 anos,clasificacion c,2002-10-01,345,260,345,260,605
30701,CAPINOTA,estado nutricional en menores de 5 anos,clasificacion c,2002-10-01,94,70,94,70,164
20302,CAQUIAVIRI,estado nutricional en menores de 5 anos,clasificacion c,2002-10-01,82,58,82,58,140
40102,CARACOLLO,estado nutricional en menores de 5 anos,clasificacion c,2002-10-01,121,203,121,203,324
22001,CARANAVI,estado nutricional en menores de 5 anos,clasificacion c,2002-10-01,586,354,586,354,940
41503,CARANGAS,estado nutricional en menores de 5 anos,clasificacion c,2002-10-01,1,2,1,2,3
60302,CARAPARI,estado nutricional en menores de 5 anos,clasificacion c,2002-10-01,174,219,174,219,393
50702,CARIPUYO,estado nutricional en menores de 5 anos,clasificacion c,2002-10-01,106,137,106,137,243
21803,CHACARILLA,estado nutricional en menores de 5 anos,clasificacion c,2002-10-01,15,28,15,28,43
40201,CHALLAPATA,estado nutricional en menores de 5 anos,clasificacion c,2002-10-01,93,158,93,158,251
50302,CHAQUI,estado nutricional en menores de 5 anos,clasificacion c,2002-10-01,88,96,88,96,184
70702,CHARAGUA,estado nutricional en menores de 5 anos,clasificacion c,2002-10-01,77,552,77,552,629
20305,CHARAÃ‘A,estado nutricional en menores de 5 anos,clasificacion c,2002-10-01,31,17,31,17,48
50202,CHAYANTA,estado nutricional en menores de 5 anos,clasificacion c,2002-10-01,94,37,94,37,131
31204,CHIMORE,estado nutricional en menores de 5 anos,clasificacion c,2002-10-01,59,35,59,35,94
40903,CHIPAYA,estado nutricional en menores de 5 anos,clasificacion c,2002-10-01,4,8,4,8,12
40302,CHOQUE COTA,estado nutricional en menores de 5 anos,clasificacion c,2002-10-01,18,32,18,32,50
21101,CHULUMANI (V. DE LA LIBERTAD),estado nutricional en menores de 5 anos,clasificacion c,2002-10-01,61,96,61,96,157
20501,CHUMA,estado nutricional en menores de 5 anos,clasificacion c,2002-10-01,66,39,66,39,105
30801,CLIZA,estado nutricional en menores de 5 anos,clasificacion c,2002-10-01,58,69,58,69,127
90101,COBIJA,estado nutricional en menores de 5 anos,clasificacion c,2002-10-01,400,276,400,276,676
30101,COCHABAMBA,estado nutricional en menores de 5 anos,clasificacion c,2002-10-01,1995,1834,1995,1834,3829
40902,COIPASA,estado nutricional en menores de 5 anos,clasificacion c,2002-10-01,5,1,5,1,6
30905,COLCAPIRHUA,estado nutricional en menores de 5 anos,clasificacion c,2002-10-01,269,198,269,198,467
50901,"COLCHA ""K""",estado nutricional en menores de 5 anos,clasificacion c,2002-10-01,183,229,183,229,412
21307,COLLANA,estado nutricional en menores de 5 anos,clasificacion c,2002-10-01,13,14,13,14,27
31002,COLOMI,estado nutricional en menores de 5 anos,clasificacion c,2002-10-01,141,277,141,277,418
50401,COLQUECHACA,estado nutricional en menores de 5 anos,clasificacion c,2002-10-01,318,209,318,209,527
21306,COLQUENCHA,estado nutricional en menores de 5 anos,clasificacion c,2002-10-01,83,61,83,61,144
21004,COLQUIRI,estado nutricional en menores de 5 anos,clasificacion c,2002-10-01,194,76,194,76,270
20304,COMANCHE,estado nutricional en menores de 5 anos,clasificacion c,2002-10-01,17,17,17,17,34
71301,COMARAPA,estado nutricional en menores de 5 anos,clasificacion c,2002-10-01,142,158,142,158,300
20605,COMBAYA,estado nutricional en menores de 5 anos,clasificacion c,2002-10-01,24,24,24,24,48
71101,CONCEPCION,estado nutricional en menores de 5 anos,clasificacion c,2002-10-01,129,35,129,35,164
21701,COPACABANA,estado nutricional en menores de 5 anos,clasificacion c,2002-10-01,152,80,152,80,232
21402,CORIPATA,estado nutricional en menores de 5 anos,clasificacion c,2002-10-01,33,33,33,33,66
20301,CORO CORO,estado nutricional en menores de 5 anos,clasificacion c,2002-10-01,80,55,80,55,135
21401,COROICO,estado nutricional en menores de 5 anos,clasificacion c,2002-10-01,133,54,133,54,187
40301,CORQUE,estado nutricional en menores de 5 anos,clasificacion c,2002-10-01,50,59,50,59,109
50601,COTAGAITA,estado nutricional en menores de 5 anos,clasificacion c,2002-10-01,326,696,326,696,1022
70102,COTOCA,estado nutricional en menores de 5 anos,clasificacion c,2002-10-01,311,119,311,119,430
31405,CUCHUMUELA (V. G. VILLARROEL),estado nutricional en menores de 5 anos,clasificacion c,2002-10-01,23,12,23,12,35
70704,CUEVO,estado nutricional en menores de 5 anos,clasificacion c,2002-10-01,79,45,79,45,124
10902,CULPINA,estado nutricional en menores de 5 anos,clasificacion c,2002-10-01,370,363,370,363,733
40401,CURAHUARA DE CARANGAS,estado nutricional en menores de 5 anos,clasificacion c,2002-10-01,32,50,32,50,82
21602,CURVA,estado nutricional en menores de 5 anos,clasificacion c,2002-10-01,30,7,30,7,37
20804,DESAGUADERO,estado nutricional en menores de 5 anos,clasificacion c,2002-10-01,50,50,50,50,100
20105,EL ALTO,estado nutricional en menores de 5 anos,clasificacion c,2002-10-01,6264,3194,6264,3194,9458
40103,EL CHORO,estado nutricional en menores de 5 anos,clasificacion c,2002-10-01,15,22,15,22,37
71503,EL PUENTE(STC),estado nutricional en menores de 5 anos,clasificacion c,2002-10-01,51,248,51,248,299
60502,EL PUENTE(TJA),estado nutricional en menores de 5 anos,clasificacion c,2002-10-01,148,315,148,315,463
70105,EL TORNO,estado nutricional en menores de 5 anos,clasificacion c,2002-10-01,291,188,291,188,479
10405,EL VILLAR,estado nutricional en menores de 5 anos,clasificacion c,2002-10-01,94,156,94,156,250
60601,ENTRE RIOS,estado nutricional en menores de 5 anos,clasificacion c,2002-10-01,274,433,274,433,707
41101,EUCALIPTUS,estado nutricional en menores de 5 anos,clasificacion c,2002-10-01,37,29,37,29,66
80402,EXALTACION,estado nutricional en menores de 5 anos,clasificacion c,2002-10-01,3,4,3,4,7
90203,FILADELFIA,estado nutricional en menores de 5 anos,clasificacion c,2002-10-01,74,86,74,86,160
71002,GENERAL SAAVEDRA,estado nutricional en menores de 5 anos,clasificacion c,2002-10-01,257,310,257,310,567
21601,GRAL. J.J. PEREZ (CHARAZANI),estado nutricional en menores de 5 anos,clasificacion c,2002-10-01,73,146,73,146,219
20602,GUANAY,estado nutricional en menores de 5 anos,clasificacion c,2002-10-01,385,235,385,235,620
20802,GUAQUI,estado nutricional en menores de 5 anos,clasificacion c,2002-10-01,20,9,20,9,29
80202,GUAYARAMERIN,estado nutricional en menores de 5 anos,clasificacion c,2002-10-01,503,306,503,306,809
70705,GUTIERREZ,estado nutricional en menores de 5 anos,clasificacion c,2002-10-01,157,232,157,232,389
10502,HUACARETA,estado nutricional en menores de 5 anos,clasificacion c,2002-10-01,172,312,172,312,484
11002,HUACAYA (VILLA DE HUACAYA),estado nutricional en menores de 5 anos,clasificacion c,2002-10-01,42,61,42,61,103
40501,HUACHACALLA,estado nutricional en menores de 5 anos,clasificacion c,2002-10-01,3,26,3,26,29
40701,HUANUNI,estado nutricional en menores de 5 anos,clasificacion c,2002-10-01,247,162,247,162,409
80803,HUARACAJE,estado nutricional en menores de 5 anos,clasificacion c,2002-10-01,37,21,37,21,58
41601,HUAYLLAMARCA,estado nutricional en menores de 5 anos,clasificacion c,2002-10-01,60,32,60,32,92
21005,ICHOCA,estado nutricional en menores de 5 anos,clasificacion c,2002-10-01,65,80,65,80,145
10304,ICLA,estado nutricional en menores de 5 anos,clasificacion c,2002-10-01,175,236,175,236,411
10703,INCAHUASI,estado nutricional en menores de 5 anos,clasificacion c,2002-10-01,230,125,230,125,355
21001,INQUISIVI,estado nutricional en menores de 5 anos,clasificacion c,2002-10-01,156,96,156,96,252
21102,IRUPANA (VILLA DE LANZA),estado nutricional en menores de 5 anos,clasificacion c,2002-10-01,126,181,126,181,307
21501,IXIAMAS,estado nutricional en menores de 5 anos,clasificacion c,2002-10-01,101,102,101,102,203
21105,LA ASUNTA,estado nutricional en menores de 5 anos,clasificacion c,2002-10-01,135,80,135,80,215
70104,LA GUARDIA,estado nutricional en menores de 5 anos,clasificacion c,2002-10-01,524,295,524,295,819
20101,LA PAZ,estado nutricional en menores de 5 anos,clasificacion c,2002-10-01,4795,3179,4795,3179,7974
41501,LA RIVERA,estado nutricional en menores de 5 anos,clasificacion c,2002-10-01,3,1,3,1,4
70701,LAGUNILLAS,estado nutricional en menores de 5 anos,clasificacion c,2002-10-01,118,113,118,113,231
21202,LAJA,estado nutricional en menores de 5 anos,clasificacion c,2002-10-01,168,69,168,69,237
10903,LAS CARRERAS,estado nutricional en menores de 5 anos,clasificacion c,2002-10-01,75,163,75,163,238
21006,LICOMA PAMPA,estado nutricional en menores de 5 anos,clasificacion c,2002-10-01,27,33,27,33,60
50203,LLALLAGUA,estado nutricional en menores de 5 anos,clasificacion c,2002-10-01,77,683,77,683,760
51401,LLICA,estado nutricional en menores de 5 anos,clasificacion c,2002-10-01,71,59,71,59,130
80601,LORETO,estado nutricional en menores de 5 anos,clasificacion c,2002-10-01,75,107,75,107,182
20901,LURIBAY,estado nutricional en menores de 5 anos,clasificacion c,2002-10-01,163,113,163,113,276
40702,MACHACAMARCA,estado nutricional en menores de 5 anos,clasificacion c,2002-10-01,41,46,41,46,87
11003,MACHARETI,estado nutricional en menores de 5 anos,clasificacion c,2002-10-01,191,330,191,330,521
80801,MAGDALENA,estado nutricional en menores de 5 anos,clasificacion c,2002-10-01,126,97,126,97,223
70903,MAIRANA,estado nutricional en menores de 5 anos,clasificacion c,2002-10-01,127,66,127,66,193
20904,MALLA,estado nutricional en menores de 5 anos,clasificacion c,2002-10-01,3,24,3,24,27
20103,MECAPACA,estado nutricional en menores de 5 anos,clasificacion c,2002-10-01,117,156,117,156,273
71003,MINEROS,estado nutricional en menores de 5 anos,clasificacion c,2002-10-01,593,486,593,486,1079
31301,MIZQUE,estado nutricional en menores de 5 anos,clasificacion c,2002-10-01,75,173,75,173,248
20402,MOCOMOCO,estado nutricional en menores de 5 anos,clasificacion c,2002-10-01,251,101,251,101,352
51002,MOJINETE,estado nutricional en menores de 5 anos,clasificacion c,2002-10-01,4,11,4,11,15
10303,MOJOCOYA,estado nutricional en menores de 5 anos,clasificacion c,2002-10-01,175,287,175,287,462
10501,MONTEAGUDO,estado nutricional en menores de 5 anos,clasificacion c,2002-10-01,384,502,384,502,886
71001,MONTERO,estado nutricional en menores de 5 anos,clasificacion c,2002-10-01,1336,964,1336,964,2300
70803,MORO MORO,estado nutricional en menores de 5 anos,clasificacion c,2002-10-01,41,32,41,32,73
30302,MOROCHATA,estado nutricional en menores de 5 anos,clasificacion c,2002-10-01,196,275,196,275,471
90401,NACEBE (SANTA ROSA DEL ABUNA),estado nutricional en menores de 5 anos,clasificacion c,2002-10-01,31,21,31,21,52
20307,NAZACARA DE PACAJES,estado nutricional en menores de 5 anos,clasificacion c,2002-10-01,15,0,15,0,15
90501,NUEVO MANOA (NUEVA ESPERANZA),estado nutricional en menores de 5 anos,clasificacion c,2002-10-01,4,7,4,7,11
50404,OCURI,estado nutricional en menores de 5 anos,clasificacion c,2002-10-01,90,87,90,87,177
70202,OKINAWA,estado nutricional en menores de 5 anos,clasificacion c,2002-10-01,71,95,71,95,166
30203,OMEREQUE,estado nutricional en menores de 5 anos,clasificacion c,2002-10-01,7,71,7,71,78
40101,ORURO,estado nutricional en menores de 5 anos,clasificacion c,2002-10-01,2331,1417,2331,1417,3748
60201,PADCAYA,estado nutricional en menores de 5 anos,clasificacion c,2002-10-01,164,181,164,181,345
10401,PADILLA,estado nutricional en menores de 5 anos,clasificacion c,2002-10-01,286,381,286,381,667
70502,PAILON,estado nutricional en menores de 5 anos,clasificacion c,2002-10-01,177,71,177,71,248
20102,PALCA,estado nutricional en menores de 5 anos,clasificacion c,2002-10-01,107,66,107,66,173
21104,PALOS BLANCOS,estado nutricional en menores de 5 anos,clasificacion c,2002-10-01,265,212,265,212,477
40802,PAMPA AULLAGAS,estado nutricional en menores de 5 anos,clasificacion c,2002-10-01,37,26,37,26,63
70902,PAMPA GRANDE,estado nutricional en menores de 5 anos,clasificacion c,2002-10-01,68,52,68,52,120
21802,PAPEL PAMPA,estado nutricional en menores de 5 anos,clasificacion c,2002-10-01,48,49,48,49,97
30202,PASORAPA,estado nutricional en menores de 5 anos,clasificacion c,2002-10-01,54,65,54,65,119
21305,PATACAMAYA,estado nutricional en menores de 5 anos,clasificacion c,2002-10-01,139,73,139,73,212
40602,PAZÃ‘A,estado nutricional en menores de 5 anos,clasificacion c,2002-10-01,18,36,18,36,54
20702,PELECHUCO,estado nutricional en menores de 5 anos,clasificacion c,2002-10-01,44,25,44,25,69
50403,POCOATA,estado nutricional en menores de 5 anos,clasificacion c,2002-10-01,304,326,304,326,630
31203,POCONA,estado nutricional en menores de 5 anos,clasificacion c,2002-10-01,94,80,94,80,174
31202,POJO (CBBA),estado nutricional en menores de 5 anos,clasificacion c,2002-10-01,451,278,451,278,729
40601,POOPO,estado nutricional en menores de 5 anos,clasificacion c,2002-10-01,41,35,41,35,76
51203,PORCO,estado nutricional en menores de 5 anos,clasificacion c,2002-10-01,115,106,115,106,221
10103,POROMA,estado nutricional en menores de 5 anos,clasificacion c,2002-10-01,272,292,272,292,564
70103,PORONGO,estado nutricional en menores de 5 anos,clasificacion c,2002-10-01,68,78,68,78,146
70601,PORTACHUELO,estado nutricional en menores de 5 anos,clasificacion c,2002-10-01,256,155,256,155,411
90102,PORVENIR,estado nutricional en menores de 5 anos,clasificacion c,2002-10-01,3,10,3,10,13
70804,POSTRER VALLE,estado nutricional en menores de 5 anos,clasificacion c,2002-10-01,5,11,5,11,16
50101,POTOSI,estado nutricional en menores de 5 anos,clasificacion c,2002-10-01,1687,747,1687,747,2434
10302,PRESTO,estado nutricional en menores de 5 anos,clasificacion c,2002-10-01,137,156,137,156,293
70805,PUCARA,estado nutricional en menores de 5 anos,clasificacion c,2002-10-01,30,40,30,40,70
21201,PUCARANI,estado nutricional en menores de 5 anos,clasificacion c,2002-10-01,189,200,189,200,389
20401,PUERTO ACOSTA,estado nutricional en menores de 5 anos,clasificacion c,2002-10-01,167,201,167,201,368
20403,PUERTO CARABUCO,estado nutricional en menores de 5 anos,clasificacion c,2002-10-01,153,126,153,126,279
90301,PUERTO GONZALO MORENO,estado nutricional en menores de 5 anos,clasificacion c,2002-10-01,16,23,16,23,39
21204,PUERTO PEREZ,estado nutricional en menores de 5 anos,clasificacion c,2002-10-01,111,57,111,57,168
71402,PUERTO QUIJARRO,estado nutricional en menores de 5 anos,clasificacion c,2002-10-01,155,50,155,50,205
90201,PUERTO RICO,estado nutricional en menores de 5 anos,clasificacion c,2002-10-01,32,49,32,49,81
80703,PUERTO SILES,estado nutricional en menores de 5 anos,clasificacion c,2002-10-01,4,3,4,3,7
71401,PUERTO SUAREZ,estado nutricional en menores de 5 anos,clasificacion c,2002-10-01,175,53,175,53,228
31205,PUERTO VILLARROEL,estado nutricional en menores de 5 anos,clasificacion c,2002-10-01,387,264,387,264,651
51101,PUNA,estado nutricional en menores de 5 anos,clasificacion c,2002-10-01,154,145,154,145,299
31401,PUNATA,estado nutricional en menores de 5 anos,clasificacion c,2002-10-01,416,136,416,136,552
20604,QUIABAYA,estado nutricional en menores de 5 anos,clasificacion c,2002-10-01,27,68,27,68,95
30901,QUILLACOLLO,estado nutricional en menores de 5 anos,clasificacion c,2002-10-01,231,225,231,225,456
21002,QUIME,estado nutricional en menores de 5 anos,clasificacion c,2002-10-01,182,181,182,181,363
70904,QUIRUSILLAS,estado nutricional en menores de 5 anos,clasificacion c,2002-10-01,3,12,3,12,15
50402,RAVELO,estado nutricional en menores de 5 anos,clasificacion c,2002-10-01,287,232,287,232,519
80301,REYES,estado nutricional en menores de 5 anos,clasificacion c,2002-10-01,117,60,117,60,177
80201,RIBERALTA,estado nutricional en menores de 5 anos,clasificacion c,2002-10-01,1207,505,1207,505,1712
70503,ROBORE,estado nutricional en menores de 5 anos,clasificacion c,2002-10-01,122,105,122,105,227
80304,RURRENABAQUE,estado nutricional en menores de 5 anos,clasificacion c,2002-10-01,195,115,195,115,310
40901,SABAYA,estado nutricional en menores de 5 anos,clasificacion c,2002-10-01,9,12,9,12,21
31001,SACABA,estado nutricional en menores de 5 anos,clasificacion c,2002-10-01,808,213,808,213,1021
30404,SACABAMBA,estado nutricional en menores de 5 anos,clasificacion c,2002-10-01,52,129,52,129,181
50701,SACACA,estado nutricional en menores de 5 anos,clasificacion c,2002-10-01,119,189,119,189,308
71302,SAIPINA,estado nutricional en menores de 5 anos,clasificacion c,2002-10-01,25,27,25,27,52
40801,SALINAS DE GARCI MENDOZA,estado nutricional en menores de 5 anos,clasificacion c,2002-10-01,37,43,37,43,80
70901,SAMAIPATA,estado nutricional en menores de 5 anos,clasificacion c,2002-10-01,122,46,122,46,168
51601,SAN AGUSTIN,estado nutricional en menores de 5 anos,clasificacion c,2002-10-01,31,26,31,26,57
80602,SAN ANDRES,estado nutricional en menores de 5 anos,clasificacion c,2002-10-01,126,138,126,138,264
51003,SAN ANTONIO DE ESMORUCO,estado nutricional en menores de 5 anos,clasificacion c,2002-10-01,22,27,22,27,49
71105,SAN ANTONIO DE LOMERIO,estado nutricional en menores de 5 anos,clasificacion c,2002-10-01,125,138,125,138,263
31403,SAN BENITO,estado nutricional en menores de 5 anos,clasificacion c,2002-10-01,55,83,55,83,138
80302,SAN BORJA,estado nutricional en menores de 5 anos,clasificacion c,2002-10-01,610,399,610,399,1009
21502,SAN BUENA VENTURA,estado nutricional en menores de 5 anos,clasificacion c,2002-10-01,91,47,91,47,138
80501,SAN IGNACIO,estado nutricional en menores de 5 anos,clasificacion c,2002-10-01,237,165,237,165,402
70301,SAN IGNACIO DE VELASCO,estado nutricional en menores de 5 anos,clasificacion c,2002-10-01,565,314,565,314,879
80102,SAN JAVIER(BNI),estado nutricional en menores de 5 anos,clasificacion c,2002-10-01,17,62,17,62,79
71102,SAN JAVIER(STC),estado nutricional en menores de 5 anos,clasificacion c,2002-10-01,99,75,99,75,174
80701,SAN JOAQUIN,estado nutricional en menores de 5 anos,clasificacion c,2002-10-01,24,67,24,67,91
70501,SAN JOSE DE CHIQUITOS,estado nutricional en menores de 5 anos,clasificacion c,2002-10-01,153,59,153,59,212
71104,SAN JULIAN,estado nutricional en menores de 5 anos,clasificacion c,2002-10-01,370,520,370,520,890
90302,SAN LORENZO(PND),estado nutricional en menores de 5 anos,clasificacion c,2002-10-01,34,147,34,147,181
60501,SAN LORENZO(TJA),estado nutricional en menores de 5 anos,clasificacion c,2002-10-01,48,37,48,37,85
10702,SAN LUCAS,estado nutricional en menores de 5 anos,clasificacion c,2002-10-01,999,778,999,778,1777
71201,SAN MATIAS,estado nutricional en menores de 5 anos,clasificacion c,2002-10-01,293,206,293,206,499
70302,SAN MIGUEL DE VELASCO,estado nutricional en menores de 5 anos,clasificacion c,2002-10-01,190,199,190,199,389
51001,SAN PABLO DE LIPEZ,estado nutricional en menores de 5 anos,clasificacion c,2002-10-01,19,41,19,41,60
50501,SAN PEDRO DE BUENA VISTA,estado nutricional en menores de 5 anos,clasificacion c,2002-10-01,71,213,71,213,284
21801,SAN PEDRO DE CURAHUARA,estado nutricional en menores de 5 anos,clasificacion c,2002-10-01,68,125,68,125,193
50902,SAN PEDRO DE QUEMES,estado nutricional en menores de 5 anos,clasificacion c,2002-10-01,24,8,24,8,32
21702,SAN PEDRO DE TIQUINA,estado nutricional en menores de 5 anos,clasificacion c,2002-10-01,54,62,54,62,116
90202,SAN PEDRO(PND),estado nutricional en menores de 5 anos,clasificacion c,2002-10-01,10,11,10,11,21
70303,SAN RAFAEL,estado nutricional en menores de 5 anos,clasificacion c,2002-10-01,87,86,87,86,173
80702,SAN RAMON,estado nutricional en menores de 5 anos,clasificacion c,2002-10-01,10,0,10,0,10
80702,SAN RAMON,estado nutricional en menores de 5 anos,clasificacion c,2002-10-01,100,60,100,60,160
80401,SANTA ANA,estado nutricional en menores de 5 anos,clasificacion c,2002-10-01,137,97,137,97,234
70101,SANTA CRUZ DE LA SIERRA,estado nutricional en menores de 5 anos,clasificacion c,2002-10-01,4747,2775,4747,2775,7522
80303,SANTA ROSA,estado nutricional en menores de 5 anos,clasificacion c,2002-10-01,59,88,59,88,147
70602,SANTA ROSA DEL SARA,estado nutricional en menores de 5 anos,clasificacion c,2002-10-01,49,65,49,65,114
20308,SANTIAGO DE CALLAPA,estado nutricional en menores de 5 anos,clasificacion c,2002-10-01,90,65,90,65,155
41401,SANTIAGO DE HUARI,estado nutricional en menores de 5 anos,clasificacion c,2002-10-01,46,60,46,60,106
21901,SANTIAGO DE MACHACA,estado nutricional en menores de 5 anos,clasificacion c,2002-10-01,23,19,23,19,42
30702,SANTIVAÃ‘ES,estado nutricional en menores de 5 anos,clasificacion c,2002-10-01,83,33,83,33,116
40202,SANTUARIO DE QUILLACAS,estado nutricional en menores de 5 anos,clasificacion c,2002-10-01,10,49,10,49,59
20902,SAPAHAQUI,estado nutricional en menores de 5 anos,clasificacion c,2002-10-01,64,51,64,51,115
90303,SENA,estado nutricional en menores de 5 anos,clasificacion c,2002-10-01,2,21,2,21,23
21301,SICA SICA (VILLA AROMA),estado nutricional en menores de 5 anos,clasificacion c,2002-10-01,272,151,272,151,423
30703,SICAYA,estado nutricional en menores de 5 anos,clasificacion c,2002-10-01,33,7,33,7,40
30902,SIPE SIPE,estado nutricional en menores de 5 anos,clasificacion c,2002-10-01,480,287,480,287,767
10403,SOPACHUY,estado nutricional en menores de 5 anos,clasificacion c,2002-10-01,99,84,99,84,183
20601,SORATA,estado nutricional en menores de 5 anos,clasificacion c,2002-10-01,326,383,326,383,709
10101,SUCRE,estado nutricional en menores de 5 anos,clasificacion c,2002-10-01,2432,1982,2432,1982,4414
31404,TACACHI,estado nutricional en menores de 5 anos,clasificacion c,2002-10-01,3,15,3,15,18
20603,TACACOMA,estado nutricional en menores de 5 anos,clasificacion c,2002-10-01,45,113,45,113,158
50303,TACOBAMBA,estado nutricional en menores de 5 anos,clasificacion c,2002-10-01,159,127,159,127,286
30602,TACOPAYA,estado nutricional en menores de 5 anos,clasificacion c,2002-10-01,102,228,102,228,330
51402,TAHUA,estado nutricional en menores de 5 anos,clasificacion c,2002-10-01,13,14,13,14,27
31101,TAPACARI,estado nutricional en menores de 5 anos,clasificacion c,2002-10-01,149,199,149,199,348
10601,TARABUCO,estado nutricional en menores de 5 anos,clasificacion c,2002-10-01,430,591,430,591,1021
30401,TARATA,estado nutricional en menores de 5 anos,clasificacion c,2002-10-01,94,68,94,68,162
60101,TARIJA,estado nutricional en menores de 5 anos,clasificacion c,2002-10-01,1679,990,1679,990,2669
10202,TARVITA,estado nutricional en menores de 5 anos,clasificacion c,2002-10-01,350,359,350,359,709
20803,TIAWANACU,estado nutricional en menores de 5 anos,clasificacion c,2002-10-01,102,103,102,103,205
50102,TINGUIPAYA,estado nutricional en menores de 5 anos,clasificacion c,2002-10-01,186,229,186,229,415
20606,TIPUANI,estado nutricional en menores de 5 anos,clasificacion c,2002-10-01,115,48,115,48,163
30903,TIQUIPAYA,estado nutricional en menores de 5 anos,clasificacion c,2002-10-01,454,273,454,273,727
31601,TIRAQUE (CBBA),estado nutricional en menores de 5 anos,clasificacion c,2002-10-01,320,351,320,351,671
21703,TITO YUPANQUI (PARQUIPUJIO),estado nutricional en menores de 5 anos,clasificacion c,2002-10-01,1,37,1,37,38
30802,TOCO,estado nutricional en menores de 5 anos,clasificacion c,2002-10-01,10,19,10,19,29
41001,TOLEDO,estado nutricional en menores de 5 anos,clasificacion c,2002-10-01,57,62,57,62,119
51202,TOMAVE,estado nutricional en menores de 5 anos,clasificacion c,2002-10-01,136,145,136,145,281
10402,TOMINA,estado nutricional en menores de 5 anos,clasificacion c,2002-10-01,198,325,198,325,523
50502,TORO TORO,estado nutricional en menores de 5 anos,clasificacion c,2002-10-01,106,130,106,130,236
31201,TOTORA(CBBA),estado nutricional en menores de 5 anos,clasificacion c,2002-10-01,169,137,169,137,306
41301,TOTORA(ORR),estado nutricional en menores de 5 anos,clasificacion c,2002-10-01,42,52,42,52,94
70802,TRIGAL,estado nutricional en menores de 5 anos,clasificacion c,2002-10-01,18,13,18,13,31
80101,TRINIDAD,estado nutricional en menores de 5 anos,clasificacion c,2002-10-01,600,647,600,647,1247
50801,TUPIZA,estado nutricional en menores de 5 anos,clasificacion c,2002-10-01,291,873,291,873,1164
40402,TURCO,estado nutricional en menores de 5 anos,clasificacion c,2002-10-01,46,27,46,27,73
21302,UMALA,estado nutricional en menores de 5 anos,clasificacion c,2002-10-01,116,135,116,135,251
50201,UNCIA,estado nutricional en menores de 5 anos,clasificacion c,2002-10-01,63,1,63,1,64
60401,URIONDO (A. CONCEPCION),estado nutricional en menores de 5 anos,clasificacion c,2002-10-01,114,107,114,107,221
71502,URUBICHA,estado nutricional en menores de 5 anos,clasificacion c,2002-10-01,179,441,179,441,620
51201,UYUNI,estado nutricional en menores de 5 anos,clasificacion c,2002-10-01,271,277,271,277,548
30502,VACAS,estado nutricional en menores de 5 anos,clasificacion c,2002-10-01,53,74,53,74,127
70801,VALLEGRANDE,estado nutricional en menores de 5 anos,clasificacion c,2002-10-01,235,201,235,201,436
20801,VIACHA,estado nutricional en menores de 5 anos,clasificacion c,2002-10-01,357,309,357,309,666
31302,VILA VILA,estado nutricional en menores de 5 anos,clasificacion c,2002-10-01,37,100,37,100,137
60303,VILLA MONTES,estado nutricional en menores de 5 anos,clasificacion c,2002-10-01,237,156,237,156,393
90502,VILLA NUEVA (LOMA ALTA),estado nutricional en menores de 5 anos,clasificacion c,2002-10-01,3,2,3,2,5
31402,VILLA RIVERO,estado nutricional en menores de 5 anos,clasificacion c,2002-10-01,42,42,42,42,84
10801,VILLA SERRANO,estado nutricional en menores de 5 anos,clasificacion c,2002-10-01,289,458,289,458,747
31003,VILLA TUNARI,estado nutricional en menores de 5 anos,clasificacion c,2002-10-01,455,312,455,312,767
11001,VILLA VACA GUZMAN (MUYUPAMPA),estado nutricional en menores de 5 anos,clasificacion c,2002-10-01,212,280,212,280,492
51501,VILLAZON,estado nutricional en menores de 5 anos,clasificacion c,2002-10-01,528,550,528,550,1078
30904,VINTO,estado nutricional en menores de 5 anos,clasificacion c,2002-10-01,230,74,230,74,304
50602,VITICHI,estado nutricional en menores de 5 anos,clasificacion c,2002-10-01,121,232,121,232,353
20306,WALDO BALLIVIAN,estado nutricional en menores de 5 anos,clasificacion c,2002-10-01,10,3,10,3,13
70201,WARNES,estado nutricional en menores de 5 anos,clasificacion c,2002-10-01,536,243,536,243,779
20903,YACO,estado nutricional en menores de 5 anos,clasificacion c,2002-10-01,47,61,47,61,108
60301,YACUIBA,estado nutricional en menores de 5 anos,clasificacion c,2002-10-01,679,518,679,518,1197
10602,YAMPARAEZ,estado nutricional en menores de 5 anos,clasificacion c,2002-10-01,196,349,196,349,545
21103,YANACACHI,estado nutricional en menores de 5 anos,clasificacion c,2002-10-01,37,29,37,29,66
50103,YOCALLA,estado nutricional en menores de 5 anos,clasificacion c,2002-10-01,86,98,86,98,184
10102,YOTALA,estado nutricional en menores de 5 anos,clasificacion c,2002-10-01,201,380,201,380,581
60402,YUNCHARA,estado nutricional en menores de 5 anos,clasificacion c,2002-10-01,49,96,49,96,145
10301,ZUDAÃ‘EZ,estado nutricional en menores de 5 anos,clasificacion c,2002-10-01,122,145,122,145,267
51302,ACACIO,estado nutricional en menores de 5 anos,clasificacion c,2002-11-01,34,147,34,147,181
20201,ACHACACHI,estado nutricional en menores de 5 anos,clasificacion c,2002-11-01,695,821,695,821,1516
20104,ACHOCALLA,estado nutricional en menores de 5 anos,clasificacion c,2002-11-01,90,44,90,44,134
30201,AIQUILE,estado nutricional en menores de 5 anos,clasificacion c,2002-11-01,143,151,143,151,294
31303,ALALAY,estado nutricional en menores de 5 anos,clasificacion c,2002-11-01,20,98,20,98,118
10404,ALCALA,estado nutricional en menores de 5 anos,clasificacion c,2002-11-01,59,104,59,104,163
20202,ANCORAIMES,estado nutricional en menores de 5 anos,clasificacion c,2002-11-01,219,302,219,302,521
41201,ANDAMARCA,estado nutricional en menores de 5 anos,clasificacion c,2002-11-01,29,48,29,48,77
40603,ANTEQUERA,estado nutricional en menores de 5 anos,clasificacion c,2002-11-01,10,13,10,13,23
30402,ANZALDO,estado nutricional en menores de 5 anos,clasificacion c,2002-11-01,34,112,34,112,146
20701,APOLO,estado nutricional en menores de 5 anos,clasificacion c,2002-11-01,127,104,127,104,231
51301,ARAMPAMPA,estado nutricional en menores de 5 anos,clasificacion c,2002-11-01,58,103,58,103,161
30501,ARANI,estado nutricional en menores de 5 anos,clasificacion c,2002-11-01,73,21,73,21,94
30403,ARBIETO,estado nutricional en menores de 5 anos,clasificacion c,2002-11-01,23,13,23,13,36
30601,ARQUE,estado nutricional en menores de 5 anos,clasificacion c,2002-11-01,50,54,50,54,104
50802,ATOCHA,estado nutricional en menores de 5 anos,clasificacion c,2002-11-01,21,177,21,177,198
20503,AUCAPATA,estado nutricional en menores de 5 anos,clasificacion c,2002-11-01,42,11,42,11,53
20502,AYATA,estado nutricional en menores de 5 anos,clasificacion c,2002-11-01,47,44,47,44,91
21303,AYO AYO,estado nutricional en menores de 5 anos,clasificacion c,2002-11-01,88,13,88,13,101
30301,AYOPAYA (V. DE INDEPENDENCIA),estado nutricional en menores de 5 anos,clasificacion c,2002-11-01,282,234,282,234,516
10201,AZURDUY,estado nutricional en menores de 5 anos,clasificacion c,2002-11-01,238,291,238,291,529
21203,BATALLAS,estado nutricional en menores de 5 anos,clasificacion c,2002-11-01,170,175,170,175,345
80802,BAURES,estado nutricional en menores de 5 anos,clasificacion c,2002-11-01,58,62,58,62,120
41202,BELEN DE ANDAMARCA,estado nutricional en menores de 5 anos,clasificacion c,2002-11-01,5,7,5,7,12
50104,BELEN DE URMIRI,estado nutricional en menores de 5 anos,clasificacion c,2002-11-01,13,33,13,33,46
90104,BELLA FLOR,estado nutricional en menores de 5 anos,clasificacion c,2002-11-01,27,64,27,64,91
60202,BERMEJO,estado nutricional en menores de 5 anos,clasificacion c,2002-11-01,58,46,58,46,104
50301,BETANZOS,estado nutricional en menores de 5 anos,clasificacion c,2002-11-01,554,397,554,397,951
31501,BOLIVAR,estado nutricional en menores de 5 anos,clasificacion c,2002-11-01,128,78,128,78,206
90103,BOLPEBRA,estado nutricional en menores de 5 anos,clasificacion c,2002-11-01,18,28,18,28,46
70707,BOYUIBE,estado nutricional en menores de 5 anos,clasificacion c,2002-11-01,15,54,15,54,69
70401,BUENA VISTA,estado nutricional en menores de 5 anos,clasificacion c,2002-11-01,183,180,183,180,363
70703,CABEZAS,estado nutricional en menores de 5 anos,clasificacion c,2002-11-01,112,163,112,163,275
20905,CAIROMA,estado nutricional en menores de 5 anos,clasificacion c,2002-11-01,36,18,36,18,54
51102,"CAIZA ""D""",estado nutricional en menores de 5 anos,clasificacion c,2002-11-01,239,209,239,209,448
21003,CAJUATA,estado nutricional en menores de 5 anos,clasificacion c,2002-11-01,89,66,89,66,155
20303,CALACOTO,estado nutricional en menores de 5 anos,clasificacion c,2002-11-01,37,16,37,16,53
21304,CALAMARCA,estado nutricional en menores de 5 anos,clasificacion c,2002-11-01,223,103,223,103,326
10701,CAMARGO,estado nutricional en menores de 5 anos,clasificacion c,2002-11-01,165,167,165,167,332
10901,CAMATAQUI (C. VILLA ABECIA),estado nutricional en menores de 5 anos,clasificacion c,2002-11-01,32,52,32,52,84
70706,CAMIRI,estado nutricional en menores de 5 anos,clasificacion c,2002-11-01,176,102,176,102,278
30701,CAPINOTA,estado nutricional en menores de 5 anos,clasificacion c,2002-11-01,58,52,58,52,110
20302,CAQUIAVIRI,estado nutricional en menores de 5 anos,clasificacion c,2002-11-01,79,52,79,52,131
40102,CARACOLLO,estado nutricional en menores de 5 anos,clasificacion c,2002-11-01,100,258,100,258,358
22001,CARANAVI,estado nutricional en menores de 5 anos,clasificacion c,2002-11-01,564,601,564,601,1165
60302,CARAPARI,estado nutricional en menores de 5 anos,clasificacion c,2002-11-01,98,103,98,103,201
50702,CARIPUYO,estado nutricional en menores de 5 anos,clasificacion c,2002-11-01,118,119,118,119,237
21902,CATACORA,estado nutricional en menores de 5 anos,clasificacion c,2002-11-01,8,9,8,9,17
21803,CHACARILLA,estado nutricional en menores de 5 anos,clasificacion c,2002-11-01,3,1,3,1,4
40201,CHALLAPATA,estado nutricional en menores de 5 anos,clasificacion c,2002-11-01,100,120,100,120,220
50302,CHAQUI,estado nutricional en menores de 5 anos,clasificacion c,2002-11-01,186,75,186,75,261
70702,CHARAGUA,estado nutricional en menores de 5 anos,clasificacion c,2002-11-01,91,467,91,467,558
20305,CHARAÃ‘A,estado nutricional en menores de 5 anos,clasificacion c,2002-11-01,42,10,42,10,52
50202,CHAYANTA,estado nutricional en menores de 5 anos,clasificacion c,2002-11-01,94,110,94,110,204
31204,CHIMORE,estado nutricional en menores de 5 anos,clasificacion c,2002-11-01,49,40,49,40,89
40903,CHIPAYA,estado nutricional en menores de 5 anos,clasificacion c,2002-11-01,8,1,8,1,9
21101,CHULUMANI (V. DE LA LIBERTAD),estado nutricional en menores de 5 anos,clasificacion c,2002-11-01,55,41,55,41,96
20501,CHUMA,estado nutricional en menores de 5 anos,clasificacion c,2002-11-01,74,53,74,53,127
30801,CLIZA,estado nutricional en menores de 5 anos,clasificacion c,2002-11-01,60,17,60,17,77
90101,COBIJA,estado nutricional en menores de 5 anos,clasificacion c,2002-11-01,161,76,161,76,237
30101,COCHABAMBA,estado nutricional en menores de 5 anos,clasificacion c,2002-11-01,1778,1216,1778,1216,2994
40902,COIPASA,estado nutricional en menores de 5 anos,clasificacion c,2002-11-01,3,0,3,0,3
30905,COLCAPIRHUA,estado nutricional en menores de 5 anos,clasificacion c,2002-11-01,220,84,220,84,304
50901,"COLCHA ""K""",estado nutricional en menores de 5 anos,clasificacion c,2002-11-01,152,186,152,186,338
21307,COLLANA,estado nutricional en menores de 5 anos,clasificacion c,2002-11-01,2,6,2,6,8
31002,COLOMI,estado nutricional en menores de 5 anos,clasificacion c,2002-11-01,54,76,54,76,130
50401,COLQUECHACA,estado nutricional en menores de 5 anos,clasificacion c,2002-11-01,261,130,261,130,391
21306,COLQUENCHA,estado nutricional en menores de 5 anos,clasificacion c,2002-11-01,66,34,66,34,100
21004,COLQUIRI,estado nutricional en menores de 5 anos,clasificacion c,2002-11-01,196,94,196,94,290
20304,COMANCHE,estado nutricional en menores de 5 anos,clasificacion c,2002-11-01,22,19,22,19,41
71301,COMARAPA,estado nutricional en menores de 5 anos,clasificacion c,2002-11-01,141,116,141,116,257
20605,COMBAYA,estado nutricional en menores de 5 anos,clasificacion c,2002-11-01,14,19,14,19,33
71101,CONCEPCION,estado nutricional en menores de 5 anos,clasificacion c,2002-11-01,54,39,54,39,93
21701,COPACABANA,estado nutricional en menores de 5 anos,clasificacion c,2002-11-01,224,141,224,141,365
21402,CORIPATA,estado nutricional en menores de 5 anos,clasificacion c,2002-11-01,25,17,25,17,42
20301,CORO CORO,estado nutricional en menores de 5 anos,clasificacion c,2002-11-01,70,60,70,60,130
21401,COROICO,estado nutricional en menores de 5 anos,clasificacion c,2002-11-01,154,110,154,110,264
40301,CORQUE,estado nutricional en menores de 5 anos,clasificacion c,2002-11-01,38,46,38,46,84
50601,COTAGAITA,estado nutricional en menores de 5 anos,clasificacion c,2002-11-01,212,182,212,182,394
70102,COTOCA,estado nutricional en menores de 5 anos,clasificacion c,2002-11-01,220,122,220,122,342
31405,CUCHUMUELA (V. G. VILLARROEL),estado nutricional en menores de 5 anos,clasificacion c,2002-11-01,5,16,5,16,21
70704,CUEVO,estado nutricional en menores de 5 anos,clasificacion c,2002-11-01,79,69,79,69,148
10902,CULPINA,estado nutricional en menores de 5 anos,clasificacion c,2002-11-01,392,391,392,391,783
40401,CURAHUARA DE CARANGAS,estado nutricional en menores de 5 anos,clasificacion c,2002-11-01,34,19,34,19,53
21602,CURVA,estado nutricional en menores de 5 anos,clasificacion c,2002-11-01,18,9,18,9,27
20804,DESAGUADERO,estado nutricional en menores de 5 anos,clasificacion c,2002-11-01,25,23,25,23,48
20105,EL ALTO,estado nutricional en menores de 5 anos,clasificacion c,2002-11-01,6056,2666,6056,2666,8722
40103,EL CHORO,estado nutricional en menores de 5 anos,clasificacion c,2002-11-01,24,7,24,7,31
71503,EL PUENTE(STC),estado nutricional en menores de 5 anos,clasificacion c,2002-11-01,75,130,75,130,205
60502,EL PUENTE(TJA),estado nutricional en menores de 5 anos,clasificacion c,2002-11-01,132,231,132,231,363
70105,EL TORNO,estado nutricional en menores de 5 anos,clasificacion c,2002-11-01,260,195,260,195,455
10405,EL VILLAR,estado nutricional en menores de 5 anos,clasificacion c,2002-11-01,103,157,103,157,260
60601,ENTRE RIOS,estado nutricional en menores de 5 anos,clasificacion c,2002-11-01,127,185,127,185,312
40502,ESCARA,estado nutricional en menores de 5 anos,clasificacion c,2002-11-01,2,2,2,2,4
41101,EUCALIPTUS,estado nutricional en menores de 5 anos,clasificacion c,2002-11-01,66,74,66,74,140
90503,EUREKA (SANTOS MERCADO),estado nutricional en menores de 5 anos,clasificacion c,2002-11-01,16,2,16,2,18
80402,EXALTACION,estado nutricional en menores de 5 anos,clasificacion c,2002-11-01,3,50,3,50,53
90203,FILADELFIA,estado nutricional en menores de 5 anos,clasificacion c,2002-11-01,11,15,11,15,26
71002,GENERAL SAAVEDRA,estado nutricional en menores de 5 anos,clasificacion c,2002-11-01,238,330,238,330,568
21601,GRAL. J.J. PEREZ (CHARAZANI),estado nutricional en menores de 5 anos,clasificacion c,2002-11-01,45,89,45,89,134
20602,GUANAY,estado nutricional en menores de 5 anos,clasificacion c,2002-11-01,389,204,389,204,593
20802,GUAQUI,estado nutricional en menores de 5 anos,clasificacion c,2002-11-01,41,7,41,7,48
80202,GUAYARAMERIN,estado nutricional en menores de 5 anos,clasificacion c,2002-11-01,253,202,253,202,455
70705,GUTIERREZ,estado nutricional en menores de 5 anos,clasificacion c,2002-11-01,259,211,259,211,470
10502,HUACARETA,estado nutricional en menores de 5 anos,clasificacion c,2002-11-01,173,254,173,254,427
11002,HUACAYA (VILLA DE HUACAYA),estado nutricional en menores de 5 anos,clasificacion c,2002-11-01,31,40,31,40,71
40501,HUACHACALLA,estado nutricional en menores de 5 anos,clasificacion c,2002-11-01,2,19,2,19,21
40701,HUANUNI,estado nutricional en menores de 5 anos,clasificacion c,2002-11-01,128,64,128,64,192
80803,HUARACAJE,estado nutricional en menores de 5 anos,clasificacion c,2002-11-01,23,10,23,10,33
41601,HUAYLLAMARCA,estado nutricional en menores de 5 anos,clasificacion c,2002-11-01,59,57,59,57,116
21005,ICHOCA,estado nutricional en menores de 5 anos,clasificacion c,2002-11-01,41,96,41,96,137
10304,ICLA,estado nutricional en menores de 5 anos,clasificacion c,2002-11-01,188,290,188,290,478
10703,INCAHUASI,estado nutricional en menores de 5 anos,clasificacion c,2002-11-01,340,184,340,184,524
21001,INQUISIVI,estado nutricional en menores de 5 anos,clasificacion c,2002-11-01,188,170,188,170,358
21102,IRUPANA (VILLA DE LANZA),estado nutricional en menores de 5 anos,clasificacion c,2002-11-01,117,186,117,186,303
21501,IXIAMAS,estado nutricional en menores de 5 anos,clasificacion c,2002-11-01,94,104,94,104,198
21105,LA ASUNTA,estado nutricional en menores de 5 anos,clasificacion c,2002-11-01,128,78,128,78,206
70104,LA GUARDIA,estado nutricional en menores de 5 anos,clasificacion c,2002-11-01,431,154,431,154,585
20101,LA PAZ,estado nutricional en menores de 5 anos,clasificacion c,2002-11-01,4226,2645,4226,2645,6871
70701,LAGUNILLAS,estado nutricional en menores de 5 anos,clasificacion c,2002-11-01,109,100,109,100,209
21202,LAJA,estado nutricional en menores de 5 anos,clasificacion c,2002-11-01,90,57,90,57,147
10903,LAS CARRERAS,estado nutricional en menores de 5 anos,clasificacion c,2002-11-01,73,64,73,64,137
21006,LICOMA PAMPA,estado nutricional en menores de 5 anos,clasificacion c,2002-11-01,32,6,32,6,38
50203,LLALLAGUA,estado nutricional en menores de 5 anos,clasificacion c,2002-11-01,80,483,80,483,563
51401,LLICA,estado nutricional en menores de 5 anos,clasificacion c,2002-11-01,89,99,89,99,188
80601,LORETO,estado nutricional en menores de 5 anos,clasificacion c,2002-11-01,81,132,81,132,213
20901,LURIBAY,estado nutricional en menores de 5 anos,clasificacion c,2002-11-01,147,96,147,96,243
40702,MACHACAMARCA,estado nutricional en menores de 5 anos,clasificacion c,2002-11-01,20,9,20,9,29
11003,MACHARETI,estado nutricional en menores de 5 anos,clasificacion c,2002-11-01,150,232,150,232,382
80801,MAGDALENA,estado nutricional en menores de 5 anos,clasificacion c,2002-11-01,37,49,37,49,86
70903,MAIRANA,estado nutricional en menores de 5 anos,clasificacion c,2002-11-01,93,35,93,35,128
20904,MALLA,estado nutricional en menores de 5 anos,clasificacion c,2002-11-01,13,20,13,20,33
20103,MECAPACA,estado nutricional en menores de 5 anos,clasificacion c,2002-11-01,139,162,139,162,301
71003,MINEROS,estado nutricional en menores de 5 anos,clasificacion c,2002-11-01,564,387,564,387,951
31301,MIZQUE,estado nutricional en menores de 5 anos,clasificacion c,2002-11-01,61,84,61,84,145
20402,MOCOMOCO,estado nutricional en menores de 5 anos,clasificacion c,2002-11-01,138,82,138,82,220
51002,MOJINETE,estado nutricional en menores de 5 anos,clasificacion c,2002-11-01,5,29,5,29,34
10303,MOJOCOYA,estado nutricional en menores de 5 anos,clasificacion c,2002-11-01,192,297,192,297,489
10501,MONTEAGUDO,estado nutricional en menores de 5 anos,clasificacion c,2002-11-01,354,373,354,373,727
71001,MONTERO,estado nutricional en menores de 5 anos,clasificacion c,2002-11-01,1055,757,1055,757,1812
70803,MORO MORO,estado nutricional en menores de 5 anos,clasificacion c,2002-11-01,28,35,28,35,63
30302,MOROCHATA,estado nutricional en menores de 5 anos,clasificacion c,2002-11-01,110,228,110,228,338
90401,NACEBE (SANTA ROSA DEL ABUNA),estado nutricional en menores de 5 anos,clasificacion c,2002-11-01,1,4,1,4,5
20307,NAZACARA DE PACAJES,estado nutricional en menores de 5 anos,clasificacion c,2002-11-01,13,3,13,3,16
90501,NUEVO MANOA (NUEVA ESPERANZA),estado nutricional en menores de 5 anos,clasificacion c,2002-11-01,6,2,6,2,8
50404,OCURI,estado nutricional en menores de 5 anos,clasificacion c,2002-11-01,71,159,71,159,230
70202,OKINAWA,estado nutricional en menores de 5 anos,clasificacion c,2002-11-01,84,99,84,99,183
30203,OMEREQUE,estado nutricional en menores de 5 anos,clasificacion c,2002-11-01,37,116,37,116,153
40101,ORURO,estado nutricional en menores de 5 anos,clasificacion c,2002-11-01,1782,1105,1782,1105,2887
60201,PADCAYA,estado nutricional en menores de 5 anos,clasificacion c,2002-11-01,194,202,194,202,396
10401,PADILLA,estado nutricional en menores de 5 anos,clasificacion c,2002-11-01,323,408,323,408,731
70502,PAILON,estado nutricional en menores de 5 anos,clasificacion c,2002-11-01,153,58,153,58,211
20102,PALCA,estado nutricional en menores de 5 anos,clasificacion c,2002-11-01,90,38,90,38,128
21104,PALOS BLANCOS,estado nutricional en menores de 5 anos,clasificacion c,2002-11-01,234,247,234,247,481
40802,PAMPA AULLAGAS,estado nutricional en menores de 5 anos,clasificacion c,2002-11-01,27,25,27,25,52
70902,PAMPA GRANDE,estado nutricional en menores de 5 anos,clasificacion c,2002-11-01,64,21,64,21,85
21802,PAPEL PAMPA,estado nutricional en menores de 5 anos,clasificacion c,2002-11-01,38,19,38,19,57
30202,PASORAPA,estado nutricional en menores de 5 anos,clasificacion c,2002-11-01,58,77,58,77,135
21305,PATACAMAYA,estado nutricional en menores de 5 anos,clasificacion c,2002-11-01,123,43,123,43,166
40602,PAZÃ‘A,estado nutricional en menores de 5 anos,clasificacion c,2002-11-01,32,31,32,31,63
20702,PELECHUCO,estado nutricional en menores de 5 anos,clasificacion c,2002-11-01,32,33,32,33,65
50403,POCOATA,estado nutricional en menores de 5 anos,clasificacion c,2002-11-01,257,229,257,229,486
31203,POCONA,estado nutricional en menores de 5 anos,clasificacion c,2002-11-01,116,81,116,81,197
31202,POJO (CBBA),estado nutricional en menores de 5 anos,clasificacion c,2002-11-01,390,327,390,327,717
40601,POOPO,estado nutricional en menores de 5 anos,clasificacion c,2002-11-01,23,34,23,34,57
10103,POROMA,estado nutricional en menores de 5 anos,clasificacion c,2002-11-01,244,180,244,180,424
70103,PORONGO,estado nutricional en menores de 5 anos,clasificacion c,2002-11-01,39,52,39,52,91
70601,PORTACHUELO,estado nutricional en menores de 5 anos,clasificacion c,2002-11-01,228,158,228,158,386
90102,PORVENIR,estado nutricional en menores de 5 anos,clasificacion c,2002-11-01,74,57,74,57,131
70804,POSTRER VALLE,estado nutricional en menores de 5 anos,clasificacion c,2002-11-01,9,10,9,10,19
50101,POTOSI,estado nutricional en menores de 5 anos,clasificacion c,2002-11-01,1337,479,1337,479,1816
10302,PRESTO,estado nutricional en menores de 5 anos,clasificacion c,2002-11-01,121,125,121,125,246
70805,PUCARA,estado nutricional en menores de 5 anos,clasificacion c,2002-11-01,2,25,2,25,27
21201,PUCARANI,estado nutricional en menores de 5 anos,clasificacion c,2002-11-01,37,186,37,186,223
20401,PUERTO ACOSTA,estado nutricional en menores de 5 anos,clasificacion c,2002-11-01,136,150,136,150,286
20403,PUERTO CARABUCO,estado nutricional en menores de 5 anos,clasificacion c,2002-11-01,83,75,83,75,158
90301,PUERTO GONZALO MORENO,estado nutricional en menores de 5 anos,clasificacion c,2002-11-01,37,30,37,30,67
21204,PUERTO PEREZ,estado nutricional en menores de 5 anos,clasificacion c,2002-11-01,33,34,33,34,67
71402,PUERTO QUIJARRO,estado nutricional en menores de 5 anos,clasificacion c,2002-11-01,154,74,154,74,228
90201,PUERTO RICO,estado nutricional en menores de 5 anos,clasificacion c,2002-11-01,25,56,25,56,81
80703,PUERTO SILES,estado nutricional en menores de 5 anos,clasificacion c,2002-11-01,4,4,4,4,8
71401,PUERTO SUAREZ,estado nutricional en menores de 5 anos,clasificacion c,2002-11-01,150,35,150,35,185
31205,PUERTO VILLARROEL,estado nutricional en menores de 5 anos,clasificacion c,2002-11-01,340,270,340,270,610
51101,PUNA,estado nutricional en menores de 5 anos,clasificacion c,2002-11-01,411,415,411,415,826
31401,PUNATA,estado nutricional en menores de 5 anos,clasificacion c,2002-11-01,436,149,436,149,585
20604,QUIABAYA,estado nutricional en menores de 5 anos,clasificacion c,2002-11-01,22,33,22,33,55
30901,QUILLACOLLO,estado nutricional en menores de 5 anos,clasificacion c,2002-11-01,168,127,168,127,295
21002,QUIME,estado nutricional en menores de 5 anos,clasificacion c,2002-11-01,175,175,175,175,350
70904,QUIRUSILLAS,estado nutricional en menores de 5 anos,clasificacion c,2002-11-01,9,9,9,9,18
50402,RAVELO,estado nutricional en menores de 5 anos,clasificacion c,2002-11-01,219,123,219,123,342
80301,REYES,estado nutricional en menores de 5 anos,clasificacion c,2002-11-01,199,133,199,133,332
80201,RIBERALTA,estado nutricional en menores de 5 anos,clasificacion c,2002-11-01,897,375,897,375,1272
70503,ROBORE,estado nutricional en menores de 5 anos,clasificacion c,2002-11-01,157,72,157,72,229
80304,RURRENABAQUE,estado nutricional en menores de 5 anos,clasificacion c,2002-11-01,163,98,163,98,261
40901,SABAYA,estado nutricional en menores de 5 anos,clasificacion c,2002-11-01,9,13,9,13,22
31001,SACABA,estado nutricional en menores de 5 anos,clasificacion c,2002-11-01,562,152,562,152,714
30404,SACABAMBA,estado nutricional en menores de 5 anos,clasificacion c,2002-11-01,13,86,13,86,99
50701,SACACA,estado nutricional en menores de 5 anos,clasificacion c,2002-11-01,187,258,187,258,445
71302,SAIPINA,estado nutricional en menores de 5 anos,clasificacion c,2002-11-01,43,89,43,89,132
40801,SALINAS DE GARCI MENDOZA,estado nutricional en menores de 5 anos,clasificacion c,2002-11-01,49,62,49,62,111
70901,SAMAIPATA,estado nutricional en menores de 5 anos,clasificacion c,2002-11-01,87,73,87,73,160
51601,SAN AGUSTIN,estado nutricional en menores de 5 anos,clasificacion c,2002-11-01,41,27,41,27,68
80602,SAN ANDRES,estado nutricional en menores de 5 anos,clasificacion c,2002-11-01,135,205,135,205,340
51003,SAN ANTONIO DE ESMORUCO,estado nutricional en menores de 5 anos,clasificacion c,2002-11-01,10,32,10,32,42
71105,SAN ANTONIO DE LOMERIO,estado nutricional en menores de 5 anos,clasificacion c,2002-11-01,112,113,112,113,225
31403,SAN BENITO,estado nutricional en menores de 5 anos,clasificacion c,2002-11-01,115,168,115,168,283
80302,SAN BORJA,estado nutricional en menores de 5 anos,clasificacion c,2002-11-01,346,314,346,314,660
21502,SAN BUENA VENTURA,estado nutricional en menores de 5 anos,clasificacion c,2002-11-01,118,161,118,161,279
70402,SAN CARLOS,estado nutricional en menores de 5 anos,clasificacion c,2002-11-01,201,133,201,133,334
80501,SAN IGNACIO,estado nutricional en menores de 5 anos,clasificacion c,2002-11-01,160,246,160,246,406
70301,SAN IGNACIO DE VELASCO,estado nutricional en menores de 5 anos,clasificacion c,2002-11-01,439,416,439,416,855
80102,SAN JAVIER(BNI),estado nutricional en menores de 5 anos,clasificacion c,2002-11-01,49,77,49,77,126
71102,SAN JAVIER(STC),estado nutricional en menores de 5 anos,clasificacion c,2002-11-01,89,46,89,46,135
80701,SAN JOAQUIN,estado nutricional en menores de 5 anos,clasificacion c,2002-11-01,1,18,1,18,19
70501,SAN JOSE DE CHIQUITOS,estado nutricional en menores de 5 anos,clasificacion c,2002-11-01,148,65,148,65,213
71104,SAN JULIAN,estado nutricional en menores de 5 anos,clasificacion c,2002-11-01,435,523,435,523,958
90302,SAN LORENZO(PND),estado nutricional en menores de 5 anos,clasificacion c,2002-11-01,18,25,18,25,43
60501,SAN LORENZO(TJA),estado nutricional en menores de 5 anos,clasificacion c,2002-11-01,45,27,45,27,72
10702,SAN LUCAS,estado nutricional en menores de 5 anos,clasificacion c,2002-11-01,675,534,675,534,1209
70302,SAN MIGUEL DE VELASCO,estado nutricional en menores de 5 anos,clasificacion c,2002-11-01,91,59,91,59,150
51001,SAN PABLO DE LIPEZ,estado nutricional en menores de 5 anos,clasificacion c,2002-11-01,23,25,23,25,48
50501,SAN PEDRO DE BUENA VISTA,estado nutricional en menores de 5 anos,clasificacion c,2002-11-01,108,266,108,266,374
21801,SAN PEDRO DE CURAHUARA,estado nutricional en menores de 5 anos,clasificacion c,2002-11-01,29,64,29,64,93
50902,SAN PEDRO DE QUEMES,estado nutricional en menores de 5 anos,clasificacion c,2002-11-01,20,24,20,24,44
21702,SAN PEDRO DE TIQUINA,estado nutricional en menores de 5 anos,clasificacion c,2002-11-01,38,49,38,49,87
90202,SAN PEDRO(PND),estado nutricional en menores de 5 anos,clasificacion c,2002-11-01,21,19,21,19,40
70303,SAN RAFAEL,estado nutricional en menores de 5 anos,clasificacion c,2002-11-01,81,80,81,80,161
80702,SAN RAMON,estado nutricional en menores de 5 anos,clasificacion c,2002-11-01,10,12,10,12,22
80702,SAN RAMON,estado nutricional en menores de 5 anos,clasificacion c,2002-11-01,114,88,114,88,202
80401,SANTA ANA,estado nutricional en menores de 5 anos,clasificacion c,2002-11-01,79,74,79,74,153
70101,SANTA CRUZ DE LA SIERRA,estado nutricional en menores de 5 anos,clasificacion c,2002-11-01,4304,2287,4304,2287,6591
80303,SANTA ROSA,estado nutricional en menores de 5 anos,clasificacion c,2002-11-01,58,59,58,59,117
70602,SANTA ROSA DEL SARA,estado nutricional en menores de 5 anos,clasificacion c,2002-11-01,35,18,35,18,53
20308,SANTIAGO DE CALLAPA,estado nutricional en menores de 5 anos,clasificacion c,2002-11-01,56,44,56,44,100
41401,SANTIAGO DE HUARI,estado nutricional en menores de 5 anos,clasificacion c,2002-11-01,42,52,42,52,94
21901,SANTIAGO DE MACHACA,estado nutricional en menores de 5 anos,clasificacion c,2002-11-01,22,12,22,12,34
30702,SANTIVAÃ‘ES,estado nutricional en menores de 5 anos,clasificacion c,2002-11-01,64,29,64,29,93
40202,SANTUARIO DE QUILLACAS,estado nutricional en menores de 5 anos,clasificacion c,2002-11-01,12,37,12,37,49
20902,SAPAHAQUI,estado nutricional en menores de 5 anos,clasificacion c,2002-11-01,83,65,83,65,148
90303,SENA,estado nutricional en menores de 5 anos,clasificacion c,2002-11-01,13,6,13,6,19
21301,SICA SICA (VILLA AROMA),estado nutricional en menores de 5 anos,clasificacion c,2002-11-01,167,174,167,174,341
30703,SICAYA,estado nutricional en menores de 5 anos,clasificacion c,2002-11-01,10,3,10,3,13
30902,SIPE SIPE,estado nutricional en menores de 5 anos,clasificacion c,2002-11-01,521,382,521,382,903
10403,SOPACHUY,estado nutricional en menores de 5 anos,clasificacion c,2002-11-01,98,55,98,55,153
20601,SORATA,estado nutricional en menores de 5 anos,clasificacion c,2002-11-01,211,335,211,335,546
10101,SUCRE,estado nutricional en menores de 5 anos,clasificacion c,2002-11-01,1940,1365,1940,1365,3305
31404,TACACHI,estado nutricional en menores de 5 anos,clasificacion c,2002-11-01,15,4,15,4,19
20603,TACACOMA,estado nutricional en menores de 5 anos,clasificacion c,2002-11-01,36,40,36,40,76
50303,TACOBAMBA,estado nutricional en menores de 5 anos,clasificacion c,2002-11-01,124,83,124,83,207
30602,TACOPAYA,estado nutricional en menores de 5 anos,clasificacion c,2002-11-01,124,146,124,146,270
51402,TAHUA,estado nutricional en menores de 5 anos,clasificacion c,2002-11-01,33,27,33,27,60
31101,TAPACARI,estado nutricional en menores de 5 anos,clasificacion c,2002-11-01,139,174,139,174,313
10601,TARABUCO,estado nutricional en menores de 5 anos,clasificacion c,2002-11-01,452,639,452,639,1091
30401,TARATA,estado nutricional en menores de 5 anos,clasificacion c,2002-11-01,66,22,66,22,88
60101,TARIJA,estado nutricional en menores de 5 anos,clasificacion c,2002-11-01,1014,743,1014,743,1757
10202,TARVITA,estado nutricional en menores de 5 anos,clasificacion c,2002-11-01,257,261,257,261,518
20803,TIAWANACU,estado nutricional en menores de 5 anos,clasificacion c,2002-11-01,107,90,107,90,197
50102,TINGUIPAYA,estado nutricional en menores de 5 anos,clasificacion c,2002-11-01,30,87,30,87,117
20606,TIPUANI,estado nutricional en menores de 5 anos,clasificacion c,2002-11-01,103,62,103,62,165
30903,TIQUIPAYA,estado nutricional en menores de 5 anos,clasificacion c,2002-11-01,412,186,412,186,598
31601,TIRAQUE (CBBA),estado nutricional en menores de 5 anos,clasificacion c,2002-11-01,237,279,237,279,516
21703,TITO YUPANQUI (PARQUIPUJIO),estado nutricional en menores de 5 anos,clasificacion c,2002-11-01,3,4,3,4,7
30802,TOCO,estado nutricional en menores de 5 anos,clasificacion c,2002-11-01,12,16,12,16,28
41502,TODOS SANTOS,estado nutricional en menores de 5 anos,clasificacion c,2002-11-01,0,3,0,3,3
30803,TOLATA,estado nutricional en menores de 5 anos,clasificacion c,2002-11-01,22,8,22,8,30
41001,TOLEDO,estado nutricional en menores de 5 anos,clasificacion c,2002-11-01,79,46,79,46,125
51202,TOMAVE,estado nutricional en menores de 5 anos,clasificacion c,2002-11-01,209,205,209,205,414
10402,TOMINA,estado nutricional en menores de 5 anos,clasificacion c,2002-11-01,209,298,209,298,507
50502,TORO TORO,estado nutricional en menores de 5 anos,clasificacion c,2002-11-01,116,128,116,128,244
31201,TOTORA(CBBA),estado nutricional en menores de 5 anos,clasificacion c,2002-11-01,124,55,124,55,179
41301,TOTORA(ORR),estado nutricional en menores de 5 anos,clasificacion c,2002-11-01,45,60,45,60,105
70802,TRIGAL,estado nutricional en menores de 5 anos,clasificacion c,2002-11-01,10,8,10,8,18
80101,TRINIDAD,estado nutricional en menores de 5 anos,clasificacion c,2002-11-01,476,545,476,545,1021
50801,TUPIZA,estado nutricional en menores de 5 anos,clasificacion c,2002-11-01,239,663,239,663,902
40402,TURCO,estado nutricional en menores de 5 anos,clasificacion c,2002-11-01,33,16,33,16,49
21302,UMALA,estado nutricional en menores de 5 anos,clasificacion c,2002-11-01,71,53,71,53,124
50201,UNCIA,estado nutricional en menores de 5 anos,clasificacion c,2002-11-01,58,19,58,19,77
60401,URIONDO (A. CONCEPCION),estado nutricional en menores de 5 anos,clasificacion c,2002-11-01,56,34,56,34,90
71502,URUBICHA,estado nutricional en menores de 5 anos,clasificacion c,2002-11-01,44,59,44,59,103
51201,UYUNI,estado nutricional en menores de 5 anos,clasificacion c,2002-11-01,356,441,356,441,797
30502,VACAS,estado nutricional en menores de 5 anos,clasificacion c,2002-11-01,34,93,34,93,127
70801,VALLEGRANDE,estado nutricional en menores de 5 anos,clasificacion c,2002-11-01,197,172,197,172,369
20801,VIACHA,estado nutricional en menores de 5 anos,clasificacion c,2002-11-01,381,272,381,272,653
31302,VILA VILA,estado nutricional en menores de 5 anos,clasificacion c,2002-11-01,6,23,6,23,29
60303,VILLA MONTES,estado nutricional en menores de 5 anos,clasificacion c,2002-11-01,186,139,186,139,325
90502,VILLA NUEVA (LOMA ALTA),estado nutricional en menores de 5 anos,clasificacion c,2002-11-01,4,4,4,4,8
31402,VILLA RIVERO,estado nutricional en menores de 5 anos,clasificacion c,2002-11-01,65,8,65,8,73
10801,VILLA SERRANO,estado nutricional en menores de 5 anos,clasificacion c,2002-11-01,260,364,260,364,624
31003,VILLA TUNARI,estado nutricional en menores de 5 anos,clasificacion c,2002-11-01,260,163,260,163,423
11001,VILLA VACA GUZMAN (MUYUPAMPA),estado nutricional en menores de 5 anos,clasificacion c,2002-11-01,183,233,183,233,416
51501,VILLAZON,estado nutricional en menores de 5 anos,clasificacion c,2002-11-01,483,383,483,383,866
30904,VINTO,estado nutricional en menores de 5 anos,clasificacion c,2002-11-01,76,25,76,25,101
50602,VITICHI,estado nutricional en menores de 5 anos,clasificacion c,2002-11-01,111,154,111,154,265
20306,WALDO BALLIVIAN,estado nutricional en menores de 5 anos,clasificacion c,2002-11-01,17,8,17,8,25
70201,WARNES,estado nutricional en menores de 5 anos,clasificacion c,2002-11-01,452,269,452,269,721
20903,YACO,estado nutricional en menores de 5 anos,clasificacion c,2002-11-01,30,21,30,21,51
60301,YACUIBA,estado nutricional en menores de 5 anos,clasificacion c,2002-11-01,531,372,531,372,903
10602,YAMPARAEZ,estado nutricional en menores de 5 anos,clasificacion c,2002-11-01,242,401,242,401,643
21103,YANACACHI,estado nutricional en menores de 5 anos,clasificacion c,2002-11-01,58,53,58,53,111
70403,YAPACANI,estado nutricional en menores de 5 anos,clasificacion c,2002-11-01,151,236,151,236,387
50103,YOCALLA,estado nutricional en menores de 5 anos,clasificacion c,2002-11-01,88,134,88,134,222
10102,YOTALA,estado nutricional en menores de 5 anos,clasificacion c,2002-11-01,225,369,225,369,594
60402,YUNCHARA,estado nutricional en menores de 5 anos,clasificacion c,2002-11-01,45,47,45,47,92
10301,ZUDAÃ‘EZ,estado nutricional en menores de 5 anos,clasificacion c,2002-11-01,145,148,145,148,293
51302,ACACIO,estado nutricional en menores de 5 anos,clasificacion c,2002-12-01,25,133,25,133,158
20201,ACHACACHI,estado nutricional en menores de 5 anos,clasificacion c,2002-12-01,490,586,490,586,1076
20104,ACHOCALLA,estado nutricional en menores de 5 anos,clasificacion c,2002-12-01,77,17,77,17,94
30201,AIQUILE,estado nutricional en menores de 5 anos,clasificacion c,2002-12-01,112,117,112,117,229
31303,ALALAY,estado nutricional en menores de 5 anos,clasificacion c,2002-12-01,8,47,8,47,55
10404,ALCALA,estado nutricional en menores de 5 anos,clasificacion c,2002-12-01,53,78,53,78,131
20202,ANCORAIMES,estado nutricional en menores de 5 anos,clasificacion c,2002-12-01,130,128,130,128,258
41201,ANDAMARCA,estado nutricional en menores de 5 anos,clasificacion c,2002-12-01,34,20,34,20,54
40603,ANTEQUERA,estado nutricional en menores de 5 anos,clasificacion c,2002-12-01,7,3,7,3,10
30402,ANZALDO,estado nutricional en menores de 5 anos,clasificacion c,2002-12-01,15,51,15,51,66
20701,APOLO,estado nutricional en menores de 5 anos,clasificacion c,2002-12-01,71,62,71,62,133
51301,ARAMPAMPA,estado nutricional en menores de 5 anos,clasificacion c,2002-12-01,57,91,57,91,148
30501,ARANI,estado nutricional en menores de 5 anos,clasificacion c,2002-12-01,28,33,28,33,61
30403,ARBIETO,estado nutricional en menores de 5 anos,clasificacion c,2002-12-01,13,21,13,21,34
30601,ARQUE,estado nutricional en menores de 5 anos,clasificacion c,2002-12-01,20,32,20,32,52
71501,ASCENCION DE GUARAYOS,estado nutricional en menores de 5 anos,clasificacion c,2002-12-01,12,21,12,21,33
50802,ATOCHA,estado nutricional en menores de 5 anos,clasificacion c,2002-12-01,21,224,21,224,245
20503,AUCAPATA,estado nutricional en menores de 5 anos,clasificacion c,2002-12-01,14,36,14,36,50
20502,AYATA,estado nutricional en menores de 5 anos,clasificacion c,2002-12-01,26,18,26,18,44
21303,AYO AYO,estado nutricional en menores de 5 anos,clasificacion c,2002-12-01,65,19,65,19,84
30301,AYOPAYA (V. DE INDEPENDENCIA),estado nutricional en menores de 5 anos,clasificacion c,2002-12-01,159,99,159,99,258
10201,AZURDUY,estado nutricional en menores de 5 anos,clasificacion c,2002-12-01,170,210,170,210,380
21203,BATALLAS,estado nutricional en menores de 5 anos,clasificacion c,2002-12-01,164,89,164,89,253
80802,BAURES,estado nutricional en menores de 5 anos,clasificacion c,2002-12-01,60,78,60,78,138
41202,BELEN DE ANDAMARCA,estado nutricional en menores de 5 anos,clasificacion c,2002-12-01,5,4,5,4,9
50104,BELEN DE URMIRI,estado nutricional en menores de 5 anos,clasificacion c,2002-12-01,16,18,16,18,34
90104,BELLA FLOR,estado nutricional en menores de 5 anos,clasificacion c,2002-12-01,36,53,36,53,89
60202,BERMEJO,estado nutricional en menores de 5 anos,clasificacion c,2002-12-01,60,52,60,52,112
50301,BETANZOS,estado nutricional en menores de 5 anos,clasificacion c,2002-12-01,229,170,229,170,399
31501,BOLIVAR,estado nutricional en menores de 5 anos,clasificacion c,2002-12-01,38,47,38,47,85
90103,BOLPEBRA,estado nutricional en menores de 5 anos,clasificacion c,2002-12-01,5,5,5,5,10
70707,BOYUIBE,estado nutricional en menores de 5 anos,clasificacion c,2002-12-01,16,33,16,33,49
70703,CABEZAS,estado nutricional en menores de 5 anos,clasificacion c,2002-12-01,66,92,66,92,158
20905,CAIROMA,estado nutricional en menores de 5 anos,clasificacion c,2002-12-01,50,63,50,63,113
51102,"CAIZA ""D""",estado nutricional en menores de 5 anos,clasificacion c,2002-12-01,161,162,161,162,323
21003,CAJUATA,estado nutricional en menores de 5 anos,clasificacion c,2002-12-01,53,39,53,39,92
20303,CALACOTO,estado nutricional en menores de 5 anos,clasificacion c,2002-12-01,47,9,47,9,56
21304,CALAMARCA,estado nutricional en menores de 5 anos,clasificacion c,2002-12-01,195,98,195,98,293
10701,CAMARGO,estado nutricional en menores de 5 anos,clasificacion c,2002-12-01,175,128,175,128,303
10901,CAMATAQUI (C. VILLA ABECIA),estado nutricional en menores de 5 anos,clasificacion c,2002-12-01,56,42,56,42,98
70706,CAMIRI,estado nutricional en menores de 5 anos,clasificacion c,2002-12-01,218,94,218,94,312
30701,CAPINOTA,estado nutricional en menores de 5 anos,clasificacion c,2002-12-01,45,24,45,24,69
20302,CAQUIAVIRI,estado nutricional en menores de 5 anos,clasificacion c,2002-12-01,77,52,77,52,129
40102,CARACOLLO,estado nutricional en menores de 5 anos,clasificacion c,2002-12-01,55,174,55,174,229
22001,CARANAVI,estado nutricional en menores de 5 anos,clasificacion c,2002-12-01,369,366,369,366,735
60302,CARAPARI,estado nutricional en menores de 5 anos,clasificacion c,2002-12-01,87,101,87,101,188
50702,CARIPUYO,estado nutricional en menores de 5 anos,clasificacion c,2002-12-01,84,113,84,113,197
21902,CATACORA,estado nutricional en menores de 5 anos,clasificacion c,2002-12-01,8,5,8,5,13
40201,CHALLAPATA,estado nutricional en menores de 5 anos,clasificacion c,2002-12-01,59,94,59,94,153
50302,CHAQUI,estado nutricional en menores de 5 anos,clasificacion c,2002-12-01,109,53,109,53,162
70702,CHARAGUA,estado nutricional en menores de 5 anos,clasificacion c,2002-12-01,180,499,180,499,679
20305,CHARAÃ‘A,estado nutricional en menores de 5 anos,clasificacion c,2002-12-01,38,10,38,10,48
50202,CHAYANTA,estado nutricional en menores de 5 anos,clasificacion c,2002-12-01,107,116,107,116,223
31204,CHIMORE,estado nutricional en menores de 5 anos,clasificacion c,2002-12-01,32,43,32,43,75
40903,CHIPAYA,estado nutricional en menores de 5 anos,clasificacion c,2002-12-01,0,2,0,2,2
21101,CHULUMANI (V. DE LA LIBERTAD),estado nutricional en menores de 5 anos,clasificacion c,2002-12-01,79,60,79,60,139
20501,CHUMA,estado nutricional en menores de 5 anos,clasificacion c,2002-12-01,42,27,42,27,69
30801,CLIZA,estado nutricional en menores de 5 anos,clasificacion c,2002-12-01,13,4,13,4,17
90101,COBIJA,estado nutricional en menores de 5 anos,clasificacion c,2002-12-01,330,280,330,280,610
30101,COCHABAMBA,estado nutricional en menores de 5 anos,clasificacion c,2002-12-01,1370,916,1370,916,2286
40902,COIPASA,estado nutricional en menores de 5 anos,clasificacion c,2002-12-01,4,8,4,8,12
30905,COLCAPIRHUA,estado nutricional en menores de 5 anos,clasificacion c,2002-12-01,226,79,226,79,305
50901,"COLCHA ""K""",estado nutricional en menores de 5 anos,clasificacion c,2002-12-01,109,81,109,81,190
21307,COLLANA,estado nutricional en menores de 5 anos,clasificacion c,2002-12-01,11,4,11,4,15
31002,COLOMI,estado nutricional en menores de 5 anos,clasificacion c,2002-12-01,260,96,260,96,356
50401,COLQUECHACA,estado nutricional en menores de 5 anos,clasificacion c,2002-12-01,167,148,167,148,315
21306,COLQUENCHA,estado nutricional en menores de 5 anos,clasificacion c,2002-12-01,48,18,48,18,66
21004,COLQUIRI,estado nutricional en menores de 5 anos,clasificacion c,2002-12-01,96,51,96,51,147
20304,COMANCHE,estado nutricional en menores de 5 anos,clasificacion c,2002-12-01,17,10,17,10,27
71301,COMARAPA,estado nutricional en menores de 5 anos,clasificacion c,2002-12-01,161,70,161,70,231
20605,COMBAYA,estado nutricional en menores de 5 anos,clasificacion c,2002-12-01,32,27,32,27,59
71101,CONCEPCION,estado nutricional en menores de 5 anos,clasificacion c,2002-12-01,51,17,51,17,68
21701,COPACABANA,estado nutricional en menores de 5 anos,clasificacion c,2002-12-01,123,46,123,46,169
21402,CORIPATA,estado nutricional en menores de 5 anos,clasificacion c,2002-12-01,6,32,6,32,38
20301,CORO CORO,estado nutricional en menores de 5 anos,clasificacion c,2002-12-01,72,46,72,46,118
21401,COROICO,estado nutricional en menores de 5 anos,clasificacion c,2002-12-01,114,71,114,71,185
40301,CORQUE,estado nutricional en menores de 5 anos,clasificacion c,2002-12-01,57,35,57,35,92
50601,COTAGAITA,estado nutricional en menores de 5 anos,clasificacion c,2002-12-01,230,261,230,261,491
70102,COTOCA,estado nutricional en menores de 5 anos,clasificacion c,2002-12-01,155,70,155,70,225
70704,CUEVO,estado nutricional en menores de 5 anos,clasificacion c,2002-12-01,50,26,50,26,76
10902,CULPINA,estado nutricional en menores de 5 anos,clasificacion c,2002-12-01,325,241,325,241,566
40401,CURAHUARA DE CARANGAS,estado nutricional en menores de 5 anos,clasificacion c,2002-12-01,25,20,25,20,45
21602,CURVA,estado nutricional en menores de 5 anos,clasificacion c,2002-12-01,13,5,13,5,18
20804,DESAGUADERO,estado nutricional en menores de 5 anos,clasificacion c,2002-12-01,20,24,20,24,44
20105,EL ALTO,estado nutricional en menores de 5 anos,clasificacion c,2002-12-01,4906,1692,4906,1692,6598
40103,EL CHORO,estado nutricional en menores de 5 anos,clasificacion c,2002-12-01,37,9,37,9,46
71503,EL PUENTE(STC),estado nutricional en menores de 5 anos,clasificacion c,2002-12-01,49,185,49,185,234
60502,EL PUENTE(TJA),estado nutricional en menores de 5 anos,clasificacion c,2002-12-01,108,172,108,172,280
70105,EL TORNO,estado nutricional en menores de 5 anos,clasificacion c,2002-12-01,207,108,207,108,315
10405,EL VILLAR,estado nutricional en menores de 5 anos,clasificacion c,2002-12-01,94,151,94,151,245
60601,ENTRE RIOS,estado nutricional en menores de 5 anos,clasificacion c,2002-12-01,148,173,148,173,321
40502,ESCARA,estado nutricional en menores de 5 anos,clasificacion c,2002-12-01,2,1,2,1,3
41101,EUCALIPTUS,estado nutricional en menores de 5 anos,clasificacion c,2002-12-01,24,27,24,27,51
90503,EUREKA (SANTOS MERCADO),estado nutricional en menores de 5 anos,clasificacion c,2002-12-01,4,3,4,3,7
80402,EXALTACION,estado nutricional en menores de 5 anos,clasificacion c,2002-12-01,24,61,24,61,85
90203,FILADELFIA,estado nutricional en menores de 5 anos,clasificacion c,2002-12-01,1,0,1,0,1
71002,GENERAL SAAVEDRA,estado nutricional en menores de 5 anos,clasificacion c,2002-12-01,251,301,251,301,552
21601,GRAL. J.J. PEREZ (CHARAZANI),estado nutricional en menores de 5 anos,clasificacion c,2002-12-01,24,13,24,13,37
20602,GUANAY,estado nutricional en menores de 5 anos,clasificacion c,2002-12-01,247,164,247,164,411
20802,GUAQUI,estado nutricional en menores de 5 anos,clasificacion c,2002-12-01,31,15,31,15,46
80202,GUAYARAMERIN,estado nutricional en menores de 5 anos,clasificacion c,2002-12-01,368,196,368,196,564
70705,GUTIERREZ,estado nutricional en menores de 5 anos,clasificacion c,2002-12-01,191,160,191,160,351
10502,HUACARETA,estado nutricional en menores de 5 anos,clasificacion c,2002-12-01,135,176,135,176,311
11002,HUACAYA (VILLA DE HUACAYA),estado nutricional en menores de 5 anos,clasificacion c,2002-12-01,8,13,8,13,21
40501,HUACHACALLA,estado nutricional en menores de 5 anos,clasificacion c,2002-12-01,0,13,0,13,13
40701,HUANUNI,estado nutricional en menores de 5 anos,clasificacion c,2002-12-01,180,117,180,117,297
80803,HUARACAJE,estado nutricional en menores de 5 anos,clasificacion c,2002-12-01,24,8,24,8,32
41601,HUAYLLAMARCA,estado nutricional en menores de 5 anos,clasificacion c,2002-12-01,36,10,36,10,46
21005,ICHOCA,estado nutricional en menores de 5 anos,clasificacion c,2002-12-01,19,32,19,32,51
10304,ICLA,estado nutricional en menores de 5 anos,clasificacion c,2002-12-01,155,255,155,255,410
10703,INCAHUASI,estado nutricional en menores de 5 anos,clasificacion c,2002-12-01,271,110,271,110,381
21001,INQUISIVI,estado nutricional en menores de 5 anos,clasificacion c,2002-12-01,120,81,120,81,201
21102,IRUPANA (VILLA DE LANZA),estado nutricional en menores de 5 anos,clasificacion c,2002-12-01,147,141,147,141,288
21501,IXIAMAS,estado nutricional en menores de 5 anos,clasificacion c,2002-12-01,94,120,94,120,214
21105,LA ASUNTA,estado nutricional en menores de 5 anos,clasificacion c,2002-12-01,100,46,100,46,146
70104,LA GUARDIA,estado nutricional en menores de 5 anos,clasificacion c,2002-12-01,383,161,383,161,544
20101,LA PAZ,estado nutricional en menores de 5 anos,clasificacion c,2002-12-01,3272,1750,3272,1750,5022
41501,LA RIVERA,estado nutricional en menores de 5 anos,clasificacion c,2002-12-01,6,0,6,0,6
70701,LAGUNILLAS,estado nutricional en menores de 5 anos,clasificacion c,2002-12-01,103,107,103,107,210
21202,LAJA,estado nutricional en menores de 5 anos,clasificacion c,2002-12-01,62,35,62,35,97
10903,LAS CARRERAS,estado nutricional en menores de 5 anos,clasificacion c,2002-12-01,62,78,62,78,140
21006,LICOMA PAMPA,estado nutricional en menores de 5 anos,clasificacion c,2002-12-01,21,23,21,23,44
50203,LLALLAGUA,estado nutricional en menores de 5 anos,clasificacion c,2002-12-01,107,535,107,535,642
51401,LLICA,estado nutricional en menores de 5 anos,clasificacion c,2002-12-01,37,42,37,42,79
80601,LORETO,estado nutricional en menores de 5 anos,clasificacion c,2002-12-01,47,83,47,83,130
20901,LURIBAY,estado nutricional en menores de 5 anos,clasificacion c,2002-12-01,57,20,57,20,77
40702,MACHACAMARCA,estado nutricional en menores de 5 anos,clasificacion c,2002-12-01,15,12,15,12,27
11003,MACHARETI,estado nutricional en menores de 5 anos,clasificacion c,2002-12-01,189,280,189,280,469
80801,MAGDALENA,estado nutricional en menores de 5 anos,clasificacion c,2002-12-01,78,86,78,86,164
70903,MAIRANA,estado nutricional en menores de 5 anos,clasificacion c,2002-12-01,92,38,92,38,130
20904,MALLA,estado nutricional en menores de 5 anos,clasificacion c,2002-12-01,5,12,5,12,17
20103,MECAPACA,estado nutricional en menores de 5 anos,clasificacion c,2002-12-01,67,85,67,85,152
71003,MINEROS,estado nutricional en menores de 5 anos,clasificacion c,2002-12-01,442,410,442,410,852
31301,MIZQUE,estado nutricional en menores de 5 anos,clasificacion c,2002-12-01,48,91,48,91,139
20402,MOCOMOCO,estado nutricional en menores de 5 anos,clasificacion c,2002-12-01,102,51,102,51,153
51002,MOJINETE,estado nutricional en menores de 5 anos,clasificacion c,2002-12-01,0,13,0,13,13
10303,MOJOCOYA,estado nutricional en menores de 5 anos,clasificacion c,2002-12-01,164,243,164,243,407
10501,MONTEAGUDO,estado nutricional en menores de 5 anos,clasificacion c,2002-12-01,440,472,440,472,912
71001,MONTERO,estado nutricional en menores de 5 anos,clasificacion c,2002-12-01,923,562,923,562,1485
70803,MORO MORO,estado nutricional en menores de 5 anos,clasificacion c,2002-12-01,25,10,25,10,35
30302,MOROCHATA,estado nutricional en menores de 5 anos,clasificacion c,2002-12-01,126,166,126,166,292
90401,NACEBE (SANTA ROSA DEL ABUNA),estado nutricional en menores de 5 anos,clasificacion c,2002-12-01,0,5,0,5,5
20307,NAZACARA DE PACAJES,estado nutricional en menores de 5 anos,clasificacion c,2002-12-01,7,1,7,1,8
90501,NUEVO MANOA (NUEVA ESPERANZA),estado nutricional en menores de 5 anos,clasificacion c,2002-12-01,3,8,3,8,11
50404,OCURI,estado nutricional en menores de 5 anos,clasificacion c,2002-12-01,74,109,74,109,183
70202,OKINAWA,estado nutricional en menores de 5 anos,clasificacion c,2002-12-01,51,61,51,61,112
30203,OMEREQUE,estado nutricional en menores de 5 anos,clasificacion c,2002-12-01,5,60,5,60,65
40101,ORURO,estado nutricional en menores de 5 anos,clasificacion c,2002-12-01,1555,844,1555,844,2399
60201,PADCAYA,estado nutricional en menores de 5 anos,clasificacion c,2002-12-01,122,166,122,166,288
10401,PADILLA,estado nutricional en menores de 5 anos,clasificacion c,2002-12-01,292,376,292,376,668
70502,PAILON,estado nutricional en menores de 5 anos,clasificacion c,2002-12-01,68,73,68,73,141
20102,PALCA,estado nutricional en menores de 5 anos,clasificacion c,2002-12-01,43,48,43,48,91
21104,PALOS BLANCOS,estado nutricional en menores de 5 anos,clasificacion c,2002-12-01,130,125,130,125,255
40802,PAMPA AULLAGAS,estado nutricional en menores de 5 anos,clasificacion c,2002-12-01,28,25,28,25,53
70902,PAMPA GRANDE,estado nutricional en menores de 5 anos,clasificacion c,2002-12-01,46,29,46,29,75
21802,PAPEL PAMPA,estado nutricional en menores de 5 anos,clasificacion c,2002-12-01,50,47,50,47,97
30202,PASORAPA,estado nutricional en menores de 5 anos,clasificacion c,2002-12-01,48,63,48,63,111
21305,PATACAMAYA,estado nutricional en menores de 5 anos,clasificacion c,2002-12-01,104,37,104,37,141
40602,PAZÃ‘A,estado nutricional en menores de 5 anos,clasificacion c,2002-12-01,28,44,28,44,72
20702,PELECHUCO,estado nutricional en menores de 5 anos,clasificacion c,2002-12-01,20,7,20,7,27
50403,POCOATA,estado nutricional en menores de 5 anos,clasificacion c,2002-12-01,231,252,231,252,483
31203,POCONA,estado nutricional en menores de 5 anos,clasificacion c,2002-12-01,59,41,59,41,100
31202,POJO (CBBA),estado nutricional en menores de 5 anos,clasificacion c,2002-12-01,371,139,371,139,510
40601,POOPO,estado nutricional en menores de 5 anos,clasificacion c,2002-12-01,33,20,33,20,53
51203,PORCO,estado nutricional en menores de 5 anos,clasificacion c,2002-12-01,19,10,19,10,29
10103,POROMA,estado nutricional en menores de 5 anos,clasificacion c,2002-12-01,152,126,152,126,278
70103,PORONGO,estado nutricional en menores de 5 anos,clasificacion c,2002-12-01,31,39,31,39,70
70601,PORTACHUELO,estado nutricional en menores de 5 anos,clasificacion c,2002-12-01,525,136,525,136,661
90102,PORVENIR,estado nutricional en menores de 5 anos,clasificacion c,2002-12-01,63,61,63,61,124
70804,POSTRER VALLE,estado nutricional en menores de 5 anos,clasificacion c,2002-12-01,8,21,8,21,29
50101,POTOSI,estado nutricional en menores de 5 anos,clasificacion c,2002-12-01,1152,384,1152,384,1536
10302,PRESTO,estado nutricional en menores de 5 anos,clasificacion c,2002-12-01,137,95,137,95,232
21201,PUCARANI,estado nutricional en menores de 5 anos,clasificacion c,2002-12-01,33,36,33,36,69
20401,PUERTO ACOSTA,estado nutricional en menores de 5 anos,clasificacion c,2002-12-01,113,136,113,136,249
20403,PUERTO CARABUCO,estado nutricional en menores de 5 anos,clasificacion c,2002-12-01,101,101,101,101,202
90301,PUERTO GONZALO MORENO,estado nutricional en menores de 5 anos,clasificacion c,2002-12-01,8,13,8,13,21
21204,PUERTO PEREZ,estado nutricional en menores de 5 anos,clasificacion c,2002-12-01,35,40,35,40,75
71402,PUERTO QUIJARRO,estado nutricional en menores de 5 anos,clasificacion c,2002-12-01,157,35,157,35,192
90201,PUERTO RICO,estado nutricional en menores de 5 anos,clasificacion c,2002-12-01,14,69,14,69,83
80703,PUERTO SILES,estado nutricional en menores de 5 anos,clasificacion c,2002-12-01,4,7,4,7,11
71401,PUERTO SUAREZ,estado nutricional en menores de 5 anos,clasificacion c,2002-12-01,151,37,151,37,188
31205,PUERTO VILLARROEL,estado nutricional en menores de 5 anos,clasificacion c,2002-12-01,267,222,267,222,489
51101,PUNA,estado nutricional en menores de 5 anos,clasificacion c,2002-12-01,152,51,152,51,203
31401,PUNATA,estado nutricional en menores de 5 anos,clasificacion c,2002-12-01,315,49,315,49,364
30901,QUILLACOLLO,estado nutricional en menores de 5 anos,clasificacion c,2002-12-01,165,204,165,204,369
21002,QUIME,estado nutricional en menores de 5 anos,clasificacion c,2002-12-01,103,80,103,80,183
70904,QUIRUSILLAS,estado nutricional en menores de 5 anos,clasificacion c,2002-12-01,12,13,12,13,25
50402,RAVELO,estado nutricional en menores de 5 anos,clasificacion c,2002-12-01,285,237,285,237,522
80301,REYES,estado nutricional en menores de 5 anos,clasificacion c,2002-12-01,92,61,92,61,153
80201,RIBERALTA,estado nutricional en menores de 5 anos,clasificacion c,2002-12-01,883,363,883,363,1246
70503,ROBORE,estado nutricional en menores de 5 anos,clasificacion c,2002-12-01,138,71,138,71,209
80304,RURRENABAQUE,estado nutricional en menores de 5 anos,clasificacion c,2002-12-01,132,67,132,67,199
40901,SABAYA,estado nutricional en menores de 5 anos,clasificacion c,2002-12-01,9,15,9,15,24
31001,SACABA,estado nutricional en menores de 5 anos,clasificacion c,2002-12-01,244,172,244,172,416
30404,SACABAMBA,estado nutricional en menores de 5 anos,clasificacion c,2002-12-01,16,36,16,36,52
50701,SACACA,estado nutricional en menores de 5 anos,clasificacion c,2002-12-01,92,205,92,205,297
71302,SAIPINA,estado nutricional en menores de 5 anos,clasificacion c,2002-12-01,56,54,56,54,110
40801,SALINAS DE GARCI MENDOZA,estado nutricional en menores de 5 anos,clasificacion c,2002-12-01,56,80,56,80,136
70901,SAMAIPATA,estado nutricional en menores de 5 anos,clasificacion c,2002-12-01,121,76,121,76,197
51601,SAN AGUSTIN,estado nutricional en menores de 5 anos,clasificacion c,2002-12-01,23,51,23,51,74
80602,SAN ANDRES,estado nutricional en menores de 5 anos,clasificacion c,2002-12-01,65,46,65,46,111
51003,SAN ANTONIO DE ESMORUCO,estado nutricional en menores de 5 anos,clasificacion c,2002-12-01,9,14,9,14,23
71105,SAN ANTONIO DE LOMERIO,estado nutricional en menores de 5 anos,clasificacion c,2002-12-01,102,116,102,116,218
31403,SAN BENITO,estado nutricional en menores de 5 anos,clasificacion c,2002-12-01,42,17,42,17,59
80302,SAN BORJA,estado nutricional en menores de 5 anos,clasificacion c,2002-12-01,417,262,417,262,679
21502,SAN BUENA VENTURA,estado nutricional en menores de 5 anos,clasificacion c,2002-12-01,89,58,89,58,147
70402,SAN CARLOS,estado nutricional en menores de 5 anos,clasificacion c,2002-12-01,104,71,104,71,175
80501,SAN IGNACIO,estado nutricional en menores de 5 anos,clasificacion c,2002-12-01,158,88,158,88,246
70301,SAN IGNACIO DE VELASCO,estado nutricional en menores de 5 anos,clasificacion c,2002-12-01,523,439,523,439,962
80102,SAN JAVIER(BNI),estado nutricional en menores de 5 anos,clasificacion c,2002-12-01,5,5,5,5,10
71102,SAN JAVIER(STC),estado nutricional en menores de 5 anos,clasificacion c,2002-12-01,126,117,126,117,243
80701,SAN JOAQUIN,estado nutricional en menores de 5 anos,clasificacion c,2002-12-01,10,5,10,5,15
70501,SAN JOSE DE CHIQUITOS,estado nutricional en menores de 5 anos,clasificacion c,2002-12-01,106,39,106,39,145
71104,SAN JULIAN,estado nutricional en menores de 5 anos,clasificacion c,2002-12-01,378,436,378,436,814
90302,SAN LORENZO(PND),estado nutricional en menores de 5 anos,clasificacion c,2002-12-01,19,20,19,20,39
60501,SAN LORENZO(TJA),estado nutricional en menores de 5 anos,clasificacion c,2002-12-01,184,237,184,237,421
10702,SAN LUCAS,estado nutricional en menores de 5 anos,clasificacion c,2002-12-01,572,504,572,504,1076
70302,SAN MIGUEL DE VELASCO,estado nutricional en menores de 5 anos,clasificacion c,2002-12-01,122,124,122,124,246
51001,SAN PABLO DE LIPEZ,estado nutricional en menores de 5 anos,clasificacion c,2002-12-01,14,24,14,24,38
50501,SAN PEDRO DE BUENA VISTA,estado nutricional en menores de 5 anos,clasificacion c,2002-12-01,122,135,122,135,257
21801,SAN PEDRO DE CURAHUARA,estado nutricional en menores de 5 anos,clasificacion c,2002-12-01,36,74,36,74,110
50902,SAN PEDRO DE QUEMES,estado nutricional en menores de 5 anos,clasificacion c,2002-12-01,12,9,12,9,21
21702,SAN PEDRO DE TIQUINA,estado nutricional en menores de 5 anos,clasificacion c,2002-12-01,33,47,33,47,80
70303,SAN RAFAEL,estado nutricional en menores de 5 anos,clasificacion c,2002-12-01,60,29,60,29,89
80702,SAN RAMON,estado nutricional en menores de 5 anos,clasificacion c,2002-12-01,28,33,28,33,61
80702,SAN RAMON,estado nutricional en menores de 5 anos,clasificacion c,2002-12-01,94,70,94,70,164
80401,SANTA ANA,estado nutricional en menores de 5 anos,clasificacion c,2002-12-01,69,103,69,103,172
70101,SANTA CRUZ DE LA SIERRA,estado nutricional en menores de 5 anos,clasificacion c,2002-12-01,3186,1386,3186,1386,4572
80303,SANTA ROSA,estado nutricional en menores de 5 anos,clasificacion c,2002-12-01,58,39,58,39,97
70602,SANTA ROSA DEL SARA,estado nutricional en menores de 5 anos,clasificacion c,2002-12-01,66,57,66,57,123
20308,SANTIAGO DE CALLAPA,estado nutricional en menores de 5 anos,clasificacion c,2002-12-01,71,50,71,50,121
41401,SANTIAGO DE HUARI,estado nutricional en menores de 5 anos,clasificacion c,2002-12-01,26,36,26,36,62
21901,SANTIAGO DE MACHACA,estado nutricional en menores de 5 anos,clasificacion c,2002-12-01,20,7,20,7,27
30702,SANTIVAÃ‘ES,estado nutricional en menores de 5 anos,clasificacion c,2002-12-01,19,4,19,4,23
40202,SANTUARIO DE QUILLACAS,estado nutricional en menores de 5 anos,clasificacion c,2002-12-01,39,13,39,13,52
20902,SAPAHAQUI,estado nutricional en menores de 5 anos,clasificacion c,2002-12-01,51,28,51,28,79
90303,SENA,estado nutricional en menores de 5 anos,clasificacion c,2002-12-01,7,0,7,0,7
21301,SICA SICA (VILLA AROMA),estado nutricional en menores de 5 anos,clasificacion c,2002-12-01,120,135,120,135,255
30703,SICAYA,estado nutricional en menores de 5 anos,clasificacion c,2002-12-01,4,14,4,14,18
30902,SIPE SIPE,estado nutricional en menores de 5 anos,clasificacion c,2002-12-01,334,182,334,182,516
10403,SOPACHUY,estado nutricional en menores de 5 anos,clasificacion c,2002-12-01,97,95,97,95,192
20601,SORATA,estado nutricional en menores de 5 anos,clasificacion c,2002-12-01,134,206,134,206,340
10101,SUCRE,estado nutricional en menores de 5 anos,clasificacion c,2002-12-01,1434,983,1434,983,2417
31404,TACACHI,estado nutricional en menores de 5 anos,clasificacion c,2002-12-01,3,10,3,10,13
20603,TACACOMA,estado nutricional en menores de 5 anos,clasificacion c,2002-12-01,52,90,52,90,142
50303,TACOBAMBA,estado nutricional en menores de 5 anos,clasificacion c,2002-12-01,94,87,94,87,181
30602,TACOPAYA,estado nutricional en menores de 5 anos,clasificacion c,2002-12-01,51,25,51,25,76
51402,TAHUA,estado nutricional en menores de 5 anos,clasificacion c,2002-12-01,15,21,15,21,36
31101,TAPACARI,estado nutricional en menores de 5 anos,clasificacion c,2002-12-01,82,184,82,184,266
10601,TARABUCO,estado nutricional en menores de 5 anos,clasificacion c,2002-12-01,450,587,450,587,1037
30401,TARATA,estado nutricional en menores de 5 anos,clasificacion c,2002-12-01,62,33,62,33,95
60101,TARIJA,estado nutricional en menores de 5 anos,clasificacion c,2002-12-01,909,590,909,590,1499
10202,TARVITA,estado nutricional en menores de 5 anos,clasificacion c,2002-12-01,191,361,191,361,552
20803,TIAWANACU,estado nutricional en menores de 5 anos,clasificacion c,2002-12-01,111,60,111,60,171
50102,TINGUIPAYA,estado nutricional en menores de 5 anos,clasificacion c,2002-12-01,51,98,51,98,149
20606,TIPUANI,estado nutricional en menores de 5 anos,clasificacion c,2002-12-01,78,52,78,52,130
30903,TIQUIPAYA,estado nutricional en menores de 5 anos,clasificacion c,2002-12-01,104,199,104,199,303
31601,TIRAQUE (CBBA),estado nutricional en menores de 5 anos,clasificacion c,2002-12-01,247,295,247,295,542
21703,TITO YUPANQUI (PARQUIPUJIO),estado nutricional en menores de 5 anos,clasificacion c,2002-12-01,8,16,8,16,24
30802,TOCO,estado nutricional en menores de 5 anos,clasificacion c,2002-12-01,6,3,6,3,9
41502,TODOS SANTOS,estado nutricional en menores de 5 anos,clasificacion c,2002-12-01,0,4,0,4,4
30803,TOLATA,estado nutricional en menores de 5 anos,clasificacion c,2002-12-01,13,2,13,2,15
41001,TOLEDO,estado nutricional en menores de 5 anos,clasificacion c,2002-12-01,72,11,72,11,83
51202,TOMAVE,estado nutricional en menores de 5 anos,clasificacion c,2002-12-01,113,70,113,70,183
10402,TOMINA,estado nutricional en menores de 5 anos,clasificacion c,2002-12-01,179,247,179,247,426
50502,TORO TORO,estado nutricional en menores de 5 anos,clasificacion c,2002-12-01,111,146,111,146,257
31201,TOTORA(CBBA),estado nutricional en menores de 5 anos,clasificacion c,2002-12-01,95,54,95,54,149
41301,TOTORA(ORR),estado nutricional en menores de 5 anos,clasificacion c,2002-12-01,30,56,30,56,86
70802,TRIGAL,estado nutricional en menores de 5 anos,clasificacion c,2002-12-01,9,9,9,9,18
80101,TRINIDAD,estado nutricional en menores de 5 anos,clasificacion c,2002-12-01,370,607,370,607,977
50801,TUPIZA,estado nutricional en menores de 5 anos,clasificacion c,2002-12-01,198,650,198,650,848
40402,TURCO,estado nutricional en menores de 5 anos,clasificacion c,2002-12-01,33,45,33,45,78
21302,UMALA,estado nutricional en menores de 5 anos,clasificacion c,2002-12-01,53,48,53,48,101
50201,UNCIA,estado nutricional en menores de 5 anos,clasificacion c,2002-12-01,43,6,43,6,49
60401,URIONDO (A. CONCEPCION),estado nutricional en menores de 5 anos,clasificacion c,2002-12-01,101,74,101,74,175
71502,URUBICHA,estado nutricional en menores de 5 anos,clasificacion c,2002-12-01,78,122,78,122,200
51201,UYUNI,estado nutricional en menores de 5 anos,clasificacion c,2002-12-01,270,205,270,205,475
30502,VACAS,estado nutricional en menores de 5 anos,clasificacion c,2002-12-01,31,77,31,77,108
70801,VALLEGRANDE,estado nutricional en menores de 5 anos,clasificacion c,2002-12-01,183,124,183,124,307
20801,VIACHA,estado nutricional en menores de 5 anos,clasificacion c,2002-12-01,260,222,260,222,482
31302,VILA VILA,estado nutricional en menores de 5 anos,clasificacion c,2002-12-01,15,45,15,45,60
60303,VILLA MONTES,estado nutricional en menores de 5 anos,clasificacion c,2002-12-01,123,103,123,103,226
90502,VILLA NUEVA (LOMA ALTA),estado nutricional en menores de 5 anos,clasificacion c,2002-12-01,3,0,3,0,3
31402,VILLA RIVERO,estado nutricional en menores de 5 anos,clasificacion c,2002-12-01,22,14,22,14,36
10801,VILLA SERRANO,estado nutricional en menores de 5 anos,clasificacion c,2002-12-01,229,346,229,346,575
31003,VILLA TUNARI,estado nutricional en menores de 5 anos,clasificacion c,2002-12-01,194,123,194,123,317
11001,VILLA VACA GUZMAN (MUYUPAMPA),estado nutricional en menores de 5 anos,clasificacion c,2002-12-01,175,210,175,210,385
51501,VILLAZON,estado nutricional en menores de 5 anos,clasificacion c,2002-12-01,380,296,380,296,676
30904,VINTO,estado nutricional en menores de 5 anos,clasificacion c,2002-12-01,113,34,113,34,147
50602,VITICHI,estado nutricional en menores de 5 anos,clasificacion c,2002-12-01,162,152,162,152,314
20306,WALDO BALLIVIAN,estado nutricional en menores de 5 anos,clasificacion c,2002-12-01,16,4,16,4,20
70201,WARNES,estado nutricional en menores de 5 anos,clasificacion c,2002-12-01,333,202,333,202,535
20903,YACO,estado nutricional en menores de 5 anos,clasificacion c,2002-12-01,31,29,31,29,60
60301,YACUIBA,estado nutricional en menores de 5 anos,clasificacion c,2002-12-01,491,248,491,248,739
10602,YAMPARAEZ,estado nutricional en menores de 5 anos,clasificacion c,2002-12-01,266,432,266,432,698
21103,YANACACHI,estado nutricional en menores de 5 anos,clasificacion c,2002-12-01,34,37,34,37,71
50103,YOCALLA,estado nutricional en menores de 5 anos,clasificacion c,2002-12-01,44,48,44,48,92
10102,YOTALA,estado nutricional en menores de 5 anos,clasificacion c,2002-12-01,190,329,190,329,519
60402,YUNCHARA,estado nutricional en menores de 5 anos,clasificacion c,2002-12-01,35,43,35,43,78
10301,ZUDAÃ‘EZ,estado nutricional en menores de 5 anos,clasificacion c,2002-12-01,130,160,130,160,290
