codigo_municipio,municipio,grupo,variable,mes,total-H,total-M,TOTAL-H1,TOTAL-M1,TOTAL
51302,ACACIO,estado nutricional en menores de 5 anos,clasificacion a y b,2003-01-01,8,2,8,2,10
20201,ACHACACHI,estado nutricional en menores de 5 anos,clasificacion a y b,2003-01-01,79,63,79,63,142
20104,ACHOCALLA,estado nutricional en menores de 5 anos,clasificacion a y b,2003-01-01,9,2,9,2,11
30201,AIQUILE,estado nutricional en menores de 5 anos,clasificacion a y b,2003-01-01,31,10,31,10,41
10404,ALCALA,estado nutricional en menores de 5 anos,clasificacion a y b,2003-01-01,15,2,15,2,17
20202,ANCORAIMES,estado nutricional en menores de 5 anos,clasificacion a y b,2003-01-01,17,8,17,8,25
30402,ANZALDO,estado nutricional en menores de 5 anos,clasificacion a y b,2003-01-01,3,0,3,0,3
20701,APOLO,estado nutricional en menores de 5 anos,clasificacion a y b,2003-01-01,34,6,34,6,40
51301,ARAMPAMPA,estado nutricional en menores de 5 anos,clasificacion a y b,2003-01-01,11,2,11,2,13
30501,ARANI,estado nutricional en menores de 5 anos,clasificacion a y b,2003-01-01,2,12,2,12,14
30403,ARBIETO,estado nutricional en menores de 5 anos,clasificacion a y b,2003-01-01,5,1,5,1,6
30601,ARQUE,estado nutricional en menores de 5 anos,clasificacion a y b,2003-01-01,3,2,3,2,5
50802,ATOCHA,estado nutricional en menores de 5 anos,clasificacion a y b,2003-01-01,2,26,2,26,28
20503,AUCAPATA,estado nutricional en menores de 5 anos,clasificacion a y b,2003-01-01,0,1,0,1,1
20502,AYATA,estado nutricional en menores de 5 anos,clasificacion a y b,2003-01-01,2,0,2,0,2
21303,AYO AYO,estado nutricional en menores de 5 anos,clasificacion a y b,2003-01-01,28,3,28,3,31
30301,AYOPAYA (V. DE INDEPENDENCIA),estado nutricional en menores de 5 anos,clasificacion a y b,2003-01-01,12,0,12,0,12
10201,AZURDUY,estado nutricional en menores de 5 anos,clasificacion a y b,2003-01-01,30,2,30,2,32
21203,BATALLAS,estado nutricional en menores de 5 anos,clasificacion a y b,2003-01-01,22,2,22,2,24
80802,BAURES,estado nutricional en menores de 5 anos,clasificacion a y b,2003-01-01,11,3,11,3,14
41202,BELEN DE ANDAMARCA,estado nutricional en menores de 5 anos,clasificacion a y b,2003-01-01,1,0,1,0,1
90104,BELLA FLOR,estado nutricional en menores de 5 anos,clasificacion a y b,2003-01-01,3,1,3,1,4
60202,BERMEJO,estado nutricional en menores de 5 anos,clasificacion a y b,2003-01-01,17,16,17,16,33
50301,BETANZOS,estado nutricional en menores de 5 anos,clasificacion a y b,2003-01-01,52,13,52,13,65
31501,BOLIVAR,estado nutricional en menores de 5 anos,clasificacion a y b,2003-01-01,2,1,2,1,3
90103,BOLPEBRA,estado nutricional en menores de 5 anos,clasificacion a y b,2003-01-01,1,1,1,1,2
70707,BOYUIBE,estado nutricional en menores de 5 anos,clasificacion a y b,2003-01-01,14,32,14,32,46
70401,BUENA VISTA,estado nutricional en menores de 5 anos,clasificacion a y b,2003-01-01,48,18,48,18,66
70703,CABEZAS,estado nutricional en menores de 5 anos,clasificacion a y b,2003-01-01,46,26,46,26,72
20905,CAIROMA,estado nutricional en menores de 5 anos,clasificacion a y b,2003-01-01,5,0,5,0,5
51102,"CAIZA ""D""",estado nutricional en menores de 5 anos,clasificacion a y b,2003-01-01,22,5,22,5,27
21003,CAJUATA,estado nutricional en menores de 5 anos,clasificacion a y b,2003-01-01,35,3,35,3,38
20303,CALACOTO,estado nutricional en menores de 5 anos,clasificacion a y b,2003-01-01,2,0,2,0,2
21304,CALAMARCA,estado nutricional en menores de 5 anos,clasificacion a y b,2003-01-01,18,1,18,1,19
10701,CAMARGO,estado nutricional en menores de 5 anos,clasificacion a y b,2003-01-01,29,6,29,6,35
10901,CAMATAQUI (C. VILLA ABECIA),estado nutricional en menores de 5 anos,clasificacion a y b,2003-01-01,5,0,5,0,5
70706,CAMIRI,estado nutricional en menores de 5 anos,clasificacion a y b,2003-01-01,190,26,190,26,216
30701,CAPINOTA,estado nutricional en menores de 5 anos,clasificacion a y b,2003-01-01,6,1,6,1,7
20302,CAQUIAVIRI,estado nutricional en menores de 5 anos,clasificacion a y b,2003-01-01,7,3,7,3,10
40102,CARACOLLO,estado nutricional en menores de 5 anos,clasificacion a y b,2003-01-01,16,9,16,9,25
22001,CARANAVI,estado nutricional en menores de 5 anos,clasificacion a y b,2003-01-01,65,13,65,13,78
60302,CARAPARI,estado nutricional en menores de 5 anos,clasificacion a y b,2003-01-01,43,5,43,5,48
50702,CARIPUYO,estado nutricional en menores de 5 anos,clasificacion a y b,2003-01-01,7,3,7,3,10
21902,CATACORA,estado nutricional en menores de 5 anos,clasificacion a y b,2003-01-01,2,0,2,0,2
40201,CHALLAPATA,estado nutricional en menores de 5 anos,clasificacion a y b,2003-01-01,14,10,14,10,24
50302,CHAQUI,estado nutricional en menores de 5 anos,clasificacion a y b,2003-01-01,24,3,24,3,27
70702,CHARAGUA,estado nutricional en menores de 5 anos,clasificacion a y b,2003-01-01,69,53,69,53,122
20305,CHARAÃ‘A,estado nutricional en menores de 5 anos,clasificacion a y b,2003-01-01,1,1,1,1,2
50202,CHAYANTA,estado nutricional en menores de 5 anos,clasificacion a y b,2003-01-01,19,4,19,4,23
31204,CHIMORE,estado nutricional en menores de 5 anos,clasificacion a y b,2003-01-01,55,19,55,19,74
40302,CHOQUE COTA,estado nutricional en menores de 5 anos,clasificacion a y b,2003-01-01,3,0,3,0,3
21101,CHULUMANI (V. DE LA LIBERTAD),estado nutricional en menores de 5 anos,clasificacion a y b,2003-01-01,4,2,4,2,6
20501,CHUMA,estado nutricional en menores de 5 anos,clasificacion a y b,2003-01-01,5,0,5,0,5
30801,CLIZA,estado nutricional en menores de 5 anos,clasificacion a y b,2003-01-01,11,2,11,2,13
90101,COBIJA,estado nutricional en menores de 5 anos,clasificacion a y b,2003-01-01,116,18,116,18,134
30101,COCHABAMBA,estado nutricional en menores de 5 anos,clasificacion a y b,2003-01-01,2283,343,2283,343,2626
30905,COLCAPIRHUA,estado nutricional en menores de 5 anos,clasificacion a y b,2003-01-01,36,13,36,13,49
50901,"COLCHA ""K""",estado nutricional en menores de 5 anos,clasificacion a y b,2003-01-01,7,4,7,4,11
21307,COLLANA,estado nutricional en menores de 5 anos,clasificacion a y b,2003-01-01,2,2,2,2,4
31002,COLOMI,estado nutricional en menores de 5 anos,clasificacion a y b,2003-01-01,33,5,33,5,38
50401,COLQUECHACA,estado nutricional en menores de 5 anos,clasificacion a y b,2003-01-01,6,2,6,2,8
21306,COLQUENCHA,estado nutricional en menores de 5 anos,clasificacion a y b,2003-01-01,8,3,8,3,11
21004,COLQUIRI,estado nutricional en menores de 5 anos,clasificacion a y b,2003-01-01,25,6,25,6,31
20304,COMANCHE,estado nutricional en menores de 5 anos,clasificacion a y b,2003-01-01,1,1,1,1,2
71301,COMARAPA,estado nutricional en menores de 5 anos,clasificacion a y b,2003-01-01,76,9,76,9,85
20605,COMBAYA,estado nutricional en menores de 5 anos,clasificacion a y b,2003-01-01,2,0,2,0,2
71101,CONCEPCION,estado nutricional en menores de 5 anos,clasificacion a y b,2003-01-01,6,16,6,16,22
21701,COPACABANA,estado nutricional en menores de 5 anos,clasificacion a y b,2003-01-01,18,1,18,1,19
21402,CORIPATA,estado nutricional en menores de 5 anos,clasificacion a y b,2003-01-01,19,13,19,13,32
20301,CORO CORO,estado nutricional en menores de 5 anos,clasificacion a y b,2003-01-01,13,5,13,5,18
21401,COROICO,estado nutricional en menores de 5 anos,clasificacion a y b,2003-01-01,7,9,7,9,16
40301,CORQUE,estado nutricional en menores de 5 anos,clasificacion a y b,2003-01-01,2,1,2,1,3
50601,COTAGAITA,estado nutricional en menores de 5 anos,clasificacion a y b,2003-01-01,45,8,45,8,53
70102,COTOCA,estado nutricional en menores de 5 anos,clasificacion a y b,2003-01-01,78,6,78,6,84
31405,CUCHUMUELA (V. G. VILLARROEL),estado nutricional en menores de 5 anos,clasificacion a y b,2003-01-01,2,0,2,0,2
70704,CUEVO,estado nutricional en menores de 5 anos,clasificacion a y b,2003-01-01,18,1,18,1,19
10902,CULPINA,estado nutricional en menores de 5 anos,clasificacion a y b,2003-01-01,58,11,58,11,69
40401,CURAHUARA DE CARANGAS,estado nutricional en menores de 5 anos,clasificacion a y b,2003-01-01,1,0,1,0,1
21602,CURVA,estado nutricional en menores de 5 anos,clasificacion a y b,2003-01-01,1,0,1,0,1
20804,DESAGUADERO,estado nutricional en menores de 5 anos,clasificacion a y b,2003-01-01,7,4,7,4,11
20105,EL ALTO,estado nutricional en menores de 5 anos,clasificacion a y b,2003-01-01,821,164,821,164,985
40103,EL CHORO,estado nutricional en menores de 5 anos,clasificacion a y b,2003-01-01,9,1,9,1,10
71503,EL PUENTE(STC),estado nutricional en menores de 5 anos,clasificacion a y b,2003-01-01,13,18,13,18,31
60502,EL PUENTE(TJA),estado nutricional en menores de 5 anos,clasificacion a y b,2003-01-01,10,3,10,3,13
70105,EL TORNO,estado nutricional en menores de 5 anos,clasificacion a y b,2003-01-01,175,33,175,33,208
10405,EL VILLAR,estado nutricional en menores de 5 anos,clasificacion a y b,2003-01-01,14,1,14,1,15
60601,ENTRE RIOS,estado nutricional en menores de 5 anos,clasificacion a y b,2003-01-01,43,14,43,14,57
40502,ESCARA,estado nutricional en menores de 5 anos,clasificacion a y b,2003-01-01,1,0,1,0,1
41101,EUCALIPTUS,estado nutricional en menores de 5 anos,clasificacion a y b,2003-01-01,9,1,9,1,10
80402,EXALTACION,estado nutricional en menores de 5 anos,clasificacion a y b,2003-01-01,6,6,6,6,12
90203,FILADELFIA,estado nutricional en menores de 5 anos,clasificacion a y b,2003-01-01,0,1,0,1,1
71002,GENERAL SAAVEDRA,estado nutricional en menores de 5 anos,clasificacion a y b,2003-01-01,71,28,71,28,99
21601,GRAL. J.J. PEREZ (CHARAZANI),estado nutricional en menores de 5 anos,clasificacion a y b,2003-01-01,1,0,1,0,1
20602,GUANAY,estado nutricional en menores de 5 anos,clasificacion a y b,2003-01-01,73,13,73,13,86
20802,GUAQUI,estado nutricional en menores de 5 anos,clasificacion a y b,2003-01-01,4,1,4,1,5
80202,GUAYARAMERIN,estado nutricional en menores de 5 anos,clasificacion a y b,2003-01-01,184,26,184,26,210
70705,GUTIERREZ,estado nutricional en menores de 5 anos,clasificacion a y b,2003-01-01,71,16,71,16,87
10502,HUACARETA,estado nutricional en menores de 5 anos,clasificacion a y b,2003-01-01,21,9,21,9,30
11002,HUACAYA (VILLA DE HUACAYA),estado nutricional en menores de 5 anos,clasificacion a y b,2003-01-01,9,2,9,2,11
40501,HUACHACALLA,estado nutricional en menores de 5 anos,clasificacion a y b,2003-01-01,1,0,1,0,1
40701,HUANUNI,estado nutricional en menores de 5 anos,clasificacion a y b,2003-01-01,41,3,41,3,44
80803,HUARACAJE,estado nutricional en menores de 5 anos,clasificacion a y b,2003-01-01,7,9,7,9,16
41601,HUAYLLAMARCA,estado nutricional en menores de 5 anos,clasificacion a y b,2003-01-01,1,1,1,1,2
21005,ICHOCA,estado nutricional en menores de 5 anos,clasificacion a y b,2003-01-01,17,8,17,8,25
10304,ICLA,estado nutricional en menores de 5 anos,clasificacion a y b,2003-01-01,11,2,11,2,13
10703,INCAHUASI,estado nutricional en menores de 5 anos,clasificacion a y b,2003-01-01,44,8,44,8,52
21001,INQUISIVI,estado nutricional en menores de 5 anos,clasificacion a y b,2003-01-01,29,15,29,15,44
21102,IRUPANA (VILLA DE LANZA),estado nutricional en menores de 5 anos,clasificacion a y b,2003-01-01,26,20,26,20,46
21501,IXIAMAS,estado nutricional en menores de 5 anos,clasificacion a y b,2003-01-01,32,6,32,6,38
21105,LA ASUNTA,estado nutricional en menores de 5 anos,clasificacion a y b,2003-01-01,64,6,64,6,70
70104,LA GUARDIA,estado nutricional en menores de 5 anos,clasificacion a y b,2003-01-01,103,43,103,43,146
20101,LA PAZ,estado nutricional en menores de 5 anos,clasificacion a y b,2003-01-01,781,203,781,203,984
70701,LAGUNILLAS,estado nutricional en menores de 5 anos,clasificacion a y b,2003-01-01,27,11,27,11,38
21202,LAJA,estado nutricional en menores de 5 anos,clasificacion a y b,2003-01-01,19,1,19,1,20
10903,LAS CARRERAS,estado nutricional en menores de 5 anos,clasificacion a y b,2003-01-01,9,9,9,9,18
21006,LICOMA PAMPA,estado nutricional en menores de 5 anos,clasificacion a y b,2003-01-01,3,1,3,1,4
50203,LLALLAGUA,estado nutricional en menores de 5 anos,clasificacion a y b,2003-01-01,29,131,29,131,160
51401,LLICA,estado nutricional en menores de 5 anos,clasificacion a y b,2003-01-01,4,1,4,1,5
80601,LORETO,estado nutricional en menores de 5 anos,clasificacion a y b,2003-01-01,7,9,7,9,16
20901,LURIBAY,estado nutricional en menores de 5 anos,clasificacion a y b,2003-01-01,5,3,5,3,8
40702,MACHACAMARCA,estado nutricional en menores de 5 anos,clasificacion a y b,2003-01-01,2,0,2,0,2
11003,MACHARETI,estado nutricional en menores de 5 anos,clasificacion a y b,2003-01-01,41,16,41,16,57
80801,MAGDALENA,estado nutricional en menores de 5 anos,clasificacion a y b,2003-01-01,37,6,37,6,43
70903,MAIRANA,estado nutricional en menores de 5 anos,clasificacion a y b,2003-01-01,43,6,43,6,49
20904,MALLA,estado nutricional en menores de 5 anos,clasificacion a y b,2003-01-01,1,0,1,0,1
20103,MECAPACA,estado nutricional en menores de 5 anos,clasificacion a y b,2003-01-01,0,1,0,1,1
71003,MINEROS,estado nutricional en menores de 5 anos,clasificacion a y b,2003-01-01,183,85,183,85,268
31301,MIZQUE,estado nutricional en menores de 5 anos,clasificacion a y b,2003-01-01,13,0,13,0,13
20402,MOCOMOCO,estado nutricional en menores de 5 anos,clasificacion a y b,2003-01-01,14,0,14,0,14
51002,MOJINETE,estado nutricional en menores de 5 anos,clasificacion a y b,2003-01-01,1,1,1,1,2
10303,MOJOCOYA,estado nutricional en menores de 5 anos,clasificacion a y b,2003-01-01,31,5,31,5,36
10501,MONTEAGUDO,estado nutricional en menores de 5 anos,clasificacion a y b,2003-01-01,78,20,78,20,98
71001,MONTERO,estado nutricional en menores de 5 anos,clasificacion a y b,2003-01-01,435,114,435,114,549
70803,MORO MORO,estado nutricional en menores de 5 anos,clasificacion a y b,2003-01-01,4,4,4,4,8
30302,MOROCHATA,estado nutricional en menores de 5 anos,clasificacion a y b,2003-01-01,42,7,42,7,49
90401,NACEBE (SANTA ROSA DEL ABUNA),estado nutricional en menores de 5 anos,clasificacion a y b,2003-01-01,0,2,0,2,2
20307,NAZACARA DE PACAJES,estado nutricional en menores de 5 anos,clasificacion a y b,2003-01-01,1,0,1,0,1
90501,NUEVO MANOA (NUEVA ESPERANZA),estado nutricional en menores de 5 anos,clasificacion a y b,2003-01-01,2,1,2,1,3
50404,OCURI,estado nutricional en menores de 5 anos,clasificacion a y b,2003-01-01,12,11,12,11,23
70202,OKINAWA,estado nutricional en menores de 5 anos,clasificacion a y b,2003-01-01,13,6,13,6,19
30203,OMEREQUE,estado nutricional en menores de 5 anos,clasificacion a y b,2003-01-01,1,9,1,9,10
40101,ORURO,estado nutricional en menores de 5 anos,clasificacion a y b,2003-01-01,424,126,424,126,550
60201,PADCAYA,estado nutricional en menores de 5 anos,clasificacion a y b,2003-01-01,32,25,32,25,57
10401,PADILLA,estado nutricional en menores de 5 anos,clasificacion a y b,2003-01-01,56,4,56,4,60
70502,PAILON,estado nutricional en menores de 5 anos,clasificacion a y b,2003-01-01,22,11,22,11,33
20102,PALCA,estado nutricional en menores de 5 anos,clasificacion a y b,2003-01-01,6,1,6,1,7
21104,PALOS BLANCOS,estado nutricional en menores de 5 anos,clasificacion a y b,2003-01-01,31,10,31,10,41
40802,PAMPA AULLAGAS,estado nutricional en menores de 5 anos,clasificacion a y b,2003-01-01,6,0,6,0,6
70902,PAMPA GRANDE,estado nutricional en menores de 5 anos,clasificacion a y b,2003-01-01,35,2,35,2,37
21802,PAPEL PAMPA,estado nutricional en menores de 5 anos,clasificacion a y b,2003-01-01,1,1,1,1,2
30202,PASORAPA,estado nutricional en menores de 5 anos,clasificacion a y b,2003-01-01,15,1,15,1,16
21305,PATACAMAYA,estado nutricional en menores de 5 anos,clasificacion a y b,2003-01-01,40,10,40,10,50
40602,PAZÃ‘A,estado nutricional en menores de 5 anos,clasificacion a y b,2003-01-01,0,1,0,1,1
20702,PELECHUCO,estado nutricional en menores de 5 anos,clasificacion a y b,2003-01-01,3,0,3,0,3
50403,POCOATA,estado nutricional en menores de 5 anos,clasificacion a y b,2003-01-01,21,7,21,7,28
31203,POCONA,estado nutricional en menores de 5 anos,clasificacion a y b,2003-01-01,9,0,9,0,9
31202,POJO (CBBA),estado nutricional en menores de 5 anos,clasificacion a y b,2003-01-01,85,17,85,17,102
40601,POOPO,estado nutricional en menores de 5 anos,clasificacion a y b,2003-01-01,2,2,2,2,4
51203,PORCO,estado nutricional en menores de 5 anos,clasificacion a y b,2003-01-01,14,0,14,0,14
10103,POROMA,estado nutricional en menores de 5 anos,clasificacion a y b,2003-01-01,51,36,51,36,87
70103,PORONGO,estado nutricional en menores de 5 anos,clasificacion a y b,2003-01-01,2,7,2,7,9
70601,PORTACHUELO,estado nutricional en menores de 5 anos,clasificacion a y b,2003-01-01,140,45,140,45,185
90102,PORVENIR,estado nutricional en menores de 5 anos,clasificacion a y b,2003-01-01,4,3,4,3,7
70804,POSTRER VALLE,estado nutricional en menores de 5 anos,clasificacion a y b,2003-01-01,6,2,6,2,8
50101,POTOSI,estado nutricional en menores de 5 anos,clasificacion a y b,2003-01-01,168,8,168,8,176
10302,PRESTO,estado nutricional en menores de 5 anos,clasificacion a y b,2003-01-01,19,4,19,4,23
21201,PUCARANI,estado nutricional en menores de 5 anos,clasificacion a y b,2003-01-01,8,4,8,4,12
20401,PUERTO ACOSTA,estado nutricional en menores de 5 anos,clasificacion a y b,2003-01-01,46,41,46,41,87
20403,PUERTO CARABUCO,estado nutricional en menores de 5 anos,clasificacion a y b,2003-01-01,20,12,20,12,32
21204,PUERTO PEREZ,estado nutricional en menores de 5 anos,clasificacion a y b,2003-01-01,14,3,14,3,17
71402,PUERTO QUIJARRO,estado nutricional en menores de 5 anos,clasificacion a y b,2003-01-01,45,5,45,5,50
90201,PUERTO RICO,estado nutricional en menores de 5 anos,clasificacion a y b,2003-01-01,1,6,1,6,7
80703,PUERTO SILES,estado nutricional en menores de 5 anos,clasificacion a y b,2003-01-01,1,0,1,0,1
71401,PUERTO SUAREZ,estado nutricional en menores de 5 anos,clasificacion a y b,2003-01-01,44,14,44,14,58
31205,PUERTO VILLARROEL,estado nutricional en menores de 5 anos,clasificacion a y b,2003-01-01,161,34,161,34,195
51101,PUNA,estado nutricional en menores de 5 anos,clasificacion a y b,2003-01-01,56,10,56,10,66
31401,PUNATA,estado nutricional en menores de 5 anos,clasificacion a y b,2003-01-01,49,4,49,4,53
20604,QUIABAYA,estado nutricional en menores de 5 anos,clasificacion a y b,2003-01-01,4,1,4,1,5
30901,QUILLACOLLO,estado nutricional en menores de 5 anos,clasificacion a y b,2003-01-01,66,32,66,32,98
21002,QUIME,estado nutricional en menores de 5 anos,clasificacion a y b,2003-01-01,13,2,13,2,15
70904,QUIRUSILLAS,estado nutricional en menores de 5 anos,clasificacion a y b,2003-01-01,2,1,2,1,3
50402,RAVELO,estado nutricional en menores de 5 anos,clasificacion a y b,2003-01-01,5,1,5,1,6
80301,REYES,estado nutricional en menores de 5 anos,clasificacion a y b,2003-01-01,38,6,38,6,44
80201,RIBERALTA,estado nutricional en menores de 5 anos,clasificacion a y b,2003-01-01,209,25,209,25,234
70503,ROBORE,estado nutricional en menores de 5 anos,clasificacion a y b,2003-01-01,36,25,36,25,61
40901,SABAYA,estado nutricional en menores de 5 anos,clasificacion a y b,2003-01-01,4,2,4,2,6
31001,SACABA,estado nutricional en menores de 5 anos,clasificacion a y b,2003-01-01,44,6,44,6,50
50701,SACACA,estado nutricional en menores de 5 anos,clasificacion a y b,2003-01-01,6,2,6,2,8
71302,SAIPINA,estado nutricional en menores de 5 anos,clasificacion a y b,2003-01-01,56,22,56,22,78
40801,SALINAS DE GARCI MENDOZA,estado nutricional en menores de 5 anos,clasificacion a y b,2003-01-01,9,3,9,3,12
70901,SAMAIPATA,estado nutricional en menores de 5 anos,clasificacion a y b,2003-01-01,30,12,30,12,42
51601,SAN AGUSTIN,estado nutricional en menores de 5 anos,clasificacion a y b,2003-01-01,0,2,0,2,2
80602,SAN ANDRES,estado nutricional en menores de 5 anos,clasificacion a y b,2003-01-01,5,0,5,0,5
51003,SAN ANTONIO DE ESMORUCO,estado nutricional en menores de 5 anos,clasificacion a y b,2003-01-01,1,0,1,0,1
71105,SAN ANTONIO DE LOMERIO,estado nutricional en menores de 5 anos,clasificacion a y b,2003-01-01,9,7,9,7,16
31403,SAN BENITO,estado nutricional en menores de 5 anos,clasificacion a y b,2003-01-01,5,8,5,8,13
80302,SAN BORJA,estado nutricional en menores de 5 anos,clasificacion a y b,2003-01-01,99,14,99,14,113
21502,SAN BUENA VENTURA,estado nutricional en menores de 5 anos,clasificacion a y b,2003-01-01,33,7,33,7,40
70402,SAN CARLOS,estado nutricional en menores de 5 anos,clasificacion a y b,2003-01-01,72,18,72,18,90
80501,SAN IGNACIO,estado nutricional en menores de 5 anos,clasificacion a y b,2003-01-01,85,15,85,15,100
70301,SAN IGNACIO DE VELASCO,estado nutricional en menores de 5 anos,clasificacion a y b,2003-01-01,167,9,167,9,176
80102,SAN JAVIER(BNI),estado nutricional en menores de 5 anos,clasificacion a y b,2003-01-01,3,0,3,0,3
71102,SAN JAVIER(STC),estado nutricional en menores de 5 anos,clasificacion a y b,2003-01-01,65,5,65,5,70
80701,SAN JOAQUIN,estado nutricional en menores de 5 anos,clasificacion a y b,2003-01-01,2,17,2,17,19
70501,SAN JOSE DE CHIQUITOS,estado nutricional en menores de 5 anos,clasificacion a y b,2003-01-01,39,5,39,5,44
71104,SAN JULIAN,estado nutricional en menores de 5 anos,clasificacion a y b,2003-01-01,95,32,95,32,127
90302,SAN LORENZO(PND),estado nutricional en menores de 5 anos,clasificacion a y b,2003-01-01,0,7,0,7,7
60501,SAN LORENZO(TJA),estado nutricional en menores de 5 anos,clasificacion a y b,2003-01-01,15,4,15,4,19
10702,SAN LUCAS,estado nutricional en menores de 5 anos,clasificacion a y b,2003-01-01,63,11,63,11,74
71201,SAN MATIAS,estado nutricional en menores de 5 anos,clasificacion a y b,2003-01-01,36,4,36,4,40
70302,SAN MIGUEL DE VELASCO,estado nutricional en menores de 5 anos,clasificacion a y b,2003-01-01,39,4,39,4,43
51001,SAN PABLO DE LIPEZ,estado nutricional en menores de 5 anos,clasificacion a y b,2003-01-01,4,3,4,3,7
50501,SAN PEDRO DE BUENA VISTA,estado nutricional en menores de 5 anos,clasificacion a y b,2003-01-01,4,6,4,6,10
21801,SAN PEDRO DE CURAHUARA,estado nutricional en menores de 5 anos,clasificacion a y b,2003-01-01,5,2,5,2,7
21702,SAN PEDRO DE TIQUINA,estado nutricional en menores de 5 anos,clasificacion a y b,2003-01-01,7,0,7,0,7
90202,SAN PEDRO(PND),estado nutricional en menores de 5 anos,clasificacion a y b,2003-01-01,6,1,6,1,7
70303,SAN RAFAEL,estado nutricional en menores de 5 anos,clasificacion a y b,2003-01-01,6,5,6,5,11
80702,SAN RAMON,estado nutricional en menores de 5 anos,clasificacion a y b,2003-01-01,11,1,11,1,12
80702,SAN RAMON,estado nutricional en menores de 5 anos,clasificacion a y b,2003-01-01,10,3,10,3,13
70101,SANTA CRUZ DE LA SIERRA,estado nutricional en menores de 5 anos,clasificacion a y b,2003-01-01,1973,1028,1973,1028,3001
80303,SANTA ROSA,estado nutricional en menores de 5 anos,clasificacion a y b,2003-01-01,19,4,19,4,23
70602,SANTA ROSA DEL SARA,estado nutricional en menores de 5 anos,clasificacion a y b,2003-01-01,15,24,15,24,39
20308,SANTIAGO DE CALLAPA,estado nutricional en menores de 5 anos,clasificacion a y b,2003-01-01,5,0,5,0,5
41401,SANTIAGO DE HUARI,estado nutricional en menores de 5 anos,clasificacion a y b,2003-01-01,8,7,8,7,15
21901,SANTIAGO DE MACHACA,estado nutricional en menores de 5 anos,clasificacion a y b,2003-01-01,4,0,4,0,4
30702,SANTIVAÃ‘ES,estado nutricional en menores de 5 anos,clasificacion a y b,2003-01-01,4,0,4,0,4
40202,SANTUARIO DE QUILLACAS,estado nutricional en menores de 5 anos,clasificacion a y b,2003-01-01,3,0,3,0,3
20902,SAPAHAQUI,estado nutricional en menores de 5 anos,clasificacion a y b,2003-01-01,5,0,5,0,5
90303,SENA,estado nutricional en menores de 5 anos,clasificacion a y b,2003-01-01,1,7,1,7,8
21301,SICA SICA (VILLA AROMA),estado nutricional en menores de 5 anos,clasificacion a y b,2003-01-01,14,9,14,9,23
30902,SIPE SIPE,estado nutricional en menores de 5 anos,clasificacion a y b,2003-01-01,100,16,100,16,116
10403,SOPACHUY,estado nutricional en menores de 5 anos,clasificacion a y b,2003-01-01,13,1,13,1,14
20601,SORATA,estado nutricional en menores de 5 anos,clasificacion a y b,2003-01-01,21,2,21,2,23
10101,SUCRE,estado nutricional en menores de 5 anos,clasificacion a y b,2003-01-01,407,89,407,89,496
20603,TACACOMA,estado nutricional en menores de 5 anos,clasificacion a y b,2003-01-01,19,16,19,16,35
50303,TACOBAMBA,estado nutricional en menores de 5 anos,clasificacion a y b,2003-01-01,13,3,13,3,16
30602,TACOPAYA,estado nutricional en menores de 5 anos,clasificacion a y b,2003-01-01,4,2,4,2,6
51402,TAHUA,estado nutricional en menores de 5 anos,clasificacion a y b,2003-01-01,1,0,1,0,1
31101,TAPACARI,estado nutricional en menores de 5 anos,clasificacion a y b,2003-01-01,12,6,12,6,18
10601,TARABUCO,estado nutricional en menores de 5 anos,clasificacion a y b,2003-01-01,43,3,43,3,46
30401,TARATA,estado nutricional en menores de 5 anos,clasificacion a y b,2003-01-01,11,0,11,0,11
60101,TARIJA,estado nutricional en menores de 5 anos,clasificacion a y b,2003-01-01,853,167,853,167,1020
10202,TARVITA,estado nutricional en menores de 5 anos,clasificacion a y b,2003-01-01,7,6,7,6,13
20803,TIAWANACU,estado nutricional en menores de 5 anos,clasificacion a y b,2003-01-01,19,8,19,8,27
50102,TINGUIPAYA,estado nutricional en menores de 5 anos,clasificacion a y b,2003-01-01,2,1,2,1,3
20606,TIPUANI,estado nutricional en menores de 5 anos,clasificacion a y b,2003-01-01,31,2,31,2,33
30903,TIQUIPAYA,estado nutricional en menores de 5 anos,clasificacion a y b,2003-01-01,25,1,25,1,26
31601,TIRAQUE (CBBA),estado nutricional en menores de 5 anos,clasificacion a y b,2003-01-01,81,26,81,26,107
30802,TOCO,estado nutricional en menores de 5 anos,clasificacion a y b,2003-01-01,1,0,1,0,1
30803,TOLATA,estado nutricional en menores de 5 anos,clasificacion a y b,2003-01-01,8,0,8,0,8
41001,TOLEDO,estado nutricional en menores de 5 anos,clasificacion a y b,2003-01-01,5,0,5,0,5
51202,TOMAVE,estado nutricional en menores de 5 anos,clasificacion a y b,2003-01-01,20,5,20,5,25
10402,TOMINA,estado nutricional en menores de 5 anos,clasificacion a y b,2003-01-01,33,5,33,5,38
50502,TORO TORO,estado nutricional en menores de 5 anos,clasificacion a y b,2003-01-01,11,2,11,2,13
31201,TOTORA(CBBA),estado nutricional en menores de 5 anos,clasificacion a y b,2003-01-01,15,2,15,2,17
41301,TOTORA(ORR),estado nutricional en menores de 5 anos,clasificacion a y b,2003-01-01,3,0,3,0,3
70802,TRIGAL,estado nutricional en menores de 5 anos,clasificacion a y b,2003-01-01,5,2,5,2,7
80101,TRINIDAD,estado nutricional en menores de 5 anos,clasificacion a y b,2003-01-01,220,106,220,106,326
50801,TUPIZA,estado nutricional en menores de 5 anos,clasificacion a y b,2003-01-01,50,47,50,47,97
40402,TURCO,estado nutricional en menores de 5 anos,clasificacion a y b,2003-01-01,8,0,8,0,8
21302,UMALA,estado nutricional en menores de 5 anos,clasificacion a y b,2003-01-01,5,0,5,0,5
50201,UNCIA,estado nutricional en menores de 5 anos,clasificacion a y b,2003-01-01,1,2,1,2,3
60401,URIONDO (A. CONCEPCION),estado nutricional en menores de 5 anos,clasificacion a y b,2003-01-01,72,13,72,13,85
51201,UYUNI,estado nutricional en menores de 5 anos,clasificacion a y b,2003-01-01,11,0,11,0,11
30502,VACAS,estado nutricional en menores de 5 anos,clasificacion a y b,2003-01-01,0,1,0,1,1
70801,VALLEGRANDE,estado nutricional en menores de 5 anos,clasificacion a y b,2003-01-01,57,19,57,19,76
20801,VIACHA,estado nutricional en menores de 5 anos,clasificacion a y b,2003-01-01,38,64,38,64,102
31302,VILA VILA,estado nutricional en menores de 5 anos,clasificacion a y b,2003-01-01,5,1,5,1,6
60303,VILLA MONTES,estado nutricional en menores de 5 anos,clasificacion a y b,2003-01-01,36,10,36,10,46
90502,VILLA NUEVA (LOMA ALTA),estado nutricional en menores de 5 anos,clasificacion a y b,2003-01-01,1,1,1,1,2
31402,VILLA RIVERO,estado nutricional en menores de 5 anos,clasificacion a y b,2003-01-01,16,3,16,3,19
10801,VILLA SERRANO,estado nutricional en menores de 5 anos,clasificacion a y b,2003-01-01,24,3,24,3,27
31003,VILLA TUNARI,estado nutricional en menores de 5 anos,clasificacion a y b,2003-01-01,89,29,89,29,118
11001,VILLA VACA GUZMAN (MUYUPAMPA),estado nutricional en menores de 5 anos,clasificacion a y b,2003-01-01,36,9,36,9,45
51501,VILLAZON,estado nutricional en menores de 5 anos,clasificacion a y b,2003-01-01,92,9,92,9,101
50602,VITICHI,estado nutricional en menores de 5 anos,clasificacion a y b,2003-01-01,32,6,32,6,38
20306,WALDO BALLIVIAN,estado nutricional en menores de 5 anos,clasificacion a y b,2003-01-01,2,0,2,0,2
70201,WARNES,estado nutricional en menores de 5 anos,clasificacion a y b,2003-01-01,115,30,115,30,145
20903,YACO,estado nutricional en menores de 5 anos,clasificacion a y b,2003-01-01,4,4,4,4,8
60301,YACUIBA,estado nutricional en menores de 5 anos,clasificacion a y b,2003-01-01,185,40,185,40,225
10602,YAMPARAEZ,estado nutricional en menores de 5 anos,clasificacion a y b,2003-01-01,31,0,31,0,31
21103,YANACACHI,estado nutricional en menores de 5 anos,clasificacion a y b,2003-01-01,12,1,12,1,13
70403,YAPACANI,estado nutricional en menores de 5 anos,clasificacion a y b,2003-01-01,163,37,163,37,200
50103,YOCALLA,estado nutricional en menores de 5 anos,clasificacion a y b,2003-01-01,9,2,9,2,11
10102,YOTALA,estado nutricional en menores de 5 anos,clasificacion a y b,2003-01-01,36,7,36,7,43
60402,YUNCHARA,estado nutricional en menores de 5 anos,clasificacion a y b,2003-01-01,2,1,2,1,3
10301,ZUDAÃ‘EZ,estado nutricional en menores de 5 anos,clasificacion a y b,2003-01-01,19,3,19,3,22
51302,ACACIO,estado nutricional en menores de 5 anos,clasificacion a y b,2003-02-01,13,3,13,3,16
20201,ACHACACHI,estado nutricional en menores de 5 anos,clasificacion a y b,2003-02-01,100,36,100,36,136
20104,ACHOCALLA,estado nutricional en menores de 5 anos,clasificacion a y b,2003-02-01,3,0,3,0,3
30201,AIQUILE,estado nutricional en menores de 5 anos,clasificacion a y b,2003-02-01,25,9,25,9,34
31303,ALALAY,estado nutricional en menores de 5 anos,clasificacion a y b,2003-02-01,1,0,1,0,1
10404,ALCALA,estado nutricional en menores de 5 anos,clasificacion a y b,2003-02-01,13,5,13,5,18
20202,ANCORAIMES,estado nutricional en menores de 5 anos,clasificacion a y b,2003-02-01,13,6,13,6,19
41201,ANDAMARCA,estado nutricional en menores de 5 anos,clasificacion a y b,2003-02-01,1,0,1,0,1
40603,ANTEQUERA,estado nutricional en menores de 5 anos,clasificacion a y b,2003-02-01,3,0,3,0,3
30402,ANZALDO,estado nutricional en menores de 5 anos,clasificacion a y b,2003-02-01,7,7,7,7,14
20701,APOLO,estado nutricional en menores de 5 anos,clasificacion a y b,2003-02-01,51,13,51,13,64
51301,ARAMPAMPA,estado nutricional en menores de 5 anos,clasificacion a y b,2003-02-01,10,3,10,3,13
30501,ARANI,estado nutricional en menores de 5 anos,clasificacion a y b,2003-02-01,3,3,3,3,6
30403,ARBIETO,estado nutricional en menores de 5 anos,clasificacion a y b,2003-02-01,8,1,8,1,9
30601,ARQUE,estado nutricional en menores de 5 anos,clasificacion a y b,2003-02-01,6,5,6,5,11
71501,ASCENCION DE GUARAYOS,estado nutricional en menores de 5 anos,clasificacion a y b,2003-02-01,74,17,74,17,91
50802,ATOCHA,estado nutricional en menores de 5 anos,clasificacion a y b,2003-02-01,4,14,4,14,18
20503,AUCAPATA,estado nutricional en menores de 5 anos,clasificacion a y b,2003-02-01,1,0,1,0,1
20502,AYATA,estado nutricional en menores de 5 anos,clasificacion a y b,2003-02-01,2,0,2,0,2
21303,AYO AYO,estado nutricional en menores de 5 anos,clasificacion a y b,2003-02-01,11,1,11,1,12
30301,AYOPAYA (V. DE INDEPENDENCIA),estado nutricional en menores de 5 anos,clasificacion a y b,2003-02-01,19,3,19,3,22
10201,AZURDUY,estado nutricional en menores de 5 anos,clasificacion a y b,2003-02-01,42,3,42,3,45
21203,BATALLAS,estado nutricional en menores de 5 anos,clasificacion a y b,2003-02-01,32,6,32,6,38
80802,BAURES,estado nutricional en menores de 5 anos,clasificacion a y b,2003-02-01,7,3,7,3,10
50104,BELEN DE URMIRI,estado nutricional en menores de 5 anos,clasificacion a y b,2003-02-01,0,1,0,1,1
60202,BERMEJO,estado nutricional en menores de 5 anos,clasificacion a y b,2003-02-01,26,22,26,22,48
50301,BETANZOS,estado nutricional en menores de 5 anos,clasificacion a y b,2003-02-01,19,2,19,2,21
31501,BOLIVAR,estado nutricional en menores de 5 anos,clasificacion a y b,2003-02-01,1,1,1,1,2
90103,BOLPEBRA,estado nutricional en menores de 5 anos,clasificacion a y b,2003-02-01,1,0,1,0,1
70707,BOYUIBE,estado nutricional en menores de 5 anos,clasificacion a y b,2003-02-01,26,5,26,5,31
70401,BUENA VISTA,estado nutricional en menores de 5 anos,clasificacion a y b,2003-02-01,66,19,66,19,85
70703,CABEZAS,estado nutricional en menores de 5 anos,clasificacion a y b,2003-02-01,19,15,19,15,34
20905,CAIROMA,estado nutricional en menores de 5 anos,clasificacion a y b,2003-02-01,12,2,12,2,14
51102,"CAIZA ""D""",estado nutricional en menores de 5 anos,clasificacion a y b,2003-02-01,14,2,14,2,16
21003,CAJUATA,estado nutricional en menores de 5 anos,clasificacion a y b,2003-02-01,13,2,13,2,15
20303,CALACOTO,estado nutricional en menores de 5 anos,clasificacion a y b,2003-02-01,8,0,8,0,8
21304,CALAMARCA,estado nutricional en menores de 5 anos,clasificacion a y b,2003-02-01,16,1,16,1,17
10701,CAMARGO,estado nutricional en menores de 5 anos,clasificacion a y b,2003-02-01,23,1,23,1,24
10901,CAMATAQUI (C. VILLA ABECIA),estado nutricional en menores de 5 anos,clasificacion a y b,2003-02-01,1,0,1,0,1
70706,CAMIRI,estado nutricional en menores de 5 anos,clasificacion a y b,2003-02-01,108,19,108,19,127
30701,CAPINOTA,estado nutricional en menores de 5 anos,clasificacion a y b,2003-02-01,4,0,4,0,4
20302,CAQUIAVIRI,estado nutricional en menores de 5 anos,clasificacion a y b,2003-02-01,9,3,9,3,12
40102,CARACOLLO,estado nutricional en menores de 5 anos,clasificacion a y b,2003-02-01,28,8,28,8,36
22001,CARANAVI,estado nutricional en menores de 5 anos,clasificacion a y b,2003-02-01,88,35,88,35,123
60302,CARAPARI,estado nutricional en menores de 5 anos,clasificacion a y b,2003-02-01,25,9,25,9,34
50702,CARIPUYO,estado nutricional en menores de 5 anos,clasificacion a y b,2003-02-01,7,1,7,1,8
40201,CHALLAPATA,estado nutricional en menores de 5 anos,clasificacion a y b,2003-02-01,12,12,12,12,24
50302,CHAQUI,estado nutricional en menores de 5 anos,clasificacion a y b,2003-02-01,18,2,18,2,20
70702,CHARAGUA,estado nutricional en menores de 5 anos,clasificacion a y b,2003-02-01,48,17,48,17,65
20305,CHARAÃ‘A,estado nutricional en menores de 5 anos,clasificacion a y b,2003-02-01,2,0,2,0,2
50202,CHAYANTA,estado nutricional en menores de 5 anos,clasificacion a y b,2003-02-01,13,2,13,2,15
31204,CHIMORE,estado nutricional en menores de 5 anos,clasificacion a y b,2003-02-01,27,17,27,17,44
21101,CHULUMANI (V. DE LA LIBERTAD),estado nutricional en menores de 5 anos,clasificacion a y b,2003-02-01,5,3,5,3,8
20501,CHUMA,estado nutricional en menores de 5 anos,clasificacion a y b,2003-02-01,25,0,25,0,25
30801,CLIZA,estado nutricional en menores de 5 anos,clasificacion a y b,2003-02-01,5,1,5,1,6
90101,COBIJA,estado nutricional en menores de 5 anos,clasificacion a y b,2003-02-01,114,23,114,23,137
30101,COCHABAMBA,estado nutricional en menores de 5 anos,clasificacion a y b,2003-02-01,1696,653,1696,653,2349
40902,COIPASA,estado nutricional en menores de 5 anos,clasificacion a y b,2003-02-01,1,0,1,0,1
30905,COLCAPIRHUA,estado nutricional en menores de 5 anos,clasificacion a y b,2003-02-01,13,1,13,1,14
50901,"COLCHA ""K""",estado nutricional en menores de 5 anos,clasificacion a y b,2003-02-01,7,6,7,6,13
31002,COLOMI,estado nutricional en menores de 5 anos,clasificacion a y b,2003-02-01,38,14,38,14,52
50401,COLQUECHACA,estado nutricional en menores de 5 anos,clasificacion a y b,2003-02-01,17,1,17,1,18
21306,COLQUENCHA,estado nutricional en menores de 5 anos,clasificacion a y b,2003-02-01,12,1,12,1,13
21004,COLQUIRI,estado nutricional en menores de 5 anos,clasificacion a y b,2003-02-01,24,4,24,4,28
71301,COMARAPA,estado nutricional en menores de 5 anos,clasificacion a y b,2003-02-01,90,11,90,11,101
71101,CONCEPCION,estado nutricional en menores de 5 anos,clasificacion a y b,2003-02-01,3,9,3,9,12
21701,COPACABANA,estado nutricional en menores de 5 anos,clasificacion a y b,2003-02-01,14,2,14,2,16
21402,CORIPATA,estado nutricional en menores de 5 anos,clasificacion a y b,2003-02-01,44,3,44,3,47
20301,CORO CORO,estado nutricional en menores de 5 anos,clasificacion a y b,2003-02-01,2,1,2,1,3
21401,COROICO,estado nutricional en menores de 5 anos,clasificacion a y b,2003-02-01,10,5,10,5,15
40301,CORQUE,estado nutricional en menores de 5 anos,clasificacion a y b,2003-02-01,3,1,3,1,4
50601,COTAGAITA,estado nutricional en menores de 5 anos,clasificacion a y b,2003-02-01,37,9,37,9,46
70102,COTOCA,estado nutricional en menores de 5 anos,clasificacion a y b,2003-02-01,47,3,47,3,50
70704,CUEVO,estado nutricional en menores de 5 anos,clasificacion a y b,2003-02-01,8,1,8,1,9
10902,CULPINA,estado nutricional en menores de 5 anos,clasificacion a y b,2003-02-01,56,16,56,16,72
40401,CURAHUARA DE CARANGAS,estado nutricional en menores de 5 anos,clasificacion a y b,2003-02-01,1,0,1,0,1
21602,CURVA,estado nutricional en menores de 5 anos,clasificacion a y b,2003-02-01,5,0,5,0,5
20804,DESAGUADERO,estado nutricional en menores de 5 anos,clasificacion a y b,2003-02-01,6,3,6,3,9
20105,EL ALTO,estado nutricional en menores de 5 anos,clasificacion a y b,2003-02-01,601,110,601,110,711
40103,EL CHORO,estado nutricional en menores de 5 anos,clasificacion a y b,2003-02-01,7,3,7,3,10
71503,EL PUENTE(STC),estado nutricional en menores de 5 anos,clasificacion a y b,2003-02-01,20,12,20,12,32
60502,EL PUENTE(TJA),estado nutricional en menores de 5 anos,clasificacion a y b,2003-02-01,7,3,7,3,10
70105,EL TORNO,estado nutricional en menores de 5 anos,clasificacion a y b,2003-02-01,148,15,148,15,163
10405,EL VILLAR,estado nutricional en menores de 5 anos,clasificacion a y b,2003-02-01,9,2,9,2,11
60601,ENTRE RIOS,estado nutricional en menores de 5 anos,clasificacion a y b,2003-02-01,38,11,38,11,49
41101,EUCALIPTUS,estado nutricional en menores de 5 anos,clasificacion a y b,2003-02-01,8,2,8,2,10
90503,EUREKA (SANTOS MERCADO),estado nutricional en menores de 5 anos,clasificacion a y b,2003-02-01,2,4,2,4,6
90203,FILADELFIA,estado nutricional en menores de 5 anos,clasificacion a y b,2003-02-01,0,4,0,4,4
71002,GENERAL SAAVEDRA,estado nutricional en menores de 5 anos,clasificacion a y b,2003-02-01,59,44,59,44,103
21601,GRAL. J.J. PEREZ (CHARAZANI),estado nutricional en menores de 5 anos,clasificacion a y b,2003-02-01,8,1,8,1,9
20602,GUANAY,estado nutricional en menores de 5 anos,clasificacion a y b,2003-02-01,81,18,81,18,99
20802,GUAQUI,estado nutricional en menores de 5 anos,clasificacion a y b,2003-02-01,5,4,5,4,9
80202,GUAYARAMERIN,estado nutricional en menores de 5 anos,clasificacion a y b,2003-02-01,136,20,136,20,156
70705,GUTIERREZ,estado nutricional en menores de 5 anos,clasificacion a y b,2003-02-01,94,12,94,12,106
10502,HUACARETA,estado nutricional en menores de 5 anos,clasificacion a y b,2003-02-01,27,9,27,9,36
11002,HUACAYA (VILLA DE HUACAYA),estado nutricional en menores de 5 anos,clasificacion a y b,2003-02-01,7,7,7,7,14
40701,HUANUNI,estado nutricional en menores de 5 anos,clasificacion a y b,2003-02-01,20,3,20,3,23
80803,HUARACAJE,estado nutricional en menores de 5 anos,clasificacion a y b,2003-02-01,11,2,11,2,13
21005,ICHOCA,estado nutricional en menores de 5 anos,clasificacion a y b,2003-02-01,5,11,5,11,16
10304,ICLA,estado nutricional en menores de 5 anos,clasificacion a y b,2003-02-01,4,4,4,4,8
10703,INCAHUASI,estado nutricional en menores de 5 anos,clasificacion a y b,2003-02-01,34,5,34,5,39
21001,INQUISIVI,estado nutricional en menores de 5 anos,clasificacion a y b,2003-02-01,25,4,25,4,29
21102,IRUPANA (VILLA DE LANZA),estado nutricional en menores de 5 anos,clasificacion a y b,2003-02-01,19,11,19,11,30
21501,IXIAMAS,estado nutricional en menores de 5 anos,clasificacion a y b,2003-02-01,23,10,23,10,33
21105,LA ASUNTA,estado nutricional en menores de 5 anos,clasificacion a y b,2003-02-01,59,1,59,1,60
70104,LA GUARDIA,estado nutricional en menores de 5 anos,clasificacion a y b,2003-02-01,104,28,104,28,132
20101,LA PAZ,estado nutricional en menores de 5 anos,clasificacion a y b,2003-02-01,568,142,568,142,710
70701,LAGUNILLAS,estado nutricional en menores de 5 anos,clasificacion a y b,2003-02-01,36,4,36,4,40
21202,LAJA,estado nutricional en menores de 5 anos,clasificacion a y b,2003-02-01,15,5,15,5,20
10903,LAS CARRERAS,estado nutricional en menores de 5 anos,clasificacion a y b,2003-02-01,11,7,11,7,18
21006,LICOMA PAMPA,estado nutricional en menores de 5 anos,clasificacion a y b,2003-02-01,5,0,5,0,5
50203,LLALLAGUA,estado nutricional en menores de 5 anos,clasificacion a y b,2003-02-01,0,82,0,82,82
51401,LLICA,estado nutricional en menores de 5 anos,clasificacion a y b,2003-02-01,7,2,7,2,9
80601,LORETO,estado nutricional en menores de 5 anos,clasificacion a y b,2003-02-01,3,3,3,3,6
20901,LURIBAY,estado nutricional en menores de 5 anos,clasificacion a y b,2003-02-01,3,1,3,1,4
40702,MACHACAMARCA,estado nutricional en menores de 5 anos,clasificacion a y b,2003-02-01,5,0,5,0,5
11003,MACHARETI,estado nutricional en menores de 5 anos,clasificacion a y b,2003-02-01,30,17,30,17,47
80801,MAGDALENA,estado nutricional en menores de 5 anos,clasificacion a y b,2003-02-01,26,10,26,10,36
70903,MAIRANA,estado nutricional en menores de 5 anos,clasificacion a y b,2003-02-01,38,4,38,4,42
20103,MECAPACA,estado nutricional en menores de 5 anos,clasificacion a y b,2003-02-01,1,0,1,0,1
71003,MINEROS,estado nutricional en menores de 5 anos,clasificacion a y b,2003-02-01,170,48,170,48,218
31301,MIZQUE,estado nutricional en menores de 5 anos,clasificacion a y b,2003-02-01,34,4,34,4,38
20402,MOCOMOCO,estado nutricional en menores de 5 anos,clasificacion a y b,2003-02-01,10,1,10,1,11
10303,MOJOCOYA,estado nutricional en menores de 5 anos,clasificacion a y b,2003-02-01,34,6,34,6,40
10501,MONTEAGUDO,estado nutricional en menores de 5 anos,clasificacion a y b,2003-02-01,82,20,82,20,102
71001,MONTERO,estado nutricional en menores de 5 anos,clasificacion a y b,2003-02-01,370,55,370,55,425
70803,MORO MORO,estado nutricional en menores de 5 anos,clasificacion a y b,2003-02-01,5,2,5,2,7
30302,MOROCHATA,estado nutricional en menores de 5 anos,clasificacion a y b,2003-02-01,25,5,25,5,30
90401,NACEBE (SANTA ROSA DEL ABUNA),estado nutricional en menores de 5 anos,clasificacion a y b,2003-02-01,1,0,1,0,1
20307,NAZACARA DE PACAJES,estado nutricional en menores de 5 anos,clasificacion a y b,2003-02-01,1,0,1,0,1
90501,NUEVO MANOA (NUEVA ESPERANZA),estado nutricional en menores de 5 anos,clasificacion a y b,2003-02-01,0,1,0,1,1
50404,OCURI,estado nutricional en menores de 5 anos,clasificacion a y b,2003-02-01,2,3,2,3,5
70202,OKINAWA,estado nutricional en menores de 5 anos,clasificacion a y b,2003-02-01,5,0,5,0,5
30203,OMEREQUE,estado nutricional en menores de 5 anos,clasificacion a y b,2003-02-01,0,2,0,2,2
40101,ORURO,estado nutricional en menores de 5 anos,clasificacion a y b,2003-02-01,242,70,242,70,312
60201,PADCAYA,estado nutricional en menores de 5 anos,clasificacion a y b,2003-02-01,41,22,41,22,63
10401,PADILLA,estado nutricional en menores de 5 anos,clasificacion a y b,2003-02-01,60,5,60,5,65
70502,PAILON,estado nutricional en menores de 5 anos,clasificacion a y b,2003-02-01,19,5,19,5,24
20102,PALCA,estado nutricional en menores de 5 anos,clasificacion a y b,2003-02-01,4,2,4,2,6
21104,PALOS BLANCOS,estado nutricional en menores de 5 anos,clasificacion a y b,2003-02-01,46,9,46,9,55
40802,PAMPA AULLAGAS,estado nutricional en menores de 5 anos,clasificacion a y b,2003-02-01,7,1,7,1,8
70902,PAMPA GRANDE,estado nutricional en menores de 5 anos,clasificacion a y b,2003-02-01,25,6,25,6,31
21802,PAPEL PAMPA,estado nutricional en menores de 5 anos,clasificacion a y b,2003-02-01,2,3,2,3,5
30202,PASORAPA,estado nutricional en menores de 5 anos,clasificacion a y b,2003-02-01,3,1,3,1,4
21305,PATACAMAYA,estado nutricional en menores de 5 anos,clasificacion a y b,2003-02-01,41,8,41,8,49
40602,PAZÃ‘A,estado nutricional en menores de 5 anos,clasificacion a y b,2003-02-01,1,1,1,1,2
20702,PELECHUCO,estado nutricional en menores de 5 anos,clasificacion a y b,2003-02-01,3,0,3,0,3
50403,POCOATA,estado nutricional en menores de 5 anos,clasificacion a y b,2003-02-01,14,8,14,8,22
31203,POCONA,estado nutricional en menores de 5 anos,clasificacion a y b,2003-02-01,15,2,15,2,17
31202,POJO (CBBA),estado nutricional en menores de 5 anos,clasificacion a y b,2003-02-01,85,13,85,13,98
40601,POOPO,estado nutricional en menores de 5 anos,clasificacion a y b,2003-02-01,3,2,3,2,5
51203,PORCO,estado nutricional en menores de 5 anos,clasificacion a y b,2003-02-01,16,2,16,2,18
10103,POROMA,estado nutricional en menores de 5 anos,clasificacion a y b,2003-02-01,44,9,44,9,53
70103,PORONGO,estado nutricional en menores de 5 anos,clasificacion a y b,2003-02-01,7,10,7,10,17
70601,PORTACHUELO,estado nutricional en menores de 5 anos,clasificacion a y b,2003-02-01,98,24,98,24,122
90102,PORVENIR,estado nutricional en menores de 5 anos,clasificacion a y b,2003-02-01,8,5,8,5,13
70804,POSTRER VALLE,estado nutricional en menores de 5 anos,clasificacion a y b,2003-02-01,8,13,8,13,21
50101,POTOSI,estado nutricional en menores de 5 anos,clasificacion a y b,2003-02-01,134,6,134,6,140
10302,PRESTO,estado nutricional en menores de 5 anos,clasificacion a y b,2003-02-01,26,13,26,13,39
21201,PUCARANI,estado nutricional en menores de 5 anos,clasificacion a y b,2003-02-01,24,6,24,6,30
20401,PUERTO ACOSTA,estado nutricional en menores de 5 anos,clasificacion a y b,2003-02-01,41,43,41,43,84
20403,PUERTO CARABUCO,estado nutricional en menores de 5 anos,clasificacion a y b,2003-02-01,21,1,21,1,22
90301,PUERTO GONZALO MORENO,estado nutricional en menores de 5 anos,clasificacion a y b,2003-02-01,6,6,6,6,12
21204,PUERTO PEREZ,estado nutricional en menores de 5 anos,clasificacion a y b,2003-02-01,12,1,12,1,13
71402,PUERTO QUIJARRO,estado nutricional en menores de 5 anos,clasificacion a y b,2003-02-01,41,3,41,3,44
90201,PUERTO RICO,estado nutricional en menores de 5 anos,clasificacion a y b,2003-02-01,5,1,5,1,6
80703,PUERTO SILES,estado nutricional en menores de 5 anos,clasificacion a y b,2003-02-01,0,1,0,1,1
71401,PUERTO SUAREZ,estado nutricional en menores de 5 anos,clasificacion a y b,2003-02-01,48,7,48,7,55
31205,PUERTO VILLARROEL,estado nutricional en menores de 5 anos,clasificacion a y b,2003-02-01,169,53,169,53,222
51101,PUNA,estado nutricional en menores de 5 anos,clasificacion a y b,2003-02-01,26,1,26,1,27
31401,PUNATA,estado nutricional en menores de 5 anos,clasificacion a y b,2003-02-01,37,6,37,6,43
30901,QUILLACOLLO,estado nutricional en menores de 5 anos,clasificacion a y b,2003-02-01,87,54,87,54,141
21002,QUIME,estado nutricional en menores de 5 anos,clasificacion a y b,2003-02-01,12,2,12,2,14
70904,QUIRUSILLAS,estado nutricional en menores de 5 anos,clasificacion a y b,2003-02-01,1,0,1,0,1
50402,RAVELO,estado nutricional en menores de 5 anos,clasificacion a y b,2003-02-01,15,1,15,1,16
80301,REYES,estado nutricional en menores de 5 anos,clasificacion a y b,2003-02-01,36,7,36,7,43
80201,RIBERALTA,estado nutricional en menores de 5 anos,clasificacion a y b,2003-02-01,169,20,169,20,189
70503,ROBORE,estado nutricional en menores de 5 anos,clasificacion a y b,2003-02-01,22,19,22,19,41
80304,RURRENABAQUE,estado nutricional en menores de 5 anos,clasificacion a y b,2003-02-01,2,1,2,1,3
40901,SABAYA,estado nutricional en menores de 5 anos,clasificacion a y b,2003-02-01,3,3,3,3,6
31001,SACABA,estado nutricional en menores de 5 anos,clasificacion a y b,2003-02-01,53,52,53,52,105
30404,SACABAMBA,estado nutricional en menores de 5 anos,clasificacion a y b,2003-02-01,3,0,3,0,3
50701,SACACA,estado nutricional en menores de 5 anos,clasificacion a y b,2003-02-01,7,2,7,2,9
71302,SAIPINA,estado nutricional en menores de 5 anos,clasificacion a y b,2003-02-01,50,34,50,34,84
40801,SALINAS DE GARCI MENDOZA,estado nutricional en menores de 5 anos,clasificacion a y b,2003-02-01,4,2,4,2,6
70901,SAMAIPATA,estado nutricional en menores de 5 anos,clasificacion a y b,2003-02-01,23,2,23,2,25
51601,SAN AGUSTIN,estado nutricional en menores de 5 anos,clasificacion a y b,2003-02-01,5,0,5,0,5
80602,SAN ANDRES,estado nutricional en menores de 5 anos,clasificacion a y b,2003-02-01,12,0,12,0,12
51003,SAN ANTONIO DE ESMORUCO,estado nutricional en menores de 5 anos,clasificacion a y b,2003-02-01,0,1,0,1,1
71105,SAN ANTONIO DE LOMERIO,estado nutricional en menores de 5 anos,clasificacion a y b,2003-02-01,16,7,16,7,23
31403,SAN BENITO,estado nutricional en menores de 5 anos,clasificacion a y b,2003-02-01,13,3,13,3,16
80302,SAN BORJA,estado nutricional en menores de 5 anos,clasificacion a y b,2003-02-01,85,10,85,10,95
21502,SAN BUENA VENTURA,estado nutricional en menores de 5 anos,clasificacion a y b,2003-02-01,31,9,31,9,40
70402,SAN CARLOS,estado nutricional en menores de 5 anos,clasificacion a y b,2003-02-01,42,11,42,11,53
80501,SAN IGNACIO,estado nutricional en menores de 5 anos,clasificacion a y b,2003-02-01,47,19,47,19,66
70301,SAN IGNACIO DE VELASCO,estado nutricional en menores de 5 anos,clasificacion a y b,2003-02-01,148,17,148,17,165
80102,SAN JAVIER(BNI),estado nutricional en menores de 5 anos,clasificacion a y b,2003-02-01,4,1,4,1,5
71102,SAN JAVIER(STC),estado nutricional en menores de 5 anos,clasificacion a y b,2003-02-01,29,1,29,1,30
80701,SAN JOAQUIN,estado nutricional en menores de 5 anos,clasificacion a y b,2003-02-01,8,3,8,3,11
70501,SAN JOSE DE CHIQUITOS,estado nutricional en menores de 5 anos,clasificacion a y b,2003-02-01,16,3,16,3,19
71104,SAN JULIAN,estado nutricional en menores de 5 anos,clasificacion a y b,2003-02-01,164,52,164,52,216
90302,SAN LORENZO(PND),estado nutricional en menores de 5 anos,clasificacion a y b,2003-02-01,10,1,10,1,11
60501,SAN LORENZO(TJA),estado nutricional en menores de 5 anos,clasificacion a y b,2003-02-01,13,4,13,4,17
10702,SAN LUCAS,estado nutricional en menores de 5 anos,clasificacion a y b,2003-02-01,50,1,50,1,51
71201,SAN MATIAS,estado nutricional en menores de 5 anos,clasificacion a y b,2003-02-01,4,0,4,0,4
70302,SAN MIGUEL DE VELASCO,estado nutricional en menores de 5 anos,clasificacion a y b,2003-02-01,7,6,7,6,13
50501,SAN PEDRO DE BUENA VISTA,estado nutricional en menores de 5 anos,clasificacion a y b,2003-02-01,14,9,14,9,23
21801,SAN PEDRO DE CURAHUARA,estado nutricional en menores de 5 anos,clasificacion a y b,2003-02-01,5,0,5,0,5
21702,SAN PEDRO DE TIQUINA,estado nutricional en menores de 5 anos,clasificacion a y b,2003-02-01,5,1,5,1,6
70303,SAN RAFAEL,estado nutricional en menores de 5 anos,clasificacion a y b,2003-02-01,13,1,13,1,14
80702,SAN RAMON,estado nutricional en menores de 5 anos,clasificacion a y b,2003-02-01,18,14,18,14,32
80702,SAN RAMON,estado nutricional en menores de 5 anos,clasificacion a y b,2003-02-01,7,3,7,3,10
80401,SANTA ANA,estado nutricional en menores de 5 anos,clasificacion a y b,2003-02-01,5,0,5,0,5
70101,SANTA CRUZ DE LA SIERRA,estado nutricional en menores de 5 anos,clasificacion a y b,2003-02-01,1573,657,1573,657,2230
80303,SANTA ROSA,estado nutricional en menores de 5 anos,clasificacion a y b,2003-02-01,8,7,8,7,15
70602,SANTA ROSA DEL SARA,estado nutricional en menores de 5 anos,clasificacion a y b,2003-02-01,12,21,12,21,33
20308,SANTIAGO DE CALLAPA,estado nutricional en menores de 5 anos,clasificacion a y b,2003-02-01,1,2,1,2,3
41401,SANTIAGO DE HUARI,estado nutricional en menores de 5 anos,clasificacion a y b,2003-02-01,2,2,2,2,4
21901,SANTIAGO DE MACHACA,estado nutricional en menores de 5 anos,clasificacion a y b,2003-02-01,2,0,2,0,2
30702,SANTIVAÃ‘ES,estado nutricional en menores de 5 anos,clasificacion a y b,2003-02-01,5,1,5,1,6
40202,SANTUARIO DE QUILLACAS,estado nutricional en menores de 5 anos,clasificacion a y b,2003-02-01,4,2,4,2,6
20902,SAPAHAQUI,estado nutricional en menores de 5 anos,clasificacion a y b,2003-02-01,10,1,10,1,11
90303,SENA,estado nutricional en menores de 5 anos,clasificacion a y b,2003-02-01,4,1,4,1,5
21301,SICA SICA (VILLA AROMA),estado nutricional en menores de 5 anos,clasificacion a y b,2003-02-01,11,3,11,3,14
30902,SIPE SIPE,estado nutricional en menores de 5 anos,clasificacion a y b,2003-02-01,73,8,73,8,81
10403,SOPACHUY,estado nutricional en menores de 5 anos,clasificacion a y b,2003-02-01,18,1,18,1,19
20601,SORATA,estado nutricional en menores de 5 anos,clasificacion a y b,2003-02-01,30,5,30,5,35
10101,SUCRE,estado nutricional en menores de 5 anos,clasificacion a y b,2003-02-01,404,145,404,145,549
50303,TACOBAMBA,estado nutricional en menores de 5 anos,clasificacion a y b,2003-02-01,11,2,11,2,13
30602,TACOPAYA,estado nutricional en menores de 5 anos,clasificacion a y b,2003-02-01,2,1,2,1,3
51402,TAHUA,estado nutricional en menores de 5 anos,clasificacion a y b,2003-02-01,3,0,3,0,3
31101,TAPACARI,estado nutricional en menores de 5 anos,clasificacion a y b,2003-02-01,15,6,15,6,21
10601,TARABUCO,estado nutricional en menores de 5 anos,clasificacion a y b,2003-02-01,42,2,42,2,44
30401,TARATA,estado nutricional en menores de 5 anos,clasificacion a y b,2003-02-01,7,1,7,1,8
60101,TARIJA,estado nutricional en menores de 5 anos,clasificacion a y b,2003-02-01,370,153,370,153,523
10202,TARVITA,estado nutricional en menores de 5 anos,clasificacion a y b,2003-02-01,27,9,27,9,36
20803,TIAWANACU,estado nutricional en menores de 5 anos,clasificacion a y b,2003-02-01,14,5,14,5,19
50102,TINGUIPAYA,estado nutricional en menores de 5 anos,clasificacion a y b,2003-02-01,11,0,11,0,11
20606,TIPUANI,estado nutricional en menores de 5 anos,clasificacion a y b,2003-02-01,9,0,9,0,9
30903,TIQUIPAYA,estado nutricional en menores de 5 anos,clasificacion a y b,2003-02-01,10,1,10,1,11
31601,TIRAQUE (CBBA),estado nutricional en menores de 5 anos,clasificacion a y b,2003-02-01,95,42,95,42,137
30802,TOCO,estado nutricional en menores de 5 anos,clasificacion a y b,2003-02-01,1,0,1,0,1
30803,TOLATA,estado nutricional en menores de 5 anos,clasificacion a y b,2003-02-01,8,4,8,4,12
41001,TOLEDO,estado nutricional en menores de 5 anos,clasificacion a y b,2003-02-01,0,1,0,1,1
51202,TOMAVE,estado nutricional en menores de 5 anos,clasificacion a y b,2003-02-01,23,12,23,12,35
10402,TOMINA,estado nutricional en menores de 5 anos,clasificacion a y b,2003-02-01,32,5,32,5,37
50502,TORO TORO,estado nutricional en menores de 5 anos,clasificacion a y b,2003-02-01,12,2,12,2,14
31201,TOTORA(CBBA),estado nutricional en menores de 5 anos,clasificacion a y b,2003-02-01,11,3,11,3,14
41301,TOTORA(ORR),estado nutricional en menores de 5 anos,clasificacion a y b,2003-02-01,4,5,4,5,9
70802,TRIGAL,estado nutricional en menores de 5 anos,clasificacion a y b,2003-02-01,3,1,3,1,4
80101,TRINIDAD,estado nutricional en menores de 5 anos,clasificacion a y b,2003-02-01,129,87,129,87,216
50801,TUPIZA,estado nutricional en menores de 5 anos,clasificacion a y b,2003-02-01,41,57,41,57,98
40402,TURCO,estado nutricional en menores de 5 anos,clasificacion a y b,2003-02-01,3,0,3,0,3
21302,UMALA,estado nutricional en menores de 5 anos,clasificacion a y b,2003-02-01,5,0,5,0,5
50201,UNCIA,estado nutricional en menores de 5 anos,clasificacion a y b,2003-02-01,0,2,0,2,2
60401,URIONDO (A. CONCEPCION),estado nutricional en menores de 5 anos,clasificacion a y b,2003-02-01,76,12,76,12,88
71502,URUBICHA,estado nutricional en menores de 5 anos,clasificacion a y b,2003-02-01,19,9,19,9,28
51201,UYUNI,estado nutricional en menores de 5 anos,clasificacion a y b,2003-02-01,29,2,29,2,31
30502,VACAS,estado nutricional en menores de 5 anos,clasificacion a y b,2003-02-01,3,0,3,0,3
70801,VALLEGRANDE,estado nutricional en menores de 5 anos,clasificacion a y b,2003-02-01,38,17,38,17,55
20801,VIACHA,estado nutricional en menores de 5 anos,clasificacion a y b,2003-02-01,46,37,46,37,83
31302,VILA VILA,estado nutricional en menores de 5 anos,clasificacion a y b,2003-02-01,2,0,2,0,2
60303,VILLA MONTES,estado nutricional en menores de 5 anos,clasificacion a y b,2003-02-01,68,23,68,23,91
31402,VILLA RIVERO,estado nutricional en menores de 5 anos,clasificacion a y b,2003-02-01,14,0,14,0,14
10801,VILLA SERRANO,estado nutricional en menores de 5 anos,clasificacion a y b,2003-02-01,24,2,24,2,26
31003,VILLA TUNARI,estado nutricional en menores de 5 anos,clasificacion a y b,2003-02-01,130,62,130,62,192
11001,VILLA VACA GUZMAN (MUYUPAMPA),estado nutricional en menores de 5 anos,clasificacion a y b,2003-02-01,41,11,41,11,52
51501,VILLAZON,estado nutricional en menores de 5 anos,clasificacion a y b,2003-02-01,67,8,67,8,75
50602,VITICHI,estado nutricional en menores de 5 anos,clasificacion a y b,2003-02-01,21,13,21,13,34
20306,WALDO BALLIVIAN,estado nutricional en menores de 5 anos,clasificacion a y b,2003-02-01,1,0,1,0,1
70201,WARNES,estado nutricional en menores de 5 anos,clasificacion a y b,2003-02-01,89,29,89,29,118
20903,YACO,estado nutricional en menores de 5 anos,clasificacion a y b,2003-02-01,3,2,3,2,5
60301,YACUIBA,estado nutricional en menores de 5 anos,clasificacion a y b,2003-02-01,121,24,121,24,145
10602,YAMPARAEZ,estado nutricional en menores de 5 anos,clasificacion a y b,2003-02-01,26,1,26,1,27
21103,YANACACHI,estado nutricional en menores de 5 anos,clasificacion a y b,2003-02-01,5,1,5,1,6
70403,YAPACANI,estado nutricional en menores de 5 anos,clasificacion a y b,2003-02-01,148,18,148,18,166
50103,YOCALLA,estado nutricional en menores de 5 anos,clasificacion a y b,2003-02-01,6,0,6,0,6
10102,YOTALA,estado nutricional en menores de 5 anos,clasificacion a y b,2003-02-01,43,9,43,9,52
60402,YUNCHARA,estado nutricional en menores de 5 anos,clasificacion a y b,2003-02-01,5,7,5,7,12
10301,ZUDAÃ‘EZ,estado nutricional en menores de 5 anos,clasificacion a y b,2003-02-01,11,8,11,8,19
51302,ACACIO,estado nutricional en menores de 5 anos,clasificacion a y b,2003-03-01,6,0,6,0,6
20201,ACHACACHI,estado nutricional en menores de 5 anos,clasificacion a y b,2003-03-01,56,15,56,15,71
20104,ACHOCALLA,estado nutricional en menores de 5 anos,clasificacion a y b,2003-03-01,5,2,5,2,7
30201,AIQUILE,estado nutricional en menores de 5 anos,clasificacion a y b,2003-03-01,15,3,15,3,18
31303,ALALAY,estado nutricional en menores de 5 anos,clasificacion a y b,2003-03-01,5,1,5,1,6
10404,ALCALA,estado nutricional en menores de 5 anos,clasificacion a y b,2003-03-01,7,6,7,6,13
20202,ANCORAIMES,estado nutricional en menores de 5 anos,clasificacion a y b,2003-03-01,14,3,14,3,17
41201,ANDAMARCA,estado nutricional en menores de 5 anos,clasificacion a y b,2003-03-01,2,1,2,1,3
40603,ANTEQUERA,estado nutricional en menores de 5 anos,clasificacion a y b,2003-03-01,1,0,1,0,1
30402,ANZALDO,estado nutricional en menores de 5 anos,clasificacion a y b,2003-03-01,1,4,1,4,5
20701,APOLO,estado nutricional en menores de 5 anos,clasificacion a y b,2003-03-01,22,11,22,11,33
51301,ARAMPAMPA,estado nutricional en menores de 5 anos,clasificacion a y b,2003-03-01,18,4,18,4,22
30501,ARANI,estado nutricional en menores de 5 anos,clasificacion a y b,2003-03-01,3,9,3,9,12
30403,ARBIETO,estado nutricional en menores de 5 anos,clasificacion a y b,2003-03-01,2,2,2,2,4
30601,ARQUE,estado nutricional en menores de 5 anos,clasificacion a y b,2003-03-01,7,2,7,2,9
71501,ASCENCION DE GUARAYOS,estado nutricional en menores de 5 anos,clasificacion a y b,2003-03-01,1,1,1,1,2
50802,ATOCHA,estado nutricional en menores de 5 anos,clasificacion a y b,2003-03-01,5,26,5,26,31
20503,AUCAPATA,estado nutricional en menores de 5 anos,clasificacion a y b,2003-03-01,8,0,8,0,8
20502,AYATA,estado nutricional en menores de 5 anos,clasificacion a y b,2003-03-01,1,0,1,0,1
21303,AYO AYO,estado nutricional en menores de 5 anos,clasificacion a y b,2003-03-01,12,1,12,1,13
30301,AYOPAYA (V. DE INDEPENDENCIA),estado nutricional en menores de 5 anos,clasificacion a y b,2003-03-01,35,29,35,29,64
10201,AZURDUY,estado nutricional en menores de 5 anos,clasificacion a y b,2003-03-01,29,8,29,8,37
21203,BATALLAS,estado nutricional en menores de 5 anos,clasificacion a y b,2003-03-01,24,14,24,14,38
80802,BAURES,estado nutricional en menores de 5 anos,clasificacion a y b,2003-03-01,12,2,12,2,14
50104,BELEN DE URMIRI,estado nutricional en menores de 5 anos,clasificacion a y b,2003-03-01,1,1,1,1,2
90104,BELLA FLOR,estado nutricional en menores de 5 anos,clasificacion a y b,2003-03-01,5,1,5,1,6
60202,BERMEJO,estado nutricional en menores de 5 anos,clasificacion a y b,2003-03-01,23,34,23,34,57
50301,BETANZOS,estado nutricional en menores de 5 anos,clasificacion a y b,2003-03-01,48,8,48,8,56
31501,BOLIVAR,estado nutricional en menores de 5 anos,clasificacion a y b,2003-03-01,9,3,9,3,12
70707,BOYUIBE,estado nutricional en menores de 5 anos,clasificacion a y b,2003-03-01,21,6,21,6,27
70401,BUENA VISTA,estado nutricional en menores de 5 anos,clasificacion a y b,2003-03-01,64,16,64,16,80
70703,CABEZAS,estado nutricional en menores de 5 anos,clasificacion a y b,2003-03-01,16,3,16,3,19
20905,CAIROMA,estado nutricional en menores de 5 anos,clasificacion a y b,2003-03-01,1,3,1,3,4
51102,"CAIZA ""D""",estado nutricional en menores de 5 anos,clasificacion a y b,2003-03-01,22,3,22,3,25
21003,CAJUATA,estado nutricional en menores de 5 anos,clasificacion a y b,2003-03-01,16,1,16,1,17
20303,CALACOTO,estado nutricional en menores de 5 anos,clasificacion a y b,2003-03-01,3,2,3,2,5
21304,CALAMARCA,estado nutricional en menores de 5 anos,clasificacion a y b,2003-03-01,13,3,13,3,16
10701,CAMARGO,estado nutricional en menores de 5 anos,clasificacion a y b,2003-03-01,18,5,18,5,23
10901,CAMATAQUI (C. VILLA ABECIA),estado nutricional en menores de 5 anos,clasificacion a y b,2003-03-01,5,3,5,3,8
70706,CAMIRI,estado nutricional en menores de 5 anos,clasificacion a y b,2003-03-01,108,19,108,19,127
30701,CAPINOTA,estado nutricional en menores de 5 anos,clasificacion a y b,2003-03-01,1,8,1,8,9
20302,CAQUIAVIRI,estado nutricional en menores de 5 anos,clasificacion a y b,2003-03-01,5,3,5,3,8
40102,CARACOLLO,estado nutricional en menores de 5 anos,clasificacion a y b,2003-03-01,22,8,22,8,30
22001,CARANAVI,estado nutricional en menores de 5 anos,clasificacion a y b,2003-03-01,121,29,121,29,150
41503,CARANGAS,estado nutricional en menores de 5 anos,clasificacion a y b,2003-03-01,1,0,1,0,1
60302,CARAPARI,estado nutricional en menores de 5 anos,clasificacion a y b,2003-03-01,36,4,36,4,40
50702,CARIPUYO,estado nutricional en menores de 5 anos,clasificacion a y b,2003-03-01,7,0,7,0,7
40201,CHALLAPATA,estado nutricional en menores de 5 anos,clasificacion a y b,2003-03-01,11,9,11,9,20
50302,CHAQUI,estado nutricional en menores de 5 anos,clasificacion a y b,2003-03-01,28,6,28,6,34
70702,CHARAGUA,estado nutricional en menores de 5 anos,clasificacion a y b,2003-03-01,66,18,66,18,84
20305,CHARAÃ‘A,estado nutricional en menores de 5 anos,clasificacion a y b,2003-03-01,1,0,1,0,1
50202,CHAYANTA,estado nutricional en menores de 5 anos,clasificacion a y b,2003-03-01,22,2,22,2,24
31204,CHIMORE,estado nutricional en menores de 5 anos,clasificacion a y b,2003-03-01,25,13,25,13,38
40302,CHOQUE COTA,estado nutricional en menores de 5 anos,clasificacion a y b,2003-03-01,3,0,3,0,3
21101,CHULUMANI (V. DE LA LIBERTAD),estado nutricional en menores de 5 anos,clasificacion a y b,2003-03-01,14,4,14,4,18
20501,CHUMA,estado nutricional en menores de 5 anos,clasificacion a y b,2003-03-01,11,2,11,2,13
30801,CLIZA,estado nutricional en menores de 5 anos,clasificacion a y b,2003-03-01,6,2,6,2,8
90101,COBIJA,estado nutricional en menores de 5 anos,clasificacion a y b,2003-03-01,84,8,84,8,92
30101,COCHABAMBA,estado nutricional en menores de 5 anos,clasificacion a y b,2003-03-01,2256,359,2256,359,2615
40902,COIPASA,estado nutricional en menores de 5 anos,clasificacion a y b,2003-03-01,1,1,1,1,2
30905,COLCAPIRHUA,estado nutricional en menores de 5 anos,clasificacion a y b,2003-03-01,4,0,4,0,4
50901,"COLCHA ""K""",estado nutricional en menores de 5 anos,clasificacion a y b,2003-03-01,13,10,13,10,23
31002,COLOMI,estado nutricional en menores de 5 anos,clasificacion a y b,2003-03-01,46,12,46,12,58
50401,COLQUECHACA,estado nutricional en menores de 5 anos,clasificacion a y b,2003-03-01,43,9,43,9,52
21306,COLQUENCHA,estado nutricional en menores de 5 anos,clasificacion a y b,2003-03-01,14,5,14,5,19
21004,COLQUIRI,estado nutricional en menores de 5 anos,clasificacion a y b,2003-03-01,16,3,16,3,19
71301,COMARAPA,estado nutricional en menores de 5 anos,clasificacion a y b,2003-03-01,79,7,79,7,86
71101,CONCEPCION,estado nutricional en menores de 5 anos,clasificacion a y b,2003-03-01,6,7,6,7,13
21701,COPACABANA,estado nutricional en menores de 5 anos,clasificacion a y b,2003-03-01,13,1,13,1,14
21402,CORIPATA,estado nutricional en menores de 5 anos,clasificacion a y b,2003-03-01,52,13,52,13,65
20301,CORO CORO,estado nutricional en menores de 5 anos,clasificacion a y b,2003-03-01,6,3,6,3,9
21401,COROICO,estado nutricional en menores de 5 anos,clasificacion a y b,2003-03-01,5,1,5,1,6
40301,CORQUE,estado nutricional en menores de 5 anos,clasificacion a y b,2003-03-01,6,0,6,0,6
50601,COTAGAITA,estado nutricional en menores de 5 anos,clasificacion a y b,2003-03-01,23,3,23,3,26
70102,COTOCA,estado nutricional en menores de 5 anos,clasificacion a y b,2003-03-01,30,1,30,1,31
70704,CUEVO,estado nutricional en menores de 5 anos,clasificacion a y b,2003-03-01,13,1,13,1,14
10902,CULPINA,estado nutricional en menores de 5 anos,clasificacion a y b,2003-03-01,42,24,42,24,66
40401,CURAHUARA DE CARANGAS,estado nutricional en menores de 5 anos,clasificacion a y b,2003-03-01,2,0,2,0,2
21602,CURVA,estado nutricional en menores de 5 anos,clasificacion a y b,2003-03-01,5,0,5,0,5
20804,DESAGUADERO,estado nutricional en menores de 5 anos,clasificacion a y b,2003-03-01,4,8,4,8,12
20105,EL ALTO,estado nutricional en menores de 5 anos,clasificacion a y b,2003-03-01,539,99,539,99,638
40103,EL CHORO,estado nutricional en menores de 5 anos,clasificacion a y b,2003-03-01,8,0,8,0,8
71503,EL PUENTE(STC),estado nutricional en menores de 5 anos,clasificacion a y b,2003-03-01,9,16,9,16,25
60502,EL PUENTE(TJA),estado nutricional en menores de 5 anos,clasificacion a y b,2003-03-01,6,1,6,1,7
70105,EL TORNO,estado nutricional en menores de 5 anos,clasificacion a y b,2003-03-01,119,30,119,30,149
10405,EL VILLAR,estado nutricional en menores de 5 anos,clasificacion a y b,2003-03-01,9,1,9,1,10
60601,ENTRE RIOS,estado nutricional en menores de 5 anos,clasificacion a y b,2003-03-01,49,16,49,16,65
41101,EUCALIPTUS,estado nutricional en menores de 5 anos,clasificacion a y b,2003-03-01,10,5,10,5,15
90503,EUREKA (SANTOS MERCADO),estado nutricional en menores de 5 anos,clasificacion a y b,2003-03-01,1,3,1,3,4
80402,EXALTACION,estado nutricional en menores de 5 anos,clasificacion a y b,2003-03-01,0,21,0,21,21
90203,FILADELFIA,estado nutricional en menores de 5 anos,clasificacion a y b,2003-03-01,0,1,0,1,1
71002,GENERAL SAAVEDRA,estado nutricional en menores de 5 anos,clasificacion a y b,2003-03-01,73,24,73,24,97
21601,GRAL. J.J. PEREZ (CHARAZANI),estado nutricional en menores de 5 anos,clasificacion a y b,2003-03-01,12,7,12,7,19
20602,GUANAY,estado nutricional en menores de 5 anos,clasificacion a y b,2003-03-01,67,10,67,10,77
20802,GUAQUI,estado nutricional en menores de 5 anos,clasificacion a y b,2003-03-01,7,0,7,0,7
80202,GUAYARAMERIN,estado nutricional en menores de 5 anos,clasificacion a y b,2003-03-01,160,12,160,12,172
70705,GUTIERREZ,estado nutricional en menores de 5 anos,clasificacion a y b,2003-03-01,72,21,72,21,93
10502,HUACARETA,estado nutricional en menores de 5 anos,clasificacion a y b,2003-03-01,29,11,29,11,40
11002,HUACAYA (VILLA DE HUACAYA),estado nutricional en menores de 5 anos,clasificacion a y b,2003-03-01,4,0,4,0,4
40701,HUANUNI,estado nutricional en menores de 5 anos,clasificacion a y b,2003-03-01,44,12,44,12,56
80803,HUARACAJE,estado nutricional en menores de 5 anos,clasificacion a y b,2003-03-01,7,4,7,4,11
21005,ICHOCA,estado nutricional en menores de 5 anos,clasificacion a y b,2003-03-01,8,7,8,7,15
10304,ICLA,estado nutricional en menores de 5 anos,clasificacion a y b,2003-03-01,19,1,19,1,20
10703,INCAHUASI,estado nutricional en menores de 5 anos,clasificacion a y b,2003-03-01,35,2,35,2,37
90402,INGAVI (HUMAITA),estado nutricional en menores de 5 anos,clasificacion a y b,2003-03-01,4,0,4,0,4
21001,INQUISIVI,estado nutricional en menores de 5 anos,clasificacion a y b,2003-03-01,38,7,38,7,45
21102,IRUPANA (VILLA DE LANZA),estado nutricional en menores de 5 anos,clasificacion a y b,2003-03-01,14,12,14,12,26
21501,IXIAMAS,estado nutricional en menores de 5 anos,clasificacion a y b,2003-03-01,23,4,23,4,27
21105,LA ASUNTA,estado nutricional en menores de 5 anos,clasificacion a y b,2003-03-01,62,6,62,6,68
70104,LA GUARDIA,estado nutricional en menores de 5 anos,clasificacion a y b,2003-03-01,112,40,112,40,152
20101,LA PAZ,estado nutricional en menores de 5 anos,clasificacion a y b,2003-03-01,594,192,594,192,786
41501,LA RIVERA,estado nutricional en menores de 5 anos,clasificacion a y b,2003-03-01,1,0,1,0,1
70701,LAGUNILLAS,estado nutricional en menores de 5 anos,clasificacion a y b,2003-03-01,36,20,36,20,56
21202,LAJA,estado nutricional en menores de 5 anos,clasificacion a y b,2003-03-01,12,0,12,0,12
10903,LAS CARRERAS,estado nutricional en menores de 5 anos,clasificacion a y b,2003-03-01,9,2,9,2,11
21006,LICOMA PAMPA,estado nutricional en menores de 5 anos,clasificacion a y b,2003-03-01,4,0,4,0,4
50203,LLALLAGUA,estado nutricional en menores de 5 anos,clasificacion a y b,2003-03-01,21,68,21,68,89
51401,LLICA,estado nutricional en menores de 5 anos,clasificacion a y b,2003-03-01,11,1,11,1,12
80601,LORETO,estado nutricional en menores de 5 anos,clasificacion a y b,2003-03-01,9,2,9,2,11
20901,LURIBAY,estado nutricional en menores de 5 anos,clasificacion a y b,2003-03-01,5,5,5,5,10
40702,MACHACAMARCA,estado nutricional en menores de 5 anos,clasificacion a y b,2003-03-01,1,1,1,1,2
11003,MACHARETI,estado nutricional en menores de 5 anos,clasificacion a y b,2003-03-01,32,12,32,12,44
80801,MAGDALENA,estado nutricional en menores de 5 anos,clasificacion a y b,2003-03-01,15,4,15,4,19
70903,MAIRANA,estado nutricional en menores de 5 anos,clasificacion a y b,2003-03-01,51,4,51,4,55
20103,MECAPACA,estado nutricional en menores de 5 anos,clasificacion a y b,2003-03-01,6,1,6,1,7
71003,MINEROS,estado nutricional en menores de 5 anos,clasificacion a y b,2003-03-01,212,37,212,37,249
31301,MIZQUE,estado nutricional en menores de 5 anos,clasificacion a y b,2003-03-01,13,2,13,2,15
20402,MOCOMOCO,estado nutricional en menores de 5 anos,clasificacion a y b,2003-03-01,14,2,14,2,16
10303,MOJOCOYA,estado nutricional en menores de 5 anos,clasificacion a y b,2003-03-01,25,4,25,4,29
10501,MONTEAGUDO,estado nutricional en menores de 5 anos,clasificacion a y b,2003-03-01,87,22,87,22,109
71001,MONTERO,estado nutricional en menores de 5 anos,clasificacion a y b,2003-03-01,311,80,311,80,391
70803,MORO MORO,estado nutricional en menores de 5 anos,clasificacion a y b,2003-03-01,6,0,6,0,6
30302,MOROCHATA,estado nutricional en menores de 5 anos,clasificacion a y b,2003-03-01,54,5,54,5,59
90401,NACEBE (SANTA ROSA DEL ABUNA),estado nutricional en menores de 5 anos,clasificacion a y b,2003-03-01,1,1,1,1,2
20307,NAZACARA DE PACAJES,estado nutricional en menores de 5 anos,clasificacion a y b,2003-03-01,2,0,2,0,2
90501,NUEVO MANOA (NUEVA ESPERANZA),estado nutricional en menores de 5 anos,clasificacion a y b,2003-03-01,1,0,1,0,1
50404,OCURI,estado nutricional en menores de 5 anos,clasificacion a y b,2003-03-01,10,7,10,7,17
70202,OKINAWA,estado nutricional en menores de 5 anos,clasificacion a y b,2003-03-01,12,3,12,3,15
30203,OMEREQUE,estado nutricional en menores de 5 anos,clasificacion a y b,2003-03-01,1,4,1,4,5
40101,ORURO,estado nutricional en menores de 5 anos,clasificacion a y b,2003-03-01,257,80,257,80,337
60201,PADCAYA,estado nutricional en menores de 5 anos,clasificacion a y b,2003-03-01,50,51,50,51,101
10401,PADILLA,estado nutricional en menores de 5 anos,clasificacion a y b,2003-03-01,65,6,65,6,71
70502,PAILON,estado nutricional en menores de 5 anos,clasificacion a y b,2003-03-01,19,4,19,4,23
20102,PALCA,estado nutricional en menores de 5 anos,clasificacion a y b,2003-03-01,9,2,9,2,11
21104,PALOS BLANCOS,estado nutricional en menores de 5 anos,clasificacion a y b,2003-03-01,38,11,38,11,49
40802,PAMPA AULLAGAS,estado nutricional en menores de 5 anos,clasificacion a y b,2003-03-01,5,0,5,0,5
70902,PAMPA GRANDE,estado nutricional en menores de 5 anos,clasificacion a y b,2003-03-01,23,1,23,1,24
21802,PAPEL PAMPA,estado nutricional en menores de 5 anos,clasificacion a y b,2003-03-01,5,1,5,1,6
30202,PASORAPA,estado nutricional en menores de 5 anos,clasificacion a y b,2003-03-01,9,1,9,1,10
21305,PATACAMAYA,estado nutricional en menores de 5 anos,clasificacion a y b,2003-03-01,28,8,28,8,36
40602,PAZÃ‘A,estado nutricional en menores de 5 anos,clasificacion a y b,2003-03-01,4,0,4,0,4
20702,PELECHUCO,estado nutricional en menores de 5 anos,clasificacion a y b,2003-03-01,4,0,4,0,4
50403,POCOATA,estado nutricional en menores de 5 anos,clasificacion a y b,2003-03-01,29,9,29,9,38
31203,POCONA,estado nutricional en menores de 5 anos,clasificacion a y b,2003-03-01,8,6,8,6,14
31202,POJO (CBBA),estado nutricional en menores de 5 anos,clasificacion a y b,2003-03-01,70,27,70,27,97
40601,POOPO,estado nutricional en menores de 5 anos,clasificacion a y b,2003-03-01,1,4,1,4,5
51203,PORCO,estado nutricional en menores de 5 anos,clasificacion a y b,2003-03-01,26,5,26,5,31
10103,POROMA,estado nutricional en menores de 5 anos,clasificacion a y b,2003-03-01,52,7,52,7,59
70103,PORONGO,estado nutricional en menores de 5 anos,clasificacion a y b,2003-03-01,5,3,5,3,8
70601,PORTACHUELO,estado nutricional en menores de 5 anos,clasificacion a y b,2003-03-01,106,30,106,30,136
70804,POSTRER VALLE,estado nutricional en menores de 5 anos,clasificacion a y b,2003-03-01,7,6,7,6,13
50101,POTOSI,estado nutricional en menores de 5 anos,clasificacion a y b,2003-03-01,142,12,142,12,154
10302,PRESTO,estado nutricional en menores de 5 anos,clasificacion a y b,2003-03-01,17,1,17,1,18
70805,PUCARA,estado nutricional en menores de 5 anos,clasificacion a y b,2003-03-01,3,0,3,0,3
21201,PUCARANI,estado nutricional en menores de 5 anos,clasificacion a y b,2003-03-01,14,8,14,8,22
20401,PUERTO ACOSTA,estado nutricional en menores de 5 anos,clasificacion a y b,2003-03-01,43,37,43,37,80
20403,PUERTO CARABUCO,estado nutricional en menores de 5 anos,clasificacion a y b,2003-03-01,11,1,11,1,12
90301,PUERTO GONZALO MORENO,estado nutricional en menores de 5 anos,clasificacion a y b,2003-03-01,1,0,1,0,1
21204,PUERTO PEREZ,estado nutricional en menores de 5 anos,clasificacion a y b,2003-03-01,15,0,15,0,15
71402,PUERTO QUIJARRO,estado nutricional en menores de 5 anos,clasificacion a y b,2003-03-01,56,3,56,3,59
90201,PUERTO RICO,estado nutricional en menores de 5 anos,clasificacion a y b,2003-03-01,3,8,3,8,11
71401,PUERTO SUAREZ,estado nutricional en menores de 5 anos,clasificacion a y b,2003-03-01,43,9,43,9,52
31205,PUERTO VILLARROEL,estado nutricional en menores de 5 anos,clasificacion a y b,2003-03-01,117,29,117,29,146
51101,PUNA,estado nutricional en menores de 5 anos,clasificacion a y b,2003-03-01,53,20,53,20,73
31401,PUNATA,estado nutricional en menores de 5 anos,clasificacion a y b,2003-03-01,38,8,38,8,46
30901,QUILLACOLLO,estado nutricional en menores de 5 anos,clasificacion a y b,2003-03-01,91,54,91,54,145
21002,QUIME,estado nutricional en menores de 5 anos,clasificacion a y b,2003-03-01,21,5,21,5,26
70904,QUIRUSILLAS,estado nutricional en menores de 5 anos,clasificacion a y b,2003-03-01,1,0,1,0,1
50402,RAVELO,estado nutricional en menores de 5 anos,clasificacion a y b,2003-03-01,13,7,13,7,20
80301,REYES,estado nutricional en menores de 5 anos,clasificacion a y b,2003-03-01,24,6,24,6,30
80201,RIBERALTA,estado nutricional en menores de 5 anos,clasificacion a y b,2003-03-01,218,24,218,24,242
70503,ROBORE,estado nutricional en menores de 5 anos,clasificacion a y b,2003-03-01,44,19,44,19,63
80304,RURRENABAQUE,estado nutricional en menores de 5 anos,clasificacion a y b,2003-03-01,3,0,3,0,3
40901,SABAYA,estado nutricional en menores de 5 anos,clasificacion a y b,2003-03-01,1,1,1,1,2
31001,SACABA,estado nutricional en menores de 5 anos,clasificacion a y b,2003-03-01,74,36,74,36,110
30404,SACABAMBA,estado nutricional en menores de 5 anos,clasificacion a y b,2003-03-01,1,0,1,0,1
50701,SACACA,estado nutricional en menores de 5 anos,clasificacion a y b,2003-03-01,4,3,4,3,7
71302,SAIPINA,estado nutricional en menores de 5 anos,clasificacion a y b,2003-03-01,44,8,44,8,52
40801,SALINAS DE GARCI MENDOZA,estado nutricional en menores de 5 anos,clasificacion a y b,2003-03-01,1,7,1,7,8
70901,SAMAIPATA,estado nutricional en menores de 5 anos,clasificacion a y b,2003-03-01,27,6,27,6,33
51601,SAN AGUSTIN,estado nutricional en menores de 5 anos,clasificacion a y b,2003-03-01,2,1,2,1,3
80602,SAN ANDRES,estado nutricional en menores de 5 anos,clasificacion a y b,2003-03-01,2,1,2,1,3
71105,SAN ANTONIO DE LOMERIO,estado nutricional en menores de 5 anos,clasificacion a y b,2003-03-01,13,8,13,8,21
31403,SAN BENITO,estado nutricional en menores de 5 anos,clasificacion a y b,2003-03-01,6,2,6,2,8
80302,SAN BORJA,estado nutricional en menores de 5 anos,clasificacion a y b,2003-03-01,107,15,107,15,122
21502,SAN BUENA VENTURA,estado nutricional en menores de 5 anos,clasificacion a y b,2003-03-01,28,6,28,6,34
70402,SAN CARLOS,estado nutricional en menores de 5 anos,clasificacion a y b,2003-03-01,66,12,66,12,78
80501,SAN IGNACIO,estado nutricional en menores de 5 anos,clasificacion a y b,2003-03-01,41,26,41,26,67
70301,SAN IGNACIO DE VELASCO,estado nutricional en menores de 5 anos,clasificacion a y b,2003-03-01,159,14,159,14,173
80102,SAN JAVIER(BNI),estado nutricional en menores de 5 anos,clasificacion a y b,2003-03-01,6,0,6,0,6
71102,SAN JAVIER(STC),estado nutricional en menores de 5 anos,clasificacion a y b,2003-03-01,66,4,66,4,70
80701,SAN JOAQUIN,estado nutricional en menores de 5 anos,clasificacion a y b,2003-03-01,14,1,14,1,15
70501,SAN JOSE DE CHIQUITOS,estado nutricional en menores de 5 anos,clasificacion a y b,2003-03-01,20,1,20,1,21
71104,SAN JULIAN,estado nutricional en menores de 5 anos,clasificacion a y b,2003-03-01,157,67,157,67,224
90302,SAN LORENZO(PND),estado nutricional en menores de 5 anos,clasificacion a y b,2003-03-01,15,12,15,12,27
60501,SAN LORENZO(TJA),estado nutricional en menores de 5 anos,clasificacion a y b,2003-03-01,23,20,23,20,43
10702,SAN LUCAS,estado nutricional en menores de 5 anos,clasificacion a y b,2003-03-01,44,5,44,5,49
70302,SAN MIGUEL DE VELASCO,estado nutricional en menores de 5 anos,clasificacion a y b,2003-03-01,10,2,10,2,12
51001,SAN PABLO DE LIPEZ,estado nutricional en menores de 5 anos,clasificacion a y b,2003-03-01,3,0,3,0,3
50501,SAN PEDRO DE BUENA VISTA,estado nutricional en menores de 5 anos,clasificacion a y b,2003-03-01,16,10,16,10,26
21801,SAN PEDRO DE CURAHUARA,estado nutricional en menores de 5 anos,clasificacion a y b,2003-03-01,5,1,5,1,6
21702,SAN PEDRO DE TIQUINA,estado nutricional en menores de 5 anos,clasificacion a y b,2003-03-01,7,1,7,1,8
70303,SAN RAFAEL,estado nutricional en menores de 5 anos,clasificacion a y b,2003-03-01,19,1,19,1,20
80702,SAN RAMON,estado nutricional en menores de 5 anos,clasificacion a y b,2003-03-01,4,3,4,3,7
80702,SAN RAMON,estado nutricional en menores de 5 anos,clasificacion a y b,2003-03-01,22,3,22,3,25
80401,SANTA ANA,estado nutricional en menores de 5 anos,clasificacion a y b,2003-03-01,0,2,0,2,2
70101,SANTA CRUZ DE LA SIERRA,estado nutricional en menores de 5 anos,clasificacion a y b,2003-03-01,1785,633,1785,633,2418
80303,SANTA ROSA,estado nutricional en menores de 5 anos,clasificacion a y b,2003-03-01,23,5,23,5,28
70602,SANTA ROSA DEL SARA,estado nutricional en menores de 5 anos,clasificacion a y b,2003-03-01,21,20,21,20,41
20308,SANTIAGO DE CALLAPA,estado nutricional en menores de 5 anos,clasificacion a y b,2003-03-01,9,6,9,6,15
21901,SANTIAGO DE MACHACA,estado nutricional en menores de 5 anos,clasificacion a y b,2003-03-01,3,0,3,0,3
30702,SANTIVAÃ‘ES,estado nutricional en menores de 5 anos,clasificacion a y b,2003-03-01,4,0,4,0,4
40202,SANTUARIO DE QUILLACAS,estado nutricional en menores de 5 anos,clasificacion a y b,2003-03-01,1,0,1,0,1
20902,SAPAHAQUI,estado nutricional en menores de 5 anos,clasificacion a y b,2003-03-01,15,3,15,3,18
90303,SENA,estado nutricional en menores de 5 anos,clasificacion a y b,2003-03-01,3,5,3,5,8
21301,SICA SICA (VILLA AROMA),estado nutricional en menores de 5 anos,clasificacion a y b,2003-03-01,6,1,6,1,7
30703,SICAYA,estado nutricional en menores de 5 anos,clasificacion a y b,2003-03-01,1,0,1,0,1
30902,SIPE SIPE,estado nutricional en menores de 5 anos,clasificacion a y b,2003-03-01,98,23,98,23,121
10403,SOPACHUY,estado nutricional en menores de 5 anos,clasificacion a y b,2003-03-01,9,3,9,3,12
20601,SORATA,estado nutricional en menores de 5 anos,clasificacion a y b,2003-03-01,23,7,23,7,30
10101,SUCRE,estado nutricional en menores de 5 anos,clasificacion a y b,2003-03-01,331,77,331,77,408
50303,TACOBAMBA,estado nutricional en menores de 5 anos,clasificacion a y b,2003-03-01,16,1,16,1,17
30602,TACOPAYA,estado nutricional en menores de 5 anos,clasificacion a y b,2003-03-01,5,0,5,0,5
51402,TAHUA,estado nutricional en menores de 5 anos,clasificacion a y b,2003-03-01,3,1,3,1,4
31101,TAPACARI,estado nutricional en menores de 5 anos,clasificacion a y b,2003-03-01,15,9,15,9,24
10601,TARABUCO,estado nutricional en menores de 5 anos,clasificacion a y b,2003-03-01,38,2,38,2,40
30401,TARATA,estado nutricional en menores de 5 anos,clasificacion a y b,2003-03-01,12,3,12,3,15
60101,TARIJA,estado nutricional en menores de 5 anos,clasificacion a y b,2003-03-01,209,147,209,147,356
10202,TARVITA,estado nutricional en menores de 5 anos,clasificacion a y b,2003-03-01,30,6,30,6,36
20803,TIAWANACU,estado nutricional en menores de 5 anos,clasificacion a y b,2003-03-01,18,3,18,3,21
50102,TINGUIPAYA,estado nutricional en menores de 5 anos,clasificacion a y b,2003-03-01,14,1,14,1,15
20606,TIPUANI,estado nutricional en menores de 5 anos,clasificacion a y b,2003-03-01,19,1,19,1,20
30903,TIQUIPAYA,estado nutricional en menores de 5 anos,clasificacion a y b,2003-03-01,9,10,9,10,19
31601,TIRAQUE (CBBA),estado nutricional en menores de 5 anos,clasificacion a y b,2003-03-01,84,46,84,46,130
30802,TOCO,estado nutricional en menores de 5 anos,clasificacion a y b,2003-03-01,1,3,1,3,4
41502,TODOS SANTOS,estado nutricional en menores de 5 anos,clasificacion a y b,2003-03-01,1,0,1,0,1
30803,TOLATA,estado nutricional en menores de 5 anos,clasificacion a y b,2003-03-01,6,2,6,2,8
41001,TOLEDO,estado nutricional en menores de 5 anos,clasificacion a y b,2003-03-01,3,2,3,2,5
51202,TOMAVE,estado nutricional en menores de 5 anos,clasificacion a y b,2003-03-01,11,0,11,0,11
10402,TOMINA,estado nutricional en menores de 5 anos,clasificacion a y b,2003-03-01,18,5,18,5,23
50502,TORO TORO,estado nutricional en menores de 5 anos,clasificacion a y b,2003-03-01,7,3,7,3,10
31201,TOTORA(CBBA),estado nutricional en menores de 5 anos,clasificacion a y b,2003-03-01,17,3,17,3,20
41301,TOTORA(ORR),estado nutricional en menores de 5 anos,clasificacion a y b,2003-03-01,3,1,3,1,4
70802,TRIGAL,estado nutricional en menores de 5 anos,clasificacion a y b,2003-03-01,3,1,3,1,4
80101,TRINIDAD,estado nutricional en menores de 5 anos,clasificacion a y b,2003-03-01,130,104,130,104,234
50801,TUPIZA,estado nutricional en menores de 5 anos,clasificacion a y b,2003-03-01,53,57,53,57,110
40402,TURCO,estado nutricional en menores de 5 anos,clasificacion a y b,2003-03-01,5,0,5,0,5
21302,UMALA,estado nutricional en menores de 5 anos,clasificacion a y b,2003-03-01,10,2,10,2,12
50201,UNCIA,estado nutricional en menores de 5 anos,clasificacion a y b,2003-03-01,3,3,3,3,6
60401,URIONDO (A. CONCEPCION),estado nutricional en menores de 5 anos,clasificacion a y b,2003-03-01,69,13,69,13,82
71502,URUBICHA,estado nutricional en menores de 5 anos,clasificacion a y b,2003-03-01,9,3,9,3,12
51201,UYUNI,estado nutricional en menores de 5 anos,clasificacion a y b,2003-03-01,42,18,42,18,60
30502,VACAS,estado nutricional en menores de 5 anos,clasificacion a y b,2003-03-01,1,0,1,0,1
70801,VALLEGRANDE,estado nutricional en menores de 5 anos,clasificacion a y b,2003-03-01,40,26,40,26,66
20801,VIACHA,estado nutricional en menores de 5 anos,clasificacion a y b,2003-03-01,86,24,86,24,110
31302,VILA VILA,estado nutricional en menores de 5 anos,clasificacion a y b,2003-03-01,4,0,4,0,4
60303,VILLA MONTES,estado nutricional en menores de 5 anos,clasificacion a y b,2003-03-01,42,25,42,25,67
31402,VILLA RIVERO,estado nutricional en menores de 5 anos,clasificacion a y b,2003-03-01,17,1,17,1,18
10801,VILLA SERRANO,estado nutricional en menores de 5 anos,clasificacion a y b,2003-03-01,19,1,19,1,20
31003,VILLA TUNARI,estado nutricional en menores de 5 anos,clasificacion a y b,2003-03-01,83,70,83,70,153
11001,VILLA VACA GUZMAN (MUYUPAMPA),estado nutricional en menores de 5 anos,clasificacion a y b,2003-03-01,54,9,54,9,63
51501,VILLAZON,estado nutricional en menores de 5 anos,clasificacion a y b,2003-03-01,66,11,66,11,77
50602,VITICHI,estado nutricional en menores de 5 anos,clasificacion a y b,2003-03-01,15,11,15,11,26
20306,WALDO BALLIVIAN,estado nutricional en menores de 5 anos,clasificacion a y b,2003-03-01,1,0,1,0,1
70201,WARNES,estado nutricional en menores de 5 anos,clasificacion a y b,2003-03-01,129,30,129,30,159
20903,YACO,estado nutricional en menores de 5 anos,clasificacion a y b,2003-03-01,11,2,11,2,13
60301,YACUIBA,estado nutricional en menores de 5 anos,clasificacion a y b,2003-03-01,204,21,204,21,225
10602,YAMPARAEZ,estado nutricional en menores de 5 anos,clasificacion a y b,2003-03-01,21,4,21,4,25
21103,YANACACHI,estado nutricional en menores de 5 anos,clasificacion a y b,2003-03-01,9,0,9,0,9
70403,YAPACANI,estado nutricional en menores de 5 anos,clasificacion a y b,2003-03-01,131,11,131,11,142
50103,YOCALLA,estado nutricional en menores de 5 anos,clasificacion a y b,2003-03-01,7,3,7,3,10
10102,YOTALA,estado nutricional en menores de 5 anos,clasificacion a y b,2003-03-01,40,7,40,7,47
60402,YUNCHARA,estado nutricional en menores de 5 anos,clasificacion a y b,2003-03-01,8,3,8,3,11
10301,ZUDAÃ‘EZ,estado nutricional en menores de 5 anos,clasificacion a y b,2003-03-01,15,1,15,1,16
51302,ACACIO,estado nutricional en menores de 5 anos,clasificacion a y b,2003-04-01,3,1,3,1,4
20201,ACHACACHI,estado nutricional en menores de 5 anos,clasificacion a y b,2003-04-01,53,35,53,35,88
20104,ACHOCALLA,estado nutricional en menores de 5 anos,clasificacion a y b,2003-04-01,7,4,7,4,11
30201,AIQUILE,estado nutricional en menores de 5 anos,clasificacion a y b,2003-04-01,27,6,27,6,33
31303,ALALAY,estado nutricional en menores de 5 anos,clasificacion a y b,2003-04-01,3,4,3,4,7
10404,ALCALA,estado nutricional en menores de 5 anos,clasificacion a y b,2003-04-01,10,3,10,3,13
20202,ANCORAIMES,estado nutricional en menores de 5 anos,clasificacion a y b,2003-04-01,7,0,7,0,7
41201,ANDAMARCA,estado nutricional en menores de 5 anos,clasificacion a y b,2003-04-01,4,0,4,0,4
30402,ANZALDO,estado nutricional en menores de 5 anos,clasificacion a y b,2003-04-01,12,4,12,4,16
20701,APOLO,estado nutricional en menores de 5 anos,clasificacion a y b,2003-04-01,15,9,15,9,24
51301,ARAMPAMPA,estado nutricional en menores de 5 anos,clasificacion a y b,2003-04-01,11,24,11,24,35
30501,ARANI,estado nutricional en menores de 5 anos,clasificacion a y b,2003-04-01,2,13,2,13,15
30403,ARBIETO,estado nutricional en menores de 5 anos,clasificacion a y b,2003-04-01,9,1,9,1,10
30601,ARQUE,estado nutricional en menores de 5 anos,clasificacion a y b,2003-04-01,1,1,1,1,2
71501,ASCENCION DE GUARAYOS,estado nutricional en menores de 5 anos,clasificacion a y b,2003-04-01,72,22,72,22,94
50802,ATOCHA,estado nutricional en menores de 5 anos,clasificacion a y b,2003-04-01,9,28,9,28,37
20503,AUCAPATA,estado nutricional en menores de 5 anos,clasificacion a y b,2003-04-01,6,0,6,0,6
20502,AYATA,estado nutricional en menores de 5 anos,clasificacion a y b,2003-04-01,3,0,3,0,3
21303,AYO AYO,estado nutricional en menores de 5 anos,clasificacion a y b,2003-04-01,25,5,25,5,30
30301,AYOPAYA (V. DE INDEPENDENCIA),estado nutricional en menores de 5 anos,clasificacion a y b,2003-04-01,10,5,10,5,15
10201,AZURDUY,estado nutricional en menores de 5 anos,clasificacion a y b,2003-04-01,23,11,23,11,34
21203,BATALLAS,estado nutricional en menores de 5 anos,clasificacion a y b,2003-04-01,22,8,22,8,30
80802,BAURES,estado nutricional en menores de 5 anos,clasificacion a y b,2003-04-01,13,10,13,10,23
90104,BELLA FLOR,estado nutricional en menores de 5 anos,clasificacion a y b,2003-04-01,11,5,11,5,16
60202,BERMEJO,estado nutricional en menores de 5 anos,clasificacion a y b,2003-04-01,18,10,18,10,28
50301,BETANZOS,estado nutricional en menores de 5 anos,clasificacion a y b,2003-04-01,34,5,34,5,39
31501,BOLIVAR,estado nutricional en menores de 5 anos,clasificacion a y b,2003-04-01,8,5,8,5,13
90103,BOLPEBRA,estado nutricional en menores de 5 anos,clasificacion a y b,2003-04-01,2,1,2,1,3
70707,BOYUIBE,estado nutricional en menores de 5 anos,clasificacion a y b,2003-04-01,19,10,19,10,29
70401,BUENA VISTA,estado nutricional en menores de 5 anos,clasificacion a y b,2003-04-01,91,40,91,40,131
70703,CABEZAS,estado nutricional en menores de 5 anos,clasificacion a y b,2003-04-01,47,21,47,21,68
20905,CAIROMA,estado nutricional en menores de 5 anos,clasificacion a y b,2003-04-01,21,19,21,19,40
51102,"CAIZA ""D""",estado nutricional en menores de 5 anos,clasificacion a y b,2003-04-01,13,0,13,0,13
21003,CAJUATA,estado nutricional en menores de 5 anos,clasificacion a y b,2003-04-01,18,2,18,2,20
20303,CALACOTO,estado nutricional en menores de 5 anos,clasificacion a y b,2003-04-01,6,3,6,3,9
21304,CALAMARCA,estado nutricional en menores de 5 anos,clasificacion a y b,2003-04-01,14,1,14,1,15
10701,CAMARGO,estado nutricional en menores de 5 anos,clasificacion a y b,2003-04-01,24,12,24,12,36
10901,CAMATAQUI (C. VILLA ABECIA),estado nutricional en menores de 5 anos,clasificacion a y b,2003-04-01,6,2,6,2,8
70706,CAMIRI,estado nutricional en menores de 5 anos,clasificacion a y b,2003-04-01,183,46,183,46,229
30701,CAPINOTA,estado nutricional en menores de 5 anos,clasificacion a y b,2003-04-01,3,1,3,1,4
20302,CAQUIAVIRI,estado nutricional en menores de 5 anos,clasificacion a y b,2003-04-01,6,2,6,2,8
40102,CARACOLLO,estado nutricional en menores de 5 anos,clasificacion a y b,2003-04-01,19,13,19,13,32
22001,CARANAVI,estado nutricional en menores de 5 anos,clasificacion a y b,2003-04-01,119,31,119,31,150
60302,CARAPARI,estado nutricional en menores de 5 anos,clasificacion a y b,2003-04-01,26,12,26,12,38
50702,CARIPUYO,estado nutricional en menores de 5 anos,clasificacion a y b,2003-04-01,9,1,9,1,10
40201,CHALLAPATA,estado nutricional en menores de 5 anos,clasificacion a y b,2003-04-01,10,9,10,9,19
50302,CHAQUI,estado nutricional en menores de 5 anos,clasificacion a y b,2003-04-01,29,1,29,1,30
70702,CHARAGUA,estado nutricional en menores de 5 anos,clasificacion a y b,2003-04-01,82,41,82,41,123
20305,CHARAÃ‘A,estado nutricional en menores de 5 anos,clasificacion a y b,2003-04-01,3,0,3,0,3
50202,CHAYANTA,estado nutricional en menores de 5 anos,clasificacion a y b,2003-04-01,13,16,13,16,29
31204,CHIMORE,estado nutricional en menores de 5 anos,clasificacion a y b,2003-04-01,42,12,42,12,54
40903,CHIPAYA,estado nutricional en menores de 5 anos,clasificacion a y b,2003-04-01,2,8,2,8,10
40302,CHOQUE COTA,estado nutricional en menores de 5 anos,clasificacion a y b,2003-04-01,2,0,2,0,2
21101,CHULUMANI (V. DE LA LIBERTAD),estado nutricional en menores de 5 anos,clasificacion a y b,2003-04-01,6,2,6,2,8
20501,CHUMA,estado nutricional en menores de 5 anos,clasificacion a y b,2003-04-01,30,31,30,31,61
30801,CLIZA,estado nutricional en menores de 5 anos,clasificacion a y b,2003-04-01,12,12,12,12,24
90101,COBIJA,estado nutricional en menores de 5 anos,clasificacion a y b,2003-04-01,99,70,99,70,169
30101,COCHABAMBA,estado nutricional en menores de 5 anos,clasificacion a y b,2003-04-01,1575,1159,1575,1159,2734
40902,COIPASA,estado nutricional en menores de 5 anos,clasificacion a y b,2003-04-01,2,0,2,0,2
30905,COLCAPIRHUA,estado nutricional en menores de 5 anos,clasificacion a y b,2003-04-01,10,3,10,3,13
50901,"COLCHA ""K""",estado nutricional en menores de 5 anos,clasificacion a y b,2003-04-01,15,3,15,3,18
31002,COLOMI,estado nutricional en menores de 5 anos,clasificacion a y b,2003-04-01,25,17,25,17,42
50401,COLQUECHACA,estado nutricional en menores de 5 anos,clasificacion a y b,2003-04-01,12,19,12,19,31
21306,COLQUENCHA,estado nutricional en menores de 5 anos,clasificacion a y b,2003-04-01,22,7,22,7,29
21004,COLQUIRI,estado nutricional en menores de 5 anos,clasificacion a y b,2003-04-01,25,1,25,1,26
20304,COMANCHE,estado nutricional en menores de 5 anos,clasificacion a y b,2003-04-01,0,1,0,1,1
71301,COMARAPA,estado nutricional en menores de 5 anos,clasificacion a y b,2003-04-01,92,6,92,6,98
20605,COMBAYA,estado nutricional en menores de 5 anos,clasificacion a y b,2003-04-01,6,8,6,8,14
71101,CONCEPCION,estado nutricional en menores de 5 anos,clasificacion a y b,2003-04-01,14,25,14,25,39
21701,COPACABANA,estado nutricional en menores de 5 anos,clasificacion a y b,2003-04-01,17,3,17,3,20
21402,CORIPATA,estado nutricional en menores de 5 anos,clasificacion a y b,2003-04-01,56,5,56,5,61
20301,CORO CORO,estado nutricional en menores de 5 anos,clasificacion a y b,2003-04-01,5,2,5,2,7
21401,COROICO,estado nutricional en menores de 5 anos,clasificacion a y b,2003-04-01,5,4,5,4,9
40301,CORQUE,estado nutricional en menores de 5 anos,clasificacion a y b,2003-04-01,6,0,6,0,6
50601,COTAGAITA,estado nutricional en menores de 5 anos,clasificacion a y b,2003-04-01,38,7,38,7,45
70102,COTOCA,estado nutricional en menores de 5 anos,clasificacion a y b,2003-04-01,62,3,62,3,65
70704,CUEVO,estado nutricional en menores de 5 anos,clasificacion a y b,2003-04-01,7,1,7,1,8
10902,CULPINA,estado nutricional en menores de 5 anos,clasificacion a y b,2003-04-01,46,23,46,23,69
40401,CURAHUARA DE CARANGAS,estado nutricional en menores de 5 anos,clasificacion a y b,2003-04-01,2,1,2,1,3
21602,CURVA,estado nutricional en menores de 5 anos,clasificacion a y b,2003-04-01,4,0,4,0,4
20804,DESAGUADERO,estado nutricional en menores de 5 anos,clasificacion a y b,2003-04-01,5,1,5,1,6
20105,EL ALTO,estado nutricional en menores de 5 anos,clasificacion a y b,2003-04-01,748,210,748,210,958
40103,EL CHORO,estado nutricional en menores de 5 anos,clasificacion a y b,2003-04-01,6,1,6,1,7
71503,EL PUENTE(STC),estado nutricional en menores de 5 anos,clasificacion a y b,2003-04-01,7,13,7,13,20
60502,EL PUENTE(TJA),estado nutricional en menores de 5 anos,clasificacion a y b,2003-04-01,6,2,6,2,8
70105,EL TORNO,estado nutricional en menores de 5 anos,clasificacion a y b,2003-04-01,137,12,137,12,149
10405,EL VILLAR,estado nutricional en menores de 5 anos,clasificacion a y b,2003-04-01,8,4,8,4,12
60601,ENTRE RIOS,estado nutricional en menores de 5 anos,clasificacion a y b,2003-04-01,39,24,39,24,63
41101,EUCALIPTUS,estado nutricional en menores de 5 anos,clasificacion a y b,2003-04-01,9,0,9,0,9
90503,EUREKA (SANTOS MERCADO),estado nutricional en menores de 5 anos,clasificacion a y b,2003-04-01,4,1,4,1,5
80402,EXALTACION,estado nutricional en menores de 5 anos,clasificacion a y b,2003-04-01,5,6,5,6,11
90203,FILADELFIA,estado nutricional en menores de 5 anos,clasificacion a y b,2003-04-01,5,3,5,3,8
71002,GENERAL SAAVEDRA,estado nutricional en menores de 5 anos,clasificacion a y b,2003-04-01,56,28,56,28,84
21601,GRAL. J.J. PEREZ (CHARAZANI),estado nutricional en menores de 5 anos,clasificacion a y b,2003-04-01,16,8,16,8,24
20602,GUANAY,estado nutricional en menores de 5 anos,clasificacion a y b,2003-04-01,71,24,71,24,95
20802,GUAQUI,estado nutricional en menores de 5 anos,clasificacion a y b,2003-04-01,8,0,8,0,8
80202,GUAYARAMERIN,estado nutricional en menores de 5 anos,clasificacion a y b,2003-04-01,123,14,123,14,137
70705,GUTIERREZ,estado nutricional en menores de 5 anos,clasificacion a y b,2003-04-01,63,12,63,12,75
10502,HUACARETA,estado nutricional en menores de 5 anos,clasificacion a y b,2003-04-01,20,14,20,14,34
11002,HUACAYA (VILLA DE HUACAYA),estado nutricional en menores de 5 anos,clasificacion a y b,2003-04-01,12,0,12,0,12
40501,HUACHACALLA,estado nutricional en menores de 5 anos,clasificacion a y b,2003-04-01,0,1,0,1,1
40701,HUANUNI,estado nutricional en menores de 5 anos,clasificacion a y b,2003-04-01,37,3,37,3,40
80803,HUARACAJE,estado nutricional en menores de 5 anos,clasificacion a y b,2003-04-01,11,1,11,1,12
41601,HUAYLLAMARCA,estado nutricional en menores de 5 anos,clasificacion a y b,2003-04-01,4,3,4,3,7
21005,ICHOCA,estado nutricional en menores de 5 anos,clasificacion a y b,2003-04-01,10,4,10,4,14
10304,ICLA,estado nutricional en menores de 5 anos,clasificacion a y b,2003-04-01,18,6,18,6,24
10703,INCAHUASI,estado nutricional en menores de 5 anos,clasificacion a y b,2003-04-01,44,2,44,2,46
90402,INGAVI (HUMAITA),estado nutricional en menores de 5 anos,clasificacion a y b,2003-04-01,5,9,5,9,14
21001,INQUISIVI,estado nutricional en menores de 5 anos,clasificacion a y b,2003-04-01,49,8,49,8,57
21102,IRUPANA (VILLA DE LANZA),estado nutricional en menores de 5 anos,clasificacion a y b,2003-04-01,19,12,19,12,31
21501,IXIAMAS,estado nutricional en menores de 5 anos,clasificacion a y b,2003-04-01,30,6,30,6,36
21105,LA ASUNTA,estado nutricional en menores de 5 anos,clasificacion a y b,2003-04-01,76,7,76,7,83
70104,LA GUARDIA,estado nutricional en menores de 5 anos,clasificacion a y b,2003-04-01,120,33,120,33,153
20101,LA PAZ,estado nutricional en menores de 5 anos,clasificacion a y b,2003-04-01,927,312,927,312,1239
70701,LAGUNILLAS,estado nutricional en menores de 5 anos,clasificacion a y b,2003-04-01,35,12,35,12,47
21202,LAJA,estado nutricional en menores de 5 anos,clasificacion a y b,2003-04-01,16,1,16,1,17
10903,LAS CARRERAS,estado nutricional en menores de 5 anos,clasificacion a y b,2003-04-01,10,3,10,3,13
50203,LLALLAGUA,estado nutricional en menores de 5 anos,clasificacion a y b,2003-04-01,10,82,10,82,92
51401,LLICA,estado nutricional en menores de 5 anos,clasificacion a y b,2003-04-01,4,3,4,3,7
80601,LORETO,estado nutricional en menores de 5 anos,clasificacion a y b,2003-04-01,12,3,12,3,15
20901,LURIBAY,estado nutricional en menores de 5 anos,clasificacion a y b,2003-04-01,10,4,10,4,14
40702,MACHACAMARCA,estado nutricional en menores de 5 anos,clasificacion a y b,2003-04-01,6,2,6,2,8
11003,MACHARETI,estado nutricional en menores de 5 anos,clasificacion a y b,2003-04-01,48,22,48,22,70
80801,MAGDALENA,estado nutricional en menores de 5 anos,clasificacion a y b,2003-04-01,30,9,30,9,39
70903,MAIRANA,estado nutricional en menores de 5 anos,clasificacion a y b,2003-04-01,52,6,52,6,58
20904,MALLA,estado nutricional en menores de 5 anos,clasificacion a y b,2003-04-01,2,0,2,0,2
20103,MECAPACA,estado nutricional en menores de 5 anos,clasificacion a y b,2003-04-01,5,0,5,0,5
71003,MINEROS,estado nutricional en menores de 5 anos,clasificacion a y b,2003-04-01,236,30,236,30,266
31301,MIZQUE,estado nutricional en menores de 5 anos,clasificacion a y b,2003-04-01,24,1,24,1,25
20402,MOCOMOCO,estado nutricional en menores de 5 anos,clasificacion a y b,2003-04-01,18,0,18,0,18
51002,MOJINETE,estado nutricional en menores de 5 anos,clasificacion a y b,2003-04-01,1,1,1,1,2
10303,MOJOCOYA,estado nutricional en menores de 5 anos,clasificacion a y b,2003-04-01,33,7,33,7,40
10501,MONTEAGUDO,estado nutricional en menores de 5 anos,clasificacion a y b,2003-04-01,125,44,125,44,169
71001,MONTERO,estado nutricional en menores de 5 anos,clasificacion a y b,2003-04-01,488,111,488,111,599
70803,MORO MORO,estado nutricional en menores de 5 anos,clasificacion a y b,2003-04-01,10,1,10,1,11
30302,MOROCHATA,estado nutricional en menores de 5 anos,clasificacion a y b,2003-04-01,54,5,54,5,59
90401,NACEBE (SANTA ROSA DEL ABUNA),estado nutricional en menores de 5 anos,clasificacion a y b,2003-04-01,0,1,0,1,1
50404,OCURI,estado nutricional en menores de 5 anos,clasificacion a y b,2003-04-01,11,4,11,4,15
70202,OKINAWA,estado nutricional en menores de 5 anos,clasificacion a y b,2003-04-01,17,1,17,1,18
30203,OMEREQUE,estado nutricional en menores de 5 anos,clasificacion a y b,2003-04-01,8,2,8,2,10
40101,ORURO,estado nutricional en menores de 5 anos,clasificacion a y b,2003-04-01,296,149,296,149,445
60201,PADCAYA,estado nutricional en menores de 5 anos,clasificacion a y b,2003-04-01,53,39,53,39,92
10401,PADILLA,estado nutricional en menores de 5 anos,clasificacion a y b,2003-04-01,47,6,47,6,53
70502,PAILON,estado nutricional en menores de 5 anos,clasificacion a y b,2003-04-01,16,7,16,7,23
20102,PALCA,estado nutricional en menores de 5 anos,clasificacion a y b,2003-04-01,14,6,14,6,20
21104,PALOS BLANCOS,estado nutricional en menores de 5 anos,clasificacion a y b,2003-04-01,39,13,39,13,52
40802,PAMPA AULLAGAS,estado nutricional en menores de 5 anos,clasificacion a y b,2003-04-01,2,0,2,0,2
70902,PAMPA GRANDE,estado nutricional en menores de 5 anos,clasificacion a y b,2003-04-01,33,1,33,1,34
21802,PAPEL PAMPA,estado nutricional en menores de 5 anos,clasificacion a y b,2003-04-01,13,2,13,2,15
30202,PASORAPA,estado nutricional en menores de 5 anos,clasificacion a y b,2003-04-01,7,0,7,0,7
21305,PATACAMAYA,estado nutricional en menores de 5 anos,clasificacion a y b,2003-04-01,34,2,34,2,36
40602,PAZÃ‘A,estado nutricional en menores de 5 anos,clasificacion a y b,2003-04-01,6,0,6,0,6
20702,PELECHUCO,estado nutricional en menores de 5 anos,clasificacion a y b,2003-04-01,3,2,3,2,5
50403,POCOATA,estado nutricional en menores de 5 anos,clasificacion a y b,2003-04-01,24,11,24,11,35
31203,POCONA,estado nutricional en menores de 5 anos,clasificacion a y b,2003-04-01,12,1,12,1,13
31202,POJO (CBBA),estado nutricional en menores de 5 anos,clasificacion a y b,2003-04-01,113,33,113,33,146
40601,POOPO,estado nutricional en menores de 5 anos,clasificacion a y b,2003-04-01,7,2,7,2,9
51203,PORCO,estado nutricional en menores de 5 anos,clasificacion a y b,2003-04-01,25,2,25,2,27
10103,POROMA,estado nutricional en menores de 5 anos,clasificacion a y b,2003-04-01,54,8,54,8,62
70103,PORONGO,estado nutricional en menores de 5 anos,clasificacion a y b,2003-04-01,9,1,9,1,10
70601,PORTACHUELO,estado nutricional en menores de 5 anos,clasificacion a y b,2003-04-01,126,43,126,43,169
90102,PORVENIR,estado nutricional en menores de 5 anos,clasificacion a y b,2003-04-01,4,3,4,3,7
70804,POSTRER VALLE,estado nutricional en menores de 5 anos,clasificacion a y b,2003-04-01,4,1,4,1,5
50101,POTOSI,estado nutricional en menores de 5 anos,clasificacion a y b,2003-04-01,165,7,165,7,172
10302,PRESTO,estado nutricional en menores de 5 anos,clasificacion a y b,2003-04-01,15,0,15,0,15
21201,PUCARANI,estado nutricional en menores de 5 anos,clasificacion a y b,2003-04-01,41,2,41,2,43
20401,PUERTO ACOSTA,estado nutricional en menores de 5 anos,clasificacion a y b,2003-04-01,35,21,35,21,56
20403,PUERTO CARABUCO,estado nutricional en menores de 5 anos,clasificacion a y b,2003-04-01,14,1,14,1,15
90301,PUERTO GONZALO MORENO,estado nutricional en menores de 5 anos,clasificacion a y b,2003-04-01,13,2,13,2,15
21204,PUERTO PEREZ,estado nutricional en menores de 5 anos,clasificacion a y b,2003-04-01,11,3,11,3,14
71402,PUERTO QUIJARRO,estado nutricional en menores de 5 anos,clasificacion a y b,2003-04-01,55,19,55,19,74
90201,PUERTO RICO,estado nutricional en menores de 5 anos,clasificacion a y b,2003-04-01,1,9,1,9,10
80703,PUERTO SILES,estado nutricional en menores de 5 anos,clasificacion a y b,2003-04-01,1,0,1,0,1
71401,PUERTO SUAREZ,estado nutricional en menores de 5 anos,clasificacion a y b,2003-04-01,61,9,61,9,70
31205,PUERTO VILLARROEL,estado nutricional en menores de 5 anos,clasificacion a y b,2003-04-01,201,47,201,47,248
51101,PUNA,estado nutricional en menores de 5 anos,clasificacion a y b,2003-04-01,24,0,24,0,24
31401,PUNATA,estado nutricional en menores de 5 anos,clasificacion a y b,2003-04-01,32,21,32,21,53
20604,QUIABAYA,estado nutricional en menores de 5 anos,clasificacion a y b,2003-04-01,7,0,7,0,7
30901,QUILLACOLLO,estado nutricional en menores de 5 anos,clasificacion a y b,2003-04-01,90,29,90,29,119
21002,QUIME,estado nutricional en menores de 5 anos,clasificacion a y b,2003-04-01,20,3,20,3,23
70904,QUIRUSILLAS,estado nutricional en menores de 5 anos,clasificacion a y b,2003-04-01,14,8,14,8,22
50402,RAVELO,estado nutricional en menores de 5 anos,clasificacion a y b,2003-04-01,6,4,6,4,10
80301,REYES,estado nutricional en menores de 5 anos,clasificacion a y b,2003-04-01,32,5,32,5,37
80201,RIBERALTA,estado nutricional en menores de 5 anos,clasificacion a y b,2003-04-01,221,24,221,24,245
70503,ROBORE,estado nutricional en menores de 5 anos,clasificacion a y b,2003-04-01,45,9,45,9,54
80304,RURRENABAQUE,estado nutricional en menores de 5 anos,clasificacion a y b,2003-04-01,2,3,2,3,5
40901,SABAYA,estado nutricional en menores de 5 anos,clasificacion a y b,2003-04-01,2,0,2,0,2
31001,SACABA,estado nutricional en menores de 5 anos,clasificacion a y b,2003-04-01,90,27,90,27,117
30404,SACABAMBA,estado nutricional en menores de 5 anos,clasificacion a y b,2003-04-01,0,1,0,1,1
50701,SACACA,estado nutricional en menores de 5 anos,clasificacion a y b,2003-04-01,11,4,11,4,15
71302,SAIPINA,estado nutricional en menores de 5 anos,clasificacion a y b,2003-04-01,49,20,49,20,69
70901,SAMAIPATA,estado nutricional en menores de 5 anos,clasificacion a y b,2003-04-01,40,5,40,5,45
51601,SAN AGUSTIN,estado nutricional en menores de 5 anos,clasificacion a y b,2003-04-01,3,0,3,0,3
80602,SAN ANDRES,estado nutricional en menores de 5 anos,clasificacion a y b,2003-04-01,10,1,10,1,11
71105,SAN ANTONIO DE LOMERIO,estado nutricional en menores de 5 anos,clasificacion a y b,2003-04-01,9,5,9,5,14
31403,SAN BENITO,estado nutricional en menores de 5 anos,clasificacion a y b,2003-04-01,4,11,4,11,15
80302,SAN BORJA,estado nutricional en menores de 5 anos,clasificacion a y b,2003-04-01,169,17,169,17,186
21502,SAN BUENA VENTURA,estado nutricional en menores de 5 anos,clasificacion a y b,2003-04-01,27,2,27,2,29
70402,SAN CARLOS,estado nutricional en menores de 5 anos,clasificacion a y b,2003-04-01,77,12,77,12,89
80501,SAN IGNACIO,estado nutricional en menores de 5 anos,clasificacion a y b,2003-04-01,48,38,48,38,86
70301,SAN IGNACIO DE VELASCO,estado nutricional en menores de 5 anos,clasificacion a y b,2003-04-01,195,21,195,21,216
80102,SAN JAVIER(BNI),estado nutricional en menores de 5 anos,clasificacion a y b,2003-04-01,3,1,3,1,4
71102,SAN JAVIER(STC),estado nutricional en menores de 5 anos,clasificacion a y b,2003-04-01,45,10,45,10,55
80701,SAN JOAQUIN,estado nutricional en menores de 5 anos,clasificacion a y b,2003-04-01,1,8,1,8,9
70501,SAN JOSE DE CHIQUITOS,estado nutricional en menores de 5 anos,clasificacion a y b,2003-04-01,29,3,29,3,32
71104,SAN JULIAN,estado nutricional en menores de 5 anos,clasificacion a y b,2003-04-01,97,42,97,42,139
90302,SAN LORENZO(PND),estado nutricional en menores de 5 anos,clasificacion a y b,2003-04-01,0,1,0,1,1
60501,SAN LORENZO(TJA),estado nutricional en menores de 5 anos,clasificacion a y b,2003-04-01,39,21,39,21,60
10702,SAN LUCAS,estado nutricional en menores de 5 anos,clasificacion a y b,2003-04-01,93,6,93,6,99
70302,SAN MIGUEL DE VELASCO,estado nutricional en menores de 5 anos,clasificacion a y b,2003-04-01,22,1,22,1,23
51001,SAN PABLO DE LIPEZ,estado nutricional en menores de 5 anos,clasificacion a y b,2003-04-01,2,0,2,0,2
50501,SAN PEDRO DE BUENA VISTA,estado nutricional en menores de 5 anos,clasificacion a y b,2003-04-01,24,6,24,6,30
21801,SAN PEDRO DE CURAHUARA,estado nutricional en menores de 5 anos,clasificacion a y b,2003-04-01,4,3,4,3,7
21702,SAN PEDRO DE TIQUINA,estado nutricional en menores de 5 anos,clasificacion a y b,2003-04-01,6,1,6,1,7
70303,SAN RAFAEL,estado nutricional en menores de 5 anos,clasificacion a y b,2003-04-01,16,2,16,2,18
80702,SAN RAMON,estado nutricional en menores de 5 anos,clasificacion a y b,2003-04-01,7,2,7,2,9
80401,SANTA ANA,estado nutricional en menores de 5 anos,clasificacion a y b,2003-04-01,3,0,3,0,3
70101,SANTA CRUZ DE LA SIERRA,estado nutricional en menores de 5 anos,clasificacion a y b,2003-04-01,2932,817,2932,817,3749
80303,SANTA ROSA,estado nutricional en menores de 5 anos,clasificacion a y b,2003-04-01,18,11,18,11,29
70602,SANTA ROSA DEL SARA,estado nutricional en menores de 5 anos,clasificacion a y b,2003-04-01,11,23,11,23,34
20308,SANTIAGO DE CALLAPA,estado nutricional en menores de 5 anos,clasificacion a y b,2003-04-01,5,3,5,3,8
41401,SANTIAGO DE HUARI,estado nutricional en menores de 5 anos,clasificacion a y b,2003-04-01,8,1,8,1,9
21901,SANTIAGO DE MACHACA,estado nutricional en menores de 5 anos,clasificacion a y b,2003-04-01,1,0,1,0,1
30702,SANTIVAÃ‘ES,estado nutricional en menores de 5 anos,clasificacion a y b,2003-04-01,5,0,5,0,5
40202,SANTUARIO DE QUILLACAS,estado nutricional en menores de 5 anos,clasificacion a y b,2003-04-01,1,0,1,0,1
20902,SAPAHAQUI,estado nutricional en menores de 5 anos,clasificacion a y b,2003-04-01,19,4,19,4,23
90303,SENA,estado nutricional en menores de 5 anos,clasificacion a y b,2003-04-01,7,0,7,0,7
21301,SICA SICA (VILLA AROMA),estado nutricional en menores de 5 anos,clasificacion a y b,2003-04-01,19,5,19,5,24
30902,SIPE SIPE,estado nutricional en menores de 5 anos,clasificacion a y b,2003-04-01,101,14,101,14,115
10403,SOPACHUY,estado nutricional en menores de 5 anos,clasificacion a y b,2003-04-01,18,2,18,2,20
20601,SORATA,estado nutricional en menores de 5 anos,clasificacion a y b,2003-04-01,22,6,22,6,28
10101,SUCRE,estado nutricional en menores de 5 anos,clasificacion a y b,2003-04-01,418,114,418,114,532
20603,TACACOMA,estado nutricional en menores de 5 anos,clasificacion a y b,2003-04-01,20,5,20,5,25
50303,TACOBAMBA,estado nutricional en menores de 5 anos,clasificacion a y b,2003-04-01,19,1,19,1,20
30602,TACOPAYA,estado nutricional en menores de 5 anos,clasificacion a y b,2003-04-01,19,2,19,2,21
51402,TAHUA,estado nutricional en menores de 5 anos,clasificacion a y b,2003-04-01,2,1,2,1,3
31101,TAPACARI,estado nutricional en menores de 5 anos,clasificacion a y b,2003-04-01,16,3,16,3,19
10601,TARABUCO,estado nutricional en menores de 5 anos,clasificacion a y b,2003-04-01,38,4,38,4,42
30401,TARATA,estado nutricional en menores de 5 anos,clasificacion a y b,2003-04-01,13,52,13,52,65
60101,TARIJA,estado nutricional en menores de 5 anos,clasificacion a y b,2003-04-01,351,155,351,155,506
10202,TARVITA,estado nutricional en menores de 5 anos,clasificacion a y b,2003-04-01,13,9,13,9,22
20803,TIAWANACU,estado nutricional en menores de 5 anos,clasificacion a y b,2003-04-01,28,7,28,7,35
50102,TINGUIPAYA,estado nutricional en menores de 5 anos,clasificacion a y b,2003-04-01,8,0,8,0,8
20606,TIPUANI,estado nutricional en menores de 5 anos,clasificacion a y b,2003-04-01,29,1,29,1,30
30903,TIQUIPAYA,estado nutricional en menores de 5 anos,clasificacion a y b,2003-04-01,26,11,26,11,37
31601,TIRAQUE (CBBA),estado nutricional en menores de 5 anos,clasificacion a y b,2003-04-01,108,28,108,28,136
30802,TOCO,estado nutricional en menores de 5 anos,clasificacion a y b,2003-04-01,0,1,0,1,1
30803,TOLATA,estado nutricional en menores de 5 anos,clasificacion a y b,2003-04-01,3,3,3,3,6
41001,TOLEDO,estado nutricional en menores de 5 anos,clasificacion a y b,2003-04-01,4,2,4,2,6
51202,TOMAVE,estado nutricional en menores de 5 anos,clasificacion a y b,2003-04-01,29,4,29,4,33
10402,TOMINA,estado nutricional en menores de 5 anos,clasificacion a y b,2003-04-01,22,6,22,6,28
50502,TORO TORO,estado nutricional en menores de 5 anos,clasificacion a y b,2003-04-01,18,3,18,3,21
31201,TOTORA(CBBA),estado nutricional en menores de 5 anos,clasificacion a y b,2003-04-01,25,1,25,1,26
41301,TOTORA(ORR),estado nutricional en menores de 5 anos,clasificacion a y b,2003-04-01,4,6,4,6,10
70802,TRIGAL,estado nutricional en menores de 5 anos,clasificacion a y b,2003-04-01,2,0,2,0,2
80101,TRINIDAD,estado nutricional en menores de 5 anos,clasificacion a y b,2003-04-01,158,128,158,128,286
50801,TUPIZA,estado nutricional en menores de 5 anos,clasificacion a y b,2003-04-01,66,74,66,74,140
40402,TURCO,estado nutricional en menores de 5 anos,clasificacion a y b,2003-04-01,1,1,1,1,2
21302,UMALA,estado nutricional en menores de 5 anos,clasificacion a y b,2003-04-01,15,24,15,24,39
50201,UNCIA,estado nutricional en menores de 5 anos,clasificacion a y b,2003-04-01,2,3,2,3,5
60401,URIONDO (A. CONCEPCION),estado nutricional en menores de 5 anos,clasificacion a y b,2003-04-01,80,23,80,23,103
71502,URUBICHA,estado nutricional en menores de 5 anos,clasificacion a y b,2003-04-01,11,3,11,3,14
51201,UYUNI,estado nutricional en menores de 5 anos,clasificacion a y b,2003-04-01,88,14,88,14,102
70801,VALLEGRANDE,estado nutricional en menores de 5 anos,clasificacion a y b,2003-04-01,60,15,60,15,75
20801,VIACHA,estado nutricional en menores de 5 anos,clasificacion a y b,2003-04-01,98,29,98,29,127
31302,VILA VILA,estado nutricional en menores de 5 anos,clasificacion a y b,2003-04-01,2,0,2,0,2
60303,VILLA MONTES,estado nutricional en menores de 5 anos,clasificacion a y b,2003-04-01,71,17,71,17,88
90502,VILLA NUEVA (LOMA ALTA),estado nutricional en menores de 5 anos,clasificacion a y b,2003-04-01,0,2,0,2,2
31402,VILLA RIVERO,estado nutricional en menores de 5 anos,clasificacion a y b,2003-04-01,11,1,11,1,12
10801,VILLA SERRANO,estado nutricional en menores de 5 anos,clasificacion a y b,2003-04-01,20,4,20,4,24
31003,VILLA TUNARI,estado nutricional en menores de 5 anos,clasificacion a y b,2003-04-01,86,17,86,17,103
11001,VILLA VACA GUZMAN (MUYUPAMPA),estado nutricional en menores de 5 anos,clasificacion a y b,2003-04-01,69,27,69,27,96
51501,VILLAZON,estado nutricional en menores de 5 anos,clasificacion a y b,2003-04-01,69,17,69,17,86
30904,VINTO,estado nutricional en menores de 5 anos,clasificacion a y b,2003-04-01,71,5,71,5,76
50602,VITICHI,estado nutricional en menores de 5 anos,clasificacion a y b,2003-04-01,26,7,26,7,33
70201,WARNES,estado nutricional en menores de 5 anos,clasificacion a y b,2003-04-01,151,36,151,36,187
20903,YACO,estado nutricional en menores de 5 anos,clasificacion a y b,2003-04-01,7,8,7,8,15
60301,YACUIBA,estado nutricional en menores de 5 anos,clasificacion a y b,2003-04-01,245,29,245,29,274
10602,YAMPARAEZ,estado nutricional en menores de 5 anos,clasificacion a y b,2003-04-01,32,8,32,8,40
21103,YANACACHI,estado nutricional en menores de 5 anos,clasificacion a y b,2003-04-01,10,1,10,1,11
70403,YAPACANI,estado nutricional en menores de 5 anos,clasificacion a y b,2003-04-01,189,27,189,27,216
50103,YOCALLA,estado nutricional en menores de 5 anos,clasificacion a y b,2003-04-01,2,1,2,1,3
10102,YOTALA,estado nutricional en menores de 5 anos,clasificacion a y b,2003-04-01,23,58,23,58,81
60402,YUNCHARA,estado nutricional en menores de 5 anos,clasificacion a y b,2003-04-01,18,6,18,6,24
10301,ZUDAÃ‘EZ,estado nutricional en menores de 5 anos,clasificacion a y b,2003-04-01,14,1,14,1,15
51302,ACACIO,estado nutricional en menores de 5 anos,clasificacion a y b,2003-05-01,1,1,1,1,2
20201,ACHACACHI,estado nutricional en menores de 5 anos,clasificacion a y b,2003-05-01,92,81,92,81,173
20104,ACHOCALLA,estado nutricional en menores de 5 anos,clasificacion a y b,2003-05-01,9,2,9,2,11
30201,AIQUILE,estado nutricional en menores de 5 anos,clasificacion a y b,2003-05-01,37,8,37,8,45
31303,ALALAY,estado nutricional en menores de 5 anos,clasificacion a y b,2003-05-01,5,0,5,0,5
10404,ALCALA,estado nutricional en menores de 5 anos,clasificacion a y b,2003-05-01,13,3,13,3,16
20202,ANCORAIMES,estado nutricional en menores de 5 anos,clasificacion a y b,2003-05-01,14,3,14,3,17
30402,ANZALDO,estado nutricional en menores de 5 anos,clasificacion a y b,2003-05-01,5,4,5,4,9
20701,APOLO,estado nutricional en menores de 5 anos,clasificacion a y b,2003-05-01,11,7,11,7,18
51301,ARAMPAMPA,estado nutricional en menores de 5 anos,clasificacion a y b,2003-05-01,5,6,5,6,11
30403,ARBIETO,estado nutricional en menores de 5 anos,clasificacion a y b,2003-05-01,6,0,6,0,6
30601,ARQUE,estado nutricional en menores de 5 anos,clasificacion a y b,2003-05-01,4,2,4,2,6
50802,ATOCHA,estado nutricional en menores de 5 anos,clasificacion a y b,2003-05-01,11,20,11,20,31
20503,AUCAPATA,estado nutricional en menores de 5 anos,clasificacion a y b,2003-05-01,10,2,10,2,12
20502,AYATA,estado nutricional en menores de 5 anos,clasificacion a y b,2003-05-01,3,0,3,0,3
21303,AYO AYO,estado nutricional en menores de 5 anos,clasificacion a y b,2003-05-01,41,6,41,6,47
30301,AYOPAYA (V. DE INDEPENDENCIA),estado nutricional en menores de 5 anos,clasificacion a y b,2003-05-01,15,14,15,14,29
10201,AZURDUY,estado nutricional en menores de 5 anos,clasificacion a y b,2003-05-01,17,7,17,7,24
21203,BATALLAS,estado nutricional en menores de 5 anos,clasificacion a y b,2003-05-01,34,12,34,12,46
80802,BAURES,estado nutricional en menores de 5 anos,clasificacion a y b,2003-05-01,13,4,13,4,17
41202,BELEN DE ANDAMARCA,estado nutricional en menores de 5 anos,clasificacion a y b,2003-05-01,0,1,0,1,1
50104,BELEN DE URMIRI,estado nutricional en menores de 5 anos,clasificacion a y b,2003-05-01,5,0,5,0,5
90104,BELLA FLOR,estado nutricional en menores de 5 anos,clasificacion a y b,2003-05-01,5,6,5,6,11
60202,BERMEJO,estado nutricional en menores de 5 anos,clasificacion a y b,2003-05-01,14,24,14,24,38
50301,BETANZOS,estado nutricional en menores de 5 anos,clasificacion a y b,2003-05-01,45,13,45,13,58
31501,BOLIVAR,estado nutricional en menores de 5 anos,clasificacion a y b,2003-05-01,4,0,4,0,4
90103,BOLPEBRA,estado nutricional en menores de 5 anos,clasificacion a y b,2003-05-01,2,5,2,5,7
70707,BOYUIBE,estado nutricional en menores de 5 anos,clasificacion a y b,2003-05-01,24,12,24,12,36
70401,BUENA VISTA,estado nutricional en menores de 5 anos,clasificacion a y b,2003-05-01,111,48,111,48,159
70703,CABEZAS,estado nutricional en menores de 5 anos,clasificacion a y b,2003-05-01,37,26,37,26,63
20905,CAIROMA,estado nutricional en menores de 5 anos,clasificacion a y b,2003-05-01,3,4,3,4,7
51102,"CAIZA ""D""",estado nutricional en menores de 5 anos,clasificacion a y b,2003-05-01,27,4,27,4,31
21003,CAJUATA,estado nutricional en menores de 5 anos,clasificacion a y b,2003-05-01,24,6,24,6,30
20303,CALACOTO,estado nutricional en menores de 5 anos,clasificacion a y b,2003-05-01,3,0,3,0,3
21304,CALAMARCA,estado nutricional en menores de 5 anos,clasificacion a y b,2003-05-01,5,2,5,2,7
10701,CAMARGO,estado nutricional en menores de 5 anos,clasificacion a y b,2003-05-01,21,4,21,4,25
10901,CAMATAQUI (C. VILLA ABECIA),estado nutricional en menores de 5 anos,clasificacion a y b,2003-05-01,3,2,3,2,5
70706,CAMIRI,estado nutricional en menores de 5 anos,clasificacion a y b,2003-05-01,137,26,137,26,163
30701,CAPINOTA,estado nutricional en menores de 5 anos,clasificacion a y b,2003-05-01,5,0,5,0,5
20302,CAQUIAVIRI,estado nutricional en menores de 5 anos,clasificacion a y b,2003-05-01,12,10,12,10,22
40102,CARACOLLO,estado nutricional en menores de 5 anos,clasificacion a y b,2003-05-01,23,5,23,5,28
22001,CARANAVI,estado nutricional en menores de 5 anos,clasificacion a y b,2003-05-01,136,69,136,69,205
60302,CARAPARI,estado nutricional en menores de 5 anos,clasificacion a y b,2003-05-01,39,7,39,7,46
50702,CARIPUYO,estado nutricional en menores de 5 anos,clasificacion a y b,2003-05-01,1,1,1,1,2
21902,CATACORA,estado nutricional en menores de 5 anos,clasificacion a y b,2003-05-01,2,1,2,1,3
40201,CHALLAPATA,estado nutricional en menores de 5 anos,clasificacion a y b,2003-05-01,18,6,18,6,24
50302,CHAQUI,estado nutricional en menores de 5 anos,clasificacion a y b,2003-05-01,18,1,18,1,19
70702,CHARAGUA,estado nutricional en menores de 5 anos,clasificacion a y b,2003-05-01,105,40,105,40,145
20305,CHARAÃ‘A,estado nutricional en menores de 5 anos,clasificacion a y b,2003-05-01,1,1,1,1,2
50202,CHAYANTA,estado nutricional en menores de 5 anos,clasificacion a y b,2003-05-01,6,3,6,3,9
31204,CHIMORE,estado nutricional en menores de 5 anos,clasificacion a y b,2003-05-01,23,4,23,4,27
40302,CHOQUE COTA,estado nutricional en menores de 5 anos,clasificacion a y b,2003-05-01,3,0,3,0,3
21101,CHULUMANI (V. DE LA LIBERTAD),estado nutricional en menores de 5 anos,clasificacion a y b,2003-05-01,11,0,11,0,11
20501,CHUMA,estado nutricional en menores de 5 anos,clasificacion a y b,2003-05-01,13,3,13,3,16
30801,CLIZA,estado nutricional en menores de 5 anos,clasificacion a y b,2003-05-01,31,6,31,6,37
90101,COBIJA,estado nutricional en menores de 5 anos,clasificacion a y b,2003-05-01,149,29,149,29,178
30101,COCHABAMBA,estado nutricional en menores de 5 anos,clasificacion a y b,2003-05-01,2437,379,2437,379,2816
40902,COIPASA,estado nutricional en menores de 5 anos,clasificacion a y b,2003-05-01,4,0,4,0,4
30905,COLCAPIRHUA,estado nutricional en menores de 5 anos,clasificacion a y b,2003-05-01,10,3,10,3,13
50901,"COLCHA ""K""",estado nutricional en menores de 5 anos,clasificacion a y b,2003-05-01,20,10,20,10,30
31002,COLOMI,estado nutricional en menores de 5 anos,clasificacion a y b,2003-05-01,33,5,33,5,38
50401,COLQUECHACA,estado nutricional en menores de 5 anos,clasificacion a y b,2003-05-01,33,17,33,17,50
21306,COLQUENCHA,estado nutricional en menores de 5 anos,clasificacion a y b,2003-05-01,10,2,10,2,12
21004,COLQUIRI,estado nutricional en menores de 5 anos,clasificacion a y b,2003-05-01,41,16,41,16,57
20304,COMANCHE,estado nutricional en menores de 5 anos,clasificacion a y b,2003-05-01,1,0,1,0,1
71301,COMARAPA,estado nutricional en menores de 5 anos,clasificacion a y b,2003-05-01,66,28,66,28,94
20605,COMBAYA,estado nutricional en menores de 5 anos,clasificacion a y b,2003-05-01,2,1,2,1,3
71101,CONCEPCION,estado nutricional en menores de 5 anos,clasificacion a y b,2003-05-01,24,6,24,6,30
21701,COPACABANA,estado nutricional en menores de 5 anos,clasificacion a y b,2003-05-01,19,9,19,9,28
21402,CORIPATA,estado nutricional en menores de 5 anos,clasificacion a y b,2003-05-01,50,0,50,0,50
20301,CORO CORO,estado nutricional en menores de 5 anos,clasificacion a y b,2003-05-01,6,0,6,0,6
21401,COROICO,estado nutricional en menores de 5 anos,clasificacion a y b,2003-05-01,7,9,7,9,16
40301,CORQUE,estado nutricional en menores de 5 anos,clasificacion a y b,2003-05-01,5,1,5,1,6
50601,COTAGAITA,estado nutricional en menores de 5 anos,clasificacion a y b,2003-05-01,42,24,42,24,66
70102,COTOCA,estado nutricional en menores de 5 anos,clasificacion a y b,2003-05-01,48,5,48,5,53
70704,CUEVO,estado nutricional en menores de 5 anos,clasificacion a y b,2003-05-01,11,3,11,3,14
10902,CULPINA,estado nutricional en menores de 5 anos,clasificacion a y b,2003-05-01,46,13,46,13,59
40401,CURAHUARA DE CARANGAS,estado nutricional en menores de 5 anos,clasificacion a y b,2003-05-01,3,4,3,4,7
21602,CURVA,estado nutricional en menores de 5 anos,clasificacion a y b,2003-05-01,4,1,4,1,5
20804,DESAGUADERO,estado nutricional en menores de 5 anos,clasificacion a y b,2003-05-01,1,4,1,4,5
20105,EL ALTO,estado nutricional en menores de 5 anos,clasificacion a y b,2003-05-01,682,216,682,216,898
40103,EL CHORO,estado nutricional en menores de 5 anos,clasificacion a y b,2003-05-01,7,1,7,1,8
71503,EL PUENTE(STC),estado nutricional en menores de 5 anos,clasificacion a y b,2003-05-01,9,23,9,23,32
60502,EL PUENTE(TJA),estado nutricional en menores de 5 anos,clasificacion a y b,2003-05-01,10,3,10,3,13
70105,EL TORNO,estado nutricional en menores de 5 anos,clasificacion a y b,2003-05-01,108,33,108,33,141
10405,EL VILLAR,estado nutricional en menores de 5 anos,clasificacion a y b,2003-05-01,7,8,7,8,15
60601,ENTRE RIOS,estado nutricional en menores de 5 anos,clasificacion a y b,2003-05-01,28,8,28,8,36
41101,EUCALIPTUS,estado nutricional en menores de 5 anos,clasificacion a y b,2003-05-01,3,8,3,8,11
80402,EXALTACION,estado nutricional en menores de 5 anos,clasificacion a y b,2003-05-01,0,23,0,23,23
90203,FILADELFIA,estado nutricional en menores de 5 anos,clasificacion a y b,2003-05-01,6,4,6,4,10
71002,GENERAL SAAVEDRA,estado nutricional en menores de 5 anos,clasificacion a y b,2003-05-01,51,23,51,23,74
21601,GRAL. J.J. PEREZ (CHARAZANI),estado nutricional en menores de 5 anos,clasificacion a y b,2003-05-01,15,7,15,7,22
20602,GUANAY,estado nutricional en menores de 5 anos,clasificacion a y b,2003-05-01,70,34,70,34,104
20802,GUAQUI,estado nutricional en menores de 5 anos,clasificacion a y b,2003-05-01,5,1,5,1,6
80202,GUAYARAMERIN,estado nutricional en menores de 5 anos,clasificacion a y b,2003-05-01,102,9,102,9,111
70705,GUTIERREZ,estado nutricional en menores de 5 anos,clasificacion a y b,2003-05-01,75,15,75,15,90
10502,HUACARETA,estado nutricional en menores de 5 anos,clasificacion a y b,2003-05-01,23,32,23,32,55
11002,HUACAYA (VILLA DE HUACAYA),estado nutricional en menores de 5 anos,clasificacion a y b,2003-05-01,16,1,16,1,17
40501,HUACHACALLA,estado nutricional en menores de 5 anos,clasificacion a y b,2003-05-01,1,1,1,1,2
40701,HUANUNI,estado nutricional en menores de 5 anos,clasificacion a y b,2003-05-01,50,13,50,13,63
80803,HUARACAJE,estado nutricional en menores de 5 anos,clasificacion a y b,2003-05-01,9,12,9,12,21
41601,HUAYLLAMARCA,estado nutricional en menores de 5 anos,clasificacion a y b,2003-05-01,3,0,3,0,3
21005,ICHOCA,estado nutricional en menores de 5 anos,clasificacion a y b,2003-05-01,19,36,19,36,55
10304,ICLA,estado nutricional en menores de 5 anos,clasificacion a y b,2003-05-01,30,1,30,1,31
10703,INCAHUASI,estado nutricional en menores de 5 anos,clasificacion a y b,2003-05-01,38,5,38,5,43
21001,INQUISIVI,estado nutricional en menores de 5 anos,clasificacion a y b,2003-05-01,70,55,70,55,125
21102,IRUPANA (VILLA DE LANZA),estado nutricional en menores de 5 anos,clasificacion a y b,2003-05-01,22,23,22,23,45
21501,IXIAMAS,estado nutricional en menores de 5 anos,clasificacion a y b,2003-05-01,16,14,16,14,30
21105,LA ASUNTA,estado nutricional en menores de 5 anos,clasificacion a y b,2003-05-01,69,4,69,4,73
70104,LA GUARDIA,estado nutricional en menores de 5 anos,clasificacion a y b,2003-05-01,100,52,100,52,152
20101,LA PAZ,estado nutricional en menores de 5 anos,clasificacion a y b,2003-05-01,645,219,645,219,864
70701,LAGUNILLAS,estado nutricional en menores de 5 anos,clasificacion a y b,2003-05-01,35,13,35,13,48
21202,LAJA,estado nutricional en menores de 5 anos,clasificacion a y b,2003-05-01,28,10,28,10,38
10903,LAS CARRERAS,estado nutricional en menores de 5 anos,clasificacion a y b,2003-05-01,16,9,16,9,25
21006,LICOMA PAMPA,estado nutricional en menores de 5 anos,clasificacion a y b,2003-05-01,2,1,2,1,3
50203,LLALLAGUA,estado nutricional en menores de 5 anos,clasificacion a y b,2003-05-01,41,37,41,37,78
51401,LLICA,estado nutricional en menores de 5 anos,clasificacion a y b,2003-05-01,6,2,6,2,8
80601,LORETO,estado nutricional en menores de 5 anos,clasificacion a y b,2003-05-01,4,9,4,9,13
20901,LURIBAY,estado nutricional en menores de 5 anos,clasificacion a y b,2003-05-01,8,4,8,4,12
40702,MACHACAMARCA,estado nutricional en menores de 5 anos,clasificacion a y b,2003-05-01,7,0,7,0,7
11003,MACHARETI,estado nutricional en menores de 5 anos,clasificacion a y b,2003-05-01,44,28,44,28,72
80801,MAGDALENA,estado nutricional en menores de 5 anos,clasificacion a y b,2003-05-01,29,14,29,14,43
70903,MAIRANA,estado nutricional en menores de 5 anos,clasificacion a y b,2003-05-01,41,7,41,7,48
20103,MECAPACA,estado nutricional en menores de 5 anos,clasificacion a y b,2003-05-01,4,5,4,5,9
71003,MINEROS,estado nutricional en menores de 5 anos,clasificacion a y b,2003-05-01,253,66,253,66,319
31301,MIZQUE,estado nutricional en menores de 5 anos,clasificacion a y b,2003-05-01,25,11,25,11,36
20402,MOCOMOCO,estado nutricional en menores de 5 anos,clasificacion a y b,2003-05-01,21,1,21,1,22
51002,MOJINETE,estado nutricional en menores de 5 anos,clasificacion a y b,2003-05-01,3,1,3,1,4
10303,MOJOCOYA,estado nutricional en menores de 5 anos,clasificacion a y b,2003-05-01,35,14,35,14,49
10501,MONTEAGUDO,estado nutricional en menores de 5 anos,clasificacion a y b,2003-05-01,114,31,114,31,145
71001,MONTERO,estado nutricional en menores de 5 anos,clasificacion a y b,2003-05-01,424,105,424,105,529
70803,MORO MORO,estado nutricional en menores de 5 anos,clasificacion a y b,2003-05-01,11,2,11,2,13
30302,MOROCHATA,estado nutricional en menores de 5 anos,clasificacion a y b,2003-05-01,45,8,45,8,53
90401,NACEBE (SANTA ROSA DEL ABUNA),estado nutricional en menores de 5 anos,clasificacion a y b,2003-05-01,1,0,1,0,1
90501,NUEVO MANOA (NUEVA ESPERANZA),estado nutricional en menores de 5 anos,clasificacion a y b,2003-05-01,1,6,1,6,7
50404,OCURI,estado nutricional en menores de 5 anos,clasificacion a y b,2003-05-01,11,10,11,10,21
30203,OMEREQUE,estado nutricional en menores de 5 anos,clasificacion a y b,2003-05-01,17,1,17,1,18
40101,ORURO,estado nutricional en menores de 5 anos,clasificacion a y b,2003-05-01,293,73,293,73,366
60201,PADCAYA,estado nutricional en menores de 5 anos,clasificacion a y b,2003-05-01,53,50,53,50,103
10401,PADILLA,estado nutricional en menores de 5 anos,clasificacion a y b,2003-05-01,60,8,60,8,68
70502,PAILON,estado nutricional en menores de 5 anos,clasificacion a y b,2003-05-01,16,9,16,9,25
20102,PALCA,estado nutricional en menores de 5 anos,clasificacion a y b,2003-05-01,19,28,19,28,47
21104,PALOS BLANCOS,estado nutricional en menores de 5 anos,clasificacion a y b,2003-05-01,53,19,53,19,72
40802,PAMPA AULLAGAS,estado nutricional en menores de 5 anos,clasificacion a y b,2003-05-01,1,0,1,0,1
70902,PAMPA GRANDE,estado nutricional en menores de 5 anos,clasificacion a y b,2003-05-01,23,10,23,10,33
21802,PAPEL PAMPA,estado nutricional en menores de 5 anos,clasificacion a y b,2003-05-01,3,3,3,3,6
30202,PASORAPA,estado nutricional en menores de 5 anos,clasificacion a y b,2003-05-01,17,0,17,0,17
21305,PATACAMAYA,estado nutricional en menores de 5 anos,clasificacion a y b,2003-05-01,35,6,35,6,41
40602,PAZÃ‘A,estado nutricional en menores de 5 anos,clasificacion a y b,2003-05-01,3,1,3,1,4
20702,PELECHUCO,estado nutricional en menores de 5 anos,clasificacion a y b,2003-05-01,9,2,9,2,11
50403,POCOATA,estado nutricional en menores de 5 anos,clasificacion a y b,2003-05-01,24,14,24,14,38
31203,POCONA,estado nutricional en menores de 5 anos,clasificacion a y b,2003-05-01,6,2,6,2,8
31202,POJO (CBBA),estado nutricional en menores de 5 anos,clasificacion a y b,2003-05-01,111,46,111,46,157
40601,POOPO,estado nutricional en menores de 5 anos,clasificacion a y b,2003-05-01,5,2,5,2,7
51203,PORCO,estado nutricional en menores de 5 anos,clasificacion a y b,2003-05-01,8,8,8,8,16
10103,POROMA,estado nutricional en menores de 5 anos,clasificacion a y b,2003-05-01,67,23,67,23,90
70103,PORONGO,estado nutricional en menores de 5 anos,clasificacion a y b,2003-05-01,9,3,9,3,12
70601,PORTACHUELO,estado nutricional en menores de 5 anos,clasificacion a y b,2003-05-01,123,37,123,37,160
90102,PORVENIR,estado nutricional en menores de 5 anos,clasificacion a y b,2003-05-01,10,1,10,1,11
70804,POSTRER VALLE,estado nutricional en menores de 5 anos,clasificacion a y b,2003-05-01,8,4,8,4,12
50101,POTOSI,estado nutricional en menores de 5 anos,clasificacion a y b,2003-05-01,117,17,117,17,134
10302,PRESTO,estado nutricional en menores de 5 anos,clasificacion a y b,2003-05-01,15,3,15,3,18
70805,PUCARA,estado nutricional en menores de 5 anos,clasificacion a y b,2003-05-01,3,3,3,3,6
21201,PUCARANI,estado nutricional en menores de 5 anos,clasificacion a y b,2003-05-01,44,5,44,5,49
20401,PUERTO ACOSTA,estado nutricional en menores de 5 anos,clasificacion a y b,2003-05-01,49,60,49,60,109
20403,PUERTO CARABUCO,estado nutricional en menores de 5 anos,clasificacion a y b,2003-05-01,25,3,25,3,28
90301,PUERTO GONZALO MORENO,estado nutricional en menores de 5 anos,clasificacion a y b,2003-05-01,1,1,1,1,2
21204,PUERTO PEREZ,estado nutricional en menores de 5 anos,clasificacion a y b,2003-05-01,10,0,10,0,10
71402,PUERTO QUIJARRO,estado nutricional en menores de 5 anos,clasificacion a y b,2003-05-01,46,7,46,7,53
90201,PUERTO RICO,estado nutricional en menores de 5 anos,clasificacion a y b,2003-05-01,6,6,6,6,12
80703,PUERTO SILES,estado nutricional en menores de 5 anos,clasificacion a y b,2003-05-01,3,1,3,1,4
71401,PUERTO SUAREZ,estado nutricional en menores de 5 anos,clasificacion a y b,2003-05-01,41,4,41,4,45
31205,PUERTO VILLARROEL,estado nutricional en menores de 5 anos,clasificacion a y b,2003-05-01,191,80,191,80,271
51101,PUNA,estado nutricional en menores de 5 anos,clasificacion a y b,2003-05-01,37,20,37,20,57
20604,QUIABAYA,estado nutricional en menores de 5 anos,clasificacion a y b,2003-05-01,6,1,6,1,7
30901,QUILLACOLLO,estado nutricional en menores de 5 anos,clasificacion a y b,2003-05-01,65,47,65,47,112
21002,QUIME,estado nutricional en menores de 5 anos,clasificacion a y b,2003-05-01,24,11,24,11,35
70904,QUIRUSILLAS,estado nutricional en menores de 5 anos,clasificacion a y b,2003-05-01,4,1,4,1,5
50402,RAVELO,estado nutricional en menores de 5 anos,clasificacion a y b,2003-05-01,6,3,6,3,9
80301,REYES,estado nutricional en menores de 5 anos,clasificacion a y b,2003-05-01,71,17,71,17,88
80201,RIBERALTA,estado nutricional en menores de 5 anos,clasificacion a y b,2003-05-01,182,41,182,41,223
70503,ROBORE,estado nutricional en menores de 5 anos,clasificacion a y b,2003-05-01,40,11,40,11,51
80304,RURRENABAQUE,estado nutricional en menores de 5 anos,clasificacion a y b,2003-05-01,26,6,26,6,32
40901,SABAYA,estado nutricional en menores de 5 anos,clasificacion a y b,2003-05-01,3,11,3,11,14
31001,SACABA,estado nutricional en menores de 5 anos,clasificacion a y b,2003-05-01,94,22,94,22,116
50701,SACACA,estado nutricional en menores de 5 anos,clasificacion a y b,2003-05-01,20,4,20,4,24
71302,SAIPINA,estado nutricional en menores de 5 anos,clasificacion a y b,2003-05-01,54,15,54,15,69
40801,SALINAS DE GARCI MENDOZA,estado nutricional en menores de 5 anos,clasificacion a y b,2003-05-01,0,2,0,2,2
70901,SAMAIPATA,estado nutricional en menores de 5 anos,clasificacion a y b,2003-05-01,33,10,33,10,43
51601,SAN AGUSTIN,estado nutricional en menores de 5 anos,clasificacion a y b,2003-05-01,5,0,5,0,5
80602,SAN ANDRES,estado nutricional en menores de 5 anos,clasificacion a y b,2003-05-01,1,0,1,0,1
51003,SAN ANTONIO DE ESMORUCO,estado nutricional en menores de 5 anos,clasificacion a y b,2003-05-01,1,0,1,0,1
71105,SAN ANTONIO DE LOMERIO,estado nutricional en menores de 5 anos,clasificacion a y b,2003-05-01,5,6,5,6,11
80302,SAN BORJA,estado nutricional en menores de 5 anos,clasificacion a y b,2003-05-01,142,26,142,26,168
21502,SAN BUENA VENTURA,estado nutricional en menores de 5 anos,clasificacion a y b,2003-05-01,24,11,24,11,35
70402,SAN CARLOS,estado nutricional en menores de 5 anos,clasificacion a y b,2003-05-01,90,44,90,44,134
80501,SAN IGNACIO,estado nutricional en menores de 5 anos,clasificacion a y b,2003-05-01,47,28,47,28,75
70301,SAN IGNACIO DE VELASCO,estado nutricional en menores de 5 anos,clasificacion a y b,2003-05-01,190,18,190,18,208
80102,SAN JAVIER(BNI),estado nutricional en menores de 5 anos,clasificacion a y b,2003-05-01,4,0,4,0,4
71102,SAN JAVIER(STC),estado nutricional en menores de 5 anos,clasificacion a y b,2003-05-01,41,8,41,8,49
80701,SAN JOAQUIN,estado nutricional en menores de 5 anos,clasificacion a y b,2003-05-01,14,5,14,5,19
70501,SAN JOSE DE CHIQUITOS,estado nutricional en menores de 5 anos,clasificacion a y b,2003-05-01,19,13,19,13,32
71104,SAN JULIAN,estado nutricional en menores de 5 anos,clasificacion a y b,2003-05-01,141,66,141,66,207
90302,SAN LORENZO(PND),estado nutricional en menores de 5 anos,clasificacion a y b,2003-05-01,4,3,4,3,7
60501,SAN LORENZO(TJA),estado nutricional en menores de 5 anos,clasificacion a y b,2003-05-01,24,12,24,12,36
10702,SAN LUCAS,estado nutricional en menores de 5 anos,clasificacion a y b,2003-05-01,38,26,38,26,64
70302,SAN MIGUEL DE VELASCO,estado nutricional en menores de 5 anos,clasificacion a y b,2003-05-01,12,2,12,2,14
51001,SAN PABLO DE LIPEZ,estado nutricional en menores de 5 anos,clasificacion a y b,2003-05-01,2,0,2,0,2
50501,SAN PEDRO DE BUENA VISTA,estado nutricional en menores de 5 anos,clasificacion a y b,2003-05-01,16,39,16,39,55
50902,SAN PEDRO DE QUEMES,estado nutricional en menores de 5 anos,clasificacion a y b,2003-05-01,1,2,1,2,3
21702,SAN PEDRO DE TIQUINA,estado nutricional en menores de 5 anos,clasificacion a y b,2003-05-01,3,2,3,2,5
70303,SAN RAFAEL,estado nutricional en menores de 5 anos,clasificacion a y b,2003-05-01,13,6,13,6,19
80702,SAN RAMON,estado nutricional en menores de 5 anos,clasificacion a y b,2003-05-01,5,5,5,5,10
80702,SAN RAMON,estado nutricional en menores de 5 anos,clasificacion a y b,2003-05-01,98,32,98,32,130
80401,SANTA ANA,estado nutricional en menores de 5 anos,clasificacion a y b,2003-05-01,0,10,0,10,10
70101,SANTA CRUZ DE LA SIERRA,estado nutricional en menores de 5 anos,clasificacion a y b,2003-05-01,844,283,844,283,1127
80303,SANTA ROSA,estado nutricional en menores de 5 anos,clasificacion a y b,2003-05-01,13,9,13,9,22
70602,SANTA ROSA DEL SARA,estado nutricional en menores de 5 anos,clasificacion a y b,2003-05-01,12,14,12,14,26
20308,SANTIAGO DE CALLAPA,estado nutricional en menores de 5 anos,clasificacion a y b,2003-05-01,10,2,10,2,12
41401,SANTIAGO DE HUARI,estado nutricional en menores de 5 anos,clasificacion a y b,2003-05-01,5,0,5,0,5
21901,SANTIAGO DE MACHACA,estado nutricional en menores de 5 anos,clasificacion a y b,2003-05-01,2,2,2,2,4
30702,SANTIVAÃ‘ES,estado nutricional en menores de 5 anos,clasificacion a y b,2003-05-01,5,0,5,0,5
40202,SANTUARIO DE QUILLACAS,estado nutricional en menores de 5 anos,clasificacion a y b,2003-05-01,1,0,1,0,1
20902,SAPAHAQUI,estado nutricional en menores de 5 anos,clasificacion a y b,2003-05-01,8,11,8,11,19
90303,SENA,estado nutricional en menores de 5 anos,clasificacion a y b,2003-05-01,14,0,14,0,14
21301,SICA SICA (VILLA AROMA),estado nutricional en menores de 5 anos,clasificacion a y b,2003-05-01,12,8,12,8,20
30902,SIPE SIPE,estado nutricional en menores de 5 anos,clasificacion a y b,2003-05-01,85,24,85,24,109
10403,SOPACHUY,estado nutricional en menores de 5 anos,clasificacion a y b,2003-05-01,6,5,6,5,11
20601,SORATA,estado nutricional en menores de 5 anos,clasificacion a y b,2003-05-01,37,7,37,7,44
10101,SUCRE,estado nutricional en menores de 5 anos,clasificacion a y b,2003-05-01,357,103,357,103,460
20603,TACACOMA,estado nutricional en menores de 5 anos,clasificacion a y b,2003-05-01,26,14,26,14,40
50303,TACOBAMBA,estado nutricional en menores de 5 anos,clasificacion a y b,2003-05-01,22,10,22,10,32
30602,TACOPAYA,estado nutricional en menores de 5 anos,clasificacion a y b,2003-05-01,7,0,7,0,7
51402,TAHUA,estado nutricional en menores de 5 anos,clasificacion a y b,2003-05-01,3,2,3,2,5
31101,TAPACARI,estado nutricional en menores de 5 anos,clasificacion a y b,2003-05-01,18,6,18,6,24
10601,TARABUCO,estado nutricional en menores de 5 anos,clasificacion a y b,2003-05-01,40,7,40,7,47
30401,TARATA,estado nutricional en menores de 5 anos,clasificacion a y b,2003-05-01,4,15,4,15,19
60101,TARIJA,estado nutricional en menores de 5 anos,clasificacion a y b,2003-05-01,429,154,429,154,583
10202,TARVITA,estado nutricional en menores de 5 anos,clasificacion a y b,2003-05-01,20,29,20,29,49
20803,TIAWANACU,estado nutricional en menores de 5 anos,clasificacion a y b,2003-05-01,25,10,25,10,35
50102,TINGUIPAYA,estado nutricional en menores de 5 anos,clasificacion a y b,2003-05-01,7,0,7,0,7
20606,TIPUANI,estado nutricional en menores de 5 anos,clasificacion a y b,2003-05-01,23,0,23,0,23
30903,TIQUIPAYA,estado nutricional en menores de 5 anos,clasificacion a y b,2003-05-01,38,7,38,7,45
31601,TIRAQUE (CBBA),estado nutricional en menores de 5 anos,clasificacion a y b,2003-05-01,79,14,79,14,93
30802,TOCO,estado nutricional en menores de 5 anos,clasificacion a y b,2003-05-01,0,3,0,3,3
30803,TOLATA,estado nutricional en menores de 5 anos,clasificacion a y b,2003-05-01,4,6,4,6,10
41001,TOLEDO,estado nutricional en menores de 5 anos,clasificacion a y b,2003-05-01,1,0,1,0,1
51202,TOMAVE,estado nutricional en menores de 5 anos,clasificacion a y b,2003-05-01,9,2,9,2,11
10402,TOMINA,estado nutricional en menores de 5 anos,clasificacion a y b,2003-05-01,24,7,24,7,31
50502,TORO TORO,estado nutricional en menores de 5 anos,clasificacion a y b,2003-05-01,8,3,8,3,11
31201,TOTORA(CBBA),estado nutricional en menores de 5 anos,clasificacion a y b,2003-05-01,19,2,19,2,21
41301,TOTORA(ORR),estado nutricional en menores de 5 anos,clasificacion a y b,2003-05-01,3,2,3,2,5
70802,TRIGAL,estado nutricional en menores de 5 anos,clasificacion a y b,2003-05-01,3,0,3,0,3
80101,TRINIDAD,estado nutricional en menores de 5 anos,clasificacion a y b,2003-05-01,135,44,135,44,179
50801,TUPIZA,estado nutricional en menores de 5 anos,clasificacion a y b,2003-05-01,58,64,58,64,122
21302,UMALA,estado nutricional en menores de 5 anos,clasificacion a y b,2003-05-01,5,8,5,8,13
50201,UNCIA,estado nutricional en menores de 5 anos,clasificacion a y b,2003-05-01,2,0,2,0,2
60401,URIONDO (A. CONCEPCION),estado nutricional en menores de 5 anos,clasificacion a y b,2003-05-01,67,6,67,6,73
51201,UYUNI,estado nutricional en menores de 5 anos,clasificacion a y b,2003-05-01,65,6,65,6,71
70801,VALLEGRANDE,estado nutricional en menores de 5 anos,clasificacion a y b,2003-05-01,63,28,63,28,91
20801,VIACHA,estado nutricional en menores de 5 anos,clasificacion a y b,2003-05-01,67,36,67,36,103
31302,VILA VILA,estado nutricional en menores de 5 anos,clasificacion a y b,2003-05-01,3,2,3,2,5
60303,VILLA MONTES,estado nutricional en menores de 5 anos,clasificacion a y b,2003-05-01,76,15,76,15,91
10801,VILLA SERRANO,estado nutricional en menores de 5 anos,clasificacion a y b,2003-05-01,26,5,26,5,31
31003,VILLA TUNARI,estado nutricional en menores de 5 anos,clasificacion a y b,2003-05-01,65,28,65,28,93
11001,VILLA VACA GUZMAN (MUYUPAMPA),estado nutricional en menores de 5 anos,clasificacion a y b,2003-05-01,74,19,74,19,93
51501,VILLAZON,estado nutricional en menores de 5 anos,clasificacion a y b,2003-05-01,52,7,52,7,59
50602,VITICHI,estado nutricional en menores de 5 anos,clasificacion a y b,2003-05-01,28,11,28,11,39
70201,WARNES,estado nutricional en menores de 5 anos,clasificacion a y b,2003-05-01,16,4,16,4,20
20903,YACO,estado nutricional en menores de 5 anos,clasificacion a y b,2003-05-01,7,14,7,14,21
60301,YACUIBA,estado nutricional en menores de 5 anos,clasificacion a y b,2003-05-01,361,78,361,78,439
10602,YAMPARAEZ,estado nutricional en menores de 5 anos,clasificacion a y b,2003-05-01,31,7,31,7,38
21103,YANACACHI,estado nutricional en menores de 5 anos,clasificacion a y b,2003-05-01,11,14,11,14,25
70403,YAPACANI,estado nutricional en menores de 5 anos,clasificacion a y b,2003-05-01,111,66,111,66,177
50103,YOCALLA,estado nutricional en menores de 5 anos,clasificacion a y b,2003-05-01,4,1,4,1,5
10102,YOTALA,estado nutricional en menores de 5 anos,clasificacion a y b,2003-05-01,25,13,25,13,38
60402,YUNCHARA,estado nutricional en menores de 5 anos,clasificacion a y b,2003-05-01,7,1,7,1,8
10301,ZUDAÃ‘EZ,estado nutricional en menores de 5 anos,clasificacion a y b,2003-05-01,13,1,13,1,14
51302,ACACIO,estado nutricional en menores de 5 anos,clasificacion a y b,2003-06-01,3,0,3,0,3
20201,ACHACACHI,estado nutricional en menores de 5 anos,clasificacion a y b,2003-06-01,75,62,75,62,137
20104,ACHOCALLA,estado nutricional en menores de 5 anos,clasificacion a y b,2003-06-01,4,2,4,2,6
30201,AIQUILE,estado nutricional en menores de 5 anos,clasificacion a y b,2003-06-01,18,4,18,4,22
10404,ALCALA,estado nutricional en menores de 5 anos,clasificacion a y b,2003-06-01,14,4,14,4,18
20202,ANCORAIMES,estado nutricional en menores de 5 anos,clasificacion a y b,2003-06-01,8,0,8,0,8
30402,ANZALDO,estado nutricional en menores de 5 anos,clasificacion a y b,2003-06-01,5,8,5,8,13
20701,APOLO,estado nutricional en menores de 5 anos,clasificacion a y b,2003-06-01,10,4,10,4,14
51301,ARAMPAMPA,estado nutricional en menores de 5 anos,clasificacion a y b,2003-06-01,7,5,7,5,12
30501,ARANI,estado nutricional en menores de 5 anos,clasificacion a y b,2003-06-01,5,3,5,3,8
30403,ARBIETO,estado nutricional en menores de 5 anos,clasificacion a y b,2003-06-01,1,0,1,0,1
30601,ARQUE,estado nutricional en menores de 5 anos,clasificacion a y b,2003-06-01,17,5,17,5,22
71501,ASCENCION DE GUARAYOS,estado nutricional en menores de 5 anos,clasificacion a y b,2003-06-01,68,21,68,21,89
50802,ATOCHA,estado nutricional en menores de 5 anos,clasificacion a y b,2003-06-01,12,10,12,10,22
20503,AUCAPATA,estado nutricional en menores de 5 anos,clasificacion a y b,2003-06-01,3,0,3,0,3
20502,AYATA,estado nutricional en menores de 5 anos,clasificacion a y b,2003-06-01,18,1,18,1,19
21303,AYO AYO,estado nutricional en menores de 5 anos,clasificacion a y b,2003-06-01,39,13,39,13,52
30301,AYOPAYA (V. DE INDEPENDENCIA),estado nutricional en menores de 5 anos,clasificacion a y b,2003-06-01,23,7,23,7,30
10201,AZURDUY,estado nutricional en menores de 5 anos,clasificacion a y b,2003-06-01,14,3,14,3,17
21203,BATALLAS,estado nutricional en menores de 5 anos,clasificacion a y b,2003-06-01,12,8,12,8,20
80802,BAURES,estado nutricional en menores de 5 anos,clasificacion a y b,2003-06-01,10,2,10,2,12
90104,BELLA FLOR,estado nutricional en menores de 5 anos,clasificacion a y b,2003-06-01,18,6,18,6,24
60202,BERMEJO,estado nutricional en menores de 5 anos,clasificacion a y b,2003-06-01,34,28,34,28,62
50301,BETANZOS,estado nutricional en menores de 5 anos,clasificacion a y b,2003-06-01,28,2,28,2,30
31501,BOLIVAR,estado nutricional en menores de 5 anos,clasificacion a y b,2003-06-01,2,0,2,0,2
90103,BOLPEBRA,estado nutricional en menores de 5 anos,clasificacion a y b,2003-06-01,2,1,2,1,3
70707,BOYUIBE,estado nutricional en menores de 5 anos,clasificacion a y b,2003-06-01,14,6,14,6,20
70401,BUENA VISTA,estado nutricional en menores de 5 anos,clasificacion a y b,2003-06-01,76,25,76,25,101
70703,CABEZAS,estado nutricional en menores de 5 anos,clasificacion a y b,2003-06-01,40,17,40,17,57
20905,CAIROMA,estado nutricional en menores de 5 anos,clasificacion a y b,2003-06-01,15,3,15,3,18
51102,"CAIZA ""D""",estado nutricional en menores de 5 anos,clasificacion a y b,2003-06-01,16,1,16,1,17
21003,CAJUATA,estado nutricional en menores de 5 anos,clasificacion a y b,2003-06-01,28,1,28,1,29
20303,CALACOTO,estado nutricional en menores de 5 anos,clasificacion a y b,2003-06-01,5,0,5,0,5
21304,CALAMARCA,estado nutricional en menores de 5 anos,clasificacion a y b,2003-06-01,13,1,13,1,14
10701,CAMARGO,estado nutricional en menores de 5 anos,clasificacion a y b,2003-06-01,18,0,18,0,18
10901,CAMATAQUI (C. VILLA ABECIA),estado nutricional en menores de 5 anos,clasificacion a y b,2003-06-01,5,0,5,0,5
70706,CAMIRI,estado nutricional en menores de 5 anos,clasificacion a y b,2003-06-01,91,23,91,23,114
30701,CAPINOTA,estado nutricional en menores de 5 anos,clasificacion a y b,2003-06-01,3,1,3,1,4
20302,CAQUIAVIRI,estado nutricional en menores de 5 anos,clasificacion a y b,2003-06-01,12,4,12,4,16
40102,CARACOLLO,estado nutricional en menores de 5 anos,clasificacion a y b,2003-06-01,20,2,20,2,22
22001,CARANAVI,estado nutricional en menores de 5 anos,clasificacion a y b,2003-06-01,81,22,81,22,103
60302,CARAPARI,estado nutricional en menores de 5 anos,clasificacion a y b,2003-06-01,44,11,44,11,55
50702,CARIPUYO,estado nutricional en menores de 5 anos,clasificacion a y b,2003-06-01,14,0,14,0,14
40201,CHALLAPATA,estado nutricional en menores de 5 anos,clasificacion a y b,2003-06-01,22,5,22,5,27
50302,CHAQUI,estado nutricional en menores de 5 anos,clasificacion a y b,2003-06-01,15,0,15,0,15
70702,CHARAGUA,estado nutricional en menores de 5 anos,clasificacion a y b,2003-06-01,90,29,90,29,119
50202,CHAYANTA,estado nutricional en menores de 5 anos,clasificacion a y b,2003-06-01,9,3,9,3,12
31204,CHIMORE,estado nutricional en menores de 5 anos,clasificacion a y b,2003-06-01,21,10,21,10,31
40903,CHIPAYA,estado nutricional en menores de 5 anos,clasificacion a y b,2003-06-01,1,0,1,0,1
40302,CHOQUE COTA,estado nutricional en menores de 5 anos,clasificacion a y b,2003-06-01,3,0,3,0,3
21101,CHULUMANI (V. DE LA LIBERTAD),estado nutricional en menores de 5 anos,clasificacion a y b,2003-06-01,10,1,10,1,11
20501,CHUMA,estado nutricional en menores de 5 anos,clasificacion a y b,2003-06-01,17,0,17,0,17
30801,CLIZA,estado nutricional en menores de 5 anos,clasificacion a y b,2003-06-01,14,8,14,8,22
90101,COBIJA,estado nutricional en menores de 5 anos,clasificacion a y b,2003-06-01,65,9,65,9,74
30101,COCHABAMBA,estado nutricional en menores de 5 anos,clasificacion a y b,2003-06-01,2478,478,2478,478,2956
40902,COIPASA,estado nutricional en menores de 5 anos,clasificacion a y b,2003-06-01,3,1,3,1,4
30905,COLCAPIRHUA,estado nutricional en menores de 5 anos,clasificacion a y b,2003-06-01,20,0,20,0,20
50901,"COLCHA ""K""",estado nutricional en menores de 5 anos,clasificacion a y b,2003-06-01,18,2,18,2,20
31002,COLOMI,estado nutricional en menores de 5 anos,clasificacion a y b,2003-06-01,26,9,26,9,35
50401,COLQUECHACA,estado nutricional en menores de 5 anos,clasificacion a y b,2003-06-01,24,12,24,12,36
21306,COLQUENCHA,estado nutricional en menores de 5 anos,clasificacion a y b,2003-06-01,12,0,12,0,12
21004,COLQUIRI,estado nutricional en menores de 5 anos,clasificacion a y b,2003-06-01,18,9,18,9,27
71301,COMARAPA,estado nutricional en menores de 5 anos,clasificacion a y b,2003-06-01,64,4,64,4,68
20605,COMBAYA,estado nutricional en menores de 5 anos,clasificacion a y b,2003-06-01,3,0,3,0,3
71101,CONCEPCION,estado nutricional en menores de 5 anos,clasificacion a y b,2003-06-01,3,6,3,6,9
21701,COPACABANA,estado nutricional en menores de 5 anos,clasificacion a y b,2003-06-01,15,4,15,4,19
21402,CORIPATA,estado nutricional en menores de 5 anos,clasificacion a y b,2003-06-01,17,2,17,2,19
20301,CORO CORO,estado nutricional en menores de 5 anos,clasificacion a y b,2003-06-01,3,0,3,0,3
21401,COROICO,estado nutricional en menores de 5 anos,clasificacion a y b,2003-06-01,16,7,16,7,23
40301,CORQUE,estado nutricional en menores de 5 anos,clasificacion a y b,2003-06-01,2,1,2,1,3
50601,COTAGAITA,estado nutricional en menores de 5 anos,clasificacion a y b,2003-06-01,51,16,51,16,67
70102,COTOCA,estado nutricional en menores de 5 anos,clasificacion a y b,2003-06-01,35,0,35,0,35
31405,CUCHUMUELA (V. G. VILLARROEL),estado nutricional en menores de 5 anos,clasificacion a y b,2003-06-01,4,3,4,3,7
70704,CUEVO,estado nutricional en menores de 5 anos,clasificacion a y b,2003-06-01,11,1,11,1,12
10902,CULPINA,estado nutricional en menores de 5 anos,clasificacion a y b,2003-06-01,39,16,39,16,55
40401,CURAHUARA DE CARANGAS,estado nutricional en menores de 5 anos,clasificacion a y b,2003-06-01,2,1,2,1,3
21602,CURVA,estado nutricional en menores de 5 anos,clasificacion a y b,2003-06-01,4,0,4,0,4
20804,DESAGUADERO,estado nutricional en menores de 5 anos,clasificacion a y b,2003-06-01,4,11,4,11,15
20105,EL ALTO,estado nutricional en menores de 5 anos,clasificacion a y b,2003-06-01,713,178,713,178,891
40103,EL CHORO,estado nutricional en menores de 5 anos,clasificacion a y b,2003-06-01,6,3,6,3,9
71503,EL PUENTE(STC),estado nutricional en menores de 5 anos,clasificacion a y b,2003-06-01,13,13,13,13,26
60502,EL PUENTE(TJA),estado nutricional en menores de 5 anos,clasificacion a y b,2003-06-01,9,2,9,2,11
70105,EL TORNO,estado nutricional en menores de 5 anos,clasificacion a y b,2003-06-01,142,23,142,23,165
10405,EL VILLAR,estado nutricional en menores de 5 anos,clasificacion a y b,2003-06-01,15,3,15,3,18
60601,ENTRE RIOS,estado nutricional en menores de 5 anos,clasificacion a y b,2003-06-01,25,14,25,14,39
41101,EUCALIPTUS,estado nutricional en menores de 5 anos,clasificacion a y b,2003-06-01,10,3,10,3,13
90503,EUREKA (SANTOS MERCADO),estado nutricional en menores de 5 anos,clasificacion a y b,2003-06-01,3,3,3,3,6
80402,EXALTACION,estado nutricional en menores de 5 anos,clasificacion a y b,2003-06-01,0,12,0,12,12
90203,FILADELFIA,estado nutricional en menores de 5 anos,clasificacion a y b,2003-06-01,2,1,2,1,3
71002,GENERAL SAAVEDRA,estado nutricional en menores de 5 anos,clasificacion a y b,2003-06-01,83,61,83,61,144
21601,GRAL. J.J. PEREZ (CHARAZANI),estado nutricional en menores de 5 anos,clasificacion a y b,2003-06-01,17,10,17,10,27
20602,GUANAY,estado nutricional en menores de 5 anos,clasificacion a y b,2003-06-01,91,20,91,20,111
20802,GUAQUI,estado nutricional en menores de 5 anos,clasificacion a y b,2003-06-01,4,0,4,0,4
80202,GUAYARAMERIN,estado nutricional en menores de 5 anos,clasificacion a y b,2003-06-01,138,26,138,26,164
70705,GUTIERREZ,estado nutricional en menores de 5 anos,clasificacion a y b,2003-06-01,84,14,84,14,98
10502,HUACARETA,estado nutricional en menores de 5 anos,clasificacion a y b,2003-06-01,30,14,30,14,44
11002,HUACAYA (VILLA DE HUACAYA),estado nutricional en menores de 5 anos,clasificacion a y b,2003-06-01,7,5,7,5,12
40501,HUACHACALLA,estado nutricional en menores de 5 anos,clasificacion a y b,2003-06-01,2,2,2,2,4
40701,HUANUNI,estado nutricional en menores de 5 anos,clasificacion a y b,2003-06-01,42,6,42,6,48
80803,HUARACAJE,estado nutricional en menores de 5 anos,clasificacion a y b,2003-06-01,13,9,13,9,22
41601,HUAYLLAMARCA,estado nutricional en menores de 5 anos,clasificacion a y b,2003-06-01,2,0,2,0,2
21005,ICHOCA,estado nutricional en menores de 5 anos,clasificacion a y b,2003-06-01,2,25,2,25,27
10304,ICLA,estado nutricional en menores de 5 anos,clasificacion a y b,2003-06-01,19,3,19,3,22
10703,INCAHUASI,estado nutricional en menores de 5 anos,clasificacion a y b,2003-06-01,25,6,25,6,31
21001,INQUISIVI,estado nutricional en menores de 5 anos,clasificacion a y b,2003-06-01,43,20,43,20,63
21102,IRUPANA (VILLA DE LANZA),estado nutricional en menores de 5 anos,clasificacion a y b,2003-06-01,15,4,15,4,19
21501,IXIAMAS,estado nutricional en menores de 5 anos,clasificacion a y b,2003-06-01,25,10,25,10,35
21105,LA ASUNTA,estado nutricional en menores de 5 anos,clasificacion a y b,2003-06-01,44,4,44,4,48
70104,LA GUARDIA,estado nutricional en menores de 5 anos,clasificacion a y b,2003-06-01,81,34,81,34,115
20101,LA PAZ,estado nutricional en menores de 5 anos,clasificacion a y b,2003-06-01,613,218,613,218,831
41501,LA RIVERA,estado nutricional en menores de 5 anos,clasificacion a y b,2003-06-01,1,0,1,0,1
70701,LAGUNILLAS,estado nutricional en menores de 5 anos,clasificacion a y b,2003-06-01,44,6,44,6,50
21202,LAJA,estado nutricional en menores de 5 anos,clasificacion a y b,2003-06-01,28,6,28,6,34
10903,LAS CARRERAS,estado nutricional en menores de 5 anos,clasificacion a y b,2003-06-01,16,2,16,2,18
21006,LICOMA PAMPA,estado nutricional en menores de 5 anos,clasificacion a y b,2003-06-01,2,3,2,3,5
50203,LLALLAGUA,estado nutricional en menores de 5 anos,clasificacion a y b,2003-06-01,18,77,18,77,95
51401,LLICA,estado nutricional en menores de 5 anos,clasificacion a y b,2003-06-01,4,1,4,1,5
80601,LORETO,estado nutricional en menores de 5 anos,clasificacion a y b,2003-06-01,9,8,9,8,17
20901,LURIBAY,estado nutricional en menores de 5 anos,clasificacion a y b,2003-06-01,10,2,10,2,12
40702,MACHACAMARCA,estado nutricional en menores de 5 anos,clasificacion a y b,2003-06-01,5,3,5,3,8
11003,MACHARETI,estado nutricional en menores de 5 anos,clasificacion a y b,2003-06-01,36,9,36,9,45
80801,MAGDALENA,estado nutricional en menores de 5 anos,clasificacion a y b,2003-06-01,12,3,12,3,15
70903,MAIRANA,estado nutricional en menores de 5 anos,clasificacion a y b,2003-06-01,29,3,29,3,32
20103,MECAPACA,estado nutricional en menores de 5 anos,clasificacion a y b,2003-06-01,7,9,7,9,16
71003,MINEROS,estado nutricional en menores de 5 anos,clasificacion a y b,2003-06-01,286,62,286,62,348
31301,MIZQUE,estado nutricional en menores de 5 anos,clasificacion a y b,2003-06-01,6,0,6,0,6
20402,MOCOMOCO,estado nutricional en menores de 5 anos,clasificacion a y b,2003-06-01,19,3,19,3,22
51002,MOJINETE,estado nutricional en menores de 5 anos,clasificacion a y b,2003-06-01,1,0,1,0,1
10303,MOJOCOYA,estado nutricional en menores de 5 anos,clasificacion a y b,2003-06-01,21,9,21,9,30
10501,MONTEAGUDO,estado nutricional en menores de 5 anos,clasificacion a y b,2003-06-01,82,23,82,23,105
71001,MONTERO,estado nutricional en menores de 5 anos,clasificacion a y b,2003-06-01,428,91,428,91,519
70803,MORO MORO,estado nutricional en menores de 5 anos,clasificacion a y b,2003-06-01,9,4,9,4,13
30302,MOROCHATA,estado nutricional en menores de 5 anos,clasificacion a y b,2003-06-01,12,63,12,63,75
90401,NACEBE (SANTA ROSA DEL ABUNA),estado nutricional en menores de 5 anos,clasificacion a y b,2003-06-01,2,2,2,2,4
50404,OCURI,estado nutricional en menores de 5 anos,clasificacion a y b,2003-06-01,9,4,9,4,13
30203,OMEREQUE,estado nutricional en menores de 5 anos,clasificacion a y b,2003-06-01,9,1,9,1,10
40101,ORURO,estado nutricional en menores de 5 anos,clasificacion a y b,2003-06-01,310,91,310,91,401
60201,PADCAYA,estado nutricional en menores de 5 anos,clasificacion a y b,2003-06-01,46,48,46,48,94
10401,PADILLA,estado nutricional en menores de 5 anos,clasificacion a y b,2003-06-01,47,7,47,7,54
70502,PAILON,estado nutricional en menores de 5 anos,clasificacion a y b,2003-06-01,15,10,15,10,25
20102,PALCA,estado nutricional en menores de 5 anos,clasificacion a y b,2003-06-01,6,2,6,2,8
21104,PALOS BLANCOS,estado nutricional en menores de 5 anos,clasificacion a y b,2003-06-01,32,5,32,5,37
40802,PAMPA AULLAGAS,estado nutricional en menores de 5 anos,clasificacion a y b,2003-06-01,8,1,8,1,9
70902,PAMPA GRANDE,estado nutricional en menores de 5 anos,clasificacion a y b,2003-06-01,29,0,29,0,29
21802,PAPEL PAMPA,estado nutricional en menores de 5 anos,clasificacion a y b,2003-06-01,1,1,1,1,2
30202,PASORAPA,estado nutricional en menores de 5 anos,clasificacion a y b,2003-06-01,6,1,6,1,7
21305,PATACAMAYA,estado nutricional en menores de 5 anos,clasificacion a y b,2003-06-01,98,10,98,10,108
40602,PAZÃ‘A,estado nutricional en menores de 5 anos,clasificacion a y b,2003-06-01,4,3,4,3,7
20702,PELECHUCO,estado nutricional en menores de 5 anos,clasificacion a y b,2003-06-01,4,0,4,0,4
50403,POCOATA,estado nutricional en menores de 5 anos,clasificacion a y b,2003-06-01,23,14,23,14,37
31203,POCONA,estado nutricional en menores de 5 anos,clasificacion a y b,2003-06-01,7,2,7,2,9
31202,POJO (CBBA),estado nutricional en menores de 5 anos,clasificacion a y b,2003-06-01,54,27,54,27,81
40601,POOPO,estado nutricional en menores de 5 anos,clasificacion a y b,2003-06-01,8,3,8,3,11
51203,PORCO,estado nutricional en menores de 5 anos,clasificacion a y b,2003-06-01,22,8,22,8,30
10103,POROMA,estado nutricional en menores de 5 anos,clasificacion a y b,2003-06-01,50,13,50,13,63
70103,PORONGO,estado nutricional en menores de 5 anos,clasificacion a y b,2003-06-01,4,2,4,2,6
70601,PORTACHUELO,estado nutricional en menores de 5 anos,clasificacion a y b,2003-06-01,131,48,131,48,179
90102,PORVENIR,estado nutricional en menores de 5 anos,clasificacion a y b,2003-06-01,7,3,7,3,10
70804,POSTRER VALLE,estado nutricional en menores de 5 anos,clasificacion a y b,2003-06-01,3,5,3,5,8
50101,POTOSI,estado nutricional en menores de 5 anos,clasificacion a y b,2003-06-01,160,13,160,13,173
10302,PRESTO,estado nutricional en menores de 5 anos,clasificacion a y b,2003-06-01,5,1,5,1,6
21201,PUCARANI,estado nutricional en menores de 5 anos,clasificacion a y b,2003-06-01,27,3,27,3,30
20401,PUERTO ACOSTA,estado nutricional en menores de 5 anos,clasificacion a y b,2003-06-01,38,32,38,32,70
20403,PUERTO CARABUCO,estado nutricional en menores de 5 anos,clasificacion a y b,2003-06-01,7,2,7,2,9
90301,PUERTO GONZALO MORENO,estado nutricional en menores de 5 anos,clasificacion a y b,2003-06-01,1,1,1,1,2
21204,PUERTO PEREZ,estado nutricional en menores de 5 anos,clasificacion a y b,2003-06-01,14,2,14,2,16
71402,PUERTO QUIJARRO,estado nutricional en menores de 5 anos,clasificacion a y b,2003-06-01,45,4,45,4,49
90201,PUERTO RICO,estado nutricional en menores de 5 anos,clasificacion a y b,2003-06-01,3,1,3,1,4
80703,PUERTO SILES,estado nutricional en menores de 5 anos,clasificacion a y b,2003-06-01,4,4,4,4,8
71401,PUERTO SUAREZ,estado nutricional en menores de 5 anos,clasificacion a y b,2003-06-01,64,3,64,3,67
31205,PUERTO VILLARROEL,estado nutricional en menores de 5 anos,clasificacion a y b,2003-06-01,138,31,138,31,169
51101,PUNA,estado nutricional en menores de 5 anos,clasificacion a y b,2003-06-01,28,2,28,2,30
31401,PUNATA,estado nutricional en menores de 5 anos,clasificacion a y b,2003-06-01,12,5,12,5,17
20604,QUIABAYA,estado nutricional en menores de 5 anos,clasificacion a y b,2003-06-01,4,0,4,0,4
30901,QUILLACOLLO,estado nutricional en menores de 5 anos,clasificacion a y b,2003-06-01,70,11,70,11,81
21002,QUIME,estado nutricional en menores de 5 anos,clasificacion a y b,2003-06-01,13,2,13,2,15
70904,QUIRUSILLAS,estado nutricional en menores de 5 anos,clasificacion a y b,2003-06-01,4,1,4,1,5
50402,RAVELO,estado nutricional en menores de 5 anos,clasificacion a y b,2003-06-01,23,9,23,9,32
80301,REYES,estado nutricional en menores de 5 anos,clasificacion a y b,2003-06-01,2,2,2,2,4
80201,RIBERALTA,estado nutricional en menores de 5 anos,clasificacion a y b,2003-06-01,174,43,174,43,217
70503,ROBORE,estado nutricional en menores de 5 anos,clasificacion a y b,2003-06-01,35,11,35,11,46
80304,RURRENABAQUE,estado nutricional en menores de 5 anos,clasificacion a y b,2003-06-01,41,9,41,9,50
40901,SABAYA,estado nutricional en menores de 5 anos,clasificacion a y b,2003-06-01,1,0,1,0,1
31001,SACABA,estado nutricional en menores de 5 anos,clasificacion a y b,2003-06-01,56,6,56,6,62
50701,SACACA,estado nutricional en menores de 5 anos,clasificacion a y b,2003-06-01,5,1,5,1,6
71302,SAIPINA,estado nutricional en menores de 5 anos,clasificacion a y b,2003-06-01,66,29,66,29,95
40801,SALINAS DE GARCI MENDOZA,estado nutricional en menores de 5 anos,clasificacion a y b,2003-06-01,2,1,2,1,3
70901,SAMAIPATA,estado nutricional en menores de 5 anos,clasificacion a y b,2003-06-01,57,9,57,9,66
51601,SAN AGUSTIN,estado nutricional en menores de 5 anos,clasificacion a y b,2003-06-01,2,1,2,1,3
80602,SAN ANDRES,estado nutricional en menores de 5 anos,clasificacion a y b,2003-06-01,4,0,4,0,4
71105,SAN ANTONIO DE LOMERIO,estado nutricional en menores de 5 anos,clasificacion a y b,2003-06-01,9,17,9,17,26
31403,SAN BENITO,estado nutricional en menores de 5 anos,clasificacion a y b,2003-06-01,13,0,13,0,13
80302,SAN BORJA,estado nutricional en menores de 5 anos,clasificacion a y b,2003-06-01,103,21,103,21,124
21502,SAN BUENA VENTURA,estado nutricional en menores de 5 anos,clasificacion a y b,2003-06-01,17,3,17,3,20
70402,SAN CARLOS,estado nutricional en menores de 5 anos,clasificacion a y b,2003-06-01,100,56,100,56,156
80501,SAN IGNACIO,estado nutricional en menores de 5 anos,clasificacion a y b,2003-06-01,71,16,71,16,87
70301,SAN IGNACIO DE VELASCO,estado nutricional en menores de 5 anos,clasificacion a y b,2003-06-01,170,32,170,32,202
80102,SAN JAVIER(BNI),estado nutricional en menores de 5 anos,clasificacion a y b,2003-06-01,6,0,6,0,6
71102,SAN JAVIER(STC),estado nutricional en menores de 5 anos,clasificacion a y b,2003-06-01,36,9,36,9,45
80701,SAN JOAQUIN,estado nutricional en menores de 5 anos,clasificacion a y b,2003-06-01,13,4,13,4,17
70501,SAN JOSE DE CHIQUITOS,estado nutricional en menores de 5 anos,clasificacion a y b,2003-06-01,27,8,27,8,35
71104,SAN JULIAN,estado nutricional en menores de 5 anos,clasificacion a y b,2003-06-01,141,39,141,39,180
90302,SAN LORENZO(PND),estado nutricional en menores de 5 anos,clasificacion a y b,2003-06-01,0,1,0,1,1
60501,SAN LORENZO(TJA),estado nutricional en menores de 5 anos,clasificacion a y b,2003-06-01,19,9,19,9,28
10702,SAN LUCAS,estado nutricional en menores de 5 anos,clasificacion a y b,2003-06-01,35,4,35,4,39
71201,SAN MATIAS,estado nutricional en menores de 5 anos,clasificacion a y b,2003-06-01,36,28,36,28,64
70302,SAN MIGUEL DE VELASCO,estado nutricional en menores de 5 anos,clasificacion a y b,2003-06-01,21,3,21,3,24
50501,SAN PEDRO DE BUENA VISTA,estado nutricional en menores de 5 anos,clasificacion a y b,2003-06-01,27,9,27,9,36
21801,SAN PEDRO DE CURAHUARA,estado nutricional en menores de 5 anos,clasificacion a y b,2003-06-01,13,5,13,5,18
21702,SAN PEDRO DE TIQUINA,estado nutricional en menores de 5 anos,clasificacion a y b,2003-06-01,4,2,4,2,6
70303,SAN RAFAEL,estado nutricional en menores de 5 anos,clasificacion a y b,2003-06-01,20,3,20,3,23
80702,SAN RAMON,estado nutricional en menores de 5 anos,clasificacion a y b,2003-06-01,5,5,5,5,10
70101,SANTA CRUZ DE LA SIERRA,estado nutricional en menores de 5 anos,clasificacion a y b,2003-06-01,2151,760,2151,760,2911
80303,SANTA ROSA,estado nutricional en menores de 5 anos,clasificacion a y b,2003-06-01,16,5,16,5,21
70602,SANTA ROSA DEL SARA,estado nutricional en menores de 5 anos,clasificacion a y b,2003-06-01,17,20,17,20,37
20308,SANTIAGO DE CALLAPA,estado nutricional en menores de 5 anos,clasificacion a y b,2003-06-01,5,1,5,1,6
41401,SANTIAGO DE HUARI,estado nutricional en menores de 5 anos,clasificacion a y b,2003-06-01,6,3,6,3,9
21901,SANTIAGO DE MACHACA,estado nutricional en menores de 5 anos,clasificacion a y b,2003-06-01,2,0,2,0,2
30702,SANTIVAÃ‘ES,estado nutricional en menores de 5 anos,clasificacion a y b,2003-06-01,3,0,3,0,3
20902,SAPAHAQUI,estado nutricional en menores de 5 anos,clasificacion a y b,2003-06-01,7,0,7,0,7
90303,SENA,estado nutricional en menores de 5 anos,clasificacion a y b,2003-06-01,28,4,28,4,32
21301,SICA SICA (VILLA AROMA),estado nutricional en menores de 5 anos,clasificacion a y b,2003-06-01,13,4,13,4,17
30703,SICAYA,estado nutricional en menores de 5 anos,clasificacion a y b,2003-06-01,3,3,3,3,6
30902,SIPE SIPE,estado nutricional en menores de 5 anos,clasificacion a y b,2003-06-01,76,22,76,22,98
10403,SOPACHUY,estado nutricional en menores de 5 anos,clasificacion a y b,2003-06-01,10,2,10,2,12
20601,SORATA,estado nutricional en menores de 5 anos,clasificacion a y b,2003-06-01,25,10,25,10,35
10101,SUCRE,estado nutricional en menores de 5 anos,clasificacion a y b,2003-06-01,357,123,357,123,480
20603,TACACOMA,estado nutricional en menores de 5 anos,clasificacion a y b,2003-06-01,22,10,22,10,32
50303,TACOBAMBA,estado nutricional en menores de 5 anos,clasificacion a y b,2003-06-01,22,5,22,5,27
30602,TACOPAYA,estado nutricional en menores de 5 anos,clasificacion a y b,2003-06-01,6,1,6,1,7
51402,TAHUA,estado nutricional en menores de 5 anos,clasificacion a y b,2003-06-01,3,1,3,1,4
31101,TAPACARI,estado nutricional en menores de 5 anos,clasificacion a y b,2003-06-01,15,7,15,7,22
10601,TARABUCO,estado nutricional en menores de 5 anos,clasificacion a y b,2003-06-01,31,5,31,5,36
30401,TARATA,estado nutricional en menores de 5 anos,clasificacion a y b,2003-06-01,6,2,6,2,8
60101,TARIJA,estado nutricional en menores de 5 anos,clasificacion a y b,2003-06-01,340,138,340,138,478
10202,TARVITA,estado nutricional en menores de 5 anos,clasificacion a y b,2003-06-01,21,0,21,0,21
20803,TIAWANACU,estado nutricional en menores de 5 anos,clasificacion a y b,2003-06-01,34,11,34,11,45
50102,TINGUIPAYA,estado nutricional en menores de 5 anos,clasificacion a y b,2003-06-01,44,5,44,5,49
20606,TIPUANI,estado nutricional en menores de 5 anos,clasificacion a y b,2003-06-01,38,5,38,5,43
30903,TIQUIPAYA,estado nutricional en menores de 5 anos,clasificacion a y b,2003-06-01,16,1,16,1,17
31601,TIRAQUE (CBBA),estado nutricional en menores de 5 anos,clasificacion a y b,2003-06-01,95,31,95,31,126
21703,TITO YUPANQUI (PARQUIPUJIO),estado nutricional en menores de 5 anos,clasificacion a y b,2003-06-01,1,1,1,1,2
30802,TOCO,estado nutricional en menores de 5 anos,clasificacion a y b,2003-06-01,1,1,1,1,2
30803,TOLATA,estado nutricional en menores de 5 anos,clasificacion a y b,2003-06-01,3,2,3,2,5
41001,TOLEDO,estado nutricional en menores de 5 anos,clasificacion a y b,2003-06-01,2,1,2,1,3
51202,TOMAVE,estado nutricional en menores de 5 anos,clasificacion a y b,2003-06-01,9,8,9,8,17
10402,TOMINA,estado nutricional en menores de 5 anos,clasificacion a y b,2003-06-01,25,4,25,4,29
50502,TORO TORO,estado nutricional en menores de 5 anos,clasificacion a y b,2003-06-01,11,2,11,2,13
31201,TOTORA(CBBA),estado nutricional en menores de 5 anos,clasificacion a y b,2003-06-01,19,0,19,0,19
41301,TOTORA(ORR),estado nutricional en menores de 5 anos,clasificacion a y b,2003-06-01,1,1,1,1,2
70802,TRIGAL,estado nutricional en menores de 5 anos,clasificacion a y b,2003-06-01,9,2,9,2,11
80101,TRINIDAD,estado nutricional en menores de 5 anos,clasificacion a y b,2003-06-01,190,97,190,97,287
50801,TUPIZA,estado nutricional en menores de 5 anos,clasificacion a y b,2003-06-01,59,58,59,58,117
40402,TURCO,estado nutricional en menores de 5 anos,clasificacion a y b,2003-06-01,7,0,7,0,7
21302,UMALA,estado nutricional en menores de 5 anos,clasificacion a y b,2003-06-01,8,10,8,10,18
50201,UNCIA,estado nutricional en menores de 5 anos,clasificacion a y b,2003-06-01,1,2,1,2,3
60401,URIONDO (A. CONCEPCION),estado nutricional en menores de 5 anos,clasificacion a y b,2003-06-01,86,33,86,33,119
71502,URUBICHA,estado nutricional en menores de 5 anos,clasificacion a y b,2003-06-01,10,8,10,8,18
51201,UYUNI,estado nutricional en menores de 5 anos,clasificacion a y b,2003-06-01,56,19,56,19,75
30502,VACAS,estado nutricional en menores de 5 anos,clasificacion a y b,2003-06-01,7,2,7,2,9
70801,VALLEGRANDE,estado nutricional en menores de 5 anos,clasificacion a y b,2003-06-01,61,33,61,33,94
20801,VIACHA,estado nutricional en menores de 5 anos,clasificacion a y b,2003-06-01,67,20,67,20,87
31302,VILA VILA,estado nutricional en menores de 5 anos,clasificacion a y b,2003-06-01,1,1,1,1,2
60303,VILLA MONTES,estado nutricional en menores de 5 anos,clasificacion a y b,2003-06-01,26,10,26,10,36
31402,VILLA RIVERO,estado nutricional en menores de 5 anos,clasificacion a y b,2003-06-01,6,2,6,2,8
10801,VILLA SERRANO,estado nutricional en menores de 5 anos,clasificacion a y b,2003-06-01,27,1,27,1,28
31003,VILLA TUNARI,estado nutricional en menores de 5 anos,clasificacion a y b,2003-06-01,67,32,67,32,99
11001,VILLA VACA GUZMAN (MUYUPAMPA),estado nutricional en menores de 5 anos,clasificacion a y b,2003-06-01,48,7,48,7,55
51501,VILLAZON,estado nutricional en menores de 5 anos,clasificacion a y b,2003-06-01,59,12,59,12,71
30904,VINTO,estado nutricional en menores de 5 anos,clasificacion a y b,2003-06-01,22,6,22,6,28
50602,VITICHI,estado nutricional en menores de 5 anos,clasificacion a y b,2003-06-01,22,6,22,6,28
20903,YACO,estado nutricional en menores de 5 anos,clasificacion a y b,2003-06-01,8,6,8,6,14
60301,YACUIBA,estado nutricional en menores de 5 anos,clasificacion a y b,2003-06-01,147,23,147,23,170
10602,YAMPARAEZ,estado nutricional en menores de 5 anos,clasificacion a y b,2003-06-01,34,5,34,5,39
21103,YANACACHI,estado nutricional en menores de 5 anos,clasificacion a y b,2003-06-01,13,0,13,0,13
70403,YAPACANI,estado nutricional en menores de 5 anos,clasificacion a y b,2003-06-01,100,24,100,24,124
50103,YOCALLA,estado nutricional en menores de 5 anos,clasificacion a y b,2003-06-01,3,1,3,1,4
10102,YOTALA,estado nutricional en menores de 5 anos,clasificacion a y b,2003-06-01,21,17,21,17,38
60402,YUNCHARA,estado nutricional en menores de 5 anos,clasificacion a y b,2003-06-01,6,9,6,9,15
10301,ZUDAÃ‘EZ,estado nutricional en menores de 5 anos,clasificacion a y b,2003-06-01,9,3,9,3,12
51302,ACACIO,estado nutricional en menores de 5 anos,clasificacion a y b,2003-07-01,7,2,7,2,9
20201,ACHACACHI,estado nutricional en menores de 5 anos,clasificacion a y b,2003-07-01,61,42,61,42,103
20104,ACHOCALLA,estado nutricional en menores de 5 anos,clasificacion a y b,2003-07-01,12,2,12,2,14
30201,AIQUILE,estado nutricional en menores de 5 anos,clasificacion a y b,2003-07-01,41,4,41,4,45
10404,ALCALA,estado nutricional en menores de 5 anos,clasificacion a y b,2003-07-01,9,3,9,3,12
20202,ANCORAIMES,estado nutricional en menores de 5 anos,clasificacion a y b,2003-07-01,17,3,17,3,20
30402,ANZALDO,estado nutricional en menores de 5 anos,clasificacion a y b,2003-07-01,6,1,6,1,7
20701,APOLO,estado nutricional en menores de 5 anos,clasificacion a y b,2003-07-01,21,2,21,2,23
51301,ARAMPAMPA,estado nutricional en menores de 5 anos,clasificacion a y b,2003-07-01,5,4,5,4,9
30501,ARANI,estado nutricional en menores de 5 anos,clasificacion a y b,2003-07-01,3,5,3,5,8
30403,ARBIETO,estado nutricional en menores de 5 anos,clasificacion a y b,2003-07-01,2,0,2,0,2
30601,ARQUE,estado nutricional en menores de 5 anos,clasificacion a y b,2003-07-01,8,1,8,1,9
50802,ATOCHA,estado nutricional en menores de 5 anos,clasificacion a y b,2003-07-01,12,34,12,34,46
20503,AUCAPATA,estado nutricional en menores de 5 anos,clasificacion a y b,2003-07-01,4,0,4,0,4
20502,AYATA,estado nutricional en menores de 5 anos,clasificacion a y b,2003-07-01,19,7,19,7,26
21303,AYO AYO,estado nutricional en menores de 5 anos,clasificacion a y b,2003-07-01,17,0,17,0,17
30301,AYOPAYA (V. DE INDEPENDENCIA),estado nutricional en menores de 5 anos,clasificacion a y b,2003-07-01,25,11,25,11,36
10201,AZURDUY,estado nutricional en menores de 5 anos,clasificacion a y b,2003-07-01,29,10,29,10,39
21203,BATALLAS,estado nutricional en menores de 5 anos,clasificacion a y b,2003-07-01,23,2,23,2,25
80802,BAURES,estado nutricional en menores de 5 anos,clasificacion a y b,2003-07-01,19,2,19,2,21
50104,BELEN DE URMIRI,estado nutricional en menores de 5 anos,clasificacion a y b,2003-07-01,1,0,1,0,1
90104,BELLA FLOR,estado nutricional en menores de 5 anos,clasificacion a y b,2003-07-01,9,10,9,10,19
60202,BERMEJO,estado nutricional en menores de 5 anos,clasificacion a y b,2003-07-01,19,11,19,11,30
50301,BETANZOS,estado nutricional en menores de 5 anos,clasificacion a y b,2003-07-01,32,2,32,2,34
31501,BOLIVAR,estado nutricional en menores de 5 anos,clasificacion a y b,2003-07-01,3,0,3,0,3
90103,BOLPEBRA,estado nutricional en menores de 5 anos,clasificacion a y b,2003-07-01,6,1,6,1,7
70707,BOYUIBE,estado nutricional en menores de 5 anos,clasificacion a y b,2003-07-01,11,5,11,5,16
70401,BUENA VISTA,estado nutricional en menores de 5 anos,clasificacion a y b,2003-07-01,84,22,84,22,106
70703,CABEZAS,estado nutricional en menores de 5 anos,clasificacion a y b,2003-07-01,14,12,14,12,26
20905,CAIROMA,estado nutricional en menores de 5 anos,clasificacion a y b,2003-07-01,5,0,5,0,5
51102,"CAIZA ""D""",estado nutricional en menores de 5 anos,clasificacion a y b,2003-07-01,19,4,19,4,23
21003,CAJUATA,estado nutricional en menores de 5 anos,clasificacion a y b,2003-07-01,12,0,12,0,12
20303,CALACOTO,estado nutricional en menores de 5 anos,clasificacion a y b,2003-07-01,2,0,2,0,2
21304,CALAMARCA,estado nutricional en menores de 5 anos,clasificacion a y b,2003-07-01,3,0,3,0,3
10701,CAMARGO,estado nutricional en menores de 5 anos,clasificacion a y b,2003-07-01,15,0,15,0,15
10901,CAMATAQUI (C. VILLA ABECIA),estado nutricional en menores de 5 anos,clasificacion a y b,2003-07-01,8,3,8,3,11
70706,CAMIRI,estado nutricional en menores de 5 anos,clasificacion a y b,2003-07-01,170,27,170,27,197
30701,CAPINOTA,estado nutricional en menores de 5 anos,clasificacion a y b,2003-07-01,4,3,4,3,7
20302,CAQUIAVIRI,estado nutricional en menores de 5 anos,clasificacion a y b,2003-07-01,9,8,9,8,17
40102,CARACOLLO,estado nutricional en menores de 5 anos,clasificacion a y b,2003-07-01,27,8,27,8,35
22001,CARANAVI,estado nutricional en menores de 5 anos,clasificacion a y b,2003-07-01,122,30,122,30,152
60302,CARAPARI,estado nutricional en menores de 5 anos,clasificacion a y b,2003-07-01,50,11,50,11,61
50702,CARIPUYO,estado nutricional en menores de 5 anos,clasificacion a y b,2003-07-01,9,5,9,5,14
40201,CHALLAPATA,estado nutricional en menores de 5 anos,clasificacion a y b,2003-07-01,23,0,23,0,23
50302,CHAQUI,estado nutricional en menores de 5 anos,clasificacion a y b,2003-07-01,15,0,15,0,15
70702,CHARAGUA,estado nutricional en menores de 5 anos,clasificacion a y b,2003-07-01,129,39,129,39,168
20305,CHARAÃ‘A,estado nutricional en menores de 5 anos,clasificacion a y b,2003-07-01,2,0,2,0,2
50202,CHAYANTA,estado nutricional en menores de 5 anos,clasificacion a y b,2003-07-01,12,0,12,0,12
31204,CHIMORE,estado nutricional en menores de 5 anos,clasificacion a y b,2003-07-01,29,8,29,8,37
21101,CHULUMANI (V. DE LA LIBERTAD),estado nutricional en menores de 5 anos,clasificacion a y b,2003-07-01,19,10,19,10,29
20501,CHUMA,estado nutricional en menores de 5 anos,clasificacion a y b,2003-07-01,13,6,13,6,19
30801,CLIZA,estado nutricional en menores de 5 anos,clasificacion a y b,2003-07-01,5,23,5,23,28
90101,COBIJA,estado nutricional en menores de 5 anos,clasificacion a y b,2003-07-01,140,28,140,28,168
30101,COCHABAMBA,estado nutricional en menores de 5 anos,clasificacion a y b,2003-07-01,1872,1176,1872,1176,3048
40902,COIPASA,estado nutricional en menores de 5 anos,clasificacion a y b,2003-07-01,2,1,2,1,3
30905,COLCAPIRHUA,estado nutricional en menores de 5 anos,clasificacion a y b,2003-07-01,42,10,42,10,52
50901,"COLCHA ""K""",estado nutricional en menores de 5 anos,clasificacion a y b,2003-07-01,18,2,18,2,20
31002,COLOMI,estado nutricional en menores de 5 anos,clasificacion a y b,2003-07-01,27,2,27,2,29
50401,COLQUECHACA,estado nutricional en menores de 5 anos,clasificacion a y b,2003-07-01,34,9,34,9,43
21306,COLQUENCHA,estado nutricional en menores de 5 anos,clasificacion a y b,2003-07-01,10,0,10,0,10
21004,COLQUIRI,estado nutricional en menores de 5 anos,clasificacion a y b,2003-07-01,14,4,14,4,18
20304,COMANCHE,estado nutricional en menores de 5 anos,clasificacion a y b,2003-07-01,2,0,2,0,2
71301,COMARAPA,estado nutricional en menores de 5 anos,clasificacion a y b,2003-07-01,87,12,87,12,99
20605,COMBAYA,estado nutricional en menores de 5 anos,clasificacion a y b,2003-07-01,5,0,5,0,5
71101,CONCEPCION,estado nutricional en menores de 5 anos,clasificacion a y b,2003-07-01,5,5,5,5,10
21701,COPACABANA,estado nutricional en menores de 5 anos,clasificacion a y b,2003-07-01,4,3,4,3,7
21402,CORIPATA,estado nutricional en menores de 5 anos,clasificacion a y b,2003-07-01,20,0,20,0,20
20301,CORO CORO,estado nutricional en menores de 5 anos,clasificacion a y b,2003-07-01,2,1,2,1,3
21401,COROICO,estado nutricional en menores de 5 anos,clasificacion a y b,2003-07-01,7,2,7,2,9
40301,CORQUE,estado nutricional en menores de 5 anos,clasificacion a y b,2003-07-01,2,7,2,7,9
50601,COTAGAITA,estado nutricional en menores de 5 anos,clasificacion a y b,2003-07-01,25,18,25,18,43
70102,COTOCA,estado nutricional en menores de 5 anos,clasificacion a y b,2003-07-01,40,4,40,4,44
31405,CUCHUMUELA (V. G. VILLARROEL),estado nutricional en menores de 5 anos,clasificacion a y b,2003-07-01,1,0,1,0,1
70704,CUEVO,estado nutricional en menores de 5 anos,clasificacion a y b,2003-07-01,5,0,5,0,5
10902,CULPINA,estado nutricional en menores de 5 anos,clasificacion a y b,2003-07-01,40,13,40,13,53
40401,CURAHUARA DE CARANGAS,estado nutricional en menores de 5 anos,clasificacion a y b,2003-07-01,5,1,5,1,6
21602,CURVA,estado nutricional en menores de 5 anos,clasificacion a y b,2003-07-01,3,1,3,1,4
20804,DESAGUADERO,estado nutricional en menores de 5 anos,clasificacion a y b,2003-07-01,6,3,6,3,9
20105,EL ALTO,estado nutricional en menores de 5 anos,clasificacion a y b,2003-07-01,811,295,811,295,1106
40103,EL CHORO,estado nutricional en menores de 5 anos,clasificacion a y b,2003-07-01,3,1,3,1,4
71503,EL PUENTE(STC),estado nutricional en menores de 5 anos,clasificacion a y b,2003-07-01,3,37,3,37,40
60502,EL PUENTE(TJA),estado nutricional en menores de 5 anos,clasificacion a y b,2003-07-01,19,1,19,1,20
70105,EL TORNO,estado nutricional en menores de 5 anos,clasificacion a y b,2003-07-01,152,22,152,22,174
10405,EL VILLAR,estado nutricional en menores de 5 anos,clasificacion a y b,2003-07-01,5,5,5,5,10
60601,ENTRE RIOS,estado nutricional en menores de 5 anos,clasificacion a y b,2003-07-01,46,19,46,19,65
41101,EUCALIPTUS,estado nutricional en menores de 5 anos,clasificacion a y b,2003-07-01,8,0,8,0,8
90503,EUREKA (SANTOS MERCADO),estado nutricional en menores de 5 anos,clasificacion a y b,2003-07-01,2,2,2,2,4
80402,EXALTACION,estado nutricional en menores de 5 anos,clasificacion a y b,2003-07-01,4,8,4,8,12
90203,FILADELFIA,estado nutricional en menores de 5 anos,clasificacion a y b,2003-07-01,1,0,1,0,1
71002,GENERAL SAAVEDRA,estado nutricional en menores de 5 anos,clasificacion a y b,2003-07-01,58,27,58,27,85
21601,GRAL. J.J. PEREZ (CHARAZANI),estado nutricional en menores de 5 anos,clasificacion a y b,2003-07-01,31,9,31,9,40
20602,GUANAY,estado nutricional en menores de 5 anos,clasificacion a y b,2003-07-01,63,18,63,18,81
20802,GUAQUI,estado nutricional en menores de 5 anos,clasificacion a y b,2003-07-01,1,0,1,0,1
80202,GUAYARAMERIN,estado nutricional en menores de 5 anos,clasificacion a y b,2003-07-01,156,23,156,23,179
70705,GUTIERREZ,estado nutricional en menores de 5 anos,clasificacion a y b,2003-07-01,83,19,83,19,102
10502,HUACARETA,estado nutricional en menores de 5 anos,clasificacion a y b,2003-07-01,29,11,29,11,40
11002,HUACAYA (VILLA DE HUACAYA),estado nutricional en menores de 5 anos,clasificacion a y b,2003-07-01,7,2,7,2,9
40501,HUACHACALLA,estado nutricional en menores de 5 anos,clasificacion a y b,2003-07-01,0,1,0,1,1
40701,HUANUNI,estado nutricional en menores de 5 anos,clasificacion a y b,2003-07-01,22,2,22,2,24
80803,HUARACAJE,estado nutricional en menores de 5 anos,clasificacion a y b,2003-07-01,11,13,11,13,24
41601,HUAYLLAMARCA,estado nutricional en menores de 5 anos,clasificacion a y b,2003-07-01,3,0,3,0,3
21005,ICHOCA,estado nutricional en menores de 5 anos,clasificacion a y b,2003-07-01,11,1,11,1,12
10304,ICLA,estado nutricional en menores de 5 anos,clasificacion a y b,2003-07-01,11,4,11,4,15
10703,INCAHUASI,estado nutricional en menores de 5 anos,clasificacion a y b,2003-07-01,28,3,28,3,31
21001,INQUISIVI,estado nutricional en menores de 5 anos,clasificacion a y b,2003-07-01,30,13,30,13,43
21102,IRUPANA (VILLA DE LANZA),estado nutricional en menores de 5 anos,clasificacion a y b,2003-07-01,22,32,22,32,54
21501,IXIAMAS,estado nutricional en menores de 5 anos,clasificacion a y b,2003-07-01,22,8,22,8,30
21105,LA ASUNTA,estado nutricional en menores de 5 anos,clasificacion a y b,2003-07-01,54,7,54,7,61
70104,LA GUARDIA,estado nutricional en menores de 5 anos,clasificacion a y b,2003-07-01,113,36,113,36,149
20101,LA PAZ,estado nutricional en menores de 5 anos,clasificacion a y b,2003-07-01,694,237,694,237,931
41501,LA RIVERA,estado nutricional en menores de 5 anos,clasificacion a y b,2003-07-01,1,0,1,0,1
70701,LAGUNILLAS,estado nutricional en menores de 5 anos,clasificacion a y b,2003-07-01,49,6,49,6,55
21202,LAJA,estado nutricional en menores de 5 anos,clasificacion a y b,2003-07-01,28,47,28,47,75
10903,LAS CARRERAS,estado nutricional en menores de 5 anos,clasificacion a y b,2003-07-01,18,7,18,7,25
50203,LLALLAGUA,estado nutricional en menores de 5 anos,clasificacion a y b,2003-07-01,38,123,38,123,161
51401,LLICA,estado nutricional en menores de 5 anos,clasificacion a y b,2003-07-01,3,1,3,1,4
80601,LORETO,estado nutricional en menores de 5 anos,clasificacion a y b,2003-07-01,7,12,7,12,19
20901,LURIBAY,estado nutricional en menores de 5 anos,clasificacion a y b,2003-07-01,8,0,8,0,8
40702,MACHACAMARCA,estado nutricional en menores de 5 anos,clasificacion a y b,2003-07-01,7,4,7,4,11
11003,MACHARETI,estado nutricional en menores de 5 anos,clasificacion a y b,2003-07-01,75,30,75,30,105
80801,MAGDALENA,estado nutricional en menores de 5 anos,clasificacion a y b,2003-07-01,10,7,10,7,17
70903,MAIRANA,estado nutricional en menores de 5 anos,clasificacion a y b,2003-07-01,70,5,70,5,75
20904,MALLA,estado nutricional en menores de 5 anos,clasificacion a y b,2003-07-01,1,0,1,0,1
20103,MECAPACA,estado nutricional en menores de 5 anos,clasificacion a y b,2003-07-01,5,5,5,5,10
71003,MINEROS,estado nutricional en menores de 5 anos,clasificacion a y b,2003-07-01,257,56,257,56,313
31301,MIZQUE,estado nutricional en menores de 5 anos,clasificacion a y b,2003-07-01,16,1,16,1,17
20402,MOCOMOCO,estado nutricional en menores de 5 anos,clasificacion a y b,2003-07-01,16,10,16,10,26
51002,MOJINETE,estado nutricional en menores de 5 anos,clasificacion a y b,2003-07-01,4,1,4,1,5
10303,MOJOCOYA,estado nutricional en menores de 5 anos,clasificacion a y b,2003-07-01,20,13,20,13,33
10501,MONTEAGUDO,estado nutricional en menores de 5 anos,clasificacion a y b,2003-07-01,80,20,80,20,100
71001,MONTERO,estado nutricional en menores de 5 anos,clasificacion a y b,2003-07-01,532,110,532,110,642
70803,MORO MORO,estado nutricional en menores de 5 anos,clasificacion a y b,2003-07-01,11,1,11,1,12
30302,MOROCHATA,estado nutricional en menores de 5 anos,clasificacion a y b,2003-07-01,24,3,24,3,27
90501,NUEVO MANOA (NUEVA ESPERANZA),estado nutricional en menores de 5 anos,clasificacion a y b,2003-07-01,1,0,1,0,1
50404,OCURI,estado nutricional en menores de 5 anos,clasificacion a y b,2003-07-01,3,1,3,1,4
70202,OKINAWA,estado nutricional en menores de 5 anos,clasificacion a y b,2003-07-01,8,1,8,1,9
30203,OMEREQUE,estado nutricional en menores de 5 anos,clasificacion a y b,2003-07-01,10,2,10,2,12
40101,ORURO,estado nutricional en menores de 5 anos,clasificacion a y b,2003-07-01,355,103,355,103,458
60201,PADCAYA,estado nutricional en menores de 5 anos,clasificacion a y b,2003-07-01,42,33,42,33,75
10401,PADILLA,estado nutricional en menores de 5 anos,clasificacion a y b,2003-07-01,48,7,48,7,55
70502,PAILON,estado nutricional en menores de 5 anos,clasificacion a y b,2003-07-01,33,31,33,31,64
20102,PALCA,estado nutricional en menores de 5 anos,clasificacion a y b,2003-07-01,7,1,7,1,8
21104,PALOS BLANCOS,estado nutricional en menores de 5 anos,clasificacion a y b,2003-07-01,33,9,33,9,42
40802,PAMPA AULLAGAS,estado nutricional en menores de 5 anos,clasificacion a y b,2003-07-01,8,0,8,0,8
70902,PAMPA GRANDE,estado nutricional en menores de 5 anos,clasificacion a y b,2003-07-01,26,4,26,4,30
21802,PAPEL PAMPA,estado nutricional en menores de 5 anos,clasificacion a y b,2003-07-01,4,0,4,0,4
30202,PASORAPA,estado nutricional en menores de 5 anos,clasificacion a y b,2003-07-01,14,11,14,11,25
21305,PATACAMAYA,estado nutricional en menores de 5 anos,clasificacion a y b,2003-07-01,30,5,30,5,35
40602,PAZÃ‘A,estado nutricional en menores de 5 anos,clasificacion a y b,2003-07-01,7,9,7,9,16
20702,PELECHUCO,estado nutricional en menores de 5 anos,clasificacion a y b,2003-07-01,2,1,2,1,3
50403,POCOATA,estado nutricional en menores de 5 anos,clasificacion a y b,2003-07-01,18,5,18,5,23
31203,POCONA,estado nutricional en menores de 5 anos,clasificacion a y b,2003-07-01,6,0,6,0,6
31202,POJO (CBBA),estado nutricional en menores de 5 anos,clasificacion a y b,2003-07-01,115,56,115,56,171
40601,POOPO,estado nutricional en menores de 5 anos,clasificacion a y b,2003-07-01,6,5,6,5,11
51203,PORCO,estado nutricional en menores de 5 anos,clasificacion a y b,2003-07-01,17,2,17,2,19
10103,POROMA,estado nutricional en menores de 5 anos,clasificacion a y b,2003-07-01,34,5,34,5,39
70103,PORONGO,estado nutricional en menores de 5 anos,clasificacion a y b,2003-07-01,5,1,5,1,6
70601,PORTACHUELO,estado nutricional en menores de 5 anos,clasificacion a y b,2003-07-01,149,59,149,59,208
90102,PORVENIR,estado nutricional en menores de 5 anos,clasificacion a y b,2003-07-01,10,5,10,5,15
70804,POSTRER VALLE,estado nutricional en menores de 5 anos,clasificacion a y b,2003-07-01,3,7,3,7,10
50101,POTOSI,estado nutricional en menores de 5 anos,clasificacion a y b,2003-07-01,163,14,163,14,177
10302,PRESTO,estado nutricional en menores de 5 anos,clasificacion a y b,2003-07-01,13,6,13,6,19
70805,PUCARA,estado nutricional en menores de 5 anos,clasificacion a y b,2003-07-01,5,0,5,0,5
21201,PUCARANI,estado nutricional en menores de 5 anos,clasificacion a y b,2003-07-01,22,0,22,0,22
20401,PUERTO ACOSTA,estado nutricional en menores de 5 anos,clasificacion a y b,2003-07-01,28,17,28,17,45
20403,PUERTO CARABUCO,estado nutricional en menores de 5 anos,clasificacion a y b,2003-07-01,22,1,22,1,23
90301,PUERTO GONZALO MORENO,estado nutricional en menores de 5 anos,clasificacion a y b,2003-07-01,4,0,4,0,4
21204,PUERTO PEREZ,estado nutricional en menores de 5 anos,clasificacion a y b,2003-07-01,9,0,9,0,9
71402,PUERTO QUIJARRO,estado nutricional en menores de 5 anos,clasificacion a y b,2003-07-01,98,15,98,15,113
90201,PUERTO RICO,estado nutricional en menores de 5 anos,clasificacion a y b,2003-07-01,4,0,4,0,4
80703,PUERTO SILES,estado nutricional en menores de 5 anos,clasificacion a y b,2003-07-01,3,3,3,3,6
71401,PUERTO SUAREZ,estado nutricional en menores de 5 anos,clasificacion a y b,2003-07-01,77,4,77,4,81
31205,PUERTO VILLARROEL,estado nutricional en menores de 5 anos,clasificacion a y b,2003-07-01,216,52,216,52,268
51101,PUNA,estado nutricional en menores de 5 anos,clasificacion a y b,2003-07-01,37,22,37,22,59
31401,PUNATA,estado nutricional en menores de 5 anos,clasificacion a y b,2003-07-01,27,3,27,3,30
20604,QUIABAYA,estado nutricional en menores de 5 anos,clasificacion a y b,2003-07-01,10,0,10,0,10
30901,QUILLACOLLO,estado nutricional en menores de 5 anos,clasificacion a y b,2003-07-01,89,43,89,43,132
21002,QUIME,estado nutricional en menores de 5 anos,clasificacion a y b,2003-07-01,25,2,25,2,27
70904,QUIRUSILLAS,estado nutricional en menores de 5 anos,clasificacion a y b,2003-07-01,7,0,7,0,7
50402,RAVELO,estado nutricional en menores de 5 anos,clasificacion a y b,2003-07-01,5,1,5,1,6
80301,REYES,estado nutricional en menores de 5 anos,clasificacion a y b,2003-07-01,43,3,43,3,46
80201,RIBERALTA,estado nutricional en menores de 5 anos,clasificacion a y b,2003-07-01,218,45,218,45,263
70503,ROBORE,estado nutricional en menores de 5 anos,clasificacion a y b,2003-07-01,37,12,37,12,49
80304,RURRENABAQUE,estado nutricional en menores de 5 anos,clasificacion a y b,2003-07-01,32,7,32,7,39
40901,SABAYA,estado nutricional en menores de 5 anos,clasificacion a y b,2003-07-01,5,0,5,0,5
31001,SACABA,estado nutricional en menores de 5 anos,clasificacion a y b,2003-07-01,92,8,92,8,100
30404,SACABAMBA,estado nutricional en menores de 5 anos,clasificacion a y b,2003-07-01,1,0,1,0,1
50701,SACACA,estado nutricional en menores de 5 anos,clasificacion a y b,2003-07-01,4,4,4,4,8
71302,SAIPINA,estado nutricional en menores de 5 anos,clasificacion a y b,2003-07-01,78,36,78,36,114
40801,SALINAS DE GARCI MENDOZA,estado nutricional en menores de 5 anos,clasificacion a y b,2003-07-01,1,1,1,1,2
70901,SAMAIPATA,estado nutricional en menores de 5 anos,clasificacion a y b,2003-07-01,38,14,38,14,52
51601,SAN AGUSTIN,estado nutricional en menores de 5 anos,clasificacion a y b,2003-07-01,6,0,6,0,6
80602,SAN ANDRES,estado nutricional en menores de 5 anos,clasificacion a y b,2003-07-01,11,4,11,4,15
71105,SAN ANTONIO DE LOMERIO,estado nutricional en menores de 5 anos,clasificacion a y b,2003-07-01,6,7,6,7,13
31403,SAN BENITO,estado nutricional en menores de 5 anos,clasificacion a y b,2003-07-01,12,8,12,8,20
80302,SAN BORJA,estado nutricional en menores de 5 anos,clasificacion a y b,2003-07-01,75,8,75,8,83
21502,SAN BUENA VENTURA,estado nutricional en menores de 5 anos,clasificacion a y b,2003-07-01,21,13,21,13,34
70402,SAN CARLOS,estado nutricional en menores de 5 anos,clasificacion a y b,2003-07-01,107,73,107,73,180
80501,SAN IGNACIO,estado nutricional en menores de 5 anos,clasificacion a y b,2003-07-01,51,12,51,12,63
70301,SAN IGNACIO DE VELASCO,estado nutricional en menores de 5 anos,clasificacion a y b,2003-07-01,184,21,184,21,205
80102,SAN JAVIER(BNI),estado nutricional en menores de 5 anos,clasificacion a y b,2003-07-01,9,3,9,3,12
71102,SAN JAVIER(STC),estado nutricional en menores de 5 anos,clasificacion a y b,2003-07-01,62,4,62,4,66
80701,SAN JOAQUIN,estado nutricional en menores de 5 anos,clasificacion a y b,2003-07-01,24,6,24,6,30
70501,SAN JOSE DE CHIQUITOS,estado nutricional en menores de 5 anos,clasificacion a y b,2003-07-01,27,12,27,12,39
71104,SAN JULIAN,estado nutricional en menores de 5 anos,clasificacion a y b,2003-07-01,146,82,146,82,228
90302,SAN LORENZO(PND),estado nutricional en menores de 5 anos,clasificacion a y b,2003-07-01,5,0,5,0,5
60501,SAN LORENZO(TJA),estado nutricional en menores de 5 anos,clasificacion a y b,2003-07-01,34,23,34,23,57
10702,SAN LUCAS,estado nutricional en menores de 5 anos,clasificacion a y b,2003-07-01,26,6,26,6,32
70302,SAN MIGUEL DE VELASCO,estado nutricional en menores de 5 anos,clasificacion a y b,2003-07-01,19,4,19,4,23
51001,SAN PABLO DE LIPEZ,estado nutricional en menores de 5 anos,clasificacion a y b,2003-07-01,2,0,2,0,2
50501,SAN PEDRO DE BUENA VISTA,estado nutricional en menores de 5 anos,clasificacion a y b,2003-07-01,10,4,10,4,14
21801,SAN PEDRO DE CURAHUARA,estado nutricional en menores de 5 anos,clasificacion a y b,2003-07-01,5,0,5,0,5
50902,SAN PEDRO DE QUEMES,estado nutricional en menores de 5 anos,clasificacion a y b,2003-07-01,1,0,1,0,1
21702,SAN PEDRO DE TIQUINA,estado nutricional en menores de 5 anos,clasificacion a y b,2003-07-01,10,6,10,6,16
70303,SAN RAFAEL,estado nutricional en menores de 5 anos,clasificacion a y b,2003-07-01,18,1,18,1,19
80702,SAN RAMON,estado nutricional en menores de 5 anos,clasificacion a y b,2003-07-01,12,0,12,0,12
80702,SAN RAMON,estado nutricional en menores de 5 anos,clasificacion a y b,2003-07-01,10,8,10,8,18
80401,SANTA ANA,estado nutricional en menores de 5 anos,clasificacion a y b,2003-07-01,67,25,67,25,92
70101,SANTA CRUZ DE LA SIERRA,estado nutricional en menores de 5 anos,clasificacion a y b,2003-07-01,2795,1032,2795,1032,3827
80303,SANTA ROSA,estado nutricional en menores de 5 anos,clasificacion a y b,2003-07-01,24,6,24,6,30
70602,SANTA ROSA DEL SARA,estado nutricional en menores de 5 anos,clasificacion a y b,2003-07-01,28,30,28,30,58
20308,SANTIAGO DE CALLAPA,estado nutricional en menores de 5 anos,clasificacion a y b,2003-07-01,5,1,5,1,6
41401,SANTIAGO DE HUARI,estado nutricional en menores de 5 anos,clasificacion a y b,2003-07-01,7,3,7,3,10
21901,SANTIAGO DE MACHACA,estado nutricional en menores de 5 anos,clasificacion a y b,2003-07-01,9,2,9,2,11
30702,SANTIVAÃ‘ES,estado nutricional en menores de 5 anos,clasificacion a y b,2003-07-01,5,2,5,2,7
40202,SANTUARIO DE QUILLACAS,estado nutricional en menores de 5 anos,clasificacion a y b,2003-07-01,1,0,1,0,1
20902,SAPAHAQUI,estado nutricional en menores de 5 anos,clasificacion a y b,2003-07-01,4,1,4,1,5
90303,SENA,estado nutricional en menores de 5 anos,clasificacion a y b,2003-07-01,60,53,60,53,113
21301,SICA SICA (VILLA AROMA),estado nutricional en menores de 5 anos,clasificacion a y b,2003-07-01,11,0,11,0,11
30703,SICAYA,estado nutricional en menores de 5 anos,clasificacion a y b,2003-07-01,2,1,2,1,3
30902,SIPE SIPE,estado nutricional en menores de 5 anos,clasificacion a y b,2003-07-01,121,24,121,24,145
10403,SOPACHUY,estado nutricional en menores de 5 anos,clasificacion a y b,2003-07-01,12,2,12,2,14
20601,SORATA,estado nutricional en menores de 5 anos,clasificacion a y b,2003-07-01,48,6,48,6,54
10101,SUCRE,estado nutricional en menores de 5 anos,clasificacion a y b,2003-07-01,319,98,319,98,417
31404,TACACHI,estado nutricional en menores de 5 anos,clasificacion a y b,2003-07-01,1,0,1,0,1
20603,TACACOMA,estado nutricional en menores de 5 anos,clasificacion a y b,2003-07-01,24,5,24,5,29
50303,TACOBAMBA,estado nutricional en menores de 5 anos,clasificacion a y b,2003-07-01,29,1,29,1,30
30602,TACOPAYA,estado nutricional en menores de 5 anos,clasificacion a y b,2003-07-01,5,2,5,2,7
51402,TAHUA,estado nutricional en menores de 5 anos,clasificacion a y b,2003-07-01,4,0,4,0,4
31101,TAPACARI,estado nutricional en menores de 5 anos,clasificacion a y b,2003-07-01,14,1,14,1,15
10601,TARABUCO,estado nutricional en menores de 5 anos,clasificacion a y b,2003-07-01,34,9,34,9,43
30401,TARATA,estado nutricional en menores de 5 anos,clasificacion a y b,2003-07-01,18,5,18,5,23
60101,TARIJA,estado nutricional en menores de 5 anos,clasificacion a y b,2003-07-01,603,192,603,192,795
10202,TARVITA,estado nutricional en menores de 5 anos,clasificacion a y b,2003-07-01,29,24,29,24,53
20803,TIAWANACU,estado nutricional en menores de 5 anos,clasificacion a y b,2003-07-01,31,4,31,4,35
50102,TINGUIPAYA,estado nutricional en menores de 5 anos,clasificacion a y b,2003-07-01,5,1,5,1,6
20606,TIPUANI,estado nutricional en menores de 5 anos,clasificacion a y b,2003-07-01,40,0,40,0,40
30903,TIQUIPAYA,estado nutricional en menores de 5 anos,clasificacion a y b,2003-07-01,4,1,4,1,5
31601,TIRAQUE (CBBA),estado nutricional en menores de 5 anos,clasificacion a y b,2003-07-01,120,59,120,59,179
21703,TITO YUPANQUI (PARQUIPUJIO),estado nutricional en menores de 5 anos,clasificacion a y b,2003-07-01,1,0,1,0,1
30803,TOLATA,estado nutricional en menores de 5 anos,clasificacion a y b,2003-07-01,6,7,6,7,13
41001,TOLEDO,estado nutricional en menores de 5 anos,clasificacion a y b,2003-07-01,6,3,6,3,9
51202,TOMAVE,estado nutricional en menores de 5 anos,clasificacion a y b,2003-07-01,4,2,4,2,6
10402,TOMINA,estado nutricional en menores de 5 anos,clasificacion a y b,2003-07-01,22,0,22,0,22
50502,TORO TORO,estado nutricional en menores de 5 anos,clasificacion a y b,2003-07-01,15,4,15,4,19
31201,TOTORA(CBBA),estado nutricional en menores de 5 anos,clasificacion a y b,2003-07-01,24,4,24,4,28
41301,TOTORA(ORR),estado nutricional en menores de 5 anos,clasificacion a y b,2003-07-01,7,2,7,2,9
70802,TRIGAL,estado nutricional en menores de 5 anos,clasificacion a y b,2003-07-01,6,1,6,1,7
80101,TRINIDAD,estado nutricional en menores de 5 anos,clasificacion a y b,2003-07-01,235,108,235,108,343
50801,TUPIZA,estado nutricional en menores de 5 anos,clasificacion a y b,2003-07-01,63,51,63,51,114
40402,TURCO,estado nutricional en menores de 5 anos,clasificacion a y b,2003-07-01,5,0,5,0,5
21302,UMALA,estado nutricional en menores de 5 anos,clasificacion a y b,2003-07-01,13,16,13,16,29
50201,UNCIA,estado nutricional en menores de 5 anos,clasificacion a y b,2003-07-01,2,3,2,3,5
60401,URIONDO (A. CONCEPCION),estado nutricional en menores de 5 anos,clasificacion a y b,2003-07-01,74,35,74,35,109
51201,UYUNI,estado nutricional en menores de 5 anos,clasificacion a y b,2003-07-01,68,19,68,19,87
30502,VACAS,estado nutricional en menores de 5 anos,clasificacion a y b,2003-07-01,2,0,2,0,2
70801,VALLEGRANDE,estado nutricional en menores de 5 anos,clasificacion a y b,2003-07-01,61,21,61,21,82
20801,VIACHA,estado nutricional en menores de 5 anos,clasificacion a y b,2003-07-01,100,21,100,21,121
60303,VILLA MONTES,estado nutricional en menores de 5 anos,clasificacion a y b,2003-07-01,103,14,103,14,117
90502,VILLA NUEVA (LOMA ALTA),estado nutricional en menores de 5 anos,clasificacion a y b,2003-07-01,1,0,1,0,1
31402,VILLA RIVERO,estado nutricional en menores de 5 anos,clasificacion a y b,2003-07-01,10,0,10,0,10
10801,VILLA SERRANO,estado nutricional en menores de 5 anos,clasificacion a y b,2003-07-01,26,7,26,7,33
31003,VILLA TUNARI,estado nutricional en menores de 5 anos,clasificacion a y b,2003-07-01,84,21,84,21,105
11001,VILLA VACA GUZMAN (MUYUPAMPA),estado nutricional en menores de 5 anos,clasificacion a y b,2003-07-01,61,9,61,9,70
51501,VILLAZON,estado nutricional en menores de 5 anos,clasificacion a y b,2003-07-01,99,15,99,15,114
30904,VINTO,estado nutricional en menores de 5 anos,clasificacion a y b,2003-07-01,60,12,60,12,72
50602,VITICHI,estado nutricional en menores de 5 anos,clasificacion a y b,2003-07-01,16,1,16,1,17
20306,WALDO BALLIVIAN,estado nutricional en menores de 5 anos,clasificacion a y b,2003-07-01,1,0,1,0,1
20903,YACO,estado nutricional en menores de 5 anos,clasificacion a y b,2003-07-01,10,5,10,5,15
60301,YACUIBA,estado nutricional en menores de 5 anos,clasificacion a y b,2003-07-01,130,22,130,22,152
10602,YAMPARAEZ,estado nutricional en menores de 5 anos,clasificacion a y b,2003-07-01,26,6,26,6,32
21103,YANACACHI,estado nutricional en menores de 5 anos,clasificacion a y b,2003-07-01,8,2,8,2,10
70403,YAPACANI,estado nutricional en menores de 5 anos,clasificacion a y b,2003-07-01,133,37,133,37,170
50103,YOCALLA,estado nutricional en menores de 5 anos,clasificacion a y b,2003-07-01,11,6,11,6,17
10102,YOTALA,estado nutricional en menores de 5 anos,clasificacion a y b,2003-07-01,28,25,28,25,53
60402,YUNCHARA,estado nutricional en menores de 5 anos,clasificacion a y b,2003-07-01,7,3,7,3,10
10301,ZUDAÃ‘EZ,estado nutricional en menores de 5 anos,clasificacion a y b,2003-07-01,16,1,16,1,17
51302,ACACIO,estado nutricional en menores de 5 anos,clasificacion a y b,2003-08-01,2,7,2,7,9
20201,ACHACACHI,estado nutricional en menores de 5 anos,clasificacion a y b,2003-08-01,70,35,70,35,105
20104,ACHOCALLA,estado nutricional en menores de 5 anos,clasificacion a y b,2003-08-01,4,2,4,2,6
30201,AIQUILE,estado nutricional en menores de 5 anos,clasificacion a y b,2003-08-01,30,4,30,4,34
31303,ALALAY,estado nutricional en menores de 5 anos,clasificacion a y b,2003-08-01,1,1,1,1,2
10404,ALCALA,estado nutricional en menores de 5 anos,clasificacion a y b,2003-08-01,9,1,9,1,10
20202,ANCORAIMES,estado nutricional en menores de 5 anos,clasificacion a y b,2003-08-01,11,0,11,0,11
41201,ANDAMARCA,estado nutricional en menores de 5 anos,clasificacion a y b,2003-08-01,1,0,1,0,1
30402,ANZALDO,estado nutricional en menores de 5 anos,clasificacion a y b,2003-08-01,8,7,8,7,15
20701,APOLO,estado nutricional en menores de 5 anos,clasificacion a y b,2003-08-01,29,5,29,5,34
51301,ARAMPAMPA,estado nutricional en menores de 5 anos,clasificacion a y b,2003-08-01,10,2,10,2,12
30501,ARANI,estado nutricional en menores de 5 anos,clasificacion a y b,2003-08-01,6,3,6,3,9
30403,ARBIETO,estado nutricional en menores de 5 anos,clasificacion a y b,2003-08-01,4,0,4,0,4
30601,ARQUE,estado nutricional en menores de 5 anos,clasificacion a y b,2003-08-01,2,0,2,0,2
71501,ASCENCION DE GUARAYOS,estado nutricional en menores de 5 anos,clasificacion a y b,2003-08-01,90,30,90,30,120
50802,ATOCHA,estado nutricional en menores de 5 anos,clasificacion a y b,2003-08-01,30,18,30,18,48
20503,AUCAPATA,estado nutricional en menores de 5 anos,clasificacion a y b,2003-08-01,7,1,7,1,8
20502,AYATA,estado nutricional en menores de 5 anos,clasificacion a y b,2003-08-01,11,1,11,1,12
21303,AYO AYO,estado nutricional en menores de 5 anos,clasificacion a y b,2003-08-01,17,0,17,0,17
30301,AYOPAYA (V. DE INDEPENDENCIA),estado nutricional en menores de 5 anos,clasificacion a y b,2003-08-01,25,3,25,3,28
10201,AZURDUY,estado nutricional en menores de 5 anos,clasificacion a y b,2003-08-01,30,10,30,10,40
21203,BATALLAS,estado nutricional en menores de 5 anos,clasificacion a y b,2003-08-01,20,5,20,5,25
80802,BAURES,estado nutricional en menores de 5 anos,clasificacion a y b,2003-08-01,11,2,11,2,13
41202,BELEN DE ANDAMARCA,estado nutricional en menores de 5 anos,clasificacion a y b,2003-08-01,0,2,0,2,2
50104,BELEN DE URMIRI,estado nutricional en menores de 5 anos,clasificacion a y b,2003-08-01,5,0,5,0,5
90104,BELLA FLOR,estado nutricional en menores de 5 anos,clasificacion a y b,2003-08-01,11,2,11,2,13
60202,BERMEJO,estado nutricional en menores de 5 anos,clasificacion a y b,2003-08-01,9,3,9,3,12
50301,BETANZOS,estado nutricional en menores de 5 anos,clasificacion a y b,2003-08-01,39,6,39,6,45
31501,BOLIVAR,estado nutricional en menores de 5 anos,clasificacion a y b,2003-08-01,4,0,4,0,4
90103,BOLPEBRA,estado nutricional en menores de 5 anos,clasificacion a y b,2003-08-01,2,0,2,0,2
70707,BOYUIBE,estado nutricional en menores de 5 anos,clasificacion a y b,2003-08-01,11,10,11,10,21
70401,BUENA VISTA,estado nutricional en menores de 5 anos,clasificacion a y b,2003-08-01,67,21,67,21,88
70703,CABEZAS,estado nutricional en menores de 5 anos,clasificacion a y b,2003-08-01,18,3,18,3,21
20905,CAIROMA,estado nutricional en menores de 5 anos,clasificacion a y b,2003-08-01,9,0,9,0,9
51102,"CAIZA ""D""",estado nutricional en menores de 5 anos,clasificacion a y b,2003-08-01,17,8,17,8,25
21003,CAJUATA,estado nutricional en menores de 5 anos,clasificacion a y b,2003-08-01,35,0,35,0,35
20303,CALACOTO,estado nutricional en menores de 5 anos,clasificacion a y b,2003-08-01,3,1,3,1,4
21304,CALAMARCA,estado nutricional en menores de 5 anos,clasificacion a y b,2003-08-01,9,0,9,0,9
10701,CAMARGO,estado nutricional en menores de 5 anos,clasificacion a y b,2003-08-01,20,1,20,1,21
10901,CAMATAQUI (C. VILLA ABECIA),estado nutricional en menores de 5 anos,clasificacion a y b,2003-08-01,7,2,7,2,9
70706,CAMIRI,estado nutricional en menores de 5 anos,clasificacion a y b,2003-08-01,152,51,152,51,203
30701,CAPINOTA,estado nutricional en menores de 5 anos,clasificacion a y b,2003-08-01,5,7,5,7,12
20302,CAQUIAVIRI,estado nutricional en menores de 5 anos,clasificacion a y b,2003-08-01,13,4,13,4,17
40102,CARACOLLO,estado nutricional en menores de 5 anos,clasificacion a y b,2003-08-01,13,7,13,7,20
22001,CARANAVI,estado nutricional en menores de 5 anos,clasificacion a y b,2003-08-01,94,13,94,13,107
60302,CARAPARI,estado nutricional en menores de 5 anos,clasificacion a y b,2003-08-01,31,1,31,1,32
50702,CARIPUYO,estado nutricional en menores de 5 anos,clasificacion a y b,2003-08-01,5,2,5,2,7
40201,CHALLAPATA,estado nutricional en menores de 5 anos,clasificacion a y b,2003-08-01,7,2,7,2,9
50302,CHAQUI,estado nutricional en menores de 5 anos,clasificacion a y b,2003-08-01,8,1,8,1,9
70702,CHARAGUA,estado nutricional en menores de 5 anos,clasificacion a y b,2003-08-01,132,50,132,50,182
20305,CHARAÃ‘A,estado nutricional en menores de 5 anos,clasificacion a y b,2003-08-01,1,0,1,0,1
50202,CHAYANTA,estado nutricional en menores de 5 anos,clasificacion a y b,2003-08-01,21,4,21,4,25
31204,CHIMORE,estado nutricional en menores de 5 anos,clasificacion a y b,2003-08-01,19,7,19,7,26
40302,CHOQUE COTA,estado nutricional en menores de 5 anos,clasificacion a y b,2003-08-01,2,0,2,0,2
21101,CHULUMANI (V. DE LA LIBERTAD),estado nutricional en menores de 5 anos,clasificacion a y b,2003-08-01,9,1,9,1,10
20501,CHUMA,estado nutricional en menores de 5 anos,clasificacion a y b,2003-08-01,13,3,13,3,16
30801,CLIZA,estado nutricional en menores de 5 anos,clasificacion a y b,2003-08-01,5,1,5,1,6
90101,COBIJA,estado nutricional en menores de 5 anos,clasificacion a y b,2003-08-01,90,12,90,12,102
30101,COCHABAMBA,estado nutricional en menores de 5 anos,clasificacion a y b,2003-08-01,1455,852,1455,852,2307
40902,COIPASA,estado nutricional en menores de 5 anos,clasificacion a y b,2003-08-01,2,0,2,0,2
30905,COLCAPIRHUA,estado nutricional en menores de 5 anos,clasificacion a y b,2003-08-01,45,10,45,10,55
50901,"COLCHA ""K""",estado nutricional en menores de 5 anos,clasificacion a y b,2003-08-01,22,3,22,3,25
21307,COLLANA,estado nutricional en menores de 5 anos,clasificacion a y b,2003-08-01,1,0,1,0,1
31002,COLOMI,estado nutricional en menores de 5 anos,clasificacion a y b,2003-08-01,31,10,31,10,41
50401,COLQUECHACA,estado nutricional en menores de 5 anos,clasificacion a y b,2003-08-01,23,7,23,7,30
21306,COLQUENCHA,estado nutricional en menores de 5 anos,clasificacion a y b,2003-08-01,12,1,12,1,13
21004,COLQUIRI,estado nutricional en menores de 5 anos,clasificacion a y b,2003-08-01,17,5,17,5,22
71301,COMARAPA,estado nutricional en menores de 5 anos,clasificacion a y b,2003-08-01,85,14,85,14,99
20605,COMBAYA,estado nutricional en menores de 5 anos,clasificacion a y b,2003-08-01,3,0,3,0,3
71101,CONCEPCION,estado nutricional en menores de 5 anos,clasificacion a y b,2003-08-01,18,50,18,50,68
21701,COPACABANA,estado nutricional en menores de 5 anos,clasificacion a y b,2003-08-01,18,4,18,4,22
21402,CORIPATA,estado nutricional en menores de 5 anos,clasificacion a y b,2003-08-01,25,2,25,2,27
20301,CORO CORO,estado nutricional en menores de 5 anos,clasificacion a y b,2003-08-01,4,1,4,1,5
21401,COROICO,estado nutricional en menores de 5 anos,clasificacion a y b,2003-08-01,15,9,15,9,24
40301,CORQUE,estado nutricional en menores de 5 anos,clasificacion a y b,2003-08-01,2,2,2,2,4
50601,COTAGAITA,estado nutricional en menores de 5 anos,clasificacion a y b,2003-08-01,55,5,55,5,60
31405,CUCHUMUELA (V. G. VILLARROEL),estado nutricional en menores de 5 anos,clasificacion a y b,2003-08-01,3,0,3,0,3
70704,CUEVO,estado nutricional en menores de 5 anos,clasificacion a y b,2003-08-01,3,0,3,0,3
10902,CULPINA,estado nutricional en menores de 5 anos,clasificacion a y b,2003-08-01,46,11,46,11,57
40401,CURAHUARA DE CARANGAS,estado nutricional en menores de 5 anos,clasificacion a y b,2003-08-01,3,0,3,0,3
21602,CURVA,estado nutricional en menores de 5 anos,clasificacion a y b,2003-08-01,2,0,2,0,2
20804,DESAGUADERO,estado nutricional en menores de 5 anos,clasificacion a y b,2003-08-01,6,2,6,2,8
20105,EL ALTO,estado nutricional en menores de 5 anos,clasificacion a y b,2003-08-01,780,280,780,280,1060
40103,EL CHORO,estado nutricional en menores de 5 anos,clasificacion a y b,2003-08-01,8,2,8,2,10
71503,EL PUENTE(STC),estado nutricional en menores de 5 anos,clasificacion a y b,2003-08-01,6,10,6,10,16
60502,EL PUENTE(TJA),estado nutricional en menores de 5 anos,clasificacion a y b,2003-08-01,13,3,13,3,16
70105,EL TORNO,estado nutricional en menores de 5 anos,clasificacion a y b,2003-08-01,160,13,160,13,173
10405,EL VILLAR,estado nutricional en menores de 5 anos,clasificacion a y b,2003-08-01,11,3,11,3,14
60601,ENTRE RIOS,estado nutricional en menores de 5 anos,clasificacion a y b,2003-08-01,51,19,51,19,70
41101,EUCALIPTUS,estado nutricional en menores de 5 anos,clasificacion a y b,2003-08-01,5,4,5,4,9
90503,EUREKA (SANTOS MERCADO),estado nutricional en menores de 5 anos,clasificacion a y b,2003-08-01,2,2,2,2,4
80402,EXALTACION,estado nutricional en menores de 5 anos,clasificacion a y b,2003-08-01,10,11,10,11,21
90203,FILADELFIA,estado nutricional en menores de 5 anos,clasificacion a y b,2003-08-01,3,3,3,3,6
71002,GENERAL SAAVEDRA,estado nutricional en menores de 5 anos,clasificacion a y b,2003-08-01,63,54,63,54,117
21601,GRAL. J.J. PEREZ (CHARAZANI),estado nutricional en menores de 5 anos,clasificacion a y b,2003-08-01,27,1,27,1,28
20602,GUANAY,estado nutricional en menores de 5 anos,clasificacion a y b,2003-08-01,118,22,118,22,140
20802,GUAQUI,estado nutricional en menores de 5 anos,clasificacion a y b,2003-08-01,4,0,4,0,4
80202,GUAYARAMERIN,estado nutricional en menores de 5 anos,clasificacion a y b,2003-08-01,124,17,124,17,141
70705,GUTIERREZ,estado nutricional en menores de 5 anos,clasificacion a y b,2003-08-01,88,32,88,32,120
10502,HUACARETA,estado nutricional en menores de 5 anos,clasificacion a y b,2003-08-01,36,33,36,33,69
11002,HUACAYA (VILLA DE HUACAYA),estado nutricional en menores de 5 anos,clasificacion a y b,2003-08-01,8,2,8,2,10
40501,HUACHACALLA,estado nutricional en menores de 5 anos,clasificacion a y b,2003-08-01,1,1,1,1,2
40701,HUANUNI,estado nutricional en menores de 5 anos,clasificacion a y b,2003-08-01,27,6,27,6,33
80803,HUARACAJE,estado nutricional en menores de 5 anos,clasificacion a y b,2003-08-01,16,13,16,13,29
41601,HUAYLLAMARCA,estado nutricional en menores de 5 anos,clasificacion a y b,2003-08-01,3,0,3,0,3
21005,ICHOCA,estado nutricional en menores de 5 anos,clasificacion a y b,2003-08-01,18,8,18,8,26
10304,ICLA,estado nutricional en menores de 5 anos,clasificacion a y b,2003-08-01,18,2,18,2,20
10703,INCAHUASI,estado nutricional en menores de 5 anos,clasificacion a y b,2003-08-01,19,4,19,4,23
21001,INQUISIVI,estado nutricional en menores de 5 anos,clasificacion a y b,2003-08-01,37,13,37,13,50
21102,IRUPANA (VILLA DE LANZA),estado nutricional en menores de 5 anos,clasificacion a y b,2003-08-01,29,38,29,38,67
21501,IXIAMAS,estado nutricional en menores de 5 anos,clasificacion a y b,2003-08-01,30,4,30,4,34
21105,LA ASUNTA,estado nutricional en menores de 5 anos,clasificacion a y b,2003-08-01,51,5,51,5,56
70104,LA GUARDIA,estado nutricional en menores de 5 anos,clasificacion a y b,2003-08-01,94,34,94,34,128
20101,LA PAZ,estado nutricional en menores de 5 anos,clasificacion a y b,2003-08-01,642,200,642,200,842
41501,LA RIVERA,estado nutricional en menores de 5 anos,clasificacion a y b,2003-08-01,0,1,0,1,1
70701,LAGUNILLAS,estado nutricional en menores de 5 anos,clasificacion a y b,2003-08-01,53,21,53,21,74
21202,LAJA,estado nutricional en menores de 5 anos,clasificacion a y b,2003-08-01,13,0,13,0,13
10903,LAS CARRERAS,estado nutricional en menores de 5 anos,clasificacion a y b,2003-08-01,14,12,14,12,26
21006,LICOMA PAMPA,estado nutricional en menores de 5 anos,clasificacion a y b,2003-08-01,13,8,13,8,21
50203,LLALLAGUA,estado nutricional en menores de 5 anos,clasificacion a y b,2003-08-01,15,115,15,115,130
51401,LLICA,estado nutricional en menores de 5 anos,clasificacion a y b,2003-08-01,5,1,5,1,6
80601,LORETO,estado nutricional en menores de 5 anos,clasificacion a y b,2003-08-01,11,6,11,6,17
20901,LURIBAY,estado nutricional en menores de 5 anos,clasificacion a y b,2003-08-01,8,1,8,1,9
40702,MACHACAMARCA,estado nutricional en menores de 5 anos,clasificacion a y b,2003-08-01,6,1,6,1,7
11003,MACHARETI,estado nutricional en menores de 5 anos,clasificacion a y b,2003-08-01,49,24,49,24,73
80801,MAGDALENA,estado nutricional en menores de 5 anos,clasificacion a y b,2003-08-01,17,1,17,1,18
70903,MAIRANA,estado nutricional en menores de 5 anos,clasificacion a y b,2003-08-01,44,5,44,5,49
20904,MALLA,estado nutricional en menores de 5 anos,clasificacion a y b,2003-08-01,0,2,0,2,2
20103,MECAPACA,estado nutricional en menores de 5 anos,clasificacion a y b,2003-08-01,2,0,2,0,2
71003,MINEROS,estado nutricional en menores de 5 anos,clasificacion a y b,2003-08-01,244,34,244,34,278
31301,MIZQUE,estado nutricional en menores de 5 anos,clasificacion a y b,2003-08-01,13,3,13,3,16
20402,MOCOMOCO,estado nutricional en menores de 5 anos,clasificacion a y b,2003-08-01,9,2,9,2,11
51002,MOJINETE,estado nutricional en menores de 5 anos,clasificacion a y b,2003-08-01,0,1,0,1,1
10303,MOJOCOYA,estado nutricional en menores de 5 anos,clasificacion a y b,2003-08-01,28,9,28,9,37
10501,MONTEAGUDO,estado nutricional en menores de 5 anos,clasificacion a y b,2003-08-01,107,35,107,35,142
71001,MONTERO,estado nutricional en menores de 5 anos,clasificacion a y b,2003-08-01,420,92,420,92,512
70803,MORO MORO,estado nutricional en menores de 5 anos,clasificacion a y b,2003-08-01,10,2,10,2,12
30302,MOROCHATA,estado nutricional en menores de 5 anos,clasificacion a y b,2003-08-01,30,3,30,3,33
50404,OCURI,estado nutricional en menores de 5 anos,clasificacion a y b,2003-08-01,6,3,6,3,9
30203,OMEREQUE,estado nutricional en menores de 5 anos,clasificacion a y b,2003-08-01,4,0,4,0,4
40101,ORURO,estado nutricional en menores de 5 anos,clasificacion a y b,2003-08-01,286,50,286,50,336
60201,PADCAYA,estado nutricional en menores de 5 anos,clasificacion a y b,2003-08-01,33,33,33,33,66
10401,PADILLA,estado nutricional en menores de 5 anos,clasificacion a y b,2003-08-01,52,12,52,12,64
70502,PAILON,estado nutricional en menores de 5 anos,clasificacion a y b,2003-08-01,16,4,16,4,20
20102,PALCA,estado nutricional en menores de 5 anos,clasificacion a y b,2003-08-01,10,6,10,6,16
21104,PALOS BLANCOS,estado nutricional en menores de 5 anos,clasificacion a y b,2003-08-01,51,8,51,8,59
40802,PAMPA AULLAGAS,estado nutricional en menores de 5 anos,clasificacion a y b,2003-08-01,3,1,3,1,4
70902,PAMPA GRANDE,estado nutricional en menores de 5 anos,clasificacion a y b,2003-08-01,8,0,8,0,8
21802,PAPEL PAMPA,estado nutricional en menores de 5 anos,clasificacion a y b,2003-08-01,3,1,3,1,4
30202,PASORAPA,estado nutricional en menores de 5 anos,clasificacion a y b,2003-08-01,7,3,7,3,10
21305,PATACAMAYA,estado nutricional en menores de 5 anos,clasificacion a y b,2003-08-01,56,4,56,4,60
40602,PAZÃ‘A,estado nutricional en menores de 5 anos,clasificacion a y b,2003-08-01,7,3,7,3,10
20702,PELECHUCO,estado nutricional en menores de 5 anos,clasificacion a y b,2003-08-01,3,0,3,0,3
50403,POCOATA,estado nutricional en menores de 5 anos,clasificacion a y b,2003-08-01,26,9,26,9,35
31203,POCONA,estado nutricional en menores de 5 anos,clasificacion a y b,2003-08-01,11,0,11,0,11
31202,POJO (CBBA),estado nutricional en menores de 5 anos,clasificacion a y b,2003-08-01,129,30,129,30,159
40601,POOPO,estado nutricional en menores de 5 anos,clasificacion a y b,2003-08-01,2,5,2,5,7
51203,PORCO,estado nutricional en menores de 5 anos,clasificacion a y b,2003-08-01,14,0,14,0,14
10103,POROMA,estado nutricional en menores de 5 anos,clasificacion a y b,2003-08-01,31,5,31,5,36
70103,PORONGO,estado nutricional en menores de 5 anos,clasificacion a y b,2003-08-01,11,2,11,2,13
70601,PORTACHUELO,estado nutricional en menores de 5 anos,clasificacion a y b,2003-08-01,156,35,156,35,191
90102,PORVENIR,estado nutricional en menores de 5 anos,clasificacion a y b,2003-08-01,7,1,7,1,8
70804,POSTRER VALLE,estado nutricional en menores de 5 anos,clasificacion a y b,2003-08-01,1,2,1,2,3
50101,POTOSI,estado nutricional en menores de 5 anos,clasificacion a y b,2003-08-01,136,15,136,15,151
10302,PRESTO,estado nutricional en menores de 5 anos,clasificacion a y b,2003-08-01,15,4,15,4,19
21201,PUCARANI,estado nutricional en menores de 5 anos,clasificacion a y b,2003-08-01,37,2,37,2,39
20401,PUERTO ACOSTA,estado nutricional en menores de 5 anos,clasificacion a y b,2003-08-01,32,18,32,18,50
20403,PUERTO CARABUCO,estado nutricional en menores de 5 anos,clasificacion a y b,2003-08-01,23,2,23,2,25
90301,PUERTO GONZALO MORENO,estado nutricional en menores de 5 anos,clasificacion a y b,2003-08-01,3,1,3,1,4
21204,PUERTO PEREZ,estado nutricional en menores de 5 anos,clasificacion a y b,2003-08-01,4,0,4,0,4
71402,PUERTO QUIJARRO,estado nutricional en menores de 5 anos,clasificacion a y b,2003-08-01,68,14,68,14,82
90201,PUERTO RICO,estado nutricional en menores de 5 anos,clasificacion a y b,2003-08-01,6,16,6,16,22
80703,PUERTO SILES,estado nutricional en menores de 5 anos,clasificacion a y b,2003-08-01,2,1,2,1,3
71401,PUERTO SUAREZ,estado nutricional en menores de 5 anos,clasificacion a y b,2003-08-01,66,14,66,14,80
31205,PUERTO VILLARROEL,estado nutricional en menores de 5 anos,clasificacion a y b,2003-08-01,131,33,131,33,164
51101,PUNA,estado nutricional en menores de 5 anos,clasificacion a y b,2003-08-01,2,0,2,0,2
31401,PUNATA,estado nutricional en menores de 5 anos,clasificacion a y b,2003-08-01,8,3,8,3,11
20604,QUIABAYA,estado nutricional en menores de 5 anos,clasificacion a y b,2003-08-01,6,0,6,0,6
30901,QUILLACOLLO,estado nutricional en menores de 5 anos,clasificacion a y b,2003-08-01,59,27,59,27,86
21002,QUIME,estado nutricional en menores de 5 anos,clasificacion a y b,2003-08-01,18,1,18,1,19
70904,QUIRUSILLAS,estado nutricional en menores de 5 anos,clasificacion a y b,2003-08-01,8,1,8,1,9
50402,RAVELO,estado nutricional en menores de 5 anos,clasificacion a y b,2003-08-01,8,2,8,2,10
80301,REYES,estado nutricional en menores de 5 anos,clasificacion a y b,2003-08-01,30,1,30,1,31
80201,RIBERALTA,estado nutricional en menores de 5 anos,clasificacion a y b,2003-08-01,133,20,133,20,153
70503,ROBORE,estado nutricional en menores de 5 anos,clasificacion a y b,2003-08-01,48,24,48,24,72
80304,RURRENABAQUE,estado nutricional en menores de 5 anos,clasificacion a y b,2003-08-01,19,2,19,2,21
40901,SABAYA,estado nutricional en menores de 5 anos,clasificacion a y b,2003-08-01,3,0,3,0,3
31001,SACABA,estado nutricional en menores de 5 anos,clasificacion a y b,2003-08-01,57,40,57,40,97
30404,SACABAMBA,estado nutricional en menores de 5 anos,clasificacion a y b,2003-08-01,1,1,1,1,2
50701,SACACA,estado nutricional en menores de 5 anos,clasificacion a y b,2003-08-01,4,2,4,2,6
71302,SAIPINA,estado nutricional en menores de 5 anos,clasificacion a y b,2003-08-01,71,36,71,36,107
40801,SALINAS DE GARCI MENDOZA,estado nutricional en menores de 5 anos,clasificacion a y b,2003-08-01,5,0,5,0,5
70901,SAMAIPATA,estado nutricional en menores de 5 anos,clasificacion a y b,2003-08-01,41,6,41,6,47
51601,SAN AGUSTIN,estado nutricional en menores de 5 anos,clasificacion a y b,2003-08-01,2,2,2,2,4
80602,SAN ANDRES,estado nutricional en menores de 5 anos,clasificacion a y b,2003-08-01,3,0,3,0,3
51003,SAN ANTONIO DE ESMORUCO,estado nutricional en menores de 5 anos,clasificacion a y b,2003-08-01,2,0,2,0,2
71105,SAN ANTONIO DE LOMERIO,estado nutricional en menores de 5 anos,clasificacion a y b,2003-08-01,20,9,20,9,29
31403,SAN BENITO,estado nutricional en menores de 5 anos,clasificacion a y b,2003-08-01,13,1,13,1,14
80302,SAN BORJA,estado nutricional en menores de 5 anos,clasificacion a y b,2003-08-01,68,15,68,15,83
21502,SAN BUENA VENTURA,estado nutricional en menores de 5 anos,clasificacion a y b,2003-08-01,20,4,20,4,24
70402,SAN CARLOS,estado nutricional en menores de 5 anos,clasificacion a y b,2003-08-01,141,8,141,8,149
80501,SAN IGNACIO,estado nutricional en menores de 5 anos,clasificacion a y b,2003-08-01,74,24,74,24,98
70301,SAN IGNACIO DE VELASCO,estado nutricional en menores de 5 anos,clasificacion a y b,2003-08-01,199,13,199,13,212
80102,SAN JAVIER(BNI),estado nutricional en menores de 5 anos,clasificacion a y b,2003-08-01,4,1,4,1,5
71102,SAN JAVIER(STC),estado nutricional en menores de 5 anos,clasificacion a y b,2003-08-01,33,11,33,11,44
80701,SAN JOAQUIN,estado nutricional en menores de 5 anos,clasificacion a y b,2003-08-01,12,9,12,9,21
70501,SAN JOSE DE CHIQUITOS,estado nutricional en menores de 5 anos,clasificacion a y b,2003-08-01,24,0,24,0,24
71104,SAN JULIAN,estado nutricional en menores de 5 anos,clasificacion a y b,2003-08-01,179,50,179,50,229
90302,SAN LORENZO(PND),estado nutricional en menores de 5 anos,clasificacion a y b,2003-08-01,2,2,2,2,4
60501,SAN LORENZO(TJA),estado nutricional en menores de 5 anos,clasificacion a y b,2003-08-01,60,41,60,41,101
10702,SAN LUCAS,estado nutricional en menores de 5 anos,clasificacion a y b,2003-08-01,35,3,35,3,38
71201,SAN MATIAS,estado nutricional en menores de 5 anos,clasificacion a y b,2003-08-01,27,16,27,16,43
70302,SAN MIGUEL DE VELASCO,estado nutricional en menores de 5 anos,clasificacion a y b,2003-08-01,38,7,38,7,45
51001,SAN PABLO DE LIPEZ,estado nutricional en menores de 5 anos,clasificacion a y b,2003-08-01,4,0,4,0,4
50501,SAN PEDRO DE BUENA VISTA,estado nutricional en menores de 5 anos,clasificacion a y b,2003-08-01,13,10,13,10,23
21801,SAN PEDRO DE CURAHUARA,estado nutricional en menores de 5 anos,clasificacion a y b,2003-08-01,3,1,3,1,4
50902,SAN PEDRO DE QUEMES,estado nutricional en menores de 5 anos,clasificacion a y b,2003-08-01,3,2,3,2,5
21702,SAN PEDRO DE TIQUINA,estado nutricional en menores de 5 anos,clasificacion a y b,2003-08-01,7,0,7,0,7
70303,SAN RAFAEL,estado nutricional en menores de 5 anos,clasificacion a y b,2003-08-01,14,2,14,2,16
80702,SAN RAMON,estado nutricional en menores de 5 anos,clasificacion a y b,2003-08-01,8,4,8,4,12
80401,SANTA ANA,estado nutricional en menores de 5 anos,clasificacion a y b,2003-08-01,85,30,85,30,115
70101,SANTA CRUZ DE LA SIERRA,estado nutricional en menores de 5 anos,clasificacion a y b,2003-08-01,1727,697,1727,697,2424
80303,SANTA ROSA,estado nutricional en menores de 5 anos,clasificacion a y b,2003-08-01,23,14,23,14,37
70602,SANTA ROSA DEL SARA,estado nutricional en menores de 5 anos,clasificacion a y b,2003-08-01,29,19,29,19,48
20308,SANTIAGO DE CALLAPA,estado nutricional en menores de 5 anos,clasificacion a y b,2003-08-01,8,2,8,2,10
41401,SANTIAGO DE HUARI,estado nutricional en menores de 5 anos,clasificacion a y b,2003-08-01,7,1,7,1,8
21901,SANTIAGO DE MACHACA,estado nutricional en menores de 5 anos,clasificacion a y b,2003-08-01,5,1,5,1,6
30702,SANTIVAÃ‘ES,estado nutricional en menores de 5 anos,clasificacion a y b,2003-08-01,6,0,6,0,6
40202,SANTUARIO DE QUILLACAS,estado nutricional en menores de 5 anos,clasificacion a y b,2003-08-01,1,0,1,0,1
20902,SAPAHAQUI,estado nutricional en menores de 5 anos,clasificacion a y b,2003-08-01,13,1,13,1,14
90303,SENA,estado nutricional en menores de 5 anos,clasificacion a y b,2003-08-01,16,23,16,23,39
21301,SICA SICA (VILLA AROMA),estado nutricional en menores de 5 anos,clasificacion a y b,2003-08-01,13,15,13,15,28
30703,SICAYA,estado nutricional en menores de 5 anos,clasificacion a y b,2003-08-01,3,1,3,1,4
30902,SIPE SIPE,estado nutricional en menores de 5 anos,clasificacion a y b,2003-08-01,108,16,108,16,124
10403,SOPACHUY,estado nutricional en menores de 5 anos,clasificacion a y b,2003-08-01,10,3,10,3,13
20601,SORATA,estado nutricional en menores de 5 anos,clasificacion a y b,2003-08-01,21,6,21,6,27
10101,SUCRE,estado nutricional en menores de 5 anos,clasificacion a y b,2003-08-01,329,65,329,65,394
31404,TACACHI,estado nutricional en menores de 5 anos,clasificacion a y b,2003-08-01,1,0,1,0,1
20603,TACACOMA,estado nutricional en menores de 5 anos,clasificacion a y b,2003-08-01,12,7,12,7,19
50303,TACOBAMBA,estado nutricional en menores de 5 anos,clasificacion a y b,2003-08-01,23,6,23,6,29
30602,TACOPAYA,estado nutricional en menores de 5 anos,clasificacion a y b,2003-08-01,13,3,13,3,16
51402,TAHUA,estado nutricional en menores de 5 anos,clasificacion a y b,2003-08-01,1,0,1,0,1
31101,TAPACARI,estado nutricional en menores de 5 anos,clasificacion a y b,2003-08-01,23,0,23,0,23
10601,TARABUCO,estado nutricional en menores de 5 anos,clasificacion a y b,2003-08-01,26,10,26,10,36
30401,TARATA,estado nutricional en menores de 5 anos,clasificacion a y b,2003-08-01,8,6,8,6,14
60101,TARIJA,estado nutricional en menores de 5 anos,clasificacion a y b,2003-08-01,588,202,588,202,790
10202,TARVITA,estado nutricional en menores de 5 anos,clasificacion a y b,2003-08-01,23,7,23,7,30
20803,TIAWANACU,estado nutricional en menores de 5 anos,clasificacion a y b,2003-08-01,11,3,11,3,14
50102,TINGUIPAYA,estado nutricional en menores de 5 anos,clasificacion a y b,2003-08-01,25,3,25,3,28
20606,TIPUANI,estado nutricional en menores de 5 anos,clasificacion a y b,2003-08-01,29,10,29,10,39
30903,TIQUIPAYA,estado nutricional en menores de 5 anos,clasificacion a y b,2003-08-01,18,8,18,8,26
31601,TIRAQUE (CBBA),estado nutricional en menores de 5 anos,clasificacion a y b,2003-08-01,108,20,108,20,128
21703,TITO YUPANQUI (PARQUIPUJIO),estado nutricional en menores de 5 anos,clasificacion a y b,2003-08-01,1,1,1,1,2
30802,TOCO,estado nutricional en menores de 5 anos,clasificacion a y b,2003-08-01,0,3,0,3,3
30803,TOLATA,estado nutricional en menores de 5 anos,clasificacion a y b,2003-08-01,12,5,12,5,17
41001,TOLEDO,estado nutricional en menores de 5 anos,clasificacion a y b,2003-08-01,4,1,4,1,5
51202,TOMAVE,estado nutricional en menores de 5 anos,clasificacion a y b,2003-08-01,9,12,9,12,21
10402,TOMINA,estado nutricional en menores de 5 anos,clasificacion a y b,2003-08-01,21,4,21,4,25
50502,TORO TORO,estado nutricional en menores de 5 anos,clasificacion a y b,2003-08-01,28,6,28,6,34
31201,TOTORA(CBBA),estado nutricional en menores de 5 anos,clasificacion a y b,2003-08-01,28,5,28,5,33
41301,TOTORA(ORR),estado nutricional en menores de 5 anos,clasificacion a y b,2003-08-01,1,1,1,1,2
70802,TRIGAL,estado nutricional en menores de 5 anos,clasificacion a y b,2003-08-01,3,0,3,0,3
80101,TRINIDAD,estado nutricional en menores de 5 anos,clasificacion a y b,2003-08-01,199,63,199,63,262
50801,TUPIZA,estado nutricional en menores de 5 anos,clasificacion a y b,2003-08-01,54,57,54,57,111
40402,TURCO,estado nutricional en menores de 5 anos,clasificacion a y b,2003-08-01,1,1,1,1,2
21302,UMALA,estado nutricional en menores de 5 anos,clasificacion a y b,2003-08-01,13,34,13,34,47
50201,UNCIA,estado nutricional en menores de 5 anos,clasificacion a y b,2003-08-01,3,0,3,0,3
60401,URIONDO (A. CONCEPCION),estado nutricional en menores de 5 anos,clasificacion a y b,2003-08-01,63,20,63,20,83
71502,URUBICHA,estado nutricional en menores de 5 anos,clasificacion a y b,2003-08-01,10,12,10,12,22
51201,UYUNI,estado nutricional en menores de 5 anos,clasificacion a y b,2003-08-01,53,6,53,6,59
30502,VACAS,estado nutricional en menores de 5 anos,clasificacion a y b,2003-08-01,1,0,1,0,1
70801,VALLEGRANDE,estado nutricional en menores de 5 anos,clasificacion a y b,2003-08-01,2,1,2,1,3
20801,VIACHA,estado nutricional en menores de 5 anos,clasificacion a y b,2003-08-01,72,11,72,11,83
31302,VILA VILA,estado nutricional en menores de 5 anos,clasificacion a y b,2003-08-01,4,0,4,0,4
60303,VILLA MONTES,estado nutricional en menores de 5 anos,clasificacion a y b,2003-08-01,61,11,61,11,72
31402,VILLA RIVERO,estado nutricional en menores de 5 anos,clasificacion a y b,2003-08-01,15,2,15,2,17
10801,VILLA SERRANO,estado nutricional en menores de 5 anos,clasificacion a y b,2003-08-01,20,6,20,6,26
31003,VILLA TUNARI,estado nutricional en menores de 5 anos,clasificacion a y b,2003-08-01,64,22,64,22,86
11001,VILLA VACA GUZMAN (MUYUPAMPA),estado nutricional en menores de 5 anos,clasificacion a y b,2003-08-01,46,8,46,8,54
51501,VILLAZON,estado nutricional en menores de 5 anos,clasificacion a y b,2003-08-01,95,12,95,12,107
30904,VINTO,estado nutricional en menores de 5 anos,clasificacion a y b,2003-08-01,51,4,51,4,55
50602,VITICHI,estado nutricional en menores de 5 anos,clasificacion a y b,2003-08-01,17,15,17,15,32
20903,YACO,estado nutricional en menores de 5 anos,clasificacion a y b,2003-08-01,8,2,8,2,10
60301,YACUIBA,estado nutricional en menores de 5 anos,clasificacion a y b,2003-08-01,187,29,187,29,216
10602,YAMPARAEZ,estado nutricional en menores de 5 anos,clasificacion a y b,2003-08-01,31,4,31,4,35
21103,YANACACHI,estado nutricional en menores de 5 anos,clasificacion a y b,2003-08-01,9,0,9,0,9
70403,YAPACANI,estado nutricional en menores de 5 anos,clasificacion a y b,2003-08-01,138,26,138,26,164
50103,YOCALLA,estado nutricional en menores de 5 anos,clasificacion a y b,2003-08-01,3,1,3,1,4
10102,YOTALA,estado nutricional en menores de 5 anos,clasificacion a y b,2003-08-01,28,14,28,14,42
60402,YUNCHARA,estado nutricional en menores de 5 anos,clasificacion a y b,2003-08-01,17,22,17,22,39
10301,ZUDAÃ‘EZ,estado nutricional en menores de 5 anos,clasificacion a y b,2003-08-01,19,9,19,9,28
51302,ACACIO,estado nutricional en menores de 5 anos,clasificacion a y b,2003-09-01,3,0,3,0,3
20201,ACHACACHI,estado nutricional en menores de 5 anos,clasificacion a y b,2003-09-01,81,46,81,46,127
20104,ACHOCALLA,estado nutricional en menores de 5 anos,clasificacion a y b,2003-09-01,8,0,8,0,8
30201,AIQUILE,estado nutricional en menores de 5 anos,clasificacion a y b,2003-09-01,29,5,29,5,34
10404,ALCALA,estado nutricional en menores de 5 anos,clasificacion a y b,2003-09-01,7,4,7,4,11
20202,ANCORAIMES,estado nutricional en menores de 5 anos,clasificacion a y b,2003-09-01,13,2,13,2,15
41201,ANDAMARCA,estado nutricional en menores de 5 anos,clasificacion a y b,2003-09-01,3,2,3,2,5
30402,ANZALDO,estado nutricional en menores de 5 anos,clasificacion a y b,2003-09-01,8,8,8,8,16
20701,APOLO,estado nutricional en menores de 5 anos,clasificacion a y b,2003-09-01,25,1,25,1,26
51301,ARAMPAMPA,estado nutricional en menores de 5 anos,clasificacion a y b,2003-09-01,7,4,7,4,11
30501,ARANI,estado nutricional en menores de 5 anos,clasificacion a y b,2003-09-01,2,5,2,5,7
30403,ARBIETO,estado nutricional en menores de 5 anos,clasificacion a y b,2003-09-01,4,0,4,0,4
30601,ARQUE,estado nutricional en menores de 5 anos,clasificacion a y b,2003-09-01,4,0,4,0,4
71501,ASCENCION DE GUARAYOS,estado nutricional en menores de 5 anos,clasificacion a y b,2003-09-01,2,0,2,0,2
50802,ATOCHA,estado nutricional en menores de 5 anos,clasificacion a y b,2003-09-01,11,23,11,23,34
20503,AUCAPATA,estado nutricional en menores de 5 anos,clasificacion a y b,2003-09-01,8,3,8,3,11
21303,AYO AYO,estado nutricional en menores de 5 anos,clasificacion a y b,2003-09-01,14,0,14,0,14
30301,AYOPAYA (V. DE INDEPENDENCIA),estado nutricional en menores de 5 anos,clasificacion a y b,2003-09-01,19,5,19,5,24
10201,AZURDUY,estado nutricional en menores de 5 anos,clasificacion a y b,2003-09-01,29,7,29,7,36
21203,BATALLAS,estado nutricional en menores de 5 anos,clasificacion a y b,2003-09-01,22,2,22,2,24
80802,BAURES,estado nutricional en menores de 5 anos,clasificacion a y b,2003-09-01,23,8,23,8,31
41202,BELEN DE ANDAMARCA,estado nutricional en menores de 5 anos,clasificacion a y b,2003-09-01,1,0,1,0,1
50104,BELEN DE URMIRI,estado nutricional en menores de 5 anos,clasificacion a y b,2003-09-01,3,2,3,2,5
90104,BELLA FLOR,estado nutricional en menores de 5 anos,clasificacion a y b,2003-09-01,10,6,10,6,16
60202,BERMEJO,estado nutricional en menores de 5 anos,clasificacion a y b,2003-09-01,17,17,17,17,34
50301,BETANZOS,estado nutricional en menores de 5 anos,clasificacion a y b,2003-09-01,47,2,47,2,49
31501,BOLIVAR,estado nutricional en menores de 5 anos,clasificacion a y b,2003-09-01,7,1,7,1,8
90103,BOLPEBRA,estado nutricional en menores de 5 anos,clasificacion a y b,2003-09-01,2,1,2,1,3
70707,BOYUIBE,estado nutricional en menores de 5 anos,clasificacion a y b,2003-09-01,12,6,12,6,18
70401,BUENA VISTA,estado nutricional en menores de 5 anos,clasificacion a y b,2003-09-01,83,46,83,46,129
70703,CABEZAS,estado nutricional en menores de 5 anos,clasificacion a y b,2003-09-01,4,0,4,0,4
20905,CAIROMA,estado nutricional en menores de 5 anos,clasificacion a y b,2003-09-01,5,0,5,0,5
51102,"CAIZA ""D""",estado nutricional en menores de 5 anos,clasificacion a y b,2003-09-01,14,4,14,4,18
21003,CAJUATA,estado nutricional en menores de 5 anos,clasificacion a y b,2003-09-01,34,1,34,1,35
20303,CALACOTO,estado nutricional en menores de 5 anos,clasificacion a y b,2003-09-01,2,1,2,1,3
21304,CALAMARCA,estado nutricional en menores de 5 anos,clasificacion a y b,2003-09-01,5,4,5,4,9
10701,CAMARGO,estado nutricional en menores de 5 anos,clasificacion a y b,2003-09-01,26,5,26,5,31
10901,CAMATAQUI (C. VILLA ABECIA),estado nutricional en menores de 5 anos,clasificacion a y b,2003-09-01,4,1,4,1,5
70706,CAMIRI,estado nutricional en menores de 5 anos,clasificacion a y b,2003-09-01,177,45,177,45,222
30701,CAPINOTA,estado nutricional en menores de 5 anos,clasificacion a y b,2003-09-01,12,1,12,1,13
20302,CAQUIAVIRI,estado nutricional en menores de 5 anos,clasificacion a y b,2003-09-01,9,4,9,4,13
40102,CARACOLLO,estado nutricional en menores de 5 anos,clasificacion a y b,2003-09-01,13,5,13,5,18
22001,CARANAVI,estado nutricional en menores de 5 anos,clasificacion a y b,2003-09-01,107,15,107,15,122
60302,CARAPARI,estado nutricional en menores de 5 anos,clasificacion a y b,2003-09-01,24,14,24,14,38
50702,CARIPUYO,estado nutricional en menores de 5 anos,clasificacion a y b,2003-09-01,4,3,4,3,7
40201,CHALLAPATA,estado nutricional en menores de 5 anos,clasificacion a y b,2003-09-01,17,5,17,5,22
50302,CHAQUI,estado nutricional en menores de 5 anos,clasificacion a y b,2003-09-01,13,1,13,1,14
70702,CHARAGUA,estado nutricional en menores de 5 anos,clasificacion a y b,2003-09-01,83,35,83,35,118
50202,CHAYANTA,estado nutricional en menores de 5 anos,clasificacion a y b,2003-09-01,28,11,28,11,39
31204,CHIMORE,estado nutricional en menores de 5 anos,clasificacion a y b,2003-09-01,26,8,26,8,34
40903,CHIPAYA,estado nutricional en menores de 5 anos,clasificacion a y b,2003-09-01,1,1,1,1,2
21101,CHULUMANI (V. DE LA LIBERTAD),estado nutricional en menores de 5 anos,clasificacion a y b,2003-09-01,5,0,5,0,5
20501,CHUMA,estado nutricional en menores de 5 anos,clasificacion a y b,2003-09-01,7,4,7,4,11
30801,CLIZA,estado nutricional en menores de 5 anos,clasificacion a y b,2003-09-01,4,1,4,1,5
90101,COBIJA,estado nutricional en menores de 5 anos,clasificacion a y b,2003-09-01,160,39,160,39,199
30101,COCHABAMBA,estado nutricional en menores de 5 anos,clasificacion a y b,2003-09-01,497,96,497,96,593
40902,COIPASA,estado nutricional en menores de 5 anos,clasificacion a y b,2003-09-01,1,0,1,0,1
30905,COLCAPIRHUA,estado nutricional en menores de 5 anos,clasificacion a y b,2003-09-01,44,7,44,7,51
50901,"COLCHA ""K""",estado nutricional en menores de 5 anos,clasificacion a y b,2003-09-01,12,2,12,2,14
21307,COLLANA,estado nutricional en menores de 5 anos,clasificacion a y b,2003-09-01,3,0,3,0,3
31002,COLOMI,estado nutricional en menores de 5 anos,clasificacion a y b,2003-09-01,26,9,26,9,35
50401,COLQUECHACA,estado nutricional en menores de 5 anos,clasificacion a y b,2003-09-01,42,12,42,12,54
21306,COLQUENCHA,estado nutricional en menores de 5 anos,clasificacion a y b,2003-09-01,21,4,21,4,25
21004,COLQUIRI,estado nutricional en menores de 5 anos,clasificacion a y b,2003-09-01,7,0,7,0,7
71301,COMARAPA,estado nutricional en menores de 5 anos,clasificacion a y b,2003-09-01,75,22,75,22,97
20605,COMBAYA,estado nutricional en menores de 5 anos,clasificacion a y b,2003-09-01,4,0,4,0,4
71101,CONCEPCION,estado nutricional en menores de 5 anos,clasificacion a y b,2003-09-01,10,11,10,11,21
21701,COPACABANA,estado nutricional en menores de 5 anos,clasificacion a y b,2003-09-01,12,14,12,14,26
21402,CORIPATA,estado nutricional en menores de 5 anos,clasificacion a y b,2003-09-01,29,1,29,1,30
20301,CORO CORO,estado nutricional en menores de 5 anos,clasificacion a y b,2003-09-01,11,15,11,15,26
21401,COROICO,estado nutricional en menores de 5 anos,clasificacion a y b,2003-09-01,18,5,18,5,23
40301,CORQUE,estado nutricional en menores de 5 anos,clasificacion a y b,2003-09-01,8,5,8,5,13
50601,COTAGAITA,estado nutricional en menores de 5 anos,clasificacion a y b,2003-09-01,32,16,32,16,48
70704,CUEVO,estado nutricional en menores de 5 anos,clasificacion a y b,2003-09-01,3,2,3,2,5
10902,CULPINA,estado nutricional en menores de 5 anos,clasificacion a y b,2003-09-01,45,4,45,4,49
40401,CURAHUARA DE CARANGAS,estado nutricional en menores de 5 anos,clasificacion a y b,2003-09-01,3,2,3,2,5
21602,CURVA,estado nutricional en menores de 5 anos,clasificacion a y b,2003-09-01,1,0,1,0,1
20804,DESAGUADERO,estado nutricional en menores de 5 anos,clasificacion a y b,2003-09-01,6,0,6,0,6
20105,EL ALTO,estado nutricional en menores de 5 anos,clasificacion a y b,2003-09-01,652,191,652,191,843
40103,EL CHORO,estado nutricional en menores de 5 anos,clasificacion a y b,2003-09-01,7,0,7,0,7
71503,EL PUENTE(STC),estado nutricional en menores de 5 anos,clasificacion a y b,2003-09-01,26,18,26,18,44
60502,EL PUENTE(TJA),estado nutricional en menores de 5 anos,clasificacion a y b,2003-09-01,15,5,15,5,20
70105,EL TORNO,estado nutricional en menores de 5 anos,clasificacion a y b,2003-09-01,134,21,134,21,155
10405,EL VILLAR,estado nutricional en menores de 5 anos,clasificacion a y b,2003-09-01,12,3,12,3,15
60601,ENTRE RIOS,estado nutricional en menores de 5 anos,clasificacion a y b,2003-09-01,67,20,67,20,87
41101,EUCALIPTUS,estado nutricional en menores de 5 anos,clasificacion a y b,2003-09-01,4,0,4,0,4
90503,EUREKA (SANTOS MERCADO),estado nutricional en menores de 5 anos,clasificacion a y b,2003-09-01,2,0,2,0,2
80402,EXALTACION,estado nutricional en menores de 5 anos,clasificacion a y b,2003-09-01,3,0,3,0,3
90203,FILADELFIA,estado nutricional en menores de 5 anos,clasificacion a y b,2003-09-01,2,2,2,2,4
71002,GENERAL SAAVEDRA,estado nutricional en menores de 5 anos,clasificacion a y b,2003-09-01,81,51,81,51,132
21601,GRAL. J.J. PEREZ (CHARAZANI),estado nutricional en menores de 5 anos,clasificacion a y b,2003-09-01,18,2,18,2,20
20602,GUANAY,estado nutricional en menores de 5 anos,clasificacion a y b,2003-09-01,82,25,82,25,107
20802,GUAQUI,estado nutricional en menores de 5 anos,clasificacion a y b,2003-09-01,5,0,5,0,5
80202,GUAYARAMERIN,estado nutricional en menores de 5 anos,clasificacion a y b,2003-09-01,142,31,142,31,173
70705,GUTIERREZ,estado nutricional en menores de 5 anos,clasificacion a y b,2003-09-01,62,8,62,8,70
10502,HUACARETA,estado nutricional en menores de 5 anos,clasificacion a y b,2003-09-01,31,28,31,28,59
11002,HUACAYA (VILLA DE HUACAYA),estado nutricional en menores de 5 anos,clasificacion a y b,2003-09-01,5,3,5,3,8
40501,HUACHACALLA,estado nutricional en menores de 5 anos,clasificacion a y b,2003-09-01,2,4,2,4,6
40701,HUANUNI,estado nutricional en menores de 5 anos,clasificacion a y b,2003-09-01,24,2,24,2,26
80803,HUARACAJE,estado nutricional en menores de 5 anos,clasificacion a y b,2003-09-01,5,4,5,4,9
41601,HUAYLLAMARCA,estado nutricional en menores de 5 anos,clasificacion a y b,2003-09-01,1,0,1,0,1
21005,ICHOCA,estado nutricional en menores de 5 anos,clasificacion a y b,2003-09-01,11,7,11,7,18
10304,ICLA,estado nutricional en menores de 5 anos,clasificacion a y b,2003-09-01,19,3,19,3,22
10703,INCAHUASI,estado nutricional en menores de 5 anos,clasificacion a y b,2003-09-01,34,9,34,9,43
90402,INGAVI (HUMAITA),estado nutricional en menores de 5 anos,clasificacion a y b,2003-09-01,5,5,5,5,10
21001,INQUISIVI,estado nutricional en menores de 5 anos,clasificacion a y b,2003-09-01,38,12,38,12,50
21102,IRUPANA (VILLA DE LANZA),estado nutricional en menores de 5 anos,clasificacion a y b,2003-09-01,18,22,18,22,40
21501,IXIAMAS,estado nutricional en menores de 5 anos,clasificacion a y b,2003-09-01,18,1,18,1,19
21105,LA ASUNTA,estado nutricional en menores de 5 anos,clasificacion a y b,2003-09-01,83,4,83,4,87
70104,LA GUARDIA,estado nutricional en menores de 5 anos,clasificacion a y b,2003-09-01,81,27,81,27,108
20101,LA PAZ,estado nutricional en menores de 5 anos,clasificacion a y b,2003-09-01,624,177,624,177,801
41501,LA RIVERA,estado nutricional en menores de 5 anos,clasificacion a y b,2003-09-01,1,0,1,0,1
70701,LAGUNILLAS,estado nutricional en menores de 5 anos,clasificacion a y b,2003-09-01,30,9,30,9,39
21202,LAJA,estado nutricional en menores de 5 anos,clasificacion a y b,2003-09-01,18,2,18,2,20
10903,LAS CARRERAS,estado nutricional en menores de 5 anos,clasificacion a y b,2003-09-01,12,6,12,6,18
21006,LICOMA PAMPA,estado nutricional en menores de 5 anos,clasificacion a y b,2003-09-01,1,1,1,1,2
50203,LLALLAGUA,estado nutricional en menores de 5 anos,clasificacion a y b,2003-09-01,38,45,38,45,83
51401,LLICA,estado nutricional en menores de 5 anos,clasificacion a y b,2003-09-01,2,1,2,1,3
80601,LORETO,estado nutricional en menores de 5 anos,clasificacion a y b,2003-09-01,8,7,8,7,15
20901,LURIBAY,estado nutricional en menores de 5 anos,clasificacion a y b,2003-09-01,13,1,13,1,14
40702,MACHACAMARCA,estado nutricional en menores de 5 anos,clasificacion a y b,2003-09-01,12,4,12,4,16
11003,MACHARETI,estado nutricional en menores de 5 anos,clasificacion a y b,2003-09-01,43,31,43,31,74
80801,MAGDALENA,estado nutricional en menores de 5 anos,clasificacion a y b,2003-09-01,16,7,16,7,23
70903,MAIRANA,estado nutricional en menores de 5 anos,clasificacion a y b,2003-09-01,43,10,43,10,53
20103,MECAPACA,estado nutricional en menores de 5 anos,clasificacion a y b,2003-09-01,15,11,15,11,26
71003,MINEROS,estado nutricional en menores de 5 anos,clasificacion a y b,2003-09-01,238,54,238,54,292
31301,MIZQUE,estado nutricional en menores de 5 anos,clasificacion a y b,2003-09-01,15,1,15,1,16
20402,MOCOMOCO,estado nutricional en menores de 5 anos,clasificacion a y b,2003-09-01,7,2,7,2,9
10303,MOJOCOYA,estado nutricional en menores de 5 anos,clasificacion a y b,2003-09-01,24,9,24,9,33
10501,MONTEAGUDO,estado nutricional en menores de 5 anos,clasificacion a y b,2003-09-01,86,26,86,26,112
71001,MONTERO,estado nutricional en menores de 5 anos,clasificacion a y b,2003-09-01,414,92,414,92,506
70803,MORO MORO,estado nutricional en menores de 5 anos,clasificacion a y b,2003-09-01,6,0,6,0,6
30302,MOROCHATA,estado nutricional en menores de 5 anos,clasificacion a y b,2003-09-01,23,19,23,19,42
20307,NAZACARA DE PACAJES,estado nutricional en menores de 5 anos,clasificacion a y b,2003-09-01,1,0,1,0,1
90501,NUEVO MANOA (NUEVA ESPERANZA),estado nutricional en menores de 5 anos,clasificacion a y b,2003-09-01,2,0,2,0,2
50404,OCURI,estado nutricional en menores de 5 anos,clasificacion a y b,2003-09-01,11,4,11,4,15
30203,OMEREQUE,estado nutricional en menores de 5 anos,clasificacion a y b,2003-09-01,9,3,9,3,12
40101,ORURO,estado nutricional en menores de 5 anos,clasificacion a y b,2003-09-01,308,65,308,65,373
60201,PADCAYA,estado nutricional en menores de 5 anos,clasificacion a y b,2003-09-01,31,24,31,24,55
10401,PADILLA,estado nutricional en menores de 5 anos,clasificacion a y b,2003-09-01,46,6,46,6,52
70502,PAILON,estado nutricional en menores de 5 anos,clasificacion a y b,2003-09-01,22,5,22,5,27
20102,PALCA,estado nutricional en menores de 5 anos,clasificacion a y b,2003-09-01,4,13,4,13,17
21104,PALOS BLANCOS,estado nutricional en menores de 5 anos,clasificacion a y b,2003-09-01,49,8,49,8,57
40802,PAMPA AULLAGAS,estado nutricional en menores de 5 anos,clasificacion a y b,2003-09-01,4,1,4,1,5
70902,PAMPA GRANDE,estado nutricional en menores de 5 anos,clasificacion a y b,2003-09-01,8,2,8,2,10
21802,PAPEL PAMPA,estado nutricional en menores de 5 anos,clasificacion a y b,2003-09-01,2,0,2,0,2
30202,PASORAPA,estado nutricional en menores de 5 anos,clasificacion a y b,2003-09-01,2,0,2,0,2
21305,PATACAMAYA,estado nutricional en menores de 5 anos,clasificacion a y b,2003-09-01,30,2,30,2,32
40602,PAZÃ‘A,estado nutricional en menores de 5 anos,clasificacion a y b,2003-09-01,4,3,4,3,7
20702,PELECHUCO,estado nutricional en menores de 5 anos,clasificacion a y b,2003-09-01,3,1,3,1,4
50403,POCOATA,estado nutricional en menores de 5 anos,clasificacion a y b,2003-09-01,29,5,29,5,34
31203,POCONA,estado nutricional en menores de 5 anos,clasificacion a y b,2003-09-01,8,3,8,3,11
31202,POJO (CBBA),estado nutricional en menores de 5 anos,clasificacion a y b,2003-09-01,104,22,104,22,126
40601,POOPO,estado nutricional en menores de 5 anos,clasificacion a y b,2003-09-01,2,3,2,3,5
51203,PORCO,estado nutricional en menores de 5 anos,clasificacion a y b,2003-09-01,7,2,7,2,9
10103,POROMA,estado nutricional en menores de 5 anos,clasificacion a y b,2003-09-01,35,6,35,6,41
70103,PORONGO,estado nutricional en menores de 5 anos,clasificacion a y b,2003-09-01,17,3,17,3,20
70601,PORTACHUELO,estado nutricional en menores de 5 anos,clasificacion a y b,2003-09-01,139,66,139,66,205
90102,PORVENIR,estado nutricional en menores de 5 anos,clasificacion a y b,2003-09-01,3,4,3,4,7
70804,POSTRER VALLE,estado nutricional en menores de 5 anos,clasificacion a y b,2003-09-01,8,10,8,10,18
50101,POTOSI,estado nutricional en menores de 5 anos,clasificacion a y b,2003-09-01,128,11,128,11,139
10302,PRESTO,estado nutricional en menores de 5 anos,clasificacion a y b,2003-09-01,6,0,6,0,6
70805,PUCARA,estado nutricional en menores de 5 anos,clasificacion a y b,2003-09-01,1,0,1,0,1
21201,PUCARANI,estado nutricional en menores de 5 anos,clasificacion a y b,2003-09-01,16,3,16,3,19
20401,PUERTO ACOSTA,estado nutricional en menores de 5 anos,clasificacion a y b,2003-09-01,25,12,25,12,37
20403,PUERTO CARABUCO,estado nutricional en menores de 5 anos,clasificacion a y b,2003-09-01,17,2,17,2,19
90301,PUERTO GONZALO MORENO,estado nutricional en menores de 5 anos,clasificacion a y b,2003-09-01,54,45,54,45,99
21204,PUERTO PEREZ,estado nutricional en menores de 5 anos,clasificacion a y b,2003-09-01,9,3,9,3,12
71402,PUERTO QUIJARRO,estado nutricional en menores de 5 anos,clasificacion a y b,2003-09-01,26,4,26,4,30
90201,PUERTO RICO,estado nutricional en menores de 5 anos,clasificacion a y b,2003-09-01,3,1,3,1,4
80703,PUERTO SILES,estado nutricional en menores de 5 anos,clasificacion a y b,2003-09-01,4,1,4,1,5
71401,PUERTO SUAREZ,estado nutricional en menores de 5 anos,clasificacion a y b,2003-09-01,110,12,110,12,122
31205,PUERTO VILLARROEL,estado nutricional en menores de 5 anos,clasificacion a y b,2003-09-01,255,66,255,66,321
51101,PUNA,estado nutricional en menores de 5 anos,clasificacion a y b,2003-09-01,64,16,64,16,80
31401,PUNATA,estado nutricional en menores de 5 anos,clasificacion a y b,2003-09-01,2,2,2,2,4
20604,QUIABAYA,estado nutricional en menores de 5 anos,clasificacion a y b,2003-09-01,4,3,4,3,7
30901,QUILLACOLLO,estado nutricional en menores de 5 anos,clasificacion a y b,2003-09-01,62,11,62,11,73
21002,QUIME,estado nutricional en menores de 5 anos,clasificacion a y b,2003-09-01,36,5,36,5,41
70904,QUIRUSILLAS,estado nutricional en menores de 5 anos,clasificacion a y b,2003-09-01,7,0,7,0,7
50402,RAVELO,estado nutricional en menores de 5 anos,clasificacion a y b,2003-09-01,14,9,14,9,23
80301,REYES,estado nutricional en menores de 5 anos,clasificacion a y b,2003-09-01,29,5,29,5,34
80201,RIBERALTA,estado nutricional en menores de 5 anos,clasificacion a y b,2003-09-01,183,43,183,43,226
70503,ROBORE,estado nutricional en menores de 5 anos,clasificacion a y b,2003-09-01,54,13,54,13,67
80304,RURRENABAQUE,estado nutricional en menores de 5 anos,clasificacion a y b,2003-09-01,27,2,27,2,29
40901,SABAYA,estado nutricional en menores de 5 anos,clasificacion a y b,2003-09-01,3,3,3,3,6
31001,SACABA,estado nutricional en menores de 5 anos,clasificacion a y b,2003-09-01,63,14,63,14,77
50701,SACACA,estado nutricional en menores de 5 anos,clasificacion a y b,2003-09-01,15,16,15,16,31
71302,SAIPINA,estado nutricional en menores de 5 anos,clasificacion a y b,2003-09-01,50,21,50,21,71
40801,SALINAS DE GARCI MENDOZA,estado nutricional en menores de 5 anos,clasificacion a y b,2003-09-01,7,0,7,0,7
70901,SAMAIPATA,estado nutricional en menores de 5 anos,clasificacion a y b,2003-09-01,33,8,33,8,41
51601,SAN AGUSTIN,estado nutricional en menores de 5 anos,clasificacion a y b,2003-09-01,2,0,2,0,2
80602,SAN ANDRES,estado nutricional en menores de 5 anos,clasificacion a y b,2003-09-01,0,1,0,1,1
71105,SAN ANTONIO DE LOMERIO,estado nutricional en menores de 5 anos,clasificacion a y b,2003-09-01,22,8,22,8,30
31403,SAN BENITO,estado nutricional en menores de 5 anos,clasificacion a y b,2003-09-01,6,2,6,2,8
80302,SAN BORJA,estado nutricional en menores de 5 anos,clasificacion a y b,2003-09-01,125,27,125,27,152
21502,SAN BUENA VENTURA,estado nutricional en menores de 5 anos,clasificacion a y b,2003-09-01,27,7,27,7,34
70402,SAN CARLOS,estado nutricional en menores de 5 anos,clasificacion a y b,2003-09-01,82,45,82,45,127
80501,SAN IGNACIO,estado nutricional en menores de 5 anos,clasificacion a y b,2003-09-01,71,18,71,18,89
70301,SAN IGNACIO DE VELASCO,estado nutricional en menores de 5 anos,clasificacion a y b,2003-09-01,166,13,166,13,179
80102,SAN JAVIER(BNI),estado nutricional en menores de 5 anos,clasificacion a y b,2003-09-01,11,3,11,3,14
71102,SAN JAVIER(STC),estado nutricional en menores de 5 anos,clasificacion a y b,2003-09-01,45,7,45,7,52
80701,SAN JOAQUIN,estado nutricional en menores de 5 anos,clasificacion a y b,2003-09-01,7,6,7,6,13
70501,SAN JOSE DE CHIQUITOS,estado nutricional en menores de 5 anos,clasificacion a y b,2003-09-01,27,0,27,0,27
71104,SAN JULIAN,estado nutricional en menores de 5 anos,clasificacion a y b,2003-09-01,192,114,192,114,306
90302,SAN LORENZO(PND),estado nutricional en menores de 5 anos,clasificacion a y b,2003-09-01,1,8,1,8,9
60501,SAN LORENZO(TJA),estado nutricional en menores de 5 anos,clasificacion a y b,2003-09-01,32,4,32,4,36
10702,SAN LUCAS,estado nutricional en menores de 5 anos,clasificacion a y b,2003-09-01,43,5,43,5,48
70302,SAN MIGUEL DE VELASCO,estado nutricional en menores de 5 anos,clasificacion a y b,2003-09-01,22,3,22,3,25
51001,SAN PABLO DE LIPEZ,estado nutricional en menores de 5 anos,clasificacion a y b,2003-09-01,0,1,0,1,1
50501,SAN PEDRO DE BUENA VISTA,estado nutricional en menores de 5 anos,clasificacion a y b,2003-09-01,19,6,19,6,25
21801,SAN PEDRO DE CURAHUARA,estado nutricional en menores de 5 anos,clasificacion a y b,2003-09-01,12,0,12,0,12
50902,SAN PEDRO DE QUEMES,estado nutricional en menores de 5 anos,clasificacion a y b,2003-09-01,2,0,2,0,2
21702,SAN PEDRO DE TIQUINA,estado nutricional en menores de 5 anos,clasificacion a y b,2003-09-01,8,3,8,3,11
70303,SAN RAFAEL,estado nutricional en menores de 5 anos,clasificacion a y b,2003-09-01,14,3,14,3,17
80702,SAN RAMON,estado nutricional en menores de 5 anos,clasificacion a y b,2003-09-01,8,7,8,7,15
80401,SANTA ANA,estado nutricional en menores de 5 anos,clasificacion a y b,2003-09-01,22,38,22,38,60
70101,SANTA CRUZ DE LA SIERRA,estado nutricional en menores de 5 anos,clasificacion a y b,2003-09-01,2441,763,2441,763,3204
80303,SANTA ROSA,estado nutricional en menores de 5 anos,clasificacion a y b,2003-09-01,22,23,22,23,45
70602,SANTA ROSA DEL SARA,estado nutricional en menores de 5 anos,clasificacion a y b,2003-09-01,26,23,26,23,49
20308,SANTIAGO DE CALLAPA,estado nutricional en menores de 5 anos,clasificacion a y b,2003-09-01,6,1,6,1,7
41401,SANTIAGO DE HUARI,estado nutricional en menores de 5 anos,clasificacion a y b,2003-09-01,7,6,7,6,13
21901,SANTIAGO DE MACHACA,estado nutricional en menores de 5 anos,clasificacion a y b,2003-09-01,2,0,2,0,2
30702,SANTIVAÃ‘ES,estado nutricional en menores de 5 anos,clasificacion a y b,2003-09-01,4,0,4,0,4
40202,SANTUARIO DE QUILLACAS,estado nutricional en menores de 5 anos,clasificacion a y b,2003-09-01,2,0,2,0,2
20902,SAPAHAQUI,estado nutricional en menores de 5 anos,clasificacion a y b,2003-09-01,4,1,4,1,5
90303,SENA,estado nutricional en menores de 5 anos,clasificacion a y b,2003-09-01,4,1,4,1,5
21301,SICA SICA (VILLA AROMA),estado nutricional en menores de 5 anos,clasificacion a y b,2003-09-01,10,1,10,1,11
30703,SICAYA,estado nutricional en menores de 5 anos,clasificacion a y b,2003-09-01,4,0,4,0,4
30902,SIPE SIPE,estado nutricional en menores de 5 anos,clasificacion a y b,2003-09-01,109,57,109,57,166
10403,SOPACHUY,estado nutricional en menores de 5 anos,clasificacion a y b,2003-09-01,15,2,15,2,17
20601,SORATA,estado nutricional en menores de 5 anos,clasificacion a y b,2003-09-01,26,17,26,17,43
10101,SUCRE,estado nutricional en menores de 5 anos,clasificacion a y b,2003-09-01,312,62,312,62,374
31404,TACACHI,estado nutricional en menores de 5 anos,clasificacion a y b,2003-09-01,1,0,1,0,1
20603,TACACOMA,estado nutricional en menores de 5 anos,clasificacion a y b,2003-09-01,14,3,14,3,17
50303,TACOBAMBA,estado nutricional en menores de 5 anos,clasificacion a y b,2003-09-01,21,8,21,8,29
30602,TACOPAYA,estado nutricional en menores de 5 anos,clasificacion a y b,2003-09-01,6,2,6,2,8
51402,TAHUA,estado nutricional en menores de 5 anos,clasificacion a y b,2003-09-01,3,0,3,0,3
31101,TAPACARI,estado nutricional en menores de 5 anos,clasificacion a y b,2003-09-01,21,2,21,2,23
10601,TARABUCO,estado nutricional en menores de 5 anos,clasificacion a y b,2003-09-01,33,6,33,6,39
30401,TARATA,estado nutricional en menores de 5 anos,clasificacion a y b,2003-09-01,17,22,17,22,39
60101,TARIJA,estado nutricional en menores de 5 anos,clasificacion a y b,2003-09-01,316,75,316,75,391
10202,TARVITA,estado nutricional en menores de 5 anos,clasificacion a y b,2003-09-01,14,2,14,2,16
20803,TIAWANACU,estado nutricional en menores de 5 anos,clasificacion a y b,2003-09-01,16,1,16,1,17
50102,TINGUIPAYA,estado nutricional en menores de 5 anos,clasificacion a y b,2003-09-01,13,5,13,5,18
20606,TIPUANI,estado nutricional en menores de 5 anos,clasificacion a y b,2003-09-01,52,3,52,3,55
30903,TIQUIPAYA,estado nutricional en menores de 5 anos,clasificacion a y b,2003-09-01,50,16,50,16,66
31601,TIRAQUE (CBBA),estado nutricional en menores de 5 anos,clasificacion a y b,2003-09-01,95,17,95,17,112
30802,TOCO,estado nutricional en menores de 5 anos,clasificacion a y b,2003-09-01,0,3,0,3,3
41502,TODOS SANTOS,estado nutricional en menores de 5 anos,clasificacion a y b,2003-09-01,2,3,2,3,5
30803,TOLATA,estado nutricional en menores de 5 anos,clasificacion a y b,2003-09-01,12,1,12,1,13
41001,TOLEDO,estado nutricional en menores de 5 anos,clasificacion a y b,2003-09-01,4,0,4,0,4
51202,TOMAVE,estado nutricional en menores de 5 anos,clasificacion a y b,2003-09-01,12,5,12,5,17
10402,TOMINA,estado nutricional en menores de 5 anos,clasificacion a y b,2003-09-01,15,4,15,4,19
50502,TORO TORO,estado nutricional en menores de 5 anos,clasificacion a y b,2003-09-01,28,5,28,5,33
31201,TOTORA(CBBA),estado nutricional en menores de 5 anos,clasificacion a y b,2003-09-01,33,3,33,3,36
41301,TOTORA(ORR),estado nutricional en menores de 5 anos,clasificacion a y b,2003-09-01,5,0,5,0,5
70802,TRIGAL,estado nutricional en menores de 5 anos,clasificacion a y b,2003-09-01,2,0,2,0,2
80101,TRINIDAD,estado nutricional en menores de 5 anos,clasificacion a y b,2003-09-01,173,52,173,52,225
50801,TUPIZA,estado nutricional en menores de 5 anos,clasificacion a y b,2003-09-01,79,44,79,44,123
40402,TURCO,estado nutricional en menores de 5 anos,clasificacion a y b,2003-09-01,24,1,24,1,25
21302,UMALA,estado nutricional en menores de 5 anos,clasificacion a y b,2003-09-01,26,33,26,33,59
50201,UNCIA,estado nutricional en menores de 5 anos,clasificacion a y b,2003-09-01,4,1,4,1,5
60401,URIONDO (A. CONCEPCION),estado nutricional en menores de 5 anos,clasificacion a y b,2003-09-01,67,14,67,14,81
51201,UYUNI,estado nutricional en menores de 5 anos,clasificacion a y b,2003-09-01,46,3,46,3,49
30502,VACAS,estado nutricional en menores de 5 anos,clasificacion a y b,2003-09-01,4,1,4,1,5
70801,VALLEGRANDE,estado nutricional en menores de 5 anos,clasificacion a y b,2003-09-01,10,13,10,13,23
20801,VIACHA,estado nutricional en menores de 5 anos,clasificacion a y b,2003-09-01,100,26,100,26,126
31302,VILA VILA,estado nutricional en menores de 5 anos,clasificacion a y b,2003-09-01,2,0,2,0,2
60303,VILLA MONTES,estado nutricional en menores de 5 anos,clasificacion a y b,2003-09-01,102,16,102,16,118
31402,VILLA RIVERO,estado nutricional en menores de 5 anos,clasificacion a y b,2003-09-01,12,1,12,1,13
10801,VILLA SERRANO,estado nutricional en menores de 5 anos,clasificacion a y b,2003-09-01,35,8,35,8,43
31003,VILLA TUNARI,estado nutricional en menores de 5 anos,clasificacion a y b,2003-09-01,86,39,86,39,125
11001,VILLA VACA GUZMAN (MUYUPAMPA),estado nutricional en menores de 5 anos,clasificacion a y b,2003-09-01,23,5,23,5,28
51501,VILLAZON,estado nutricional en menores de 5 anos,clasificacion a y b,2003-09-01,68,14,68,14,82
30904,VINTO,estado nutricional en menores de 5 anos,clasificacion a y b,2003-09-01,69,4,69,4,73
50602,VITICHI,estado nutricional en menores de 5 anos,clasificacion a y b,2003-09-01,6,1,6,1,7
20306,WALDO BALLIVIAN,estado nutricional en menores de 5 anos,clasificacion a y b,2003-09-01,1,1,1,1,2
20903,YACO,estado nutricional en menores de 5 anos,clasificacion a y b,2003-09-01,8,6,8,6,14
60301,YACUIBA,estado nutricional en menores de 5 anos,clasificacion a y b,2003-09-01,0,207,0,207,207
10602,YAMPARAEZ,estado nutricional en menores de 5 anos,clasificacion a y b,2003-09-01,30,7,30,7,37
21103,YANACACHI,estado nutricional en menores de 5 anos,clasificacion a y b,2003-09-01,7,1,7,1,8
70403,YAPACANI,estado nutricional en menores de 5 anos,clasificacion a y b,2003-09-01,139,31,139,31,170
50103,YOCALLA,estado nutricional en menores de 5 anos,clasificacion a y b,2003-09-01,10,5,10,5,15
10102,YOTALA,estado nutricional en menores de 5 anos,clasificacion a y b,2003-09-01,21,12,21,12,33
60402,YUNCHARA,estado nutricional en menores de 5 anos,clasificacion a y b,2003-09-01,4,0,4,0,4
10301,ZUDAÃ‘EZ,estado nutricional en menores de 5 anos,clasificacion a y b,2003-09-01,15,7,15,7,22
51302,ACACIO,estado nutricional en menores de 5 anos,clasificacion a y b,2003-10-01,4,5,4,5,9
20201,ACHACACHI,estado nutricional en menores de 5 anos,clasificacion a y b,2003-10-01,72,18,72,18,90
20104,ACHOCALLA,estado nutricional en menores de 5 anos,clasificacion a y b,2003-10-01,7,0,7,0,7
30201,AIQUILE,estado nutricional en menores de 5 anos,clasificacion a y b,2003-10-01,20,5,20,5,25
31303,ALALAY,estado nutricional en menores de 5 anos,clasificacion a y b,2003-10-01,0,1,0,1,1
10404,ALCALA,estado nutricional en menores de 5 anos,clasificacion a y b,2003-10-01,12,3,12,3,15
20202,ANCORAIMES,estado nutricional en menores de 5 anos,clasificacion a y b,2003-10-01,10,1,10,1,11
41201,ANDAMARCA,estado nutricional en menores de 5 anos,clasificacion a y b,2003-10-01,6,0,6,0,6
30402,ANZALDO,estado nutricional en menores de 5 anos,clasificacion a y b,2003-10-01,7,8,7,8,15
20701,APOLO,estado nutricional en menores de 5 anos,clasificacion a y b,2003-10-01,15,1,15,1,16
51301,ARAMPAMPA,estado nutricional en menores de 5 anos,clasificacion a y b,2003-10-01,11,4,11,4,15
30501,ARANI,estado nutricional en menores de 5 anos,clasificacion a y b,2003-10-01,12,1,12,1,13
30403,ARBIETO,estado nutricional en menores de 5 anos,clasificacion a y b,2003-10-01,1,1,1,1,2
30601,ARQUE,estado nutricional en menores de 5 anos,clasificacion a y b,2003-10-01,10,3,10,3,13
71501,ASCENCION DE GUARAYOS,estado nutricional en menores de 5 anos,clasificacion a y b,2003-10-01,18,2,18,2,20
50802,ATOCHA,estado nutricional en menores de 5 anos,clasificacion a y b,2003-10-01,20,25,20,25,45
20503,AUCAPATA,estado nutricional en menores de 5 anos,clasificacion a y b,2003-10-01,6,1,6,1,7
21303,AYO AYO,estado nutricional en menores de 5 anos,clasificacion a y b,2003-10-01,9,2,9,2,11
30301,AYOPAYA (V. DE INDEPENDENCIA),estado nutricional en menores de 5 anos,clasificacion a y b,2003-10-01,26,9,26,9,35
10201,AZURDUY,estado nutricional en menores de 5 anos,clasificacion a y b,2003-10-01,27,10,27,10,37
21203,BATALLAS,estado nutricional en menores de 5 anos,clasificacion a y b,2003-10-01,21,3,21,3,24
80802,BAURES,estado nutricional en menores de 5 anos,clasificacion a y b,2003-10-01,15,6,15,6,21
41202,BELEN DE ANDAMARCA,estado nutricional en menores de 5 anos,clasificacion a y b,2003-10-01,1,0,1,0,1
50104,BELEN DE URMIRI,estado nutricional en menores de 5 anos,clasificacion a y b,2003-10-01,5,1,5,1,6
90104,BELLA FLOR,estado nutricional en menores de 5 anos,clasificacion a y b,2003-10-01,1,3,1,3,4
60202,BERMEJO,estado nutricional en menores de 5 anos,clasificacion a y b,2003-10-01,33,14,33,14,47
50301,BETANZOS,estado nutricional en menores de 5 anos,clasificacion a y b,2003-10-01,35,2,35,2,37
31501,BOLIVAR,estado nutricional en menores de 5 anos,clasificacion a y b,2003-10-01,8,1,8,1,9
90103,BOLPEBRA,estado nutricional en menores de 5 anos,clasificacion a y b,2003-10-01,4,1,4,1,5
70707,BOYUIBE,estado nutricional en menores de 5 anos,clasificacion a y b,2003-10-01,14,8,14,8,22
70401,BUENA VISTA,estado nutricional en menores de 5 anos,clasificacion a y b,2003-10-01,82,62,82,62,144
70703,CABEZAS,estado nutricional en menores de 5 anos,clasificacion a y b,2003-10-01,55,19,55,19,74
20905,CAIROMA,estado nutricional en menores de 5 anos,clasificacion a y b,2003-10-01,18,4,18,4,22
51102,"CAIZA ""D""",estado nutricional en menores de 5 anos,clasificacion a y b,2003-10-01,23,4,23,4,27
21003,CAJUATA,estado nutricional en menores de 5 anos,clasificacion a y b,2003-10-01,39,2,39,2,41
20303,CALACOTO,estado nutricional en menores de 5 anos,clasificacion a y b,2003-10-01,2,0,2,0,2
21304,CALAMARCA,estado nutricional en menores de 5 anos,clasificacion a y b,2003-10-01,16,0,16,0,16
10701,CAMARGO,estado nutricional en menores de 5 anos,clasificacion a y b,2003-10-01,14,0,14,0,14
10901,CAMATAQUI (C. VILLA ABECIA),estado nutricional en menores de 5 anos,clasificacion a y b,2003-10-01,9,4,9,4,13
70706,CAMIRI,estado nutricional en menores de 5 anos,clasificacion a y b,2003-10-01,110,20,110,20,130
30701,CAPINOTA,estado nutricional en menores de 5 anos,clasificacion a y b,2003-10-01,8,16,8,16,24
20302,CAQUIAVIRI,estado nutricional en menores de 5 anos,clasificacion a y b,2003-10-01,7,4,7,4,11
40102,CARACOLLO,estado nutricional en menores de 5 anos,clasificacion a y b,2003-10-01,28,9,28,9,37
22001,CARANAVI,estado nutricional en menores de 5 anos,clasificacion a y b,2003-10-01,103,20,103,20,123
60302,CARAPARI,estado nutricional en menores de 5 anos,clasificacion a y b,2003-10-01,27,7,27,7,34
50702,CARIPUYO,estado nutricional en menores de 5 anos,clasificacion a y b,2003-10-01,15,0,15,0,15
40201,CHALLAPATA,estado nutricional en menores de 5 anos,clasificacion a y b,2003-10-01,29,3,29,3,32
50302,CHAQUI,estado nutricional en menores de 5 anos,clasificacion a y b,2003-10-01,14,0,14,0,14
70702,CHARAGUA,estado nutricional en menores de 5 anos,clasificacion a y b,2003-10-01,90,27,90,27,117
50202,CHAYANTA,estado nutricional en menores de 5 anos,clasificacion a y b,2003-10-01,31,12,31,12,43
31204,CHIMORE,estado nutricional en menores de 5 anos,clasificacion a y b,2003-10-01,19,11,19,11,30
40903,CHIPAYA,estado nutricional en menores de 5 anos,clasificacion a y b,2003-10-01,1,0,1,0,1
21101,CHULUMANI (V. DE LA LIBERTAD),estado nutricional en menores de 5 anos,clasificacion a y b,2003-10-01,11,2,11,2,13
20501,CHUMA,estado nutricional en menores de 5 anos,clasificacion a y b,2003-10-01,7,1,7,1,8
30801,CLIZA,estado nutricional en menores de 5 anos,clasificacion a y b,2003-10-01,6,5,6,5,11
90101,COBIJA,estado nutricional en menores de 5 anos,clasificacion a y b,2003-10-01,53,20,53,20,73
30101,COCHABAMBA,estado nutricional en menores de 5 anos,clasificacion a y b,2003-10-01,556,156,556,156,712
30905,COLCAPIRHUA,estado nutricional en menores de 5 anos,clasificacion a y b,2003-10-01,36,3,36,3,39
50901,"COLCHA ""K""",estado nutricional en menores de 5 anos,clasificacion a y b,2003-10-01,10,1,10,1,11
31002,COLOMI,estado nutricional en menores de 5 anos,clasificacion a y b,2003-10-01,27,9,27,9,36
50401,COLQUECHACA,estado nutricional en menores de 5 anos,clasificacion a y b,2003-10-01,71,19,71,19,90
21306,COLQUENCHA,estado nutricional en menores de 5 anos,clasificacion a y b,2003-10-01,17,10,17,10,27
21004,COLQUIRI,estado nutricional en menores de 5 anos,clasificacion a y b,2003-10-01,24,3,24,3,27
20304,COMANCHE,estado nutricional en menores de 5 anos,clasificacion a y b,2003-10-01,2,0,2,0,2
71301,COMARAPA,estado nutricional en menores de 5 anos,clasificacion a y b,2003-10-01,96,8,96,8,104
20605,COMBAYA,estado nutricional en menores de 5 anos,clasificacion a y b,2003-10-01,3,1,3,1,4
71101,CONCEPCION,estado nutricional en menores de 5 anos,clasificacion a y b,2003-10-01,14,2,14,2,16
21701,COPACABANA,estado nutricional en menores de 5 anos,clasificacion a y b,2003-10-01,19,0,19,0,19
21402,CORIPATA,estado nutricional en menores de 5 anos,clasificacion a y b,2003-10-01,32,1,32,1,33
20301,CORO CORO,estado nutricional en menores de 5 anos,clasificacion a y b,2003-10-01,4,0,4,0,4
21401,COROICO,estado nutricional en menores de 5 anos,clasificacion a y b,2003-10-01,16,7,16,7,23
40301,CORQUE,estado nutricional en menores de 5 anos,clasificacion a y b,2003-10-01,5,2,5,2,7
50601,COTAGAITA,estado nutricional en menores de 5 anos,clasificacion a y b,2003-10-01,41,10,41,10,51
31405,CUCHUMUELA (V. G. VILLARROEL),estado nutricional en menores de 5 anos,clasificacion a y b,2003-10-01,1,0,1,0,1
70704,CUEVO,estado nutricional en menores de 5 anos,clasificacion a y b,2003-10-01,14,3,14,3,17
10902,CULPINA,estado nutricional en menores de 5 anos,clasificacion a y b,2003-10-01,45,16,45,16,61
40401,CURAHUARA DE CARANGAS,estado nutricional en menores de 5 anos,clasificacion a y b,2003-10-01,4,1,4,1,5
21602,CURVA,estado nutricional en menores de 5 anos,clasificacion a y b,2003-10-01,2,0,2,0,2
20804,DESAGUADERO,estado nutricional en menores de 5 anos,clasificacion a y b,2003-10-01,2,1,2,1,3
20105,EL ALTO,estado nutricional en menores de 5 anos,clasificacion a y b,2003-10-01,688,151,688,151,839
40103,EL CHORO,estado nutricional en menores de 5 anos,clasificacion a y b,2003-10-01,6,3,6,3,9
71503,EL PUENTE(STC),estado nutricional en menores de 5 anos,clasificacion a y b,2003-10-01,21,13,21,13,34
60502,EL PUENTE(TJA),estado nutricional en menores de 5 anos,clasificacion a y b,2003-10-01,23,2,23,2,25
70105,EL TORNO,estado nutricional en menores de 5 anos,clasificacion a y b,2003-10-01,146,27,146,27,173
10405,EL VILLAR,estado nutricional en menores de 5 anos,clasificacion a y b,2003-10-01,13,2,13,2,15
60601,ENTRE RIOS,estado nutricional en menores de 5 anos,clasificacion a y b,2003-10-01,70,20,70,20,90
41101,EUCALIPTUS,estado nutricional en menores de 5 anos,clasificacion a y b,2003-10-01,10,3,10,3,13
90503,EUREKA (SANTOS MERCADO),estado nutricional en menores de 5 anos,clasificacion a y b,2003-10-01,2,0,2,0,2
80402,EXALTACION,estado nutricional en menores de 5 anos,clasificacion a y b,2003-10-01,11,13,11,13,24
90203,FILADELFIA,estado nutricional en menores de 5 anos,clasificacion a y b,2003-10-01,3,1,3,1,4
71002,GENERAL SAAVEDRA,estado nutricional en menores de 5 anos,clasificacion a y b,2003-10-01,103,45,103,45,148
21601,GRAL. J.J. PEREZ (CHARAZANI),estado nutricional en menores de 5 anos,clasificacion a y b,2003-10-01,32,3,32,3,35
20602,GUANAY,estado nutricional en menores de 5 anos,clasificacion a y b,2003-10-01,149,74,149,74,223
20802,GUAQUI,estado nutricional en menores de 5 anos,clasificacion a y b,2003-10-01,5,0,5,0,5
80202,GUAYARAMERIN,estado nutricional en menores de 5 anos,clasificacion a y b,2003-10-01,119,23,119,23,142
70705,GUTIERREZ,estado nutricional en menores de 5 anos,clasificacion a y b,2003-10-01,79,26,79,26,105
10502,HUACARETA,estado nutricional en menores de 5 anos,clasificacion a y b,2003-10-01,29,16,29,16,45
11002,HUACAYA (VILLA DE HUACAYA),estado nutricional en menores de 5 anos,clasificacion a y b,2003-10-01,16,1,16,1,17
40501,HUACHACALLA,estado nutricional en menores de 5 anos,clasificacion a y b,2003-10-01,1,1,1,1,2
40701,HUANUNI,estado nutricional en menores de 5 anos,clasificacion a y b,2003-10-01,32,2,32,2,34
80803,HUARACAJE,estado nutricional en menores de 5 anos,clasificacion a y b,2003-10-01,9,10,9,10,19
41601,HUAYLLAMARCA,estado nutricional en menores de 5 anos,clasificacion a y b,2003-10-01,1,0,1,0,1
21005,ICHOCA,estado nutricional en menores de 5 anos,clasificacion a y b,2003-10-01,15,6,15,6,21
10304,ICLA,estado nutricional en menores de 5 anos,clasificacion a y b,2003-10-01,13,3,13,3,16
10703,INCAHUASI,estado nutricional en menores de 5 anos,clasificacion a y b,2003-10-01,38,4,38,4,42
90402,INGAVI (HUMAITA),estado nutricional en menores de 5 anos,clasificacion a y b,2003-10-01,3,0,3,0,3
21001,INQUISIVI,estado nutricional en menores de 5 anos,clasificacion a y b,2003-10-01,16,4,16,4,20
21501,IXIAMAS,estado nutricional en menores de 5 anos,clasificacion a y b,2003-10-01,30,4,30,4,34
21105,LA ASUNTA,estado nutricional en menores de 5 anos,clasificacion a y b,2003-10-01,69,2,69,2,71
70104,LA GUARDIA,estado nutricional en menores de 5 anos,clasificacion a y b,2003-10-01,130,43,130,43,173
20101,LA PAZ,estado nutricional en menores de 5 anos,clasificacion a y b,2003-10-01,833,212,833,212,1045
70701,LAGUNILLAS,estado nutricional en menores de 5 anos,clasificacion a y b,2003-10-01,23,8,23,8,31
21202,LAJA,estado nutricional en menores de 5 anos,clasificacion a y b,2003-10-01,35,12,35,12,47
10903,LAS CARRERAS,estado nutricional en menores de 5 anos,clasificacion a y b,2003-10-01,6,0,6,0,6
50203,LLALLAGUA,estado nutricional en menores de 5 anos,clasificacion a y b,2003-10-01,106,44,106,44,150
51401,LLICA,estado nutricional en menores de 5 anos,clasificacion a y b,2003-10-01,8,9,8,9,17
80601,LORETO,estado nutricional en menores de 5 anos,clasificacion a y b,2003-10-01,4,4,4,4,8
20901,LURIBAY,estado nutricional en menores de 5 anos,clasificacion a y b,2003-10-01,12,0,12,0,12
40702,MACHACAMARCA,estado nutricional en menores de 5 anos,clasificacion a y b,2003-10-01,23,14,23,14,37
11003,MACHARETI,estado nutricional en menores de 5 anos,clasificacion a y b,2003-10-01,46,38,46,38,84
80801,MAGDALENA,estado nutricional en menores de 5 anos,clasificacion a y b,2003-10-01,7,5,7,5,12
70903,MAIRANA,estado nutricional en menores de 5 anos,clasificacion a y b,2003-10-01,36,10,36,10,46
20103,MECAPACA,estado nutricional en menores de 5 anos,clasificacion a y b,2003-10-01,4,4,4,4,8
71003,MINEROS,estado nutricional en menores de 5 anos,clasificacion a y b,2003-10-01,303,84,303,84,387
31301,MIZQUE,estado nutricional en menores de 5 anos,clasificacion a y b,2003-10-01,20,9,20,9,29
20402,MOCOMOCO,estado nutricional en menores de 5 anos,clasificacion a y b,2003-10-01,10,0,10,0,10
51002,MOJINETE,estado nutricional en menores de 5 anos,clasificacion a y b,2003-10-01,1,2,1,2,3
10303,MOJOCOYA,estado nutricional en menores de 5 anos,clasificacion a y b,2003-10-01,37,12,37,12,49
10501,MONTEAGUDO,estado nutricional en menores de 5 anos,clasificacion a y b,2003-10-01,82,37,82,37,119
71001,MONTERO,estado nutricional en menores de 5 anos,clasificacion a y b,2003-10-01,507,115,507,115,622
70803,MORO MORO,estado nutricional en menores de 5 anos,clasificacion a y b,2003-10-01,5,1,5,1,6
30302,MOROCHATA,estado nutricional en menores de 5 anos,clasificacion a y b,2003-10-01,28,33,28,33,61
20307,NAZACARA DE PACAJES,estado nutricional en menores de 5 anos,clasificacion a y b,2003-10-01,1,0,1,0,1
50404,OCURI,estado nutricional en menores de 5 anos,clasificacion a y b,2003-10-01,19,3,19,3,22
30203,OMEREQUE,estado nutricional en menores de 5 anos,clasificacion a y b,2003-10-01,4,0,4,0,4
40101,ORURO,estado nutricional en menores de 5 anos,clasificacion a y b,2003-10-01,355,92,355,92,447
60201,PADCAYA,estado nutricional en menores de 5 anos,clasificacion a y b,2003-10-01,33,68,33,68,101
10401,PADILLA,estado nutricional en menores de 5 anos,clasificacion a y b,2003-10-01,41,6,41,6,47
70502,PAILON,estado nutricional en menores de 5 anos,clasificacion a y b,2003-10-01,52,32,52,32,84
20102,PALCA,estado nutricional en menores de 5 anos,clasificacion a y b,2003-10-01,8,7,8,7,15
21104,PALOS BLANCOS,estado nutricional en menores de 5 anos,clasificacion a y b,2003-10-01,64,11,64,11,75
40802,PAMPA AULLAGAS,estado nutricional en menores de 5 anos,clasificacion a y b,2003-10-01,4,0,4,0,4
70902,PAMPA GRANDE,estado nutricional en menores de 5 anos,clasificacion a y b,2003-10-01,14,1,14,1,15
21802,PAPEL PAMPA,estado nutricional en menores de 5 anos,clasificacion a y b,2003-10-01,9,0,9,0,9
30202,PASORAPA,estado nutricional en menores de 5 anos,clasificacion a y b,2003-10-01,7,0,7,0,7
21305,PATACAMAYA,estado nutricional en menores de 5 anos,clasificacion a y b,2003-10-01,24,6,24,6,30
40602,PAZÃ‘A,estado nutricional en menores de 5 anos,clasificacion a y b,2003-10-01,7,2,7,2,9
20702,PELECHUCO,estado nutricional en menores de 5 anos,clasificacion a y b,2003-10-01,2,0,2,0,2
50403,POCOATA,estado nutricional en menores de 5 anos,clasificacion a y b,2003-10-01,34,11,34,11,45
31203,POCONA,estado nutricional en menores de 5 anos,clasificacion a y b,2003-10-01,7,0,7,0,7
31202,POJO (CBBA),estado nutricional en menores de 5 anos,clasificacion a y b,2003-10-01,147,18,147,18,165
40601,POOPO,estado nutricional en menores de 5 anos,clasificacion a y b,2003-10-01,1,1,1,1,2
51203,PORCO,estado nutricional en menores de 5 anos,clasificacion a y b,2003-10-01,1,0,1,0,1
10103,POROMA,estado nutricional en menores de 5 anos,clasificacion a y b,2003-10-01,53,14,53,14,67
70103,PORONGO,estado nutricional en menores de 5 anos,clasificacion a y b,2003-10-01,15,1,15,1,16
70601,PORTACHUELO,estado nutricional en menores de 5 anos,clasificacion a y b,2003-10-01,94,48,94,48,142
90102,PORVENIR,estado nutricional en menores de 5 anos,clasificacion a y b,2003-10-01,1,0,1,0,1
70804,POSTRER VALLE,estado nutricional en menores de 5 anos,clasificacion a y b,2003-10-01,13,8,13,8,21
50101,POTOSI,estado nutricional en menores de 5 anos,clasificacion a y b,2003-10-01,173,14,173,14,187
10302,PRESTO,estado nutricional en menores de 5 anos,clasificacion a y b,2003-10-01,12,1,12,1,13
70805,PUCARA,estado nutricional en menores de 5 anos,clasificacion a y b,2003-10-01,6,2,6,2,8
21201,PUCARANI,estado nutricional en menores de 5 anos,clasificacion a y b,2003-10-01,36,1,36,1,37
20401,PUERTO ACOSTA,estado nutricional en menores de 5 anos,clasificacion a y b,2003-10-01,8,5,8,5,13
20403,PUERTO CARABUCO,estado nutricional en menores de 5 anos,clasificacion a y b,2003-10-01,24,3,24,3,27
90301,PUERTO GONZALO MORENO,estado nutricional en menores de 5 anos,clasificacion a y b,2003-10-01,7,3,7,3,10
21204,PUERTO PEREZ,estado nutricional en menores de 5 anos,clasificacion a y b,2003-10-01,10,2,10,2,12
71402,PUERTO QUIJARRO,estado nutricional en menores de 5 anos,clasificacion a y b,2003-10-01,45,7,45,7,52
90201,PUERTO RICO,estado nutricional en menores de 5 anos,clasificacion a y b,2003-10-01,5,5,5,5,10
71401,PUERTO SUAREZ,estado nutricional en menores de 5 anos,clasificacion a y b,2003-10-01,108,23,108,23,131
31205,PUERTO VILLARROEL,estado nutricional en menores de 5 anos,clasificacion a y b,2003-10-01,209,68,209,68,277
51101,PUNA,estado nutricional en menores de 5 anos,clasificacion a y b,2003-10-01,45,5,45,5,50
31401,PUNATA,estado nutricional en menores de 5 anos,clasificacion a y b,2003-10-01,21,0,21,0,21
20604,QUIABAYA,estado nutricional en menores de 5 anos,clasificacion a y b,2003-10-01,12,0,12,0,12
30901,QUILLACOLLO,estado nutricional en menores de 5 anos,clasificacion a y b,2003-10-01,78,13,78,13,91
21002,QUIME,estado nutricional en menores de 5 anos,clasificacion a y b,2003-10-01,18,7,18,7,25
70904,QUIRUSILLAS,estado nutricional en menores de 5 anos,clasificacion a y b,2003-10-01,15,2,15,2,17
50402,RAVELO,estado nutricional en menores de 5 anos,clasificacion a y b,2003-10-01,7,4,7,4,11
80301,REYES,estado nutricional en menores de 5 anos,clasificacion a y b,2003-10-01,81,51,81,51,132
80201,RIBERALTA,estado nutricional en menores de 5 anos,clasificacion a y b,2003-10-01,156,42,156,42,198
70503,ROBORE,estado nutricional en menores de 5 anos,clasificacion a y b,2003-10-01,156,48,156,48,204
80304,RURRENABAQUE,estado nutricional en menores de 5 anos,clasificacion a y b,2003-10-01,27,7,27,7,34
40901,SABAYA,estado nutricional en menores de 5 anos,clasificacion a y b,2003-10-01,1,0,1,0,1
31001,SACABA,estado nutricional en menores de 5 anos,clasificacion a y b,2003-10-01,38,1,38,1,39
50701,SACACA,estado nutricional en menores de 5 anos,clasificacion a y b,2003-10-01,9,1,9,1,10
71302,SAIPINA,estado nutricional en menores de 5 anos,clasificacion a y b,2003-10-01,63,16,63,16,79
40801,SALINAS DE GARCI MENDOZA,estado nutricional en menores de 5 anos,clasificacion a y b,2003-10-01,3,3,3,3,6
70901,SAMAIPATA,estado nutricional en menores de 5 anos,clasificacion a y b,2003-10-01,56,33,56,33,89
51601,SAN AGUSTIN,estado nutricional en menores de 5 anos,clasificacion a y b,2003-10-01,8,1,8,1,9
80602,SAN ANDRES,estado nutricional en menores de 5 anos,clasificacion a y b,2003-10-01,3,0,3,0,3
51003,SAN ANTONIO DE ESMORUCO,estado nutricional en menores de 5 anos,clasificacion a y b,2003-10-01,1,0,1,0,1
71105,SAN ANTONIO DE LOMERIO,estado nutricional en menores de 5 anos,clasificacion a y b,2003-10-01,10,9,10,9,19
31403,SAN BENITO,estado nutricional en menores de 5 anos,clasificacion a y b,2003-10-01,5,1,5,1,6
80302,SAN BORJA,estado nutricional en menores de 5 anos,clasificacion a y b,2003-10-01,103,15,103,15,118
21502,SAN BUENA VENTURA,estado nutricional en menores de 5 anos,clasificacion a y b,2003-10-01,37,7,37,7,44
70402,SAN CARLOS,estado nutricional en menores de 5 anos,clasificacion a y b,2003-10-01,129,43,129,43,172
80501,SAN IGNACIO,estado nutricional en menores de 5 anos,clasificacion a y b,2003-10-01,62,17,62,17,79
70301,SAN IGNACIO DE VELASCO,estado nutricional en menores de 5 anos,clasificacion a y b,2003-10-01,187,13,187,13,200
80102,SAN JAVIER(BNI),estado nutricional en menores de 5 anos,clasificacion a y b,2003-10-01,7,1,7,1,8
71102,SAN JAVIER(STC),estado nutricional en menores de 5 anos,clasificacion a y b,2003-10-01,51,7,51,7,58
80701,SAN JOAQUIN,estado nutricional en menores de 5 anos,clasificacion a y b,2003-10-01,16,5,16,5,21
70501,SAN JOSE DE CHIQUITOS,estado nutricional en menores de 5 anos,clasificacion a y b,2003-10-01,37,2,37,2,39
71104,SAN JULIAN,estado nutricional en menores de 5 anos,clasificacion a y b,2003-10-01,129,37,129,37,166
60501,SAN LORENZO(TJA),estado nutricional en menores de 5 anos,clasificacion a y b,2003-10-01,31,15,31,15,46
10702,SAN LUCAS,estado nutricional en menores de 5 anos,clasificacion a y b,2003-10-01,36,5,36,5,41
71201,SAN MATIAS,estado nutricional en menores de 5 anos,clasificacion a y b,2003-10-01,42,5,42,5,47
70302,SAN MIGUEL DE VELASCO,estado nutricional en menores de 5 anos,clasificacion a y b,2003-10-01,19,1,19,1,20
51001,SAN PABLO DE LIPEZ,estado nutricional en menores de 5 anos,clasificacion a y b,2003-10-01,5,0,5,0,5
50501,SAN PEDRO DE BUENA VISTA,estado nutricional en menores de 5 anos,clasificacion a y b,2003-10-01,27,8,27,8,35
21801,SAN PEDRO DE CURAHUARA,estado nutricional en menores de 5 anos,clasificacion a y b,2003-10-01,9,0,9,0,9
50902,SAN PEDRO DE QUEMES,estado nutricional en menores de 5 anos,clasificacion a y b,2003-10-01,2,0,2,0,2
21702,SAN PEDRO DE TIQUINA,estado nutricional en menores de 5 anos,clasificacion a y b,2003-10-01,6,2,6,2,8
90202,SAN PEDRO(PND),estado nutricional en menores de 5 anos,clasificacion a y b,2003-10-01,6,8,6,8,14
70303,SAN RAFAEL,estado nutricional en menores de 5 anos,clasificacion a y b,2003-10-01,34,3,34,3,37
80702,SAN RAMON,estado nutricional en menores de 5 anos,clasificacion a y b,2003-10-01,5,4,5,4,9
80401,SANTA ANA,estado nutricional en menores de 5 anos,clasificacion a y b,2003-10-01,49,12,49,12,61
70101,SANTA CRUZ DE LA SIERRA,estado nutricional en menores de 5 anos,clasificacion a y b,2003-10-01,3099,837,3099,837,3936
80303,SANTA ROSA,estado nutricional en menores de 5 anos,clasificacion a y b,2003-10-01,38,10,38,10,48
70602,SANTA ROSA DEL SARA,estado nutricional en menores de 5 anos,clasificacion a y b,2003-10-01,24,20,24,20,44
20308,SANTIAGO DE CALLAPA,estado nutricional en menores de 5 anos,clasificacion a y b,2003-10-01,9,1,9,1,10
41401,SANTIAGO DE HUARI,estado nutricional en menores de 5 anos,clasificacion a y b,2003-10-01,7,3,7,3,10
21901,SANTIAGO DE MACHACA,estado nutricional en menores de 5 anos,clasificacion a y b,2003-10-01,2,0,2,0,2
30702,SANTIVAÃ‘ES,estado nutricional en menores de 5 anos,clasificacion a y b,2003-10-01,4,2,4,2,6
40202,SANTUARIO DE QUILLACAS,estado nutricional en menores de 5 anos,clasificacion a y b,2003-10-01,18,0,18,0,18
20902,SAPAHAQUI,estado nutricional en menores de 5 anos,clasificacion a y b,2003-10-01,7,2,7,2,9
90303,SENA,estado nutricional en menores de 5 anos,clasificacion a y b,2003-10-01,4,2,4,2,6
21301,SICA SICA (VILLA AROMA),estado nutricional en menores de 5 anos,clasificacion a y b,2003-10-01,18,5,18,5,23
30902,SIPE SIPE,estado nutricional en menores de 5 anos,clasificacion a y b,2003-10-01,116,23,116,23,139
10403,SOPACHUY,estado nutricional en menores de 5 anos,clasificacion a y b,2003-10-01,17,2,17,2,19
20601,SORATA,estado nutricional en menores de 5 anos,clasificacion a y b,2003-10-01,20,7,20,7,27
10101,SUCRE,estado nutricional en menores de 5 anos,clasificacion a y b,2003-10-01,226,53,226,53,279
20603,TACACOMA,estado nutricional en menores de 5 anos,clasificacion a y b,2003-10-01,13,3,13,3,16
50303,TACOBAMBA,estado nutricional en menores de 5 anos,clasificacion a y b,2003-10-01,24,6,24,6,30
30602,TACOPAYA,estado nutricional en menores de 5 anos,clasificacion a y b,2003-10-01,7,2,7,2,9
51402,TAHUA,estado nutricional en menores de 5 anos,clasificacion a y b,2003-10-01,5,0,5,0,5
31101,TAPACARI,estado nutricional en menores de 5 anos,clasificacion a y b,2003-10-01,19,12,19,12,31
10601,TARABUCO,estado nutricional en menores de 5 anos,clasificacion a y b,2003-10-01,44,8,44,8,52
30401,TARATA,estado nutricional en menores de 5 anos,clasificacion a y b,2003-10-01,22,2,22,2,24
60101,TARIJA,estado nutricional en menores de 5 anos,clasificacion a y b,2003-10-01,534,150,534,150,684
10202,TARVITA,estado nutricional en menores de 5 anos,clasificacion a y b,2003-10-01,17,2,17,2,19
20803,TIAWANACU,estado nutricional en menores de 5 anos,clasificacion a y b,2003-10-01,23,5,23,5,28
50102,TINGUIPAYA,estado nutricional en menores de 5 anos,clasificacion a y b,2003-10-01,18,3,18,3,21
20606,TIPUANI,estado nutricional en menores de 5 anos,clasificacion a y b,2003-10-01,53,19,53,19,72
30903,TIQUIPAYA,estado nutricional en menores de 5 anos,clasificacion a y b,2003-10-01,37,9,37,9,46
31601,TIRAQUE (CBBA),estado nutricional en menores de 5 anos,clasificacion a y b,2003-10-01,140,22,140,22,162
21703,TITO YUPANQUI (PARQUIPUJIO),estado nutricional en menores de 5 anos,clasificacion a y b,2003-10-01,1,0,1,0,1
30802,TOCO,estado nutricional en menores de 5 anos,clasificacion a y b,2003-10-01,1,1,1,1,2
41502,TODOS SANTOS,estado nutricional en menores de 5 anos,clasificacion a y b,2003-10-01,1,0,1,0,1
30803,TOLATA,estado nutricional en menores de 5 anos,clasificacion a y b,2003-10-01,9,2,9,2,11
41001,TOLEDO,estado nutricional en menores de 5 anos,clasificacion a y b,2003-10-01,4,3,4,3,7
51202,TOMAVE,estado nutricional en menores de 5 anos,clasificacion a y b,2003-10-01,8,5,8,5,13
10402,TOMINA,estado nutricional en menores de 5 anos,clasificacion a y b,2003-10-01,20,4,20,4,24
50502,TORO TORO,estado nutricional en menores de 5 anos,clasificacion a y b,2003-10-01,11,2,11,2,13
31201,TOTORA(CBBA),estado nutricional en menores de 5 anos,clasificacion a y b,2003-10-01,16,1,16,1,17
41301,TOTORA(ORR),estado nutricional en menores de 5 anos,clasificacion a y b,2003-10-01,2,0,2,0,2
70802,TRIGAL,estado nutricional en menores de 5 anos,clasificacion a y b,2003-10-01,11,1,11,1,12
80101,TRINIDAD,estado nutricional en menores de 5 anos,clasificacion a y b,2003-10-01,228,108,228,108,336
50801,TUPIZA,estado nutricional en menores de 5 anos,clasificacion a y b,2003-10-01,75,23,75,23,98
40402,TURCO,estado nutricional en menores de 5 anos,clasificacion a y b,2003-10-01,5,0,5,0,5
21302,UMALA,estado nutricional en menores de 5 anos,clasificacion a y b,2003-10-01,3,3,3,3,6
50201,UNCIA,estado nutricional en menores de 5 anos,clasificacion a y b,2003-10-01,3,0,3,0,3
60401,URIONDO (A. CONCEPCION),estado nutricional en menores de 5 anos,clasificacion a y b,2003-10-01,83,21,83,21,104
71502,URUBICHA,estado nutricional en menores de 5 anos,clasificacion a y b,2003-10-01,15,9,15,9,24
51201,UYUNI,estado nutricional en menores de 5 anos,clasificacion a y b,2003-10-01,51,12,51,12,63
70801,VALLEGRANDE,estado nutricional en menores de 5 anos,clasificacion a y b,2003-10-01,64,24,64,24,88
20801,VIACHA,estado nutricional en menores de 5 anos,clasificacion a y b,2003-10-01,83,17,83,17,100
31302,VILA VILA,estado nutricional en menores de 5 anos,clasificacion a y b,2003-10-01,7,0,7,0,7
60303,VILLA MONTES,estado nutricional en menores de 5 anos,clasificacion a y b,2003-10-01,65,13,65,13,78
31402,VILLA RIVERO,estado nutricional en menores de 5 anos,clasificacion a y b,2003-10-01,16,1,16,1,17
10801,VILLA SERRANO,estado nutricional en menores de 5 anos,clasificacion a y b,2003-10-01,26,2,26,2,28
31003,VILLA TUNARI,estado nutricional en menores de 5 anos,clasificacion a y b,2003-10-01,97,30,97,30,127
11001,VILLA VACA GUZMAN (MUYUPAMPA),estado nutricional en menores de 5 anos,clasificacion a y b,2003-10-01,47,11,47,11,58
51501,VILLAZON,estado nutricional en menores de 5 anos,clasificacion a y b,2003-10-01,119,36,119,36,155
30904,VINTO,estado nutricional en menores de 5 anos,clasificacion a y b,2003-10-01,42,17,42,17,59
50602,VITICHI,estado nutricional en menores de 5 anos,clasificacion a y b,2003-10-01,28,5,28,5,33
20306,WALDO BALLIVIAN,estado nutricional en menores de 5 anos,clasificacion a y b,2003-10-01,1,0,1,0,1
20903,YACO,estado nutricional en menores de 5 anos,clasificacion a y b,2003-10-01,8,3,8,3,11
60301,YACUIBA,estado nutricional en menores de 5 anos,clasificacion a y b,2003-10-01,99,39,99,39,138
10602,YAMPARAEZ,estado nutricional en menores de 5 anos,clasificacion a y b,2003-10-01,37,8,37,8,45
21103,YANACACHI,estado nutricional en menores de 5 anos,clasificacion a y b,2003-10-01,4,0,4,0,4
70403,YAPACANI,estado nutricional en menores de 5 anos,clasificacion a y b,2003-10-01,207,22,207,22,229
50103,YOCALLA,estado nutricional en menores de 5 anos,clasificacion a y b,2003-10-01,2,1,2,1,3
10102,YOTALA,estado nutricional en menores de 5 anos,clasificacion a y b,2003-10-01,23,16,23,16,39
60402,YUNCHARA,estado nutricional en menores de 5 anos,clasificacion a y b,2003-10-01,10,7,10,7,17
10301,ZUDAÃ‘EZ,estado nutricional en menores de 5 anos,clasificacion a y b,2003-10-01,19,5,19,5,24
51302,ACACIO,estado nutricional en menores de 5 anos,clasificacion a y b,2003-11-01,11,1,11,1,12
20201,ACHACACHI,estado nutricional en menores de 5 anos,clasificacion a y b,2003-11-01,84,54,84,54,138
20104,ACHOCALLA,estado nutricional en menores de 5 anos,clasificacion a y b,2003-11-01,8,1,8,1,9
30201,AIQUILE,estado nutricional en menores de 5 anos,clasificacion a y b,2003-11-01,26,7,26,7,33
31303,ALALAY,estado nutricional en menores de 5 anos,clasificacion a y b,2003-11-01,0,2,0,2,2
10404,ALCALA,estado nutricional en menores de 5 anos,clasificacion a y b,2003-11-01,9,1,9,1,10
20202,ANCORAIMES,estado nutricional en menores de 5 anos,clasificacion a y b,2003-11-01,7,0,7,0,7
41201,ANDAMARCA,estado nutricional en menores de 5 anos,clasificacion a y b,2003-11-01,1,0,1,0,1
40603,ANTEQUERA,estado nutricional en menores de 5 anos,clasificacion a y b,2003-11-01,1,0,1,0,1
30402,ANZALDO,estado nutricional en menores de 5 anos,clasificacion a y b,2003-11-01,8,2,8,2,10
20701,APOLO,estado nutricional en menores de 5 anos,clasificacion a y b,2003-11-01,32,2,32,2,34
51301,ARAMPAMPA,estado nutricional en menores de 5 anos,clasificacion a y b,2003-11-01,5,3,5,3,8
30501,ARANI,estado nutricional en menores de 5 anos,clasificacion a y b,2003-11-01,11,1,11,1,12
30403,ARBIETO,estado nutricional en menores de 5 anos,clasificacion a y b,2003-11-01,23,5,23,5,28
30601,ARQUE,estado nutricional en menores de 5 anos,clasificacion a y b,2003-11-01,10,3,10,3,13
50802,ATOCHA,estado nutricional en menores de 5 anos,clasificacion a y b,2003-11-01,16,15,16,15,31
20503,AUCAPATA,estado nutricional en menores de 5 anos,clasificacion a y b,2003-11-01,18,2,18,2,20
20502,AYATA,estado nutricional en menores de 5 anos,clasificacion a y b,2003-11-01,5,4,5,4,9
21303,AYO AYO,estado nutricional en menores de 5 anos,clasificacion a y b,2003-11-01,12,3,12,3,15
30301,AYOPAYA (V. DE INDEPENDENCIA),estado nutricional en menores de 5 anos,clasificacion a y b,2003-11-01,8,2,8,2,10
10201,AZURDUY,estado nutricional en menores de 5 anos,clasificacion a y b,2003-11-01,11,4,11,4,15
21203,BATALLAS,estado nutricional en menores de 5 anos,clasificacion a y b,2003-11-01,15,4,15,4,19
80802,BAURES,estado nutricional en menores de 5 anos,clasificacion a y b,2003-11-01,18,2,18,2,20
41202,BELEN DE ANDAMARCA,estado nutricional en menores de 5 anos,clasificacion a y b,2003-11-01,1,1,1,1,2
50104,BELEN DE URMIRI,estado nutricional en menores de 5 anos,clasificacion a y b,2003-11-01,3,0,3,0,3
90104,BELLA FLOR,estado nutricional en menores de 5 anos,clasificacion a y b,2003-11-01,6,0,6,0,6
60202,BERMEJO,estado nutricional en menores de 5 anos,clasificacion a y b,2003-11-01,24,28,24,28,52
50301,BETANZOS,estado nutricional en menores de 5 anos,clasificacion a y b,2003-11-01,54,9,54,9,63
31501,BOLIVAR,estado nutricional en menores de 5 anos,clasificacion a y b,2003-11-01,10,0,10,0,10
70707,BOYUIBE,estado nutricional en menores de 5 anos,clasificacion a y b,2003-11-01,9,3,9,3,12
70401,BUENA VISTA,estado nutricional en menores de 5 anos,clasificacion a y b,2003-11-01,67,36,67,36,103
70703,CABEZAS,estado nutricional en menores de 5 anos,clasificacion a y b,2003-11-01,33,24,33,24,57
20905,CAIROMA,estado nutricional en menores de 5 anos,clasificacion a y b,2003-11-01,7,6,7,6,13
51102,"CAIZA ""D""",estado nutricional en menores de 5 anos,clasificacion a y b,2003-11-01,5,0,5,0,5
21003,CAJUATA,estado nutricional en menores de 5 anos,clasificacion a y b,2003-11-01,27,0,27,0,27
20303,CALACOTO,estado nutricional en menores de 5 anos,clasificacion a y b,2003-11-01,3,0,3,0,3
21304,CALAMARCA,estado nutricional en menores de 5 anos,clasificacion a y b,2003-11-01,10,0,10,0,10
10701,CAMARGO,estado nutricional en menores de 5 anos,clasificacion a y b,2003-11-01,25,10,25,10,35
10901,CAMATAQUI (C. VILLA ABECIA),estado nutricional en menores de 5 anos,clasificacion a y b,2003-11-01,9,0,9,0,9
70706,CAMIRI,estado nutricional en menores de 5 anos,clasificacion a y b,2003-11-01,92,19,92,19,111
30701,CAPINOTA,estado nutricional en menores de 5 anos,clasificacion a y b,2003-11-01,6,9,6,9,15
20302,CAQUIAVIRI,estado nutricional en menores de 5 anos,clasificacion a y b,2003-11-01,11,2,11,2,13
40102,CARACOLLO,estado nutricional en menores de 5 anos,clasificacion a y b,2003-11-01,15,4,15,4,19
22001,CARANAVI,estado nutricional en menores de 5 anos,clasificacion a y b,2003-11-01,180,25,180,25,205
60302,CARAPARI,estado nutricional en menores de 5 anos,clasificacion a y b,2003-11-01,26,3,26,3,29
50702,CARIPUYO,estado nutricional en menores de 5 anos,clasificacion a y b,2003-11-01,8,3,8,3,11
21803,CHACARILLA,estado nutricional en menores de 5 anos,clasificacion a y b,2003-11-01,5,1,5,1,6
40201,CHALLAPATA,estado nutricional en menores de 5 anos,clasificacion a y b,2003-11-01,14,7,14,7,21
50302,CHAQUI,estado nutricional en menores de 5 anos,clasificacion a y b,2003-11-01,5,0,5,0,5
70702,CHARAGUA,estado nutricional en menores de 5 anos,clasificacion a y b,2003-11-01,86,35,86,35,121
20305,CHARAÃ‘A,estado nutricional en menores de 5 anos,clasificacion a y b,2003-11-01,1,0,1,0,1
50202,CHAYANTA,estado nutricional en menores de 5 anos,clasificacion a y b,2003-11-01,10,5,10,5,15
31204,CHIMORE,estado nutricional en menores de 5 anos,clasificacion a y b,2003-11-01,25,9,25,9,34
40903,CHIPAYA,estado nutricional en menores de 5 anos,clasificacion a y b,2003-11-01,0,1,0,1,1
21101,CHULUMANI (V. DE LA LIBERTAD),estado nutricional en menores de 5 anos,clasificacion a y b,2003-11-01,4,0,4,0,4
20501,CHUMA,estado nutricional en menores de 5 anos,clasificacion a y b,2003-11-01,19,1,19,1,20
30801,CLIZA,estado nutricional en menores de 5 anos,clasificacion a y b,2003-11-01,0,1,0,1,1
90101,COBIJA,estado nutricional en menores de 5 anos,clasificacion a y b,2003-11-01,151,23,151,23,174
30101,COCHABAMBA,estado nutricional en menores de 5 anos,clasificacion a y b,2003-11-01,427,91,427,91,518
40902,COIPASA,estado nutricional en menores de 5 anos,clasificacion a y b,2003-11-01,0,1,0,1,1
30905,COLCAPIRHUA,estado nutricional en menores de 5 anos,clasificacion a y b,2003-11-01,47,11,47,11,58
50901,"COLCHA ""K""",estado nutricional en menores de 5 anos,clasificacion a y b,2003-11-01,9,5,9,5,14
21307,COLLANA,estado nutricional en menores de 5 anos,clasificacion a y b,2003-11-01,3,0,3,0,3
31002,COLOMI,estado nutricional en menores de 5 anos,clasificacion a y b,2003-11-01,23,6,23,6,29
50401,COLQUECHACA,estado nutricional en menores de 5 anos,clasificacion a y b,2003-11-01,24,29,24,29,53
21306,COLQUENCHA,estado nutricional en menores de 5 anos,clasificacion a y b,2003-11-01,28,0,28,0,28
21004,COLQUIRI,estado nutricional en menores de 5 anos,clasificacion a y b,2003-11-01,25,6,25,6,31
20304,COMANCHE,estado nutricional en menores de 5 anos,clasificacion a y b,2003-11-01,2,1,2,1,3
71301,COMARAPA,estado nutricional en menores de 5 anos,clasificacion a y b,2003-11-01,84,21,84,21,105
20605,COMBAYA,estado nutricional en menores de 5 anos,clasificacion a y b,2003-11-01,1,1,1,1,2
71101,CONCEPCION,estado nutricional en menores de 5 anos,clasificacion a y b,2003-11-01,14,3,14,3,17
21701,COPACABANA,estado nutricional en menores de 5 anos,clasificacion a y b,2003-11-01,23,1,23,1,24
21402,CORIPATA,estado nutricional en menores de 5 anos,clasificacion a y b,2003-11-01,27,0,27,0,27
20301,CORO CORO,estado nutricional en menores de 5 anos,clasificacion a y b,2003-11-01,3,4,3,4,7
21401,COROICO,estado nutricional en menores de 5 anos,clasificacion a y b,2003-11-01,24,14,24,14,38
40301,CORQUE,estado nutricional en menores de 5 anos,clasificacion a y b,2003-11-01,7,1,7,1,8
50601,COTAGAITA,estado nutricional en menores de 5 anos,clasificacion a y b,2003-11-01,34,13,34,13,47
31405,CUCHUMUELA (V. G. VILLARROEL),estado nutricional en menores de 5 anos,clasificacion a y b,2003-11-01,1,0,1,0,1
70704,CUEVO,estado nutricional en menores de 5 anos,clasificacion a y b,2003-11-01,7,1,7,1,8
10902,CULPINA,estado nutricional en menores de 5 anos,clasificacion a y b,2003-11-01,43,23,43,23,66
40401,CURAHUARA DE CARANGAS,estado nutricional en menores de 5 anos,clasificacion a y b,2003-11-01,4,0,4,0,4
21602,CURVA,estado nutricional en menores de 5 anos,clasificacion a y b,2003-11-01,4,1,4,1,5
20804,DESAGUADERO,estado nutricional en menores de 5 anos,clasificacion a y b,2003-11-01,3,2,3,2,5
20105,EL ALTO,estado nutricional en menores de 5 anos,clasificacion a y b,2003-11-01,689,165,689,165,854
40103,EL CHORO,estado nutricional en menores de 5 anos,clasificacion a y b,2003-11-01,5,4,5,4,9
71503,EL PUENTE(STC),estado nutricional en menores de 5 anos,clasificacion a y b,2003-11-01,27,18,27,18,45
60502,EL PUENTE(TJA),estado nutricional en menores de 5 anos,clasificacion a y b,2003-11-01,17,3,17,3,20
70105,EL TORNO,estado nutricional en menores de 5 anos,clasificacion a y b,2003-11-01,109,30,109,30,139
10405,EL VILLAR,estado nutricional en menores de 5 anos,clasificacion a y b,2003-11-01,10,4,10,4,14
60601,ENTRE RIOS,estado nutricional en menores de 5 anos,clasificacion a y b,2003-11-01,49,22,49,22,71
41101,EUCALIPTUS,estado nutricional en menores de 5 anos,clasificacion a y b,2003-11-01,9,9,9,9,18
80402,EXALTACION,estado nutricional en menores de 5 anos,clasificacion a y b,2003-11-01,4,6,4,6,10
90203,FILADELFIA,estado nutricional en menores de 5 anos,clasificacion a y b,2003-11-01,2,0,2,0,2
71002,GENERAL SAAVEDRA,estado nutricional en menores de 5 anos,clasificacion a y b,2003-11-01,73,37,73,37,110
21601,GRAL. J.J. PEREZ (CHARAZANI),estado nutricional en menores de 5 anos,clasificacion a y b,2003-11-01,36,7,36,7,43
20602,GUANAY,estado nutricional en menores de 5 anos,clasificacion a y b,2003-11-01,88,26,88,26,114
20802,GUAQUI,estado nutricional en menores de 5 anos,clasificacion a y b,2003-11-01,10,1,10,1,11
80202,GUAYARAMERIN,estado nutricional en menores de 5 anos,clasificacion a y b,2003-11-01,67,15,67,15,82
70705,GUTIERREZ,estado nutricional en menores de 5 anos,clasificacion a y b,2003-11-01,54,10,54,10,64
10502,HUACARETA,estado nutricional en menores de 5 anos,clasificacion a y b,2003-11-01,22,17,22,17,39
11002,HUACAYA (VILLA DE HUACAYA),estado nutricional en menores de 5 anos,clasificacion a y b,2003-11-01,6,3,6,3,9
40501,HUACHACALLA,estado nutricional en menores de 5 anos,clasificacion a y b,2003-11-01,2,0,2,0,2
40701,HUANUNI,estado nutricional en menores de 5 anos,clasificacion a y b,2003-11-01,29,2,29,2,31
80803,HUARACAJE,estado nutricional en menores de 5 anos,clasificacion a y b,2003-11-01,18,18,18,18,36
41601,HUAYLLAMARCA,estado nutricional en menores de 5 anos,clasificacion a y b,2003-11-01,1,0,1,0,1
21005,ICHOCA,estado nutricional en menores de 5 anos,clasificacion a y b,2003-11-01,17,18,17,18,35
10304,ICLA,estado nutricional en menores de 5 anos,clasificacion a y b,2003-11-01,20,2,20,2,22
10703,INCAHUASI,estado nutricional en menores de 5 anos,clasificacion a y b,2003-11-01,37,16,37,16,53
21001,INQUISIVI,estado nutricional en menores de 5 anos,clasificacion a y b,2003-11-01,31,28,31,28,59
21102,IRUPANA (VILLA DE LANZA),estado nutricional en menores de 5 anos,clasificacion a y b,2003-11-01,42,26,42,26,68
21501,IXIAMAS,estado nutricional en menores de 5 anos,clasificacion a y b,2003-11-01,24,9,24,9,33
21105,LA ASUNTA,estado nutricional en menores de 5 anos,clasificacion a y b,2003-11-01,69,1,69,1,70
70104,LA GUARDIA,estado nutricional en menores de 5 anos,clasificacion a y b,2003-11-01,112,21,112,21,133
20101,LA PAZ,estado nutricional en menores de 5 anos,clasificacion a y b,2003-11-01,629,233,629,233,862
70701,LAGUNILLAS,estado nutricional en menores de 5 anos,clasificacion a y b,2003-11-01,45,11,45,11,56
21202,LAJA,estado nutricional en menores de 5 anos,clasificacion a y b,2003-11-01,25,7,25,7,32
10903,LAS CARRERAS,estado nutricional en menores de 5 anos,clasificacion a y b,2003-11-01,12,6,12,6,18
21006,LICOMA PAMPA,estado nutricional en menores de 5 anos,clasificacion a y b,2003-11-01,1,0,1,0,1
50203,LLALLAGUA,estado nutricional en menores de 5 anos,clasificacion a y b,2003-11-01,92,76,92,76,168
51401,LLICA,estado nutricional en menores de 5 anos,clasificacion a y b,2003-11-01,1,1,1,1,2
80601,LORETO,estado nutricional en menores de 5 anos,clasificacion a y b,2003-11-01,7,4,7,4,11
20901,LURIBAY,estado nutricional en menores de 5 anos,clasificacion a y b,2003-11-01,4,0,4,0,4
40702,MACHACAMARCA,estado nutricional en menores de 5 anos,clasificacion a y b,2003-11-01,3,4,3,4,7
11003,MACHARETI,estado nutricional en menores de 5 anos,clasificacion a y b,2003-11-01,31,19,31,19,50
80801,MAGDALENA,estado nutricional en menores de 5 anos,clasificacion a y b,2003-11-01,20,7,20,7,27
70903,MAIRANA,estado nutricional en menores de 5 anos,clasificacion a y b,2003-11-01,24,2,24,2,26
20103,MECAPACA,estado nutricional en menores de 5 anos,clasificacion a y b,2003-11-01,4,6,4,6,10
31301,MIZQUE,estado nutricional en menores de 5 anos,clasificacion a y b,2003-11-01,15,2,15,2,17
20402,MOCOMOCO,estado nutricional en menores de 5 anos,clasificacion a y b,2003-11-01,19,8,19,8,27
51002,MOJINETE,estado nutricional en menores de 5 anos,clasificacion a y b,2003-11-01,0,1,0,1,1
10303,MOJOCOYA,estado nutricional en menores de 5 anos,clasificacion a y b,2003-11-01,36,13,36,13,49
10501,MONTEAGUDO,estado nutricional en menores de 5 anos,clasificacion a y b,2003-11-01,78,24,78,24,102
70803,MORO MORO,estado nutricional en menores de 5 anos,clasificacion a y b,2003-11-01,8,0,8,0,8
30302,MOROCHATA,estado nutricional en menores de 5 anos,clasificacion a y b,2003-11-01,12,0,12,0,12
90401,NACEBE (SANTA ROSA DEL ABUNA),estado nutricional en menores de 5 anos,clasificacion a y b,2003-11-01,0,1,0,1,1
20307,NAZACARA DE PACAJES,estado nutricional en menores de 5 anos,clasificacion a y b,2003-11-01,4,0,4,0,4
50404,OCURI,estado nutricional en menores de 5 anos,clasificacion a y b,2003-11-01,16,4,16,4,20
30203,OMEREQUE,estado nutricional en menores de 5 anos,clasificacion a y b,2003-11-01,7,1,7,1,8
40101,ORURO,estado nutricional en menores de 5 anos,clasificacion a y b,2003-11-01,322,58,322,58,380
60201,PADCAYA,estado nutricional en menores de 5 anos,clasificacion a y b,2003-11-01,27,25,27,25,52
10401,PADILLA,estado nutricional en menores de 5 anos,clasificacion a y b,2003-11-01,48,8,48,8,56
70502,PAILON,estado nutricional en menores de 5 anos,clasificacion a y b,2003-11-01,29,21,29,21,50
20102,PALCA,estado nutricional en menores de 5 anos,clasificacion a y b,2003-11-01,2,3,2,3,5
21104,PALOS BLANCOS,estado nutricional en menores de 5 anos,clasificacion a y b,2003-11-01,55,13,55,13,68
40802,PAMPA AULLAGAS,estado nutricional en menores de 5 anos,clasificacion a y b,2003-11-01,10,1,10,1,11
70902,PAMPA GRANDE,estado nutricional en menores de 5 anos,clasificacion a y b,2003-11-01,14,3,14,3,17
21802,PAPEL PAMPA,estado nutricional en menores de 5 anos,clasificacion a y b,2003-11-01,0,1,0,1,1
30202,PASORAPA,estado nutricional en menores de 5 anos,clasificacion a y b,2003-11-01,2,0,2,0,2
21305,PATACAMAYA,estado nutricional en menores de 5 anos,clasificacion a y b,2003-11-01,25,3,25,3,28
40602,PAZÃ‘A,estado nutricional en menores de 5 anos,clasificacion a y b,2003-11-01,6,4,6,4,10
20702,PELECHUCO,estado nutricional en menores de 5 anos,clasificacion a y b,2003-11-01,4,2,4,2,6
50403,POCOATA,estado nutricional en menores de 5 anos,clasificacion a y b,2003-11-01,25,10,25,10,35
31203,POCONA,estado nutricional en menores de 5 anos,clasificacion a y b,2003-11-01,9,2,9,2,11
31202,POJO (CBBA),estado nutricional en menores de 5 anos,clasificacion a y b,2003-11-01,102,34,102,34,136
40601,POOPO,estado nutricional en menores de 5 anos,clasificacion a y b,2003-11-01,0,1,0,1,1
51203,PORCO,estado nutricional en menores de 5 anos,clasificacion a y b,2003-11-01,8,3,8,3,11
10103,POROMA,estado nutricional en menores de 5 anos,clasificacion a y b,2003-11-01,40,41,40,41,81
70103,PORONGO,estado nutricional en menores de 5 anos,clasificacion a y b,2003-11-01,15,4,15,4,19
70601,PORTACHUELO,estado nutricional en menores de 5 anos,clasificacion a y b,2003-11-01,102,31,102,31,133
90102,PORVENIR,estado nutricional en menores de 5 anos,clasificacion a y b,2003-11-01,5,3,5,3,8
70804,POSTRER VALLE,estado nutricional en menores de 5 anos,clasificacion a y b,2003-11-01,9,3,9,3,12
50101,POTOSI,estado nutricional en menores de 5 anos,clasificacion a y b,2003-11-01,136,9,136,9,145
10302,PRESTO,estado nutricional en menores de 5 anos,clasificacion a y b,2003-11-01,16,1,16,1,17
21201,PUCARANI,estado nutricional en menores de 5 anos,clasificacion a y b,2003-11-01,42,2,42,2,44
20401,PUERTO ACOSTA,estado nutricional en menores de 5 anos,clasificacion a y b,2003-11-01,32,19,32,19,51
20403,PUERTO CARABUCO,estado nutricional en menores de 5 anos,clasificacion a y b,2003-11-01,19,2,19,2,21
90301,PUERTO GONZALO MORENO,estado nutricional en menores de 5 anos,clasificacion a y b,2003-11-01,19,6,19,6,25
21204,PUERTO PEREZ,estado nutricional en menores de 5 anos,clasificacion a y b,2003-11-01,19,0,19,0,19
71402,PUERTO QUIJARRO,estado nutricional en menores de 5 anos,clasificacion a y b,2003-11-01,40,3,40,3,43
90201,PUERTO RICO,estado nutricional en menores de 5 anos,clasificacion a y b,2003-11-01,6,6,6,6,12
71401,PUERTO SUAREZ,estado nutricional en menores de 5 anos,clasificacion a y b,2003-11-01,75,10,75,10,85
31205,PUERTO VILLARROEL,estado nutricional en menores de 5 anos,clasificacion a y b,2003-11-01,139,87,139,87,226
51101,PUNA,estado nutricional en menores de 5 anos,clasificacion a y b,2003-11-01,39,9,39,9,48
31401,PUNATA,estado nutricional en menores de 5 anos,clasificacion a y b,2003-11-01,17,11,17,11,28
20604,QUIABAYA,estado nutricional en menores de 5 anos,clasificacion a y b,2003-11-01,9,1,9,1,10
30901,QUILLACOLLO,estado nutricional en menores de 5 anos,clasificacion a y b,2003-11-01,92,17,92,17,109
21002,QUIME,estado nutricional en menores de 5 anos,clasificacion a y b,2003-11-01,10,7,10,7,17
70904,QUIRUSILLAS,estado nutricional en menores de 5 anos,clasificacion a y b,2003-11-01,7,0,7,0,7
50402,RAVELO,estado nutricional en menores de 5 anos,clasificacion a y b,2003-11-01,7,1,7,1,8
80301,REYES,estado nutricional en menores de 5 anos,clasificacion a y b,2003-11-01,33,7,33,7,40
80201,RIBERALTA,estado nutricional en menores de 5 anos,clasificacion a y b,2003-11-01,153,53,153,53,206
70503,ROBORE,estado nutricional en menores de 5 anos,clasificacion a y b,2003-11-01,34,6,34,6,40
80304,RURRENABAQUE,estado nutricional en menores de 5 anos,clasificacion a y b,2003-11-01,47,3,47,3,50
40901,SABAYA,estado nutricional en menores de 5 anos,clasificacion a y b,2003-11-01,8,7,8,7,15
31001,SACABA,estado nutricional en menores de 5 anos,clasificacion a y b,2003-11-01,48,7,48,7,55
30404,SACABAMBA,estado nutricional en menores de 5 anos,clasificacion a y b,2003-11-01,3,1,3,1,4
50701,SACACA,estado nutricional en menores de 5 anos,clasificacion a y b,2003-11-01,9,4,9,4,13
71302,SAIPINA,estado nutricional en menores de 5 anos,clasificacion a y b,2003-11-01,66,17,66,17,83
40801,SALINAS DE GARCI MENDOZA,estado nutricional en menores de 5 anos,clasificacion a y b,2003-11-01,4,0,4,0,4
70901,SAMAIPATA,estado nutricional en menores de 5 anos,clasificacion a y b,2003-11-01,52,11,52,11,63
51601,SAN AGUSTIN,estado nutricional en menores de 5 anos,clasificacion a y b,2003-11-01,1,0,1,0,1
80602,SAN ANDRES,estado nutricional en menores de 5 anos,clasificacion a y b,2003-11-01,14,1,14,1,15
71105,SAN ANTONIO DE LOMERIO,estado nutricional en menores de 5 anos,clasificacion a y b,2003-11-01,18,6,18,6,24
31403,SAN BENITO,estado nutricional en menores de 5 anos,clasificacion a y b,2003-11-01,1,0,1,0,1
80302,SAN BORJA,estado nutricional en menores de 5 anos,clasificacion a y b,2003-11-01,84,8,84,8,92
21502,SAN BUENA VENTURA,estado nutricional en menores de 5 anos,clasificacion a y b,2003-11-01,21,1,21,1,22
70402,SAN CARLOS,estado nutricional en menores de 5 anos,clasificacion a y b,2003-11-01,90,42,90,42,132
80501,SAN IGNACIO,estado nutricional en menores de 5 anos,clasificacion a y b,2003-11-01,63,25,63,25,88
70301,SAN IGNACIO DE VELASCO,estado nutricional en menores de 5 anos,clasificacion a y b,2003-11-01,187,9,187,9,196
80102,SAN JAVIER(BNI),estado nutricional en menores de 5 anos,clasificacion a y b,2003-11-01,3,2,3,2,5
71102,SAN JAVIER(STC),estado nutricional en menores de 5 anos,clasificacion a y b,2003-11-01,56,4,56,4,60
80701,SAN JOAQUIN,estado nutricional en menores de 5 anos,clasificacion a y b,2003-11-01,7,3,7,3,10
70501,SAN JOSE DE CHIQUITOS,estado nutricional en menores de 5 anos,clasificacion a y b,2003-11-01,45,8,45,8,53
71104,SAN JULIAN,estado nutricional en menores de 5 anos,clasificacion a y b,2003-11-01,181,54,181,54,235
90302,SAN LORENZO(PND),estado nutricional en menores de 5 anos,clasificacion a y b,2003-11-01,4,0,4,0,4
60501,SAN LORENZO(TJA),estado nutricional en menores de 5 anos,clasificacion a y b,2003-11-01,22,11,22,11,33
10702,SAN LUCAS,estado nutricional en menores de 5 anos,clasificacion a y b,2003-11-01,63,30,63,30,93
70302,SAN MIGUEL DE VELASCO,estado nutricional en menores de 5 anos,clasificacion a y b,2003-11-01,15,2,15,2,17
51001,SAN PABLO DE LIPEZ,estado nutricional en menores de 5 anos,clasificacion a y b,2003-11-01,0,2,0,2,2
50501,SAN PEDRO DE BUENA VISTA,estado nutricional en menores de 5 anos,clasificacion a y b,2003-11-01,20,11,20,11,31
21801,SAN PEDRO DE CURAHUARA,estado nutricional en menores de 5 anos,clasificacion a y b,2003-11-01,7,2,7,2,9
50902,SAN PEDRO DE QUEMES,estado nutricional en menores de 5 anos,clasificacion a y b,2003-11-01,2,1,2,1,3
21702,SAN PEDRO DE TIQUINA,estado nutricional en menores de 5 anos,clasificacion a y b,2003-11-01,4,4,4,4,8
70303,SAN RAFAEL,estado nutricional en menores de 5 anos,clasificacion a y b,2003-11-01,10,2,10,2,12
80702,SAN RAMON,estado nutricional en menores de 5 anos,clasificacion a y b,2003-11-01,12,10,12,10,22
80702,SAN RAMON,estado nutricional en menores de 5 anos,clasificacion a y b,2003-11-01,1,1,1,1,2
80401,SANTA ANA,estado nutricional en menores de 5 anos,clasificacion a y b,2003-11-01,70,12,70,12,82
70101,SANTA CRUZ DE LA SIERRA,estado nutricional en menores de 5 anos,clasificacion a y b,2003-11-01,1229,347,1229,347,1576
80303,SANTA ROSA,estado nutricional en menores de 5 anos,clasificacion a y b,2003-11-01,30,6,30,6,36
70602,SANTA ROSA DEL SARA,estado nutricional en menores de 5 anos,clasificacion a y b,2003-11-01,15,2,15,2,17
20308,SANTIAGO DE CALLAPA,estado nutricional en menores de 5 anos,clasificacion a y b,2003-11-01,7,0,7,0,7
41401,SANTIAGO DE HUARI,estado nutricional en menores de 5 anos,clasificacion a y b,2003-11-01,11,2,11,2,13
21901,SANTIAGO DE MACHACA,estado nutricional en menores de 5 anos,clasificacion a y b,2003-11-01,2,1,2,1,3
30702,SANTIVAÃ‘ES,estado nutricional en menores de 5 anos,clasificacion a y b,2003-11-01,6,0,6,0,6
40202,SANTUARIO DE QUILLACAS,estado nutricional en menores de 5 anos,clasificacion a y b,2003-11-01,5,0,5,0,5
20902,SAPAHAQUI,estado nutricional en menores de 5 anos,clasificacion a y b,2003-11-01,11,3,11,3,14
90303,SENA,estado nutricional en menores de 5 anos,clasificacion a y b,2003-11-01,22,6,22,6,28
21301,SICA SICA (VILLA AROMA),estado nutricional en menores de 5 anos,clasificacion a y b,2003-11-01,15,3,15,3,18
30703,SICAYA,estado nutricional en menores de 5 anos,clasificacion a y b,2003-11-01,7,0,7,0,7
30902,SIPE SIPE,estado nutricional en menores de 5 anos,clasificacion a y b,2003-11-01,64,19,64,19,83
10403,SOPACHUY,estado nutricional en menores de 5 anos,clasificacion a y b,2003-11-01,14,3,14,3,17
20601,SORATA,estado nutricional en menores de 5 anos,clasificacion a y b,2003-11-01,27,6,27,6,33
10101,SUCRE,estado nutricional en menores de 5 anos,clasificacion a y b,2003-11-01,363,85,363,85,448
20603,TACACOMA,estado nutricional en menores de 5 anos,clasificacion a y b,2003-11-01,7,4,7,4,11
50303,TACOBAMBA,estado nutricional en menores de 5 anos,clasificacion a y b,2003-11-01,19,4,19,4,23
30602,TACOPAYA,estado nutricional en menores de 5 anos,clasificacion a y b,2003-11-01,4,1,4,1,5
51402,TAHUA,estado nutricional en menores de 5 anos,clasificacion a y b,2003-11-01,3,0,3,0,3
31101,TAPACARI,estado nutricional en menores de 5 anos,clasificacion a y b,2003-11-01,11,4,11,4,15
10601,TARABUCO,estado nutricional en menores de 5 anos,clasificacion a y b,2003-11-01,43,7,43,7,50
30401,TARATA,estado nutricional en menores de 5 anos,clasificacion a y b,2003-11-01,15,5,15,5,20
60101,TARIJA,estado nutricional en menores de 5 anos,clasificacion a y b,2003-11-01,311,94,311,94,405
10202,TARVITA,estado nutricional en menores de 5 anos,clasificacion a y b,2003-11-01,14,1,14,1,15
20803,TIAWANACU,estado nutricional en menores de 5 anos,clasificacion a y b,2003-11-01,14,3,14,3,17
50102,TINGUIPAYA,estado nutricional en menores de 5 anos,clasificacion a y b,2003-11-01,10,7,10,7,17
20606,TIPUANI,estado nutricional en menores de 5 anos,clasificacion a y b,2003-11-01,67,18,67,18,85
30903,TIQUIPAYA,estado nutricional en menores de 5 anos,clasificacion a y b,2003-11-01,12,3,12,3,15
31601,TIRAQUE (CBBA),estado nutricional en menores de 5 anos,clasificacion a y b,2003-11-01,98,18,98,18,116
21703,TITO YUPANQUI (PARQUIPUJIO),estado nutricional en menores de 5 anos,clasificacion a y b,2003-11-01,1,2,1,2,3
30802,TOCO,estado nutricional en menores de 5 anos,clasificacion a y b,2003-11-01,0,1,0,1,1
41502,TODOS SANTOS,estado nutricional en menores de 5 anos,clasificacion a y b,2003-11-01,1,2,1,2,3
30803,TOLATA,estado nutricional en menores de 5 anos,clasificacion a y b,2003-11-01,11,2,11,2,13
41001,TOLEDO,estado nutricional en menores de 5 anos,clasificacion a y b,2003-11-01,2,1,2,1,3
51202,TOMAVE,estado nutricional en menores de 5 anos,clasificacion a y b,2003-11-01,22,13,22,13,35
10402,TOMINA,estado nutricional en menores de 5 anos,clasificacion a y b,2003-11-01,30,3,30,3,33
50502,TORO TORO,estado nutricional en menores de 5 anos,clasificacion a y b,2003-11-01,17,4,17,4,21
31201,TOTORA(CBBA),estado nutricional en menores de 5 anos,clasificacion a y b,2003-11-01,25,3,25,3,28
41301,TOTORA(ORR),estado nutricional en menores de 5 anos,clasificacion a y b,2003-11-01,1,0,1,0,1
70802,TRIGAL,estado nutricional en menores de 5 anos,clasificacion a y b,2003-11-01,2,0,2,0,2
80101,TRINIDAD,estado nutricional en menores de 5 anos,clasificacion a y b,2003-11-01,216,96,216,96,312
50801,TUPIZA,estado nutricional en menores de 5 anos,clasificacion a y b,2003-11-01,61,24,61,24,85
40402,TURCO,estado nutricional en menores de 5 anos,clasificacion a y b,2003-11-01,8,1,8,1,9
21302,UMALA,estado nutricional en menores de 5 anos,clasificacion a y b,2003-11-01,25,20,25,20,45
50201,UNCIA,estado nutricional en menores de 5 anos,clasificacion a y b,2003-11-01,4,0,4,0,4
60401,URIONDO (A. CONCEPCION),estado nutricional en menores de 5 anos,clasificacion a y b,2003-11-01,40,13,40,13,53
71502,URUBICHA,estado nutricional en menores de 5 anos,clasificacion a y b,2003-11-01,1,0,1,0,1
51201,UYUNI,estado nutricional en menores de 5 anos,clasificacion a y b,2003-11-01,46,3,46,3,49
30502,VACAS,estado nutricional en menores de 5 anos,clasificacion a y b,2003-11-01,6,14,6,14,20
70801,VALLEGRANDE,estado nutricional en menores de 5 anos,clasificacion a y b,2003-11-01,16,1,16,1,17
20801,VIACHA,estado nutricional en menores de 5 anos,clasificacion a y b,2003-11-01,74,17,74,17,91
31302,VILA VILA,estado nutricional en menores de 5 anos,clasificacion a y b,2003-11-01,2,0,2,0,2
60303,VILLA MONTES,estado nutricional en menores de 5 anos,clasificacion a y b,2003-11-01,37,5,37,5,42
90502,VILLA NUEVA (LOMA ALTA),estado nutricional en menores de 5 anos,clasificacion a y b,2003-11-01,1,0,1,0,1
31402,VILLA RIVERO,estado nutricional en menores de 5 anos,clasificacion a y b,2003-11-01,7,1,7,1,8
10801,VILLA SERRANO,estado nutricional en menores de 5 anos,clasificacion a y b,2003-11-01,29,3,29,3,32
31003,VILLA TUNARI,estado nutricional en menores de 5 anos,clasificacion a y b,2003-11-01,86,16,86,16,102
11001,VILLA VACA GUZMAN (MUYUPAMPA),estado nutricional en menores de 5 anos,clasificacion a y b,2003-11-01,43,5,43,5,48
51501,VILLAZON,estado nutricional en menores de 5 anos,clasificacion a y b,2003-11-01,87,14,87,14,101
50602,VITICHI,estado nutricional en menores de 5 anos,clasificacion a y b,2003-11-01,19,6,19,6,25
20903,YACO,estado nutricional en menores de 5 anos,clasificacion a y b,2003-11-01,6,0,6,0,6
60301,YACUIBA,estado nutricional en menores de 5 anos,clasificacion a y b,2003-11-01,93,10,93,10,103
10602,YAMPARAEZ,estado nutricional en menores de 5 anos,clasificacion a y b,2003-11-01,33,7,33,7,40
21103,YANACACHI,estado nutricional en menores de 5 anos,clasificacion a y b,2003-11-01,5,0,5,0,5
70403,YAPACANI,estado nutricional en menores de 5 anos,clasificacion a y b,2003-11-01,142,36,142,36,178
50103,YOCALLA,estado nutricional en menores de 5 anos,clasificacion a y b,2003-11-01,4,2,4,2,6
10102,YOTALA,estado nutricional en menores de 5 anos,clasificacion a y b,2003-11-01,21,11,21,11,32
60402,YUNCHARA,estado nutricional en menores de 5 anos,clasificacion a y b,2003-11-01,11,6,11,6,17
10301,ZUDAÃ‘EZ,estado nutricional en menores de 5 anos,clasificacion a y b,2003-11-01,16,11,16,11,27
51302,ACACIO,estado nutricional en menores de 5 anos,clasificacion a y b,2003-12-01,4,1,4,1,5
20201,ACHACACHI,estado nutricional en menores de 5 anos,clasificacion a y b,2003-12-01,37,16,37,16,53
20104,ACHOCALLA,estado nutricional en menores de 5 anos,clasificacion a y b,2003-12-01,2,2,2,2,4
30201,AIQUILE,estado nutricional en menores de 5 anos,clasificacion a y b,2003-12-01,19,3,19,3,22
31303,ALALAY,estado nutricional en menores de 5 anos,clasificacion a y b,2003-12-01,1,0,1,0,1
10404,ALCALA,estado nutricional en menores de 5 anos,clasificacion a y b,2003-12-01,8,2,8,2,10
20202,ANCORAIMES,estado nutricional en menores de 5 anos,clasificacion a y b,2003-12-01,3,0,3,0,3
40603,ANTEQUERA,estado nutricional en menores de 5 anos,clasificacion a y b,2003-12-01,5,2,5,2,7
30402,ANZALDO,estado nutricional en menores de 5 anos,clasificacion a y b,2003-12-01,7,3,7,3,10
20701,APOLO,estado nutricional en menores de 5 anos,clasificacion a y b,2003-12-01,26,1,26,1,27
51301,ARAMPAMPA,estado nutricional en menores de 5 anos,clasificacion a y b,2003-12-01,2,3,2,3,5
30501,ARANI,estado nutricional en menores de 5 anos,clasificacion a y b,2003-12-01,2,0,2,0,2
71501,ASCENCION DE GUARAYOS,estado nutricional en menores de 5 anos,clasificacion a y b,2003-12-01,73,21,73,21,94
50802,ATOCHA,estado nutricional en menores de 5 anos,clasificacion a y b,2003-12-01,5,19,5,19,24
20503,AUCAPATA,estado nutricional en menores de 5 anos,clasificacion a y b,2003-12-01,6,4,6,4,10
20502,AYATA,estado nutricional en menores de 5 anos,clasificacion a y b,2003-12-01,2,0,2,0,2
21303,AYO AYO,estado nutricional en menores de 5 anos,clasificacion a y b,2003-12-01,10,0,10,0,10
30301,AYOPAYA (V. DE INDEPENDENCIA),estado nutricional en menores de 5 anos,clasificacion a y b,2003-12-01,35,11,35,11,46
10201,AZURDUY,estado nutricional en menores de 5 anos,clasificacion a y b,2003-12-01,16,5,16,5,21
21203,BATALLAS,estado nutricional en menores de 5 anos,clasificacion a y b,2003-12-01,19,1,19,1,20
80802,BAURES,estado nutricional en menores de 5 anos,clasificacion a y b,2003-12-01,16,3,16,3,19
41202,BELEN DE ANDAMARCA,estado nutricional en menores de 5 anos,clasificacion a y b,2003-12-01,1,0,1,0,1
50104,BELEN DE URMIRI,estado nutricional en menores de 5 anos,clasificacion a y b,2003-12-01,2,0,2,0,2
90104,BELLA FLOR,estado nutricional en menores de 5 anos,clasificacion a y b,2003-12-01,9,4,9,4,13
60202,BERMEJO,estado nutricional en menores de 5 anos,clasificacion a y b,2003-12-01,42,21,42,21,63
50301,BETANZOS,estado nutricional en menores de 5 anos,clasificacion a y b,2003-12-01,35,4,35,4,39
90103,BOLPEBRA,estado nutricional en menores de 5 anos,clasificacion a y b,2003-12-01,1,0,1,0,1
70707,BOYUIBE,estado nutricional en menores de 5 anos,clasificacion a y b,2003-12-01,18,7,18,7,25
70401,BUENA VISTA,estado nutricional en menores de 5 anos,clasificacion a y b,2003-12-01,65,23,65,23,88
70703,CABEZAS,estado nutricional en menores de 5 anos,clasificacion a y b,2003-12-01,7,5,7,5,12
20905,CAIROMA,estado nutricional en menores de 5 anos,clasificacion a y b,2003-12-01,5,1,5,1,6
51102,"CAIZA ""D""",estado nutricional en menores de 5 anos,clasificacion a y b,2003-12-01,11,3,11,3,14
21003,CAJUATA,estado nutricional en menores de 5 anos,clasificacion a y b,2003-12-01,43,2,43,2,45
20303,CALACOTO,estado nutricional en menores de 5 anos,clasificacion a y b,2003-12-01,2,1,2,1,3
21304,CALAMARCA,estado nutricional en menores de 5 anos,clasificacion a y b,2003-12-01,25,0,25,0,25
10701,CAMARGO,estado nutricional en menores de 5 anos,clasificacion a y b,2003-12-01,13,1,13,1,14
10901,CAMATAQUI (C. VILLA ABECIA),estado nutricional en menores de 5 anos,clasificacion a y b,2003-12-01,6,1,6,1,7
70706,CAMIRI,estado nutricional en menores de 5 anos,clasificacion a y b,2003-12-01,71,13,71,13,84
30701,CAPINOTA,estado nutricional en menores de 5 anos,clasificacion a y b,2003-12-01,7,9,7,9,16
20302,CAQUIAVIRI,estado nutricional en menores de 5 anos,clasificacion a y b,2003-12-01,6,2,6,2,8
40102,CARACOLLO,estado nutricional en menores de 5 anos,clasificacion a y b,2003-12-01,19,8,19,8,27
22001,CARANAVI,estado nutricional en menores de 5 anos,clasificacion a y b,2003-12-01,110,17,110,17,127
60302,CARAPARI,estado nutricional en menores de 5 anos,clasificacion a y b,2003-12-01,35,12,35,12,47
50702,CARIPUYO,estado nutricional en menores de 5 anos,clasificacion a y b,2003-12-01,7,1,7,1,8
21803,CHACARILLA,estado nutricional en menores de 5 anos,clasificacion a y b,2003-12-01,3,2,3,2,5
40201,CHALLAPATA,estado nutricional en menores de 5 anos,clasificacion a y b,2003-12-01,10,7,10,7,17
50302,CHAQUI,estado nutricional en menores de 5 anos,clasificacion a y b,2003-12-01,13,0,13,0,13
70702,CHARAGUA,estado nutricional en menores de 5 anos,clasificacion a y b,2003-12-01,88,42,88,42,130
50202,CHAYANTA,estado nutricional en menores de 5 anos,clasificacion a y b,2003-12-01,31,8,31,8,39
31204,CHIMORE,estado nutricional en menores de 5 anos,clasificacion a y b,2003-12-01,37,16,37,16,53
21101,CHULUMANI (V. DE LA LIBERTAD),estado nutricional en menores de 5 anos,clasificacion a y b,2003-12-01,5,0,5,0,5
20501,CHUMA,estado nutricional en menores de 5 anos,clasificacion a y b,2003-12-01,4,1,4,1,5
30801,CLIZA,estado nutricional en menores de 5 anos,clasificacion a y b,2003-12-01,2,1,2,1,3
90101,COBIJA,estado nutricional en menores de 5 anos,clasificacion a y b,2003-12-01,95,7,95,7,102
30101,COCHABAMBA,estado nutricional en menores de 5 anos,clasificacion a y b,2003-12-01,1476,203,1476,203,1679
40902,COIPASA,estado nutricional en menores de 5 anos,clasificacion a y b,2003-12-01,1,1,1,1,2
30905,COLCAPIRHUA,estado nutricional en menores de 5 anos,clasificacion a y b,2003-12-01,35,6,35,6,41
50901,"COLCHA ""K""",estado nutricional en menores de 5 anos,clasificacion a y b,2003-12-01,8,1,8,1,9
21307,COLLANA,estado nutricional en menores de 5 anos,clasificacion a y b,2003-12-01,3,0,3,0,3
31002,COLOMI,estado nutricional en menores de 5 anos,clasificacion a y b,2003-12-01,28,8,28,8,36
50401,COLQUECHACA,estado nutricional en menores de 5 anos,clasificacion a y b,2003-12-01,36,30,36,30,66
21306,COLQUENCHA,estado nutricional en menores de 5 anos,clasificacion a y b,2003-12-01,13,3,13,3,16
21004,COLQUIRI,estado nutricional en menores de 5 anos,clasificacion a y b,2003-12-01,10,0,10,0,10
20304,COMANCHE,estado nutricional en menores de 5 anos,clasificacion a y b,2003-12-01,0,1,0,1,1
71301,COMARAPA,estado nutricional en menores de 5 anos,clasificacion a y b,2003-12-01,59,15,59,15,74
20605,COMBAYA,estado nutricional en menores de 5 anos,clasificacion a y b,2003-12-01,1,1,1,1,2
71101,CONCEPCION,estado nutricional en menores de 5 anos,clasificacion a y b,2003-12-01,15,13,15,13,28
21701,COPACABANA,estado nutricional en menores de 5 anos,clasificacion a y b,2003-12-01,14,0,14,0,14
21402,CORIPATA,estado nutricional en menores de 5 anos,clasificacion a y b,2003-12-01,15,1,15,1,16
20301,CORO CORO,estado nutricional en menores de 5 anos,clasificacion a y b,2003-12-01,1,0,1,0,1
21401,COROICO,estado nutricional en menores de 5 anos,clasificacion a y b,2003-12-01,46,11,46,11,57
40301,CORQUE,estado nutricional en menores de 5 anos,clasificacion a y b,2003-12-01,5,1,5,1,6
50601,COTAGAITA,estado nutricional en menores de 5 anos,clasificacion a y b,2003-12-01,21,9,21,9,30
31405,CUCHUMUELA (V. G. VILLARROEL),estado nutricional en menores de 5 anos,clasificacion a y b,2003-12-01,2,1,2,1,3
70704,CUEVO,estado nutricional en menores de 5 anos,clasificacion a y b,2003-12-01,4,3,4,3,7
10902,CULPINA,estado nutricional en menores de 5 anos,clasificacion a y b,2003-12-01,38,23,38,23,61
40401,CURAHUARA DE CARANGAS,estado nutricional en menores de 5 anos,clasificacion a y b,2003-12-01,4,0,4,0,4
20105,EL ALTO,estado nutricional en menores de 5 anos,clasificacion a y b,2003-12-01,660,173,660,173,833
40103,EL CHORO,estado nutricional en menores de 5 anos,clasificacion a y b,2003-12-01,3,2,3,2,5
71503,EL PUENTE(STC),estado nutricional en menores de 5 anos,clasificacion a y b,2003-12-01,7,2,7,2,9
60502,EL PUENTE(TJA),estado nutricional en menores de 5 anos,clasificacion a y b,2003-12-01,15,0,15,0,15
70105,EL TORNO,estado nutricional en menores de 5 anos,clasificacion a y b,2003-12-01,134,23,134,23,157
10405,EL VILLAR,estado nutricional en menores de 5 anos,clasificacion a y b,2003-12-01,15,4,15,4,19
60601,ENTRE RIOS,estado nutricional en menores de 5 anos,clasificacion a y b,2003-12-01,52,15,52,15,67
40502,ESCARA,estado nutricional en menores de 5 anos,clasificacion a y b,2003-12-01,1,0,1,0,1
41101,EUCALIPTUS,estado nutricional en menores de 5 anos,clasificacion a y b,2003-12-01,1,0,1,0,1
80402,EXALTACION,estado nutricional en menores de 5 anos,clasificacion a y b,2003-12-01,3,4,3,4,7
71002,GENERAL SAAVEDRA,estado nutricional en menores de 5 anos,clasificacion a y b,2003-12-01,77,58,77,58,135
21601,GRAL. J.J. PEREZ (CHARAZANI),estado nutricional en menores de 5 anos,clasificacion a y b,2003-12-01,19,5,19,5,24
20602,GUANAY,estado nutricional en menores de 5 anos,clasificacion a y b,2003-12-01,72,23,72,23,95
20802,GUAQUI,estado nutricional en menores de 5 anos,clasificacion a y b,2003-12-01,4,1,4,1,5
80202,GUAYARAMERIN,estado nutricional en menores de 5 anos,clasificacion a y b,2003-12-01,125,19,125,19,144
70705,GUTIERREZ,estado nutricional en menores de 5 anos,clasificacion a y b,2003-12-01,53,16,53,16,69
10502,HUACARETA,estado nutricional en menores de 5 anos,clasificacion a y b,2003-12-01,29,18,29,18,47
11002,HUACAYA (VILLA DE HUACAYA),estado nutricional en menores de 5 anos,clasificacion a y b,2003-12-01,8,1,8,1,9
40501,HUACHACALLA,estado nutricional en menores de 5 anos,clasificacion a y b,2003-12-01,1,2,1,2,3
40701,HUANUNI,estado nutricional en menores de 5 anos,clasificacion a y b,2003-12-01,39,1,39,1,40
80803,HUARACAJE,estado nutricional en menores de 5 anos,clasificacion a y b,2003-12-01,11,3,11,3,14
21005,ICHOCA,estado nutricional en menores de 5 anos,clasificacion a y b,2003-12-01,2,3,2,3,5
10304,ICLA,estado nutricional en menores de 5 anos,clasificacion a y b,2003-12-01,14,5,14,5,19
10703,INCAHUASI,estado nutricional en menores de 5 anos,clasificacion a y b,2003-12-01,9,0,9,0,9
21001,INQUISIVI,estado nutricional en menores de 5 anos,clasificacion a y b,2003-12-01,16,3,16,3,19
21102,IRUPANA (VILLA DE LANZA),estado nutricional en menores de 5 anos,clasificacion a y b,2003-12-01,32,33,32,33,65
21501,IXIAMAS,estado nutricional en menores de 5 anos,clasificacion a y b,2003-12-01,26,13,26,13,39
21105,LA ASUNTA,estado nutricional en menores de 5 anos,clasificacion a y b,2003-12-01,46,6,46,6,52
70104,LA GUARDIA,estado nutricional en menores de 5 anos,clasificacion a y b,2003-12-01,114,18,114,18,132
20101,LA PAZ,estado nutricional en menores de 5 anos,clasificacion a y b,2003-12-01,615,154,615,154,769
70701,LAGUNILLAS,estado nutricional en menores de 5 anos,clasificacion a y b,2003-12-01,11,5,11,5,16
21202,LAJA,estado nutricional en menores de 5 anos,clasificacion a y b,2003-12-01,19,8,19,8,27
10903,LAS CARRERAS,estado nutricional en menores de 5 anos,clasificacion a y b,2003-12-01,8,9,8,9,17
21006,LICOMA PAMPA,estado nutricional en menores de 5 anos,clasificacion a y b,2003-12-01,2,0,2,0,2
50203,LLALLAGUA,estado nutricional en menores de 5 anos,clasificacion a y b,2003-12-01,48,41,48,41,89
51401,LLICA,estado nutricional en menores de 5 anos,clasificacion a y b,2003-12-01,3,2,3,2,5
80601,LORETO,estado nutricional en menores de 5 anos,clasificacion a y b,2003-12-01,1,4,1,4,5
20901,LURIBAY,estado nutricional en menores de 5 anos,clasificacion a y b,2003-12-01,16,2,16,2,18
40702,MACHACAMARCA,estado nutricional en menores de 5 anos,clasificacion a y b,2003-12-01,3,5,3,5,8
11003,MACHARETI,estado nutricional en menores de 5 anos,clasificacion a y b,2003-12-01,26,13,26,13,39
80801,MAGDALENA,estado nutricional en menores de 5 anos,clasificacion a y b,2003-12-01,23,4,23,4,27
70903,MAIRANA,estado nutricional en menores de 5 anos,clasificacion a y b,2003-12-01,48,8,48,8,56
20904,MALLA,estado nutricional en menores de 5 anos,clasificacion a y b,2003-12-01,1,1,1,1,2
20103,MECAPACA,estado nutricional en menores de 5 anos,clasificacion a y b,2003-12-01,18,11,18,11,29
71003,MINEROS,estado nutricional en menores de 5 anos,clasificacion a y b,2003-12-01,156,28,156,28,184
31301,MIZQUE,estado nutricional en menores de 5 anos,clasificacion a y b,2003-12-01,6,0,6,0,6
20402,MOCOMOCO,estado nutricional en menores de 5 anos,clasificacion a y b,2003-12-01,13,0,13,0,13
51002,MOJINETE,estado nutricional en menores de 5 anos,clasificacion a y b,2003-12-01,1,2,1,2,3
10303,MOJOCOYA,estado nutricional en menores de 5 anos,clasificacion a y b,2003-12-01,28,11,28,11,39
10501,MONTEAGUDO,estado nutricional en menores de 5 anos,clasificacion a y b,2003-12-01,77,20,77,20,97
71001,MONTERO,estado nutricional en menores de 5 anos,clasificacion a y b,2003-12-01,253,66,253,66,319
70803,MORO MORO,estado nutricional en menores de 5 anos,clasificacion a y b,2003-12-01,2,0,2,0,2
30302,MOROCHATA,estado nutricional en menores de 5 anos,clasificacion a y b,2003-12-01,10,1,10,1,11
50404,OCURI,estado nutricional en menores de 5 anos,clasificacion a y b,2003-12-01,4,4,4,4,8
30203,OMEREQUE,estado nutricional en menores de 5 anos,clasificacion a y b,2003-12-01,5,2,5,2,7
40101,ORURO,estado nutricional en menores de 5 anos,clasificacion a y b,2003-12-01,306,56,306,56,362
60201,PADCAYA,estado nutricional en menores de 5 anos,clasificacion a y b,2003-12-01,35,24,35,24,59
10401,PADILLA,estado nutricional en menores de 5 anos,clasificacion a y b,2003-12-01,35,2,35,2,37
20102,PALCA,estado nutricional en menores de 5 anos,clasificacion a y b,2003-12-01,16,7,16,7,23
21104,PALOS BLANCOS,estado nutricional en menores de 5 anos,clasificacion a y b,2003-12-01,23,3,23,3,26
40802,PAMPA AULLAGAS,estado nutricional en menores de 5 anos,clasificacion a y b,2003-12-01,2,0,2,0,2
70902,PAMPA GRANDE,estado nutricional en menores de 5 anos,clasificacion a y b,2003-12-01,19,1,19,1,20
21802,PAPEL PAMPA,estado nutricional en menores de 5 anos,clasificacion a y b,2003-12-01,6,1,6,1,7
30202,PASORAPA,estado nutricional en menores de 5 anos,clasificacion a y b,2003-12-01,5,2,5,2,7
21305,PATACAMAYA,estado nutricional en menores de 5 anos,clasificacion a y b,2003-12-01,30,7,30,7,37
40602,PAZÃ‘A,estado nutricional en menores de 5 anos,clasificacion a y b,2003-12-01,8,0,8,0,8
20702,PELECHUCO,estado nutricional en menores de 5 anos,clasificacion a y b,2003-12-01,2,0,2,0,2
50403,POCOATA,estado nutricional en menores de 5 anos,clasificacion a y b,2003-12-01,19,7,19,7,26
31203,POCONA,estado nutricional en menores de 5 anos,clasificacion a y b,2003-12-01,6,2,6,2,8
31202,POJO (CBBA),estado nutricional en menores de 5 anos,clasificacion a y b,2003-12-01,96,40,96,40,136
40601,POOPO,estado nutricional en menores de 5 anos,clasificacion a y b,2003-12-01,0,1,0,1,1
51203,PORCO,estado nutricional en menores de 5 anos,clasificacion a y b,2003-12-01,6,4,6,4,10
10103,POROMA,estado nutricional en menores de 5 anos,clasificacion a y b,2003-12-01,26,8,26,8,34
70103,PORONGO,estado nutricional en menores de 5 anos,clasificacion a y b,2003-12-01,9,0,9,0,9
70601,PORTACHUELO,estado nutricional en menores de 5 anos,clasificacion a y b,2003-12-01,94,43,94,43,137
90102,PORVENIR,estado nutricional en menores de 5 anos,clasificacion a y b,2003-12-01,8,3,8,3,11
50101,POTOSI,estado nutricional en menores de 5 anos,clasificacion a y b,2003-12-01,135,7,135,7,142
10302,PRESTO,estado nutricional en menores de 5 anos,clasificacion a y b,2003-12-01,18,3,18,3,21
70805,PUCARA,estado nutricional en menores de 5 anos,clasificacion a y b,2003-12-01,4,3,4,3,7
21201,PUCARANI,estado nutricional en menores de 5 anos,clasificacion a y b,2003-12-01,31,1,31,1,32
20401,PUERTO ACOSTA,estado nutricional en menores de 5 anos,clasificacion a y b,2003-12-01,11,5,11,5,16
20403,PUERTO CARABUCO,estado nutricional en menores de 5 anos,clasificacion a y b,2003-12-01,18,0,18,0,18
90301,PUERTO GONZALO MORENO,estado nutricional en menores de 5 anos,clasificacion a y b,2003-12-01,2,1,2,1,3
21204,PUERTO PEREZ,estado nutricional en menores de 5 anos,clasificacion a y b,2003-12-01,13,0,13,0,13
90201,PUERTO RICO,estado nutricional en menores de 5 anos,clasificacion a y b,2003-12-01,0,2,0,2,2
80703,PUERTO SILES,estado nutricional en menores de 5 anos,clasificacion a y b,2003-12-01,6,3,6,3,9
31205,PUERTO VILLARROEL,estado nutricional en menores de 5 anos,clasificacion a y b,2003-12-01,138,91,138,91,229
51101,PUNA,estado nutricional en menores de 5 anos,clasificacion a y b,2003-12-01,33,12,33,12,45
31401,PUNATA,estado nutricional en menores de 5 anos,clasificacion a y b,2003-12-01,28,7,28,7,35
20604,QUIABAYA,estado nutricional en menores de 5 anos,clasificacion a y b,2003-12-01,4,0,4,0,4
30901,QUILLACOLLO,estado nutricional en menores de 5 anos,clasificacion a y b,2003-12-01,118,53,118,53,171
21002,QUIME,estado nutricional en menores de 5 anos,clasificacion a y b,2003-12-01,5,2,5,2,7
70904,QUIRUSILLAS,estado nutricional en menores de 5 anos,clasificacion a y b,2003-12-01,6,0,6,0,6
50402,RAVELO,estado nutricional en menores de 5 anos,clasificacion a y b,2003-12-01,10,8,10,8,18
80301,REYES,estado nutricional en menores de 5 anos,clasificacion a y b,2003-12-01,57,36,57,36,93
80201,RIBERALTA,estado nutricional en menores de 5 anos,clasificacion a y b,2003-12-01,109,22,109,22,131
80304,RURRENABAQUE,estado nutricional en menores de 5 anos,clasificacion a y b,2003-12-01,3,1,3,1,4
31001,SACABA,estado nutricional en menores de 5 anos,clasificacion a y b,2003-12-01,64,7,64,7,71
50701,SACACA,estado nutricional en menores de 5 anos,clasificacion a y b,2003-12-01,7,2,7,2,9
71302,SAIPINA,estado nutricional en menores de 5 anos,clasificacion a y b,2003-12-01,50,29,50,29,79
40801,SALINAS DE GARCI MENDOZA,estado nutricional en menores de 5 anos,clasificacion a y b,2003-12-01,8,3,8,3,11
70901,SAMAIPATA,estado nutricional en menores de 5 anos,clasificacion a y b,2003-12-01,30,13,30,13,43
51601,SAN AGUSTIN,estado nutricional en menores de 5 anos,clasificacion a y b,2003-12-01,4,0,4,0,4
80602,SAN ANDRES,estado nutricional en menores de 5 anos,clasificacion a y b,2003-12-01,6,2,6,2,8
31403,SAN BENITO,estado nutricional en menores de 5 anos,clasificacion a y b,2003-12-01,5,0,5,0,5
80302,SAN BORJA,estado nutricional en menores de 5 anos,clasificacion a y b,2003-12-01,94,12,94,12,106
21502,SAN BUENA VENTURA,estado nutricional en menores de 5 anos,clasificacion a y b,2003-12-01,19,1,19,1,20
70402,SAN CARLOS,estado nutricional en menores de 5 anos,clasificacion a y b,2003-12-01,87,52,87,52,139
80501,SAN IGNACIO,estado nutricional en menores de 5 anos,clasificacion a y b,2003-12-01,28,8,28,8,36
70301,SAN IGNACIO DE VELASCO,estado nutricional en menores de 5 anos,clasificacion a y b,2003-12-01,144,12,144,12,156
80102,SAN JAVIER(BNI),estado nutricional en menores de 5 anos,clasificacion a y b,2003-12-01,2,0,2,0,2
71102,SAN JAVIER(STC),estado nutricional en menores de 5 anos,clasificacion a y b,2003-12-01,48,3,48,3,51
80701,SAN JOAQUIN,estado nutricional en menores de 5 anos,clasificacion a y b,2003-12-01,12,6,12,6,18
71104,SAN JULIAN,estado nutricional en menores de 5 anos,clasificacion a y b,2003-12-01,101,33,101,33,134
90302,SAN LORENZO(PND),estado nutricional en menores de 5 anos,clasificacion a y b,2003-12-01,1,0,1,0,1
60501,SAN LORENZO(TJA),estado nutricional en menores de 5 anos,clasificacion a y b,2003-12-01,24,7,24,7,31
10702,SAN LUCAS,estado nutricional en menores de 5 anos,clasificacion a y b,2003-12-01,40,24,40,24,64
71201,SAN MATIAS,estado nutricional en menores de 5 anos,clasificacion a y b,2003-12-01,51,30,51,30,81
70302,SAN MIGUEL DE VELASCO,estado nutricional en menores de 5 anos,clasificacion a y b,2003-12-01,26,5,26,5,31
51001,SAN PABLO DE LIPEZ,estado nutricional en menores de 5 anos,clasificacion a y b,2003-12-01,3,0,3,0,3
50501,SAN PEDRO DE BUENA VISTA,estado nutricional en menores de 5 anos,clasificacion a y b,2003-12-01,11,4,11,4,15
21801,SAN PEDRO DE CURAHUARA,estado nutricional en menores de 5 anos,clasificacion a y b,2003-12-01,6,0,6,0,6
50902,SAN PEDRO DE QUEMES,estado nutricional en menores de 5 anos,clasificacion a y b,2003-12-01,1,0,1,0,1
21702,SAN PEDRO DE TIQUINA,estado nutricional en menores de 5 anos,clasificacion a y b,2003-12-01,1,2,1,2,3
70303,SAN RAFAEL,estado nutricional en menores de 5 anos,clasificacion a y b,2003-12-01,13,2,13,2,15
80702,SAN RAMON,estado nutricional en menores de 5 anos,clasificacion a y b,2003-12-01,10,20,10,20,30
80702,SAN RAMON,estado nutricional en menores de 5 anos,clasificacion a y b,2003-12-01,4,1,4,1,5
80401,SANTA ANA,estado nutricional en menores de 5 anos,clasificacion a y b,2003-12-01,72,16,72,16,88
70101,SANTA CRUZ DE LA SIERRA,estado nutricional en menores de 5 anos,clasificacion a y b,2003-12-01,1423,384,1423,384,1807
80303,SANTA ROSA,estado nutricional en menores de 5 anos,clasificacion a y b,2003-12-01,38,9,38,9,47
70602,SANTA ROSA DEL SARA,estado nutricional en menores de 5 anos,clasificacion a y b,2003-12-01,22,17,22,17,39
20308,SANTIAGO DE CALLAPA,estado nutricional en menores de 5 anos,clasificacion a y b,2003-12-01,6,0,6,0,6
41401,SANTIAGO DE HUARI,estado nutricional en menores de 5 anos,clasificacion a y b,2003-12-01,10,1,10,1,11
21901,SANTIAGO DE MACHACA,estado nutricional en menores de 5 anos,clasificacion a y b,2003-12-01,5,2,5,2,7
30702,SANTIVAÃ‘ES,estado nutricional en menores de 5 anos,clasificacion a y b,2003-12-01,3,0,3,0,3
40202,SANTUARIO DE QUILLACAS,estado nutricional en menores de 5 anos,clasificacion a y b,2003-12-01,2,0,2,0,2
20902,SAPAHAQUI,estado nutricional en menores de 5 anos,clasificacion a y b,2003-12-01,3,2,3,2,5
90303,SENA,estado nutricional en menores de 5 anos,clasificacion a y b,2003-12-01,13,4,13,4,17
21301,SICA SICA (VILLA AROMA),estado nutricional en menores de 5 anos,clasificacion a y b,2003-12-01,19,3,19,3,22
30703,SICAYA,estado nutricional en menores de 5 anos,clasificacion a y b,2003-12-01,2,2,2,2,4
30902,SIPE SIPE,estado nutricional en menores de 5 anos,clasificacion a y b,2003-12-01,53,9,53,9,62
10403,SOPACHUY,estado nutricional en menores de 5 anos,clasificacion a y b,2003-12-01,1,2,1,2,3
20601,SORATA,estado nutricional en menores de 5 anos,clasificacion a y b,2003-12-01,12,8,12,8,20
10101,SUCRE,estado nutricional en menores de 5 anos,clasificacion a y b,2003-12-01,268,62,268,62,330
20603,TACACOMA,estado nutricional en menores de 5 anos,clasificacion a y b,2003-12-01,10,6,10,6,16
50303,TACOBAMBA,estado nutricional en menores de 5 anos,clasificacion a y b,2003-12-01,24,11,24,11,35
30602,TACOPAYA,estado nutricional en menores de 5 anos,clasificacion a y b,2003-12-01,3,2,3,2,5
51402,TAHUA,estado nutricional en menores de 5 anos,clasificacion a y b,2003-12-01,1,0,1,0,1
31101,TAPACARI,estado nutricional en menores de 5 anos,clasificacion a y b,2003-12-01,13,1,13,1,14
10601,TARABUCO,estado nutricional en menores de 5 anos,clasificacion a y b,2003-12-01,33,9,33,9,42
30401,TARATA,estado nutricional en menores de 5 anos,clasificacion a y b,2003-12-01,21,3,21,3,24
60101,TARIJA,estado nutricional en menores de 5 anos,clasificacion a y b,2003-12-01,732,107,732,107,839
10202,TARVITA,estado nutricional en menores de 5 anos,clasificacion a y b,2003-12-01,6,6,6,6,12
20803,TIAWANACU,estado nutricional en menores de 5 anos,clasificacion a y b,2003-12-01,6,2,6,2,8
50102,TINGUIPAYA,estado nutricional en menores de 5 anos,clasificacion a y b,2003-12-01,10,6,10,6,16
20606,TIPUANI,estado nutricional en menores de 5 anos,clasificacion a y b,2003-12-01,46,7,46,7,53
30903,TIQUIPAYA,estado nutricional en menores de 5 anos,clasificacion a y b,2003-12-01,9,3,9,3,12
31601,TIRAQUE (CBBA),estado nutricional en menores de 5 anos,clasificacion a y b,2003-12-01,132,18,132,18,150
21703,TITO YUPANQUI (PARQUIPUJIO),estado nutricional en menores de 5 anos,clasificacion a y b,2003-12-01,2,2,2,2,4
30802,TOCO,estado nutricional en menores de 5 anos,clasificacion a y b,2003-12-01,2,3,2,3,5
30803,TOLATA,estado nutricional en menores de 5 anos,clasificacion a y b,2003-12-01,16,2,16,2,18
51202,TOMAVE,estado nutricional en menores de 5 anos,clasificacion a y b,2003-12-01,8,3,8,3,11
10402,TOMINA,estado nutricional en menores de 5 anos,clasificacion a y b,2003-12-01,26,3,26,3,29
50502,TORO TORO,estado nutricional en menores de 5 anos,clasificacion a y b,2003-12-01,17,7,17,7,24
31201,TOTORA(CBBA),estado nutricional en menores de 5 anos,clasificacion a y b,2003-12-01,19,2,19,2,21
41301,TOTORA(ORR),estado nutricional en menores de 5 anos,clasificacion a y b,2003-12-01,2,0,2,0,2
70802,TRIGAL,estado nutricional en menores de 5 anos,clasificacion a y b,2003-12-01,4,0,4,0,4
80101,TRINIDAD,estado nutricional en menores de 5 anos,clasificacion a y b,2003-12-01,246,58,246,58,304
50801,TUPIZA,estado nutricional en menores de 5 anos,clasificacion a y b,2003-12-01,56,25,56,25,81
40402,TURCO,estado nutricional en menores de 5 anos,clasificacion a y b,2003-12-01,2,2,2,2,4
21302,UMALA,estado nutricional en menores de 5 anos,clasificacion a y b,2003-12-01,14,21,14,21,35
50201,UNCIA,estado nutricional en menores de 5 anos,clasificacion a y b,2003-12-01,1,0,1,0,1
60401,URIONDO (A. CONCEPCION),estado nutricional en menores de 5 anos,clasificacion a y b,2003-12-01,52,24,52,24,76
71502,URUBICHA,estado nutricional en menores de 5 anos,clasificacion a y b,2003-12-01,18,7,18,7,25
51201,UYUNI,estado nutricional en menores de 5 anos,clasificacion a y b,2003-12-01,26,4,26,4,30
30502,VACAS,estado nutricional en menores de 5 anos,clasificacion a y b,2003-12-01,1,0,1,0,1
70801,VALLEGRANDE,estado nutricional en menores de 5 anos,clasificacion a y b,2003-12-01,43,5,43,5,48
20801,VIACHA,estado nutricional en menores de 5 anos,clasificacion a y b,2003-12-01,66,11,66,11,77
60303,VILLA MONTES,estado nutricional en menores de 5 anos,clasificacion a y b,2003-12-01,71,9,71,9,80
31402,VILLA RIVERO,estado nutricional en menores de 5 anos,clasificacion a y b,2003-12-01,17,1,17,1,18
10801,VILLA SERRANO,estado nutricional en menores de 5 anos,clasificacion a y b,2003-12-01,24,2,24,2,26
31003,VILLA TUNARI,estado nutricional en menores de 5 anos,clasificacion a y b,2003-12-01,53,22,53,22,75
11001,VILLA VACA GUZMAN (MUYUPAMPA),estado nutricional en menores de 5 anos,clasificacion a y b,2003-12-01,38,14,38,14,52
51501,VILLAZON,estado nutricional en menores de 5 anos,clasificacion a y b,2003-12-01,90,14,90,14,104
30904,VINTO,estado nutricional en menores de 5 anos,clasificacion a y b,2003-12-01,22,3,22,3,25
50602,VITICHI,estado nutricional en menores de 5 anos,clasificacion a y b,2003-12-01,10,1,10,1,11
20306,WALDO BALLIVIAN,estado nutricional en menores de 5 anos,clasificacion a y b,2003-12-01,2,0,2,0,2
20903,YACO,estado nutricional en menores de 5 anos,clasificacion a y b,2003-12-01,12,6,12,6,18
60301,YACUIBA,estado nutricional en menores de 5 anos,clasificacion a y b,2003-12-01,184,29,184,29,213
10602,YAMPARAEZ,estado nutricional en menores de 5 anos,clasificacion a y b,2003-12-01,31,6,31,6,37
21103,YANACACHI,estado nutricional en menores de 5 anos,clasificacion a y b,2003-12-01,5,1,5,1,6
70403,YAPACANI,estado nutricional en menores de 5 anos,clasificacion a y b,2003-12-01,154,14,154,14,168
10102,YOTALA,estado nutricional en menores de 5 anos,clasificacion a y b,2003-12-01,9,4,9,4,13
60402,YUNCHARA,estado nutricional en menores de 5 anos,clasificacion a y b,2003-12-01,6,4,6,4,10
10301,ZUDAÃ‘EZ,estado nutricional en menores de 5 anos,clasificacion a y b,2003-12-01,17,9,17,9,26
