codigo_municipio,municipio,grupo,variable,mes,total-H,total-M,TOTAL-H1,TOTAL-M1,TOTAL
51302,ACACIO,estado nutricional en menores de 5 anos,clasificacion c,2003-01-01,100,131,100,131,231
20201,ACHACACHI,estado nutricional en menores de 5 anos,clasificacion c,2003-01-01,575,635,575,635,1210
20104,ACHOCALLA,estado nutricional en menores de 5 anos,clasificacion c,2003-01-01,62,27,62,27,89
30201,AIQUILE,estado nutricional en menores de 5 anos,clasificacion c,2003-01-01,89,65,89,65,154
31303,ALALAY,estado nutricional en menores de 5 anos,clasificacion c,2003-01-01,33,4,33,4,37
10404,ALCALA,estado nutricional en menores de 5 anos,clasificacion c,2003-01-01,68,79,68,79,147
20202,ANCORAIMES,estado nutricional en menores de 5 anos,clasificacion c,2003-01-01,258,349,258,349,607
41201,ANDAMARCA,estado nutricional en menores de 5 anos,clasificacion c,2003-01-01,22,10,22,10,32
40603,ANTEQUERA,estado nutricional en menores de 5 anos,clasificacion c,2003-01-01,12,10,12,10,22
30402,ANZALDO,estado nutricional en menores de 5 anos,clasificacion c,2003-01-01,36,46,36,46,82
20701,APOLO,estado nutricional en menores de 5 anos,clasificacion c,2003-01-01,99,66,99,66,165
51301,ARAMPAMPA,estado nutricional en menores de 5 anos,clasificacion c,2003-01-01,71,96,71,96,167
30501,ARANI,estado nutricional en menores de 5 anos,clasificacion c,2003-01-01,23,34,23,34,57
30403,ARBIETO,estado nutricional en menores de 5 anos,clasificacion c,2003-01-01,30,36,30,36,66
30601,ARQUE,estado nutricional en menores de 5 anos,clasificacion c,2003-01-01,49,40,49,40,89
50802,ATOCHA,estado nutricional en menores de 5 anos,clasificacion c,2003-01-01,57,320,57,320,377
20503,AUCAPATA,estado nutricional en menores de 5 anos,clasificacion c,2003-01-01,7,5,7,5,12
20502,AYATA,estado nutricional en menores de 5 anos,clasificacion c,2003-01-01,51,13,51,13,64
21303,AYO AYO,estado nutricional en menores de 5 anos,clasificacion c,2003-01-01,98,10,98,10,108
30301,AYOPAYA (V. DE INDEPENDENCIA),estado nutricional en menores de 5 anos,clasificacion c,2003-01-01,108,111,108,111,219
10201,AZURDUY,estado nutricional en menores de 5 anos,clasificacion c,2003-01-01,201,183,201,183,384
21203,BATALLAS,estado nutricional en menores de 5 anos,clasificacion c,2003-01-01,121,109,121,109,230
80802,BAURES,estado nutricional en menores de 5 anos,clasificacion c,2003-01-01,58,63,58,63,121
41202,BELEN DE ANDAMARCA,estado nutricional en menores de 5 anos,clasificacion c,2003-01-01,6,2,6,2,8
50104,BELEN DE URMIRI,estado nutricional en menores de 5 anos,clasificacion c,2003-01-01,8,24,8,24,32
90104,BELLA FLOR,estado nutricional en menores de 5 anos,clasificacion c,2003-01-01,39,78,39,78,117
60202,BERMEJO,estado nutricional en menores de 5 anos,clasificacion c,2003-01-01,44,67,44,67,111
50301,BETANZOS,estado nutricional en menores de 5 anos,clasificacion c,2003-01-01,511,315,511,315,826
31501,BOLIVAR,estado nutricional en menores de 5 anos,clasificacion c,2003-01-01,66,45,66,45,111
90103,BOLPEBRA,estado nutricional en menores de 5 anos,clasificacion c,2003-01-01,8,10,8,10,18
70707,BOYUIBE,estado nutricional en menores de 5 anos,clasificacion c,2003-01-01,8,77,8,77,85
70401,BUENA VISTA,estado nutricional en menores de 5 anos,clasificacion c,2003-01-01,182,134,182,134,316
70703,CABEZAS,estado nutricional en menores de 5 anos,clasificacion c,2003-01-01,95,140,95,140,235
20905,CAIROMA,estado nutricional en menores de 5 anos,clasificacion c,2003-01-01,44,15,44,15,59
51102,"CAIZA ""D""",estado nutricional en menores de 5 anos,clasificacion c,2003-01-01,194,147,194,147,341
21003,CAJUATA,estado nutricional en menores de 5 anos,clasificacion c,2003-01-01,101,39,101,39,140
20303,CALACOTO,estado nutricional en menores de 5 anos,clasificacion c,2003-01-01,18,8,18,8,26
21304,CALAMARCA,estado nutricional en menores de 5 anos,clasificacion c,2003-01-01,144,68,144,68,212
10701,CAMARGO,estado nutricional en menores de 5 anos,clasificacion c,2003-01-01,215,166,215,166,381
10901,CAMATAQUI (C. VILLA ABECIA),estado nutricional en menores de 5 anos,clasificacion c,2003-01-01,49,29,49,29,78
70706,CAMIRI,estado nutricional en menores de 5 anos,clasificacion c,2003-01-01,335,204,335,204,539
30701,CAPINOTA,estado nutricional en menores de 5 anos,clasificacion c,2003-01-01,56,32,56,32,88
20302,CAQUIAVIRI,estado nutricional en menores de 5 anos,clasificacion c,2003-01-01,101,61,101,61,162
40102,CARACOLLO,estado nutricional en menores de 5 anos,clasificacion c,2003-01-01,112,184,112,184,296
22001,CARANAVI,estado nutricional en menores de 5 anos,clasificacion c,2003-01-01,460,208,460,208,668
41503,CARANGAS,estado nutricional en menores de 5 anos,clasificacion c,2003-01-01,6,4,6,4,10
60302,CARAPARI,estado nutricional en menores de 5 anos,clasificacion c,2003-01-01,150,135,150,135,285
50702,CARIPUYO,estado nutricional en menores de 5 anos,clasificacion c,2003-01-01,97,108,97,108,205
21902,CATACORA,estado nutricional en menores de 5 anos,clasificacion c,2003-01-01,13,10,13,10,23
40201,CHALLAPATA,estado nutricional en menores de 5 anos,clasificacion c,2003-01-01,116,167,116,167,283
50302,CHAQUI,estado nutricional en menores de 5 anos,clasificacion c,2003-01-01,149,87,149,87,236
70702,CHARAGUA,estado nutricional en menores de 5 anos,clasificacion c,2003-01-01,235,371,235,371,606
20305,CHARAÃ‘A,estado nutricional en menores de 5 anos,clasificacion c,2003-01-01,41,36,41,36,77
50202,CHAYANTA,estado nutricional en menores de 5 anos,clasificacion c,2003-01-01,104,48,104,48,152
31204,CHIMORE,estado nutricional en menores de 5 anos,clasificacion c,2003-01-01,85,91,85,91,176
40903,CHIPAYA,estado nutricional en menores de 5 anos,clasificacion c,2003-01-01,9,7,9,7,16
40302,CHOQUE COTA,estado nutricional en menores de 5 anos,clasificacion c,2003-01-01,21,23,21,23,44
21101,CHULUMANI (V. DE LA LIBERTAD),estado nutricional en menores de 5 anos,clasificacion c,2003-01-01,46,49,46,49,95
20501,CHUMA,estado nutricional en menores de 5 anos,clasificacion c,2003-01-01,28,12,28,12,40
30801,CLIZA,estado nutricional en menores de 5 anos,clasificacion c,2003-01-01,86,31,86,31,117
90101,COBIJA,estado nutricional en menores de 5 anos,clasificacion c,2003-01-01,355,183,355,183,538
30101,COCHABAMBA,estado nutricional en menores de 5 anos,clasificacion c,2003-01-01,2212,1116,2212,1116,3328
30905,COLCAPIRHUA,estado nutricional en menores de 5 anos,clasificacion c,2003-01-01,256,107,256,107,363
50901,"COLCHA ""K""",estado nutricional en menores de 5 anos,clasificacion c,2003-01-01,117,147,117,147,264
21307,COLLANA,estado nutricional en menores de 5 anos,clasificacion c,2003-01-01,11,12,11,12,23
31002,COLOMI,estado nutricional en menores de 5 anos,clasificacion c,2003-01-01,280,113,280,113,393
50401,COLQUECHACA,estado nutricional en menores de 5 anos,clasificacion c,2003-01-01,163,107,163,107,270
21306,COLQUENCHA,estado nutricional en menores de 5 anos,clasificacion c,2003-01-01,53,21,53,21,74
21004,COLQUIRI,estado nutricional en menores de 5 anos,clasificacion c,2003-01-01,145,95,145,95,240
20304,COMANCHE,estado nutricional en menores de 5 anos,clasificacion c,2003-01-01,12,10,12,10,22
71301,COMARAPA,estado nutricional en menores de 5 anos,clasificacion c,2003-01-01,188,94,188,94,282
20605,COMBAYA,estado nutricional en menores de 5 anos,clasificacion c,2003-01-01,26,23,26,23,49
71101,CONCEPCION,estado nutricional en menores de 5 anos,clasificacion c,2003-01-01,28,10,28,10,38
21701,COPACABANA,estado nutricional en menores de 5 anos,clasificacion c,2003-01-01,69,75,69,75,144
21402,CORIPATA,estado nutricional en menores de 5 anos,clasificacion c,2003-01-01,21,27,21,27,48
20301,CORO CORO,estado nutricional en menores de 5 anos,clasificacion c,2003-01-01,87,75,87,75,162
21401,COROICO,estado nutricional en menores de 5 anos,clasificacion c,2003-01-01,81,83,81,83,164
40301,CORQUE,estado nutricional en menores de 5 anos,clasificacion c,2003-01-01,28,13,28,13,41
50601,COTAGAITA,estado nutricional en menores de 5 anos,clasificacion c,2003-01-01,225,342,225,342,567
70102,COTOCA,estado nutricional en menores de 5 anos,clasificacion c,2003-01-01,371,99,371,99,470
31405,CUCHUMUELA (V. G. VILLARROEL),estado nutricional en menores de 5 anos,clasificacion c,2003-01-01,20,6,20,6,26
70704,CUEVO,estado nutricional en menores de 5 anos,clasificacion c,2003-01-01,48,27,48,27,75
10902,CULPINA,estado nutricional en menores de 5 anos,clasificacion c,2003-01-01,296,313,296,313,609
40401,CURAHUARA DE CARANGAS,estado nutricional en menores de 5 anos,clasificacion c,2003-01-01,33,45,33,45,78
21602,CURVA,estado nutricional en menores de 5 anos,clasificacion c,2003-01-01,23,16,23,16,39
20804,DESAGUADERO,estado nutricional en menores de 5 anos,clasificacion c,2003-01-01,50,37,50,37,87
20105,EL ALTO,estado nutricional en menores de 5 anos,clasificacion c,2003-01-01,6179,2253,6179,2253,8432
40103,EL CHORO,estado nutricional en menores de 5 anos,clasificacion c,2003-01-01,24,6,24,6,30
71503,EL PUENTE(STC),estado nutricional en menores de 5 anos,clasificacion c,2003-01-01,28,206,28,206,234
60502,EL PUENTE(TJA),estado nutricional en menores de 5 anos,clasificacion c,2003-01-01,73,114,73,114,187
70105,EL TORNO,estado nutricional en menores de 5 anos,clasificacion c,2003-01-01,312,190,312,190,502
10405,EL VILLAR,estado nutricional en menores de 5 anos,clasificacion c,2003-01-01,89,138,89,138,227
60601,ENTRE RIOS,estado nutricional en menores de 5 anos,clasificacion c,2003-01-01,214,225,214,225,439
40502,ESCARA,estado nutricional en menores de 5 anos,clasificacion c,2003-01-01,4,8,4,8,12
41101,EUCALIPTUS,estado nutricional en menores de 5 anos,clasificacion c,2003-01-01,35,42,35,42,77
90503,EUREKA (SANTOS MERCADO),estado nutricional en menores de 5 anos,clasificacion c,2003-01-01,0,5,0,5,5
80402,EXALTACION,estado nutricional en menores de 5 anos,clasificacion c,2003-01-01,18,19,18,19,37
90203,FILADELFIA,estado nutricional en menores de 5 anos,clasificacion c,2003-01-01,12,35,12,35,47
71002,GENERAL SAAVEDRA,estado nutricional en menores de 5 anos,clasificacion c,2003-01-01,316,370,316,370,686
21601,GRAL. J.J. PEREZ (CHARAZANI),estado nutricional en menores de 5 anos,clasificacion c,2003-01-01,6,1,6,1,7
20602,GUANAY,estado nutricional en menores de 5 anos,clasificacion c,2003-01-01,338,238,338,238,576
20802,GUAQUI,estado nutricional en menores de 5 anos,clasificacion c,2003-01-01,37,7,37,7,44
80202,GUAYARAMERIN,estado nutricional en menores de 5 anos,clasificacion c,2003-01-01,506,287,506,287,793
70705,GUTIERREZ,estado nutricional en menores de 5 anos,clasificacion c,2003-01-01,233,245,233,245,478
10502,HUACARETA,estado nutricional en menores de 5 anos,clasificacion c,2003-01-01,131,213,131,213,344
11002,HUACAYA (VILLA DE HUACAYA),estado nutricional en menores de 5 anos,clasificacion c,2003-01-01,34,59,34,59,93
40501,HUACHACALLA,estado nutricional en menores de 5 anos,clasificacion c,2003-01-01,3,10,3,10,13
40701,HUANUNI,estado nutricional en menores de 5 anos,clasificacion c,2003-01-01,295,102,295,102,397
80803,HUARACAJE,estado nutricional en menores de 5 anos,clasificacion c,2003-01-01,44,15,44,15,59
41601,HUAYLLAMARCA,estado nutricional en menores de 5 anos,clasificacion c,2003-01-01,66,58,66,58,124
21005,ICHOCA,estado nutricional en menores de 5 anos,clasificacion c,2003-01-01,44,74,44,74,118
10304,ICLA,estado nutricional en menores de 5 anos,clasificacion c,2003-01-01,76,123,76,123,199
10703,INCAHUASI,estado nutricional en menores de 5 anos,clasificacion c,2003-01-01,337,188,337,188,525
21001,INQUISIVI,estado nutricional en menores de 5 anos,clasificacion c,2003-01-01,146,173,146,173,319
21102,IRUPANA (VILLA DE LANZA),estado nutricional en menores de 5 anos,clasificacion c,2003-01-01,205,245,205,245,450
21501,IXIAMAS,estado nutricional en menores de 5 anos,clasificacion c,2003-01-01,88,111,88,111,199
21105,LA ASUNTA,estado nutricional en menores de 5 anos,clasificacion c,2003-01-01,139,69,139,69,208
70104,LA GUARDIA,estado nutricional en menores de 5 anos,clasificacion c,2003-01-01,618,345,618,345,963
20101,LA PAZ,estado nutricional en menores de 5 anos,clasificacion c,2003-01-01,4772,2472,4772,2472,7244
41501,LA RIVERA,estado nutricional en menores de 5 anos,clasificacion c,2003-01-01,9,0,9,0,9
70701,LAGUNILLAS,estado nutricional en menores de 5 anos,clasificacion c,2003-01-01,128,150,128,150,278
21202,LAJA,estado nutricional en menores de 5 anos,clasificacion c,2003-01-01,72,40,72,40,112
10903,LAS CARRERAS,estado nutricional en menores de 5 anos,clasificacion c,2003-01-01,69,94,69,94,163
21006,LICOMA PAMPA,estado nutricional en menores de 5 anos,clasificacion c,2003-01-01,26,14,26,14,40
50203,LLALLAGUA,estado nutricional en menores de 5 anos,clasificacion c,2003-01-01,108,1032,108,1032,1140
51401,LLICA,estado nutricional en menores de 5 anos,clasificacion c,2003-01-01,47,38,47,38,85
80601,LORETO,estado nutricional en menores de 5 anos,clasificacion c,2003-01-01,52,62,52,62,114
20901,LURIBAY,estado nutricional en menores de 5 anos,clasificacion c,2003-01-01,100,60,100,60,160
40702,MACHACAMARCA,estado nutricional en menores de 5 anos,clasificacion c,2003-01-01,49,12,49,12,61
11003,MACHARETI,estado nutricional en menores de 5 anos,clasificacion c,2003-01-01,168,252,168,252,420
80801,MAGDALENA,estado nutricional en menores de 5 anos,clasificacion c,2003-01-01,141,86,141,86,227
70903,MAIRANA,estado nutricional en menores de 5 anos,clasificacion c,2003-01-01,143,57,143,57,200
20904,MALLA,estado nutricional en menores de 5 anos,clasificacion c,2003-01-01,5,9,5,9,14
20103,MECAPACA,estado nutricional en menores de 5 anos,clasificacion c,2003-01-01,103,100,103,100,203
71003,MINEROS,estado nutricional en menores de 5 anos,clasificacion c,2003-01-01,722,602,722,602,1324
31301,MIZQUE,estado nutricional en menores de 5 anos,clasificacion c,2003-01-01,65,21,65,21,86
20402,MOCOMOCO,estado nutricional en menores de 5 anos,clasificacion c,2003-01-01,143,40,143,40,183
51002,MOJINETE,estado nutricional en menores de 5 anos,clasificacion c,2003-01-01,8,30,8,30,38
10303,MOJOCOYA,estado nutricional en menores de 5 anos,clasificacion c,2003-01-01,153,247,153,247,400
10501,MONTEAGUDO,estado nutricional en menores de 5 anos,clasificacion c,2003-01-01,441,450,441,450,891
71001,MONTERO,estado nutricional en menores de 5 anos,clasificacion c,2003-01-01,1742,932,1742,932,2674
70803,MORO MORO,estado nutricional en menores de 5 anos,clasificacion c,2003-01-01,27,21,27,21,48
30302,MOROCHATA,estado nutricional en menores de 5 anos,clasificacion c,2003-01-01,212,209,212,209,421
90401,NACEBE (SANTA ROSA DEL ABUNA),estado nutricional en menores de 5 anos,clasificacion c,2003-01-01,0,13,0,13,13
20307,NAZACARA DE PACAJES,estado nutricional en menores de 5 anos,clasificacion c,2003-01-01,13,2,13,2,15
90501,NUEVO MANOA (NUEVA ESPERANZA),estado nutricional en menores de 5 anos,clasificacion c,2003-01-01,0,7,0,7,7
50404,OCURI,estado nutricional en menores de 5 anos,clasificacion c,2003-01-01,80,242,80,242,322
70202,OKINAWA,estado nutricional en menores de 5 anos,clasificacion c,2003-01-01,74,117,74,117,191
30203,OMEREQUE,estado nutricional en menores de 5 anos,clasificacion c,2003-01-01,9,62,9,62,71
40101,ORURO,estado nutricional en menores de 5 anos,clasificacion c,2003-01-01,2180,1320,2180,1320,3500
60201,PADCAYA,estado nutricional en menores de 5 anos,clasificacion c,2003-01-01,103,119,103,119,222
10401,PADILLA,estado nutricional en menores de 5 anos,clasificacion c,2003-01-01,259,358,259,358,617
70502,PAILON,estado nutricional en menores de 5 anos,clasificacion c,2003-01-01,189,102,189,102,291
20102,PALCA,estado nutricional en menores de 5 anos,clasificacion c,2003-01-01,125,37,125,37,162
21104,PALOS BLANCOS,estado nutricional en menores de 5 anos,clasificacion c,2003-01-01,186,134,186,134,320
40802,PAMPA AULLAGAS,estado nutricional en menores de 5 anos,clasificacion c,2003-01-01,27,29,27,29,56
70902,PAMPA GRANDE,estado nutricional en menores de 5 anos,clasificacion c,2003-01-01,77,36,77,36,113
21802,PAPEL PAMPA,estado nutricional en menores de 5 anos,clasificacion c,2003-01-01,39,12,39,12,51
30202,PASORAPA,estado nutricional en menores de 5 anos,clasificacion c,2003-01-01,26,26,26,26,52
21305,PATACAMAYA,estado nutricional en menores de 5 anos,clasificacion c,2003-01-01,162,137,162,137,299
40602,PAZÃ‘A,estado nutricional en menores de 5 anos,clasificacion c,2003-01-01,17,18,17,18,35
20702,PELECHUCO,estado nutricional en menores de 5 anos,clasificacion c,2003-01-01,24,14,24,14,38
50403,POCOATA,estado nutricional en menores de 5 anos,clasificacion c,2003-01-01,268,223,268,223,491
31203,POCONA,estado nutricional en menores de 5 anos,clasificacion c,2003-01-01,73,39,73,39,112
31202,POJO (CBBA),estado nutricional en menores de 5 anos,clasificacion c,2003-01-01,314,194,314,194,508
40601,POOPO,estado nutricional en menores de 5 anos,clasificacion c,2003-01-01,14,58,14,58,72
51203,PORCO,estado nutricional en menores de 5 anos,clasificacion c,2003-01-01,61,12,61,12,73
10103,POROMA,estado nutricional en menores de 5 anos,clasificacion c,2003-01-01,185,166,185,166,351
70103,PORONGO,estado nutricional en menores de 5 anos,clasificacion c,2003-01-01,65,104,65,104,169
70601,PORTACHUELO,estado nutricional en menores de 5 anos,clasificacion c,2003-01-01,392,259,392,259,651
90102,PORVENIR,estado nutricional en menores de 5 anos,clasificacion c,2003-01-01,84,69,84,69,153
70804,POSTRER VALLE,estado nutricional en menores de 5 anos,clasificacion c,2003-01-01,3,11,3,11,14
50101,POTOSI,estado nutricional en menores de 5 anos,clasificacion c,2003-01-01,1721,577,1721,577,2298
10302,PRESTO,estado nutricional en menores de 5 anos,clasificacion c,2003-01-01,154,101,154,101,255
70805,PUCARA,estado nutricional en menores de 5 anos,clasificacion c,2003-01-01,6,0,6,0,6
21201,PUCARANI,estado nutricional en menores de 5 anos,clasificacion c,2003-01-01,119,94,119,94,213
20401,PUERTO ACOSTA,estado nutricional en menores de 5 anos,clasificacion c,2003-01-01,155,264,155,264,419
20403,PUERTO CARABUCO,estado nutricional en menores de 5 anos,clasificacion c,2003-01-01,109,159,109,159,268
90301,PUERTO GONZALO MORENO,estado nutricional en menores de 5 anos,clasificacion c,2003-01-01,7,10,7,10,17
21204,PUERTO PEREZ,estado nutricional en menores de 5 anos,clasificacion c,2003-01-01,58,35,58,35,93
71402,PUERTO QUIJARRO,estado nutricional en menores de 5 anos,clasificacion c,2003-01-01,204,69,204,69,273
90201,PUERTO RICO,estado nutricional en menores de 5 anos,clasificacion c,2003-01-01,6,45,6,45,51
80703,PUERTO SILES,estado nutricional en menores de 5 anos,clasificacion c,2003-01-01,1,10,1,10,11
71401,PUERTO SUAREZ,estado nutricional en menores de 5 anos,clasificacion c,2003-01-01,149,43,149,43,192
31205,PUERTO VILLARROEL,estado nutricional en menores de 5 anos,clasificacion c,2003-01-01,418,273,418,273,691
51101,PUNA,estado nutricional en menores de 5 anos,clasificacion c,2003-01-01,398,366,398,366,764
31401,PUNATA,estado nutricional en menores de 5 anos,clasificacion c,2003-01-01,319,17,319,17,336
20604,QUIABAYA,estado nutricional en menores de 5 anos,clasificacion c,2003-01-01,33,69,33,69,102
30901,QUILLACOLLO,estado nutricional en menores de 5 anos,clasificacion c,2003-01-01,106,90,106,90,196
21002,QUIME,estado nutricional en menores de 5 anos,clasificacion c,2003-01-01,178,105,178,105,283
70904,QUIRUSILLAS,estado nutricional en menores de 5 anos,clasificacion c,2003-01-01,19,17,19,17,36
50402,RAVELO,estado nutricional en menores de 5 anos,clasificacion c,2003-01-01,235,144,235,144,379
80301,REYES,estado nutricional en menores de 5 anos,clasificacion c,2003-01-01,164,92,164,92,256
80201,RIBERALTA,estado nutricional en menores de 5 anos,clasificacion c,2003-01-01,891,352,891,352,1243
70503,ROBORE,estado nutricional en menores de 5 anos,clasificacion c,2003-01-01,132,118,132,118,250
80304,RURRENABAQUE,estado nutricional en menores de 5 anos,clasificacion c,2003-01-01,166,64,166,64,230
40901,SABAYA,estado nutricional en menores de 5 anos,clasificacion c,2003-01-01,8,26,8,26,34
31001,SACABA,estado nutricional en menores de 5 anos,clasificacion c,2003-01-01,321,216,321,216,537
30404,SACABAMBA,estado nutricional en menores de 5 anos,clasificacion c,2003-01-01,0,5,0,5,5
50701,SACACA,estado nutricional en menores de 5 anos,clasificacion c,2003-01-01,106,146,106,146,252
71302,SAIPINA,estado nutricional en menores de 5 anos,clasificacion c,2003-01-01,57,48,57,48,105
40801,SALINAS DE GARCI MENDOZA,estado nutricional en menores de 5 anos,clasificacion c,2003-01-01,56,70,56,70,126
70901,SAMAIPATA,estado nutricional en menores de 5 anos,clasificacion c,2003-01-01,133,96,133,96,229
51601,SAN AGUSTIN,estado nutricional en menores de 5 anos,clasificacion c,2003-01-01,20,18,20,18,38
80602,SAN ANDRES,estado nutricional en menores de 5 anos,clasificacion c,2003-01-01,41,48,41,48,89
51003,SAN ANTONIO DE ESMORUCO,estado nutricional en menores de 5 anos,clasificacion c,2003-01-01,8,15,8,15,23
71105,SAN ANTONIO DE LOMERIO,estado nutricional en menores de 5 anos,clasificacion c,2003-01-01,122,151,122,151,273
31403,SAN BENITO,estado nutricional en menores de 5 anos,clasificacion c,2003-01-01,67,77,67,77,144
80302,SAN BORJA,estado nutricional en menores de 5 anos,clasificacion c,2003-01-01,456,259,456,259,715
21502,SAN BUENA VENTURA,estado nutricional en menores de 5 anos,clasificacion c,2003-01-01,138,109,138,109,247
70402,SAN CARLOS,estado nutricional en menores de 5 anos,clasificacion c,2003-01-01,251,138,251,138,389
80501,SAN IGNACIO,estado nutricional en menores de 5 anos,clasificacion c,2003-01-01,166,135,166,135,301
70301,SAN IGNACIO DE VELASCO,estado nutricional en menores de 5 anos,clasificacion c,2003-01-01,561,289,561,289,850
80102,SAN JAVIER(BNI),estado nutricional en menores de 5 anos,clasificacion c,2003-01-01,9,14,9,14,23
71102,SAN JAVIER(STC),estado nutricional en menores de 5 anos,clasificacion c,2003-01-01,115,55,115,55,170
80701,SAN JOAQUIN,estado nutricional en menores de 5 anos,clasificacion c,2003-01-01,16,81,16,81,97
70501,SAN JOSE DE CHIQUITOS,estado nutricional en menores de 5 anos,clasificacion c,2003-01-01,176,72,176,72,248
71104,SAN JULIAN,estado nutricional en menores de 5 anos,clasificacion c,2003-01-01,381,309,381,309,690
90302,SAN LORENZO(PND),estado nutricional en menores de 5 anos,clasificacion c,2003-01-01,17,28,17,28,45
60501,SAN LORENZO(TJA),estado nutricional en menores de 5 anos,clasificacion c,2003-01-01,68,78,68,78,146
10702,SAN LUCAS,estado nutricional en menores de 5 anos,clasificacion c,2003-01-01,681,515,681,515,1196
71201,SAN MATIAS,estado nutricional en menores de 5 anos,clasificacion c,2003-01-01,174,108,174,108,282
70302,SAN MIGUEL DE VELASCO,estado nutricional en menores de 5 anos,clasificacion c,2003-01-01,140,126,140,126,266
51001,SAN PABLO DE LIPEZ,estado nutricional en menores de 5 anos,clasificacion c,2003-01-01,17,34,17,34,51
50501,SAN PEDRO DE BUENA VISTA,estado nutricional en menores de 5 anos,clasificacion c,2003-01-01,132,238,132,238,370
21801,SAN PEDRO DE CURAHUARA,estado nutricional en menores de 5 anos,clasificacion c,2003-01-01,59,58,59,58,117
50902,SAN PEDRO DE QUEMES,estado nutricional en menores de 5 anos,clasificacion c,2003-01-01,12,8,12,8,20
21702,SAN PEDRO DE TIQUINA,estado nutricional en menores de 5 anos,clasificacion c,2003-01-01,36,65,36,65,101
90202,SAN PEDRO(PND),estado nutricional en menores de 5 anos,clasificacion c,2003-01-01,12,7,12,7,19
70303,SAN RAFAEL,estado nutricional en menores de 5 anos,clasificacion c,2003-01-01,97,81,97,81,178
80702,SAN RAMON,estado nutricional en menores de 5 anos,clasificacion c,2003-01-01,40,3,40,3,43
80702,SAN RAMON,estado nutricional en menores de 5 anos,clasificacion c,2003-01-01,37,45,37,45,82
80401,SANTA ANA,estado nutricional en menores de 5 anos,clasificacion c,2003-01-01,13,8,13,8,21
70101,SANTA CRUZ DE LA SIERRA,estado nutricional en menores de 5 anos,clasificacion c,2003-01-01,5182,3049,5182,3049,8231
80303,SANTA ROSA,estado nutricional en menores de 5 anos,clasificacion c,2003-01-01,66,57,66,57,123
70602,SANTA ROSA DEL SARA,estado nutricional en menores de 5 anos,clasificacion c,2003-01-01,63,79,63,79,142
20308,SANTIAGO DE CALLAPA,estado nutricional en menores de 5 anos,clasificacion c,2003-01-01,49,38,49,38,87
41401,SANTIAGO DE HUARI,estado nutricional en menores de 5 anos,clasificacion c,2003-01-01,56,61,56,61,117
21901,SANTIAGO DE MACHACA,estado nutricional en menores de 5 anos,clasificacion c,2003-01-01,12,9,12,9,21
30702,SANTIVAÃ‘ES,estado nutricional en menores de 5 anos,clasificacion c,2003-01-01,55,22,55,22,77
40202,SANTUARIO DE QUILLACAS,estado nutricional en menores de 5 anos,clasificacion c,2003-01-01,14,15,14,15,29
20902,SAPAHAQUI,estado nutricional en menores de 5 anos,clasificacion c,2003-01-01,28,11,28,11,39
90303,SENA,estado nutricional en menores de 5 anos,clasificacion c,2003-01-01,2,38,2,38,40
21301,SICA SICA (VILLA AROMA),estado nutricional en menores de 5 anos,clasificacion c,2003-01-01,165,185,165,185,350
30703,SICAYA,estado nutricional en menores de 5 anos,clasificacion c,2003-01-01,14,1,14,1,15
30902,SIPE SIPE,estado nutricional en menores de 5 anos,clasificacion c,2003-01-01,295,153,295,153,448
10403,SOPACHUY,estado nutricional en menores de 5 anos,clasificacion c,2003-01-01,83,72,83,72,155
20601,SORATA,estado nutricional en menores de 5 anos,clasificacion c,2003-01-01,136,157,136,157,293
10101,SUCRE,estado nutricional en menores de 5 anos,clasificacion c,2003-01-01,1740,987,1740,987,2727
31404,TACACHI,estado nutricional en menores de 5 anos,clasificacion c,2003-01-01,16,0,16,0,16
20603,TACACOMA,estado nutricional en menores de 5 anos,clasificacion c,2003-01-01,45,54,45,54,99
50303,TACOBAMBA,estado nutricional en menores de 5 anos,clasificacion c,2003-01-01,61,43,61,43,104
30602,TACOPAYA,estado nutricional en menores de 5 anos,clasificacion c,2003-01-01,108,149,108,149,257
51402,TAHUA,estado nutricional en menores de 5 anos,clasificacion c,2003-01-01,6,4,6,4,10
31101,TAPACARI,estado nutricional en menores de 5 anos,clasificacion c,2003-01-01,98,88,98,88,186
10601,TARABUCO,estado nutricional en menores de 5 anos,clasificacion c,2003-01-01,431,558,431,558,989
30401,TARATA,estado nutricional en menores de 5 anos,clasificacion c,2003-01-01,74,34,74,34,108
60101,TARIJA,estado nutricional en menores de 5 anos,clasificacion c,2003-01-01,1044,632,1044,632,1676
10202,TARVITA,estado nutricional en menores de 5 anos,clasificacion c,2003-01-01,273,249,273,249,522
20803,TIAWANACU,estado nutricional en menores de 5 anos,clasificacion c,2003-01-01,132,86,132,86,218
50102,TINGUIPAYA,estado nutricional en menores de 5 anos,clasificacion c,2003-01-01,78,68,78,68,146
20606,TIPUANI,estado nutricional en menores de 5 anos,clasificacion c,2003-01-01,112,69,112,69,181
30903,TIQUIPAYA,estado nutricional en menores de 5 anos,clasificacion c,2003-01-01,299,84,299,84,383
31601,TIRAQUE (CBBA),estado nutricional en menores de 5 anos,clasificacion c,2003-01-01,182,216,182,216,398
21703,TITO YUPANQUI (PARQUIPUJIO),estado nutricional en menores de 5 anos,clasificacion c,2003-01-01,19,10,19,10,29
30802,TOCO,estado nutricional en menores de 5 anos,clasificacion c,2003-01-01,13,22,13,22,35
41502,TODOS SANTOS,estado nutricional en menores de 5 anos,clasificacion c,2003-01-01,0,5,0,5,5
30803,TOLATA,estado nutricional en menores de 5 anos,clasificacion c,2003-01-01,42,27,42,27,69
41001,TOLEDO,estado nutricional en menores de 5 anos,clasificacion c,2003-01-01,44,43,44,43,87
51202,TOMAVE,estado nutricional en menores de 5 anos,clasificacion c,2003-01-01,140,74,140,74,214
10402,TOMINA,estado nutricional en menores de 5 anos,clasificacion c,2003-01-01,142,195,142,195,337
50502,TORO TORO,estado nutricional en menores de 5 anos,clasificacion c,2003-01-01,93,90,93,90,183
31201,TOTORA(CBBA),estado nutricional en menores de 5 anos,clasificacion c,2003-01-01,108,73,108,73,181
41301,TOTORA(ORR),estado nutricional en menores de 5 anos,clasificacion c,2003-01-01,26,27,26,27,53
70802,TRIGAL,estado nutricional en menores de 5 anos,clasificacion c,2003-01-01,19,14,19,14,33
80101,TRINIDAD,estado nutricional en menores de 5 anos,clasificacion c,2003-01-01,660,953,660,953,1613
50801,TUPIZA,estado nutricional en menores de 5 anos,clasificacion c,2003-01-01,328,598,328,598,926
40402,TURCO,estado nutricional en menores de 5 anos,clasificacion c,2003-01-01,62,72,62,72,134
21302,UMALA,estado nutricional en menores de 5 anos,clasificacion c,2003-01-01,54,32,54,32,86
50201,UNCIA,estado nutricional en menores de 5 anos,clasificacion c,2003-01-01,48,32,48,32,80
60401,URIONDO (A. CONCEPCION),estado nutricional en menores de 5 anos,clasificacion c,2003-01-01,157,70,157,70,227
71502,URUBICHA,estado nutricional en menores de 5 anos,clasificacion c,2003-01-01,7,26,7,26,33
51201,UYUNI,estado nutricional en menores de 5 anos,clasificacion c,2003-01-01,203,105,203,105,308
30502,VACAS,estado nutricional en menores de 5 anos,clasificacion c,2003-01-01,43,36,43,36,79
70801,VALLEGRANDE,estado nutricional en menores de 5 anos,clasificacion c,2003-01-01,216,186,216,186,402
20801,VIACHA,estado nutricional en menores de 5 anos,clasificacion c,2003-01-01,269,257,269,257,526
31302,VILA VILA,estado nutricional en menores de 5 anos,clasificacion c,2003-01-01,40,22,40,22,62
60303,VILLA MONTES,estado nutricional en menores de 5 anos,clasificacion c,2003-01-01,225,211,225,211,436
90502,VILLA NUEVA (LOMA ALTA),estado nutricional en menores de 5 anos,clasificacion c,2003-01-01,7,1,7,1,8
31402,VILLA RIVERO,estado nutricional en menores de 5 anos,clasificacion c,2003-01-01,75,27,75,27,102
10801,VILLA SERRANO,estado nutricional en menores de 5 anos,clasificacion c,2003-01-01,231,303,231,303,534
31003,VILLA TUNARI,estado nutricional en menores de 5 anos,clasificacion c,2003-01-01,453,283,453,283,736
11001,VILLA VACA GUZMAN (MUYUPAMPA),estado nutricional en menores de 5 anos,clasificacion c,2003-01-01,171,221,171,221,392
51501,VILLAZON,estado nutricional en menores de 5 anos,clasificacion c,2003-01-01,468,370,468,370,838
30904,VINTO,estado nutricional en menores de 5 anos,clasificacion c,2003-01-01,7,8,7,8,15
50602,VITICHI,estado nutricional en menores de 5 anos,clasificacion c,2003-01-01,174,152,174,152,326
20306,WALDO BALLIVIAN,estado nutricional en menores de 5 anos,clasificacion c,2003-01-01,19,3,19,3,22
70201,WARNES,estado nutricional en menores de 5 anos,clasificacion c,2003-01-01,431,234,431,234,665
20903,YACO,estado nutricional en menores de 5 anos,clasificacion c,2003-01-01,36,37,36,37,73
60301,YACUIBA,estado nutricional en menores de 5 anos,clasificacion c,2003-01-01,557,275,557,275,832
10602,YAMPARAEZ,estado nutricional en menores de 5 anos,clasificacion c,2003-01-01,264,338,264,338,602
21103,YANACACHI,estado nutricional en menores de 5 anos,clasificacion c,2003-01-01,66,54,66,54,120
70403,YAPACANI,estado nutricional en menores de 5 anos,clasificacion c,2003-01-01,519,330,519,330,849
50103,YOCALLA,estado nutricional en menores de 5 anos,clasificacion c,2003-01-01,84,93,84,93,177
10102,YOTALA,estado nutricional en menores de 5 anos,clasificacion c,2003-01-01,154,219,154,219,373
60402,YUNCHARA,estado nutricional en menores de 5 anos,clasificacion c,2003-01-01,47,27,47,27,74
10301,ZUDAÃ‘EZ,estado nutricional en menores de 5 anos,clasificacion c,2003-01-01,100,119,100,119,219
51302,ACACIO,estado nutricional en menores de 5 anos,clasificacion c,2003-02-01,91,108,91,108,199
20201,ACHACACHI,estado nutricional en menores de 5 anos,clasificacion c,2003-02-01,543,514,543,514,1057
20104,ACHOCALLA,estado nutricional en menores de 5 anos,clasificacion c,2003-02-01,98,31,98,31,129
30201,AIQUILE,estado nutricional en menores de 5 anos,clasificacion c,2003-02-01,134,87,134,87,221
31303,ALALAY,estado nutricional en menores de 5 anos,clasificacion c,2003-02-01,25,33,25,33,58
10404,ALCALA,estado nutricional en menores de 5 anos,clasificacion c,2003-02-01,70,120,70,120,190
20202,ANCORAIMES,estado nutricional en menores de 5 anos,clasificacion c,2003-02-01,106,194,106,194,300
41201,ANDAMARCA,estado nutricional en menores de 5 anos,clasificacion c,2003-02-01,14,13,14,13,27
40603,ANTEQUERA,estado nutricional en menores de 5 anos,clasificacion c,2003-02-01,22,9,22,9,31
30402,ANZALDO,estado nutricional en menores de 5 anos,clasificacion c,2003-02-01,41,89,41,89,130
20701,APOLO,estado nutricional en menores de 5 anos,clasificacion c,2003-02-01,87,51,87,51,138
51301,ARAMPAMPA,estado nutricional en menores de 5 anos,clasificacion c,2003-02-01,74,109,74,109,183
30501,ARANI,estado nutricional en menores de 5 anos,clasificacion c,2003-02-01,27,32,27,32,59
30403,ARBIETO,estado nutricional en menores de 5 anos,clasificacion c,2003-02-01,41,42,41,42,83
30601,ARQUE,estado nutricional en menores de 5 anos,clasificacion c,2003-02-01,63,40,63,40,103
71501,ASCENCION DE GUARAYOS,estado nutricional en menores de 5 anos,clasificacion c,2003-02-01,315,349,315,349,664
50802,ATOCHA,estado nutricional en menores de 5 anos,clasificacion c,2003-02-01,50,358,50,358,408
20503,AUCAPATA,estado nutricional en menores de 5 anos,clasificacion c,2003-02-01,32,15,32,15,47
20502,AYATA,estado nutricional en menores de 5 anos,clasificacion c,2003-02-01,28,16,28,16,44
21303,AYO AYO,estado nutricional en menores de 5 anos,clasificacion c,2003-02-01,106,7,106,7,113
30301,AYOPAYA (V. DE INDEPENDENCIA),estado nutricional en menores de 5 anos,clasificacion c,2003-02-01,239,250,239,250,489
10201,AZURDUY,estado nutricional en menores de 5 anos,clasificacion c,2003-02-01,257,297,257,297,554
21203,BATALLAS,estado nutricional en menores de 5 anos,clasificacion c,2003-02-01,158,141,158,141,299
80802,BAURES,estado nutricional en menores de 5 anos,clasificacion c,2003-02-01,62,67,62,67,129
41202,BELEN DE ANDAMARCA,estado nutricional en menores de 5 anos,clasificacion c,2003-02-01,7,2,7,2,9
50104,BELEN DE URMIRI,estado nutricional en menores de 5 anos,clasificacion c,2003-02-01,15,28,15,28,43
90104,BELLA FLOR,estado nutricional en menores de 5 anos,clasificacion c,2003-02-01,26,52,26,52,78
60202,BERMEJO,estado nutricional en menores de 5 anos,clasificacion c,2003-02-01,59,131,59,131,190
50301,BETANZOS,estado nutricional en menores de 5 anos,clasificacion c,2003-02-01,251,213,251,213,464
31501,BOLIVAR,estado nutricional en menores de 5 anos,clasificacion c,2003-02-01,73,64,73,64,137
90103,BOLPEBRA,estado nutricional en menores de 5 anos,clasificacion c,2003-02-01,12,8,12,8,20
70707,BOYUIBE,estado nutricional en menores de 5 anos,clasificacion c,2003-02-01,31,79,31,79,110
70401,BUENA VISTA,estado nutricional en menores de 5 anos,clasificacion c,2003-02-01,154,147,154,147,301
70703,CABEZAS,estado nutricional en menores de 5 anos,clasificacion c,2003-02-01,98,85,98,85,183
20905,CAIROMA,estado nutricional en menores de 5 anos,clasificacion c,2003-02-01,100,72,100,72,172
51102,"CAIZA ""D""",estado nutricional en menores de 5 anos,clasificacion c,2003-02-01,119,104,119,104,223
21003,CAJUATA,estado nutricional en menores de 5 anos,clasificacion c,2003-02-01,63,30,63,30,93
20303,CALACOTO,estado nutricional en menores de 5 anos,clasificacion c,2003-02-01,30,17,30,17,47
21304,CALAMARCA,estado nutricional en menores de 5 anos,clasificacion c,2003-02-01,192,85,192,85,277
10701,CAMARGO,estado nutricional en menores de 5 anos,clasificacion c,2003-02-01,198,147,198,147,345
10901,CAMATAQUI (C. VILLA ABECIA),estado nutricional en menores de 5 anos,clasificacion c,2003-02-01,56,23,56,23,79
70706,CAMIRI,estado nutricional en menores de 5 anos,clasificacion c,2003-02-01,284,170,284,170,454
30701,CAPINOTA,estado nutricional en menores de 5 anos,clasificacion c,2003-02-01,53,41,53,41,94
20302,CAQUIAVIRI,estado nutricional en menores de 5 anos,clasificacion c,2003-02-01,71,54,71,54,125
40102,CARACOLLO,estado nutricional en menores de 5 anos,clasificacion c,2003-02-01,158,120,158,120,278
22001,CARANAVI,estado nutricional en menores de 5 anos,clasificacion c,2003-02-01,340,247,340,247,587
41503,CARANGAS,estado nutricional en menores de 5 anos,clasificacion c,2003-02-01,0,2,0,2,2
60302,CARAPARI,estado nutricional en menores de 5 anos,clasificacion c,2003-02-01,102,123,102,123,225
50702,CARIPUYO,estado nutricional en menores de 5 anos,clasificacion c,2003-02-01,115,79,115,79,194
21902,CATACORA,estado nutricional en menores de 5 anos,clasificacion c,2003-02-01,2,2,2,2,4
40201,CHALLAPATA,estado nutricional en menores de 5 anos,clasificacion c,2003-02-01,126,173,126,173,299
50302,CHAQUI,estado nutricional en menores de 5 anos,clasificacion c,2003-02-01,127,80,127,80,207
70702,CHARAGUA,estado nutricional en menores de 5 anos,clasificacion c,2003-02-01,310,368,310,368,678
20305,CHARAÃ‘A,estado nutricional en menores de 5 anos,clasificacion c,2003-02-01,15,10,15,10,25
50202,CHAYANTA,estado nutricional en menores de 5 anos,clasificacion c,2003-02-01,92,56,92,56,148
31204,CHIMORE,estado nutricional en menores de 5 anos,clasificacion c,2003-02-01,47,47,47,47,94
40302,CHOQUE COTA,estado nutricional en menores de 5 anos,clasificacion c,2003-02-01,20,20,20,20,40
21101,CHULUMANI (V. DE LA LIBERTAD),estado nutricional en menores de 5 anos,clasificacion c,2003-02-01,116,68,116,68,184
20501,CHUMA,estado nutricional en menores de 5 anos,clasificacion c,2003-02-01,69,28,69,28,97
30801,CLIZA,estado nutricional en menores de 5 anos,clasificacion c,2003-02-01,68,60,68,60,128
90101,COBIJA,estado nutricional en menores de 5 anos,clasificacion c,2003-02-01,292,183,292,183,475
30101,COCHABAMBA,estado nutricional en menores de 5 anos,clasificacion c,2003-02-01,2092,1108,2092,1108,3200
40902,COIPASA,estado nutricional en menores de 5 anos,clasificacion c,2003-02-01,2,0,2,0,2
30905,COLCAPIRHUA,estado nutricional en menores de 5 anos,clasificacion c,2003-02-01,135,40,135,40,175
50901,"COLCHA ""K""",estado nutricional en menores de 5 anos,clasificacion c,2003-02-01,111,115,111,115,226
21307,COLLANA,estado nutricional en menores de 5 anos,clasificacion c,2003-02-01,21,8,21,8,29
31002,COLOMI,estado nutricional en menores de 5 anos,clasificacion c,2003-02-01,283,127,283,127,410
50401,COLQUECHACA,estado nutricional en menores de 5 anos,clasificacion c,2003-02-01,110,39,110,39,149
21306,COLQUENCHA,estado nutricional en menores de 5 anos,clasificacion c,2003-02-01,41,10,41,10,51
21004,COLQUIRI,estado nutricional en menores de 5 anos,clasificacion c,2003-02-01,107,60,107,60,167
20304,COMANCHE,estado nutricional en menores de 5 anos,clasificacion c,2003-02-01,7,5,7,5,12
71301,COMARAPA,estado nutricional en menores de 5 anos,clasificacion c,2003-02-01,156,88,156,88,244
71101,CONCEPCION,estado nutricional en menores de 5 anos,clasificacion c,2003-02-01,15,19,15,19,34
21701,COPACABANA,estado nutricional en menores de 5 anos,clasificacion c,2003-02-01,130,84,130,84,214
21402,CORIPATA,estado nutricional en menores de 5 anos,clasificacion c,2003-02-01,55,2,55,2,57
20301,CORO CORO,estado nutricional en menores de 5 anos,clasificacion c,2003-02-01,62,34,62,34,96
21401,COROICO,estado nutricional en menores de 5 anos,clasificacion c,2003-02-01,115,85,115,85,200
40301,CORQUE,estado nutricional en menores de 5 anos,clasificacion c,2003-02-01,47,41,47,41,88
50601,COTAGAITA,estado nutricional en menores de 5 anos,clasificacion c,2003-02-01,218,270,218,270,488
70102,COTOCA,estado nutricional en menores de 5 anos,clasificacion c,2003-02-01,294,70,294,70,364
31405,CUCHUMUELA (V. G. VILLARROEL),estado nutricional en menores de 5 anos,clasificacion c,2003-02-01,2,1,2,1,3
70704,CUEVO,estado nutricional en menores de 5 anos,clasificacion c,2003-02-01,75,66,75,66,141
10902,CULPINA,estado nutricional en menores de 5 anos,clasificacion c,2003-02-01,375,344,375,344,719
40401,CURAHUARA DE CARANGAS,estado nutricional en menores de 5 anos,clasificacion c,2003-02-01,37,42,37,42,79
21602,CURVA,estado nutricional en menores de 5 anos,clasificacion c,2003-02-01,29,21,29,21,50
20804,DESAGUADERO,estado nutricional en menores de 5 anos,clasificacion c,2003-02-01,63,40,63,40,103
20105,EL ALTO,estado nutricional en menores de 5 anos,clasificacion c,2003-02-01,5012,1830,5012,1830,6842
40103,EL CHORO,estado nutricional en menores de 5 anos,clasificacion c,2003-02-01,31,7,31,7,38
71503,EL PUENTE(STC),estado nutricional en menores de 5 anos,clasificacion c,2003-02-01,59,196,59,196,255
60502,EL PUENTE(TJA),estado nutricional en menores de 5 anos,clasificacion c,2003-02-01,177,274,177,274,451
70105,EL TORNO,estado nutricional en menores de 5 anos,clasificacion c,2003-02-01,202,114,202,114,316
10405,EL VILLAR,estado nutricional en menores de 5 anos,clasificacion c,2003-02-01,112,136,112,136,248
60601,ENTRE RIOS,estado nutricional en menores de 5 anos,clasificacion c,2003-02-01,172,223,172,223,395
41101,EUCALIPTUS,estado nutricional en menores de 5 anos,clasificacion c,2003-02-01,84,106,84,106,190
90503,EUREKA (SANTOS MERCADO),estado nutricional en menores de 5 anos,clasificacion c,2003-02-01,6,4,6,4,10
80402,EXALTACION,estado nutricional en menores de 5 anos,clasificacion c,2003-02-01,8,32,8,32,40
90203,FILADELFIA,estado nutricional en menores de 5 anos,clasificacion c,2003-02-01,12,37,12,37,49
71002,GENERAL SAAVEDRA,estado nutricional en menores de 5 anos,clasificacion c,2003-02-01,191,245,191,245,436
21601,GRAL. J.J. PEREZ (CHARAZANI),estado nutricional en menores de 5 anos,clasificacion c,2003-02-01,87,30,87,30,117
20602,GUANAY,estado nutricional en menores de 5 anos,clasificacion c,2003-02-01,356,192,356,192,548
20802,GUAQUI,estado nutricional en menores de 5 anos,clasificacion c,2003-02-01,22,17,22,17,39
80202,GUAYARAMERIN,estado nutricional en menores de 5 anos,clasificacion c,2003-02-01,457,237,457,237,694
70705,GUTIERREZ,estado nutricional en menores de 5 anos,clasificacion c,2003-02-01,230,266,230,266,496
10502,HUACARETA,estado nutricional en menores de 5 anos,clasificacion c,2003-02-01,145,212,145,212,357
11002,HUACAYA (VILLA DE HUACAYA),estado nutricional en menores de 5 anos,clasificacion c,2003-02-01,47,68,47,68,115
40501,HUACHACALLA,estado nutricional en menores de 5 anos,clasificacion c,2003-02-01,10,12,10,12,22
40701,HUANUNI,estado nutricional en menores de 5 anos,clasificacion c,2003-02-01,159,83,159,83,242
80803,HUARACAJE,estado nutricional en menores de 5 anos,clasificacion c,2003-02-01,39,24,39,24,63
41601,HUAYLLAMARCA,estado nutricional en menores de 5 anos,clasificacion c,2003-02-01,60,33,60,33,93
21005,ICHOCA,estado nutricional en menores de 5 anos,clasificacion c,2003-02-01,19,41,19,41,60
10304,ICLA,estado nutricional en menores de 5 anos,clasificacion c,2003-02-01,97,144,97,144,241
10703,INCAHUASI,estado nutricional en menores de 5 anos,clasificacion c,2003-02-01,314,179,314,179,493
21001,INQUISIVI,estado nutricional en menores de 5 anos,clasificacion c,2003-02-01,75,94,75,94,169
21102,IRUPANA (VILLA DE LANZA),estado nutricional en menores de 5 anos,clasificacion c,2003-02-01,147,183,147,183,330
21501,IXIAMAS,estado nutricional en menores de 5 anos,clasificacion c,2003-02-01,60,64,60,64,124
21105,LA ASUNTA,estado nutricional en menores de 5 anos,clasificacion c,2003-02-01,126,34,126,34,160
70104,LA GUARDIA,estado nutricional en menores de 5 anos,clasificacion c,2003-02-01,457,230,457,230,687
20101,LA PAZ,estado nutricional en menores de 5 anos,clasificacion c,2003-02-01,3747,1932,3747,1932,5679
41501,LA RIVERA,estado nutricional en menores de 5 anos,clasificacion c,2003-02-01,5,2,5,2,7
70701,LAGUNILLAS,estado nutricional en menores de 5 anos,clasificacion c,2003-02-01,100,116,100,116,216
21202,LAJA,estado nutricional en menores de 5 anos,clasificacion c,2003-02-01,55,33,55,33,88
10903,LAS CARRERAS,estado nutricional en menores de 5 anos,clasificacion c,2003-02-01,67,68,67,68,135
21006,LICOMA PAMPA,estado nutricional en menores de 5 anos,clasificacion c,2003-02-01,26,11,26,11,37
50203,LLALLAGUA,estado nutricional en menores de 5 anos,clasificacion c,2003-02-01,23,775,23,775,798
51401,LLICA,estado nutricional en menores de 5 anos,clasificacion c,2003-02-01,53,49,53,49,102
80601,LORETO,estado nutricional en menores de 5 anos,clasificacion c,2003-02-01,53,54,53,54,107
20901,LURIBAY,estado nutricional en menores de 5 anos,clasificacion c,2003-02-01,82,47,82,47,129
40702,MACHACAMARCA,estado nutricional en menores de 5 anos,clasificacion c,2003-02-01,21,6,21,6,27
11003,MACHARETI,estado nutricional en menores de 5 anos,clasificacion c,2003-02-01,137,237,137,237,374
80801,MAGDALENA,estado nutricional en menores de 5 anos,clasificacion c,2003-02-01,91,117,91,117,208
70903,MAIRANA,estado nutricional en menores de 5 anos,clasificacion c,2003-02-01,104,39,104,39,143
20904,MALLA,estado nutricional en menores de 5 anos,clasificacion c,2003-02-01,6,18,6,18,24
20103,MECAPACA,estado nutricional en menores de 5 anos,clasificacion c,2003-02-01,111,173,111,173,284
71003,MINEROS,estado nutricional en menores de 5 anos,clasificacion c,2003-02-01,554,374,554,374,928
31301,MIZQUE,estado nutricional en menores de 5 anos,clasificacion c,2003-02-01,157,104,157,104,261
20402,MOCOMOCO,estado nutricional en menores de 5 anos,clasificacion c,2003-02-01,157,98,157,98,255
51002,MOJINETE,estado nutricional en menores de 5 anos,clasificacion c,2003-02-01,4,29,4,29,33
10303,MOJOCOYA,estado nutricional en menores de 5 anos,clasificacion c,2003-02-01,143,253,143,253,396
10501,MONTEAGUDO,estado nutricional en menores de 5 anos,clasificacion c,2003-02-01,433,353,433,353,786
71001,MONTERO,estado nutricional en menores de 5 anos,clasificacion c,2003-02-01,1187,571,1187,571,1758
70803,MORO MORO,estado nutricional en menores de 5 anos,clasificacion c,2003-02-01,36,16,36,16,52
30302,MOROCHATA,estado nutricional en menores de 5 anos,clasificacion c,2003-02-01,157,216,157,216,373
90401,NACEBE (SANTA ROSA DEL ABUNA),estado nutricional en menores de 5 anos,clasificacion c,2003-02-01,8,11,8,11,19
20307,NAZACARA DE PACAJES,estado nutricional en menores de 5 anos,clasificacion c,2003-02-01,6,0,6,0,6
90501,NUEVO MANOA (NUEVA ESPERANZA),estado nutricional en menores de 5 anos,clasificacion c,2003-02-01,0,5,0,5,5
50404,OCURI,estado nutricional en menores de 5 anos,clasificacion c,2003-02-01,59,107,59,107,166
70202,OKINAWA,estado nutricional en menores de 5 anos,clasificacion c,2003-02-01,51,82,51,82,133
30203,OMEREQUE,estado nutricional en menores de 5 anos,clasificacion c,2003-02-01,16,90,16,90,106
40101,ORURO,estado nutricional en menores de 5 anos,clasificacion c,2003-02-01,1179,927,1179,927,2106
60201,PADCAYA,estado nutricional en menores de 5 anos,clasificacion c,2003-02-01,133,138,133,138,271
10401,PADILLA,estado nutricional en menores de 5 anos,clasificacion c,2003-02-01,278,353,278,353,631
70502,PAILON,estado nutricional en menores de 5 anos,clasificacion c,2003-02-01,120,54,120,54,174
20102,PALCA,estado nutricional en menores de 5 anos,clasificacion c,2003-02-01,112,54,112,54,166
21104,PALOS BLANCOS,estado nutricional en menores de 5 anos,clasificacion c,2003-02-01,268,162,268,162,430
40802,PAMPA AULLAGAS,estado nutricional en menores de 5 anos,clasificacion c,2003-02-01,27,16,27,16,43
70902,PAMPA GRANDE,estado nutricional en menores de 5 anos,clasificacion c,2003-02-01,54,33,54,33,87
21802,PAPEL PAMPA,estado nutricional en menores de 5 anos,clasificacion c,2003-02-01,36,45,36,45,81
30202,PASORAPA,estado nutricional en menores de 5 anos,clasificacion c,2003-02-01,59,43,59,43,102
21305,PATACAMAYA,estado nutricional en menores de 5 anos,clasificacion c,2003-02-01,307,132,307,132,439
40602,PAZÃ‘A,estado nutricional en menores de 5 anos,clasificacion c,2003-02-01,26,29,26,29,55
20702,PELECHUCO,estado nutricional en menores de 5 anos,clasificacion c,2003-02-01,42,10,42,10,52
50403,POCOATA,estado nutricional en menores de 5 anos,clasificacion c,2003-02-01,247,235,247,235,482
31203,POCONA,estado nutricional en menores de 5 anos,clasificacion c,2003-02-01,73,40,73,40,113
31202,POJO (CBBA),estado nutricional en menores de 5 anos,clasificacion c,2003-02-01,300,167,300,167,467
40601,POOPO,estado nutricional en menores de 5 anos,clasificacion c,2003-02-01,9,48,9,48,57
51203,PORCO,estado nutricional en menores de 5 anos,clasificacion c,2003-02-01,58,20,58,20,78
10103,POROMA,estado nutricional en menores de 5 anos,clasificacion c,2003-02-01,186,174,186,174,360
70103,PORONGO,estado nutricional en menores de 5 anos,clasificacion c,2003-02-01,45,53,45,53,98
70601,PORTACHUELO,estado nutricional en menores de 5 anos,clasificacion c,2003-02-01,261,140,261,140,401
90102,PORVENIR,estado nutricional en menores de 5 anos,clasificacion c,2003-02-01,50,80,50,80,130
70804,POSTRER VALLE,estado nutricional en menores de 5 anos,clasificacion c,2003-02-01,7,25,7,25,32
50101,POTOSI,estado nutricional en menores de 5 anos,clasificacion c,2003-02-01,1315,464,1315,464,1779
10302,PRESTO,estado nutricional en menores de 5 anos,clasificacion c,2003-02-01,144,109,144,109,253
21201,PUCARANI,estado nutricional en menores de 5 anos,clasificacion c,2003-02-01,118,84,118,84,202
20401,PUERTO ACOSTA,estado nutricional en menores de 5 anos,clasificacion c,2003-02-01,189,268,189,268,457
20403,PUERTO CARABUCO,estado nutricional en menores de 5 anos,clasificacion c,2003-02-01,122,181,122,181,303
90301,PUERTO GONZALO MORENO,estado nutricional en menores de 5 anos,clasificacion c,2003-02-01,20,5,20,5,25
21204,PUERTO PEREZ,estado nutricional en menores de 5 anos,clasificacion c,2003-02-01,57,12,57,12,69
71402,PUERTO QUIJARRO,estado nutricional en menores de 5 anos,clasificacion c,2003-02-01,123,44,123,44,167
90201,PUERTO RICO,estado nutricional en menores de 5 anos,clasificacion c,2003-02-01,29,58,29,58,87
80703,PUERTO SILES,estado nutricional en menores de 5 anos,clasificacion c,2003-02-01,4,3,4,3,7
71401,PUERTO SUAREZ,estado nutricional en menores de 5 anos,clasificacion c,2003-02-01,131,27,131,27,158
31205,PUERTO VILLARROEL,estado nutricional en menores de 5 anos,clasificacion c,2003-02-01,392,297,392,297,689
51101,PUNA,estado nutricional en menores de 5 anos,clasificacion c,2003-02-01,141,72,141,72,213
31401,PUNATA,estado nutricional en menores de 5 anos,clasificacion c,2003-02-01,381,64,381,64,445
30901,QUILLACOLLO,estado nutricional en menores de 5 anos,clasificacion c,2003-02-01,146,199,146,199,345
21002,QUIME,estado nutricional en menores de 5 anos,clasificacion c,2003-02-01,144,96,144,96,240
70904,QUIRUSILLAS,estado nutricional en menores de 5 anos,clasificacion c,2003-02-01,16,16,16,16,32
50402,RAVELO,estado nutricional en menores de 5 anos,clasificacion c,2003-02-01,241,193,241,193,434
80301,REYES,estado nutricional en menores de 5 anos,clasificacion c,2003-02-01,142,75,142,75,217
80201,RIBERALTA,estado nutricional en menores de 5 anos,clasificacion c,2003-02-01,888,328,888,328,1216
70503,ROBORE,estado nutricional en menores de 5 anos,clasificacion c,2003-02-01,138,147,138,147,285
80304,RURRENABAQUE,estado nutricional en menores de 5 anos,clasificacion c,2003-02-01,180,42,180,42,222
40901,SABAYA,estado nutricional en menores de 5 anos,clasificacion c,2003-02-01,13,16,13,16,29
31001,SACABA,estado nutricional en menores de 5 anos,clasificacion c,2003-02-01,319,227,319,227,546
30404,SACABAMBA,estado nutricional en menores de 5 anos,clasificacion c,2003-02-01,26,78,26,78,104
50701,SACACA,estado nutricional en menores de 5 anos,clasificacion c,2003-02-01,174,185,174,185,359
71302,SAIPINA,estado nutricional en menores de 5 anos,clasificacion c,2003-02-01,43,53,43,53,96
40801,SALINAS DE GARCI MENDOZA,estado nutricional en menores de 5 anos,clasificacion c,2003-02-01,43,61,43,61,104
70901,SAMAIPATA,estado nutricional en menores de 5 anos,clasificacion c,2003-02-01,125,71,125,71,196
51601,SAN AGUSTIN,estado nutricional en menores de 5 anos,clasificacion c,2003-02-01,23,12,23,12,35
80602,SAN ANDRES,estado nutricional en menores de 5 anos,clasificacion c,2003-02-01,67,84,67,84,151
51003,SAN ANTONIO DE ESMORUCO,estado nutricional en menores de 5 anos,clasificacion c,2003-02-01,13,13,13,13,26
71105,SAN ANTONIO DE LOMERIO,estado nutricional en menores de 5 anos,clasificacion c,2003-02-01,114,137,114,137,251
31403,SAN BENITO,estado nutricional en menores de 5 anos,clasificacion c,2003-02-01,101,48,101,48,149
80302,SAN BORJA,estado nutricional en menores de 5 anos,clasificacion c,2003-02-01,321,192,321,192,513
21502,SAN BUENA VENTURA,estado nutricional en menores de 5 anos,clasificacion c,2003-02-01,153,71,153,71,224
70402,SAN CARLOS,estado nutricional en menores de 5 anos,clasificacion c,2003-02-01,190,165,190,165,355
80501,SAN IGNACIO,estado nutricional en menores de 5 anos,clasificacion c,2003-02-01,160,166,160,166,326
70301,SAN IGNACIO DE VELASCO,estado nutricional en menores de 5 anos,clasificacion c,2003-02-01,576,352,576,352,928
80102,SAN JAVIER(BNI),estado nutricional en menores de 5 anos,clasificacion c,2003-02-01,22,28,22,28,50
71102,SAN JAVIER(STC),estado nutricional en menores de 5 anos,clasificacion c,2003-02-01,71,65,71,65,136
80701,SAN JOAQUIN,estado nutricional en menores de 5 anos,clasificacion c,2003-02-01,43,36,43,36,79
70501,SAN JOSE DE CHIQUITOS,estado nutricional en menores de 5 anos,clasificacion c,2003-02-01,139,45,139,45,184
71104,SAN JULIAN,estado nutricional en menores de 5 anos,clasificacion c,2003-02-01,482,586,482,586,1068
90302,SAN LORENZO(PND),estado nutricional en menores de 5 anos,clasificacion c,2003-02-01,24,49,24,49,73
60501,SAN LORENZO(TJA),estado nutricional en menores de 5 anos,clasificacion c,2003-02-01,57,87,57,87,144
10702,SAN LUCAS,estado nutricional en menores de 5 anos,clasificacion c,2003-02-01,639,507,639,507,1146
71201,SAN MATIAS,estado nutricional en menores de 5 anos,clasificacion c,2003-02-01,22,4,22,4,26
70302,SAN MIGUEL DE VELASCO,estado nutricional en menores de 5 anos,clasificacion c,2003-02-01,243,220,243,220,463
51001,SAN PABLO DE LIPEZ,estado nutricional en menores de 5 anos,clasificacion c,2003-02-01,27,23,27,23,50
50501,SAN PEDRO DE BUENA VISTA,estado nutricional en menores de 5 anos,clasificacion c,2003-02-01,129,285,129,285,414
21801,SAN PEDRO DE CURAHUARA,estado nutricional en menores de 5 anos,clasificacion c,2003-02-01,32,36,32,36,68
50902,SAN PEDRO DE QUEMES,estado nutricional en menores de 5 anos,clasificacion c,2003-02-01,16,14,16,14,30
21702,SAN PEDRO DE TIQUINA,estado nutricional en menores de 5 anos,clasificacion c,2003-02-01,40,50,40,50,90
70303,SAN RAFAEL,estado nutricional en menores de 5 anos,clasificacion c,2003-02-01,96,76,96,76,172
80702,SAN RAMON,estado nutricional en menores de 5 anos,clasificacion c,2003-02-01,41,75,41,75,116
80702,SAN RAMON,estado nutricional en menores de 5 anos,clasificacion c,2003-02-01,120,123,120,123,243
80401,SANTA ANA,estado nutricional en menores de 5 anos,clasificacion c,2003-02-01,9,10,9,10,19
70101,SANTA CRUZ DE LA SIERRA,estado nutricional en menores de 5 anos,clasificacion c,2003-02-01,4562,2448,4562,2448,7010
80303,SANTA ROSA,estado nutricional en menores de 5 anos,clasificacion c,2003-02-01,74,26,74,26,100
70602,SANTA ROSA DEL SARA,estado nutricional en menores de 5 anos,clasificacion c,2003-02-01,41,52,41,52,93
20308,SANTIAGO DE CALLAPA,estado nutricional en menores de 5 anos,clasificacion c,2003-02-01,45,28,45,28,73
41401,SANTIAGO DE HUARI,estado nutricional en menores de 5 anos,clasificacion c,2003-02-01,66,54,66,54,120
21901,SANTIAGO DE MACHACA,estado nutricional en menores de 5 anos,clasificacion c,2003-02-01,25,10,25,10,35
30702,SANTIVAÃ‘ES,estado nutricional en menores de 5 anos,clasificacion c,2003-02-01,94,31,94,31,125
40202,SANTUARIO DE QUILLACAS,estado nutricional en menores de 5 anos,clasificacion c,2003-02-01,38,40,38,40,78
20902,SAPAHAQUI,estado nutricional en menores de 5 anos,clasificacion c,2003-02-01,46,45,46,45,91
90303,SENA,estado nutricional en menores de 5 anos,clasificacion c,2003-02-01,23,11,23,11,34
21301,SICA SICA (VILLA AROMA),estado nutricional en menores de 5 anos,clasificacion c,2003-02-01,124,56,124,56,180
30703,SICAYA,estado nutricional en menores de 5 anos,clasificacion c,2003-02-01,22,0,22,0,22
30902,SIPE SIPE,estado nutricional en menores de 5 anos,clasificacion c,2003-02-01,254,125,254,125,379
10403,SOPACHUY,estado nutricional en menores de 5 anos,clasificacion c,2003-02-01,92,57,92,57,149
20601,SORATA,estado nutricional en menores de 5 anos,clasificacion c,2003-02-01,143,213,143,213,356
10101,SUCRE,estado nutricional en menores de 5 anos,clasificacion c,2003-02-01,1852,1260,1852,1260,3112
31404,TACACHI,estado nutricional en menores de 5 anos,clasificacion c,2003-02-01,19,2,19,2,21
50303,TACOBAMBA,estado nutricional en menores de 5 anos,clasificacion c,2003-02-01,62,35,62,35,97
30602,TACOPAYA,estado nutricional en menores de 5 anos,clasificacion c,2003-02-01,95,67,95,67,162
51402,TAHUA,estado nutricional en menores de 5 anos,clasificacion c,2003-02-01,29,29,29,29,58
31101,TAPACARI,estado nutricional en menores de 5 anos,clasificacion c,2003-02-01,120,128,120,128,248
10601,TARABUCO,estado nutricional en menores de 5 anos,clasificacion c,2003-02-01,372,516,372,516,888
30401,TARATA,estado nutricional en menores de 5 anos,clasificacion c,2003-02-01,75,20,75,20,95
60101,TARIJA,estado nutricional en menores de 5 anos,clasificacion c,2003-02-01,1617,737,1617,737,2354
10202,TARVITA,estado nutricional en menores de 5 anos,clasificacion c,2003-02-01,318,349,318,349,667
20803,TIAWANACU,estado nutricional en menores de 5 anos,clasificacion c,2003-02-01,118,58,118,58,176
50102,TINGUIPAYA,estado nutricional en menores de 5 anos,clasificacion c,2003-02-01,57,55,57,55,112
20606,TIPUANI,estado nutricional en menores de 5 anos,clasificacion c,2003-02-01,31,8,31,8,39
30903,TIQUIPAYA,estado nutricional en menores de 5 anos,clasificacion c,2003-02-01,348,111,348,111,459
31601,TIRAQUE (CBBA),estado nutricional en menores de 5 anos,clasificacion c,2003-02-01,222,196,222,196,418
21703,TITO YUPANQUI (PARQUIPUJIO),estado nutricional en menores de 5 anos,clasificacion c,2003-02-01,14,10,14,10,24
30802,TOCO,estado nutricional en menores de 5 anos,clasificacion c,2003-02-01,10,14,10,14,24
30803,TOLATA,estado nutricional en menores de 5 anos,clasificacion c,2003-02-01,38,39,38,39,77
41001,TOLEDO,estado nutricional en menores de 5 anos,clasificacion c,2003-02-01,44,30,44,30,74
51202,TOMAVE,estado nutricional en menores de 5 anos,clasificacion c,2003-02-01,132,128,132,128,260
10402,TOMINA,estado nutricional en menores de 5 anos,clasificacion c,2003-02-01,178,230,178,230,408
50502,TORO TORO,estado nutricional en menores de 5 anos,clasificacion c,2003-02-01,145,178,145,178,323
31201,TOTORA(CBBA),estado nutricional en menores de 5 anos,clasificacion c,2003-02-01,120,63,120,63,183
41301,TOTORA(ORR),estado nutricional en menores de 5 anos,clasificacion c,2003-02-01,40,64,40,64,104
70802,TRIGAL,estado nutricional en menores de 5 anos,clasificacion c,2003-02-01,16,7,16,7,23
80101,TRINIDAD,estado nutricional en menores de 5 anos,clasificacion c,2003-02-01,644,636,644,636,1280
50801,TUPIZA,estado nutricional en menores de 5 anos,clasificacion c,2003-02-01,286,615,286,615,901
40402,TURCO,estado nutricional en menores de 5 anos,clasificacion c,2003-02-01,53,36,53,36,89
21302,UMALA,estado nutricional en menores de 5 anos,clasificacion c,2003-02-01,48,56,48,56,104
50201,UNCIA,estado nutricional en menores de 5 anos,clasificacion c,2003-02-01,43,28,43,28,71
60401,URIONDO (A. CONCEPCION),estado nutricional en menores de 5 anos,clasificacion c,2003-02-01,122,78,122,78,200
71502,URUBICHA,estado nutricional en menores de 5 anos,clasificacion c,2003-02-01,73,129,73,129,202
51201,UYUNI,estado nutricional en menores de 5 anos,clasificacion c,2003-02-01,267,110,267,110,377
30502,VACAS,estado nutricional en menores de 5 anos,clasificacion c,2003-02-01,50,12,50,12,62
70801,VALLEGRANDE,estado nutricional en menores de 5 anos,clasificacion c,2003-02-01,216,168,216,168,384
20801,VIACHA,estado nutricional en menores de 5 anos,clasificacion c,2003-02-01,279,319,279,319,598
31302,VILA VILA,estado nutricional en menores de 5 anos,clasificacion c,2003-02-01,38,45,38,45,83
60303,VILLA MONTES,estado nutricional en menores de 5 anos,clasificacion c,2003-02-01,303,210,303,210,513
90502,VILLA NUEVA (LOMA ALTA),estado nutricional en menores de 5 anos,clasificacion c,2003-02-01,3,1,3,1,4
31402,VILLA RIVERO,estado nutricional en menores de 5 anos,clasificacion c,2003-02-01,77,10,77,10,87
10801,VILLA SERRANO,estado nutricional en menores de 5 anos,clasificacion c,2003-02-01,278,301,278,301,579
31003,VILLA TUNARI,estado nutricional en menores de 5 anos,clasificacion c,2003-02-01,356,197,356,197,553
11001,VILLA VACA GUZMAN (MUYUPAMPA),estado nutricional en menores de 5 anos,clasificacion c,2003-02-01,183,257,183,257,440
51501,VILLAZON,estado nutricional en menores de 5 anos,clasificacion c,2003-02-01,367,305,367,305,672
50602,VITICHI,estado nutricional en menores de 5 anos,clasificacion c,2003-02-01,196,243,196,243,439
20306,WALDO BALLIVIAN,estado nutricional en menores de 5 anos,clasificacion c,2003-02-01,14,5,14,5,19
70201,WARNES,estado nutricional en menores de 5 anos,clasificacion c,2003-02-01,302,180,302,180,482
20903,YACO,estado nutricional en menores de 5 anos,clasificacion c,2003-02-01,34,22,34,22,56
60301,YACUIBA,estado nutricional en menores de 5 anos,clasificacion c,2003-02-01,525,238,525,238,763
10602,YAMPARAEZ,estado nutricional en menores de 5 anos,clasificacion c,2003-02-01,266,399,266,399,665
21103,YANACACHI,estado nutricional en menores de 5 anos,clasificacion c,2003-02-01,40,32,40,32,72
70403,YAPACANI,estado nutricional en menores de 5 anos,clasificacion c,2003-02-01,411,276,411,276,687
50103,YOCALLA,estado nutricional en menores de 5 anos,clasificacion c,2003-02-01,119,93,119,93,212
10102,YOTALA,estado nutricional en menores de 5 anos,clasificacion c,2003-02-01,168,275,168,275,443
60402,YUNCHARA,estado nutricional en menores de 5 anos,clasificacion c,2003-02-01,47,50,47,50,97
10301,ZUDAÃ‘EZ,estado nutricional en menores de 5 anos,clasificacion c,2003-02-01,111,121,111,121,232
51302,ACACIO,estado nutricional en menores de 5 anos,clasificacion c,2003-03-01,101,103,101,103,204
20201,ACHACACHI,estado nutricional en menores de 5 anos,clasificacion c,2003-03-01,529,403,529,403,932
20104,ACHOCALLA,estado nutricional en menores de 5 anos,clasificacion c,2003-03-01,114,48,114,48,162
30201,AIQUILE,estado nutricional en menores de 5 anos,clasificacion c,2003-03-01,114,77,114,77,191
31303,ALALAY,estado nutricional en menores de 5 anos,clasificacion c,2003-03-01,33,28,33,28,61
10404,ALCALA,estado nutricional en menores de 5 anos,clasificacion c,2003-03-01,59,121,59,121,180
20202,ANCORAIMES,estado nutricional en menores de 5 anos,clasificacion c,2003-03-01,214,205,214,205,419
41201,ANDAMARCA,estado nutricional en menores de 5 anos,clasificacion c,2003-03-01,43,79,43,79,122
40603,ANTEQUERA,estado nutricional en menores de 5 anos,clasificacion c,2003-03-01,11,3,11,3,14
30402,ANZALDO,estado nutricional en menores de 5 anos,clasificacion c,2003-03-01,13,38,13,38,51
20701,APOLO,estado nutricional en menores de 5 anos,clasificacion c,2003-03-01,76,69,76,69,145
51301,ARAMPAMPA,estado nutricional en menores de 5 anos,clasificacion c,2003-03-01,75,121,75,121,196
30501,ARANI,estado nutricional en menores de 5 anos,clasificacion c,2003-03-01,10,67,10,67,77
30403,ARBIETO,estado nutricional en menores de 5 anos,clasificacion c,2003-03-01,18,27,18,27,45
30601,ARQUE,estado nutricional en menores de 5 anos,clasificacion c,2003-03-01,102,91,102,91,193
71501,ASCENCION DE GUARAYOS,estado nutricional en menores de 5 anos,clasificacion c,2003-03-01,8,11,8,11,19
50802,ATOCHA,estado nutricional en menores de 5 anos,clasificacion c,2003-03-01,46,329,46,329,375
20503,AUCAPATA,estado nutricional en menores de 5 anos,clasificacion c,2003-03-01,25,11,25,11,36
20502,AYATA,estado nutricional en menores de 5 anos,clasificacion c,2003-03-01,39,7,39,7,46
21303,AYO AYO,estado nutricional en menores de 5 anos,clasificacion c,2003-03-01,105,6,105,6,111
30301,AYOPAYA (V. DE INDEPENDENCIA),estado nutricional en menores de 5 anos,clasificacion c,2003-03-01,226,291,226,291,517
10201,AZURDUY,estado nutricional en menores de 5 anos,clasificacion c,2003-03-01,212,288,212,288,500
21203,BATALLAS,estado nutricional en menores de 5 anos,clasificacion c,2003-03-01,140,121,140,121,261
80802,BAURES,estado nutricional en menores de 5 anos,clasificacion c,2003-03-01,52,49,52,49,101
41202,BELEN DE ANDAMARCA,estado nutricional en menores de 5 anos,clasificacion c,2003-03-01,2,7,2,7,9
50104,BELEN DE URMIRI,estado nutricional en menores de 5 anos,clasificacion c,2003-03-01,10,37,10,37,47
90104,BELLA FLOR,estado nutricional en menores de 5 anos,clasificacion c,2003-03-01,22,51,22,51,73
60202,BERMEJO,estado nutricional en menores de 5 anos,clasificacion c,2003-03-01,53,121,53,121,174
50301,BETANZOS,estado nutricional en menores de 5 anos,clasificacion c,2003-03-01,460,343,460,343,803
31501,BOLIVAR,estado nutricional en menores de 5 anos,clasificacion c,2003-03-01,85,78,85,78,163
90103,BOLPEBRA,estado nutricional en menores de 5 anos,clasificacion c,2003-03-01,6,11,6,11,17
70707,BOYUIBE,estado nutricional en menores de 5 anos,clasificacion c,2003-03-01,41,47,41,47,88
70401,BUENA VISTA,estado nutricional en menores de 5 anos,clasificacion c,2003-03-01,208,143,208,143,351
70703,CABEZAS,estado nutricional en menores de 5 anos,clasificacion c,2003-03-01,28,25,28,25,53
20905,CAIROMA,estado nutricional en menores de 5 anos,clasificacion c,2003-03-01,56,44,56,44,100
51102,"CAIZA ""D""",estado nutricional en menores de 5 anos,clasificacion c,2003-03-01,218,182,218,182,400
21003,CAJUATA,estado nutricional en menores de 5 anos,clasificacion c,2003-03-01,40,10,40,10,50
20303,CALACOTO,estado nutricional en menores de 5 anos,clasificacion c,2003-03-01,25,13,25,13,38
21304,CALAMARCA,estado nutricional en menores de 5 anos,clasificacion c,2003-03-01,194,102,194,102,296
10701,CAMARGO,estado nutricional en menores de 5 anos,clasificacion c,2003-03-01,205,139,205,139,344
10901,CAMATAQUI (C. VILLA ABECIA),estado nutricional en menores de 5 anos,clasificacion c,2003-03-01,66,46,66,46,112
70706,CAMIRI,estado nutricional en menores de 5 anos,clasificacion c,2003-03-01,281,163,281,163,444
30701,CAPINOTA,estado nutricional en menores de 5 anos,clasificacion c,2003-03-01,63,75,63,75,138
20302,CAQUIAVIRI,estado nutricional en menores de 5 anos,clasificacion c,2003-03-01,76,65,76,65,141
40102,CARACOLLO,estado nutricional en menores de 5 anos,clasificacion c,2003-03-01,148,147,148,147,295
22001,CARANAVI,estado nutricional en menores de 5 anos,clasificacion c,2003-03-01,540,328,540,328,868
41503,CARANGAS,estado nutricional en menores de 5 anos,clasificacion c,2003-03-01,3,3,3,3,6
60302,CARAPARI,estado nutricional en menores de 5 anos,clasificacion c,2003-03-01,109,118,109,118,227
50702,CARIPUYO,estado nutricional en menores de 5 anos,clasificacion c,2003-03-01,62,46,62,46,108
21902,CATACORA,estado nutricional en menores de 5 anos,clasificacion c,2003-03-01,1,2,1,2,3
40201,CHALLAPATA,estado nutricional en menores de 5 anos,clasificacion c,2003-03-01,85,130,85,130,215
50302,CHAQUI,estado nutricional en menores de 5 anos,clasificacion c,2003-03-01,158,92,158,92,250
70702,CHARAGUA,estado nutricional en menores de 5 anos,clasificacion c,2003-03-01,337,247,337,247,584
20305,CHARAÃ‘A,estado nutricional en menores de 5 anos,clasificacion c,2003-03-01,21,13,21,13,34
50202,CHAYANTA,estado nutricional en menores de 5 anos,clasificacion c,2003-03-01,109,67,109,67,176
31204,CHIMORE,estado nutricional en menores de 5 anos,clasificacion c,2003-03-01,60,89,60,89,149
40302,CHOQUE COTA,estado nutricional en menores de 5 anos,clasificacion c,2003-03-01,28,0,28,0,28
21101,CHULUMANI (V. DE LA LIBERTAD),estado nutricional en menores de 5 anos,clasificacion c,2003-03-01,89,66,89,66,155
20501,CHUMA,estado nutricional en menores de 5 anos,clasificacion c,2003-03-01,48,25,48,25,73
30801,CLIZA,estado nutricional en menores de 5 anos,clasificacion c,2003-03-01,69,14,69,14,83
90101,COBIJA,estado nutricional en menores de 5 anos,clasificacion c,2003-03-01,224,122,224,122,346
30101,COCHABAMBA,estado nutricional en menores de 5 anos,clasificacion c,2003-03-01,1968,1006,1968,1006,2974
40902,COIPASA,estado nutricional en menores de 5 anos,clasificacion c,2003-03-01,4,9,4,9,13
30905,COLCAPIRHUA,estado nutricional en menores de 5 anos,clasificacion c,2003-03-01,140,60,140,60,200
50901,"COLCHA ""K""",estado nutricional en menores de 5 anos,clasificacion c,2003-03-01,130,113,130,113,243
21307,COLLANA,estado nutricional en menores de 5 anos,clasificacion c,2003-03-01,12,6,12,6,18
31002,COLOMI,estado nutricional en menores de 5 anos,clasificacion c,2003-03-01,192,127,192,127,319
50401,COLQUECHACA,estado nutricional en menores de 5 anos,clasificacion c,2003-03-01,190,113,190,113,303
21306,COLQUENCHA,estado nutricional en menores de 5 anos,clasificacion c,2003-03-01,68,36,68,36,104
21004,COLQUIRI,estado nutricional en menores de 5 anos,clasificacion c,2003-03-01,191,82,191,82,273
20304,COMANCHE,estado nutricional en menores de 5 anos,clasificacion c,2003-03-01,8,4,8,4,12
71301,COMARAPA,estado nutricional en menores de 5 anos,clasificacion c,2003-03-01,127,50,127,50,177
71101,CONCEPCION,estado nutricional en menores de 5 anos,clasificacion c,2003-03-01,24,16,24,16,40
21701,COPACABANA,estado nutricional en menores de 5 anos,clasificacion c,2003-03-01,167,81,167,81,248
21402,CORIPATA,estado nutricional en menores de 5 anos,clasificacion c,2003-03-01,46,29,46,29,75
20301,CORO CORO,estado nutricional en menores de 5 anos,clasificacion c,2003-03-01,71,65,71,65,136
21401,COROICO,estado nutricional en menores de 5 anos,clasificacion c,2003-03-01,102,58,102,58,160
40301,CORQUE,estado nutricional en menores de 5 anos,clasificacion c,2003-03-01,56,53,56,53,109
50601,COTAGAITA,estado nutricional en menores de 5 anos,clasificacion c,2003-03-01,178,169,178,169,347
70102,COTOCA,estado nutricional en menores de 5 anos,clasificacion c,2003-03-01,165,30,165,30,195
31405,CUCHUMUELA (V. G. VILLARROEL),estado nutricional en menores de 5 anos,clasificacion c,2003-03-01,4,2,4,2,6
70704,CUEVO,estado nutricional en menores de 5 anos,clasificacion c,2003-03-01,76,39,76,39,115
10902,CULPINA,estado nutricional en menores de 5 anos,clasificacion c,2003-03-01,328,273,328,273,601
40401,CURAHUARA DE CARANGAS,estado nutricional en menores de 5 anos,clasificacion c,2003-03-01,77,72,77,72,149
21602,CURVA,estado nutricional en menores de 5 anos,clasificacion c,2003-03-01,25,17,25,17,42
20804,DESAGUADERO,estado nutricional en menores de 5 anos,clasificacion c,2003-03-01,39,50,39,50,89
20105,EL ALTO,estado nutricional en menores de 5 anos,clasificacion c,2003-03-01,4901,1713,4901,1713,6614
40103,EL CHORO,estado nutricional en menores de 5 anos,clasificacion c,2003-03-01,26,8,26,8,34
71503,EL PUENTE(STC),estado nutricional en menores de 5 anos,clasificacion c,2003-03-01,43,271,43,271,314
60502,EL PUENTE(TJA),estado nutricional en menores de 5 anos,clasificacion c,2003-03-01,35,57,35,57,92
70105,EL TORNO,estado nutricional en menores de 5 anos,clasificacion c,2003-03-01,270,184,270,184,454
10405,EL VILLAR,estado nutricional en menores de 5 anos,clasificacion c,2003-03-01,88,112,88,112,200
60601,ENTRE RIOS,estado nutricional en menores de 5 anos,clasificacion c,2003-03-01,231,338,231,338,569
40502,ESCARA,estado nutricional en menores de 5 anos,clasificacion c,2003-03-01,4,5,4,5,9
41101,EUCALIPTUS,estado nutricional en menores de 5 anos,clasificacion c,2003-03-01,33,29,33,29,62
90503,EUREKA (SANTOS MERCADO),estado nutricional en menores de 5 anos,clasificacion c,2003-03-01,4,3,4,3,7
80402,EXALTACION,estado nutricional en menores de 5 anos,clasificacion c,2003-03-01,0,56,0,56,56
90203,FILADELFIA,estado nutricional en menores de 5 anos,clasificacion c,2003-03-01,7,29,7,29,36
71002,GENERAL SAAVEDRA,estado nutricional en menores de 5 anos,clasificacion c,2003-03-01,246,297,246,297,543
21601,GRAL. J.J. PEREZ (CHARAZANI),estado nutricional en menores de 5 anos,clasificacion c,2003-03-01,58,66,58,66,124
20602,GUANAY,estado nutricional en menores de 5 anos,clasificacion c,2003-03-01,393,236,393,236,629
20802,GUAQUI,estado nutricional en menores de 5 anos,clasificacion c,2003-03-01,57,15,57,15,72
80202,GUAYARAMERIN,estado nutricional en menores de 5 anos,clasificacion c,2003-03-01,557,321,557,321,878
70705,GUTIERREZ,estado nutricional en menores de 5 anos,clasificacion c,2003-03-01,180,219,180,219,399
10502,HUACARETA,estado nutricional en menores de 5 anos,clasificacion c,2003-03-01,162,265,162,265,427
11002,HUACAYA (VILLA DE HUACAYA),estado nutricional en menores de 5 anos,clasificacion c,2003-03-01,35,41,35,41,76
40701,HUANUNI,estado nutricional en menores de 5 anos,clasificacion c,2003-03-01,268,174,268,174,442
80803,HUARACAJE,estado nutricional en menores de 5 anos,clasificacion c,2003-03-01,34,27,34,27,61
41601,HUAYLLAMARCA,estado nutricional en menores de 5 anos,clasificacion c,2003-03-01,39,22,39,22,61
21005,ICHOCA,estado nutricional en menores de 5 anos,clasificacion c,2003-03-01,32,46,32,46,78
10304,ICLA,estado nutricional en menores de 5 anos,clasificacion c,2003-03-01,141,206,141,206,347
10703,INCAHUASI,estado nutricional en menores de 5 anos,clasificacion c,2003-03-01,207,134,207,134,341
90402,INGAVI (HUMAITA),estado nutricional en menores de 5 anos,clasificacion c,2003-03-01,0,2,0,2,2
21001,INQUISIVI,estado nutricional en menores de 5 anos,clasificacion c,2003-03-01,156,170,156,170,326
21102,IRUPANA (VILLA DE LANZA),estado nutricional en menores de 5 anos,clasificacion c,2003-03-01,176,181,176,181,357
21501,IXIAMAS,estado nutricional en menores de 5 anos,clasificacion c,2003-03-01,70,73,70,73,143
21105,LA ASUNTA,estado nutricional en menores de 5 anos,clasificacion c,2003-03-01,191,81,191,81,272
70104,LA GUARDIA,estado nutricional en menores de 5 anos,clasificacion c,2003-03-01,503,254,503,254,757
20101,LA PAZ,estado nutricional en menores de 5 anos,clasificacion c,2003-03-01,3818,2242,3818,2242,6060
41501,LA RIVERA,estado nutricional en menores de 5 anos,clasificacion c,2003-03-01,4,4,4,4,8
70701,LAGUNILLAS,estado nutricional en menores de 5 anos,clasificacion c,2003-03-01,100,122,100,122,222
21202,LAJA,estado nutricional en menores de 5 anos,clasificacion c,2003-03-01,74,20,74,20,94
10903,LAS CARRERAS,estado nutricional en menores de 5 anos,clasificacion c,2003-03-01,58,83,58,83,141
21006,LICOMA PAMPA,estado nutricional en menores de 5 anos,clasificacion c,2003-03-01,27,6,27,6,33
50203,LLALLAGUA,estado nutricional en menores de 5 anos,clasificacion c,2003-03-01,101,694,101,694,795
51401,LLICA,estado nutricional en menores de 5 anos,clasificacion c,2003-03-01,57,48,57,48,105
80601,LORETO,estado nutricional en menores de 5 anos,clasificacion c,2003-03-01,34,53,34,53,87
20901,LURIBAY,estado nutricional en menores de 5 anos,clasificacion c,2003-03-01,72,40,72,40,112
40702,MACHACAMARCA,estado nutricional en menores de 5 anos,clasificacion c,2003-03-01,31,13,31,13,44
11003,MACHARETI,estado nutricional en menores de 5 anos,clasificacion c,2003-03-01,122,227,122,227,349
80801,MAGDALENA,estado nutricional en menores de 5 anos,clasificacion c,2003-03-01,106,84,106,84,190
70903,MAIRANA,estado nutricional en menores de 5 anos,clasificacion c,2003-03-01,110,27,110,27,137
20904,MALLA,estado nutricional en menores de 5 anos,clasificacion c,2003-03-01,11,10,11,10,21
20103,MECAPACA,estado nutricional en menores de 5 anos,clasificacion c,2003-03-01,113,188,113,188,301
71003,MINEROS,estado nutricional en menores de 5 anos,clasificacion c,2003-03-01,651,452,651,452,1103
31301,MIZQUE,estado nutricional en menores de 5 anos,clasificacion c,2003-03-01,175,138,175,138,313
20402,MOCOMOCO,estado nutricional en menores de 5 anos,clasificacion c,2003-03-01,216,159,216,159,375
51002,MOJINETE,estado nutricional en menores de 5 anos,clasificacion c,2003-03-01,5,20,5,20,25
10303,MOJOCOYA,estado nutricional en menores de 5 anos,clasificacion c,2003-03-01,159,237,159,237,396
10501,MONTEAGUDO,estado nutricional en menores de 5 anos,clasificacion c,2003-03-01,399,374,399,374,773
71001,MONTERO,estado nutricional en menores de 5 anos,clasificacion c,2003-03-01,1310,761,1310,761,2071
70803,MORO MORO,estado nutricional en menores de 5 anos,clasificacion c,2003-03-01,33,22,33,22,55
30302,MOROCHATA,estado nutricional en menores de 5 anos,clasificacion c,2003-03-01,192,201,192,201,393
90401,NACEBE (SANTA ROSA DEL ABUNA),estado nutricional en menores de 5 anos,clasificacion c,2003-03-01,10,3,10,3,13
20307,NAZACARA DE PACAJES,estado nutricional en menores de 5 anos,clasificacion c,2003-03-01,5,0,5,0,5
90501,NUEVO MANOA (NUEVA ESPERANZA),estado nutricional en menores de 5 anos,clasificacion c,2003-03-01,4,8,4,8,12
50404,OCURI,estado nutricional en menores de 5 anos,clasificacion c,2003-03-01,102,147,102,147,249
70202,OKINAWA,estado nutricional en menores de 5 anos,clasificacion c,2003-03-01,67,148,67,148,215
30203,OMEREQUE,estado nutricional en menores de 5 anos,clasificacion c,2003-03-01,2,58,2,58,60
40101,ORURO,estado nutricional en menores de 5 anos,clasificacion c,2003-03-01,1481,1027,1481,1027,2508
60201,PADCAYA,estado nutricional en menores de 5 anos,clasificacion c,2003-03-01,200,217,200,217,417
10401,PADILLA,estado nutricional en menores de 5 anos,clasificacion c,2003-03-01,280,346,280,346,626
70502,PAILON,estado nutricional en menores de 5 anos,clasificacion c,2003-03-01,90,79,90,79,169
20102,PALCA,estado nutricional en menores de 5 anos,clasificacion c,2003-03-01,127,73,127,73,200
21104,PALOS BLANCOS,estado nutricional en menores de 5 anos,clasificacion c,2003-03-01,252,223,252,223,475
40802,PAMPA AULLAGAS,estado nutricional en menores de 5 anos,clasificacion c,2003-03-01,19,42,19,42,61
70902,PAMPA GRANDE,estado nutricional en menores de 5 anos,clasificacion c,2003-03-01,64,37,64,37,101
21802,PAPEL PAMPA,estado nutricional en menores de 5 anos,clasificacion c,2003-03-01,30,26,30,26,56
30202,PASORAPA,estado nutricional en menores de 5 anos,clasificacion c,2003-03-01,35,33,35,33,68
21305,PATACAMAYA,estado nutricional en menores de 5 anos,clasificacion c,2003-03-01,167,58,167,58,225
40602,PAZÃ‘A,estado nutricional en menores de 5 anos,clasificacion c,2003-03-01,15,61,15,61,76
20702,PELECHUCO,estado nutricional en menores de 5 anos,clasificacion c,2003-03-01,23,20,23,20,43
50403,POCOATA,estado nutricional en menores de 5 anos,clasificacion c,2003-03-01,277,186,277,186,463
31203,POCONA,estado nutricional en menores de 5 anos,clasificacion c,2003-03-01,162,114,162,114,276
31202,POJO (CBBA),estado nutricional en menores de 5 anos,clasificacion c,2003-03-01,341,209,341,209,550
40601,POOPO,estado nutricional en menores de 5 anos,clasificacion c,2003-03-01,8,80,8,80,88
51203,PORCO,estado nutricional en menores de 5 anos,clasificacion c,2003-03-01,89,36,89,36,125
10103,POROMA,estado nutricional en menores de 5 anos,clasificacion c,2003-03-01,193,154,193,154,347
70103,PORONGO,estado nutricional en menores de 5 anos,clasificacion c,2003-03-01,56,60,56,60,116
70601,PORTACHUELO,estado nutricional en menores de 5 anos,clasificacion c,2003-03-01,302,196,302,196,498
90102,PORVENIR,estado nutricional en menores de 5 anos,clasificacion c,2003-03-01,3,16,3,16,19
70804,POSTRER VALLE,estado nutricional en menores de 5 anos,clasificacion c,2003-03-01,13,20,13,20,33
50101,POTOSI,estado nutricional en menores de 5 anos,clasificacion c,2003-03-01,1400,449,1400,449,1849
10302,PRESTO,estado nutricional en menores de 5 anos,clasificacion c,2003-03-01,155,123,155,123,278
70805,PUCARA,estado nutricional en menores de 5 anos,clasificacion c,2003-03-01,11,21,11,21,32
21201,PUCARANI,estado nutricional en menores de 5 anos,clasificacion c,2003-03-01,89,114,89,114,203
20401,PUERTO ACOSTA,estado nutricional en menores de 5 anos,clasificacion c,2003-03-01,217,140,217,140,357
20403,PUERTO CARABUCO,estado nutricional en menores de 5 anos,clasificacion c,2003-03-01,137,96,137,96,233
90301,PUERTO GONZALO MORENO,estado nutricional en menores de 5 anos,clasificacion c,2003-03-01,17,10,17,10,27
21204,PUERTO PEREZ,estado nutricional en menores de 5 anos,clasificacion c,2003-03-01,66,20,66,20,86
71402,PUERTO QUIJARRO,estado nutricional en menores de 5 anos,clasificacion c,2003-03-01,154,66,154,66,220
90201,PUERTO RICO,estado nutricional en menores de 5 anos,clasificacion c,2003-03-01,8,47,8,47,55
80703,PUERTO SILES,estado nutricional en menores de 5 anos,clasificacion c,2003-03-01,1,3,1,3,4
71401,PUERTO SUAREZ,estado nutricional en menores de 5 anos,clasificacion c,2003-03-01,164,33,164,33,197
31205,PUERTO VILLARROEL,estado nutricional en menores de 5 anos,clasificacion c,2003-03-01,422,267,422,267,689
51101,PUNA,estado nutricional en menores de 5 anos,clasificacion c,2003-03-01,401,272,401,272,673
31401,PUNATA,estado nutricional en menores de 5 anos,clasificacion c,2003-03-01,351,81,351,81,432
30901,QUILLACOLLO,estado nutricional en menores de 5 anos,clasificacion c,2003-03-01,214,201,214,201,415
21002,QUIME,estado nutricional en menores de 5 anos,clasificacion c,2003-03-01,154,148,154,148,302
70904,QUIRUSILLAS,estado nutricional en menores de 5 anos,clasificacion c,2003-03-01,16,17,16,17,33
50402,RAVELO,estado nutricional en menores de 5 anos,clasificacion c,2003-03-01,264,160,264,160,424
80301,REYES,estado nutricional en menores de 5 anos,clasificacion c,2003-03-01,135,64,135,64,199
80201,RIBERALTA,estado nutricional en menores de 5 anos,clasificacion c,2003-03-01,1003,371,1003,371,1374
70503,ROBORE,estado nutricional en menores de 5 anos,clasificacion c,2003-03-01,165,154,165,154,319
80304,RURRENABAQUE,estado nutricional en menores de 5 anos,clasificacion c,2003-03-01,239,66,239,66,305
40901,SABAYA,estado nutricional en menores de 5 anos,clasificacion c,2003-03-01,10,14,10,14,24
31001,SACABA,estado nutricional en menores de 5 anos,clasificacion c,2003-03-01,380,316,380,316,696
30404,SACABAMBA,estado nutricional en menores de 5 anos,clasificacion c,2003-03-01,41,44,41,44,85
50701,SACACA,estado nutricional en menores de 5 anos,clasificacion c,2003-03-01,192,201,192,201,393
71302,SAIPINA,estado nutricional en menores de 5 anos,clasificacion c,2003-03-01,30,29,30,29,59
40801,SALINAS DE GARCI MENDOZA,estado nutricional en menores de 5 anos,clasificacion c,2003-03-01,62,57,62,57,119
70901,SAMAIPATA,estado nutricional en menores de 5 anos,clasificacion c,2003-03-01,120,63,120,63,183
51601,SAN AGUSTIN,estado nutricional en menores de 5 anos,clasificacion c,2003-03-01,22,25,22,25,47
80602,SAN ANDRES,estado nutricional en menores de 5 anos,clasificacion c,2003-03-01,47,33,47,33,80
51003,SAN ANTONIO DE ESMORUCO,estado nutricional en menores de 5 anos,clasificacion c,2003-03-01,13,17,13,17,30
71105,SAN ANTONIO DE LOMERIO,estado nutricional en menores de 5 anos,clasificacion c,2003-03-01,110,125,110,125,235
31403,SAN BENITO,estado nutricional en menores de 5 anos,clasificacion c,2003-03-01,70,45,70,45,115
80302,SAN BORJA,estado nutricional en menores de 5 anos,clasificacion c,2003-03-01,410,241,410,241,651
21502,SAN BUENA VENTURA,estado nutricional en menores de 5 anos,clasificacion c,2003-03-01,100,51,100,51,151
70402,SAN CARLOS,estado nutricional en menores de 5 anos,clasificacion c,2003-03-01,248,184,248,184,432
80501,SAN IGNACIO,estado nutricional en menores de 5 anos,clasificacion c,2003-03-01,208,186,208,186,394
70301,SAN IGNACIO DE VELASCO,estado nutricional en menores de 5 anos,clasificacion c,2003-03-01,549,281,549,281,830
80102,SAN JAVIER(BNI),estado nutricional en menores de 5 anos,clasificacion c,2003-03-01,16,28,16,28,44
71102,SAN JAVIER(STC),estado nutricional en menores de 5 anos,clasificacion c,2003-03-01,119,92,119,92,211
80701,SAN JOAQUIN,estado nutricional en menores de 5 anos,clasificacion c,2003-03-01,45,27,45,27,72
70501,SAN JOSE DE CHIQUITOS,estado nutricional en menores de 5 anos,clasificacion c,2003-03-01,129,45,129,45,174
71104,SAN JULIAN,estado nutricional en menores de 5 anos,clasificacion c,2003-03-01,547,667,547,667,1214
90302,SAN LORENZO(PND),estado nutricional en menores de 5 anos,clasificacion c,2003-03-01,109,147,109,147,256
60501,SAN LORENZO(TJA),estado nutricional en menores de 5 anos,clasificacion c,2003-03-01,157,170,157,170,327
10702,SAN LUCAS,estado nutricional en menores de 5 anos,clasificacion c,2003-03-01,734,676,734,676,1410
70302,SAN MIGUEL DE VELASCO,estado nutricional en menores de 5 anos,clasificacion c,2003-03-01,146,88,146,88,234
51001,SAN PABLO DE LIPEZ,estado nutricional en menores de 5 anos,clasificacion c,2003-03-01,25,36,25,36,61
50501,SAN PEDRO DE BUENA VISTA,estado nutricional en menores de 5 anos,clasificacion c,2003-03-01,140,132,140,132,272
21801,SAN PEDRO DE CURAHUARA,estado nutricional en menores de 5 anos,clasificacion c,2003-03-01,36,62,36,62,98
50902,SAN PEDRO DE QUEMES,estado nutricional en menores de 5 anos,clasificacion c,2003-03-01,7,8,7,8,15
21702,SAN PEDRO DE TIQUINA,estado nutricional en menores de 5 anos,clasificacion c,2003-03-01,31,38,31,38,69
70303,SAN RAFAEL,estado nutricional en menores de 5 anos,clasificacion c,2003-03-01,142,78,142,78,220
80702,SAN RAMON,estado nutricional en menores de 5 anos,clasificacion c,2003-03-01,13,4,13,4,17
80702,SAN RAMON,estado nutricional en menores de 5 anos,clasificacion c,2003-03-01,42,50,42,50,92
80401,SANTA ANA,estado nutricional en menores de 5 anos,clasificacion c,2003-03-01,0,37,0,37,37
70101,SANTA CRUZ DE LA SIERRA,estado nutricional en menores de 5 anos,clasificacion c,2003-03-01,4306,2331,4306,2331,6637
80303,SANTA ROSA,estado nutricional en menores de 5 anos,clasificacion c,2003-03-01,94,34,94,34,128
70602,SANTA ROSA DEL SARA,estado nutricional en menores de 5 anos,clasificacion c,2003-03-01,54,44,54,44,98
20308,SANTIAGO DE CALLAPA,estado nutricional en menores de 5 anos,clasificacion c,2003-03-01,48,49,48,49,97
21901,SANTIAGO DE MACHACA,estado nutricional en menores de 5 anos,clasificacion c,2003-03-01,26,7,26,7,33
30702,SANTIVAÃ‘ES,estado nutricional en menores de 5 anos,clasificacion c,2003-03-01,98,57,98,57,155
40202,SANTUARIO DE QUILLACAS,estado nutricional en menores de 5 anos,clasificacion c,2003-03-01,32,26,32,26,58
20902,SAPAHAQUI,estado nutricional en menores de 5 anos,clasificacion c,2003-03-01,68,28,68,28,96
90303,SENA,estado nutricional en menores de 5 anos,clasificacion c,2003-03-01,4,76,4,76,80
21301,SICA SICA (VILLA AROMA),estado nutricional en menores de 5 anos,clasificacion c,2003-03-01,167,64,167,64,231
30703,SICAYA,estado nutricional en menores de 5 anos,clasificacion c,2003-03-01,9,3,9,3,12
30902,SIPE SIPE,estado nutricional en menores de 5 anos,clasificacion c,2003-03-01,355,164,355,164,519
10403,SOPACHUY,estado nutricional en menores de 5 anos,clasificacion c,2003-03-01,114,65,114,65,179
20601,SORATA,estado nutricional en menores de 5 anos,clasificacion c,2003-03-01,163,211,163,211,374
10101,SUCRE,estado nutricional en menores de 5 anos,clasificacion c,2003-03-01,1907,1316,1907,1316,3223
31404,TACACHI,estado nutricional en menores de 5 anos,clasificacion c,2003-03-01,20,9,20,9,29
50303,TACOBAMBA,estado nutricional en menores de 5 anos,clasificacion c,2003-03-01,125,94,125,94,219
30602,TACOPAYA,estado nutricional en menores de 5 anos,clasificacion c,2003-03-01,76,107,76,107,183
51402,TAHUA,estado nutricional en menores de 5 anos,clasificacion c,2003-03-01,32,30,32,30,62
31101,TAPACARI,estado nutricional en menores de 5 anos,clasificacion c,2003-03-01,164,139,164,139,303
10601,TARABUCO,estado nutricional en menores de 5 anos,clasificacion c,2003-03-01,446,533,446,533,979
30401,TARATA,estado nutricional en menores de 5 anos,clasificacion c,2003-03-01,75,35,75,35,110
60101,TARIJA,estado nutricional en menores de 5 anos,clasificacion c,2003-03-01,774,510,774,510,1284
10202,TARVITA,estado nutricional en menores de 5 anos,clasificacion c,2003-03-01,208,233,208,233,441
20803,TIAWANACU,estado nutricional en menores de 5 anos,clasificacion c,2003-03-01,108,47,108,47,155
50102,TINGUIPAYA,estado nutricional en menores de 5 anos,clasificacion c,2003-03-01,85,94,85,94,179
20606,TIPUANI,estado nutricional en menores de 5 anos,clasificacion c,2003-03-01,53,39,53,39,92
30903,TIQUIPAYA,estado nutricional en menores de 5 anos,clasificacion c,2003-03-01,114,81,114,81,195
31601,TIRAQUE (CBBA),estado nutricional en menores de 5 anos,clasificacion c,2003-03-01,205,331,205,331,536
21703,TITO YUPANQUI (PARQUIPUJIO),estado nutricional en menores de 5 anos,clasificacion c,2003-03-01,9,12,9,12,21
30802,TOCO,estado nutricional en menores de 5 anos,clasificacion c,2003-03-01,7,16,7,16,23
41502,TODOS SANTOS,estado nutricional en menores de 5 anos,clasificacion c,2003-03-01,1,1,1,1,2
30803,TOLATA,estado nutricional en menores de 5 anos,clasificacion c,2003-03-01,40,12,40,12,52
41001,TOLEDO,estado nutricional en menores de 5 anos,clasificacion c,2003-03-01,78,48,78,48,126
51202,TOMAVE,estado nutricional en menores de 5 anos,clasificacion c,2003-03-01,104,141,104,141,245
10402,TOMINA,estado nutricional en menores de 5 anos,clasificacion c,2003-03-01,161,200,161,200,361
50502,TORO TORO,estado nutricional en menores de 5 anos,clasificacion c,2003-03-01,120,125,120,125,245
31201,TOTORA(CBBA),estado nutricional en menores de 5 anos,clasificacion c,2003-03-01,105,69,105,69,174
41301,TOTORA(ORR),estado nutricional en menores de 5 anos,clasificacion c,2003-03-01,44,51,44,51,95
70802,TRIGAL,estado nutricional en menores de 5 anos,clasificacion c,2003-03-01,21,13,21,13,34
80101,TRINIDAD,estado nutricional en menores de 5 anos,clasificacion c,2003-03-01,621,846,621,846,1467
50801,TUPIZA,estado nutricional en menores de 5 anos,clasificacion c,2003-03-01,266,576,266,576,842
40402,TURCO,estado nutricional en menores de 5 anos,clasificacion c,2003-03-01,50,38,50,38,88
21302,UMALA,estado nutricional en menores de 5 anos,clasificacion c,2003-03-01,79,57,79,57,136
50201,UNCIA,estado nutricional en menores de 5 anos,clasificacion c,2003-03-01,62,55,62,55,117
60401,URIONDO (A. CONCEPCION),estado nutricional en menores de 5 anos,clasificacion c,2003-03-01,113,79,113,79,192
71502,URUBICHA,estado nutricional en menores de 5 anos,clasificacion c,2003-03-01,9,30,9,30,39
51201,UYUNI,estado nutricional en menores de 5 anos,clasificacion c,2003-03-01,367,182,367,182,549
30502,VACAS,estado nutricional en menores de 5 anos,clasificacion c,2003-03-01,34,30,34,30,64
70801,VALLEGRANDE,estado nutricional en menores de 5 anos,clasificacion c,2003-03-01,186,177,186,177,363
20801,VIACHA,estado nutricional en menores de 5 anos,clasificacion c,2003-03-01,391,228,391,228,619
31302,VILA VILA,estado nutricional en menores de 5 anos,clasificacion c,2003-03-01,26,19,26,19,45
60303,VILLA MONTES,estado nutricional en menores de 5 anos,clasificacion c,2003-03-01,233,199,233,199,432
90502,VILLA NUEVA (LOMA ALTA),estado nutricional en menores de 5 anos,clasificacion c,2003-03-01,2,1,2,1,3
31402,VILLA RIVERO,estado nutricional en menores de 5 anos,clasificacion c,2003-03-01,64,16,64,16,80
10801,VILLA SERRANO,estado nutricional en menores de 5 anos,clasificacion c,2003-03-01,295,341,295,341,636
31003,VILLA TUNARI,estado nutricional en menores de 5 anos,clasificacion c,2003-03-01,336,182,336,182,518
11001,VILLA VACA GUZMAN (MUYUPAMPA),estado nutricional en menores de 5 anos,clasificacion c,2003-03-01,172,182,172,182,354
51501,VILLAZON,estado nutricional en menores de 5 anos,clasificacion c,2003-03-01,336,247,336,247,583
50602,VITICHI,estado nutricional en menores de 5 anos,clasificacion c,2003-03-01,167,147,167,147,314
20306,WALDO BALLIVIAN,estado nutricional en menores de 5 anos,clasificacion c,2003-03-01,12,2,12,2,14
70201,WARNES,estado nutricional en menores de 5 anos,clasificacion c,2003-03-01,365,295,365,295,660
20903,YACO,estado nutricional en menores de 5 anos,clasificacion c,2003-03-01,24,12,24,12,36
60301,YACUIBA,estado nutricional en menores de 5 anos,clasificacion c,2003-03-01,529,321,529,321,850
10602,YAMPARAEZ,estado nutricional en menores de 5 anos,clasificacion c,2003-03-01,266,399,266,399,665
21103,YANACACHI,estado nutricional en menores de 5 anos,clasificacion c,2003-03-01,42,39,42,39,81
70403,YAPACANI,estado nutricional en menores de 5 anos,clasificacion c,2003-03-01,435,274,435,274,709
50103,YOCALLA,estado nutricional en menores de 5 anos,clasificacion c,2003-03-01,99,58,99,58,157
10102,YOTALA,estado nutricional en menores de 5 anos,clasificacion c,2003-03-01,166,261,166,261,427
60402,YUNCHARA,estado nutricional en menores de 5 anos,clasificacion c,2003-03-01,16,20,16,20,36
10301,ZUDAÃ‘EZ,estado nutricional en menores de 5 anos,clasificacion c,2003-03-01,152,141,152,141,293
51302,ACACIO,estado nutricional en menores de 5 anos,clasificacion c,2003-04-01,82,90,82,90,172
20201,ACHACACHI,estado nutricional en menores de 5 anos,clasificacion c,2003-04-01,467,503,467,503,970
20104,ACHOCALLA,estado nutricional en menores de 5 anos,clasificacion c,2003-04-01,81,50,81,50,131
30201,AIQUILE,estado nutricional en menores de 5 anos,clasificacion c,2003-04-01,131,103,131,103,234
31303,ALALAY,estado nutricional en menores de 5 anos,clasificacion c,2003-04-01,26,43,26,43,69
10404,ALCALA,estado nutricional en menores de 5 anos,clasificacion c,2003-04-01,65,116,65,116,181
20202,ANCORAIMES,estado nutricional en menores de 5 anos,clasificacion c,2003-04-01,95,126,95,126,221
41201,ANDAMARCA,estado nutricional en menores de 5 anos,clasificacion c,2003-04-01,29,15,29,15,44
40603,ANTEQUERA,estado nutricional en menores de 5 anos,clasificacion c,2003-04-01,31,8,31,8,39
30402,ANZALDO,estado nutricional en menores de 5 anos,clasificacion c,2003-04-01,50,105,50,105,155
20701,APOLO,estado nutricional en menores de 5 anos,clasificacion c,2003-04-01,49,45,49,45,94
51301,ARAMPAMPA,estado nutricional en menores de 5 anos,clasificacion c,2003-04-01,76,102,76,102,178
30501,ARANI,estado nutricional en menores de 5 anos,clasificacion c,2003-04-01,23,133,23,133,156
30403,ARBIETO,estado nutricional en menores de 5 anos,clasificacion c,2003-04-01,61,43,61,43,104
30601,ARQUE,estado nutricional en menores de 5 anos,clasificacion c,2003-04-01,61,41,61,41,102
71501,ASCENCION DE GUARAYOS,estado nutricional en menores de 5 anos,clasificacion c,2003-04-01,315,437,315,437,752
50802,ATOCHA,estado nutricional en menores de 5 anos,clasificacion c,2003-04-01,88,318,88,318,406
20503,AUCAPATA,estado nutricional en menores de 5 anos,clasificacion c,2003-04-01,36,20,36,20,56
20502,AYATA,estado nutricional en menores de 5 anos,clasificacion c,2003-04-01,46,23,46,23,69
21303,AYO AYO,estado nutricional en menores de 5 anos,clasificacion c,2003-04-01,122,46,122,46,168
30301,AYOPAYA (V. DE INDEPENDENCIA),estado nutricional en menores de 5 anos,clasificacion c,2003-04-01,142,229,142,229,371
10201,AZURDUY,estado nutricional en menores de 5 anos,clasificacion c,2003-04-01,215,293,215,293,508
21203,BATALLAS,estado nutricional en menores de 5 anos,clasificacion c,2003-04-01,148,137,148,137,285
80802,BAURES,estado nutricional en menores de 5 anos,clasificacion c,2003-04-01,59,58,59,58,117
41202,BELEN DE ANDAMARCA,estado nutricional en menores de 5 anos,clasificacion c,2003-04-01,5,5,5,5,10
50104,BELEN DE URMIRI,estado nutricional en menores de 5 anos,clasificacion c,2003-04-01,14,36,14,36,50
90104,BELLA FLOR,estado nutricional en menores de 5 anos,clasificacion c,2003-04-01,39,56,39,56,95
60202,BERMEJO,estado nutricional en menores de 5 anos,clasificacion c,2003-04-01,52,99,52,99,151
50301,BETANZOS,estado nutricional en menores de 5 anos,clasificacion c,2003-04-01,389,286,389,286,675
31501,BOLIVAR,estado nutricional en menores de 5 anos,clasificacion c,2003-04-01,85,153,85,153,238
90103,BOLPEBRA,estado nutricional en menores de 5 anos,clasificacion c,2003-04-01,17,30,17,30,47
70707,BOYUIBE,estado nutricional en menores de 5 anos,clasificacion c,2003-04-01,46,69,46,69,115
70401,BUENA VISTA,estado nutricional en menores de 5 anos,clasificacion c,2003-04-01,216,183,216,183,399
70703,CABEZAS,estado nutricional en menores de 5 anos,clasificacion c,2003-04-01,105,55,105,55,160
20905,CAIROMA,estado nutricional en menores de 5 anos,clasificacion c,2003-04-01,91,61,91,61,152
51102,"CAIZA ""D""",estado nutricional en menores de 5 anos,clasificacion c,2003-04-01,156,150,156,150,306
21003,CAJUATA,estado nutricional en menores de 5 anos,clasificacion c,2003-04-01,78,29,78,29,107
20303,CALACOTO,estado nutricional en menores de 5 anos,clasificacion c,2003-04-01,35,15,35,15,50
21304,CALAMARCA,estado nutricional en menores de 5 anos,clasificacion c,2003-04-01,267,129,267,129,396
10701,CAMARGO,estado nutricional en menores de 5 anos,clasificacion c,2003-04-01,216,246,216,246,462
10901,CAMATAQUI (C. VILLA ABECIA),estado nutricional en menores de 5 anos,clasificacion c,2003-04-01,78,77,78,77,155
70706,CAMIRI,estado nutricional en menores de 5 anos,clasificacion c,2003-04-01,371,220,371,220,591
30701,CAPINOTA,estado nutricional en menores de 5 anos,clasificacion c,2003-04-01,66,52,66,52,118
20302,CAQUIAVIRI,estado nutricional en menores de 5 anos,clasificacion c,2003-04-01,104,118,104,118,222
40102,CARACOLLO,estado nutricional en menores de 5 anos,clasificacion c,2003-04-01,189,157,189,157,346
22001,CARANAVI,estado nutricional en menores de 5 anos,clasificacion c,2003-04-01,489,330,489,330,819
41503,CARANGAS,estado nutricional en menores de 5 anos,clasificacion c,2003-04-01,2,0,2,0,2
60302,CARAPARI,estado nutricional en menores de 5 anos,clasificacion c,2003-04-01,140,123,140,123,263
50702,CARIPUYO,estado nutricional en menores de 5 anos,clasificacion c,2003-04-01,108,131,108,131,239
21902,CATACORA,estado nutricional en menores de 5 anos,clasificacion c,2003-04-01,2,3,2,3,5
40201,CHALLAPATA,estado nutricional en menores de 5 anos,clasificacion c,2003-04-01,134,245,134,245,379
50302,CHAQUI,estado nutricional en menores de 5 anos,clasificacion c,2003-04-01,114,98,114,98,212
70702,CHARAGUA,estado nutricional en menores de 5 anos,clasificacion c,2003-04-01,288,343,288,343,631
20305,CHARAÃ‘A,estado nutricional en menores de 5 anos,clasificacion c,2003-04-01,37,30,37,30,67
50202,CHAYANTA,estado nutricional en menores de 5 anos,clasificacion c,2003-04-01,103,77,103,77,180
31204,CHIMORE,estado nutricional en menores de 5 anos,clasificacion c,2003-04-01,96,59,96,59,155
40903,CHIPAYA,estado nutricional en menores de 5 anos,clasificacion c,2003-04-01,3,49,3,49,52
40302,CHOQUE COTA,estado nutricional en menores de 5 anos,clasificacion c,2003-04-01,15,21,15,21,36
21101,CHULUMANI (V. DE LA LIBERTAD),estado nutricional en menores de 5 anos,clasificacion c,2003-04-01,108,69,108,69,177
20501,CHUMA,estado nutricional en menores de 5 anos,clasificacion c,2003-04-01,70,69,70,69,139
30801,CLIZA,estado nutricional en menores de 5 anos,clasificacion c,2003-04-01,69,54,69,54,123
90101,COBIJA,estado nutricional en menores de 5 anos,clasificacion c,2003-04-01,281,270,281,270,551
30101,COCHABAMBA,estado nutricional en menores de 5 anos,clasificacion c,2003-04-01,2602,1256,2602,1256,3858
40902,COIPASA,estado nutricional en menores de 5 anos,clasificacion c,2003-04-01,4,3,4,3,7
30905,COLCAPIRHUA,estado nutricional en menores de 5 anos,clasificacion c,2003-04-01,83,77,83,77,160
50901,"COLCHA ""K""",estado nutricional en menores de 5 anos,clasificacion c,2003-04-01,150,145,150,145,295
21307,COLLANA,estado nutricional en menores de 5 anos,clasificacion c,2003-04-01,17,2,17,2,19
31002,COLOMI,estado nutricional en menores de 5 anos,clasificacion c,2003-04-01,350,179,350,179,529
50401,COLQUECHACA,estado nutricional en menores de 5 anos,clasificacion c,2003-04-01,251,129,251,129,380
21306,COLQUENCHA,estado nutricional en menores de 5 anos,clasificacion c,2003-04-01,81,40,81,40,121
21004,COLQUIRI,estado nutricional en menores de 5 anos,clasificacion c,2003-04-01,198,111,198,111,309
20304,COMANCHE,estado nutricional en menores de 5 anos,clasificacion c,2003-04-01,6,4,6,4,10
71301,COMARAPA,estado nutricional en menores de 5 anos,clasificacion c,2003-04-01,162,87,162,87,249
20605,COMBAYA,estado nutricional en menores de 5 anos,clasificacion c,2003-04-01,11,16,11,16,27
71101,CONCEPCION,estado nutricional en menores de 5 anos,clasificacion c,2003-04-01,43,153,43,153,196
21701,COPACABANA,estado nutricional en menores de 5 anos,clasificacion c,2003-04-01,92,60,92,60,152
21402,CORIPATA,estado nutricional en menores de 5 anos,clasificacion c,2003-04-01,65,4,65,4,69
20301,CORO CORO,estado nutricional en menores de 5 anos,clasificacion c,2003-04-01,121,80,121,80,201
21401,COROICO,estado nutricional en menores de 5 anos,clasificacion c,2003-04-01,124,81,124,81,205
40301,CORQUE,estado nutricional en menores de 5 anos,clasificacion c,2003-04-01,83,54,83,54,137
50601,COTAGAITA,estado nutricional en menores de 5 anos,clasificacion c,2003-04-01,333,414,333,414,747
70102,COTOCA,estado nutricional en menores de 5 anos,clasificacion c,2003-04-01,382,53,382,53,435
31405,CUCHUMUELA (V. G. VILLARROEL),estado nutricional en menores de 5 anos,clasificacion c,2003-04-01,35,30,35,30,65
70704,CUEVO,estado nutricional en menores de 5 anos,clasificacion c,2003-04-01,72,41,72,41,113
10902,CULPINA,estado nutricional en menores de 5 anos,clasificacion c,2003-04-01,434,302,434,302,736
40401,CURAHUARA DE CARANGAS,estado nutricional en menores de 5 anos,clasificacion c,2003-04-01,39,37,39,37,76
21602,CURVA,estado nutricional en menores de 5 anos,clasificacion c,2003-04-01,20,12,20,12,32
20804,DESAGUADERO,estado nutricional en menores de 5 anos,clasificacion c,2003-04-01,51,29,51,29,80
20105,EL ALTO,estado nutricional en menores de 5 anos,clasificacion c,2003-04-01,6899,3154,6899,3154,10053
40103,EL CHORO,estado nutricional en menores de 5 anos,clasificacion c,2003-04-01,18,14,18,14,32
71503,EL PUENTE(STC),estado nutricional en menores de 5 anos,clasificacion c,2003-04-01,18,159,18,159,177
60502,EL PUENTE(TJA),estado nutricional en menores de 5 anos,clasificacion c,2003-04-01,98,101,98,101,199
70105,EL TORNO,estado nutricional en menores de 5 anos,clasificacion c,2003-04-01,298,100,298,100,398
10405,EL VILLAR,estado nutricional en menores de 5 anos,clasificacion c,2003-04-01,97,152,97,152,249
60601,ENTRE RIOS,estado nutricional en menores de 5 anos,clasificacion c,2003-04-01,250,314,250,314,564
41101,EUCALIPTUS,estado nutricional en menores de 5 anos,clasificacion c,2003-04-01,70,73,70,73,143
90503,EUREKA (SANTOS MERCADO),estado nutricional en menores de 5 anos,clasificacion c,2003-04-01,0,3,0,3,3
80402,EXALTACION,estado nutricional en menores de 5 anos,clasificacion c,2003-04-01,18,35,18,35,53
90203,FILADELFIA,estado nutricional en menores de 5 anos,clasificacion c,2003-04-01,22,27,22,27,49
71002,GENERAL SAAVEDRA,estado nutricional en menores de 5 anos,clasificacion c,2003-04-01,278,379,278,379,657
21601,GRAL. J.J. PEREZ (CHARAZANI),estado nutricional en menores de 5 anos,clasificacion c,2003-04-01,63,100,63,100,163
20602,GUANAY,estado nutricional en menores de 5 anos,clasificacion c,2003-04-01,459,258,459,258,717
20802,GUAQUI,estado nutricional en menores de 5 anos,clasificacion c,2003-04-01,63,16,63,16,79
80202,GUAYARAMERIN,estado nutricional en menores de 5 anos,clasificacion c,2003-04-01,497,203,497,203,700
70705,GUTIERREZ,estado nutricional en menores de 5 anos,clasificacion c,2003-04-01,226,223,226,223,449
10502,HUACARETA,estado nutricional en menores de 5 anos,clasificacion c,2003-04-01,162,226,162,226,388
11002,HUACAYA (VILLA DE HUACAYA),estado nutricional en menores de 5 anos,clasificacion c,2003-04-01,53,62,53,62,115
40501,HUACHACALLA,estado nutricional en menores de 5 anos,clasificacion c,2003-04-01,14,18,14,18,32
40701,HUANUNI,estado nutricional en menores de 5 anos,clasificacion c,2003-04-01,201,118,201,118,319
80803,HUARACAJE,estado nutricional en menores de 5 anos,clasificacion c,2003-04-01,35,24,35,24,59
41601,HUAYLLAMARCA,estado nutricional en menores de 5 anos,clasificacion c,2003-04-01,48,36,48,36,84
21005,ICHOCA,estado nutricional en menores de 5 anos,clasificacion c,2003-04-01,28,39,28,39,67
10304,ICLA,estado nutricional en menores de 5 anos,clasificacion c,2003-04-01,149,225,149,225,374
10703,INCAHUASI,estado nutricional en menores de 5 anos,clasificacion c,2003-04-01,309,207,309,207,516
21001,INQUISIVI,estado nutricional en menores de 5 anos,clasificacion c,2003-04-01,159,135,159,135,294
21102,IRUPANA (VILLA DE LANZA),estado nutricional en menores de 5 anos,clasificacion c,2003-04-01,191,187,191,187,378
21501,IXIAMAS,estado nutricional en menores de 5 anos,clasificacion c,2003-04-01,91,119,91,119,210
21105,LA ASUNTA,estado nutricional en menores de 5 anos,clasificacion c,2003-04-01,130,55,130,55,185
70104,LA GUARDIA,estado nutricional en menores de 5 anos,clasificacion c,2003-04-01,628,340,628,340,968
20101,LA PAZ,estado nutricional en menores de 5 anos,clasificacion c,2003-04-01,5377,3343,5377,3343,8720
41501,LA RIVERA,estado nutricional en menores de 5 anos,clasificacion c,2003-04-01,6,1,6,1,7
70701,LAGUNILLAS,estado nutricional en menores de 5 anos,clasificacion c,2003-04-01,128,172,128,172,300
21202,LAJA,estado nutricional en menores de 5 anos,clasificacion c,2003-04-01,60,35,60,35,95
10903,LAS CARRERAS,estado nutricional en menores de 5 anos,clasificacion c,2003-04-01,71,76,71,76,147
21006,LICOMA PAMPA,estado nutricional en menores de 5 anos,clasificacion c,2003-04-01,17,15,17,15,32
50203,LLALLAGUA,estado nutricional en menores de 5 anos,clasificacion c,2003-04-01,70,759,70,759,829
51401,LLICA,estado nutricional en menores de 5 anos,clasificacion c,2003-04-01,48,67,48,67,115
80601,LORETO,estado nutricional en menores de 5 anos,clasificacion c,2003-04-01,38,77,38,77,115
20901,LURIBAY,estado nutricional en menores de 5 anos,clasificacion c,2003-04-01,172,100,172,100,272
40702,MACHACAMARCA,estado nutricional en menores de 5 anos,clasificacion c,2003-04-01,33,31,33,31,64
11003,MACHARETI,estado nutricional en menores de 5 anos,clasificacion c,2003-04-01,152,324,152,324,476
80801,MAGDALENA,estado nutricional en menores de 5 anos,clasificacion c,2003-04-01,123,102,123,102,225
70903,MAIRANA,estado nutricional en menores de 5 anos,clasificacion c,2003-04-01,110,50,110,50,160
20904,MALLA,estado nutricional en menores de 5 anos,clasificacion c,2003-04-01,10,12,10,12,22
20103,MECAPACA,estado nutricional en menores de 5 anos,clasificacion c,2003-04-01,113,139,113,139,252
71003,MINEROS,estado nutricional en menores de 5 anos,clasificacion c,2003-04-01,659,360,659,360,1019
31301,MIZQUE,estado nutricional en menores de 5 anos,clasificacion c,2003-04-01,129,103,129,103,232
20402,MOCOMOCO,estado nutricional en menores de 5 anos,clasificacion c,2003-04-01,180,123,180,123,303
51002,MOJINETE,estado nutricional en menores de 5 anos,clasificacion c,2003-04-01,7,35,7,35,42
10303,MOJOCOYA,estado nutricional en menores de 5 anos,clasificacion c,2003-04-01,124,222,124,222,346
10501,MONTEAGUDO,estado nutricional en menores de 5 anos,clasificacion c,2003-04-01,423,442,423,442,865
71001,MONTERO,estado nutricional en menores de 5 anos,clasificacion c,2003-04-01,1545,813,1545,813,2358
70803,MORO MORO,estado nutricional en menores de 5 anos,clasificacion c,2003-04-01,63,35,63,35,98
30302,MOROCHATA,estado nutricional en menores de 5 anos,clasificacion c,2003-04-01,251,233,251,233,484
90401,NACEBE (SANTA ROSA DEL ABUNA),estado nutricional en menores de 5 anos,clasificacion c,2003-04-01,12,14,12,14,26
20307,NAZACARA DE PACAJES,estado nutricional en menores de 5 anos,clasificacion c,2003-04-01,16,3,16,3,19
90501,NUEVO MANOA (NUEVA ESPERANZA),estado nutricional en menores de 5 anos,clasificacion c,2003-04-01,0,5,0,5,5
50404,OCURI,estado nutricional en menores de 5 anos,clasificacion c,2003-04-01,140,142,140,142,282
70202,OKINAWA,estado nutricional en menores de 5 anos,clasificacion c,2003-04-01,101,154,101,154,255
30203,OMEREQUE,estado nutricional en menores de 5 anos,clasificacion c,2003-04-01,61,72,61,72,133
40101,ORURO,estado nutricional en menores de 5 anos,clasificacion c,2003-04-01,1814,1702,1814,1702,3516
60201,PADCAYA,estado nutricional en menores de 5 anos,clasificacion c,2003-04-01,239,265,239,265,504
10401,PADILLA,estado nutricional en menores de 5 anos,clasificacion c,2003-04-01,318,402,318,402,720
70502,PAILON,estado nutricional en menores de 5 anos,clasificacion c,2003-04-01,72,47,72,47,119
20102,PALCA,estado nutricional en menores de 5 anos,clasificacion c,2003-04-01,164,110,164,110,274
21104,PALOS BLANCOS,estado nutricional en menores de 5 anos,clasificacion c,2003-04-01,278,189,278,189,467
40802,PAMPA AULLAGAS,estado nutricional en menores de 5 anos,clasificacion c,2003-04-01,45,49,45,49,94
70902,PAMPA GRANDE,estado nutricional en menores de 5 anos,clasificacion c,2003-04-01,71,57,71,57,128
21802,PAPEL PAMPA,estado nutricional en menores de 5 anos,clasificacion c,2003-04-01,56,50,56,50,106
30202,PASORAPA,estado nutricional en menores de 5 anos,clasificacion c,2003-04-01,62,51,62,51,113
21305,PATACAMAYA,estado nutricional en menores de 5 anos,clasificacion c,2003-04-01,188,63,188,63,251
40602,PAZÃ‘A,estado nutricional en menores de 5 anos,clasificacion c,2003-04-01,43,45,43,45,88
20702,PELECHUCO,estado nutricional en menores de 5 anos,clasificacion c,2003-04-01,52,39,52,39,91
50403,POCOATA,estado nutricional en menores de 5 anos,clasificacion c,2003-04-01,309,239,309,239,548
31203,POCONA,estado nutricional en menores de 5 anos,clasificacion c,2003-04-01,83,53,83,53,136
31202,POJO (CBBA),estado nutricional en menores de 5 anos,clasificacion c,2003-04-01,447,289,447,289,736
40601,POOPO,estado nutricional en menores de 5 anos,clasificacion c,2003-04-01,61,71,61,71,132
51203,PORCO,estado nutricional en menores de 5 anos,clasificacion c,2003-04-01,64,21,64,21,85
10103,POROMA,estado nutricional en menores de 5 anos,clasificacion c,2003-04-01,248,183,248,183,431
70103,PORONGO,estado nutricional en menores de 5 anos,clasificacion c,2003-04-01,65,79,65,79,144
70601,PORTACHUELO,estado nutricional en menores de 5 anos,clasificacion c,2003-04-01,302,260,302,260,562
90102,PORVENIR,estado nutricional en menores de 5 anos,clasificacion c,2003-04-01,61,64,61,64,125
70804,POSTRER VALLE,estado nutricional en menores de 5 anos,clasificacion c,2003-04-01,8,13,8,13,21
50101,POTOSI,estado nutricional en menores de 5 anos,clasificacion c,2003-04-01,1906,644,1906,644,2550
10302,PRESTO,estado nutricional en menores de 5 anos,clasificacion c,2003-04-01,151,128,151,128,279
70805,PUCARA,estado nutricional en menores de 5 anos,clasificacion c,2003-04-01,8,7,8,7,15
21201,PUCARANI,estado nutricional en menores de 5 anos,clasificacion c,2003-04-01,154,52,154,52,206
20401,PUERTO ACOSTA,estado nutricional en menores de 5 anos,clasificacion c,2003-04-01,214,208,214,208,422
20403,PUERTO CARABUCO,estado nutricional en menores de 5 anos,clasificacion c,2003-04-01,113,119,113,119,232
90301,PUERTO GONZALO MORENO,estado nutricional en menores de 5 anos,clasificacion c,2003-04-01,48,70,48,70,118
21204,PUERTO PEREZ,estado nutricional en menores de 5 anos,clasificacion c,2003-04-01,88,59,88,59,147
71402,PUERTO QUIJARRO,estado nutricional en menores de 5 anos,clasificacion c,2003-04-01,196,68,196,68,264
90201,PUERTO RICO,estado nutricional en menores de 5 anos,clasificacion c,2003-04-01,2,57,2,57,59
80703,PUERTO SILES,estado nutricional en menores de 5 anos,clasificacion c,2003-04-01,6,9,6,9,15
71401,PUERTO SUAREZ,estado nutricional en menores de 5 anos,clasificacion c,2003-04-01,176,40,176,40,216
31205,PUERTO VILLARROEL,estado nutricional en menores de 5 anos,clasificacion c,2003-04-01,594,425,594,425,1019
51101,PUNA,estado nutricional en menores de 5 anos,clasificacion c,2003-04-01,239,166,239,166,405
31401,PUNATA,estado nutricional en menores de 5 anos,clasificacion c,2003-04-01,323,267,323,267,590
20604,QUIABAYA,estado nutricional en menores de 5 anos,clasificacion c,2003-04-01,21,32,21,32,53
30901,QUILLACOLLO,estado nutricional en menores de 5 anos,clasificacion c,2003-04-01,439,278,439,278,717
21002,QUIME,estado nutricional en menores de 5 anos,clasificacion c,2003-04-01,151,130,151,130,281
70904,QUIRUSILLAS,estado nutricional en menores de 5 anos,clasificacion c,2003-04-01,21,30,21,30,51
50402,RAVELO,estado nutricional en menores de 5 anos,clasificacion c,2003-04-01,195,180,195,180,375
80301,REYES,estado nutricional en menores de 5 anos,clasificacion c,2003-04-01,177,117,177,117,294
80201,RIBERALTA,estado nutricional en menores de 5 anos,clasificacion c,2003-04-01,1245,425,1245,425,1670
70503,ROBORE,estado nutricional en menores de 5 anos,clasificacion c,2003-04-01,170,151,170,151,321
80304,RURRENABAQUE,estado nutricional en menores de 5 anos,clasificacion c,2003-04-01,190,82,190,82,272
40901,SABAYA,estado nutricional en menores de 5 anos,clasificacion c,2003-04-01,13,13,13,13,26
31001,SACABA,estado nutricional en menores de 5 anos,clasificacion c,2003-04-01,429,267,429,267,696
30404,SACABAMBA,estado nutricional en menores de 5 anos,clasificacion c,2003-04-01,1,17,1,17,18
50701,SACACA,estado nutricional en menores de 5 anos,clasificacion c,2003-04-01,217,271,217,271,488
71302,SAIPINA,estado nutricional en menores de 5 anos,clasificacion c,2003-04-01,40,48,40,48,88
40801,SALINAS DE GARCI MENDOZA,estado nutricional en menores de 5 anos,clasificacion c,2003-04-01,84,63,84,63,147
70901,SAMAIPATA,estado nutricional en menores de 5 anos,clasificacion c,2003-04-01,95,69,95,69,164
51601,SAN AGUSTIN,estado nutricional en menores de 5 anos,clasificacion c,2003-04-01,24,25,24,25,49
80602,SAN ANDRES,estado nutricional en menores de 5 anos,clasificacion c,2003-04-01,52,73,52,73,125
51003,SAN ANTONIO DE ESMORUCO,estado nutricional en menores de 5 anos,clasificacion c,2003-04-01,3,6,3,6,9
71105,SAN ANTONIO DE LOMERIO,estado nutricional en menores de 5 anos,clasificacion c,2003-04-01,98,113,98,113,211
31403,SAN BENITO,estado nutricional en menores de 5 anos,clasificacion c,2003-04-01,86,83,86,83,169
80302,SAN BORJA,estado nutricional en menores de 5 anos,clasificacion c,2003-04-01,468,255,468,255,723
21502,SAN BUENA VENTURA,estado nutricional en menores de 5 anos,clasificacion c,2003-04-01,101,93,101,93,194
70402,SAN CARLOS,estado nutricional en menores de 5 anos,clasificacion c,2003-04-01,267,236,267,236,503
80501,SAN IGNACIO,estado nutricional en menores de 5 anos,clasificacion c,2003-04-01,251,229,251,229,480
70301,SAN IGNACIO DE VELASCO,estado nutricional en menores de 5 anos,clasificacion c,2003-04-01,679,285,679,285,964
80102,SAN JAVIER(BNI),estado nutricional en menores de 5 anos,clasificacion c,2003-04-01,17,29,17,29,46
71102,SAN JAVIER(STC),estado nutricional en menores de 5 anos,clasificacion c,2003-04-01,101,127,101,127,228
80701,SAN JOAQUIN,estado nutricional en menores de 5 anos,clasificacion c,2003-04-01,14,57,14,57,71
70501,SAN JOSE DE CHIQUITOS,estado nutricional en menores de 5 anos,clasificacion c,2003-04-01,182,59,182,59,241
71104,SAN JULIAN,estado nutricional en menores de 5 anos,clasificacion c,2003-04-01,361,439,361,439,800
90302,SAN LORENZO(PND),estado nutricional en menores de 5 anos,clasificacion c,2003-04-01,20,17,20,17,37
60501,SAN LORENZO(TJA),estado nutricional en menores de 5 anos,clasificacion c,2003-04-01,229,243,229,243,472
10702,SAN LUCAS,estado nutricional en menores de 5 anos,clasificacion c,2003-04-01,633,589,633,589,1222
70302,SAN MIGUEL DE VELASCO,estado nutricional en menores de 5 anos,clasificacion c,2003-04-01,170,144,170,144,314
51001,SAN PABLO DE LIPEZ,estado nutricional en menores de 5 anos,clasificacion c,2003-04-01,50,29,50,29,79
50501,SAN PEDRO DE BUENA VISTA,estado nutricional en menores de 5 anos,clasificacion c,2003-04-01,212,231,212,231,443
21801,SAN PEDRO DE CURAHUARA,estado nutricional en menores de 5 anos,clasificacion c,2003-04-01,33,25,33,25,58
50902,SAN PEDRO DE QUEMES,estado nutricional en menores de 5 anos,clasificacion c,2003-04-01,13,9,13,9,22
21702,SAN PEDRO DE TIQUINA,estado nutricional en menores de 5 anos,clasificacion c,2003-04-01,32,42,32,42,74
70303,SAN RAFAEL,estado nutricional en menores de 5 anos,clasificacion c,2003-04-01,82,59,82,59,141
80702,SAN RAMON,estado nutricional en menores de 5 anos,clasificacion c,2003-04-01,44,76,44,76,120
80401,SANTA ANA,estado nutricional en menores de 5 anos,clasificacion c,2003-04-01,23,30,23,30,53
70101,SANTA CRUZ DE LA SIERRA,estado nutricional en menores de 5 anos,clasificacion c,2003-04-01,7376,4012,7376,4012,11388
80303,SANTA ROSA,estado nutricional en menores de 5 anos,clasificacion c,2003-04-01,103,58,103,58,161
70602,SANTA ROSA DEL SARA,estado nutricional en menores de 5 anos,clasificacion c,2003-04-01,85,65,85,65,150
20308,SANTIAGO DE CALLAPA,estado nutricional en menores de 5 anos,clasificacion c,2003-04-01,74,50,74,50,124
41401,SANTIAGO DE HUARI,estado nutricional en menores de 5 anos,clasificacion c,2003-04-01,41,48,41,48,89
21901,SANTIAGO DE MACHACA,estado nutricional en menores de 5 anos,clasificacion c,2003-04-01,15,9,15,9,24
30702,SANTIVAÃ‘ES,estado nutricional en menores de 5 anos,clasificacion c,2003-04-01,92,33,92,33,125
40202,SANTUARIO DE QUILLACAS,estado nutricional en menores de 5 anos,clasificacion c,2003-04-01,12,24,12,24,36
20902,SAPAHAQUI,estado nutricional en menores de 5 anos,clasificacion c,2003-04-01,100,93,100,93,193
90303,SENA,estado nutricional en menores de 5 anos,clasificacion c,2003-04-01,24,18,24,18,42
21301,SICA SICA (VILLA AROMA),estado nutricional en menores de 5 anos,clasificacion c,2003-04-01,227,123,227,123,350
30703,SICAYA,estado nutricional en menores de 5 anos,clasificacion c,2003-04-01,21,16,21,16,37
30902,SIPE SIPE,estado nutricional en menores de 5 anos,clasificacion c,2003-04-01,357,215,357,215,572
10403,SOPACHUY,estado nutricional en menores de 5 anos,clasificacion c,2003-04-01,122,98,122,98,220
20601,SORATA,estado nutricional en menores de 5 anos,clasificacion c,2003-04-01,178,224,178,224,402
10101,SUCRE,estado nutricional en menores de 5 anos,clasificacion c,2003-04-01,2162,1592,2162,1592,3754
31404,TACACHI,estado nutricional en menores de 5 anos,clasificacion c,2003-04-01,3,5,3,5,8
20603,TACACOMA,estado nutricional en menores de 5 anos,clasificacion c,2003-04-01,72,124,72,124,196
50303,TACOBAMBA,estado nutricional en menores de 5 anos,clasificacion c,2003-04-01,128,104,128,104,232
30602,TACOPAYA,estado nutricional en menores de 5 anos,clasificacion c,2003-04-01,191,215,191,215,406
51402,TAHUA,estado nutricional en menores de 5 anos,clasificacion c,2003-04-01,19,28,19,28,47
31101,TAPACARI,estado nutricional en menores de 5 anos,clasificacion c,2003-04-01,169,236,169,236,405
10601,TARABUCO,estado nutricional en menores de 5 anos,clasificacion c,2003-04-01,422,616,422,616,1038
30401,TARATA,estado nutricional en menores de 5 anos,clasificacion c,2003-04-01,101,354,101,354,455
60101,TARIJA,estado nutricional en menores de 5 anos,clasificacion c,2003-04-01,1207,766,1207,766,1973
10202,TARVITA,estado nutricional en menores de 5 anos,clasificacion c,2003-04-01,231,323,231,323,554
20803,TIAWANACU,estado nutricional en menores de 5 anos,clasificacion c,2003-04-01,139,73,139,73,212
50102,TINGUIPAYA,estado nutricional en menores de 5 anos,clasificacion c,2003-04-01,53,69,53,69,122
20606,TIPUANI,estado nutricional en menores de 5 anos,clasificacion c,2003-04-01,93,40,93,40,133
30903,TIQUIPAYA,estado nutricional en menores de 5 anos,clasificacion c,2003-04-01,252,126,252,126,378
31601,TIRAQUE (CBBA),estado nutricional en menores de 5 anos,clasificacion c,2003-04-01,294,408,294,408,702
21703,TITO YUPANQUI (PARQUIPUJIO),estado nutricional en menores de 5 anos,clasificacion c,2003-04-01,13,17,13,17,30
30802,TOCO,estado nutricional en menores de 5 anos,clasificacion c,2003-04-01,17,19,17,19,36
30803,TOLATA,estado nutricional en menores de 5 anos,clasificacion c,2003-04-01,32,48,32,48,80
41001,TOLEDO,estado nutricional en menores de 5 anos,clasificacion c,2003-04-01,88,85,88,85,173
51202,TOMAVE,estado nutricional en menores de 5 anos,clasificacion c,2003-04-01,165,163,165,163,328
10402,TOMINA,estado nutricional en menores de 5 anos,clasificacion c,2003-04-01,186,266,186,266,452
50502,TORO TORO,estado nutricional en menores de 5 anos,clasificacion c,2003-04-01,146,146,146,146,292
31201,TOTORA(CBBA),estado nutricional en menores de 5 anos,clasificacion c,2003-04-01,156,80,156,80,236
41301,TOTORA(ORR),estado nutricional en menores de 5 anos,clasificacion c,2003-04-01,58,48,58,48,106
70802,TRIGAL,estado nutricional en menores de 5 anos,clasificacion c,2003-04-01,21,7,21,7,28
80101,TRINIDAD,estado nutricional en menores de 5 anos,clasificacion c,2003-04-01,807,956,807,956,1763
50801,TUPIZA,estado nutricional en menores de 5 anos,clasificacion c,2003-04-01,350,838,350,838,1188
40402,TURCO,estado nutricional en menores de 5 anos,clasificacion c,2003-04-01,62,39,62,39,101
21302,UMALA,estado nutricional en menores de 5 anos,clasificacion c,2003-04-01,84,42,84,42,126
50201,UNCIA,estado nutricional en menores de 5 anos,clasificacion c,2003-04-01,66,22,66,22,88
60401,URIONDO (A. CONCEPCION),estado nutricional en menores de 5 anos,clasificacion c,2003-04-01,135,129,135,129,264
71502,URUBICHA,estado nutricional en menores de 5 anos,clasificacion c,2003-04-01,164,361,164,361,525
51201,UYUNI,estado nutricional en menores de 5 anos,clasificacion c,2003-04-01,506,422,506,422,928
30502,VACAS,estado nutricional en menores de 5 anos,clasificacion c,2003-04-01,50,29,50,29,79
70801,VALLEGRANDE,estado nutricional en menores de 5 anos,clasificacion c,2003-04-01,211,171,211,171,382
20801,VIACHA,estado nutricional en menores de 5 anos,clasificacion c,2003-04-01,470,225,470,225,695
31302,VILA VILA,estado nutricional en menores de 5 anos,clasificacion c,2003-04-01,41,52,41,52,93
60303,VILLA MONTES,estado nutricional en menores de 5 anos,clasificacion c,2003-04-01,415,256,415,256,671
90502,VILLA NUEVA (LOMA ALTA),estado nutricional en menores de 5 anos,clasificacion c,2003-04-01,5,10,5,10,15
31402,VILLA RIVERO,estado nutricional en menores de 5 anos,clasificacion c,2003-04-01,51,17,51,17,68
10801,VILLA SERRANO,estado nutricional en menores de 5 anos,clasificacion c,2003-04-01,374,424,374,424,798
31003,VILLA TUNARI,estado nutricional en menores de 5 anos,clasificacion c,2003-04-01,452,222,452,222,674
11001,VILLA VACA GUZMAN (MUYUPAMPA),estado nutricional en menores de 5 anos,clasificacion c,2003-04-01,181,263,181,263,444
51501,VILLAZON,estado nutricional en menores de 5 anos,clasificacion c,2003-04-01,481,365,481,365,846
30904,VINTO,estado nutricional en menores de 5 anos,clasificacion c,2003-04-01,105,35,105,35,140
50602,VITICHI,estado nutricional en menores de 5 anos,clasificacion c,2003-04-01,238,276,238,276,514
20306,WALDO BALLIVIAN,estado nutricional en menores de 5 anos,clasificacion c,2003-04-01,11,9,11,9,20
70201,WARNES,estado nutricional en menores de 5 anos,clasificacion c,2003-04-01,427,275,427,275,702
20903,YACO,estado nutricional en menores de 5 anos,clasificacion c,2003-04-01,40,45,40,45,85
60301,YACUIBA,estado nutricional en menores de 5 anos,clasificacion c,2003-04-01,720,261,720,261,981
10602,YAMPARAEZ,estado nutricional en menores de 5 anos,clasificacion c,2003-04-01,258,434,258,434,692
21103,YANACACHI,estado nutricional en menores de 5 anos,clasificacion c,2003-04-01,50,50,50,50,100
70403,YAPACANI,estado nutricional en menores de 5 anos,clasificacion c,2003-04-01,510,358,510,358,868
50103,YOCALLA,estado nutricional en menores de 5 anos,clasificacion c,2003-04-01,56,56,56,56,112
10102,YOTALA,estado nutricional en menores de 5 anos,clasificacion c,2003-04-01,152,314,152,314,466
60402,YUNCHARA,estado nutricional en menores de 5 anos,clasificacion c,2003-04-01,81,90,81,90,171
10301,ZUDAÃ‘EZ,estado nutricional en menores de 5 anos,clasificacion c,2003-04-01,146,152,146,152,298
51302,ACACIO,estado nutricional en menores de 5 anos,clasificacion c,2003-05-01,114,144,114,144,258
20201,ACHACACHI,estado nutricional en menores de 5 anos,clasificacion c,2003-05-01,721,1094,721,1094,1815
20104,ACHOCALLA,estado nutricional en menores de 5 anos,clasificacion c,2003-05-01,217,132,217,132,349
30201,AIQUILE,estado nutricional en menores de 5 anos,clasificacion c,2003-05-01,152,130,152,130,282
31303,ALALAY,estado nutricional en menores de 5 anos,clasificacion c,2003-05-01,38,26,38,26,64
10404,ALCALA,estado nutricional en menores de 5 anos,clasificacion c,2003-05-01,73,141,73,141,214
20202,ANCORAIMES,estado nutricional en menores de 5 anos,clasificacion c,2003-05-01,259,363,259,363,622
41201,ANDAMARCA,estado nutricional en menores de 5 anos,clasificacion c,2003-05-01,11,18,11,18,29
30402,ANZALDO,estado nutricional en menores de 5 anos,clasificacion c,2003-05-01,53,73,53,73,126
20701,APOLO,estado nutricional en menores de 5 anos,clasificacion c,2003-05-01,33,21,33,21,54
51301,ARAMPAMPA,estado nutricional en menores de 5 anos,clasificacion c,2003-05-01,89,111,89,111,200
30403,ARBIETO,estado nutricional en menores de 5 anos,clasificacion c,2003-05-01,31,15,31,15,46
30601,ARQUE,estado nutricional en menores de 5 anos,clasificacion c,2003-05-01,85,90,85,90,175
50802,ATOCHA,estado nutricional en menores de 5 anos,clasificacion c,2003-05-01,75,312,75,312,387
20503,AUCAPATA,estado nutricional en menores de 5 anos,clasificacion c,2003-05-01,51,56,51,56,107
20502,AYATA,estado nutricional en menores de 5 anos,clasificacion c,2003-05-01,57,15,57,15,72
21303,AYO AYO,estado nutricional en menores de 5 anos,clasificacion c,2003-05-01,102,84,102,84,186
30301,AYOPAYA (V. DE INDEPENDENCIA),estado nutricional en menores de 5 anos,clasificacion c,2003-05-01,229,306,229,306,535
10201,AZURDUY,estado nutricional en menores de 5 anos,clasificacion c,2003-05-01,208,323,208,323,531
21203,BATALLAS,estado nutricional en menores de 5 anos,clasificacion c,2003-05-01,193,214,193,214,407
80802,BAURES,estado nutricional en menores de 5 anos,clasificacion c,2003-05-01,68,113,68,113,181
41202,BELEN DE ANDAMARCA,estado nutricional en menores de 5 anos,clasificacion c,2003-05-01,7,5,7,5,12
50104,BELEN DE URMIRI,estado nutricional en menores de 5 anos,clasificacion c,2003-05-01,42,48,42,48,90
90104,BELLA FLOR,estado nutricional en menores de 5 anos,clasificacion c,2003-05-01,38,60,38,60,98
60202,BERMEJO,estado nutricional en menores de 5 anos,clasificacion c,2003-05-01,74,113,74,113,187
50301,BETANZOS,estado nutricional en menores de 5 anos,clasificacion c,2003-05-01,542,570,542,570,1112
31501,BOLIVAR,estado nutricional en menores de 5 anos,clasificacion c,2003-05-01,130,174,130,174,304
90103,BOLPEBRA,estado nutricional en menores de 5 anos,clasificacion c,2003-05-01,30,59,30,59,89
70707,BOYUIBE,estado nutricional en menores de 5 anos,clasificacion c,2003-05-01,38,58,38,58,96
70401,BUENA VISTA,estado nutricional en menores de 5 anos,clasificacion c,2003-05-01,136,177,136,177,313
70703,CABEZAS,estado nutricional en menores de 5 anos,clasificacion c,2003-05-01,87,96,87,96,183
20905,CAIROMA,estado nutricional en menores de 5 anos,clasificacion c,2003-05-01,114,101,114,101,215
51102,"CAIZA ""D""",estado nutricional en menores de 5 anos,clasificacion c,2003-05-01,240,198,240,198,438
21003,CAJUATA,estado nutricional en menores de 5 anos,clasificacion c,2003-05-01,62,51,62,51,113
20303,CALACOTO,estado nutricional en menores de 5 anos,clasificacion c,2003-05-01,47,19,47,19,66
21304,CALAMARCA,estado nutricional en menores de 5 anos,clasificacion c,2003-05-01,176,62,176,62,238
10701,CAMARGO,estado nutricional en menores de 5 anos,clasificacion c,2003-05-01,273,235,273,235,508
10901,CAMATAQUI (C. VILLA ABECIA),estado nutricional en menores de 5 anos,clasificacion c,2003-05-01,59,87,59,87,146
70706,CAMIRI,estado nutricional en menores de 5 anos,clasificacion c,2003-05-01,331,163,331,163,494
30701,CAPINOTA,estado nutricional en menores de 5 anos,clasificacion c,2003-05-01,66,29,66,29,95
20302,CAQUIAVIRI,estado nutricional en menores de 5 anos,clasificacion c,2003-05-01,176,228,176,228,404
40102,CARACOLLO,estado nutricional en menores de 5 anos,clasificacion c,2003-05-01,145,142,145,142,287
22001,CARANAVI,estado nutricional en menores de 5 anos,clasificacion c,2003-05-01,654,585,654,585,1239
41503,CARANGAS,estado nutricional en menores de 5 anos,clasificacion c,2003-05-01,2,3,2,3,5
60302,CARAPARI,estado nutricional en menores de 5 anos,clasificacion c,2003-05-01,156,227,156,227,383
50702,CARIPUYO,estado nutricional en menores de 5 anos,clasificacion c,2003-05-01,119,115,119,115,234
21902,CATACORA,estado nutricional en menores de 5 anos,clasificacion c,2003-05-01,23,51,23,51,74
40201,CHALLAPATA,estado nutricional en menores de 5 anos,clasificacion c,2003-05-01,158,201,158,201,359
50302,CHAQUI,estado nutricional en menores de 5 anos,clasificacion c,2003-05-01,148,160,148,160,308
70702,CHARAGUA,estado nutricional en menores de 5 anos,clasificacion c,2003-05-01,266,382,266,382,648
20305,CHARAÃ‘A,estado nutricional en menores de 5 anos,clasificacion c,2003-05-01,39,21,39,21,60
50202,CHAYANTA,estado nutricional en menores de 5 anos,clasificacion c,2003-05-01,116,91,116,91,207
31204,CHIMORE,estado nutricional en menores de 5 anos,clasificacion c,2003-05-01,48,32,48,32,80
40302,CHOQUE COTA,estado nutricional en menores de 5 anos,clasificacion c,2003-05-01,30,0,30,0,30
21101,CHULUMANI (V. DE LA LIBERTAD),estado nutricional en menores de 5 anos,clasificacion c,2003-05-01,156,113,156,113,269
20501,CHUMA,estado nutricional en menores de 5 anos,clasificacion c,2003-05-01,70,51,70,51,121
30801,CLIZA,estado nutricional en menores de 5 anos,clasificacion c,2003-05-01,74,8,74,8,82
90101,COBIJA,estado nutricional en menores de 5 anos,clasificacion c,2003-05-01,300,290,300,290,590
30101,COCHABAMBA,estado nutricional en menores de 5 anos,clasificacion c,2003-05-01,2181,1424,2181,1424,3605
40902,COIPASA,estado nutricional en menores de 5 anos,clasificacion c,2003-05-01,3,1,3,1,4
30905,COLCAPIRHUA,estado nutricional en menores de 5 anos,clasificacion c,2003-05-01,22,23,22,23,45
50901,"COLCHA ""K""",estado nutricional en menores de 5 anos,clasificacion c,2003-05-01,175,237,175,237,412
21307,COLLANA,estado nutricional en menores de 5 anos,clasificacion c,2003-05-01,11,8,11,8,19
31002,COLOMI,estado nutricional en menores de 5 anos,clasificacion c,2003-05-01,386,148,386,148,534
50401,COLQUECHACA,estado nutricional en menores de 5 anos,clasificacion c,2003-05-01,170,97,170,97,267
21306,COLQUENCHA,estado nutricional en menores de 5 anos,clasificacion c,2003-05-01,56,49,56,49,105
21004,COLQUIRI,estado nutricional en menores de 5 anos,clasificacion c,2003-05-01,204,161,204,161,365
20304,COMANCHE,estado nutricional en menores de 5 anos,clasificacion c,2003-05-01,17,24,17,24,41
71301,COMARAPA,estado nutricional en menores de 5 anos,clasificacion c,2003-05-01,171,138,171,138,309
20605,COMBAYA,estado nutricional en menores de 5 anos,clasificacion c,2003-05-01,18,38,18,38,56
71101,CONCEPCION,estado nutricional en menores de 5 anos,clasificacion c,2003-05-01,55,16,55,16,71
21701,COPACABANA,estado nutricional en menores de 5 anos,clasificacion c,2003-05-01,87,70,87,70,157
21402,CORIPATA,estado nutricional en menores de 5 anos,clasificacion c,2003-05-01,60,4,60,4,64
20301,CORO CORO,estado nutricional en menores de 5 anos,clasificacion c,2003-05-01,110,83,110,83,193
21401,COROICO,estado nutricional en menores de 5 anos,clasificacion c,2003-05-01,154,169,154,169,323
40301,CORQUE,estado nutricional en menores de 5 anos,clasificacion c,2003-05-01,107,99,107,99,206
50601,COTAGAITA,estado nutricional en menores de 5 anos,clasificacion c,2003-05-01,351,521,351,521,872
70102,COTOCA,estado nutricional en menores de 5 anos,clasificacion c,2003-05-01,125,23,125,23,148
70704,CUEVO,estado nutricional en menores de 5 anos,clasificacion c,2003-05-01,63,46,63,46,109
10902,CULPINA,estado nutricional en menores de 5 anos,clasificacion c,2003-05-01,396,426,396,426,822
40401,CURAHUARA DE CARANGAS,estado nutricional en menores de 5 anos,clasificacion c,2003-05-01,25,113,25,113,138
21602,CURVA,estado nutricional en menores de 5 anos,clasificacion c,2003-05-01,34,20,34,20,54
20804,DESAGUADERO,estado nutricional en menores de 5 anos,clasificacion c,2003-05-01,27,42,27,42,69
20105,EL ALTO,estado nutricional en menores de 5 anos,clasificacion c,2003-05-01,6301,3287,6301,3287,9588
40103,EL CHORO,estado nutricional en menores de 5 anos,clasificacion c,2003-05-01,39,36,39,36,75
71503,EL PUENTE(STC),estado nutricional en menores de 5 anos,clasificacion c,2003-05-01,15,328,15,328,343
60502,EL PUENTE(TJA),estado nutricional en menores de 5 anos,clasificacion c,2003-05-01,213,366,213,366,579
70105,EL TORNO,estado nutricional en menores de 5 anos,clasificacion c,2003-05-01,246,177,246,177,423
10405,EL VILLAR,estado nutricional en menores de 5 anos,clasificacion c,2003-05-01,98,183,98,183,281
60601,ENTRE RIOS,estado nutricional en menores de 5 anos,clasificacion c,2003-05-01,167,275,167,275,442
40502,ESCARA,estado nutricional en menores de 5 anos,clasificacion c,2003-05-01,4,2,4,2,6
41101,EUCALIPTUS,estado nutricional en menores de 5 anos,clasificacion c,2003-05-01,27,23,27,23,50
80402,EXALTACION,estado nutricional en menores de 5 anos,clasificacion c,2003-05-01,0,167,0,167,167
90203,FILADELFIA,estado nutricional en menores de 5 anos,clasificacion c,2003-05-01,16,13,16,13,29
71002,GENERAL SAAVEDRA,estado nutricional en menores de 5 anos,clasificacion c,2003-05-01,250,298,250,298,548
21601,GRAL. J.J. PEREZ (CHARAZANI),estado nutricional en menores de 5 anos,clasificacion c,2003-05-01,82,178,82,178,260
20602,GUANAY,estado nutricional en menores de 5 anos,clasificacion c,2003-05-01,471,386,471,386,857
20802,GUAQUI,estado nutricional en menores de 5 anos,clasificacion c,2003-05-01,47,18,47,18,65
80202,GUAYARAMERIN,estado nutricional en menores de 5 anos,clasificacion c,2003-05-01,474,279,474,279,753
70705,GUTIERREZ,estado nutricional en menores de 5 anos,clasificacion c,2003-05-01,194,238,194,238,432
10502,HUACARETA,estado nutricional en menores de 5 anos,clasificacion c,2003-05-01,196,385,196,385,581
11002,HUACAYA (VILLA DE HUACAYA),estado nutricional en menores de 5 anos,clasificacion c,2003-05-01,36,86,36,86,122
40501,HUACHACALLA,estado nutricional en menores de 5 anos,clasificacion c,2003-05-01,13,18,13,18,31
40701,HUANUNI,estado nutricional en menores de 5 anos,clasificacion c,2003-05-01,174,150,174,150,324
80803,HUARACAJE,estado nutricional en menores de 5 anos,clasificacion c,2003-05-01,47,41,47,41,88
41601,HUAYLLAMARCA,estado nutricional en menores de 5 anos,clasificacion c,2003-05-01,54,62,54,62,116
21005,ICHOCA,estado nutricional en menores de 5 anos,clasificacion c,2003-05-01,66,143,66,143,209
10304,ICLA,estado nutricional en menores de 5 anos,clasificacion c,2003-05-01,209,314,209,314,523
10703,INCAHUASI,estado nutricional en menores de 5 anos,clasificacion c,2003-05-01,311,217,311,217,528
90402,INGAVI (HUMAITA),estado nutricional en menores de 5 anos,clasificacion c,2003-05-01,0,3,0,3,3
21001,INQUISIVI,estado nutricional en menores de 5 anos,clasificacion c,2003-05-01,234,374,234,374,608
21102,IRUPANA (VILLA DE LANZA),estado nutricional en menores de 5 anos,clasificacion c,2003-05-01,197,270,197,270,467
21501,IXIAMAS,estado nutricional en menores de 5 anos,clasificacion c,2003-05-01,64,96,64,96,160
21105,LA ASUNTA,estado nutricional en menores de 5 anos,clasificacion c,2003-05-01,165,58,165,58,223
70104,LA GUARDIA,estado nutricional en menores de 5 anos,clasificacion c,2003-05-01,479,278,479,278,757
20101,LA PAZ,estado nutricional en menores de 5 anos,clasificacion c,2003-05-01,4452,3105,4452,3105,7557
41501,LA RIVERA,estado nutricional en menores de 5 anos,clasificacion c,2003-05-01,5,4,5,4,9
70701,LAGUNILLAS,estado nutricional en menores de 5 anos,clasificacion c,2003-05-01,124,180,124,180,304
21202,LAJA,estado nutricional en menores de 5 anos,clasificacion c,2003-05-01,111,122,111,122,233
10903,LAS CARRERAS,estado nutricional en menores de 5 anos,clasificacion c,2003-05-01,85,122,85,122,207
21006,LICOMA PAMPA,estado nutricional en menores de 5 anos,clasificacion c,2003-05-01,54,67,54,67,121
50203,LLALLAGUA,estado nutricional en menores de 5 anos,clasificacion c,2003-05-01,87,921,87,921,1008
51401,LLICA,estado nutricional en menores de 5 anos,clasificacion c,2003-05-01,42,72,42,72,114
80601,LORETO,estado nutricional en menores de 5 anos,clasificacion c,2003-05-01,43,83,43,83,126
20901,LURIBAY,estado nutricional en menores de 5 anos,clasificacion c,2003-05-01,147,139,147,139,286
40702,MACHACAMARCA,estado nutricional en menores de 5 anos,clasificacion c,2003-05-01,32,38,32,38,70
11003,MACHARETI,estado nutricional en menores de 5 anos,clasificacion c,2003-05-01,167,320,167,320,487
80801,MAGDALENA,estado nutricional en menores de 5 anos,clasificacion c,2003-05-01,120,166,120,166,286
70903,MAIRANA,estado nutricional en menores de 5 anos,clasificacion c,2003-05-01,109,62,109,62,171
20904,MALLA,estado nutricional en menores de 5 anos,clasificacion c,2003-05-01,6,17,6,17,23
20103,MECAPACA,estado nutricional en menores de 5 anos,clasificacion c,2003-05-01,173,159,173,159,332
71003,MINEROS,estado nutricional en menores de 5 anos,clasificacion c,2003-05-01,587,365,587,365,952
31301,MIZQUE,estado nutricional en menores de 5 anos,clasificacion c,2003-05-01,154,181,154,181,335
20402,MOCOMOCO,estado nutricional en menores de 5 anos,clasificacion c,2003-05-01,239,251,239,251,490
51002,MOJINETE,estado nutricional en menores de 5 anos,clasificacion c,2003-05-01,21,22,21,22,43
10303,MOJOCOYA,estado nutricional en menores de 5 anos,clasificacion c,2003-05-01,172,359,172,359,531
10501,MONTEAGUDO,estado nutricional en menores de 5 anos,clasificacion c,2003-05-01,433,564,433,564,997
71001,MONTERO,estado nutricional en menores de 5 anos,clasificacion c,2003-05-01,1622,879,1622,879,2501
70803,MORO MORO,estado nutricional en menores de 5 anos,clasificacion c,2003-05-01,40,52,40,52,92
30302,MOROCHATA,estado nutricional en menores de 5 anos,clasificacion c,2003-05-01,348,517,348,517,865
90401,NACEBE (SANTA ROSA DEL ABUNA),estado nutricional en menores de 5 anos,clasificacion c,2003-05-01,10,20,10,20,30
20307,NAZACARA DE PACAJES,estado nutricional en menores de 5 anos,clasificacion c,2003-05-01,11,27,11,27,38
90501,NUEVO MANOA (NUEVA ESPERANZA),estado nutricional en menores de 5 anos,clasificacion c,2003-05-01,17,15,17,15,32
50404,OCURI,estado nutricional en menores de 5 anos,clasificacion c,2003-05-01,80,218,80,218,298
70202,OKINAWA,estado nutricional en menores de 5 anos,clasificacion c,2003-05-01,29,17,29,17,46
30203,OMEREQUE,estado nutricional en menores de 5 anos,clasificacion c,2003-05-01,54,73,54,73,127
40101,ORURO,estado nutricional en menores de 5 anos,clasificacion c,2003-05-01,1832,1493,1832,1493,3325
60201,PADCAYA,estado nutricional en menores de 5 anos,clasificacion c,2003-05-01,326,427,326,427,753
10401,PADILLA,estado nutricional en menores de 5 anos,clasificacion c,2003-05-01,302,477,302,477,779
70502,PAILON,estado nutricional en menores de 5 anos,clasificacion c,2003-05-01,98,51,98,51,149
20102,PALCA,estado nutricional en menores de 5 anos,clasificacion c,2003-05-01,165,254,165,254,419
21104,PALOS BLANCOS,estado nutricional en menores de 5 anos,clasificacion c,2003-05-01,374,520,374,520,894
40802,PAMPA AULLAGAS,estado nutricional en menores de 5 anos,clasificacion c,2003-05-01,22,26,22,26,48
70902,PAMPA GRANDE,estado nutricional en menores de 5 anos,clasificacion c,2003-05-01,41,54,41,54,95
21802,PAPEL PAMPA,estado nutricional en menores de 5 anos,clasificacion c,2003-05-01,54,83,54,83,137
30202,PASORAPA,estado nutricional en menores de 5 anos,clasificacion c,2003-05-01,65,77,65,77,142
21305,PATACAMAYA,estado nutricional en menores de 5 anos,clasificacion c,2003-05-01,142,78,142,78,220
40602,PAZÃ‘A,estado nutricional en menores de 5 anos,clasificacion c,2003-05-01,41,53,41,53,94
20702,PELECHUCO,estado nutricional en menores de 5 anos,clasificacion c,2003-05-01,53,78,53,78,131
50403,POCOATA,estado nutricional en menores de 5 anos,clasificacion c,2003-05-01,313,415,313,415,728
31203,POCONA,estado nutricional en menores de 5 anos,clasificacion c,2003-05-01,96,141,96,141,237
31202,POJO (CBBA),estado nutricional en menores de 5 anos,clasificacion c,2003-05-01,433,539,433,539,972
40601,POOPO,estado nutricional en menores de 5 anos,clasificacion c,2003-05-01,32,82,32,82,114
51203,PORCO,estado nutricional en menores de 5 anos,clasificacion c,2003-05-01,34,18,34,18,52
10103,POROMA,estado nutricional en menores de 5 anos,clasificacion c,2003-05-01,274,367,274,367,641
70103,PORONGO,estado nutricional en menores de 5 anos,clasificacion c,2003-05-01,64,81,64,81,145
70601,PORTACHUELO,estado nutricional en menores de 5 anos,clasificacion c,2003-05-01,257,199,257,199,456
90102,PORVENIR,estado nutricional en menores de 5 anos,clasificacion c,2003-05-01,65,67,65,67,132
70804,POSTRER VALLE,estado nutricional en menores de 5 anos,clasificacion c,2003-05-01,9,12,9,12,21
50101,POTOSI,estado nutricional en menores de 5 anos,clasificacion c,2003-05-01,1718,830,1718,830,2548
10302,PRESTO,estado nutricional en menores de 5 anos,clasificacion c,2003-05-01,220,281,220,281,501
70805,PUCARA,estado nutricional en menores de 5 anos,clasificacion c,2003-05-01,23,28,23,28,51
21201,PUCARANI,estado nutricional en menores de 5 anos,clasificacion c,2003-05-01,185,251,185,251,436
20401,PUERTO ACOSTA,estado nutricional en menores de 5 anos,clasificacion c,2003-05-01,261,566,261,566,827
20403,PUERTO CARABUCO,estado nutricional en menores de 5 anos,clasificacion c,2003-05-01,157,204,157,204,361
90301,PUERTO GONZALO MORENO,estado nutricional en menores de 5 anos,clasificacion c,2003-05-01,21,10,21,10,31
21204,PUERTO PEREZ,estado nutricional en menores de 5 anos,clasificacion c,2003-05-01,70,84,70,84,154
71402,PUERTO QUIJARRO,estado nutricional en menores de 5 anos,clasificacion c,2003-05-01,218,57,218,57,275
90201,PUERTO RICO,estado nutricional en menores de 5 anos,clasificacion c,2003-05-01,12,47,12,47,59
80703,PUERTO SILES,estado nutricional en menores de 5 anos,clasificacion c,2003-05-01,11,10,11,10,21
71401,PUERTO SUAREZ,estado nutricional en menores de 5 anos,clasificacion c,2003-05-01,144,27,144,27,171
31205,PUERTO VILLARROEL,estado nutricional en menores de 5 anos,clasificacion c,2003-05-01,442,385,442,385,827
51101,PUNA,estado nutricional en menores de 5 anos,clasificacion c,2003-05-01,415,469,415,469,884
20604,QUIABAYA,estado nutricional en menores de 5 anos,clasificacion c,2003-05-01,23,48,23,48,71
30901,QUILLACOLLO,estado nutricional en menores de 5 anos,clasificacion c,2003-05-01,369,225,369,225,594
21002,QUIME,estado nutricional en menores de 5 anos,clasificacion c,2003-05-01,148,289,148,289,437
70904,QUIRUSILLAS,estado nutricional en menores de 5 anos,clasificacion c,2003-05-01,17,24,17,24,41
50402,RAVELO,estado nutricional en menores de 5 anos,clasificacion c,2003-05-01,291,204,291,204,495
80301,REYES,estado nutricional en menores de 5 anos,clasificacion c,2003-05-01,236,208,236,208,444
80201,RIBERALTA,estado nutricional en menores de 5 anos,clasificacion c,2003-05-01,1025,454,1025,454,1479
70503,ROBORE,estado nutricional en menores de 5 anos,clasificacion c,2003-05-01,172,120,172,120,292
80304,RURRENABAQUE,estado nutricional en menores de 5 anos,clasificacion c,2003-05-01,190,133,190,133,323
40901,SABAYA,estado nutricional en menores de 5 anos,clasificacion c,2003-05-01,24,29,24,29,53
31001,SACABA,estado nutricional en menores de 5 anos,clasificacion c,2003-05-01,441,386,441,386,827
30404,SACABAMBA,estado nutricional en menores de 5 anos,clasificacion c,2003-05-01,21,16,21,16,37
50701,SACACA,estado nutricional en menores de 5 anos,clasificacion c,2003-05-01,243,399,243,399,642
71302,SAIPINA,estado nutricional en menores de 5 anos,clasificacion c,2003-05-01,36,35,36,35,71
40801,SALINAS DE GARCI MENDOZA,estado nutricional en menores de 5 anos,clasificacion c,2003-05-01,54,72,54,72,126
70901,SAMAIPATA,estado nutricional en menores de 5 anos,clasificacion c,2003-05-01,106,77,106,77,183
51601,SAN AGUSTIN,estado nutricional en menores de 5 anos,clasificacion c,2003-05-01,37,35,37,35,72
80602,SAN ANDRES,estado nutricional en menores de 5 anos,clasificacion c,2003-05-01,52,26,52,26,78
51003,SAN ANTONIO DE ESMORUCO,estado nutricional en menores de 5 anos,clasificacion c,2003-05-01,12,42,12,42,54
71105,SAN ANTONIO DE LOMERIO,estado nutricional en menores de 5 anos,clasificacion c,2003-05-01,85,117,85,117,202
80302,SAN BORJA,estado nutricional en menores de 5 anos,clasificacion c,2003-05-01,544,400,544,400,944
21502,SAN BUENA VENTURA,estado nutricional en menores de 5 anos,clasificacion c,2003-05-01,124,90,124,90,214
70402,SAN CARLOS,estado nutricional en menores de 5 anos,clasificacion c,2003-05-01,233,303,233,303,536
80501,SAN IGNACIO,estado nutricional en menores de 5 anos,clasificacion c,2003-05-01,222,224,222,224,446
70301,SAN IGNACIO DE VELASCO,estado nutricional en menores de 5 anos,clasificacion c,2003-05-01,621,517,621,517,1138
80102,SAN JAVIER(BNI),estado nutricional en menores de 5 anos,clasificacion c,2003-05-01,23,32,23,32,55
71102,SAN JAVIER(STC),estado nutricional en menores de 5 anos,clasificacion c,2003-05-01,107,85,107,85,192
80701,SAN JOAQUIN,estado nutricional en menores de 5 anos,clasificacion c,2003-05-01,55,22,55,22,77
70501,SAN JOSE DE CHIQUITOS,estado nutricional en menores de 5 anos,clasificacion c,2003-05-01,66,36,66,36,102
71104,SAN JULIAN,estado nutricional en menores de 5 anos,clasificacion c,2003-05-01,512,768,512,768,1280
90302,SAN LORENZO(PND),estado nutricional en menores de 5 anos,clasificacion c,2003-05-01,26,23,26,23,49
60501,SAN LORENZO(TJA),estado nutricional en menores de 5 anos,clasificacion c,2003-05-01,169,169,169,169,338
10702,SAN LUCAS,estado nutricional en menores de 5 anos,clasificacion c,2003-05-01,748,844,748,844,1592
70302,SAN MIGUEL DE VELASCO,estado nutricional en menores de 5 anos,clasificacion c,2003-05-01,134,138,134,138,272
51001,SAN PABLO DE LIPEZ,estado nutricional en menores de 5 anos,clasificacion c,2003-05-01,47,51,47,51,98
50501,SAN PEDRO DE BUENA VISTA,estado nutricional en menores de 5 anos,clasificacion c,2003-05-01,195,556,195,556,751
21801,SAN PEDRO DE CURAHUARA,estado nutricional en menores de 5 anos,clasificacion c,2003-05-01,14,23,14,23,37
50902,SAN PEDRO DE QUEMES,estado nutricional en menores de 5 anos,clasificacion c,2003-05-01,16,23,16,23,39
21702,SAN PEDRO DE TIQUINA,estado nutricional en menores de 5 anos,clasificacion c,2003-05-01,46,68,46,68,114
70303,SAN RAFAEL,estado nutricional en menores de 5 anos,clasificacion c,2003-05-01,89,95,89,95,184
80702,SAN RAMON,estado nutricional en menores de 5 anos,clasificacion c,2003-05-01,26,81,26,81,107
80702,SAN RAMON,estado nutricional en menores de 5 anos,clasificacion c,2003-05-01,70,50,70,50,120
80401,SANTA ANA,estado nutricional en menores de 5 anos,clasificacion c,2003-05-01,0,57,0,57,57
70101,SANTA CRUZ DE LA SIERRA,estado nutricional en menores de 5 anos,clasificacion c,2003-05-01,2882,1868,2882,1868,4750
80303,SANTA ROSA,estado nutricional en menores de 5 anos,clasificacion c,2003-05-01,71,77,71,77,148
70602,SANTA ROSA DEL SARA,estado nutricional en menores de 5 anos,clasificacion c,2003-05-01,51,37,51,37,88
20308,SANTIAGO DE CALLAPA,estado nutricional en menores de 5 anos,clasificacion c,2003-05-01,120,176,120,176,296
41401,SANTIAGO DE HUARI,estado nutricional en menores de 5 anos,clasificacion c,2003-05-01,40,76,40,76,116
21901,SANTIAGO DE MACHACA,estado nutricional en menores de 5 anos,clasificacion c,2003-05-01,74,134,74,134,208
30702,SANTIVAÃ‘ES,estado nutricional en menores de 5 anos,clasificacion c,2003-05-01,104,50,104,50,154
40202,SANTUARIO DE QUILLACAS,estado nutricional en menores de 5 anos,clasificacion c,2003-05-01,14,21,14,21,35
20902,SAPAHAQUI,estado nutricional en menores de 5 anos,clasificacion c,2003-05-01,81,75,81,75,156
90303,SENA,estado nutricional en menores de 5 anos,clasificacion c,2003-05-01,15,2,15,2,17
21301,SICA SICA (VILLA AROMA),estado nutricional en menores de 5 anos,clasificacion c,2003-05-01,325,211,325,211,536
30703,SICAYA,estado nutricional en menores de 5 anos,clasificacion c,2003-05-01,28,5,28,5,33
30902,SIPE SIPE,estado nutricional en menores de 5 anos,clasificacion c,2003-05-01,286,153,286,153,439
10403,SOPACHUY,estado nutricional en menores de 5 anos,clasificacion c,2003-05-01,146,109,146,109,255
20601,SORATA,estado nutricional en menores de 5 anos,clasificacion c,2003-05-01,201,326,201,326,527
10101,SUCRE,estado nutricional en menores de 5 anos,clasificacion c,2003-05-01,2200,1802,2200,1802,4002
20603,TACACOMA,estado nutricional en menores de 5 anos,clasificacion c,2003-05-01,56,92,56,92,148
50303,TACOBAMBA,estado nutricional en menores de 5 anos,clasificacion c,2003-05-01,152,142,152,142,294
30602,TACOPAYA,estado nutricional en menores de 5 anos,clasificacion c,2003-05-01,118,142,118,142,260
51402,TAHUA,estado nutricional en menores de 5 anos,clasificacion c,2003-05-01,16,35,16,35,51
31101,TAPACARI,estado nutricional en menores de 5 anos,clasificacion c,2003-05-01,259,304,259,304,563
10601,TARABUCO,estado nutricional en menores de 5 anos,clasificacion c,2003-05-01,476,635,476,635,1111
30401,TARATA,estado nutricional en menores de 5 anos,clasificacion c,2003-05-01,40,314,40,314,354
60101,TARIJA,estado nutricional en menores de 5 anos,clasificacion c,2003-05-01,1177,968,1177,968,2145
10202,TARVITA,estado nutricional en menores de 5 anos,clasificacion c,2003-05-01,275,389,275,389,664
20803,TIAWANACU,estado nutricional en menores de 5 anos,clasificacion c,2003-05-01,150,167,150,167,317
50102,TINGUIPAYA,estado nutricional en menores de 5 anos,clasificacion c,2003-05-01,142,140,142,140,282
20606,TIPUANI,estado nutricional en menores de 5 anos,clasificacion c,2003-05-01,90,51,90,51,141
30903,TIQUIPAYA,estado nutricional en menores de 5 anos,clasificacion c,2003-05-01,462,162,462,162,624
31601,TIRAQUE (CBBA),estado nutricional en menores de 5 anos,clasificacion c,2003-05-01,220,157,220,157,377
21703,TITO YUPANQUI (PARQUIPUJIO),estado nutricional en menores de 5 anos,clasificacion c,2003-05-01,16,47,16,47,63
30802,TOCO,estado nutricional en menores de 5 anos,clasificacion c,2003-05-01,21,33,21,33,54
41502,TODOS SANTOS,estado nutricional en menores de 5 anos,clasificacion c,2003-05-01,3,5,3,5,8
30803,TOLATA,estado nutricional en menores de 5 anos,clasificacion c,2003-05-01,27,59,27,59,86
41001,TOLEDO,estado nutricional en menores de 5 anos,clasificacion c,2003-05-01,48,27,48,27,75
51202,TOMAVE,estado nutricional en menores de 5 anos,clasificacion c,2003-05-01,171,243,171,243,414
10402,TOMINA,estado nutricional en menores de 5 anos,clasificacion c,2003-05-01,173,288,173,288,461
50502,TORO TORO,estado nutricional en menores de 5 anos,clasificacion c,2003-05-01,210,287,210,287,497
31201,TOTORA(CBBA),estado nutricional en menores de 5 anos,clasificacion c,2003-05-01,157,127,157,127,284
41301,TOTORA(ORR),estado nutricional en menores de 5 anos,clasificacion c,2003-05-01,74,135,74,135,209
70802,TRIGAL,estado nutricional en menores de 5 anos,clasificacion c,2003-05-01,12,15,12,15,27
80101,TRINIDAD,estado nutricional en menores de 5 anos,clasificacion c,2003-05-01,656,620,656,620,1276
50801,TUPIZA,estado nutricional en menores de 5 anos,clasificacion c,2003-05-01,325,935,325,935,1260
40402,TURCO,estado nutricional en menores de 5 anos,clasificacion c,2003-05-01,44,59,44,59,103
21302,UMALA,estado nutricional en menores de 5 anos,clasificacion c,2003-05-01,30,34,30,34,64
50201,UNCIA,estado nutricional en menores de 5 anos,clasificacion c,2003-05-01,35,5,35,5,40
60401,URIONDO (A. CONCEPCION),estado nutricional en menores de 5 anos,clasificacion c,2003-05-01,110,131,110,131,241
71502,URUBICHA,estado nutricional en menores de 5 anos,clasificacion c,2003-05-01,7,11,7,11,18
51201,UYUNI,estado nutricional en menores de 5 anos,clasificacion c,2003-05-01,387,373,387,373,760
70801,VALLEGRANDE,estado nutricional en menores de 5 anos,clasificacion c,2003-05-01,214,260,214,260,474
20801,VIACHA,estado nutricional en menores de 5 anos,clasificacion c,2003-05-01,492,584,492,584,1076
31302,VILA VILA,estado nutricional en menores de 5 anos,clasificacion c,2003-05-01,91,209,91,209,300
60303,VILLA MONTES,estado nutricional en menores de 5 anos,clasificacion c,2003-05-01,326,178,326,178,504
90502,VILLA NUEVA (LOMA ALTA),estado nutricional en menores de 5 anos,clasificacion c,2003-05-01,1,0,1,0,1
10801,VILLA SERRANO,estado nutricional en menores de 5 anos,clasificacion c,2003-05-01,336,503,336,503,839
31003,VILLA TUNARI,estado nutricional en menores de 5 anos,clasificacion c,2003-05-01,409,231,409,231,640
11001,VILLA VACA GUZMAN (MUYUPAMPA),estado nutricional en menores de 5 anos,clasificacion c,2003-05-01,186,312,186,312,498
51501,VILLAZON,estado nutricional en menores de 5 anos,clasificacion c,2003-05-01,372,278,372,278,650
50602,VITICHI,estado nutricional en menores de 5 anos,clasificacion c,2003-05-01,224,385,224,385,609
20306,WALDO BALLIVIAN,estado nutricional en menores de 5 anos,clasificacion c,2003-05-01,15,12,15,12,27
70201,WARNES,estado nutricional en menores de 5 anos,clasificacion c,2003-05-01,38,19,38,19,57
20903,YACO,estado nutricional en menores de 5 anos,clasificacion c,2003-05-01,29,49,29,49,78
60301,YACUIBA,estado nutricional en menores de 5 anos,clasificacion c,2003-05-01,504,348,504,348,852
10602,YAMPARAEZ,estado nutricional en menores de 5 anos,clasificacion c,2003-05-01,243,417,243,417,660
21103,YANACACHI,estado nutricional en menores de 5 anos,clasificacion c,2003-05-01,92,137,92,137,229
70403,YAPACANI,estado nutricional en menores de 5 anos,clasificacion c,2003-05-01,337,501,337,501,838
50103,YOCALLA,estado nutricional en menores de 5 anos,clasificacion c,2003-05-01,68,121,68,121,189
10102,YOTALA,estado nutricional en menores de 5 anos,clasificacion c,2003-05-01,161,361,161,361,522
60402,YUNCHARA,estado nutricional en menores de 5 anos,clasificacion c,2003-05-01,45,69,45,69,114
10301,ZUDAÃ‘EZ,estado nutricional en menores de 5 anos,clasificacion c,2003-05-01,166,218,166,218,384
51302,ACACIO,estado nutricional en menores de 5 anos,clasificacion c,2003-06-01,88,126,88,126,214
20201,ACHACACHI,estado nutricional en menores de 5 anos,clasificacion c,2003-06-01,675,1096,675,1096,1771
20104,ACHOCALLA,estado nutricional en menores de 5 anos,clasificacion c,2003-06-01,92,94,92,94,186
30201,AIQUILE,estado nutricional en menores de 5 anos,clasificacion c,2003-06-01,123,120,123,120,243
31303,ALALAY,estado nutricional en menores de 5 anos,clasificacion c,2003-06-01,27,29,27,29,56
10404,ALCALA,estado nutricional en menores de 5 anos,clasificacion c,2003-06-01,58,108,58,108,166
20202,ANCORAIMES,estado nutricional en menores de 5 anos,clasificacion c,2003-06-01,175,201,175,201,376
41201,ANDAMARCA,estado nutricional en menores de 5 anos,clasificacion c,2003-06-01,49,64,49,64,113
30402,ANZALDO,estado nutricional en menores de 5 anos,clasificacion c,2003-06-01,26,128,26,128,154
20701,APOLO,estado nutricional en menores de 5 anos,clasificacion c,2003-06-01,46,35,46,35,81
51301,ARAMPAMPA,estado nutricional en menores de 5 anos,clasificacion c,2003-06-01,95,143,95,143,238
30501,ARANI,estado nutricional en menores de 5 anos,clasificacion c,2003-06-01,9,41,9,41,50
30403,ARBIETO,estado nutricional en menores de 5 anos,clasificacion c,2003-06-01,31,19,31,19,50
30601,ARQUE,estado nutricional en menores de 5 anos,clasificacion c,2003-06-01,40,60,40,60,100
71501,ASCENCION DE GUARAYOS,estado nutricional en menores de 5 anos,clasificacion c,2003-06-01,241,456,241,456,697
50802,ATOCHA,estado nutricional en menores de 5 anos,clasificacion c,2003-06-01,77,316,77,316,393
20503,AUCAPATA,estado nutricional en menores de 5 anos,clasificacion c,2003-06-01,21,39,21,39,60
20502,AYATA,estado nutricional en menores de 5 anos,clasificacion c,2003-06-01,62,20,62,20,82
21303,AYO AYO,estado nutricional en menores de 5 anos,clasificacion c,2003-06-01,149,61,149,61,210
30301,AYOPAYA (V. DE INDEPENDENCIA),estado nutricional en menores de 5 anos,clasificacion c,2003-06-01,163,105,163,105,268
10201,AZURDUY,estado nutricional en menores de 5 anos,clasificacion c,2003-06-01,199,305,199,305,504
21203,BATALLAS,estado nutricional en menores de 5 anos,clasificacion c,2003-06-01,165,224,165,224,389
80802,BAURES,estado nutricional en menores de 5 anos,clasificacion c,2003-06-01,65,67,65,67,132
41202,BELEN DE ANDAMARCA,estado nutricional en menores de 5 anos,clasificacion c,2003-06-01,3,5,3,5,8
50104,BELEN DE URMIRI,estado nutricional en menores de 5 anos,clasificacion c,2003-06-01,39,32,39,32,71
90104,BELLA FLOR,estado nutricional en menores de 5 anos,clasificacion c,2003-06-01,44,93,44,93,137
60202,BERMEJO,estado nutricional en menores de 5 anos,clasificacion c,2003-06-01,55,71,55,71,126
50301,BETANZOS,estado nutricional en menores de 5 anos,clasificacion c,2003-06-01,331,240,331,240,571
31501,BOLIVAR,estado nutricional en menores de 5 anos,clasificacion c,2003-06-01,65,79,65,79,144
90103,BOLPEBRA,estado nutricional en menores de 5 anos,clasificacion c,2003-06-01,24,47,24,47,71
70707,BOYUIBE,estado nutricional en menores de 5 anos,clasificacion c,2003-06-01,62,110,62,110,172
70401,BUENA VISTA,estado nutricional en menores de 5 anos,clasificacion c,2003-06-01,223,243,223,243,466
70703,CABEZAS,estado nutricional en menores de 5 anos,clasificacion c,2003-06-01,118,123,118,123,241
20905,CAIROMA,estado nutricional en menores de 5 anos,clasificacion c,2003-06-01,113,90,113,90,203
51102,"CAIZA ""D""",estado nutricional en menores de 5 anos,clasificacion c,2003-06-01,158,134,158,134,292
21003,CAJUATA,estado nutricional en menores de 5 anos,clasificacion c,2003-06-01,43,57,43,57,100
20303,CALACOTO,estado nutricional en menores de 5 anos,clasificacion c,2003-06-01,41,29,41,29,70
21304,CALAMARCA,estado nutricional en menores de 5 anos,clasificacion c,2003-06-01,271,164,271,164,435
10701,CAMARGO,estado nutricional en menores de 5 anos,clasificacion c,2003-06-01,206,132,206,132,338
10901,CAMATAQUI (C. VILLA ABECIA),estado nutricional en menores de 5 anos,clasificacion c,2003-06-01,60,48,60,48,108
70706,CAMIRI,estado nutricional en menores de 5 anos,clasificacion c,2003-06-01,449,264,449,264,713
30701,CAPINOTA,estado nutricional en menores de 5 anos,clasificacion c,2003-06-01,54,56,54,56,110
20302,CAQUIAVIRI,estado nutricional en menores de 5 anos,clasificacion c,2003-06-01,118,181,118,181,299
40102,CARACOLLO,estado nutricional en menores de 5 anos,clasificacion c,2003-06-01,143,99,143,99,242
22001,CARANAVI,estado nutricional en menores de 5 anos,clasificacion c,2003-06-01,557,437,557,437,994
41503,CARANGAS,estado nutricional en menores de 5 anos,clasificacion c,2003-06-01,0,2,0,2,2
60302,CARAPARI,estado nutricional en menores de 5 anos,clasificacion c,2003-06-01,116,157,116,157,273
50702,CARIPUYO,estado nutricional en menores de 5 anos,clasificacion c,2003-06-01,135,140,135,140,275
40201,CHALLAPATA,estado nutricional en menores de 5 anos,clasificacion c,2003-06-01,209,212,209,212,421
50302,CHAQUI,estado nutricional en menores de 5 anos,clasificacion c,2003-06-01,104,112,104,112,216
70702,CHARAGUA,estado nutricional en menores de 5 anos,clasificacion c,2003-06-01,296,329,296,329,625
20305,CHARAÃ‘A,estado nutricional en menores de 5 anos,clasificacion c,2003-06-01,7,9,7,9,16
50202,CHAYANTA,estado nutricional en menores de 5 anos,clasificacion c,2003-06-01,87,87,87,87,174
31204,CHIMORE,estado nutricional en menores de 5 anos,clasificacion c,2003-06-01,83,52,83,52,135
40903,CHIPAYA,estado nutricional en menores de 5 anos,clasificacion c,2003-06-01,4,1,4,1,5
40302,CHOQUE COTA,estado nutricional en menores de 5 anos,clasificacion c,2003-06-01,22,27,22,27,49
21101,CHULUMANI (V. DE LA LIBERTAD),estado nutricional en menores de 5 anos,clasificacion c,2003-06-01,74,62,74,62,136
20501,CHUMA,estado nutricional en menores de 5 anos,clasificacion c,2003-06-01,82,65,82,65,147
30801,CLIZA,estado nutricional en menores de 5 anos,clasificacion c,2003-06-01,64,27,64,27,91
90101,COBIJA,estado nutricional en menores de 5 anos,clasificacion c,2003-06-01,240,166,240,166,406
30101,COCHABAMBA,estado nutricional en menores de 5 anos,clasificacion c,2003-06-01,2167,1356,2167,1356,3523
40902,COIPASA,estado nutricional en menores de 5 anos,clasificacion c,2003-06-01,8,4,8,4,12
30905,COLCAPIRHUA,estado nutricional en menores de 5 anos,clasificacion c,2003-06-01,134,63,134,63,197
50901,"COLCHA ""K""",estado nutricional en menores de 5 anos,clasificacion c,2003-06-01,138,148,138,148,286
21307,COLLANA,estado nutricional en menores de 5 anos,clasificacion c,2003-06-01,16,1,16,1,17
31002,COLOMI,estado nutricional en menores de 5 anos,clasificacion c,2003-06-01,340,178,340,178,518
50401,COLQUECHACA,estado nutricional en menores de 5 anos,clasificacion c,2003-06-01,295,182,295,182,477
21306,COLQUENCHA,estado nutricional en menores de 5 anos,clasificacion c,2003-06-01,48,21,48,21,69
21004,COLQUIRI,estado nutricional en menores de 5 anos,clasificacion c,2003-06-01,132,110,132,110,242
20304,COMANCHE,estado nutricional en menores de 5 anos,clasificacion c,2003-06-01,11,6,11,6,17
71301,COMARAPA,estado nutricional en menores de 5 anos,clasificacion c,2003-06-01,143,69,143,69,212
20605,COMBAYA,estado nutricional en menores de 5 anos,clasificacion c,2003-06-01,14,31,14,31,45
71101,CONCEPCION,estado nutricional en menores de 5 anos,clasificacion c,2003-06-01,27,49,27,49,76
21701,COPACABANA,estado nutricional en menores de 5 anos,clasificacion c,2003-06-01,76,57,76,57,133
21402,CORIPATA,estado nutricional en menores de 5 anos,clasificacion c,2003-06-01,26,2,26,2,28
20301,CORO CORO,estado nutricional en menores de 5 anos,clasificacion c,2003-06-01,82,47,82,47,129
21401,COROICO,estado nutricional en menores de 5 anos,clasificacion c,2003-06-01,169,174,169,174,343
40301,CORQUE,estado nutricional en menores de 5 anos,clasificacion c,2003-06-01,48,54,48,54,102
50601,COTAGAITA,estado nutricional en menores de 5 anos,clasificacion c,2003-06-01,362,406,362,406,768
70102,COTOCA,estado nutricional en menores de 5 anos,clasificacion c,2003-06-01,114,34,114,34,148
31405,CUCHUMUELA (V. G. VILLARROEL),estado nutricional en menores de 5 anos,clasificacion c,2003-06-01,27,20,27,20,47
70704,CUEVO,estado nutricional en menores de 5 anos,clasificacion c,2003-06-01,83,71,83,71,154
10902,CULPINA,estado nutricional en menores de 5 anos,clasificacion c,2003-06-01,380,379,380,379,759
40401,CURAHUARA DE CARANGAS,estado nutricional en menores de 5 anos,clasificacion c,2003-06-01,20,66,20,66,86
21602,CURVA,estado nutricional en menores de 5 anos,clasificacion c,2003-06-01,26,17,26,17,43
20804,DESAGUADERO,estado nutricional en menores de 5 anos,clasificacion c,2003-06-01,24,60,24,60,84
20105,EL ALTO,estado nutricional en menores de 5 anos,clasificacion c,2003-06-01,5686,2674,5686,2674,8360
40103,EL CHORO,estado nutricional en menores de 5 anos,clasificacion c,2003-06-01,46,53,46,53,99
71503,EL PUENTE(STC),estado nutricional en menores de 5 anos,clasificacion c,2003-06-01,66,238,66,238,304
60502,EL PUENTE(TJA),estado nutricional en menores de 5 anos,clasificacion c,2003-06-01,57,108,57,108,165
70105,EL TORNO,estado nutricional en menores de 5 anos,clasificacion c,2003-06-01,226,153,226,153,379
10405,EL VILLAR,estado nutricional en menores de 5 anos,clasificacion c,2003-06-01,80,137,80,137,217
60601,ENTRE RIOS,estado nutricional en menores de 5 anos,clasificacion c,2003-06-01,194,247,194,247,441
41101,EUCALIPTUS,estado nutricional en menores de 5 anos,clasificacion c,2003-06-01,80,116,80,116,196
90503,EUREKA (SANTOS MERCADO),estado nutricional en menores de 5 anos,clasificacion c,2003-06-01,3,5,3,5,8
80402,EXALTACION,estado nutricional en menores de 5 anos,clasificacion c,2003-06-01,0,51,0,51,51
90203,FILADELFIA,estado nutricional en menores de 5 anos,clasificacion c,2003-06-01,21,30,21,30,51
71002,GENERAL SAAVEDRA,estado nutricional en menores de 5 anos,clasificacion c,2003-06-01,251,400,251,400,651
21601,GRAL. J.J. PEREZ (CHARAZANI),estado nutricional en menores de 5 anos,clasificacion c,2003-06-01,106,237,106,237,343
20602,GUANAY,estado nutricional en menores de 5 anos,clasificacion c,2003-06-01,468,308,468,308,776
20802,GUAQUI,estado nutricional en menores de 5 anos,clasificacion c,2003-06-01,39,18,39,18,57
80202,GUAYARAMERIN,estado nutricional en menores de 5 anos,clasificacion c,2003-06-01,599,320,599,320,919
70705,GUTIERREZ,estado nutricional en menores de 5 anos,clasificacion c,2003-06-01,281,318,281,318,599
10502,HUACARETA,estado nutricional en menores de 5 anos,clasificacion c,2003-06-01,135,199,135,199,334
11002,HUACAYA (VILLA DE HUACAYA),estado nutricional en menores de 5 anos,clasificacion c,2003-06-01,28,38,28,38,66
40501,HUACHACALLA,estado nutricional en menores de 5 anos,clasificacion c,2003-06-01,16,9,16,9,25
40701,HUANUNI,estado nutricional en menores de 5 anos,clasificacion c,2003-06-01,300,164,300,164,464
80803,HUARACAJE,estado nutricional en menores de 5 anos,clasificacion c,2003-06-01,43,48,43,48,91
41601,HUAYLLAMARCA,estado nutricional en menores de 5 anos,clasificacion c,2003-06-01,61,56,61,56,117
21005,ICHOCA,estado nutricional en menores de 5 anos,clasificacion c,2003-06-01,40,117,40,117,157
10304,ICLA,estado nutricional en menores de 5 anos,clasificacion c,2003-06-01,193,294,193,294,487
10703,INCAHUASI,estado nutricional en menores de 5 anos,clasificacion c,2003-06-01,219,162,219,162,381
90402,INGAVI (HUMAITA),estado nutricional en menores de 5 anos,clasificacion c,2003-06-01,0,20,0,20,20
21001,INQUISIVI,estado nutricional en menores de 5 anos,clasificacion c,2003-06-01,177,208,177,208,385
21102,IRUPANA (VILLA DE LANZA),estado nutricional en menores de 5 anos,clasificacion c,2003-06-01,190,208,190,208,398
21501,IXIAMAS,estado nutricional en menores de 5 anos,clasificacion c,2003-06-01,86,71,86,71,157
21105,LA ASUNTA,estado nutricional en menores de 5 anos,clasificacion c,2003-06-01,208,118,208,118,326
70104,LA GUARDIA,estado nutricional en menores de 5 anos,clasificacion c,2003-06-01,475,221,475,221,696
20101,LA PAZ,estado nutricional en menores de 5 anos,clasificacion c,2003-06-01,4418,3026,4418,3026,7444
41501,LA RIVERA,estado nutricional en menores de 5 anos,clasificacion c,2003-06-01,1,3,1,3,4
70701,LAGUNILLAS,estado nutricional en menores de 5 anos,clasificacion c,2003-06-01,72,86,72,86,158
21202,LAJA,estado nutricional en menores de 5 anos,clasificacion c,2003-06-01,124,145,124,145,269
10903,LAS CARRERAS,estado nutricional en menores de 5 anos,clasificacion c,2003-06-01,48,65,48,65,113
21006,LICOMA PAMPA,estado nutricional en menores de 5 anos,clasificacion c,2003-06-01,10,45,10,45,55
50203,LLALLAGUA,estado nutricional en menores de 5 anos,clasificacion c,2003-06-01,78,996,78,996,1074
51401,LLICA,estado nutricional en menores de 5 anos,clasificacion c,2003-06-01,42,56,42,56,98
80601,LORETO,estado nutricional en menores de 5 anos,clasificacion c,2003-06-01,52,59,52,59,111
20901,LURIBAY,estado nutricional en menores de 5 anos,clasificacion c,2003-06-01,148,125,148,125,273
40702,MACHACAMARCA,estado nutricional en menores de 5 anos,clasificacion c,2003-06-01,33,39,33,39,72
11003,MACHARETI,estado nutricional en menores de 5 anos,clasificacion c,2003-06-01,122,210,122,210,332
80801,MAGDALENA,estado nutricional en menores de 5 anos,clasificacion c,2003-06-01,50,66,50,66,116
70903,MAIRANA,estado nutricional en menores de 5 anos,clasificacion c,2003-06-01,101,28,101,28,129
20904,MALLA,estado nutricional en menores de 5 anos,clasificacion c,2003-06-01,27,26,27,26,53
20103,MECAPACA,estado nutricional en menores de 5 anos,clasificacion c,2003-06-01,168,149,168,149,317
71003,MINEROS,estado nutricional en menores de 5 anos,clasificacion c,2003-06-01,725,399,725,399,1124
31301,MIZQUE,estado nutricional en menores de 5 anos,clasificacion c,2003-06-01,72,88,72,88,160
20402,MOCOMOCO,estado nutricional en menores de 5 anos,clasificacion c,2003-06-01,163,169,163,169,332
51002,MOJINETE,estado nutricional en menores de 5 anos,clasificacion c,2003-06-01,10,19,10,19,29
10303,MOJOCOYA,estado nutricional en menores de 5 anos,clasificacion c,2003-06-01,123,261,123,261,384
10501,MONTEAGUDO,estado nutricional en menores de 5 anos,clasificacion c,2003-06-01,366,408,366,408,774
71001,MONTERO,estado nutricional en menores de 5 anos,clasificacion c,2003-06-01,1440,715,1440,715,2155
70803,MORO MORO,estado nutricional en menores de 5 anos,clasificacion c,2003-06-01,25,40,25,40,65
30302,MOROCHATA,estado nutricional en menores de 5 anos,clasificacion c,2003-06-01,213,320,213,320,533
90401,NACEBE (SANTA ROSA DEL ABUNA),estado nutricional en menores de 5 anos,clasificacion c,2003-06-01,8,5,8,5,13
90501,NUEVO MANOA (NUEVA ESPERANZA),estado nutricional en menores de 5 anos,clasificacion c,2003-06-01,3,8,3,8,11
50404,OCURI,estado nutricional en menores de 5 anos,clasificacion c,2003-06-01,79,172,79,172,251
30203,OMEREQUE,estado nutricional en menores de 5 anos,clasificacion c,2003-06-01,37,52,37,52,89
40101,ORURO,estado nutricional en menores de 5 anos,clasificacion c,2003-06-01,1841,1495,1841,1495,3336
60201,PADCAYA,estado nutricional en menores de 5 anos,clasificacion c,2003-06-01,235,313,235,313,548
10401,PADILLA,estado nutricional en menores de 5 anos,clasificacion c,2003-06-01,278,387,278,387,665
70502,PAILON,estado nutricional en menores de 5 anos,clasificacion c,2003-06-01,91,80,91,80,171
20102,PALCA,estado nutricional en menores de 5 anos,clasificacion c,2003-06-01,120,184,120,184,304
21104,PALOS BLANCOS,estado nutricional en menores de 5 anos,clasificacion c,2003-06-01,241,272,241,272,513
40802,PAMPA AULLAGAS,estado nutricional en menores de 5 anos,clasificacion c,2003-06-01,20,25,20,25,45
70902,PAMPA GRANDE,estado nutricional en menores de 5 anos,clasificacion c,2003-06-01,93,68,93,68,161
21802,PAPEL PAMPA,estado nutricional en menores de 5 anos,clasificacion c,2003-06-01,57,66,57,66,123
30202,PASORAPA,estado nutricional en menores de 5 anos,clasificacion c,2003-06-01,40,30,40,30,70
21305,PATACAMAYA,estado nutricional en menores de 5 anos,clasificacion c,2003-06-01,254,136,254,136,390
40602,PAZÃ‘A,estado nutricional en menores de 5 anos,clasificacion c,2003-06-01,29,50,29,50,79
20702,PELECHUCO,estado nutricional en menores de 5 anos,clasificacion c,2003-06-01,33,45,33,45,78
50403,POCOATA,estado nutricional en menores de 5 anos,clasificacion c,2003-06-01,323,328,323,328,651
31203,POCONA,estado nutricional en menores de 5 anos,clasificacion c,2003-06-01,54,52,54,52,106
31202,POJO (CBBA),estado nutricional en menores de 5 anos,clasificacion c,2003-06-01,302,238,302,238,540
40601,POOPO,estado nutricional en menores de 5 anos,clasificacion c,2003-06-01,15,59,15,59,74
51203,PORCO,estado nutricional en menores de 5 anos,clasificacion c,2003-06-01,111,41,111,41,152
10103,POROMA,estado nutricional en menores de 5 anos,clasificacion c,2003-06-01,305,340,305,340,645
70103,PORONGO,estado nutricional en menores de 5 anos,clasificacion c,2003-06-01,48,55,48,55,103
70601,PORTACHUELO,estado nutricional en menores de 5 anos,clasificacion c,2003-06-01,298,190,298,190,488
90102,PORVENIR,estado nutricional en menores de 5 anos,clasificacion c,2003-06-01,79,58,79,58,137
70804,POSTRER VALLE,estado nutricional en menores de 5 anos,clasificacion c,2003-06-01,13,24,13,24,37
50101,POTOSI,estado nutricional en menores de 5 anos,clasificacion c,2003-06-01,1425,680,1425,680,2105
10302,PRESTO,estado nutricional en menores de 5 anos,clasificacion c,2003-06-01,123,126,123,126,249
70805,PUCARA,estado nutricional en menores de 5 anos,clasificacion c,2003-06-01,3,1,3,1,4
21201,PUCARANI,estado nutricional en menores de 5 anos,clasificacion c,2003-06-01,206,107,206,107,313
20401,PUERTO ACOSTA,estado nutricional en menores de 5 anos,clasificacion c,2003-06-01,170,273,170,273,443
20403,PUERTO CARABUCO,estado nutricional en menores de 5 anos,clasificacion c,2003-06-01,93,130,93,130,223
90301,PUERTO GONZALO MORENO,estado nutricional en menores de 5 anos,clasificacion c,2003-06-01,30,10,30,10,40
21204,PUERTO PEREZ,estado nutricional en menores de 5 anos,clasificacion c,2003-06-01,94,148,94,148,242
71402,PUERTO QUIJARRO,estado nutricional en menores de 5 anos,clasificacion c,2003-06-01,183,51,183,51,234
90201,PUERTO RICO,estado nutricional en menores de 5 anos,clasificacion c,2003-06-01,21,36,21,36,57
80703,PUERTO SILES,estado nutricional en menores de 5 anos,clasificacion c,2003-06-01,48,110,48,110,158
71401,PUERTO SUAREZ,estado nutricional en menores de 5 anos,clasificacion c,2003-06-01,163,41,163,41,204
31205,PUERTO VILLARROEL,estado nutricional en menores de 5 anos,clasificacion c,2003-06-01,460,323,460,323,783
51101,PUNA,estado nutricional en menores de 5 anos,clasificacion c,2003-06-01,223,114,223,114,337
31401,PUNATA,estado nutricional en menores de 5 anos,clasificacion c,2003-06-01,165,45,165,45,210
20604,QUIABAYA,estado nutricional en menores de 5 anos,clasificacion c,2003-06-01,23,26,23,26,49
30901,QUILLACOLLO,estado nutricional en menores de 5 anos,clasificacion c,2003-06-01,345,154,345,154,499
21002,QUIME,estado nutricional en menores de 5 anos,clasificacion c,2003-06-01,191,161,191,161,352
70904,QUIRUSILLAS,estado nutricional en menores de 5 anos,clasificacion c,2003-06-01,18,11,18,11,29
50402,RAVELO,estado nutricional en menores de 5 anos,clasificacion c,2003-06-01,322,272,322,272,594
80301,REYES,estado nutricional en menores de 5 anos,clasificacion c,2003-06-01,12,25,12,25,37
80201,RIBERALTA,estado nutricional en menores de 5 anos,clasificacion c,2003-06-01,1176,461,1176,461,1637
70503,ROBORE,estado nutricional en menores de 5 anos,clasificacion c,2003-06-01,171,125,171,125,296
80304,RURRENABAQUE,estado nutricional en menores de 5 anos,clasificacion c,2003-06-01,173,84,173,84,257
40901,SABAYA,estado nutricional en menores de 5 anos,clasificacion c,2003-06-01,31,28,31,28,59
31001,SACABA,estado nutricional en menores de 5 anos,clasificacion c,2003-06-01,312,132,312,132,444
30404,SACABAMBA,estado nutricional en menores de 5 anos,clasificacion c,2003-06-01,24,43,24,43,67
50701,SACACA,estado nutricional en menores de 5 anos,clasificacion c,2003-06-01,180,278,180,278,458
71302,SAIPINA,estado nutricional en menores de 5 anos,clasificacion c,2003-06-01,34,34,34,34,68
40801,SALINAS DE GARCI MENDOZA,estado nutricional en menores de 5 anos,clasificacion c,2003-06-01,58,59,58,59,117
70901,SAMAIPATA,estado nutricional en menores de 5 anos,clasificacion c,2003-06-01,91,73,91,73,164
51601,SAN AGUSTIN,estado nutricional en menores de 5 anos,clasificacion c,2003-06-01,36,26,36,26,62
80602,SAN ANDRES,estado nutricional en menores de 5 anos,clasificacion c,2003-06-01,40,30,40,30,70
51003,SAN ANTONIO DE ESMORUCO,estado nutricional en menores de 5 anos,clasificacion c,2003-06-01,3,13,3,13,16
71105,SAN ANTONIO DE LOMERIO,estado nutricional en menores de 5 anos,clasificacion c,2003-06-01,104,141,104,141,245
31403,SAN BENITO,estado nutricional en menores de 5 anos,clasificacion c,2003-06-01,607,149,607,149,756
80302,SAN BORJA,estado nutricional en menores de 5 anos,clasificacion c,2003-06-01,503,336,503,336,839
21502,SAN BUENA VENTURA,estado nutricional en menores de 5 anos,clasificacion c,2003-06-01,124,88,124,88,212
70402,SAN CARLOS,estado nutricional en menores de 5 anos,clasificacion c,2003-06-01,333,240,333,240,573
80501,SAN IGNACIO,estado nutricional en menores de 5 anos,clasificacion c,2003-06-01,210,195,210,195,405
70301,SAN IGNACIO DE VELASCO,estado nutricional en menores de 5 anos,clasificacion c,2003-06-01,566,374,566,374,940
80102,SAN JAVIER(BNI),estado nutricional en menores de 5 anos,clasificacion c,2003-06-01,19,31,19,31,50
71102,SAN JAVIER(STC),estado nutricional en menores de 5 anos,clasificacion c,2003-06-01,115,92,115,92,207
80701,SAN JOAQUIN,estado nutricional en menores de 5 anos,clasificacion c,2003-06-01,49,33,49,33,82
70501,SAN JOSE DE CHIQUITOS,estado nutricional en menores de 5 anos,clasificacion c,2003-06-01,150,38,150,38,188
71104,SAN JULIAN,estado nutricional en menores de 5 anos,clasificacion c,2003-06-01,411,497,411,497,908
90302,SAN LORENZO(PND),estado nutricional en menores de 5 anos,clasificacion c,2003-06-01,17,18,17,18,35
60501,SAN LORENZO(TJA),estado nutricional en menores de 5 anos,clasificacion c,2003-06-01,109,156,109,156,265
10702,SAN LUCAS,estado nutricional en menores de 5 anos,clasificacion c,2003-06-01,519,579,519,579,1098
71201,SAN MATIAS,estado nutricional en menores de 5 anos,clasificacion c,2003-06-01,170,56,170,56,226
70302,SAN MIGUEL DE VELASCO,estado nutricional en menores de 5 anos,clasificacion c,2003-06-01,139,96,139,96,235
51001,SAN PABLO DE LIPEZ,estado nutricional en menores de 5 anos,clasificacion c,2003-06-01,17,34,17,34,51
50501,SAN PEDRO DE BUENA VISTA,estado nutricional en menores de 5 anos,clasificacion c,2003-06-01,231,460,231,460,691
21801,SAN PEDRO DE CURAHUARA,estado nutricional en menores de 5 anos,clasificacion c,2003-06-01,79,126,79,126,205
50902,SAN PEDRO DE QUEMES,estado nutricional en menores de 5 anos,clasificacion c,2003-06-01,4,7,4,7,11
21702,SAN PEDRO DE TIQUINA,estado nutricional en menores de 5 anos,clasificacion c,2003-06-01,49,96,49,96,145
70303,SAN RAFAEL,estado nutricional en menores de 5 anos,clasificacion c,2003-06-01,90,74,90,74,164
80702,SAN RAMON,estado nutricional en menores de 5 anos,clasificacion c,2003-06-01,51,58,51,58,109
80401,SANTA ANA,estado nutricional en menores de 5 anos,clasificacion c,2003-06-01,0,58,0,58,58
70101,SANTA CRUZ DE LA SIERRA,estado nutricional en menores de 5 anos,clasificacion c,2003-06-01,5277,3025,5277,3025,8302
80303,SANTA ROSA,estado nutricional en menores de 5 anos,clasificacion c,2003-06-01,54,41,54,41,95
70602,SANTA ROSA DEL SARA,estado nutricional en menores de 5 anos,clasificacion c,2003-06-01,74,55,74,55,129
20308,SANTIAGO DE CALLAPA,estado nutricional en menores de 5 anos,clasificacion c,2003-06-01,41,93,41,93,134
41401,SANTIAGO DE HUARI,estado nutricional en menores de 5 anos,clasificacion c,2003-06-01,50,68,50,68,118
21901,SANTIAGO DE MACHACA,estado nutricional en menores de 5 anos,clasificacion c,2003-06-01,20,25,20,25,45
30702,SANTIVAÃ‘ES,estado nutricional en menores de 5 anos,clasificacion c,2003-06-01,95,60,95,60,155
40202,SANTUARIO DE QUILLACAS,estado nutricional en menores de 5 anos,clasificacion c,2003-06-01,22,29,22,29,51
20902,SAPAHAQUI,estado nutricional en menores de 5 anos,clasificacion c,2003-06-01,79,93,79,93,172
90303,SENA,estado nutricional en menores de 5 anos,clasificacion c,2003-06-01,2,8,2,8,10
21301,SICA SICA (VILLA AROMA),estado nutricional en menores de 5 anos,clasificacion c,2003-06-01,203,129,203,129,332
30703,SICAYA,estado nutricional en menores de 5 anos,clasificacion c,2003-06-01,18,0,18,0,18
30902,SIPE SIPE,estado nutricional en menores de 5 anos,clasificacion c,2003-06-01,377,292,377,292,669
10403,SOPACHUY,estado nutricional en menores de 5 anos,clasificacion c,2003-06-01,169,114,169,114,283
20601,SORATA,estado nutricional en menores de 5 anos,clasificacion c,2003-06-01,176,252,176,252,428
10101,SUCRE,estado nutricional en menores de 5 anos,clasificacion c,2003-06-01,2058,1571,2058,1571,3629
31404,TACACHI,estado nutricional en menores de 5 anos,clasificacion c,2003-06-01,11,3,11,3,14
20603,TACACOMA,estado nutricional en menores de 5 anos,clasificacion c,2003-06-01,55,117,55,117,172
50303,TACOBAMBA,estado nutricional en menores de 5 anos,clasificacion c,2003-06-01,132,108,132,108,240
30602,TACOPAYA,estado nutricional en menores de 5 anos,clasificacion c,2003-06-01,118,161,118,161,279
51402,TAHUA,estado nutricional en menores de 5 anos,clasificacion c,2003-06-01,11,17,11,17,28
31101,TAPACARI,estado nutricional en menores de 5 anos,clasificacion c,2003-06-01,173,296,173,296,469
10601,TARABUCO,estado nutricional en menores de 5 anos,clasificacion c,2003-06-01,457,664,457,664,1121
30401,TARATA,estado nutricional en menores de 5 anos,clasificacion c,2003-06-01,87,37,87,37,124
60101,TARIJA,estado nutricional en menores de 5 anos,clasificacion c,2003-06-01,1147,982,1147,982,2129
10202,TARVITA,estado nutricional en menores de 5 anos,clasificacion c,2003-06-01,198,262,198,262,460
20803,TIAWANACU,estado nutricional en menores de 5 anos,clasificacion c,2003-06-01,147,298,147,298,445
50102,TINGUIPAYA,estado nutricional en menores de 5 anos,clasificacion c,2003-06-01,217,404,217,404,621
20606,TIPUANI,estado nutricional en menores de 5 anos,clasificacion c,2003-06-01,79,62,79,62,141
30903,TIQUIPAYA,estado nutricional en menores de 5 anos,clasificacion c,2003-06-01,386,183,386,183,569
31601,TIRAQUE (CBBA),estado nutricional en menores de 5 anos,clasificacion c,2003-06-01,289,368,289,368,657
21703,TITO YUPANQUI (PARQUIPUJIO),estado nutricional en menores de 5 anos,clasificacion c,2003-06-01,23,21,23,21,44
30802,TOCO,estado nutricional en menores de 5 anos,clasificacion c,2003-06-01,1,6,1,6,7
41502,TODOS SANTOS,estado nutricional en menores de 5 anos,clasificacion c,2003-06-01,1,2,1,2,3
30803,TOLATA,estado nutricional en menores de 5 anos,clasificacion c,2003-06-01,21,15,21,15,36
41001,TOLEDO,estado nutricional en menores de 5 anos,clasificacion c,2003-06-01,40,22,40,22,62
51202,TOMAVE,estado nutricional en menores de 5 anos,clasificacion c,2003-06-01,116,200,116,200,316
10402,TOMINA,estado nutricional en menores de 5 anos,clasificacion c,2003-06-01,150,217,150,217,367
50502,TORO TORO,estado nutricional en menores de 5 anos,clasificacion c,2003-06-01,172,284,172,284,456
31201,TOTORA(CBBA),estado nutricional en menores de 5 anos,clasificacion c,2003-06-01,124,100,124,100,224
41301,TOTORA(ORR),estado nutricional en menores de 5 anos,clasificacion c,2003-06-01,60,122,60,122,182
70802,TRIGAL,estado nutricional en menores de 5 anos,clasificacion c,2003-06-01,11,8,11,8,19
80101,TRINIDAD,estado nutricional en menores de 5 anos,clasificacion c,2003-06-01,776,630,776,630,1406
50801,TUPIZA,estado nutricional en menores de 5 anos,clasificacion c,2003-06-01,338,570,338,570,908
40402,TURCO,estado nutricional en menores de 5 anos,clasificacion c,2003-06-01,46,73,46,73,119
21302,UMALA,estado nutricional en menores de 5 anos,clasificacion c,2003-06-01,36,30,36,30,66
50201,UNCIA,estado nutricional en menores de 5 anos,clasificacion c,2003-06-01,33,50,33,50,83
60401,URIONDO (A. CONCEPCION),estado nutricional en menores de 5 anos,clasificacion c,2003-06-01,153,155,153,155,308
71502,URUBICHA,estado nutricional en menores de 5 anos,clasificacion c,2003-06-01,161,355,161,355,516
51201,UYUNI,estado nutricional en menores de 5 anos,clasificacion c,2003-06-01,368,224,368,224,592
30502,VACAS,estado nutricional en menores de 5 anos,clasificacion c,2003-06-01,63,30,63,30,93
70801,VALLEGRANDE,estado nutricional en menores de 5 anos,clasificacion c,2003-06-01,218,229,218,229,447
20801,VIACHA,estado nutricional en menores de 5 anos,clasificacion c,2003-06-01,402,274,402,274,676
31302,VILA VILA,estado nutricional en menores de 5 anos,clasificacion c,2003-06-01,25,98,25,98,123
60303,VILLA MONTES,estado nutricional en menores de 5 anos,clasificacion c,2003-06-01,111,139,111,139,250
90502,VILLA NUEVA (LOMA ALTA),estado nutricional en menores de 5 anos,clasificacion c,2003-06-01,2,2,2,2,4
31402,VILLA RIVERO,estado nutricional en menores de 5 anos,clasificacion c,2003-06-01,48,21,48,21,69
10801,VILLA SERRANO,estado nutricional en menores de 5 anos,clasificacion c,2003-06-01,261,315,261,315,576
31003,VILLA TUNARI,estado nutricional en menores de 5 anos,clasificacion c,2003-06-01,454,202,454,202,656
11001,VILLA VACA GUZMAN (MUYUPAMPA),estado nutricional en menores de 5 anos,clasificacion c,2003-06-01,182,240,182,240,422
51501,VILLAZON,estado nutricional en menores de 5 anos,clasificacion c,2003-06-01,511,530,511,530,1041
30904,VINTO,estado nutricional en menores de 5 anos,clasificacion c,2003-06-01,58,16,58,16,74
50602,VITICHI,estado nutricional en menores de 5 anos,clasificacion c,2003-06-01,204,175,204,175,379
20306,WALDO BALLIVIAN,estado nutricional en menores de 5 anos,clasificacion c,2003-06-01,13,7,13,7,20
20903,YACO,estado nutricional en menores de 5 anos,clasificacion c,2003-06-01,26,29,26,29,55
60301,YACUIBA,estado nutricional en menores de 5 anos,clasificacion c,2003-06-01,463,339,463,339,802
10602,YAMPARAEZ,estado nutricional en menores de 5 anos,clasificacion c,2003-06-01,209,420,209,420,629
21103,YANACACHI,estado nutricional en menores de 5 anos,clasificacion c,2003-06-01,55,61,55,61,116
70403,YAPACANI,estado nutricional en menores de 5 anos,clasificacion c,2003-06-01,374,397,374,397,771
50103,YOCALLA,estado nutricional en menores de 5 anos,clasificacion c,2003-06-01,57,123,57,123,180
10102,YOTALA,estado nutricional en menores de 5 anos,clasificacion c,2003-06-01,152,344,152,344,496
60402,YUNCHARA,estado nutricional en menores de 5 anos,clasificacion c,2003-06-01,33,34,33,34,67
10301,ZUDAÃ‘EZ,estado nutricional en menores de 5 anos,clasificacion c,2003-06-01,121,143,121,143,264
51302,ACACIO,estado nutricional en menores de 5 anos,clasificacion c,2003-07-01,87,122,87,122,209
20201,ACHACACHI,estado nutricional en menores de 5 anos,clasificacion c,2003-07-01,586,519,586,519,1105
20104,ACHOCALLA,estado nutricional en menores de 5 anos,clasificacion c,2003-07-01,100,53,100,53,153
30201,AIQUILE,estado nutricional en menores de 5 anos,clasificacion c,2003-07-01,121,89,121,89,210
31303,ALALAY,estado nutricional en menores de 5 anos,clasificacion c,2003-07-01,32,22,32,22,54
10404,ALCALA,estado nutricional en menores de 5 anos,clasificacion c,2003-07-01,63,120,63,120,183
20202,ANCORAIMES,estado nutricional en menores de 5 anos,clasificacion c,2003-07-01,222,203,222,203,425
41201,ANDAMARCA,estado nutricional en menores de 5 anos,clasificacion c,2003-07-01,16,20,16,20,36
30402,ANZALDO,estado nutricional en menores de 5 anos,clasificacion c,2003-07-01,26,89,26,89,115
20701,APOLO,estado nutricional en menores de 5 anos,clasificacion c,2003-07-01,80,27,80,27,107
51301,ARAMPAMPA,estado nutricional en menores de 5 anos,clasificacion c,2003-07-01,69,98,69,98,167
30501,ARANI,estado nutricional en menores de 5 anos,clasificacion c,2003-07-01,31,55,31,55,86
30403,ARBIETO,estado nutricional en menores de 5 anos,clasificacion c,2003-07-01,41,17,41,17,58
30601,ARQUE,estado nutricional en menores de 5 anos,clasificacion c,2003-07-01,123,111,123,111,234
71501,ASCENCION DE GUARAYOS,estado nutricional en menores de 5 anos,clasificacion c,2003-07-01,5,7,5,7,12
50802,ATOCHA,estado nutricional en menores de 5 anos,clasificacion c,2003-07-01,41,393,41,393,434
20503,AUCAPATA,estado nutricional en menores de 5 anos,clasificacion c,2003-07-01,29,11,29,11,40
20502,AYATA,estado nutricional en menores de 5 anos,clasificacion c,2003-07-01,77,46,77,46,123
21303,AYO AYO,estado nutricional en menores de 5 anos,clasificacion c,2003-07-01,51,6,51,6,57
30301,AYOPAYA (V. DE INDEPENDENCIA),estado nutricional en menores de 5 anos,clasificacion c,2003-07-01,295,261,295,261,556
10201,AZURDUY,estado nutricional en menores de 5 anos,clasificacion c,2003-07-01,186,275,186,275,461
21203,BATALLAS,estado nutricional en menores de 5 anos,clasificacion c,2003-07-01,151,90,151,90,241
80802,BAURES,estado nutricional en menores de 5 anos,clasificacion c,2003-07-01,86,70,86,70,156
50104,BELEN DE URMIRI,estado nutricional en menores de 5 anos,clasificacion c,2003-07-01,18,36,18,36,54
90104,BELLA FLOR,estado nutricional en menores de 5 anos,clasificacion c,2003-07-01,52,85,52,85,137
60202,BERMEJO,estado nutricional en menores de 5 anos,clasificacion c,2003-07-01,69,107,69,107,176
50301,BETANZOS,estado nutricional en menores de 5 anos,clasificacion c,2003-07-01,394,334,394,334,728
31501,BOLIVAR,estado nutricional en menores de 5 anos,clasificacion c,2003-07-01,59,58,59,58,117
90103,BOLPEBRA,estado nutricional en menores de 5 anos,clasificacion c,2003-07-01,4,23,4,23,27
70707,BOYUIBE,estado nutricional en menores de 5 anos,clasificacion c,2003-07-01,60,62,60,62,122
70401,BUENA VISTA,estado nutricional en menores de 5 anos,clasificacion c,2003-07-01,237,237,237,237,474
70703,CABEZAS,estado nutricional en menores de 5 anos,clasificacion c,2003-07-01,38,29,38,29,67
20905,CAIROMA,estado nutricional en menores de 5 anos,clasificacion c,2003-07-01,95,55,95,55,150
51102,"CAIZA ""D""",estado nutricional en menores de 5 anos,clasificacion c,2003-07-01,199,158,199,158,357
21003,CAJUATA,estado nutricional en menores de 5 anos,clasificacion c,2003-07-01,29,12,29,12,41
20303,CALACOTO,estado nutricional en menores de 5 anos,clasificacion c,2003-07-01,38,22,38,22,60
21304,CALAMARCA,estado nutricional en menores de 5 anos,clasificacion c,2003-07-01,129,44,129,44,173
10701,CAMARGO,estado nutricional en menores de 5 anos,clasificacion c,2003-07-01,248,157,248,157,405
10901,CAMATAQUI (C. VILLA ABECIA),estado nutricional en menores de 5 anos,clasificacion c,2003-07-01,58,99,58,99,157
70706,CAMIRI,estado nutricional en menores de 5 anos,clasificacion c,2003-07-01,587,368,587,368,955
30701,CAPINOTA,estado nutricional en menores de 5 anos,clasificacion c,2003-07-01,69,35,69,35,104
20302,CAQUIAVIRI,estado nutricional en menores de 5 anos,clasificacion c,2003-07-01,123,176,123,176,299
40102,CARACOLLO,estado nutricional en menores de 5 anos,clasificacion c,2003-07-01,211,191,211,191,402
22001,CARANAVI,estado nutricional en menores de 5 anos,clasificacion c,2003-07-01,621,351,621,351,972
41503,CARANGAS,estado nutricional en menores de 5 anos,clasificacion c,2003-07-01,2,2,2,2,4
60302,CARAPARI,estado nutricional en menores de 5 anos,clasificacion c,2003-07-01,142,180,142,180,322
50702,CARIPUYO,estado nutricional en menores de 5 anos,clasificacion c,2003-07-01,179,189,179,189,368
21902,CATACORA,estado nutricional en menores de 5 anos,clasificacion c,2003-07-01,11,5,11,5,16
40201,CHALLAPATA,estado nutricional en menores de 5 anos,clasificacion c,2003-07-01,220,137,220,137,357
50302,CHAQUI,estado nutricional en menores de 5 anos,clasificacion c,2003-07-01,123,112,123,112,235
70702,CHARAGUA,estado nutricional en menores de 5 anos,clasificacion c,2003-07-01,404,401,404,401,805
20305,CHARAÃ‘A,estado nutricional en menores de 5 anos,clasificacion c,2003-07-01,23,39,23,39,62
50202,CHAYANTA,estado nutricional en menores de 5 anos,clasificacion c,2003-07-01,50,22,50,22,72
31204,CHIMORE,estado nutricional en menores de 5 anos,clasificacion c,2003-07-01,118,65,118,65,183
40903,CHIPAYA,estado nutricional en menores de 5 anos,clasificacion c,2003-07-01,4,2,4,2,6
21101,CHULUMANI (V. DE LA LIBERTAD),estado nutricional en menores de 5 anos,clasificacion c,2003-07-01,83,108,83,108,191
20501,CHUMA,estado nutricional en menores de 5 anos,clasificacion c,2003-07-01,63,62,63,62,125
30801,CLIZA,estado nutricional en menores de 5 anos,clasificacion c,2003-07-01,37,20,37,20,57
90101,COBIJA,estado nutricional en menores de 5 anos,clasificacion c,2003-07-01,468,304,468,304,772
30101,COCHABAMBA,estado nutricional en menores de 5 anos,clasificacion c,2003-07-01,2473,1228,2473,1228,3701
40902,COIPASA,estado nutricional en menores de 5 anos,clasificacion c,2003-07-01,2,2,2,2,4
30905,COLCAPIRHUA,estado nutricional en menores de 5 anos,clasificacion c,2003-07-01,181,78,181,78,259
50901,"COLCHA ""K""",estado nutricional en menores de 5 anos,clasificacion c,2003-07-01,175,136,175,136,311
21307,COLLANA,estado nutricional en menores de 5 anos,clasificacion c,2003-07-01,11,2,11,2,13
31002,COLOMI,estado nutricional en menores de 5 anos,clasificacion c,2003-07-01,262,133,262,133,395
50401,COLQUECHACA,estado nutricional en menores de 5 anos,clasificacion c,2003-07-01,315,136,315,136,451
21306,COLQUENCHA,estado nutricional en menores de 5 anos,clasificacion c,2003-07-01,58,16,58,16,74
21004,COLQUIRI,estado nutricional en menores de 5 anos,clasificacion c,2003-07-01,167,111,167,111,278
20304,COMANCHE,estado nutricional en menores de 5 anos,clasificacion c,2003-07-01,13,2,13,2,15
71301,COMARAPA,estado nutricional en menores de 5 anos,clasificacion c,2003-07-01,231,111,231,111,342
20605,COMBAYA,estado nutricional en menores de 5 anos,clasificacion c,2003-07-01,18,20,18,20,38
71101,CONCEPCION,estado nutricional en menores de 5 anos,clasificacion c,2003-07-01,48,20,48,20,68
21701,COPACABANA,estado nutricional en menores de 5 anos,clasificacion c,2003-07-01,104,74,104,74,178
21402,CORIPATA,estado nutricional en menores de 5 anos,clasificacion c,2003-07-01,12,0,12,0,12
20301,CORO CORO,estado nutricional en menores de 5 anos,clasificacion c,2003-07-01,102,76,102,76,178
21401,COROICO,estado nutricional en menores de 5 anos,clasificacion c,2003-07-01,122,88,122,88,210
40301,CORQUE,estado nutricional en menores de 5 anos,clasificacion c,2003-07-01,29,33,29,33,62
50601,COTAGAITA,estado nutricional en menores de 5 anos,clasificacion c,2003-07-01,217,245,217,245,462
70102,COTOCA,estado nutricional en menores de 5 anos,clasificacion c,2003-07-01,139,43,139,43,182
31405,CUCHUMUELA (V. G. VILLARROEL),estado nutricional en menores de 5 anos,clasificacion c,2003-07-01,15,13,15,13,28
70704,CUEVO,estado nutricional en menores de 5 anos,clasificacion c,2003-07-01,78,61,78,61,139
10902,CULPINA,estado nutricional en menores de 5 anos,clasificacion c,2003-07-01,382,282,382,282,664
40401,CURAHUARA DE CARANGAS,estado nutricional en menores de 5 anos,clasificacion c,2003-07-01,29,76,29,76,105
21602,CURVA,estado nutricional en menores de 5 anos,clasificacion c,2003-07-01,38,14,38,14,52
20804,DESAGUADERO,estado nutricional en menores de 5 anos,clasificacion c,2003-07-01,27,27,27,27,54
20105,EL ALTO,estado nutricional en menores de 5 anos,clasificacion c,2003-07-01,6432,2825,6432,2825,9257
40103,EL CHORO,estado nutricional en menores de 5 anos,clasificacion c,2003-07-01,27,16,27,16,43
71503,EL PUENTE(STC),estado nutricional en menores de 5 anos,clasificacion c,2003-07-01,57,366,57,366,423
60502,EL PUENTE(TJA),estado nutricional en menores de 5 anos,clasificacion c,2003-07-01,124,193,124,193,317
70105,EL TORNO,estado nutricional en menores de 5 anos,clasificacion c,2003-07-01,383,219,383,219,602
10405,EL VILLAR,estado nutricional en menores de 5 anos,clasificacion c,2003-07-01,94,124,94,124,218
60601,ENTRE RIOS,estado nutricional en menores de 5 anos,clasificacion c,2003-07-01,252,229,252,229,481
41101,EUCALIPTUS,estado nutricional en menores de 5 anos,clasificacion c,2003-07-01,37,50,37,50,87
90503,EUREKA (SANTOS MERCADO),estado nutricional en menores de 5 anos,clasificacion c,2003-07-01,1,1,1,1,2
80402,EXALTACION,estado nutricional en menores de 5 anos,clasificacion c,2003-07-01,21,26,21,26,47
90203,FILADELFIA,estado nutricional en menores de 5 anos,clasificacion c,2003-07-01,18,32,18,32,50
71002,GENERAL SAAVEDRA,estado nutricional en menores de 5 anos,clasificacion c,2003-07-01,290,376,290,376,666
21601,GRAL. J.J. PEREZ (CHARAZANI),estado nutricional en menores de 5 anos,clasificacion c,2003-07-01,102,68,102,68,170
20602,GUANAY,estado nutricional en menores de 5 anos,clasificacion c,2003-07-01,468,254,468,254,722
20802,GUAQUI,estado nutricional en menores de 5 anos,clasificacion c,2003-07-01,39,13,39,13,52
80202,GUAYARAMERIN,estado nutricional en menores de 5 anos,clasificacion c,2003-07-01,545,240,545,240,785
70705,GUTIERREZ,estado nutricional en menores de 5 anos,clasificacion c,2003-07-01,271,291,271,291,562
10502,HUACARETA,estado nutricional en menores de 5 anos,clasificacion c,2003-07-01,216,281,216,281,497
11002,HUACAYA (VILLA DE HUACAYA),estado nutricional en menores de 5 anos,clasificacion c,2003-07-01,43,58,43,58,101
40501,HUACHACALLA,estado nutricional en menores de 5 anos,clasificacion c,2003-07-01,10,5,10,5,15
40701,HUANUNI,estado nutricional en menores de 5 anos,clasificacion c,2003-07-01,148,100,148,100,248
80803,HUARACAJE,estado nutricional en menores de 5 anos,clasificacion c,2003-07-01,55,46,55,46,101
41601,HUAYLLAMARCA,estado nutricional en menores de 5 anos,clasificacion c,2003-07-01,28,50,28,50,78
21005,ICHOCA,estado nutricional en menores de 5 anos,clasificacion c,2003-07-01,53,97,53,97,150
10304,ICLA,estado nutricional en menores de 5 anos,clasificacion c,2003-07-01,165,269,165,269,434
10703,INCAHUASI,estado nutricional en menores de 5 anos,clasificacion c,2003-07-01,207,100,207,100,307
90402,INGAVI (HUMAITA),estado nutricional en menores de 5 anos,clasificacion c,2003-07-01,3,20,3,20,23
21001,INQUISIVI,estado nutricional en menores de 5 anos,clasificacion c,2003-07-01,170,186,170,186,356
21102,IRUPANA (VILLA DE LANZA),estado nutricional en menores de 5 anos,clasificacion c,2003-07-01,167,222,167,222,389
21501,IXIAMAS,estado nutricional en menores de 5 anos,clasificacion c,2003-07-01,74,81,74,81,155
21105,LA ASUNTA,estado nutricional en menores de 5 anos,clasificacion c,2003-07-01,175,104,175,104,279
70104,LA GUARDIA,estado nutricional en menores de 5 anos,clasificacion c,2003-07-01,664,314,664,314,978
20101,LA PAZ,estado nutricional en menores de 5 anos,clasificacion c,2003-07-01,4854,2938,4854,2938,7792
41501,LA RIVERA,estado nutricional en menores de 5 anos,clasificacion c,2003-07-01,4,7,4,7,11
70701,LAGUNILLAS,estado nutricional en menores de 5 anos,clasificacion c,2003-07-01,92,105,92,105,197
21202,LAJA,estado nutricional en menores de 5 anos,clasificacion c,2003-07-01,129,169,129,169,298
10903,LAS CARRERAS,estado nutricional en menores de 5 anos,clasificacion c,2003-07-01,62,86,62,86,148
21006,LICOMA PAMPA,estado nutricional en menores de 5 anos,clasificacion c,2003-07-01,15,14,15,14,29
50203,LLALLAGUA,estado nutricional en menores de 5 anos,clasificacion c,2003-07-01,95,928,95,928,1023
51401,LLICA,estado nutricional en menores de 5 anos,clasificacion c,2003-07-01,31,22,31,22,53
80601,LORETO,estado nutricional en menores de 5 anos,clasificacion c,2003-07-01,72,58,72,58,130
20901,LURIBAY,estado nutricional en menores de 5 anos,clasificacion c,2003-07-01,112,65,112,65,177
40702,MACHACAMARCA,estado nutricional en menores de 5 anos,clasificacion c,2003-07-01,36,36,36,36,72
11003,MACHARETI,estado nutricional en menores de 5 anos,clasificacion c,2003-07-01,163,309,163,309,472
80801,MAGDALENA,estado nutricional en menores de 5 anos,clasificacion c,2003-07-01,55,81,55,81,136
70903,MAIRANA,estado nutricional en menores de 5 anos,clasificacion c,2003-07-01,143,59,143,59,202
20904,MALLA,estado nutricional en menores de 5 anos,clasificacion c,2003-07-01,4,5,4,5,9
20103,MECAPACA,estado nutricional en menores de 5 anos,clasificacion c,2003-07-01,103,96,103,96,199
71003,MINEROS,estado nutricional en menores de 5 anos,clasificacion c,2003-07-01,844,411,844,411,1255
31301,MIZQUE,estado nutricional en menores de 5 anos,clasificacion c,2003-07-01,95,59,95,59,154
20402,MOCOMOCO,estado nutricional en menores de 5 anos,clasificacion c,2003-07-01,185,205,185,205,390
51002,MOJINETE,estado nutricional en menores de 5 anos,clasificacion c,2003-07-01,16,25,16,25,41
10303,MOJOCOYA,estado nutricional en menores de 5 anos,clasificacion c,2003-07-01,133,244,133,244,377
10501,MONTEAGUDO,estado nutricional en menores de 5 anos,clasificacion c,2003-07-01,401,363,401,363,764
71001,MONTERO,estado nutricional en menores de 5 anos,clasificacion c,2003-07-01,1694,793,1694,793,2487
70803,MORO MORO,estado nutricional en menores de 5 anos,clasificacion c,2003-07-01,52,37,52,37,89
30302,MOROCHATA,estado nutricional en menores de 5 anos,clasificacion c,2003-07-01,271,228,271,228,499
90401,NACEBE (SANTA ROSA DEL ABUNA),estado nutricional en menores de 5 anos,clasificacion c,2003-07-01,4,8,4,8,12
20307,NAZACARA DE PACAJES,estado nutricional en menores de 5 anos,clasificacion c,2003-07-01,1,0,1,0,1
90501,NUEVO MANOA (NUEVA ESPERANZA),estado nutricional en menores de 5 anos,clasificacion c,2003-07-01,4,7,4,7,11
50404,OCURI,estado nutricional en menores de 5 anos,clasificacion c,2003-07-01,108,116,108,116,224
70202,OKINAWA,estado nutricional en menores de 5 anos,clasificacion c,2003-07-01,13,9,13,9,22
30203,OMEREQUE,estado nutricional en menores de 5 anos,clasificacion c,2003-07-01,62,32,62,32,94
40101,ORURO,estado nutricional en menores de 5 anos,clasificacion c,2003-07-01,2107,1325,2107,1325,3432
60201,PADCAYA,estado nutricional en menores de 5 anos,clasificacion c,2003-07-01,249,347,249,347,596
10401,PADILLA,estado nutricional en menores de 5 anos,clasificacion c,2003-07-01,282,380,282,380,662
70502,PAILON,estado nutricional en menores de 5 anos,clasificacion c,2003-07-01,102,126,102,126,228
20102,PALCA,estado nutricional en menores de 5 anos,clasificacion c,2003-07-01,81,75,81,75,156
21104,PALOS BLANCOS,estado nutricional en menores de 5 anos,clasificacion c,2003-07-01,241,187,241,187,428
40802,PAMPA AULLAGAS,estado nutricional en menores de 5 anos,clasificacion c,2003-07-01,22,24,22,24,46
70902,PAMPA GRANDE,estado nutricional en menores de 5 anos,clasificacion c,2003-07-01,94,89,94,89,183
21802,PAPEL PAMPA,estado nutricional en menores de 5 anos,clasificacion c,2003-07-01,49,50,49,50,99
30202,PASORAPA,estado nutricional en menores de 5 anos,clasificacion c,2003-07-01,69,73,69,73,142
21305,PATACAMAYA,estado nutricional en menores de 5 anos,clasificacion c,2003-07-01,188,63,188,63,251
40602,PAZÃ‘A,estado nutricional en menores de 5 anos,clasificacion c,2003-07-01,30,62,30,62,92
20702,PELECHUCO,estado nutricional en menores de 5 anos,clasificacion c,2003-07-01,43,35,43,35,78
50403,POCOATA,estado nutricional en menores de 5 anos,clasificacion c,2003-07-01,301,176,301,176,477
31203,POCONA,estado nutricional en menores de 5 anos,clasificacion c,2003-07-01,133,69,133,69,202
31202,POJO (CBBA),estado nutricional en menores de 5 anos,clasificacion c,2003-07-01,441,341,441,341,782
40601,POOPO,estado nutricional en menores de 5 anos,clasificacion c,2003-07-01,32,114,32,114,146
51203,PORCO,estado nutricional en menores de 5 anos,clasificacion c,2003-07-01,63,27,63,27,90
10103,POROMA,estado nutricional en menores de 5 anos,clasificacion c,2003-07-01,208,232,208,232,440
70103,PORONGO,estado nutricional en menores de 5 anos,clasificacion c,2003-07-01,56,54,56,54,110
70601,PORTACHUELO,estado nutricional en menores de 5 anos,clasificacion c,2003-07-01,325,219,325,219,544
90102,PORVENIR,estado nutricional en menores de 5 anos,clasificacion c,2003-07-01,77,69,77,69,146
70804,POSTRER VALLE,estado nutricional en menores de 5 anos,clasificacion c,2003-07-01,11,14,11,14,25
50101,POTOSI,estado nutricional en menores de 5 anos,clasificacion c,2003-07-01,1896,781,1896,781,2677
10302,PRESTO,estado nutricional en menores de 5 anos,clasificacion c,2003-07-01,115,133,115,133,248
70805,PUCARA,estado nutricional en menores de 5 anos,clasificacion c,2003-07-01,12,16,12,16,28
21201,PUCARANI,estado nutricional en menores de 5 anos,clasificacion c,2003-07-01,160,36,160,36,196
20401,PUERTO ACOSTA,estado nutricional en menores de 5 anos,clasificacion c,2003-07-01,227,200,227,200,427
20403,PUERTO CARABUCO,estado nutricional en menores de 5 anos,clasificacion c,2003-07-01,145,131,145,131,276
90301,PUERTO GONZALO MORENO,estado nutricional en menores de 5 anos,clasificacion c,2003-07-01,11,3,11,3,14
21204,PUERTO PEREZ,estado nutricional en menores de 5 anos,clasificacion c,2003-07-01,71,24,71,24,95
71402,PUERTO QUIJARRO,estado nutricional en menores de 5 anos,clasificacion c,2003-07-01,241,78,241,78,319
90201,PUERTO RICO,estado nutricional en menores de 5 anos,clasificacion c,2003-07-01,20,80,20,80,100
80703,PUERTO SILES,estado nutricional en menores de 5 anos,clasificacion c,2003-07-01,31,59,31,59,90
71401,PUERTO SUAREZ,estado nutricional en menores de 5 anos,clasificacion c,2003-07-01,226,55,226,55,281
31205,PUERTO VILLARROEL,estado nutricional en menores de 5 anos,clasificacion c,2003-07-01,593,449,593,449,1042
51101,PUNA,estado nutricional en menores de 5 anos,clasificacion c,2003-07-01,312,222,312,222,534
31401,PUNATA,estado nutricional en menores de 5 anos,clasificacion c,2003-07-01,223,125,223,125,348
20604,QUIABAYA,estado nutricional en menores de 5 anos,clasificacion c,2003-07-01,24,18,24,18,42
30901,QUILLACOLLO,estado nutricional en menores de 5 anos,clasificacion c,2003-07-01,624,256,624,256,880
21002,QUIME,estado nutricional en menores de 5 anos,clasificacion c,2003-07-01,120,137,120,137,257
70904,QUIRUSILLAS,estado nutricional en menores de 5 anos,clasificacion c,2003-07-01,22,18,22,18,40
50402,RAVELO,estado nutricional en menores de 5 anos,clasificacion c,2003-07-01,171,140,171,140,311
80301,REYES,estado nutricional en menores de 5 anos,clasificacion c,2003-07-01,190,123,190,123,313
80201,RIBERALTA,estado nutricional en menores de 5 anos,clasificacion c,2003-07-01,1242,438,1242,438,1680
70503,ROBORE,estado nutricional en menores de 5 anos,clasificacion c,2003-07-01,254,165,254,165,419
80304,RURRENABAQUE,estado nutricional en menores de 5 anos,clasificacion c,2003-07-01,168,69,168,69,237
40901,SABAYA,estado nutricional en menores de 5 anos,clasificacion c,2003-07-01,21,8,21,8,29
31001,SACABA,estado nutricional en menores de 5 anos,clasificacion c,2003-07-01,467,361,467,361,828
30404,SACABAMBA,estado nutricional en menores de 5 anos,clasificacion c,2003-07-01,16,47,16,47,63
50701,SACACA,estado nutricional en menores de 5 anos,clasificacion c,2003-07-01,165,259,165,259,424
71302,SAIPINA,estado nutricional en menores de 5 anos,clasificacion c,2003-07-01,31,47,31,47,78
40801,SALINAS DE GARCI MENDOZA,estado nutricional en menores de 5 anos,clasificacion c,2003-07-01,75,43,75,43,118
70901,SAMAIPATA,estado nutricional en menores de 5 anos,clasificacion c,2003-07-01,137,76,137,76,213
51601,SAN AGUSTIN,estado nutricional en menores de 5 anos,clasificacion c,2003-07-01,17,14,17,14,31
80602,SAN ANDRES,estado nutricional en menores de 5 anos,clasificacion c,2003-07-01,83,85,83,85,168
51003,SAN ANTONIO DE ESMORUCO,estado nutricional en menores de 5 anos,clasificacion c,2003-07-01,13,12,13,12,25
71105,SAN ANTONIO DE LOMERIO,estado nutricional en menores de 5 anos,clasificacion c,2003-07-01,92,112,92,112,204
31403,SAN BENITO,estado nutricional en menores de 5 anos,clasificacion c,2003-07-01,151,76,151,76,227
80302,SAN BORJA,estado nutricional en menores de 5 anos,clasificacion c,2003-07-01,409,229,409,229,638
21502,SAN BUENA VENTURA,estado nutricional en menores de 5 anos,clasificacion c,2003-07-01,114,72,114,72,186
70402,SAN CARLOS,estado nutricional en menores de 5 anos,clasificacion c,2003-07-01,370,338,370,338,708
80501,SAN IGNACIO,estado nutricional en menores de 5 anos,clasificacion c,2003-07-01,251,211,251,211,462
70301,SAN IGNACIO DE VELASCO,estado nutricional en menores de 5 anos,clasificacion c,2003-07-01,729,372,729,372,1101
80102,SAN JAVIER(BNI),estado nutricional en menores de 5 anos,clasificacion c,2003-07-01,47,57,47,57,104
71102,SAN JAVIER(STC),estado nutricional en menores de 5 anos,clasificacion c,2003-07-01,148,138,148,138,286
80701,SAN JOAQUIN,estado nutricional en menores de 5 anos,clasificacion c,2003-07-01,72,71,72,71,143
70501,SAN JOSE DE CHIQUITOS,estado nutricional en menores de 5 anos,clasificacion c,2003-07-01,155,71,155,71,226
71104,SAN JULIAN,estado nutricional en menores de 5 anos,clasificacion c,2003-07-01,313,516,313,516,829
90302,SAN LORENZO(PND),estado nutricional en menores de 5 anos,clasificacion c,2003-07-01,14,59,14,59,73
60501,SAN LORENZO(TJA),estado nutricional en menores de 5 anos,clasificacion c,2003-07-01,130,169,130,169,299
10702,SAN LUCAS,estado nutricional en menores de 5 anos,clasificacion c,2003-07-01,546,553,546,553,1099
70302,SAN MIGUEL DE VELASCO,estado nutricional en menores de 5 anos,clasificacion c,2003-07-01,133,100,133,100,233
51001,SAN PABLO DE LIPEZ,estado nutricional en menores de 5 anos,clasificacion c,2003-07-01,28,14,28,14,42
50501,SAN PEDRO DE BUENA VISTA,estado nutricional en menores de 5 anos,clasificacion c,2003-07-01,119,182,119,182,301
21801,SAN PEDRO DE CURAHUARA,estado nutricional en menores de 5 anos,clasificacion c,2003-07-01,44,26,44,26,70
50902,SAN PEDRO DE QUEMES,estado nutricional en menores de 5 anos,clasificacion c,2003-07-01,4,4,4,4,8
21702,SAN PEDRO DE TIQUINA,estado nutricional en menores de 5 anos,clasificacion c,2003-07-01,49,70,49,70,119
90202,SAN PEDRO(PND),estado nutricional en menores de 5 anos,clasificacion c,2003-07-01,4,1,4,1,5
70303,SAN RAFAEL,estado nutricional en menores de 5 anos,clasificacion c,2003-07-01,92,82,92,82,174
80702,SAN RAMON,estado nutricional en menores de 5 anos,clasificacion c,2003-07-01,70,49,70,49,119
80702,SAN RAMON,estado nutricional en menores de 5 anos,clasificacion c,2003-07-01,57,98,57,98,155
80401,SANTA ANA,estado nutricional en menores de 5 anos,clasificacion c,2003-07-01,143,131,143,131,274
70101,SANTA CRUZ DE LA SIERRA,estado nutricional en menores de 5 anos,clasificacion c,2003-07-01,6321,3041,6321,3041,9362
80303,SANTA ROSA,estado nutricional en menores de 5 anos,clasificacion c,2003-07-01,65,29,65,29,94
70602,SANTA ROSA DEL SARA,estado nutricional en menores de 5 anos,clasificacion c,2003-07-01,71,74,71,74,145
20308,SANTIAGO DE CALLAPA,estado nutricional en menores de 5 anos,clasificacion c,2003-07-01,63,96,63,96,159
41401,SANTIAGO DE HUARI,estado nutricional en menores de 5 anos,clasificacion c,2003-07-01,37,58,37,58,95
21901,SANTIAGO DE MACHACA,estado nutricional en menores de 5 anos,clasificacion c,2003-07-01,36,14,36,14,50
30702,SANTIVAÃ‘ES,estado nutricional en menores de 5 anos,clasificacion c,2003-07-01,97,49,97,49,146
40202,SANTUARIO DE QUILLACAS,estado nutricional en menores de 5 anos,clasificacion c,2003-07-01,17,37,17,37,54
20902,SAPAHAQUI,estado nutricional en menores de 5 anos,clasificacion c,2003-07-01,71,32,71,32,103
90303,SENA,estado nutricional en menores de 5 anos,clasificacion c,2003-07-01,30,30,30,30,60
21301,SICA SICA (VILLA AROMA),estado nutricional en menores de 5 anos,clasificacion c,2003-07-01,166,118,166,118,284
30703,SICAYA,estado nutricional en menores de 5 anos,clasificacion c,2003-07-01,17,7,17,7,24
30902,SIPE SIPE,estado nutricional en menores de 5 anos,clasificacion c,2003-07-01,458,239,458,239,697
10403,SOPACHUY,estado nutricional en menores de 5 anos,clasificacion c,2003-07-01,117,107,117,107,224
20601,SORATA,estado nutricional en menores de 5 anos,clasificacion c,2003-07-01,246,261,246,261,507
10101,SUCRE,estado nutricional en menores de 5 anos,clasificacion c,2003-07-01,2253,1604,2253,1604,3857
31404,TACACHI,estado nutricional en menores de 5 anos,clasificacion c,2003-07-01,9,2,9,2,11
20603,TACACOMA,estado nutricional en menores de 5 anos,clasificacion c,2003-07-01,46,44,46,44,90
50303,TACOBAMBA,estado nutricional en menores de 5 anos,clasificacion c,2003-07-01,121,79,121,79,200
30602,TACOPAYA,estado nutricional en menores de 5 anos,clasificacion c,2003-07-01,92,102,92,102,194
51402,TAHUA,estado nutricional en menores de 5 anos,clasificacion c,2003-07-01,15,10,15,10,25
31101,TAPACARI,estado nutricional en menores de 5 anos,clasificacion c,2003-07-01,191,113,191,113,304
10601,TARABUCO,estado nutricional en menores de 5 anos,clasificacion c,2003-07-01,423,585,423,585,1008
30401,TARATA,estado nutricional en menores de 5 anos,clasificacion c,2003-07-01,108,43,108,43,151
60101,TARIJA,estado nutricional en menores de 5 anos,clasificacion c,2003-07-01,1846,1167,1846,1167,3013
10202,TARVITA,estado nutricional en menores de 5 anos,clasificacion c,2003-07-01,245,325,245,325,570
20803,TIAWANACU,estado nutricional en menores de 5 anos,clasificacion c,2003-07-01,141,80,141,80,221
50102,TINGUIPAYA,estado nutricional en menores de 5 anos,clasificacion c,2003-07-01,99,54,99,54,153
20606,TIPUANI,estado nutricional en menores de 5 anos,clasificacion c,2003-07-01,90,66,90,66,156
30903,TIQUIPAYA,estado nutricional en menores de 5 anos,clasificacion c,2003-07-01,155,85,155,85,240
31601,TIRAQUE (CBBA),estado nutricional en menores de 5 anos,clasificacion c,2003-07-01,368,253,368,253,621
21703,TITO YUPANQUI (PARQUIPUJIO),estado nutricional en menores de 5 anos,clasificacion c,2003-07-01,14,18,14,18,32
30802,TOCO,estado nutricional en menores de 5 anos,clasificacion c,2003-07-01,6,28,6,28,34
30803,TOLATA,estado nutricional en menores de 5 anos,clasificacion c,2003-07-01,43,10,43,10,53
41001,TOLEDO,estado nutricional en menores de 5 anos,clasificacion c,2003-07-01,34,45,34,45,79
51202,TOMAVE,estado nutricional en menores de 5 anos,clasificacion c,2003-07-01,90,95,90,95,185
10402,TOMINA,estado nutricional en menores de 5 anos,clasificacion c,2003-07-01,159,257,159,257,416
50502,TORO TORO,estado nutricional en menores de 5 anos,clasificacion c,2003-07-01,164,200,164,200,364
31201,TOTORA(CBBA),estado nutricional en menores de 5 anos,clasificacion c,2003-07-01,149,67,149,67,216
41301,TOTORA(ORR),estado nutricional en menores de 5 anos,clasificacion c,2003-07-01,51,83,51,83,134
70802,TRIGAL,estado nutricional en menores de 5 anos,clasificacion c,2003-07-01,14,12,14,12,26
80101,TRINIDAD,estado nutricional en menores de 5 anos,clasificacion c,2003-07-01,1062,805,1062,805,1867
50801,TUPIZA,estado nutricional en menores de 5 anos,clasificacion c,2003-07-01,380,560,380,560,940
40402,TURCO,estado nutricional en menores de 5 anos,clasificacion c,2003-07-01,39,44,39,44,83
21302,UMALA,estado nutricional en menores de 5 anos,clasificacion c,2003-07-01,25,24,25,24,49
50201,UNCIA,estado nutricional en menores de 5 anos,clasificacion c,2003-07-01,37,22,37,22,59
60401,URIONDO (A. CONCEPCION),estado nutricional en menores de 5 anos,clasificacion c,2003-07-01,163,202,163,202,365
71502,URUBICHA,estado nutricional en menores de 5 anos,clasificacion c,2003-07-01,16,31,16,31,47
51201,UYUNI,estado nutricional en menores de 5 anos,clasificacion c,2003-07-01,470,330,470,330,800
30502,VACAS,estado nutricional en menores de 5 anos,clasificacion c,2003-07-01,82,51,82,51,133
70801,VALLEGRANDE,estado nutricional en menores de 5 anos,clasificacion c,2003-07-01,216,181,216,181,397
20801,VIACHA,estado nutricional en menores de 5 anos,clasificacion c,2003-07-01,439,172,439,172,611
31302,VILA VILA,estado nutricional en menores de 5 anos,clasificacion c,2003-07-01,16,14,16,14,30
60303,VILLA MONTES,estado nutricional en menores de 5 anos,clasificacion c,2003-07-01,406,234,406,234,640
90502,VILLA NUEVA (LOMA ALTA),estado nutricional en menores de 5 anos,clasificacion c,2003-07-01,5,5,5,5,10
31402,VILLA RIVERO,estado nutricional en menores de 5 anos,clasificacion c,2003-07-01,59,20,59,20,79
10801,VILLA SERRANO,estado nutricional en menores de 5 anos,clasificacion c,2003-07-01,281,368,281,368,649
31003,VILLA TUNARI,estado nutricional en menores de 5 anos,clasificacion c,2003-07-01,516,266,516,266,782
11001,VILLA VACA GUZMAN (MUYUPAMPA),estado nutricional en menores de 5 anos,clasificacion c,2003-07-01,192,180,192,180,372
51501,VILLAZON,estado nutricional en menores de 5 anos,clasificacion c,2003-07-01,499,347,499,347,846
30904,VINTO,estado nutricional en menores de 5 anos,clasificacion c,2003-07-01,159,67,159,67,226
50602,VITICHI,estado nutricional en menores de 5 anos,clasificacion c,2003-07-01,119,73,119,73,192
20306,WALDO BALLIVIAN,estado nutricional en menores de 5 anos,clasificacion c,2003-07-01,10,11,10,11,21
20903,YACO,estado nutricional en menores de 5 anos,clasificacion c,2003-07-01,37,35,37,35,72
60301,YACUIBA,estado nutricional en menores de 5 anos,clasificacion c,2003-07-01,454,286,454,286,740
10602,YAMPARAEZ,estado nutricional en menores de 5 anos,clasificacion c,2003-07-01,218,417,218,417,635
21103,YANACACHI,estado nutricional en menores de 5 anos,clasificacion c,2003-07-01,40,66,40,66,106
70403,YAPACANI,estado nutricional en menores de 5 anos,clasificacion c,2003-07-01,552,397,552,397,949
50103,YOCALLA,estado nutricional en menores de 5 anos,clasificacion c,2003-07-01,77,60,77,60,137
10102,YOTALA,estado nutricional en menores de 5 anos,clasificacion c,2003-07-01,169,342,169,342,511
60402,YUNCHARA,estado nutricional en menores de 5 anos,clasificacion c,2003-07-01,40,44,40,44,84
10301,ZUDAÃ‘EZ,estado nutricional en menores de 5 anos,clasificacion c,2003-07-01,156,166,156,166,322
51302,ACACIO,estado nutricional en menores de 5 anos,clasificacion c,2003-08-01,87,143,87,143,230
20201,ACHACACHI,estado nutricional en menores de 5 anos,clasificacion c,2003-08-01,565,502,565,502,1067
20104,ACHOCALLA,estado nutricional en menores de 5 anos,clasificacion c,2003-08-01,116,30,116,30,146
30201,AIQUILE,estado nutricional en menores de 5 anos,clasificacion c,2003-08-01,141,57,141,57,198
31303,ALALAY,estado nutricional en menores de 5 anos,clasificacion c,2003-08-01,33,10,33,10,43
10404,ALCALA,estado nutricional en menores de 5 anos,clasificacion c,2003-08-01,54,134,54,134,188
20202,ANCORAIMES,estado nutricional en menores de 5 anos,clasificacion c,2003-08-01,117,217,117,217,334
41201,ANDAMARCA,estado nutricional en menores de 5 anos,clasificacion c,2003-08-01,15,11,15,11,26
30402,ANZALDO,estado nutricional en menores de 5 anos,clasificacion c,2003-08-01,35,91,35,91,126
20701,APOLO,estado nutricional en menores de 5 anos,clasificacion c,2003-08-01,102,51,102,51,153
51301,ARAMPAMPA,estado nutricional en menores de 5 anos,clasificacion c,2003-08-01,96,81,96,81,177
30501,ARANI,estado nutricional en menores de 5 anos,clasificacion c,2003-08-01,75,53,75,53,128
30403,ARBIETO,estado nutricional en menores de 5 anos,clasificacion c,2003-08-01,28,12,28,12,40
30601,ARQUE,estado nutricional en menores de 5 anos,clasificacion c,2003-08-01,52,21,52,21,73
71501,ASCENCION DE GUARAYOS,estado nutricional en menores de 5 anos,clasificacion c,2003-08-01,413,522,413,522,935
50802,ATOCHA,estado nutricional en menores de 5 anos,clasificacion c,2003-08-01,93,327,93,327,420
20503,AUCAPATA,estado nutricional en menores de 5 anos,clasificacion c,2003-08-01,46,35,46,35,81
20502,AYATA,estado nutricional en menores de 5 anos,clasificacion c,2003-08-01,73,46,73,46,119
21303,AYO AYO,estado nutricional en menores de 5 anos,clasificacion c,2003-08-01,51,15,51,15,66
30301,AYOPAYA (V. DE INDEPENDENCIA),estado nutricional en menores de 5 anos,clasificacion c,2003-08-01,236,220,236,220,456
10201,AZURDUY,estado nutricional en menores de 5 anos,clasificacion c,2003-08-01,290,422,290,422,712
21203,BATALLAS,estado nutricional en menores de 5 anos,clasificacion c,2003-08-01,146,86,146,86,232
80802,BAURES,estado nutricional en menores de 5 anos,clasificacion c,2003-08-01,59,57,59,57,116
41202,BELEN DE ANDAMARCA,estado nutricional en menores de 5 anos,clasificacion c,2003-08-01,4,10,4,10,14
50104,BELEN DE URMIRI,estado nutricional en menores de 5 anos,clasificacion c,2003-08-01,19,34,19,34,53
90104,BELLA FLOR,estado nutricional en menores de 5 anos,clasificacion c,2003-08-01,35,60,35,60,95
60202,BERMEJO,estado nutricional en menores de 5 anos,clasificacion c,2003-08-01,88,61,88,61,149
50301,BETANZOS,estado nutricional en menores de 5 anos,clasificacion c,2003-08-01,344,314,344,314,658
31501,BOLIVAR,estado nutricional en menores de 5 anos,clasificacion c,2003-08-01,56,72,56,72,128
90103,BOLPEBRA,estado nutricional en menores de 5 anos,clasificacion c,2003-08-01,9,22,9,22,31
70707,BOYUIBE,estado nutricional en menores de 5 anos,clasificacion c,2003-08-01,32,72,32,72,104
70401,BUENA VISTA,estado nutricional en menores de 5 anos,clasificacion c,2003-08-01,261,228,261,228,489
70703,CABEZAS,estado nutricional en menores de 5 anos,clasificacion c,2003-08-01,28,28,28,28,56
20905,CAIROMA,estado nutricional en menores de 5 anos,clasificacion c,2003-08-01,174,98,174,98,272
51102,"CAIZA ""D""",estado nutricional en menores de 5 anos,clasificacion c,2003-08-01,174,158,174,158,332
21003,CAJUATA,estado nutricional en menores de 5 anos,clasificacion c,2003-08-01,103,52,103,52,155
20303,CALACOTO,estado nutricional en menores de 5 anos,clasificacion c,2003-08-01,56,36,56,36,92
21304,CALAMARCA,estado nutricional en menores de 5 anos,clasificacion c,2003-08-01,325,184,325,184,509
10701,CAMARGO,estado nutricional en menores de 5 anos,clasificacion c,2003-08-01,156,81,156,81,237
10901,CAMATAQUI (C. VILLA ABECIA),estado nutricional en menores de 5 anos,clasificacion c,2003-08-01,66,55,66,55,121
70706,CAMIRI,estado nutricional en menores de 5 anos,clasificacion c,2003-08-01,297,210,297,210,507
30701,CAPINOTA,estado nutricional en menores de 5 anos,clasificacion c,2003-08-01,44,23,44,23,67
20302,CAQUIAVIRI,estado nutricional en menores de 5 anos,clasificacion c,2003-08-01,91,123,91,123,214
40102,CARACOLLO,estado nutricional en menores de 5 anos,clasificacion c,2003-08-01,124,133,124,133,257
22001,CARANAVI,estado nutricional en menores de 5 anos,clasificacion c,2003-08-01,608,378,608,378,986
41503,CARANGAS,estado nutricional en menores de 5 anos,clasificacion c,2003-08-01,0,5,0,5,5
60302,CARAPARI,estado nutricional en menores de 5 anos,clasificacion c,2003-08-01,129,113,129,113,242
50702,CARIPUYO,estado nutricional en menores de 5 anos,clasificacion c,2003-08-01,139,146,139,146,285
21902,CATACORA,estado nutricional en menores de 5 anos,clasificacion c,2003-08-01,8,22,8,22,30
40201,CHALLAPATA,estado nutricional en menores de 5 anos,clasificacion c,2003-08-01,159,145,159,145,304
50302,CHAQUI,estado nutricional en menores de 5 anos,clasificacion c,2003-08-01,103,90,103,90,193
70702,CHARAGUA,estado nutricional en menores de 5 anos,clasificacion c,2003-08-01,321,395,321,395,716
20305,CHARAÃ‘A,estado nutricional en menores de 5 anos,clasificacion c,2003-08-01,24,24,24,24,48
50202,CHAYANTA,estado nutricional en menores de 5 anos,clasificacion c,2003-08-01,99,44,99,44,143
31204,CHIMORE,estado nutricional en menores de 5 anos,clasificacion c,2003-08-01,136,78,136,78,214
40903,CHIPAYA,estado nutricional en menores de 5 anos,clasificacion c,2003-08-01,7,1,7,1,8
40302,CHOQUE COTA,estado nutricional en menores de 5 anos,clasificacion c,2003-08-01,21,17,21,17,38
21101,CHULUMANI (V. DE LA LIBERTAD),estado nutricional en menores de 5 anos,clasificacion c,2003-08-01,79,62,79,62,141
20501,CHUMA,estado nutricional en menores de 5 anos,clasificacion c,2003-08-01,75,24,75,24,99
30801,CLIZA,estado nutricional en menores de 5 anos,clasificacion c,2003-08-01,39,24,39,24,63
90101,COBIJA,estado nutricional en menores de 5 anos,clasificacion c,2003-08-01,365,256,365,256,621
30101,COCHABAMBA,estado nutricional en menores de 5 anos,clasificacion c,2003-08-01,2000,1101,2000,1101,3101
40902,COIPASA,estado nutricional en menores de 5 anos,clasificacion c,2003-08-01,8,9,8,9,17
30905,COLCAPIRHUA,estado nutricional en menores de 5 anos,clasificacion c,2003-08-01,278,114,278,114,392
50901,"COLCHA ""K""",estado nutricional en menores de 5 anos,clasificacion c,2003-08-01,180,146,180,146,326
21307,COLLANA,estado nutricional en menores de 5 anos,clasificacion c,2003-08-01,31,3,31,3,34
31002,COLOMI,estado nutricional en menores de 5 anos,clasificacion c,2003-08-01,182,244,182,244,426
50401,COLQUECHACA,estado nutricional en menores de 5 anos,clasificacion c,2003-08-01,284,156,284,156,440
21306,COLQUENCHA,estado nutricional en menores de 5 anos,clasificacion c,2003-08-01,62,11,62,11,73
21004,COLQUIRI,estado nutricional en menores de 5 anos,clasificacion c,2003-08-01,170,104,170,104,274
20304,COMANCHE,estado nutricional en menores de 5 anos,clasificacion c,2003-08-01,27,19,27,19,46
71301,COMARAPA,estado nutricional en menores de 5 anos,clasificacion c,2003-08-01,176,111,176,111,287
20605,COMBAYA,estado nutricional en menores de 5 anos,clasificacion c,2003-08-01,21,18,21,18,39
71101,CONCEPCION,estado nutricional en menores de 5 anos,clasificacion c,2003-08-01,45,125,45,125,170
21701,COPACABANA,estado nutricional en menores de 5 anos,clasificacion c,2003-08-01,112,70,112,70,182
21402,CORIPATA,estado nutricional en menores de 5 anos,clasificacion c,2003-08-01,26,2,26,2,28
20301,CORO CORO,estado nutricional en menores de 5 anos,clasificacion c,2003-08-01,114,85,114,85,199
21401,COROICO,estado nutricional en menores de 5 anos,clasificacion c,2003-08-01,123,73,123,73,196
40301,CORQUE,estado nutricional en menores de 5 anos,clasificacion c,2003-08-01,66,14,66,14,80
50601,COTAGAITA,estado nutricional en menores de 5 anos,clasificacion c,2003-08-01,402,421,402,421,823
31405,CUCHUMUELA (V. G. VILLARROEL),estado nutricional en menores de 5 anos,clasificacion c,2003-08-01,37,16,37,16,53
70704,CUEVO,estado nutricional en menores de 5 anos,clasificacion c,2003-08-01,32,21,32,21,53
10902,CULPINA,estado nutricional en menores de 5 anos,clasificacion c,2003-08-01,351,275,351,275,626
40401,CURAHUARA DE CARANGAS,estado nutricional en menores de 5 anos,clasificacion c,2003-08-01,85,97,85,97,182
21602,CURVA,estado nutricional en menores de 5 anos,clasificacion c,2003-08-01,23,19,23,19,42
20804,DESAGUADERO,estado nutricional en menores de 5 anos,clasificacion c,2003-08-01,43,38,43,38,81
20105,EL ALTO,estado nutricional en menores de 5 anos,clasificacion c,2003-08-01,5572,2559,5572,2559,8131
40103,EL CHORO,estado nutricional en menores de 5 anos,clasificacion c,2003-08-01,39,31,39,31,70
71503,EL PUENTE(STC),estado nutricional en menores de 5 anos,clasificacion c,2003-08-01,21,229,21,229,250
60502,EL PUENTE(TJA),estado nutricional en menores de 5 anos,clasificacion c,2003-08-01,115,187,115,187,302
70105,EL TORNO,estado nutricional en menores de 5 anos,clasificacion c,2003-08-01,276,125,276,125,401
10405,EL VILLAR,estado nutricional en menores de 5 anos,clasificacion c,2003-08-01,101,145,101,145,246
60601,ENTRE RIOS,estado nutricional en menores de 5 anos,clasificacion c,2003-08-01,288,332,288,332,620
40502,ESCARA,estado nutricional en menores de 5 anos,clasificacion c,2003-08-01,1,4,1,4,5
41101,EUCALIPTUS,estado nutricional en menores de 5 anos,clasificacion c,2003-08-01,84,89,84,89,173
90503,EUREKA (SANTOS MERCADO),estado nutricional en menores de 5 anos,clasificacion c,2003-08-01,0,1,0,1,1
80402,EXALTACION,estado nutricional en menores de 5 anos,clasificacion c,2003-08-01,43,77,43,77,120
90203,FILADELFIA,estado nutricional en menores de 5 anos,clasificacion c,2003-08-01,27,20,27,20,47
71002,GENERAL SAAVEDRA,estado nutricional en menores de 5 anos,clasificacion c,2003-08-01,253,350,253,350,603
21601,GRAL. J.J. PEREZ (CHARAZANI),estado nutricional en menores de 5 anos,clasificacion c,2003-08-01,124,97,124,97,221
20602,GUANAY,estado nutricional en menores de 5 anos,clasificacion c,2003-08-01,438,275,438,275,713
20802,GUAQUI,estado nutricional en menores de 5 anos,clasificacion c,2003-08-01,36,15,36,15,51
80202,GUAYARAMERIN,estado nutricional en menores de 5 anos,clasificacion c,2003-08-01,357,177,357,177,534
70705,GUTIERREZ,estado nutricional en menores de 5 anos,clasificacion c,2003-08-01,260,311,260,311,571
10502,HUACARETA,estado nutricional en menores de 5 anos,clasificacion c,2003-08-01,190,373,190,373,563
11002,HUACAYA (VILLA DE HUACAYA),estado nutricional en menores de 5 anos,clasificacion c,2003-08-01,51,54,51,54,105
40501,HUACHACALLA,estado nutricional en menores de 5 anos,clasificacion c,2003-08-01,13,7,13,7,20
40701,HUANUNI,estado nutricional en menores de 5 anos,clasificacion c,2003-08-01,128,65,128,65,193
80803,HUARACAJE,estado nutricional en menores de 5 anos,clasificacion c,2003-08-01,40,44,40,44,84
41601,HUAYLLAMARCA,estado nutricional en menores de 5 anos,clasificacion c,2003-08-01,53,21,53,21,74
21005,ICHOCA,estado nutricional en menores de 5 anos,clasificacion c,2003-08-01,69,64,69,64,133
10304,ICLA,estado nutricional en menores de 5 anos,clasificacion c,2003-08-01,133,241,133,241,374
10703,INCAHUASI,estado nutricional en menores de 5 anos,clasificacion c,2003-08-01,254,144,254,144,398
21001,INQUISIVI,estado nutricional en menores de 5 anos,clasificacion c,2003-08-01,161,151,161,151,312
21102,IRUPANA (VILLA DE LANZA),estado nutricional en menores de 5 anos,clasificacion c,2003-08-01,187,225,187,225,412
21501,IXIAMAS,estado nutricional en menores de 5 anos,clasificacion c,2003-08-01,83,69,83,69,152
21105,LA ASUNTA,estado nutricional en menores de 5 anos,clasificacion c,2003-08-01,171,78,171,78,249
70104,LA GUARDIA,estado nutricional en menores de 5 anos,clasificacion c,2003-08-01,552,261,552,261,813
20101,LA PAZ,estado nutricional en menores de 5 anos,clasificacion c,2003-08-01,4308,2526,4308,2526,6834
41501,LA RIVERA,estado nutricional en menores de 5 anos,clasificacion c,2003-08-01,3,3,3,3,6
70701,LAGUNILLAS,estado nutricional en menores de 5 anos,clasificacion c,2003-08-01,107,123,107,123,230
21202,LAJA,estado nutricional en menores de 5 anos,clasificacion c,2003-08-01,60,30,60,30,90
10903,LAS CARRERAS,estado nutricional en menores de 5 anos,clasificacion c,2003-08-01,69,100,69,100,169
21006,LICOMA PAMPA,estado nutricional en menores de 5 anos,clasificacion c,2003-08-01,8,24,8,24,32
50203,LLALLAGUA,estado nutricional en menores de 5 anos,clasificacion c,2003-08-01,76,757,76,757,833
51401,LLICA,estado nutricional en menores de 5 anos,clasificacion c,2003-08-01,37,38,37,38,75
80601,LORETO,estado nutricional en menores de 5 anos,clasificacion c,2003-08-01,63,71,63,71,134
20901,LURIBAY,estado nutricional en menores de 5 anos,clasificacion c,2003-08-01,134,82,134,82,216
40702,MACHACAMARCA,estado nutricional en menores de 5 anos,clasificacion c,2003-08-01,22,25,22,25,47
11003,MACHARETI,estado nutricional en menores de 5 anos,clasificacion c,2003-08-01,187,320,187,320,507
80801,MAGDALENA,estado nutricional en menores de 5 anos,clasificacion c,2003-08-01,103,78,103,78,181
70903,MAIRANA,estado nutricional en menores de 5 anos,clasificacion c,2003-08-01,83,50,83,50,133
20904,MALLA,estado nutricional en menores de 5 anos,clasificacion c,2003-08-01,24,34,24,34,58
20103,MECAPACA,estado nutricional en menores de 5 anos,clasificacion c,2003-08-01,75,54,75,54,129
71003,MINEROS,estado nutricional en menores de 5 anos,clasificacion c,2003-08-01,703,419,703,419,1122
31301,MIZQUE,estado nutricional en menores de 5 anos,clasificacion c,2003-08-01,68,22,68,22,90
20402,MOCOMOCO,estado nutricional en menores de 5 anos,clasificacion c,2003-08-01,163,103,163,103,266
51002,MOJINETE,estado nutricional en menores de 5 anos,clasificacion c,2003-08-01,6,12,6,12,18
10303,MOJOCOYA,estado nutricional en menores de 5 anos,clasificacion c,2003-08-01,167,276,167,276,443
10501,MONTEAGUDO,estado nutricional en menores de 5 anos,clasificacion c,2003-08-01,383,437,383,437,820
71001,MONTERO,estado nutricional en menores de 5 anos,clasificacion c,2003-08-01,1487,827,1487,827,2314
70803,MORO MORO,estado nutricional en menores de 5 anos,clasificacion c,2003-08-01,31,37,31,37,68
30302,MOROCHATA,estado nutricional en menores de 5 anos,clasificacion c,2003-08-01,237,180,237,180,417
90401,NACEBE (SANTA ROSA DEL ABUNA),estado nutricional en menores de 5 anos,clasificacion c,2003-08-01,10,11,10,11,21
20307,NAZACARA DE PACAJES,estado nutricional en menores de 5 anos,clasificacion c,2003-08-01,4,5,4,5,9
90501,NUEVO MANOA (NUEVA ESPERANZA),estado nutricional en menores de 5 anos,clasificacion c,2003-08-01,3,4,3,4,7
50404,OCURI,estado nutricional en menores de 5 anos,clasificacion c,2003-08-01,140,114,140,114,254
30203,OMEREQUE,estado nutricional en menores de 5 anos,clasificacion c,2003-08-01,10,13,10,13,23
40101,ORURO,estado nutricional en menores de 5 anos,clasificacion c,2003-08-01,1949,1116,1949,1116,3065
60201,PADCAYA,estado nutricional en menores de 5 anos,clasificacion c,2003-08-01,228,320,228,320,548
10401,PADILLA,estado nutricional en menores de 5 anos,clasificacion c,2003-08-01,284,350,284,350,634
70502,PAILON,estado nutricional en menores de 5 anos,clasificacion c,2003-08-01,122,94,122,94,216
20102,PALCA,estado nutricional en menores de 5 anos,clasificacion c,2003-08-01,114,103,114,103,217
21104,PALOS BLANCOS,estado nutricional en menores de 5 anos,clasificacion c,2003-08-01,248,156,248,156,404
40802,PAMPA AULLAGAS,estado nutricional en menores de 5 anos,clasificacion c,2003-08-01,28,12,28,12,40
70902,PAMPA GRANDE,estado nutricional en menores de 5 anos,clasificacion c,2003-08-01,79,32,79,32,111
21802,PAPEL PAMPA,estado nutricional en menores de 5 anos,clasificacion c,2003-08-01,67,33,67,33,100
30202,PASORAPA,estado nutricional en menores de 5 anos,clasificacion c,2003-08-01,36,51,36,51,87
21305,PATACAMAYA,estado nutricional en menores de 5 anos,clasificacion c,2003-08-01,275,148,275,148,423
40602,PAZÃ‘A,estado nutricional en menores de 5 anos,clasificacion c,2003-08-01,37,62,37,62,99
20702,PELECHUCO,estado nutricional en menores de 5 anos,clasificacion c,2003-08-01,43,29,43,29,72
50403,POCOATA,estado nutricional en menores de 5 anos,clasificacion c,2003-08-01,330,328,330,328,658
31203,POCONA,estado nutricional en menores de 5 anos,clasificacion c,2003-08-01,112,88,112,88,200
31202,POJO (CBBA),estado nutricional en menores de 5 anos,clasificacion c,2003-08-01,396,299,396,299,695
40601,POOPO,estado nutricional en menores de 5 anos,clasificacion c,2003-08-01,35,87,35,87,122
51203,PORCO,estado nutricional en menores de 5 anos,clasificacion c,2003-08-01,96,34,96,34,130
10103,POROMA,estado nutricional en menores de 5 anos,clasificacion c,2003-08-01,216,248,216,248,464
70103,PORONGO,estado nutricional en menores de 5 anos,clasificacion c,2003-08-01,53,39,53,39,92
70601,PORTACHUELO,estado nutricional en menores de 5 anos,clasificacion c,2003-08-01,282,255,282,255,537
90102,PORVENIR,estado nutricional en menores de 5 anos,clasificacion c,2003-08-01,88,60,88,60,148
70804,POSTRER VALLE,estado nutricional en menores de 5 anos,clasificacion c,2003-08-01,3,6,3,6,9
50101,POTOSI,estado nutricional en menores de 5 anos,clasificacion c,2003-08-01,1489,564,1489,564,2053
10302,PRESTO,estado nutricional en menores de 5 anos,clasificacion c,2003-08-01,122,155,122,155,277
70805,PUCARA,estado nutricional en menores de 5 anos,clasificacion c,2003-08-01,15,17,15,17,32
21201,PUCARANI,estado nutricional en menores de 5 anos,clasificacion c,2003-08-01,174,46,174,46,220
20401,PUERTO ACOSTA,estado nutricional en menores de 5 anos,clasificacion c,2003-08-01,168,182,168,182,350
20403,PUERTO CARABUCO,estado nutricional en menores de 5 anos,clasificacion c,2003-08-01,125,115,125,115,240
90301,PUERTO GONZALO MORENO,estado nutricional en menores de 5 anos,clasificacion c,2003-08-01,21,35,21,35,56
21204,PUERTO PEREZ,estado nutricional en menores de 5 anos,clasificacion c,2003-08-01,65,24,65,24,89
71402,PUERTO QUIJARRO,estado nutricional en menores de 5 anos,clasificacion c,2003-08-01,200,51,200,51,251
90201,PUERTO RICO,estado nutricional en menores de 5 anos,clasificacion c,2003-08-01,58,81,58,81,139
80703,PUERTO SILES,estado nutricional en menores de 5 anos,clasificacion c,2003-08-01,18,8,18,8,26
71401,PUERTO SUAREZ,estado nutricional en menores de 5 anos,clasificacion c,2003-08-01,180,50,180,50,230
31205,PUERTO VILLARROEL,estado nutricional en menores de 5 anos,clasificacion c,2003-08-01,344,260,344,260,604
51101,PUNA,estado nutricional en menores de 5 anos,clasificacion c,2003-08-01,14,4,14,4,18
31401,PUNATA,estado nutricional en menores de 5 anos,clasificacion c,2003-08-01,327,128,327,128,455
20604,QUIABAYA,estado nutricional en menores de 5 anos,clasificacion c,2003-08-01,33,25,33,25,58
30901,QUILLACOLLO,estado nutricional en menores de 5 anos,clasificacion c,2003-08-01,430,183,430,183,613
21002,QUIME,estado nutricional en menores de 5 anos,clasificacion c,2003-08-01,126,115,126,115,241
70904,QUIRUSILLAS,estado nutricional en menores de 5 anos,clasificacion c,2003-08-01,20,19,20,19,39
50402,RAVELO,estado nutricional en menores de 5 anos,clasificacion c,2003-08-01,237,154,237,154,391
80301,REYES,estado nutricional en menores de 5 anos,clasificacion c,2003-08-01,135,83,135,83,218
80201,RIBERALTA,estado nutricional en menores de 5 anos,clasificacion c,2003-08-01,1072,403,1072,403,1475
70503,ROBORE,estado nutricional en menores de 5 anos,clasificacion c,2003-08-01,163,141,163,141,304
80304,RURRENABAQUE,estado nutricional en menores de 5 anos,clasificacion c,2003-08-01,206,75,206,75,281
40901,SABAYA,estado nutricional en menores de 5 anos,clasificacion c,2003-08-01,17,21,17,21,38
31001,SACABA,estado nutricional en menores de 5 anos,clasificacion c,2003-08-01,364,120,364,120,484
30404,SACABAMBA,estado nutricional en menores de 5 anos,clasificacion c,2003-08-01,54,102,54,102,156
50701,SACACA,estado nutricional en menores de 5 anos,clasificacion c,2003-08-01,136,262,136,262,398
71302,SAIPINA,estado nutricional en menores de 5 anos,clasificacion c,2003-08-01,32,63,32,63,95
40801,SALINAS DE GARCI MENDOZA,estado nutricional en menores de 5 anos,clasificacion c,2003-08-01,40,51,40,51,91
70901,SAMAIPATA,estado nutricional en menores de 5 anos,clasificacion c,2003-08-01,129,114,129,114,243
51601,SAN AGUSTIN,estado nutricional en menores de 5 anos,clasificacion c,2003-08-01,22,18,22,18,40
80602,SAN ANDRES,estado nutricional en menores de 5 anos,clasificacion c,2003-08-01,38,36,38,36,74
51003,SAN ANTONIO DE ESMORUCO,estado nutricional en menores de 5 anos,clasificacion c,2003-08-01,3,15,3,15,18
71105,SAN ANTONIO DE LOMERIO,estado nutricional en menores de 5 anos,clasificacion c,2003-08-01,99,151,99,151,250
31403,SAN BENITO,estado nutricional en menores de 5 anos,clasificacion c,2003-08-01,99,62,99,62,161
80302,SAN BORJA,estado nutricional en menores de 5 anos,clasificacion c,2003-08-01,537,334,537,334,871
21502,SAN BUENA VENTURA,estado nutricional en menores de 5 anos,clasificacion c,2003-08-01,112,71,112,71,183
70402,SAN CARLOS,estado nutricional en menores de 5 anos,clasificacion c,2003-08-01,425,198,425,198,623
80501,SAN IGNACIO,estado nutricional en menores de 5 anos,clasificacion c,2003-08-01,269,205,269,205,474
70301,SAN IGNACIO DE VELASCO,estado nutricional en menores de 5 anos,clasificacion c,2003-08-01,692,546,692,546,1238
80102,SAN JAVIER(BNI),estado nutricional en menores de 5 anos,clasificacion c,2003-08-01,14,14,14,14,28
71102,SAN JAVIER(STC),estado nutricional en menores de 5 anos,clasificacion c,2003-08-01,87,71,87,71,158
80701,SAN JOAQUIN,estado nutricional en menores de 5 anos,clasificacion c,2003-08-01,55,53,55,53,108
70501,SAN JOSE DE CHIQUITOS,estado nutricional en menores de 5 anos,clasificacion c,2003-08-01,122,37,122,37,159
71104,SAN JULIAN,estado nutricional en menores de 5 anos,clasificacion c,2003-08-01,431,623,431,623,1054
90302,SAN LORENZO(PND),estado nutricional en menores de 5 anos,clasificacion c,2003-08-01,31,10,31,10,41
60501,SAN LORENZO(TJA),estado nutricional en menores de 5 anos,clasificacion c,2003-08-01,142,136,142,136,278
10702,SAN LUCAS,estado nutricional en menores de 5 anos,clasificacion c,2003-08-01,593,539,593,539,1132
71201,SAN MATIAS,estado nutricional en menores de 5 anos,clasificacion c,2003-08-01,188,140,188,140,328
70302,SAN MIGUEL DE VELASCO,estado nutricional en menores de 5 anos,clasificacion c,2003-08-01,253,155,253,155,408
51001,SAN PABLO DE LIPEZ,estado nutricional en menores de 5 anos,clasificacion c,2003-08-01,50,42,50,42,92
50501,SAN PEDRO DE BUENA VISTA,estado nutricional en menores de 5 anos,clasificacion c,2003-08-01,166,201,166,201,367
21801,SAN PEDRO DE CURAHUARA,estado nutricional en menores de 5 anos,clasificacion c,2003-08-01,45,46,45,46,91
50902,SAN PEDRO DE QUEMES,estado nutricional en menores de 5 anos,clasificacion c,2003-08-01,10,7,10,7,17
21702,SAN PEDRO DE TIQUINA,estado nutricional en menores de 5 anos,clasificacion c,2003-08-01,37,52,37,52,89
90202,SAN PEDRO(PND),estado nutricional en menores de 5 anos,clasificacion c,2003-08-01,8,2,8,2,10
70303,SAN RAFAEL,estado nutricional en menores de 5 anos,clasificacion c,2003-08-01,67,53,67,53,120
80702,SAN RAMON,estado nutricional en menores de 5 anos,clasificacion c,2003-08-01,69,56,69,56,125
80401,SANTA ANA,estado nutricional en menores de 5 anos,clasificacion c,2003-08-01,178,79,178,79,257
70101,SANTA CRUZ DE LA SIERRA,estado nutricional en menores de 5 anos,clasificacion c,2003-08-01,4139,2162,4139,2162,6301
80303,SANTA ROSA,estado nutricional en menores de 5 anos,clasificacion c,2003-08-01,104,49,104,49,153
70602,SANTA ROSA DEL SARA,estado nutricional en menores de 5 anos,clasificacion c,2003-08-01,69,53,69,53,122
20308,SANTIAGO DE CALLAPA,estado nutricional en menores de 5 anos,clasificacion c,2003-08-01,73,67,73,67,140
41401,SANTIAGO DE HUARI,estado nutricional en menores de 5 anos,clasificacion c,2003-08-01,36,43,36,43,79
21901,SANTIAGO DE MACHACA,estado nutricional en menores de 5 anos,clasificacion c,2003-08-01,47,57,47,57,104
30702,SANTIVAÃ‘ES,estado nutricional en menores de 5 anos,clasificacion c,2003-08-01,72,35,72,35,107
40202,SANTUARIO DE QUILLACAS,estado nutricional en menores de 5 anos,clasificacion c,2003-08-01,24,18,24,18,42
20902,SAPAHAQUI,estado nutricional en menores de 5 anos,clasificacion c,2003-08-01,138,99,138,99,237
90303,SENA,estado nutricional en menores de 5 anos,clasificacion c,2003-08-01,32,32,32,32,64
21301,SICA SICA (VILLA AROMA),estado nutricional en menores de 5 anos,clasificacion c,2003-08-01,210,110,210,110,320
30703,SICAYA,estado nutricional en menores de 5 anos,clasificacion c,2003-08-01,24,9,24,9,33
30902,SIPE SIPE,estado nutricional en menores de 5 anos,clasificacion c,2003-08-01,431,248,431,248,679
10403,SOPACHUY,estado nutricional en menores de 5 anos,clasificacion c,2003-08-01,149,88,149,88,237
20601,SORATA,estado nutricional en menores de 5 anos,clasificacion c,2003-08-01,166,146,166,146,312
10101,SUCRE,estado nutricional en menores de 5 anos,clasificacion c,2003-08-01,2040,1353,2040,1353,3393
31404,TACACHI,estado nutricional en menores de 5 anos,clasificacion c,2003-08-01,7,2,7,2,9
20603,TACACOMA,estado nutricional en menores de 5 anos,clasificacion c,2003-08-01,57,75,57,75,132
50303,TACOBAMBA,estado nutricional en menores de 5 anos,clasificacion c,2003-08-01,105,93,105,93,198
30602,TACOPAYA,estado nutricional en menores de 5 anos,clasificacion c,2003-08-01,140,169,140,169,309
51402,TAHUA,estado nutricional en menores de 5 anos,clasificacion c,2003-08-01,13,14,13,14,27
31101,TAPACARI,estado nutricional en menores de 5 anos,clasificacion c,2003-08-01,254,153,254,153,407
10601,TARABUCO,estado nutricional en menores de 5 anos,clasificacion c,2003-08-01,427,609,427,609,1036
30401,TARATA,estado nutricional en menores de 5 anos,clasificacion c,2003-08-01,62,62,62,62,124
60101,TARIJA,estado nutricional en menores de 5 anos,clasificacion c,2003-08-01,1462,1061,1462,1061,2523
10202,TARVITA,estado nutricional en menores de 5 anos,clasificacion c,2003-08-01,335,488,335,488,823
20803,TIAWANACU,estado nutricional en menores de 5 anos,clasificacion c,2003-08-01,97,58,97,58,155
50102,TINGUIPAYA,estado nutricional en menores de 5 anos,clasificacion c,2003-08-01,188,281,188,281,469
20606,TIPUANI,estado nutricional en menores de 5 anos,clasificacion c,2003-08-01,110,72,110,72,182
30903,TIQUIPAYA,estado nutricional en menores de 5 anos,clasificacion c,2003-08-01,483,210,483,210,693
31601,TIRAQUE (CBBA),estado nutricional en menores de 5 anos,clasificacion c,2003-08-01,356,225,356,225,581
21703,TITO YUPANQUI (PARQUIPUJIO),estado nutricional en menores de 5 anos,clasificacion c,2003-08-01,12,17,12,17,29
30802,TOCO,estado nutricional en menores de 5 anos,clasificacion c,2003-08-01,5,10,5,10,15
30803,TOLATA,estado nutricional en menores de 5 anos,clasificacion c,2003-08-01,49,39,49,39,88
41001,TOLEDO,estado nutricional en menores de 5 anos,clasificacion c,2003-08-01,67,50,67,50,117
51202,TOMAVE,estado nutricional en menores de 5 anos,clasificacion c,2003-08-01,115,124,115,124,239
10402,TOMINA,estado nutricional en menores de 5 anos,clasificacion c,2003-08-01,160,247,160,247,407
50502,TORO TORO,estado nutricional en menores de 5 anos,clasificacion c,2003-08-01,173,244,173,244,417
31201,TOTORA(CBBA),estado nutricional en menores de 5 anos,clasificacion c,2003-08-01,140,95,140,95,235
41301,TOTORA(ORR),estado nutricional en menores de 5 anos,clasificacion c,2003-08-01,49,49,49,49,98
70802,TRIGAL,estado nutricional en menores de 5 anos,clasificacion c,2003-08-01,4,4,4,4,8
80101,TRINIDAD,estado nutricional en menores de 5 anos,clasificacion c,2003-08-01,713,578,713,578,1291
50801,TUPIZA,estado nutricional en menores de 5 anos,clasificacion c,2003-08-01,484,666,484,666,1150
40402,TURCO,estado nutricional en menores de 5 anos,clasificacion c,2003-08-01,45,58,45,58,103
21302,UMALA,estado nutricional en menores de 5 anos,clasificacion c,2003-08-01,18,42,18,42,60
50201,UNCIA,estado nutricional en menores de 5 anos,clasificacion c,2003-08-01,72,6,72,6,78
60401,URIONDO (A. CONCEPCION),estado nutricional en menores de 5 anos,clasificacion c,2003-08-01,218,229,218,229,447
71502,URUBICHA,estado nutricional en menores de 5 anos,clasificacion c,2003-08-01,161,353,161,353,514
51201,UYUNI,estado nutricional en menores de 5 anos,clasificacion c,2003-08-01,288,242,288,242,530
30502,VACAS,estado nutricional en menores de 5 anos,clasificacion c,2003-08-01,77,28,77,28,105
70801,VALLEGRANDE,estado nutricional en menores de 5 anos,clasificacion c,2003-08-01,35,55,35,55,90
20801,VIACHA,estado nutricional en menores de 5 anos,clasificacion c,2003-08-01,411,143,411,143,554
31302,VILA VILA,estado nutricional en menores de 5 anos,clasificacion c,2003-08-01,53,58,53,58,111
60303,VILLA MONTES,estado nutricional en menores de 5 anos,clasificacion c,2003-08-01,336,158,336,158,494
90502,VILLA NUEVA (LOMA ALTA),estado nutricional en menores de 5 anos,clasificacion c,2003-08-01,3,2,3,2,5
31402,VILLA RIVERO,estado nutricional en menores de 5 anos,clasificacion c,2003-08-01,58,46,58,46,104
10801,VILLA SERRANO,estado nutricional en menores de 5 anos,clasificacion c,2003-08-01,298,345,298,345,643
31003,VILLA TUNARI,estado nutricional en menores de 5 anos,clasificacion c,2003-08-01,394,227,394,227,621
11001,VILLA VACA GUZMAN (MUYUPAMPA),estado nutricional en menores de 5 anos,clasificacion c,2003-08-01,192,258,192,258,450
51501,VILLAZON,estado nutricional en menores de 5 anos,clasificacion c,2003-08-01,462,370,462,370,832
30904,VINTO,estado nutricional en menores de 5 anos,clasificacion c,2003-08-01,136,62,136,62,198
50602,VITICHI,estado nutricional en menores de 5 anos,clasificacion c,2003-08-01,277,194,277,194,471
20306,WALDO BALLIVIAN,estado nutricional en menores de 5 anos,clasificacion c,2003-08-01,14,1,14,1,15
20903,YACO,estado nutricional en menores de 5 anos,clasificacion c,2003-08-01,18,13,18,13,31
60301,YACUIBA,estado nutricional en menores de 5 anos,clasificacion c,2003-08-01,661,291,661,291,952
10602,YAMPARAEZ,estado nutricional en menores de 5 anos,clasificacion c,2003-08-01,219,421,219,421,640
21103,YANACACHI,estado nutricional en menores de 5 anos,clasificacion c,2003-08-01,46,30,46,30,76
70403,YAPACANI,estado nutricional en menores de 5 anos,clasificacion c,2003-08-01,556,381,556,381,937
50103,YOCALLA,estado nutricional en menores de 5 anos,clasificacion c,2003-08-01,58,72,58,72,130
10102,YOTALA,estado nutricional en menores de 5 anos,clasificacion c,2003-08-01,225,353,225,353,578
60402,YUNCHARA,estado nutricional en menores de 5 anos,clasificacion c,2003-08-01,80,101,80,101,181
10301,ZUDAÃ‘EZ,estado nutricional en menores de 5 anos,clasificacion c,2003-08-01,163,191,163,191,354
51302,ACACIO,estado nutricional en menores de 5 anos,clasificacion c,2003-09-01,91,80,91,80,171
20201,ACHACACHI,estado nutricional en menores de 5 anos,clasificacion c,2003-09-01,609,590,609,590,1199
20104,ACHOCALLA,estado nutricional en menores de 5 anos,clasificacion c,2003-09-01,106,57,106,57,163
30201,AIQUILE,estado nutricional en menores de 5 anos,clasificacion c,2003-09-01,148,76,148,76,224
31303,ALALAY,estado nutricional en menores de 5 anos,clasificacion c,2003-09-01,24,6,24,6,30
10404,ALCALA,estado nutricional en menores de 5 anos,clasificacion c,2003-09-01,60,131,60,131,191
20202,ANCORAIMES,estado nutricional en menores de 5 anos,clasificacion c,2003-09-01,265,330,265,330,595
41201,ANDAMARCA,estado nutricional en menores de 5 anos,clasificacion c,2003-09-01,52,47,52,47,99
30402,ANZALDO,estado nutricional en menores de 5 anos,clasificacion c,2003-09-01,49,78,49,78,127
20701,APOLO,estado nutricional en menores de 5 anos,clasificacion c,2003-09-01,102,60,102,60,162
51301,ARAMPAMPA,estado nutricional en menores de 5 anos,clasificacion c,2003-09-01,87,101,87,101,188
30501,ARANI,estado nutricional en menores de 5 anos,clasificacion c,2003-09-01,32,84,32,84,116
30403,ARBIETO,estado nutricional en menores de 5 anos,clasificacion c,2003-09-01,34,5,34,5,39
30601,ARQUE,estado nutricional en menores de 5 anos,clasificacion c,2003-09-01,74,59,74,59,133
71501,ASCENCION DE GUARAYOS,estado nutricional en menores de 5 anos,clasificacion c,2003-09-01,12,12,12,12,24
50802,ATOCHA,estado nutricional en menores de 5 anos,clasificacion c,2003-09-01,91,346,91,346,437
20503,AUCAPATA,estado nutricional en menores de 5 anos,clasificacion c,2003-09-01,35,16,35,16,51
20502,AYATA,estado nutricional en menores de 5 anos,clasificacion c,2003-09-01,46,7,46,7,53
21303,AYO AYO,estado nutricional en menores de 5 anos,clasificacion c,2003-09-01,80,10,80,10,90
30301,AYOPAYA (V. DE INDEPENDENCIA),estado nutricional en menores de 5 anos,clasificacion c,2003-09-01,205,200,205,200,405
10201,AZURDUY,estado nutricional en menores de 5 anos,clasificacion c,2003-09-01,285,362,285,362,647
21203,BATALLAS,estado nutricional en menores de 5 anos,clasificacion c,2003-09-01,114,95,114,95,209
80802,BAURES,estado nutricional en menores de 5 anos,clasificacion c,2003-09-01,68,75,68,75,143
41202,BELEN DE ANDAMARCA,estado nutricional en menores de 5 anos,clasificacion c,2003-09-01,5,4,5,4,9
50104,BELEN DE URMIRI,estado nutricional en menores de 5 anos,clasificacion c,2003-09-01,37,42,37,42,79
90104,BELLA FLOR,estado nutricional en menores de 5 anos,clasificacion c,2003-09-01,42,81,42,81,123
60202,BERMEJO,estado nutricional en menores de 5 anos,clasificacion c,2003-09-01,90,100,90,100,190
50301,BETANZOS,estado nutricional en menores de 5 anos,clasificacion c,2003-09-01,453,406,453,406,859
31501,BOLIVAR,estado nutricional en menores de 5 anos,clasificacion c,2003-09-01,131,102,131,102,233
90103,BOLPEBRA,estado nutricional en menores de 5 anos,clasificacion c,2003-09-01,16,35,16,35,51
70707,BOYUIBE,estado nutricional en menores de 5 anos,clasificacion c,2003-09-01,43,62,43,62,105
70401,BUENA VISTA,estado nutricional en menores de 5 anos,clasificacion c,2003-09-01,250,265,250,265,515
70703,CABEZAS,estado nutricional en menores de 5 anos,clasificacion c,2003-09-01,8,5,8,5,13
20905,CAIROMA,estado nutricional en menores de 5 anos,clasificacion c,2003-09-01,162,85,162,85,247
51102,"CAIZA ""D""",estado nutricional en menores de 5 anos,clasificacion c,2003-09-01,221,178,221,178,399
21003,CAJUATA,estado nutricional en menores de 5 anos,clasificacion c,2003-09-01,70,57,70,57,127
20303,CALACOTO,estado nutricional en menores de 5 anos,clasificacion c,2003-09-01,48,43,48,43,91
21304,CALAMARCA,estado nutricional en menores de 5 anos,clasificacion c,2003-09-01,122,59,122,59,181
10701,CAMARGO,estado nutricional en menores de 5 anos,clasificacion c,2003-09-01,244,179,244,179,423
10901,CAMATAQUI (C. VILLA ABECIA),estado nutricional en menores de 5 anos,clasificacion c,2003-09-01,61,63,61,63,124
70706,CAMIRI,estado nutricional en menores de 5 anos,clasificacion c,2003-09-01,375,303,375,303,678
30701,CAPINOTA,estado nutricional en menores de 5 anos,clasificacion c,2003-09-01,80,42,80,42,122
20302,CAQUIAVIRI,estado nutricional en menores de 5 anos,clasificacion c,2003-09-01,121,86,121,86,207
40102,CARACOLLO,estado nutricional en menores de 5 anos,clasificacion c,2003-09-01,103,77,103,77,180
22001,CARANAVI,estado nutricional en menores de 5 anos,clasificacion c,2003-09-01,509,285,509,285,794
41503,CARANGAS,estado nutricional en menores de 5 anos,clasificacion c,2003-09-01,4,0,4,0,4
60302,CARAPARI,estado nutricional en menores de 5 anos,clasificacion c,2003-09-01,102,113,102,113,215
50702,CARIPUYO,estado nutricional en menores de 5 anos,clasificacion c,2003-09-01,118,103,118,103,221
21902,CATACORA,estado nutricional en menores de 5 anos,clasificacion c,2003-09-01,3,0,3,0,3
40201,CHALLAPATA,estado nutricional en menores de 5 anos,clasificacion c,2003-09-01,183,134,183,134,317
50302,CHAQUI,estado nutricional en menores de 5 anos,clasificacion c,2003-09-01,95,102,95,102,197
70702,CHARAGUA,estado nutricional en menores de 5 anos,clasificacion c,2003-09-01,322,341,322,341,663
20305,CHARAÃ‘A,estado nutricional en menores de 5 anos,clasificacion c,2003-09-01,52,39,52,39,91
50202,CHAYANTA,estado nutricional en menores de 5 anos,clasificacion c,2003-09-01,92,80,92,80,172
31204,CHIMORE,estado nutricional en menores de 5 anos,clasificacion c,2003-09-01,94,59,94,59,153
40903,CHIPAYA,estado nutricional en menores de 5 anos,clasificacion c,2003-09-01,8,3,8,3,11
21101,CHULUMANI (V. DE LA LIBERTAD),estado nutricional en menores de 5 anos,clasificacion c,2003-09-01,94,70,94,70,164
20501,CHUMA,estado nutricional en menores de 5 anos,clasificacion c,2003-09-01,95,68,95,68,163
30801,CLIZA,estado nutricional en menores de 5 anos,clasificacion c,2003-09-01,32,9,32,9,41
90101,COBIJA,estado nutricional en menores de 5 anos,clasificacion c,2003-09-01,413,287,413,287,700
30101,COCHABAMBA,estado nutricional en menores de 5 anos,clasificacion c,2003-09-01,2161,1043,2161,1043,3204
40902,COIPASA,estado nutricional en menores de 5 anos,clasificacion c,2003-09-01,4,7,4,7,11
30905,COLCAPIRHUA,estado nutricional en menores de 5 anos,clasificacion c,2003-09-01,262,123,262,123,385
50901,"COLCHA ""K""",estado nutricional en menores de 5 anos,clasificacion c,2003-09-01,141,143,141,143,284
21307,COLLANA,estado nutricional en menores de 5 anos,clasificacion c,2003-09-01,39,6,39,6,45
31002,COLOMI,estado nutricional en menores de 5 anos,clasificacion c,2003-09-01,281,226,281,226,507
50401,COLQUECHACA,estado nutricional en menores de 5 anos,clasificacion c,2003-09-01,270,163,270,163,433
21306,COLQUENCHA,estado nutricional en menores de 5 anos,clasificacion c,2003-09-01,63,24,63,24,87
21004,COLQUIRI,estado nutricional en menores de 5 anos,clasificacion c,2003-09-01,152,50,152,50,202
20304,COMANCHE,estado nutricional en menores de 5 anos,clasificacion c,2003-09-01,23,6,23,6,29
71301,COMARAPA,estado nutricional en menores de 5 anos,clasificacion c,2003-09-01,195,115,195,115,310
20605,COMBAYA,estado nutricional en menores de 5 anos,clasificacion c,2003-09-01,18,22,18,22,40
71101,CONCEPCION,estado nutricional en menores de 5 anos,clasificacion c,2003-09-01,42,100,42,100,142
21701,COPACABANA,estado nutricional en menores de 5 anos,clasificacion c,2003-09-01,109,43,109,43,152
21402,CORIPATA,estado nutricional en menores de 5 anos,clasificacion c,2003-09-01,28,3,28,3,31
20301,CORO CORO,estado nutricional en menores de 5 anos,clasificacion c,2003-09-01,95,64,95,64,159
21401,COROICO,estado nutricional en menores de 5 anos,clasificacion c,2003-09-01,165,73,165,73,238
40301,CORQUE,estado nutricional en menores de 5 anos,clasificacion c,2003-09-01,72,59,72,59,131
50601,COTAGAITA,estado nutricional en menores de 5 anos,clasificacion c,2003-09-01,248,187,248,187,435
31405,CUCHUMUELA (V. G. VILLARROEL),estado nutricional en menores de 5 anos,clasificacion c,2003-09-01,28,20,28,20,48
70704,CUEVO,estado nutricional en menores de 5 anos,clasificacion c,2003-09-01,55,59,55,59,114
10902,CULPINA,estado nutricional en menores de 5 anos,clasificacion c,2003-09-01,426,331,426,331,757
40401,CURAHUARA DE CARANGAS,estado nutricional en menores de 5 anos,clasificacion c,2003-09-01,36,16,36,16,52
21602,CURVA,estado nutricional en menores de 5 anos,clasificacion c,2003-09-01,33,26,33,26,59
20804,DESAGUADERO,estado nutricional en menores de 5 anos,clasificacion c,2003-09-01,44,31,44,31,75
20105,EL ALTO,estado nutricional en menores de 5 anos,clasificacion c,2003-09-01,5262,2121,5262,2121,7383
40103,EL CHORO,estado nutricional en menores de 5 anos,clasificacion c,2003-09-01,31,22,31,22,53
71503,EL PUENTE(STC),estado nutricional en menores de 5 anos,clasificacion c,2003-09-01,134,244,134,244,378
60502,EL PUENTE(TJA),estado nutricional en menores de 5 anos,clasificacion c,2003-09-01,130,213,130,213,343
70105,EL TORNO,estado nutricional en menores de 5 anos,clasificacion c,2003-09-01,313,192,313,192,505
10405,EL VILLAR,estado nutricional en menores de 5 anos,clasificacion c,2003-09-01,102,157,102,157,259
60601,ENTRE RIOS,estado nutricional en menores de 5 anos,clasificacion c,2003-09-01,206,262,206,262,468
41101,EUCALIPTUS,estado nutricional en menores de 5 anos,clasificacion c,2003-09-01,26,46,26,46,72
90503,EUREKA (SANTOS MERCADO),estado nutricional en menores de 5 anos,clasificacion c,2003-09-01,9,13,9,13,22
80402,EXALTACION,estado nutricional en menores de 5 anos,clasificacion c,2003-09-01,16,16,16,16,32
90203,FILADELFIA,estado nutricional en menores de 5 anos,clasificacion c,2003-09-01,23,18,23,18,41
71002,GENERAL SAAVEDRA,estado nutricional en menores de 5 anos,clasificacion c,2003-09-01,321,380,321,380,701
21601,GRAL. J.J. PEREZ (CHARAZANI),estado nutricional en menores de 5 anos,clasificacion c,2003-09-01,80,70,80,70,150
20602,GUANAY,estado nutricional en menores de 5 anos,clasificacion c,2003-09-01,425,256,425,256,681
20802,GUAQUI,estado nutricional en menores de 5 anos,clasificacion c,2003-09-01,37,16,37,16,53
80202,GUAYARAMERIN,estado nutricional en menores de 5 anos,clasificacion c,2003-09-01,469,223,469,223,692
70705,GUTIERREZ,estado nutricional en menores de 5 anos,clasificacion c,2003-09-01,250,243,250,243,493
10502,HUACARETA,estado nutricional en menores de 5 anos,clasificacion c,2003-09-01,172,306,172,306,478
11002,HUACAYA (VILLA DE HUACAYA),estado nutricional en menores de 5 anos,clasificacion c,2003-09-01,47,52,47,52,99
40501,HUACHACALLA,estado nutricional en menores de 5 anos,clasificacion c,2003-09-01,8,4,8,4,12
40701,HUANUNI,estado nutricional en menores de 5 anos,clasificacion c,2003-09-01,172,116,172,116,288
80803,HUARACAJE,estado nutricional en menores de 5 anos,clasificacion c,2003-09-01,21,25,21,25,46
41601,HUAYLLAMARCA,estado nutricional en menores de 5 anos,clasificacion c,2003-09-01,77,20,77,20,97
21005,ICHOCA,estado nutricional en menores de 5 anos,clasificacion c,2003-09-01,55,52,55,52,107
10304,ICLA,estado nutricional en menores de 5 anos,clasificacion c,2003-09-01,179,284,179,284,463
10703,INCAHUASI,estado nutricional en menores de 5 anos,clasificacion c,2003-09-01,238,162,238,162,400
90402,INGAVI (HUMAITA),estado nutricional en menores de 5 anos,clasificacion c,2003-09-01,0,1,0,1,1
21001,INQUISIVI,estado nutricional en menores de 5 anos,clasificacion c,2003-09-01,208,218,208,218,426
21102,IRUPANA (VILLA DE LANZA),estado nutricional en menores de 5 anos,clasificacion c,2003-09-01,171,199,171,199,370
21501,IXIAMAS,estado nutricional en menores de 5 anos,clasificacion c,2003-09-01,89,67,89,67,156
21105,LA ASUNTA,estado nutricional en menores de 5 anos,clasificacion c,2003-09-01,236,93,236,93,329
70104,LA GUARDIA,estado nutricional en menores de 5 anos,clasificacion c,2003-09-01,503,277,503,277,780
20101,LA PAZ,estado nutricional en menores de 5 anos,clasificacion c,2003-09-01,4032,2212,4032,2212,6244
41501,LA RIVERA,estado nutricional en menores de 5 anos,clasificacion c,2003-09-01,6,11,6,11,17
70701,LAGUNILLAS,estado nutricional en menores de 5 anos,clasificacion c,2003-09-01,102,113,102,113,215
21202,LAJA,estado nutricional en menores de 5 anos,clasificacion c,2003-09-01,91,33,91,33,124
10903,LAS CARRERAS,estado nutricional en menores de 5 anos,clasificacion c,2003-09-01,75,85,75,85,160
21006,LICOMA PAMPA,estado nutricional en menores de 5 anos,clasificacion c,2003-09-01,12,14,12,14,26
50203,LLALLAGUA,estado nutricional en menores de 5 anos,clasificacion c,2003-09-01,164,509,164,509,673
51401,LLICA,estado nutricional en menores de 5 anos,clasificacion c,2003-09-01,27,29,27,29,56
80601,LORETO,estado nutricional en menores de 5 anos,clasificacion c,2003-09-01,68,68,68,68,136
20901,LURIBAY,estado nutricional en menores de 5 anos,clasificacion c,2003-09-01,132,127,132,127,259
40702,MACHACAMARCA,estado nutricional en menores de 5 anos,clasificacion c,2003-09-01,25,23,25,23,48
11003,MACHARETI,estado nutricional en menores de 5 anos,clasificacion c,2003-09-01,159,281,159,281,440
80801,MAGDALENA,estado nutricional en menores de 5 anos,clasificacion c,2003-09-01,103,74,103,74,177
70903,MAIRANA,estado nutricional en menores de 5 anos,clasificacion c,2003-09-01,97,53,97,53,150
20904,MALLA,estado nutricional en menores de 5 anos,clasificacion c,2003-09-01,10,37,10,37,47
20103,MECAPACA,estado nutricional en menores de 5 anos,clasificacion c,2003-09-01,102,86,102,86,188
71003,MINEROS,estado nutricional en menores de 5 anos,clasificacion c,2003-09-01,648,368,648,368,1016
31301,MIZQUE,estado nutricional en menores de 5 anos,clasificacion c,2003-09-01,79,58,79,58,137
20402,MOCOMOCO,estado nutricional en menores de 5 anos,clasificacion c,2003-09-01,160,147,160,147,307
51002,MOJINETE,estado nutricional en menores de 5 anos,clasificacion c,2003-09-01,13,10,13,10,23
10303,MOJOCOYA,estado nutricional en menores de 5 anos,clasificacion c,2003-09-01,169,263,169,263,432
10501,MONTEAGUDO,estado nutricional en menores de 5 anos,clasificacion c,2003-09-01,416,371,416,371,787
71001,MONTERO,estado nutricional en menores de 5 anos,clasificacion c,2003-09-01,1405,724,1405,724,2129
70803,MORO MORO,estado nutricional en menores de 5 anos,clasificacion c,2003-09-01,37,25,37,25,62
30302,MOROCHATA,estado nutricional en menores de 5 anos,clasificacion c,2003-09-01,177,207,177,207,384
90401,NACEBE (SANTA ROSA DEL ABUNA),estado nutricional en menores de 5 anos,clasificacion c,2003-09-01,3,11,3,11,14
20307,NAZACARA DE PACAJES,estado nutricional en menores de 5 anos,clasificacion c,2003-09-01,10,2,10,2,12
90501,NUEVO MANOA (NUEVA ESPERANZA),estado nutricional en menores de 5 anos,clasificacion c,2003-09-01,11,4,11,4,15
50404,OCURI,estado nutricional en menores de 5 anos,clasificacion c,2003-09-01,131,143,131,143,274
30203,OMEREQUE,estado nutricional en menores de 5 anos,clasificacion c,2003-09-01,100,55,100,55,155
40101,ORURO,estado nutricional en menores de 5 anos,clasificacion c,2003-09-01,2088,1182,2088,1182,3270
60201,PADCAYA,estado nutricional en menores de 5 anos,clasificacion c,2003-09-01,208,264,208,264,472
10401,PADILLA,estado nutricional en menores de 5 anos,clasificacion c,2003-09-01,291,351,291,351,642
70502,PAILON,estado nutricional en menores de 5 anos,clasificacion c,2003-09-01,133,77,133,77,210
20102,PALCA,estado nutricional en menores de 5 anos,clasificacion c,2003-09-01,94,77,94,77,171
21104,PALOS BLANCOS,estado nutricional en menores de 5 anos,clasificacion c,2003-09-01,309,323,309,323,632
40802,PAMPA AULLAGAS,estado nutricional en menores de 5 anos,clasificacion c,2003-09-01,43,43,43,43,86
70902,PAMPA GRANDE,estado nutricional en menores de 5 anos,clasificacion c,2003-09-01,76,59,76,59,135
21802,PAPEL PAMPA,estado nutricional en menores de 5 anos,clasificacion c,2003-09-01,44,17,44,17,61
30202,PASORAPA,estado nutricional en menores de 5 anos,clasificacion c,2003-09-01,44,50,44,50,94
21305,PATACAMAYA,estado nutricional en menores de 5 anos,clasificacion c,2003-09-01,150,55,150,55,205
40602,PAZÃ‘A,estado nutricional en menores de 5 anos,clasificacion c,2003-09-01,28,54,28,54,82
20702,PELECHUCO,estado nutricional en menores de 5 anos,clasificacion c,2003-09-01,42,49,42,49,91
50403,POCOATA,estado nutricional en menores de 5 anos,clasificacion c,2003-09-01,304,228,304,228,532
31203,POCONA,estado nutricional en menores de 5 anos,clasificacion c,2003-09-01,94,87,94,87,181
31202,POJO (CBBA),estado nutricional en menores de 5 anos,clasificacion c,2003-09-01,400,310,400,310,710
40601,POOPO,estado nutricional en menores de 5 anos,clasificacion c,2003-09-01,24,115,24,115,139
51203,PORCO,estado nutricional en menores de 5 anos,clasificacion c,2003-09-01,83,36,83,36,119
10103,POROMA,estado nutricional en menores de 5 anos,clasificacion c,2003-09-01,223,269,223,269,492
70103,PORONGO,estado nutricional en menores de 5 anos,clasificacion c,2003-09-01,84,69,84,69,153
70601,PORTACHUELO,estado nutricional en menores de 5 anos,clasificacion c,2003-09-01,255,200,255,200,455
90102,PORVENIR,estado nutricional en menores de 5 anos,clasificacion c,2003-09-01,82,70,82,70,152
70804,POSTRER VALLE,estado nutricional en menores de 5 anos,clasificacion c,2003-09-01,14,28,14,28,42
50101,POTOSI,estado nutricional en menores de 5 anos,clasificacion c,2003-09-01,1339,554,1339,554,1893
10302,PRESTO,estado nutricional en menores de 5 anos,clasificacion c,2003-09-01,183,162,183,162,345
70805,PUCARA,estado nutricional en menores de 5 anos,clasificacion c,2003-09-01,10,12,10,12,22
21201,PUCARANI,estado nutricional en menores de 5 anos,clasificacion c,2003-09-01,114,29,114,29,143
20401,PUERTO ACOSTA,estado nutricional en menores de 5 anos,clasificacion c,2003-09-01,212,251,212,251,463
20403,PUERTO CARABUCO,estado nutricional en menores de 5 anos,clasificacion c,2003-09-01,132,194,132,194,326
90301,PUERTO GONZALO MORENO,estado nutricional en menores de 5 anos,clasificacion c,2003-09-01,144,217,144,217,361
21204,PUERTO PEREZ,estado nutricional en menores de 5 anos,clasificacion c,2003-09-01,123,132,123,132,255
71402,PUERTO QUIJARRO,estado nutricional en menores de 5 anos,clasificacion c,2003-09-01,165,60,165,60,225
90201,PUERTO RICO,estado nutricional en menores de 5 anos,clasificacion c,2003-09-01,9,45,9,45,54
80703,PUERTO SILES,estado nutricional en menores de 5 anos,clasificacion c,2003-09-01,8,17,8,17,25
71401,PUERTO SUAREZ,estado nutricional en menores de 5 anos,clasificacion c,2003-09-01,175,81,175,81,256
31205,PUERTO VILLARROEL,estado nutricional en menores de 5 anos,clasificacion c,2003-09-01,574,414,574,414,988
51101,PUNA,estado nutricional en menores de 5 anos,clasificacion c,2003-09-01,391,301,391,301,692
31401,PUNATA,estado nutricional en menores de 5 anos,clasificacion c,2003-09-01,60,236,60,236,296
20604,QUIABAYA,estado nutricional en menores de 5 anos,clasificacion c,2003-09-01,22,13,22,13,35
30901,QUILLACOLLO,estado nutricional en menores de 5 anos,clasificacion c,2003-09-01,327,157,327,157,484
21002,QUIME,estado nutricional en menores de 5 anos,clasificacion c,2003-09-01,167,158,167,158,325
70904,QUIRUSILLAS,estado nutricional en menores de 5 anos,clasificacion c,2003-09-01,20,8,20,8,28
50402,RAVELO,estado nutricional en menores de 5 anos,clasificacion c,2003-09-01,235,218,235,218,453
80301,REYES,estado nutricional en menores de 5 anos,clasificacion c,2003-09-01,132,96,132,96,228
80201,RIBERALTA,estado nutricional en menores de 5 anos,clasificacion c,2003-09-01,1248,639,1248,639,1887
70503,ROBORE,estado nutricional en menores de 5 anos,clasificacion c,2003-09-01,147,164,147,164,311
80304,RURRENABAQUE,estado nutricional en menores de 5 anos,clasificacion c,2003-09-01,211,102,211,102,313
40901,SABAYA,estado nutricional en menores de 5 anos,clasificacion c,2003-09-01,39,29,39,29,68
31001,SACABA,estado nutricional en menores de 5 anos,clasificacion c,2003-09-01,361,327,361,327,688
30404,SACABAMBA,estado nutricional en menores de 5 anos,clasificacion c,2003-09-01,42,65,42,65,107
50701,SACACA,estado nutricional en menores de 5 anos,clasificacion c,2003-09-01,151,206,151,206,357
71302,SAIPINA,estado nutricional en menores de 5 anos,clasificacion c,2003-09-01,27,35,27,35,62
40801,SALINAS DE GARCI MENDOZA,estado nutricional en menores de 5 anos,clasificacion c,2003-09-01,75,81,75,81,156
70901,SAMAIPATA,estado nutricional en menores de 5 anos,clasificacion c,2003-09-01,125,70,125,70,195
51601,SAN AGUSTIN,estado nutricional en menores de 5 anos,clasificacion c,2003-09-01,21,14,21,14,35
80602,SAN ANDRES,estado nutricional en menores de 5 anos,clasificacion c,2003-09-01,44,84,44,84,128
51003,SAN ANTONIO DE ESMORUCO,estado nutricional en menores de 5 anos,clasificacion c,2003-09-01,12,14,12,14,26
71105,SAN ANTONIO DE LOMERIO,estado nutricional en menores de 5 anos,clasificacion c,2003-09-01,128,170,128,170,298
31403,SAN BENITO,estado nutricional en menores de 5 anos,clasificacion c,2003-09-01,136,33,136,33,169
80302,SAN BORJA,estado nutricional en menores de 5 anos,clasificacion c,2003-09-01,537,312,537,312,849
21502,SAN BUENA VENTURA,estado nutricional en menores de 5 anos,clasificacion c,2003-09-01,107,78,107,78,185
70402,SAN CARLOS,estado nutricional en menores de 5 anos,clasificacion c,2003-09-01,322,197,322,197,519
80501,SAN IGNACIO,estado nutricional en menores de 5 anos,clasificacion c,2003-09-01,320,218,320,218,538
70301,SAN IGNACIO DE VELASCO,estado nutricional en menores de 5 anos,clasificacion c,2003-09-01,634,402,634,402,1036
80102,SAN JAVIER(BNI),estado nutricional en menores de 5 anos,clasificacion c,2003-09-01,23,45,23,45,68
71102,SAN JAVIER(STC),estado nutricional en menores de 5 anos,clasificacion c,2003-09-01,95,92,95,92,187
80701,SAN JOAQUIN,estado nutricional en menores de 5 anos,clasificacion c,2003-09-01,49,30,49,30,79
70501,SAN JOSE DE CHIQUITOS,estado nutricional en menores de 5 anos,clasificacion c,2003-09-01,121,62,121,62,183
71104,SAN JULIAN,estado nutricional en menores de 5 anos,clasificacion c,2003-09-01,372,639,372,639,1011
90302,SAN LORENZO(PND),estado nutricional en menores de 5 anos,clasificacion c,2003-09-01,11,28,11,28,39
60501,SAN LORENZO(TJA),estado nutricional en menores de 5 anos,clasificacion c,2003-09-01,104,80,104,80,184
10702,SAN LUCAS,estado nutricional en menores de 5 anos,clasificacion c,2003-09-01,643,652,643,652,1295
70302,SAN MIGUEL DE VELASCO,estado nutricional en menores de 5 anos,clasificacion c,2003-09-01,153,107,153,107,260
51001,SAN PABLO DE LIPEZ,estado nutricional en menores de 5 anos,clasificacion c,2003-09-01,25,35,25,35,60
50501,SAN PEDRO DE BUENA VISTA,estado nutricional en menores de 5 anos,clasificacion c,2003-09-01,177,224,177,224,401
21801,SAN PEDRO DE CURAHUARA,estado nutricional en menores de 5 anos,clasificacion c,2003-09-01,78,68,78,68,146
50902,SAN PEDRO DE QUEMES,estado nutricional en menores de 5 anos,clasificacion c,2003-09-01,6,6,6,6,12
21702,SAN PEDRO DE TIQUINA,estado nutricional en menores de 5 anos,clasificacion c,2003-09-01,30,63,30,63,93
70303,SAN RAFAEL,estado nutricional en menores de 5 anos,clasificacion c,2003-09-01,55,32,55,32,87
80702,SAN RAMON,estado nutricional en menores de 5 anos,clasificacion c,2003-09-01,66,88,66,88,154
80401,SANTA ANA,estado nutricional en menores de 5 anos,clasificacion c,2003-09-01,137,59,137,59,196
70101,SANTA CRUZ DE LA SIERRA,estado nutricional en menores de 5 anos,clasificacion c,2003-09-01,6020,2723,6020,2723,8743
80303,SANTA ROSA,estado nutricional en menores de 5 anos,clasificacion c,2003-09-01,73,52,73,52,125
70602,SANTA ROSA DEL SARA,estado nutricional en menores de 5 anos,clasificacion c,2003-09-01,54,44,54,44,98
20308,SANTIAGO DE CALLAPA,estado nutricional en menores de 5 anos,clasificacion c,2003-09-01,56,72,56,72,128
41401,SANTIAGO DE HUARI,estado nutricional en menores de 5 anos,clasificacion c,2003-09-01,68,68,68,68,136
21901,SANTIAGO DE MACHACA,estado nutricional en menores de 5 anos,clasificacion c,2003-09-01,20,16,20,16,36
30702,SANTIVAÃ‘ES,estado nutricional en menores de 5 anos,clasificacion c,2003-09-01,116,52,116,52,168
40202,SANTUARIO DE QUILLACAS,estado nutricional en menores de 5 anos,clasificacion c,2003-09-01,20,38,20,38,58
20902,SAPAHAQUI,estado nutricional en menores de 5 anos,clasificacion c,2003-09-01,62,31,62,31,93
90303,SENA,estado nutricional en menores de 5 anos,clasificacion c,2003-09-01,18,6,18,6,24
21301,SICA SICA (VILLA AROMA),estado nutricional en menores de 5 anos,clasificacion c,2003-09-01,151,126,151,126,277
30703,SICAYA,estado nutricional en menores de 5 anos,clasificacion c,2003-09-01,21,5,21,5,26
30902,SIPE SIPE,estado nutricional en menores de 5 anos,clasificacion c,2003-09-01,510,403,510,403,913
10403,SOPACHUY,estado nutricional en menores de 5 anos,clasificacion c,2003-09-01,145,133,145,133,278
20601,SORATA,estado nutricional en menores de 5 anos,clasificacion c,2003-09-01,219,255,219,255,474
10101,SUCRE,estado nutricional en menores de 5 anos,clasificacion c,2003-09-01,1954,1353,1954,1353,3307
31404,TACACHI,estado nutricional en menores de 5 anos,clasificacion c,2003-09-01,17,2,17,2,19
20603,TACACOMA,estado nutricional en menores de 5 anos,clasificacion c,2003-09-01,42,50,42,50,92
50303,TACOBAMBA,estado nutricional en menores de 5 anos,clasificacion c,2003-09-01,147,96,147,96,243
30602,TACOPAYA,estado nutricional en menores de 5 anos,clasificacion c,2003-09-01,98,155,98,155,253
51402,TAHUA,estado nutricional en menores de 5 anos,clasificacion c,2003-09-01,16,14,16,14,30
31101,TAPACARI,estado nutricional en menores de 5 anos,clasificacion c,2003-09-01,270,219,270,219,489
10601,TARABUCO,estado nutricional en menores de 5 anos,clasificacion c,2003-09-01,448,631,448,631,1079
30401,TARATA,estado nutricional en menores de 5 anos,clasificacion c,2003-09-01,123,90,123,90,213
60101,TARIJA,estado nutricional en menores de 5 anos,clasificacion c,2003-09-01,917,638,917,638,1555
10202,TARVITA,estado nutricional en menores de 5 anos,clasificacion c,2003-09-01,259,283,259,283,542
20803,TIAWANACU,estado nutricional en menores de 5 anos,clasificacion c,2003-09-01,104,57,104,57,161
50102,TINGUIPAYA,estado nutricional en menores de 5 anos,clasificacion c,2003-09-01,186,314,186,314,500
20606,TIPUANI,estado nutricional en menores de 5 anos,clasificacion c,2003-09-01,89,66,89,66,155
30903,TIQUIPAYA,estado nutricional en menores de 5 anos,clasificacion c,2003-09-01,384,166,384,166,550
31601,TIRAQUE (CBBA),estado nutricional en menores de 5 anos,clasificacion c,2003-09-01,432,266,432,266,698
21703,TITO YUPANQUI (PARQUIPUJIO),estado nutricional en menores de 5 anos,clasificacion c,2003-09-01,7,6,7,6,13
30802,TOCO,estado nutricional en menores de 5 anos,clasificacion c,2003-09-01,10,37,10,37,47
41502,TODOS SANTOS,estado nutricional en menores de 5 anos,clasificacion c,2003-09-01,0,14,0,14,14
30803,TOLATA,estado nutricional en menores de 5 anos,clasificacion c,2003-09-01,22,20,22,20,42
41001,TOLEDO,estado nutricional en menores de 5 anos,clasificacion c,2003-09-01,43,29,43,29,72
51202,TOMAVE,estado nutricional en menores de 5 anos,clasificacion c,2003-09-01,269,139,269,139,408
10402,TOMINA,estado nutricional en menores de 5 anos,clasificacion c,2003-09-01,183,265,183,265,448
50502,TORO TORO,estado nutricional en menores de 5 anos,clasificacion c,2003-09-01,207,223,207,223,430
31201,TOTORA(CBBA),estado nutricional en menores de 5 anos,clasificacion c,2003-09-01,136,113,136,113,249
41301,TOTORA(ORR),estado nutricional en menores de 5 anos,clasificacion c,2003-09-01,48,69,48,69,117
70802,TRIGAL,estado nutricional en menores de 5 anos,clasificacion c,2003-09-01,5,7,5,7,12
80101,TRINIDAD,estado nutricional en menores de 5 anos,clasificacion c,2003-09-01,635,485,635,485,1120
50801,TUPIZA,estado nutricional en menores de 5 anos,clasificacion c,2003-09-01,410,571,410,571,981
40402,TURCO,estado nutricional en menores de 5 anos,clasificacion c,2003-09-01,52,52,52,52,104
21302,UMALA,estado nutricional en menores de 5 anos,clasificacion c,2003-09-01,58,47,58,47,105
50201,UNCIA,estado nutricional en menores de 5 anos,clasificacion c,2003-09-01,75,16,75,16,91
60401,URIONDO (A. CONCEPCION),estado nutricional en menores de 5 anos,clasificacion c,2003-09-01,214,248,214,248,462
51201,UYUNI,estado nutricional en menores de 5 anos,clasificacion c,2003-09-01,278,220,278,220,498
30502,VACAS,estado nutricional en menores de 5 anos,clasificacion c,2003-09-01,51,27,51,27,78
70801,VALLEGRANDE,estado nutricional en menores de 5 anos,clasificacion c,2003-09-01,64,98,64,98,162
20801,VIACHA,estado nutricional en menores de 5 anos,clasificacion c,2003-09-01,396,222,396,222,618
31302,VILA VILA,estado nutricional en menores de 5 anos,clasificacion c,2003-09-01,22,31,22,31,53
60303,VILLA MONTES,estado nutricional en menores de 5 anos,clasificacion c,2003-09-01,330,234,330,234,564
90502,VILLA NUEVA (LOMA ALTA),estado nutricional en menores de 5 anos,clasificacion c,2003-09-01,3,2,3,2,5
31402,VILLA RIVERO,estado nutricional en menores de 5 anos,clasificacion c,2003-09-01,65,19,65,19,84
10801,VILLA SERRANO,estado nutricional en menores de 5 anos,clasificacion c,2003-09-01,267,327,267,327,594
31003,VILLA TUNARI,estado nutricional en menores de 5 anos,clasificacion c,2003-09-01,417,240,417,240,657
11001,VILLA VACA GUZMAN (MUYUPAMPA),estado nutricional en menores de 5 anos,clasificacion c,2003-09-01,156,174,156,174,330
51501,VILLAZON,estado nutricional en menores de 5 anos,clasificacion c,2003-09-01,429,388,429,388,817
30904,VINTO,estado nutricional en menores de 5 anos,clasificacion c,2003-09-01,112,71,112,71,183
50602,VITICHI,estado nutricional en menores de 5 anos,clasificacion c,2003-09-01,77,69,77,69,146
20306,WALDO BALLIVIAN,estado nutricional en menores de 5 anos,clasificacion c,2003-09-01,23,8,23,8,31
20903,YACO,estado nutricional en menores de 5 anos,clasificacion c,2003-09-01,19,11,19,11,30
60301,YACUIBA,estado nutricional en menores de 5 anos,clasificacion c,2003-09-01,0,384,0,384,384
10602,YAMPARAEZ,estado nutricional en menores de 5 anos,clasificacion c,2003-09-01,221,412,221,412,633
21103,YANACACHI,estado nutricional en menores de 5 anos,clasificacion c,2003-09-01,52,32,52,32,84
70403,YAPACANI,estado nutricional en menores de 5 anos,clasificacion c,2003-09-01,461,457,461,457,918
50103,YOCALLA,estado nutricional en menores de 5 anos,clasificacion c,2003-09-01,59,101,59,101,160
10102,YOTALA,estado nutricional en menores de 5 anos,clasificacion c,2003-09-01,212,318,212,318,530
60402,YUNCHARA,estado nutricional en menores de 5 anos,clasificacion c,2003-09-01,50,74,50,74,124
10301,ZUDAÃ‘EZ,estado nutricional en menores de 5 anos,clasificacion c,2003-09-01,151,188,151,188,339
51302,ACACIO,estado nutricional en menores de 5 anos,clasificacion c,2003-10-01,116,145,116,145,261
20201,ACHACACHI,estado nutricional en menores de 5 anos,clasificacion c,2003-10-01,528,562,528,562,1090
20104,ACHOCALLA,estado nutricional en menores de 5 anos,clasificacion c,2003-10-01,116,45,116,45,161
30201,AIQUILE,estado nutricional en menores de 5 anos,clasificacion c,2003-10-01,96,70,96,70,166
31303,ALALAY,estado nutricional en menores de 5 anos,clasificacion c,2003-10-01,43,31,43,31,74
10404,ALCALA,estado nutricional en menores de 5 anos,clasificacion c,2003-10-01,50,142,50,142,192
20202,ANCORAIMES,estado nutricional en menores de 5 anos,clasificacion c,2003-10-01,166,179,166,179,345
41201,ANDAMARCA,estado nutricional en menores de 5 anos,clasificacion c,2003-10-01,50,40,50,40,90
30402,ANZALDO,estado nutricional en menores de 5 anos,clasificacion c,2003-10-01,37,105,37,105,142
20701,APOLO,estado nutricional en menores de 5 anos,clasificacion c,2003-10-01,48,21,48,21,69
51301,ARAMPAMPA,estado nutricional en menores de 5 anos,clasificacion c,2003-10-01,98,123,98,123,221
30501,ARANI,estado nutricional en menores de 5 anos,clasificacion c,2003-10-01,61,48,61,48,109
30403,ARBIETO,estado nutricional en menores de 5 anos,clasificacion c,2003-10-01,42,15,42,15,57
30601,ARQUE,estado nutricional en menores de 5 anos,clasificacion c,2003-10-01,130,81,130,81,211
71501,ASCENCION DE GUARAYOS,estado nutricional en menores de 5 anos,clasificacion c,2003-10-01,55,58,55,58,113
50802,ATOCHA,estado nutricional en menores de 5 anos,clasificacion c,2003-10-01,96,394,96,394,490
20503,AUCAPATA,estado nutricional en menores de 5 anos,clasificacion c,2003-10-01,31,23,31,23,54
20502,AYATA,estado nutricional en menores de 5 anos,clasificacion c,2003-10-01,37,85,37,85,122
21303,AYO AYO,estado nutricional en menores de 5 anos,clasificacion c,2003-10-01,67,26,67,26,93
30301,AYOPAYA (V. DE INDEPENDENCIA),estado nutricional en menores de 5 anos,clasificacion c,2003-10-01,257,255,257,255,512
10201,AZURDUY,estado nutricional en menores de 5 anos,clasificacion c,2003-10-01,256,352,256,352,608
21203,BATALLAS,estado nutricional en menores de 5 anos,clasificacion c,2003-10-01,163,101,163,101,264
80802,BAURES,estado nutricional en menores de 5 anos,clasificacion c,2003-10-01,79,77,79,77,156
41202,BELEN DE ANDAMARCA,estado nutricional en menores de 5 anos,clasificacion c,2003-10-01,14,21,14,21,35
50104,BELEN DE URMIRI,estado nutricional en menores de 5 anos,clasificacion c,2003-10-01,31,22,31,22,53
90104,BELLA FLOR,estado nutricional en menores de 5 anos,clasificacion c,2003-10-01,26,65,26,65,91
60202,BERMEJO,estado nutricional en menores de 5 anos,clasificacion c,2003-10-01,97,113,97,113,210
50301,BETANZOS,estado nutricional en menores de 5 anos,clasificacion c,2003-10-01,312,277,312,277,589
31501,BOLIVAR,estado nutricional en menores de 5 anos,clasificacion c,2003-10-01,136,102,136,102,238
90103,BOLPEBRA,estado nutricional en menores de 5 anos,clasificacion c,2003-10-01,23,27,23,27,50
70707,BOYUIBE,estado nutricional en menores de 5 anos,clasificacion c,2003-10-01,55,80,55,80,135
70401,BUENA VISTA,estado nutricional en menores de 5 anos,clasificacion c,2003-10-01,314,337,314,337,651
70703,CABEZAS,estado nutricional en menores de 5 anos,clasificacion c,2003-10-01,158,151,158,151,309
20905,CAIROMA,estado nutricional en menores de 5 anos,clasificacion c,2003-10-01,183,220,183,220,403
51102,"CAIZA ""D""",estado nutricional en menores de 5 anos,clasificacion c,2003-10-01,174,208,174,208,382
21003,CAJUATA,estado nutricional en menores de 5 anos,clasificacion c,2003-10-01,104,67,104,67,171
20303,CALACOTO,estado nutricional en menores de 5 anos,clasificacion c,2003-10-01,56,33,56,33,89
21304,CALAMARCA,estado nutricional en menores de 5 anos,clasificacion c,2003-10-01,304,177,304,177,481
10701,CAMARGO,estado nutricional en menores de 5 anos,clasificacion c,2003-10-01,195,157,195,157,352
10901,CAMATAQUI (C. VILLA ABECIA),estado nutricional en menores de 5 anos,clasificacion c,2003-10-01,77,87,77,87,164
70706,CAMIRI,estado nutricional en menores de 5 anos,clasificacion c,2003-10-01,384,294,384,294,678
30701,CAPINOTA,estado nutricional en menores de 5 anos,clasificacion c,2003-10-01,79,48,79,48,127
20302,CAQUIAVIRI,estado nutricional en menores de 5 anos,clasificacion c,2003-10-01,133,130,133,130,263
40102,CARACOLLO,estado nutricional en menores de 5 anos,clasificacion c,2003-10-01,161,140,161,140,301
22001,CARANAVI,estado nutricional en menores de 5 anos,clasificacion c,2003-10-01,603,414,603,414,1017
60302,CARAPARI,estado nutricional en menores de 5 anos,clasificacion c,2003-10-01,104,83,104,83,187
50702,CARIPUYO,estado nutricional en menores de 5 anos,clasificacion c,2003-10-01,129,144,129,144,273
21902,CATACORA,estado nutricional en menores de 5 anos,clasificacion c,2003-10-01,16,25,16,25,41
40201,CHALLAPATA,estado nutricional en menores de 5 anos,clasificacion c,2003-10-01,220,177,220,177,397
50302,CHAQUI,estado nutricional en menores de 5 anos,clasificacion c,2003-10-01,104,80,104,80,184
70702,CHARAGUA,estado nutricional en menores de 5 anos,clasificacion c,2003-10-01,322,304,322,304,626
20305,CHARAÃ‘A,estado nutricional en menores de 5 anos,clasificacion c,2003-10-01,31,20,31,20,51
50202,CHAYANTA,estado nutricional en menores de 5 anos,clasificacion c,2003-10-01,161,214,161,214,375
31204,CHIMORE,estado nutricional en menores de 5 anos,clasificacion c,2003-10-01,81,48,81,48,129
21101,CHULUMANI (V. DE LA LIBERTAD),estado nutricional en menores de 5 anos,clasificacion c,2003-10-01,111,97,111,97,208
20501,CHUMA,estado nutricional en menores de 5 anos,clasificacion c,2003-10-01,70,40,70,40,110
30801,CLIZA,estado nutricional en menores de 5 anos,clasificacion c,2003-10-01,30,13,30,13,43
90101,COBIJA,estado nutricional en menores de 5 anos,clasificacion c,2003-10-01,237,196,237,196,433
30101,COCHABAMBA,estado nutricional en menores de 5 anos,clasificacion c,2003-10-01,2402,1137,2402,1137,3539
40902,COIPASA,estado nutricional en menores de 5 anos,clasificacion c,2003-10-01,4,8,4,8,12
30905,COLCAPIRHUA,estado nutricional en menores de 5 anos,clasificacion c,2003-10-01,358,163,358,163,521
50901,"COLCHA ""K""",estado nutricional en menores de 5 anos,clasificacion c,2003-10-01,200,232,200,232,432
21307,COLLANA,estado nutricional en menores de 5 anos,clasificacion c,2003-10-01,19,2,19,2,21
31002,COLOMI,estado nutricional en menores de 5 anos,clasificacion c,2003-10-01,292,197,292,197,489
50401,COLQUECHACA,estado nutricional en menores de 5 anos,clasificacion c,2003-10-01,239,179,239,179,418
21306,COLQUENCHA,estado nutricional en menores de 5 anos,clasificacion c,2003-10-01,42,21,42,21,63
21004,COLQUIRI,estado nutricional en menores de 5 anos,clasificacion c,2003-10-01,179,103,179,103,282
20304,COMANCHE,estado nutricional en menores de 5 anos,clasificacion c,2003-10-01,42,26,42,26,68
71301,COMARAPA,estado nutricional en menores de 5 anos,clasificacion c,2003-10-01,181,123,181,123,304
20605,COMBAYA,estado nutricional en menores de 5 anos,clasificacion c,2003-10-01,23,29,23,29,52
71101,CONCEPCION,estado nutricional en menores de 5 anos,clasificacion c,2003-10-01,98,2,98,2,100
21701,COPACABANA,estado nutricional en menores de 5 anos,clasificacion c,2003-10-01,123,76,123,76,199
21402,CORIPATA,estado nutricional en menores de 5 anos,clasificacion c,2003-10-01,29,5,29,5,34
20301,CORO CORO,estado nutricional en menores de 5 anos,clasificacion c,2003-10-01,94,47,94,47,141
21401,COROICO,estado nutricional en menores de 5 anos,clasificacion c,2003-10-01,144,63,144,63,207
40301,CORQUE,estado nutricional en menores de 5 anos,clasificacion c,2003-10-01,57,63,57,63,120
50601,COTAGAITA,estado nutricional en menores de 5 anos,clasificacion c,2003-10-01,434,361,434,361,795
31405,CUCHUMUELA (V. G. VILLARROEL),estado nutricional en menores de 5 anos,clasificacion c,2003-10-01,31,33,31,33,64
70704,CUEVO,estado nutricional en menores de 5 anos,clasificacion c,2003-10-01,75,87,75,87,162
10902,CULPINA,estado nutricional en menores de 5 anos,clasificacion c,2003-10-01,450,296,450,296,746
40401,CURAHUARA DE CARANGAS,estado nutricional en menores de 5 anos,clasificacion c,2003-10-01,80,84,80,84,164
21602,CURVA,estado nutricional en menores de 5 anos,clasificacion c,2003-10-01,23,5,23,5,28
20804,DESAGUADERO,estado nutricional en menores de 5 anos,clasificacion c,2003-10-01,30,27,30,27,57
20105,EL ALTO,estado nutricional en menores de 5 anos,clasificacion c,2003-10-01,5666,2071,5666,2071,7737
40103,EL CHORO,estado nutricional en menores de 5 anos,clasificacion c,2003-10-01,35,27,35,27,62
71503,EL PUENTE(STC),estado nutricional en menores de 5 anos,clasificacion c,2003-10-01,114,224,114,224,338
60502,EL PUENTE(TJA),estado nutricional en menores de 5 anos,clasificacion c,2003-10-01,95,158,95,158,253
70105,EL TORNO,estado nutricional en menores de 5 anos,clasificacion c,2003-10-01,383,170,383,170,553
10405,EL VILLAR,estado nutricional en menores de 5 anos,clasificacion c,2003-10-01,125,165,125,165,290
60601,ENTRE RIOS,estado nutricional en menores de 5 anos,clasificacion c,2003-10-01,355,435,355,435,790
40502,ESCARA,estado nutricional en menores de 5 anos,clasificacion c,2003-10-01,2,3,2,3,5
41101,EUCALIPTUS,estado nutricional en menores de 5 anos,clasificacion c,2003-10-01,60,71,60,71,131
90503,EUREKA (SANTOS MERCADO),estado nutricional en menores de 5 anos,clasificacion c,2003-10-01,3,2,3,2,5
80402,EXALTACION,estado nutricional en menores de 5 anos,clasificacion c,2003-10-01,62,92,62,92,154
90203,FILADELFIA,estado nutricional en menores de 5 anos,clasificacion c,2003-10-01,19,49,19,49,68
71002,GENERAL SAAVEDRA,estado nutricional en menores de 5 anos,clasificacion c,2003-10-01,383,438,383,438,821
21601,GRAL. J.J. PEREZ (CHARAZANI),estado nutricional en menores de 5 anos,clasificacion c,2003-10-01,150,113,150,113,263
20602,GUANAY,estado nutricional en menores de 5 anos,clasificacion c,2003-10-01,447,343,447,343,790
20802,GUAQUI,estado nutricional en menores de 5 anos,clasificacion c,2003-10-01,32,15,32,15,47
80202,GUAYARAMERIN,estado nutricional en menores de 5 anos,clasificacion c,2003-10-01,466,236,466,236,702
70705,GUTIERREZ,estado nutricional en menores de 5 anos,clasificacion c,2003-10-01,273,348,273,348,621
10502,HUACARETA,estado nutricional en menores de 5 anos,clasificacion c,2003-10-01,266,347,266,347,613
11002,HUACAYA (VILLA DE HUACAYA),estado nutricional en menores de 5 anos,clasificacion c,2003-10-01,45,43,45,43,88
40501,HUACHACALLA,estado nutricional en menores de 5 anos,clasificacion c,2003-10-01,11,16,11,16,27
40701,HUANUNI,estado nutricional en menores de 5 anos,clasificacion c,2003-10-01,237,115,237,115,352
80803,HUARACAJE,estado nutricional en menores de 5 anos,clasificacion c,2003-10-01,52,45,52,45,97
41601,HUAYLLAMARCA,estado nutricional en menores de 5 anos,clasificacion c,2003-10-01,52,27,52,27,79
21005,ICHOCA,estado nutricional en menores de 5 anos,clasificacion c,2003-10-01,52,57,52,57,109
10304,ICLA,estado nutricional en menores de 5 anos,clasificacion c,2003-10-01,142,251,142,251,393
10703,INCAHUASI,estado nutricional en menores de 5 anos,clasificacion c,2003-10-01,319,196,319,196,515
90402,INGAVI (HUMAITA),estado nutricional en menores de 5 anos,clasificacion c,2003-10-01,2,0,2,0,2
21001,INQUISIVI,estado nutricional en menores de 5 anos,clasificacion c,2003-10-01,147,112,147,112,259
21501,IXIAMAS,estado nutricional en menores de 5 anos,clasificacion c,2003-10-01,112,138,112,138,250
21105,LA ASUNTA,estado nutricional en menores de 5 anos,clasificacion c,2003-10-01,233,56,233,56,289
70104,LA GUARDIA,estado nutricional en menores de 5 anos,clasificacion c,2003-10-01,695,366,695,366,1061
20101,LA PAZ,estado nutricional en menores de 5 anos,clasificacion c,2003-10-01,4881,3378,4881,3378,8259
41501,LA RIVERA,estado nutricional en menores de 5 anos,clasificacion c,2003-10-01,1,3,1,3,4
70701,LAGUNILLAS,estado nutricional en menores de 5 anos,clasificacion c,2003-10-01,118,114,118,114,232
21202,LAJA,estado nutricional en menores de 5 anos,clasificacion c,2003-10-01,102,51,102,51,153
10903,LAS CARRERAS,estado nutricional en menores de 5 anos,clasificacion c,2003-10-01,70,81,70,81,151
21006,LICOMA PAMPA,estado nutricional en menores de 5 anos,clasificacion c,2003-10-01,21,11,21,11,32
50203,LLALLAGUA,estado nutricional en menores de 5 anos,clasificacion c,2003-10-01,251,597,251,597,848
51401,LLICA,estado nutricional en menores de 5 anos,clasificacion c,2003-10-01,86,83,86,83,169
80601,LORETO,estado nutricional en menores de 5 anos,clasificacion c,2003-10-01,51,55,51,55,106
20901,LURIBAY,estado nutricional en menores de 5 anos,clasificacion c,2003-10-01,155,119,155,119,274
40702,MACHACAMARCA,estado nutricional en menores de 5 anos,clasificacion c,2003-10-01,34,40,34,40,74
11003,MACHARETI,estado nutricional en menores de 5 anos,clasificacion c,2003-10-01,205,449,205,449,654
80801,MAGDALENA,estado nutricional en menores de 5 anos,clasificacion c,2003-10-01,52,56,52,56,108
70903,MAIRANA,estado nutricional en menores de 5 anos,clasificacion c,2003-10-01,82,52,82,52,134
20904,MALLA,estado nutricional en menores de 5 anos,clasificacion c,2003-10-01,6,11,6,11,17
20103,MECAPACA,estado nutricional en menores de 5 anos,clasificacion c,2003-10-01,132,69,132,69,201
71003,MINEROS,estado nutricional en menores de 5 anos,clasificacion c,2003-10-01,775,527,775,527,1302
31301,MIZQUE,estado nutricional en menores de 5 anos,clasificacion c,2003-10-01,98,50,98,50,148
20402,MOCOMOCO,estado nutricional en menores de 5 anos,clasificacion c,2003-10-01,164,112,164,112,276
51002,MOJINETE,estado nutricional en menores de 5 anos,clasificacion c,2003-10-01,3,7,3,7,10
10303,MOJOCOYA,estado nutricional en menores de 5 anos,clasificacion c,2003-10-01,189,296,189,296,485
10501,MONTEAGUDO,estado nutricional en menores de 5 anos,clasificacion c,2003-10-01,468,477,468,477,945
71001,MONTERO,estado nutricional en menores de 5 anos,clasificacion c,2003-10-01,1718,978,1718,978,2696
70803,MORO MORO,estado nutricional en menores de 5 anos,clasificacion c,2003-10-01,33,44,33,44,77
30302,MOROCHATA,estado nutricional en menores de 5 anos,clasificacion c,2003-10-01,194,214,194,214,408
20307,NAZACARA DE PACAJES,estado nutricional en menores de 5 anos,clasificacion c,2003-10-01,7,5,7,5,12
90501,NUEVO MANOA (NUEVA ESPERANZA),estado nutricional en menores de 5 anos,clasificacion c,2003-10-01,1,4,1,4,5
50404,OCURI,estado nutricional en menores de 5 anos,clasificacion c,2003-10-01,109,142,109,142,251
30203,OMEREQUE,estado nutricional en menores de 5 anos,clasificacion c,2003-10-01,1,0,1,0,1
40101,ORURO,estado nutricional en menores de 5 anos,clasificacion c,2003-10-01,2245,1291,2245,1291,3536
60201,PADCAYA,estado nutricional en menores de 5 anos,clasificacion c,2003-10-01,169,241,169,241,410
10401,PADILLA,estado nutricional en menores de 5 anos,clasificacion c,2003-10-01,317,345,317,345,662
70502,PAILON,estado nutricional en menores de 5 anos,clasificacion c,2003-10-01,164,164,164,164,328
20102,PALCA,estado nutricional en menores de 5 anos,clasificacion c,2003-10-01,117,97,117,97,214
21104,PALOS BLANCOS,estado nutricional en menores de 5 anos,clasificacion c,2003-10-01,315,234,315,234,549
40802,PAMPA AULLAGAS,estado nutricional en menores de 5 anos,clasificacion c,2003-10-01,25,12,25,12,37
70902,PAMPA GRANDE,estado nutricional en menores de 5 anos,clasificacion c,2003-10-01,62,61,62,61,123
21802,PAPEL PAMPA,estado nutricional en menores de 5 anos,clasificacion c,2003-10-01,63,52,63,52,115
30202,PASORAPA,estado nutricional en menores de 5 anos,clasificacion c,2003-10-01,52,39,52,39,91
21305,PATACAMAYA,estado nutricional en menores de 5 anos,clasificacion c,2003-10-01,177,64,177,64,241
40602,PAZÃ‘A,estado nutricional en menores de 5 anos,clasificacion c,2003-10-01,28,33,28,33,61
20702,PELECHUCO,estado nutricional en menores de 5 anos,clasificacion c,2003-10-01,26,19,26,19,45
50403,POCOATA,estado nutricional en menores de 5 anos,clasificacion c,2003-10-01,275,291,275,291,566
31203,POCONA,estado nutricional en menores de 5 anos,clasificacion c,2003-10-01,91,85,91,85,176
31202,POJO (CBBA),estado nutricional en menores de 5 anos,clasificacion c,2003-10-01,401,404,401,404,805
40601,POOPO,estado nutricional en menores de 5 anos,clasificacion c,2003-10-01,23,48,23,48,71
51203,PORCO,estado nutricional en menores de 5 anos,clasificacion c,2003-10-01,11,2,11,2,13
10103,POROMA,estado nutricional en menores de 5 anos,clasificacion c,2003-10-01,271,255,271,255,526
70103,PORONGO,estado nutricional en menores de 5 anos,clasificacion c,2003-10-01,46,31,46,31,77
70601,PORTACHUELO,estado nutricional en menores de 5 anos,clasificacion c,2003-10-01,269,203,269,203,472
90102,PORVENIR,estado nutricional en menores de 5 anos,clasificacion c,2003-10-01,5,17,5,17,22
70804,POSTRER VALLE,estado nutricional en menores de 5 anos,clasificacion c,2003-10-01,14,23,14,23,37
50101,POTOSI,estado nutricional en menores de 5 anos,clasificacion c,2003-10-01,1724,632,1724,632,2356
10302,PRESTO,estado nutricional en menores de 5 anos,clasificacion c,2003-10-01,158,136,158,136,294
70805,PUCARA,estado nutricional en menores de 5 anos,clasificacion c,2003-10-01,40,73,40,73,113
21201,PUCARANI,estado nutricional en menores de 5 anos,clasificacion c,2003-10-01,137,42,137,42,179
20401,PUERTO ACOSTA,estado nutricional en menores de 5 anos,clasificacion c,2003-10-01,187,198,187,198,385
20403,PUERTO CARABUCO,estado nutricional en menores de 5 anos,clasificacion c,2003-10-01,135,153,135,153,288
90301,PUERTO GONZALO MORENO,estado nutricional en menores de 5 anos,clasificacion c,2003-10-01,45,51,45,51,96
21204,PUERTO PEREZ,estado nutricional en menores de 5 anos,clasificacion c,2003-10-01,84,101,84,101,185
71402,PUERTO QUIJARRO,estado nutricional en menores de 5 anos,clasificacion c,2003-10-01,207,58,207,58,265
90201,PUERTO RICO,estado nutricional en menores de 5 anos,clasificacion c,2003-10-01,3,46,3,46,49
71401,PUERTO SUAREZ,estado nutricional en menores de 5 anos,clasificacion c,2003-10-01,224,95,224,95,319
31205,PUERTO VILLARROEL,estado nutricional en menores de 5 anos,clasificacion c,2003-10-01,621,464,621,464,1085
51101,PUNA,estado nutricional en menores de 5 anos,clasificacion c,2003-10-01,327,204,327,204,531
31401,PUNATA,estado nutricional en menores de 5 anos,clasificacion c,2003-10-01,246,373,246,373,619
20604,QUIABAYA,estado nutricional en menores de 5 anos,clasificacion c,2003-10-01,30,43,30,43,73
30901,QUILLACOLLO,estado nutricional en menores de 5 anos,clasificacion c,2003-10-01,500,266,500,266,766
21002,QUIME,estado nutricional en menores de 5 anos,clasificacion c,2003-10-01,177,197,177,197,374
70904,QUIRUSILLAS,estado nutricional en menores de 5 anos,clasificacion c,2003-10-01,14,28,14,28,42
50402,RAVELO,estado nutricional en menores de 5 anos,clasificacion c,2003-10-01,237,206,237,206,443
80301,REYES,estado nutricional en menores de 5 anos,clasificacion c,2003-10-01,239,216,239,216,455
80201,RIBERALTA,estado nutricional en menores de 5 anos,clasificacion c,2003-10-01,1282,471,1282,471,1753
70503,ROBORE,estado nutricional en menores de 5 anos,clasificacion c,2003-10-01,153,158,153,158,311
80304,RURRENABAQUE,estado nutricional en menores de 5 anos,clasificacion c,2003-10-01,195,60,195,60,255
40901,SABAYA,estado nutricional en menores de 5 anos,clasificacion c,2003-10-01,28,32,28,32,60
31001,SACABA,estado nutricional en menores de 5 anos,clasificacion c,2003-10-01,335,83,335,83,418
30404,SACABAMBA,estado nutricional en menores de 5 anos,clasificacion c,2003-10-01,59,81,59,81,140
50701,SACACA,estado nutricional en menores de 5 anos,clasificacion c,2003-10-01,205,266,205,266,471
71302,SAIPINA,estado nutricional en menores de 5 anos,clasificacion c,2003-10-01,21,16,21,16,37
40801,SALINAS DE GARCI MENDOZA,estado nutricional en menores de 5 anos,clasificacion c,2003-10-01,68,58,68,58,126
70901,SAMAIPATA,estado nutricional en menores de 5 anos,clasificacion c,2003-10-01,152,122,152,122,274
51601,SAN AGUSTIN,estado nutricional en menores de 5 anos,clasificacion c,2003-10-01,51,46,51,46,97
80602,SAN ANDRES,estado nutricional en menores de 5 anos,clasificacion c,2003-10-01,20,27,20,27,47
51003,SAN ANTONIO DE ESMORUCO,estado nutricional en menores de 5 anos,clasificacion c,2003-10-01,7,39,7,39,46
71105,SAN ANTONIO DE LOMERIO,estado nutricional en menores de 5 anos,clasificacion c,2003-10-01,106,136,106,136,242
31403,SAN BENITO,estado nutricional en menores de 5 anos,clasificacion c,2003-10-01,124,39,124,39,163
80302,SAN BORJA,estado nutricional en menores de 5 anos,clasificacion c,2003-10-01,518,268,518,268,786
21502,SAN BUENA VENTURA,estado nutricional en menores de 5 anos,clasificacion c,2003-10-01,130,74,130,74,204
70402,SAN CARLOS,estado nutricional en menores de 5 anos,clasificacion c,2003-10-01,414,187,414,187,601
80501,SAN IGNACIO,estado nutricional en menores de 5 anos,clasificacion c,2003-10-01,294,269,294,269,563
70301,SAN IGNACIO DE VELASCO,estado nutricional en menores de 5 anos,clasificacion c,2003-10-01,751,385,751,385,1136
80102,SAN JAVIER(BNI),estado nutricional en menores de 5 anos,clasificacion c,2003-10-01,28,61,28,61,89
71102,SAN JAVIER(STC),estado nutricional en menores de 5 anos,clasificacion c,2003-10-01,119,97,119,97,216
80701,SAN JOAQUIN,estado nutricional en menores de 5 anos,clasificacion c,2003-10-01,61,58,61,58,119
70501,SAN JOSE DE CHIQUITOS,estado nutricional en menores de 5 anos,clasificacion c,2003-10-01,155,61,155,61,216
71104,SAN JULIAN,estado nutricional en menores de 5 anos,clasificacion c,2003-10-01,423,542,423,542,965
90302,SAN LORENZO(PND),estado nutricional en menores de 5 anos,clasificacion c,2003-10-01,3,44,3,44,47
60501,SAN LORENZO(TJA),estado nutricional en menores de 5 anos,clasificacion c,2003-10-01,164,128,164,128,292
10702,SAN LUCAS,estado nutricional en menores de 5 anos,clasificacion c,2003-10-01,583,529,583,529,1112
71201,SAN MATIAS,estado nutricional en menores de 5 anos,clasificacion c,2003-10-01,179,72,179,72,251
70302,SAN MIGUEL DE VELASCO,estado nutricional en menores de 5 anos,clasificacion c,2003-10-01,196,148,196,148,344
51001,SAN PABLO DE LIPEZ,estado nutricional en menores de 5 anos,clasificacion c,2003-10-01,20,19,20,19,39
50501,SAN PEDRO DE BUENA VISTA,estado nutricional en menores de 5 anos,clasificacion c,2003-10-01,226,281,226,281,507
21801,SAN PEDRO DE CURAHUARA,estado nutricional en menores de 5 anos,clasificacion c,2003-10-01,61,63,61,63,124
50902,SAN PEDRO DE QUEMES,estado nutricional en menores de 5 anos,clasificacion c,2003-10-01,6,7,6,7,13
21702,SAN PEDRO DE TIQUINA,estado nutricional en menores de 5 anos,clasificacion c,2003-10-01,49,69,49,69,118
90202,SAN PEDRO(PND),estado nutricional en menores de 5 anos,clasificacion c,2003-10-01,15,10,15,10,25
70303,SAN RAFAEL,estado nutricional en menores de 5 anos,clasificacion c,2003-10-01,101,68,101,68,169
80702,SAN RAMON,estado nutricional en menores de 5 anos,clasificacion c,2003-10-01,128,63,128,63,191
80401,SANTA ANA,estado nutricional en menores de 5 anos,clasificacion c,2003-10-01,226,121,226,121,347
70101,SANTA CRUZ DE LA SIERRA,estado nutricional en menores de 5 anos,clasificacion c,2003-10-01,7474,3308,7474,3308,10782
80303,SANTA ROSA,estado nutricional en menores de 5 anos,clasificacion c,2003-10-01,71,44,71,44,115
70602,SANTA ROSA DEL SARA,estado nutricional en menores de 5 anos,clasificacion c,2003-10-01,93,63,93,63,156
20308,SANTIAGO DE CALLAPA,estado nutricional en menores de 5 anos,clasificacion c,2003-10-01,111,39,111,39,150
41401,SANTIAGO DE HUARI,estado nutricional en menores de 5 anos,clasificacion c,2003-10-01,45,66,45,66,111
21901,SANTIAGO DE MACHACA,estado nutricional en menores de 5 anos,clasificacion c,2003-10-01,57,18,57,18,75
30702,SANTIVAÃ‘ES,estado nutricional en menores de 5 anos,clasificacion c,2003-10-01,122,53,122,53,175
40202,SANTUARIO DE QUILLACAS,estado nutricional en menores de 5 anos,clasificacion c,2003-10-01,17,41,17,41,58
20902,SAPAHAQUI,estado nutricional en menores de 5 anos,clasificacion c,2003-10-01,92,60,92,60,152
90303,SENA,estado nutricional en menores de 5 anos,clasificacion c,2003-10-01,23,11,23,11,34
21301,SICA SICA (VILLA AROMA),estado nutricional en menores de 5 anos,clasificacion c,2003-10-01,254,170,254,170,424
30703,SICAYA,estado nutricional en menores de 5 anos,clasificacion c,2003-10-01,7,9,7,9,16
30902,SIPE SIPE,estado nutricional en menores de 5 anos,clasificacion c,2003-10-01,357,221,357,221,578
10403,SOPACHUY,estado nutricional en menores de 5 anos,clasificacion c,2003-10-01,192,164,192,164,356
20601,SORATA,estado nutricional en menores de 5 anos,clasificacion c,2003-10-01,150,204,150,204,354
10101,SUCRE,estado nutricional en menores de 5 anos,clasificacion c,2003-10-01,1607,1113,1607,1113,2720
31404,TACACHI,estado nutricional en menores de 5 anos,clasificacion c,2003-10-01,13,1,13,1,14
20603,TACACOMA,estado nutricional en menores de 5 anos,clasificacion c,2003-10-01,34,19,34,19,53
50303,TACOBAMBA,estado nutricional en menores de 5 anos,clasificacion c,2003-10-01,152,135,152,135,287
30602,TACOPAYA,estado nutricional en menores de 5 anos,clasificacion c,2003-10-01,124,125,124,125,249
51402,TAHUA,estado nutricional en menores de 5 anos,clasificacion c,2003-10-01,21,32,21,32,53
31101,TAPACARI,estado nutricional en menores de 5 anos,clasificacion c,2003-10-01,253,209,253,209,462
10601,TARABUCO,estado nutricional en menores de 5 anos,clasificacion c,2003-10-01,447,627,447,627,1074
30401,TARATA,estado nutricional en menores de 5 anos,clasificacion c,2003-10-01,94,52,94,52,146
60101,TARIJA,estado nutricional en menores de 5 anos,clasificacion c,2003-10-01,1596,1046,1596,1046,2642
10202,TARVITA,estado nutricional en menores de 5 anos,clasificacion c,2003-10-01,244,230,244,230,474
20803,TIAWANACU,estado nutricional en menores de 5 anos,clasificacion c,2003-10-01,134,54,134,54,188
50102,TINGUIPAYA,estado nutricional en menores de 5 anos,clasificacion c,2003-10-01,236,307,236,307,543
20606,TIPUANI,estado nutricional en menores de 5 anos,clasificacion c,2003-10-01,119,83,119,83,202
30903,TIQUIPAYA,estado nutricional en menores de 5 anos,clasificacion c,2003-10-01,589,256,589,256,845
31601,TIRAQUE (CBBA),estado nutricional en menores de 5 anos,clasificacion c,2003-10-01,556,300,556,300,856
21703,TITO YUPANQUI (PARQUIPUJIO),estado nutricional en menores de 5 anos,clasificacion c,2003-10-01,37,32,37,32,69
30802,TOCO,estado nutricional en menores de 5 anos,clasificacion c,2003-10-01,9,14,9,14,23
41502,TODOS SANTOS,estado nutricional en menores de 5 anos,clasificacion c,2003-10-01,1,2,1,2,3
30803,TOLATA,estado nutricional en menores de 5 anos,clasificacion c,2003-10-01,31,18,31,18,49
41001,TOLEDO,estado nutricional en menores de 5 anos,clasificacion c,2003-10-01,57,79,57,79,136
51202,TOMAVE,estado nutricional en menores de 5 anos,clasificacion c,2003-10-01,150,138,150,138,288
10402,TOMINA,estado nutricional en menores de 5 anos,clasificacion c,2003-10-01,199,259,199,259,458
50502,TORO TORO,estado nutricional en menores de 5 anos,clasificacion c,2003-10-01,161,215,161,215,376
31201,TOTORA(CBBA),estado nutricional en menores de 5 anos,clasificacion c,2003-10-01,139,78,139,78,217
41301,TOTORA(ORR),estado nutricional en menores de 5 anos,clasificacion c,2003-10-01,31,53,31,53,84
70802,TRIGAL,estado nutricional en menores de 5 anos,clasificacion c,2003-10-01,28,23,28,23,51
80101,TRINIDAD,estado nutricional en menores de 5 anos,clasificacion c,2003-10-01,852,709,852,709,1561
50801,TUPIZA,estado nutricional en menores de 5 anos,clasificacion c,2003-10-01,528,551,528,551,1079
40402,TURCO,estado nutricional en menores de 5 anos,clasificacion c,2003-10-01,35,56,35,56,91
21302,UMALA,estado nutricional en menores de 5 anos,clasificacion c,2003-10-01,22,48,22,48,70
50201,UNCIA,estado nutricional en menores de 5 anos,clasificacion c,2003-10-01,111,25,111,25,136
60401,URIONDO (A. CONCEPCION),estado nutricional en menores de 5 anos,clasificacion c,2003-10-01,243,288,243,288,531
71502,URUBICHA,estado nutricional en menores de 5 anos,clasificacion c,2003-10-01,172,368,172,368,540
51201,UYUNI,estado nutricional en menores de 5 anos,clasificacion c,2003-10-01,331,297,331,297,628
30502,VACAS,estado nutricional en menores de 5 anos,clasificacion c,2003-10-01,46,19,46,19,65
70801,VALLEGRANDE,estado nutricional en menores de 5 anos,clasificacion c,2003-10-01,256,189,256,189,445
20801,VIACHA,estado nutricional en menores de 5 anos,clasificacion c,2003-10-01,436,185,436,185,621
31302,VILA VILA,estado nutricional en menores de 5 anos,clasificacion c,2003-10-01,64,101,64,101,165
60303,VILLA MONTES,estado nutricional en menores de 5 anos,clasificacion c,2003-10-01,395,253,395,253,648
90502,VILLA NUEVA (LOMA ALTA),estado nutricional en menores de 5 anos,clasificacion c,2003-10-01,2,0,2,0,2
31402,VILLA RIVERO,estado nutricional en menores de 5 anos,clasificacion c,2003-10-01,57,36,57,36,93
10801,VILLA SERRANO,estado nutricional en menores de 5 anos,clasificacion c,2003-10-01,295,376,295,376,671
31003,VILLA TUNARI,estado nutricional en menores de 5 anos,clasificacion c,2003-10-01,471,391,471,391,862
11001,VILLA VACA GUZMAN (MUYUPAMPA),estado nutricional en menores de 5 anos,clasificacion c,2003-10-01,241,286,241,286,527
51501,VILLAZON,estado nutricional en menores de 5 anos,clasificacion c,2003-10-01,547,493,547,493,1040
30904,VINTO,estado nutricional en menores de 5 anos,clasificacion c,2003-10-01,202,65,202,65,267
50602,VITICHI,estado nutricional en menores de 5 anos,clasificacion c,2003-10-01,262,249,262,249,511
20306,WALDO BALLIVIAN,estado nutricional en menores de 5 anos,clasificacion c,2003-10-01,28,10,28,10,38
20903,YACO,estado nutricional en menores de 5 anos,clasificacion c,2003-10-01,32,24,32,24,56
60301,YACUIBA,estado nutricional en menores de 5 anos,clasificacion c,2003-10-01,394,137,394,137,531
10602,YAMPARAEZ,estado nutricional en menores de 5 anos,clasificacion c,2003-10-01,257,422,257,422,679
21103,YANACACHI,estado nutricional en menores de 5 anos,clasificacion c,2003-10-01,52,40,52,40,92
70403,YAPACANI,estado nutricional en menores de 5 anos,clasificacion c,2003-10-01,546,403,546,403,949
50103,YOCALLA,estado nutricional en menores de 5 anos,clasificacion c,2003-10-01,66,95,66,95,161
10102,YOTALA,estado nutricional en menores de 5 anos,clasificacion c,2003-10-01,220,344,220,344,564
60402,YUNCHARA,estado nutricional en menores de 5 anos,clasificacion c,2003-10-01,85,104,85,104,189
10301,ZUDAÃ‘EZ,estado nutricional en menores de 5 anos,clasificacion c,2003-10-01,132,170,132,170,302
51302,ACACIO,estado nutricional en menores de 5 anos,clasificacion c,2003-11-01,87,123,87,123,210
20201,ACHACACHI,estado nutricional en menores de 5 anos,clasificacion c,2003-11-01,726,760,726,760,1486
20104,ACHOCALLA,estado nutricional en menores de 5 anos,clasificacion c,2003-11-01,146,62,146,62,208
30201,AIQUILE,estado nutricional en menores de 5 anos,clasificacion c,2003-11-01,136,88,136,88,224
31303,ALALAY,estado nutricional en menores de 5 anos,clasificacion c,2003-11-01,32,27,32,27,59
10404,ALCALA,estado nutricional en menores de 5 anos,clasificacion c,2003-11-01,61,130,61,130,191
20202,ANCORAIMES,estado nutricional en menores de 5 anos,clasificacion c,2003-11-01,230,244,230,244,474
41201,ANDAMARCA,estado nutricional en menores de 5 anos,clasificacion c,2003-11-01,39,60,39,60,99
40603,ANTEQUERA,estado nutricional en menores de 5 anos,clasificacion c,2003-11-01,9,9,9,9,18
30402,ANZALDO,estado nutricional en menores de 5 anos,clasificacion c,2003-11-01,19,50,19,50,69
20701,APOLO,estado nutricional en menores de 5 anos,clasificacion c,2003-11-01,99,49,99,49,148
51301,ARAMPAMPA,estado nutricional en menores de 5 anos,clasificacion c,2003-11-01,177,123,177,123,300
30501,ARANI,estado nutricional en menores de 5 anos,clasificacion c,2003-11-01,59,34,59,34,93
30403,ARBIETO,estado nutricional en menores de 5 anos,clasificacion c,2003-11-01,34,20,34,20,54
30601,ARQUE,estado nutricional en menores de 5 anos,clasificacion c,2003-11-01,165,120,165,120,285
50802,ATOCHA,estado nutricional en menores de 5 anos,clasificacion c,2003-11-01,124,330,124,330,454
20503,AUCAPATA,estado nutricional en menores de 5 anos,clasificacion c,2003-11-01,81,72,81,72,153
20502,AYATA,estado nutricional en menores de 5 anos,clasificacion c,2003-11-01,128,84,128,84,212
21303,AYO AYO,estado nutricional en menores de 5 anos,clasificacion c,2003-11-01,81,16,81,16,97
30301,AYOPAYA (V. DE INDEPENDENCIA),estado nutricional en menores de 5 anos,clasificacion c,2003-11-01,133,130,133,130,263
10201,AZURDUY,estado nutricional en menores de 5 anos,clasificacion c,2003-11-01,307,366,307,366,673
21203,BATALLAS,estado nutricional en menores de 5 anos,clasificacion c,2003-11-01,163,84,163,84,247
80802,BAURES,estado nutricional en menores de 5 anos,clasificacion c,2003-11-01,79,72,79,72,151
41202,BELEN DE ANDAMARCA,estado nutricional en menores de 5 anos,clasificacion c,2003-11-01,18,19,18,19,37
50104,BELEN DE URMIRI,estado nutricional en menores de 5 anos,clasificacion c,2003-11-01,23,41,23,41,64
90104,BELLA FLOR,estado nutricional en menores de 5 anos,clasificacion c,2003-11-01,23,33,23,33,56
60202,BERMEJO,estado nutricional en menores de 5 anos,clasificacion c,2003-11-01,107,86,107,86,193
50301,BETANZOS,estado nutricional en menores de 5 anos,clasificacion c,2003-11-01,480,396,480,396,876
31501,BOLIVAR,estado nutricional en menores de 5 anos,clasificacion c,2003-11-01,57,88,57,88,145
90103,BOLPEBRA,estado nutricional en menores de 5 anos,clasificacion c,2003-11-01,21,26,21,26,47
70707,BOYUIBE,estado nutricional en menores de 5 anos,clasificacion c,2003-11-01,40,31,40,31,71
70401,BUENA VISTA,estado nutricional en menores de 5 anos,clasificacion c,2003-11-01,258,223,258,223,481
70703,CABEZAS,estado nutricional en menores de 5 anos,clasificacion c,2003-11-01,71,155,71,155,226
20905,CAIROMA,estado nutricional en menores de 5 anos,clasificacion c,2003-11-01,238,248,238,248,486
51102,"CAIZA ""D""",estado nutricional en menores de 5 anos,clasificacion c,2003-11-01,89,94,89,94,183
21003,CAJUATA,estado nutricional en menores de 5 anos,clasificacion c,2003-11-01,37,23,37,23,60
20303,CALACOTO,estado nutricional en menores de 5 anos,clasificacion c,2003-11-01,50,22,50,22,72
21304,CALAMARCA,estado nutricional en menores de 5 anos,clasificacion c,2003-11-01,125,64,125,64,189
10701,CAMARGO,estado nutricional en menores de 5 anos,clasificacion c,2003-11-01,243,221,243,221,464
10901,CAMATAQUI (C. VILLA ABECIA),estado nutricional en menores de 5 anos,clasificacion c,2003-11-01,54,45,54,45,99
70706,CAMIRI,estado nutricional en menores de 5 anos,clasificacion c,2003-11-01,322,282,322,282,604
30701,CAPINOTA,estado nutricional en menores de 5 anos,clasificacion c,2003-11-01,69,61,69,61,130
20302,CAQUIAVIRI,estado nutricional en menores de 5 anos,clasificacion c,2003-11-01,106,97,106,97,203
40102,CARACOLLO,estado nutricional en menores de 5 anos,clasificacion c,2003-11-01,145,106,145,106,251
22001,CARANAVI,estado nutricional en menores de 5 anos,clasificacion c,2003-11-01,703,551,703,551,1254
41503,CARANGAS,estado nutricional en menores de 5 anos,clasificacion c,2003-11-01,1,2,1,2,3
60302,CARAPARI,estado nutricional en menores de 5 anos,clasificacion c,2003-11-01,119,115,119,115,234
50702,CARIPUYO,estado nutricional en menores de 5 anos,clasificacion c,2003-11-01,160,147,160,147,307
21902,CATACORA,estado nutricional en menores de 5 anos,clasificacion c,2003-11-01,2,2,2,2,4
21803,CHACARILLA,estado nutricional en menores de 5 anos,clasificacion c,2003-11-01,29,33,29,33,62
40201,CHALLAPATA,estado nutricional en menores de 5 anos,clasificacion c,2003-11-01,128,136,128,136,264
50302,CHAQUI,estado nutricional en menores de 5 anos,clasificacion c,2003-11-01,86,87,86,87,173
70702,CHARAGUA,estado nutricional en menores de 5 anos,clasificacion c,2003-11-01,346,418,346,418,764
20305,CHARAÃ‘A,estado nutricional en menores de 5 anos,clasificacion c,2003-11-01,46,17,46,17,63
50202,CHAYANTA,estado nutricional en menores de 5 anos,clasificacion c,2003-11-01,151,149,151,149,300
31204,CHIMORE,estado nutricional en menores de 5 anos,clasificacion c,2003-11-01,93,51,93,51,144
40903,CHIPAYA,estado nutricional en menores de 5 anos,clasificacion c,2003-11-01,5,3,5,3,8
40302,CHOQUE COTA,estado nutricional en menores de 5 anos,clasificacion c,2003-11-01,10,14,10,14,24
21101,CHULUMANI (V. DE LA LIBERTAD),estado nutricional en menores de 5 anos,clasificacion c,2003-11-01,170,151,170,151,321
20501,CHUMA,estado nutricional en menores de 5 anos,clasificacion c,2003-11-01,118,90,118,90,208
30801,CLIZA,estado nutricional en menores de 5 anos,clasificacion c,2003-11-01,17,5,17,5,22
90101,COBIJA,estado nutricional en menores de 5 anos,clasificacion c,2003-11-01,364,242,364,242,606
30101,COCHABAMBA,estado nutricional en menores de 5 anos,clasificacion c,2003-11-01,2054,1058,2054,1058,3112
40902,COIPASA,estado nutricional en menores de 5 anos,clasificacion c,2003-11-01,4,7,4,7,11
30905,COLCAPIRHUA,estado nutricional en menores de 5 anos,clasificacion c,2003-11-01,311,137,311,137,448
50901,"COLCHA ""K""",estado nutricional en menores de 5 anos,clasificacion c,2003-11-01,112,165,112,165,277
21307,COLLANA,estado nutricional en menores de 5 anos,clasificacion c,2003-11-01,13,6,13,6,19
31002,COLOMI,estado nutricional en menores de 5 anos,clasificacion c,2003-11-01,325,172,325,172,497
50401,COLQUECHACA,estado nutricional en menores de 5 anos,clasificacion c,2003-11-01,252,129,252,129,381
21306,COLQUENCHA,estado nutricional en menores de 5 anos,clasificacion c,2003-11-01,67,32,67,32,99
21004,COLQUIRI,estado nutricional en menores de 5 anos,clasificacion c,2003-11-01,175,87,175,87,262
20304,COMANCHE,estado nutricional en menores de 5 anos,clasificacion c,2003-11-01,53,55,53,55,108
71301,COMARAPA,estado nutricional en menores de 5 anos,clasificacion c,2003-11-01,163,90,163,90,253
20605,COMBAYA,estado nutricional en menores de 5 anos,clasificacion c,2003-11-01,22,11,22,11,33
71101,CONCEPCION,estado nutricional en menores de 5 anos,clasificacion c,2003-11-01,117,5,117,5,122
21701,COPACABANA,estado nutricional en menores de 5 anos,clasificacion c,2003-11-01,129,60,129,60,189
21402,CORIPATA,estado nutricional en menores de 5 anos,clasificacion c,2003-11-01,31,6,31,6,37
20301,CORO CORO,estado nutricional en menores de 5 anos,clasificacion c,2003-11-01,122,107,122,107,229
21401,COROICO,estado nutricional en menores de 5 anos,clasificacion c,2003-11-01,190,126,190,126,316
40301,CORQUE,estado nutricional en menores de 5 anos,clasificacion c,2003-11-01,94,84,94,84,178
50601,COTAGAITA,estado nutricional en menores de 5 anos,clasificacion c,2003-11-01,343,278,343,278,621
31405,CUCHUMUELA (V. G. VILLARROEL),estado nutricional en menores de 5 anos,clasificacion c,2003-11-01,24,16,24,16,40
70704,CUEVO,estado nutricional en menores de 5 anos,clasificacion c,2003-11-01,62,72,62,72,134
10902,CULPINA,estado nutricional en menores de 5 anos,clasificacion c,2003-11-01,440,379,440,379,819
40401,CURAHUARA DE CARANGAS,estado nutricional en menores de 5 anos,clasificacion c,2003-11-01,55,33,55,33,88
21602,CURVA,estado nutricional en menores de 5 anos,clasificacion c,2003-11-01,40,36,40,36,76
20804,DESAGUADERO,estado nutricional en menores de 5 anos,clasificacion c,2003-11-01,40,35,40,35,75
20105,EL ALTO,estado nutricional en menores de 5 anos,clasificacion c,2003-11-01,5311,2398,5311,2398,7709
40103,EL CHORO,estado nutricional en menores de 5 anos,clasificacion c,2003-11-01,32,20,32,20,52
71503,EL PUENTE(STC),estado nutricional en menores de 5 anos,clasificacion c,2003-11-01,184,154,184,154,338
60502,EL PUENTE(TJA),estado nutricional en menores de 5 anos,clasificacion c,2003-11-01,117,207,117,207,324
70105,EL TORNO,estado nutricional en menores de 5 anos,clasificacion c,2003-11-01,374,219,374,219,593
10405,EL VILLAR,estado nutricional en menores de 5 anos,clasificacion c,2003-11-01,92,169,92,169,261
60601,ENTRE RIOS,estado nutricional en menores de 5 anos,clasificacion c,2003-11-01,265,263,265,263,528
40502,ESCARA,estado nutricional en menores de 5 anos,clasificacion c,2003-11-01,2,2,2,2,4
41101,EUCALIPTUS,estado nutricional en menores de 5 anos,clasificacion c,2003-11-01,59,70,59,70,129
90503,EUREKA (SANTOS MERCADO),estado nutricional en menores de 5 anos,clasificacion c,2003-11-01,6,5,6,5,11
80402,EXALTACION,estado nutricional en menores de 5 anos,clasificacion c,2003-11-01,26,43,26,43,69
90203,FILADELFIA,estado nutricional en menores de 5 anos,clasificacion c,2003-11-01,35,56,35,56,91
71002,GENERAL SAAVEDRA,estado nutricional en menores de 5 anos,clasificacion c,2003-11-01,296,361,296,361,657
21601,GRAL. J.J. PEREZ (CHARAZANI),estado nutricional en menores de 5 anos,clasificacion c,2003-11-01,190,173,190,173,363
20602,GUANAY,estado nutricional en menores de 5 anos,clasificacion c,2003-11-01,450,364,450,364,814
20802,GUAQUI,estado nutricional en menores de 5 anos,clasificacion c,2003-11-01,55,18,55,18,73
80202,GUAYARAMERIN,estado nutricional en menores de 5 anos,clasificacion c,2003-11-01,231,160,231,160,391
70705,GUTIERREZ,estado nutricional en menores de 5 anos,clasificacion c,2003-11-01,251,320,251,320,571
10502,HUACARETA,estado nutricional en menores de 5 anos,clasificacion c,2003-11-01,147,273,147,273,420
11002,HUACAYA (VILLA DE HUACAYA),estado nutricional en menores de 5 anos,clasificacion c,2003-11-01,33,53,33,53,86
40501,HUACHACALLA,estado nutricional en menores de 5 anos,clasificacion c,2003-11-01,9,15,9,15,24
40701,HUANUNI,estado nutricional en menores de 5 anos,clasificacion c,2003-11-01,170,94,170,94,264
80803,HUARACAJE,estado nutricional en menores de 5 anos,clasificacion c,2003-11-01,40,25,40,25,65
41601,HUAYLLAMARCA,estado nutricional en menores de 5 anos,clasificacion c,2003-11-01,66,22,66,22,88
21005,ICHOCA,estado nutricional en menores de 5 anos,clasificacion c,2003-11-01,72,51,72,51,123
10304,ICLA,estado nutricional en menores de 5 anos,clasificacion c,2003-11-01,194,292,194,292,486
10703,INCAHUASI,estado nutricional en menores de 5 anos,clasificacion c,2003-11-01,371,281,371,281,652
90402,INGAVI (HUMAITA),estado nutricional en menores de 5 anos,clasificacion c,2003-11-01,3,1,3,1,4
21001,INQUISIVI,estado nutricional en menores de 5 anos,clasificacion c,2003-11-01,201,199,201,199,400
21102,IRUPANA (VILLA DE LANZA),estado nutricional en menores de 5 anos,clasificacion c,2003-11-01,145,160,145,160,305
21501,IXIAMAS,estado nutricional en menores de 5 anos,clasificacion c,2003-11-01,105,92,105,92,197
21105,LA ASUNTA,estado nutricional en menores de 5 anos,clasificacion c,2003-11-01,237,87,237,87,324
70104,LA GUARDIA,estado nutricional en menores de 5 anos,clasificacion c,2003-11-01,559,248,559,248,807
20101,LA PAZ,estado nutricional en menores de 5 anos,clasificacion c,2003-11-01,4446,2823,4446,2823,7269
41501,LA RIVERA,estado nutricional en menores de 5 anos,clasificacion c,2003-11-01,2,9,2,9,11
70701,LAGUNILLAS,estado nutricional en menores de 5 anos,clasificacion c,2003-11-01,63,95,63,95,158
21202,LAJA,estado nutricional en menores de 5 anos,clasificacion c,2003-11-01,120,78,120,78,198
10903,LAS CARRERAS,estado nutricional en menores de 5 anos,clasificacion c,2003-11-01,76,92,76,92,168
21006,LICOMA PAMPA,estado nutricional en menores de 5 anos,clasificacion c,2003-11-01,44,96,44,96,140
50203,LLALLAGUA,estado nutricional en menores de 5 anos,clasificacion c,2003-11-01,390,723,390,723,1113
51401,LLICA,estado nutricional en menores de 5 anos,clasificacion c,2003-11-01,37,40,37,40,77
80601,LORETO,estado nutricional en menores de 5 anos,clasificacion c,2003-11-01,55,81,55,81,136
20901,LURIBAY,estado nutricional en menores de 5 anos,clasificacion c,2003-11-01,70,37,70,37,107
40702,MACHACAMARCA,estado nutricional en menores de 5 anos,clasificacion c,2003-11-01,36,7,36,7,43
11003,MACHARETI,estado nutricional en menores de 5 anos,clasificacion c,2003-11-01,158,266,158,266,424
80801,MAGDALENA,estado nutricional en menores de 5 anos,clasificacion c,2003-11-01,175,122,175,122,297
70903,MAIRANA,estado nutricional en menores de 5 anos,clasificacion c,2003-11-01,51,27,51,27,78
20904,MALLA,estado nutricional en menores de 5 anos,clasificacion c,2003-11-01,4,9,4,9,13
20103,MECAPACA,estado nutricional en menores de 5 anos,clasificacion c,2003-11-01,110,87,110,87,197
31301,MIZQUE,estado nutricional en menores de 5 anos,clasificacion c,2003-11-01,94,48,94,48,142
20402,MOCOMOCO,estado nutricional en menores de 5 anos,clasificacion c,2003-11-01,236,250,236,250,486
51002,MOJINETE,estado nutricional en menores de 5 anos,clasificacion c,2003-11-01,20,36,20,36,56
10303,MOJOCOYA,estado nutricional en menores de 5 anos,clasificacion c,2003-11-01,172,338,172,338,510
10501,MONTEAGUDO,estado nutricional en menores de 5 anos,clasificacion c,2003-11-01,464,436,464,436,900
70803,MORO MORO,estado nutricional en menores de 5 anos,clasificacion c,2003-11-01,26,32,26,32,58
30302,MOROCHATA,estado nutricional en menores de 5 anos,clasificacion c,2003-11-01,208,215,208,215,423
90401,NACEBE (SANTA ROSA DEL ABUNA),estado nutricional en menores de 5 anos,clasificacion c,2003-11-01,1,9,1,9,10
20307,NAZACARA DE PACAJES,estado nutricional en menores de 5 anos,clasificacion c,2003-11-01,7,6,7,6,13
50404,OCURI,estado nutricional en menores de 5 anos,clasificacion c,2003-11-01,157,136,157,136,293
30203,OMEREQUE,estado nutricional en menores de 5 anos,clasificacion c,2003-11-01,82,73,82,73,155
40101,ORURO,estado nutricional en menores de 5 anos,clasificacion c,2003-11-01,2148,1072,2148,1072,3220
60201,PADCAYA,estado nutricional en menores de 5 anos,clasificacion c,2003-11-01,213,179,213,179,392
10401,PADILLA,estado nutricional en menores de 5 anos,clasificacion c,2003-11-01,320,383,320,383,703
70502,PAILON,estado nutricional en menores de 5 anos,clasificacion c,2003-11-01,144,99,144,99,243
20102,PALCA,estado nutricional en menores de 5 anos,clasificacion c,2003-11-01,74,54,74,54,128
21104,PALOS BLANCOS,estado nutricional en menores de 5 anos,clasificacion c,2003-11-01,249,199,249,199,448
40802,PAMPA AULLAGAS,estado nutricional en menores de 5 anos,clasificacion c,2003-11-01,40,34,40,34,74
70902,PAMPA GRANDE,estado nutricional en menores de 5 anos,clasificacion c,2003-11-01,63,38,63,38,101
21802,PAPEL PAMPA,estado nutricional en menores de 5 anos,clasificacion c,2003-11-01,61,38,61,38,99
30202,PASORAPA,estado nutricional en menores de 5 anos,clasificacion c,2003-11-01,36,33,36,33,69
21305,PATACAMAYA,estado nutricional en menores de 5 anos,clasificacion c,2003-11-01,243,77,243,77,320
40602,PAZÃ‘A,estado nutricional en menores de 5 anos,clasificacion c,2003-11-01,21,41,21,41,62
20702,PELECHUCO,estado nutricional en menores de 5 anos,clasificacion c,2003-11-01,72,87,72,87,159
50403,POCOATA,estado nutricional en menores de 5 anos,clasificacion c,2003-11-01,315,269,315,269,584
31203,POCONA,estado nutricional en menores de 5 anos,clasificacion c,2003-11-01,97,73,97,73,170
31202,POJO (CBBA),estado nutricional en menores de 5 anos,clasificacion c,2003-11-01,441,343,441,343,784
40601,POOPO,estado nutricional en menores de 5 anos,clasificacion c,2003-11-01,46,64,46,64,110
51203,PORCO,estado nutricional en menores de 5 anos,clasificacion c,2003-11-01,122,66,122,66,188
10103,POROMA,estado nutricional en menores de 5 anos,clasificacion c,2003-11-01,303,317,303,317,620
70103,PORONGO,estado nutricional en menores de 5 anos,clasificacion c,2003-11-01,59,32,59,32,91
70601,PORTACHUELO,estado nutricional en menores de 5 anos,clasificacion c,2003-11-01,215,171,215,171,386
90102,PORVENIR,estado nutricional en menores de 5 anos,clasificacion c,2003-11-01,72,88,72,88,160
70804,POSTRER VALLE,estado nutricional en menores de 5 anos,clasificacion c,2003-11-01,9,13,9,13,22
50101,POTOSI,estado nutricional en menores de 5 anos,clasificacion c,2003-11-01,1372,488,1372,488,1860
10302,PRESTO,estado nutricional en menores de 5 anos,clasificacion c,2003-11-01,243,256,243,256,499
70805,PUCARA,estado nutricional en menores de 5 anos,clasificacion c,2003-11-01,4,0,4,0,4
21201,PUCARANI,estado nutricional en menores de 5 anos,clasificacion c,2003-11-01,155,70,155,70,225
20401,PUERTO ACOSTA,estado nutricional en menores de 5 anos,clasificacion c,2003-11-01,209,204,209,204,413
20403,PUERTO CARABUCO,estado nutricional en menores de 5 anos,clasificacion c,2003-11-01,158,179,158,179,337
90301,PUERTO GONZALO MORENO,estado nutricional en menores de 5 anos,clasificacion c,2003-11-01,72,123,72,123,195
21204,PUERTO PEREZ,estado nutricional en menores de 5 anos,clasificacion c,2003-11-01,91,61,91,61,152
71402,PUERTO QUIJARRO,estado nutricional en menores de 5 anos,clasificacion c,2003-11-01,160,31,160,31,191
90201,PUERTO RICO,estado nutricional en menores de 5 anos,clasificacion c,2003-11-01,23,85,23,85,108
71401,PUERTO SUAREZ,estado nutricional en menores de 5 anos,clasificacion c,2003-11-01,173,70,173,70,243
31205,PUERTO VILLARROEL,estado nutricional en menores de 5 anos,clasificacion c,2003-11-01,467,352,467,352,819
51101,PUNA,estado nutricional en menores de 5 anos,clasificacion c,2003-11-01,282,295,282,295,577
31401,PUNATA,estado nutricional en menores de 5 anos,clasificacion c,2003-11-01,220,178,220,178,398
20604,QUIABAYA,estado nutricional en menores de 5 anos,clasificacion c,2003-11-01,18,20,18,20,38
30901,QUILLACOLLO,estado nutricional en menores de 5 anos,clasificacion c,2003-11-01,599,354,599,354,953
21002,QUIME,estado nutricional en menores de 5 anos,clasificacion c,2003-11-01,186,133,186,133,319
70904,QUIRUSILLAS,estado nutricional en menores de 5 anos,clasificacion c,2003-11-01,13,9,13,9,22
50402,RAVELO,estado nutricional en menores de 5 anos,clasificacion c,2003-11-01,231,190,231,190,421
80301,REYES,estado nutricional en menores de 5 anos,clasificacion c,2003-11-01,174,149,174,149,323
80201,RIBERALTA,estado nutricional en menores de 5 anos,clasificacion c,2003-11-01,1051,522,1051,522,1573
70503,ROBORE,estado nutricional en menores de 5 anos,clasificacion c,2003-11-01,130,117,130,117,247
80304,RURRENABAQUE,estado nutricional en menores de 5 anos,clasificacion c,2003-11-01,206,110,206,110,316
40901,SABAYA,estado nutricional en menores de 5 anos,clasificacion c,2003-11-01,26,10,26,10,36
31001,SACABA,estado nutricional en menores de 5 anos,clasificacion c,2003-11-01,447,341,447,341,788
30404,SACABAMBA,estado nutricional en menores de 5 anos,clasificacion c,2003-11-01,32,42,32,42,74
50701,SACACA,estado nutricional en menores de 5 anos,clasificacion c,2003-11-01,230,254,230,254,484
71302,SAIPINA,estado nutricional en menores de 5 anos,clasificacion c,2003-11-01,32,53,32,53,85
40801,SALINAS DE GARCI MENDOZA,estado nutricional en menores de 5 anos,clasificacion c,2003-11-01,70,65,70,65,135
70901,SAMAIPATA,estado nutricional en menores de 5 anos,clasificacion c,2003-11-01,122,109,122,109,231
51601,SAN AGUSTIN,estado nutricional en menores de 5 anos,clasificacion c,2003-11-01,46,37,46,37,83
80602,SAN ANDRES,estado nutricional en menores de 5 anos,clasificacion c,2003-11-01,85,89,85,89,174
51003,SAN ANTONIO DE ESMORUCO,estado nutricional en menores de 5 anos,clasificacion c,2003-11-01,5,21,5,21,26
71105,SAN ANTONIO DE LOMERIO,estado nutricional en menores de 5 anos,clasificacion c,2003-11-01,106,136,106,136,242
31403,SAN BENITO,estado nutricional en menores de 5 anos,clasificacion c,2003-11-01,44,107,44,107,151
80302,SAN BORJA,estado nutricional en menores de 5 anos,clasificacion c,2003-11-01,387,296,387,296,683
21502,SAN BUENA VENTURA,estado nutricional en menores de 5 anos,clasificacion c,2003-11-01,124,79,124,79,203
70402,SAN CARLOS,estado nutricional en menores de 5 anos,clasificacion c,2003-11-01,343,185,343,185,528
80501,SAN IGNACIO,estado nutricional en menores de 5 anos,clasificacion c,2003-11-01,228,245,228,245,473
70301,SAN IGNACIO DE VELASCO,estado nutricional en menores de 5 anos,clasificacion c,2003-11-01,668,430,668,430,1098
80102,SAN JAVIER(BNI),estado nutricional en menores de 5 anos,clasificacion c,2003-11-01,22,23,22,23,45
71102,SAN JAVIER(STC),estado nutricional en menores de 5 anos,clasificacion c,2003-11-01,142,151,142,151,293
80701,SAN JOAQUIN,estado nutricional en menores de 5 anos,clasificacion c,2003-11-01,61,47,61,47,108
70501,SAN JOSE DE CHIQUITOS,estado nutricional en menores de 5 anos,clasificacion c,2003-11-01,104,60,104,60,164
71104,SAN JULIAN,estado nutricional en menores de 5 anos,clasificacion c,2003-11-01,531,658,531,658,1189
90302,SAN LORENZO(PND),estado nutricional en menores de 5 anos,clasificacion c,2003-11-01,31,31,31,31,62
60501,SAN LORENZO(TJA),estado nutricional en menores de 5 anos,clasificacion c,2003-11-01,133,124,133,124,257
10702,SAN LUCAS,estado nutricional en menores de 5 anos,clasificacion c,2003-11-01,788,849,788,849,1637
70302,SAN MIGUEL DE VELASCO,estado nutricional en menores de 5 anos,clasificacion c,2003-11-01,121,102,121,102,223
51001,SAN PABLO DE LIPEZ,estado nutricional en menores de 5 anos,clasificacion c,2003-11-01,28,41,28,41,69
50501,SAN PEDRO DE BUENA VISTA,estado nutricional en menores de 5 anos,clasificacion c,2003-11-01,206,269,206,269,475
21801,SAN PEDRO DE CURAHUARA,estado nutricional en menores de 5 anos,clasificacion c,2003-11-01,60,70,60,70,130
50902,SAN PEDRO DE QUEMES,estado nutricional en menores de 5 anos,clasificacion c,2003-11-01,6,8,6,8,14
21702,SAN PEDRO DE TIQUINA,estado nutricional en menores de 5 anos,clasificacion c,2003-11-01,57,120,57,120,177
70303,SAN RAFAEL,estado nutricional en menores de 5 anos,clasificacion c,2003-11-01,56,51,56,51,107
80702,SAN RAMON,estado nutricional en menores de 5 anos,clasificacion c,2003-11-01,21,25,21,25,46
80702,SAN RAMON,estado nutricional en menores de 5 anos,clasificacion c,2003-11-01,21,20,21,20,41
80401,SANTA ANA,estado nutricional en menores de 5 anos,clasificacion c,2003-11-01,160,58,160,58,218
70101,SANTA CRUZ DE LA SIERRA,estado nutricional en menores de 5 anos,clasificacion c,2003-11-01,3344,1508,3344,1508,4852
80303,SANTA ROSA,estado nutricional en menores de 5 anos,clasificacion c,2003-11-01,84,44,84,44,128
70602,SANTA ROSA DEL SARA,estado nutricional en menores de 5 anos,clasificacion c,2003-11-01,58,64,58,64,122
20308,SANTIAGO DE CALLAPA,estado nutricional en menores de 5 anos,clasificacion c,2003-11-01,101,62,101,62,163
41401,SANTIAGO DE HUARI,estado nutricional en menores de 5 anos,clasificacion c,2003-11-01,47,88,47,88,135
21901,SANTIAGO DE MACHACA,estado nutricional en menores de 5 anos,clasificacion c,2003-11-01,56,97,56,97,153
30702,SANTIVAÃ‘ES,estado nutricional en menores de 5 anos,clasificacion c,2003-11-01,94,46,94,46,140
40202,SANTUARIO DE QUILLACAS,estado nutricional en menores de 5 anos,clasificacion c,2003-11-01,19,35,19,35,54
20902,SAPAHAQUI,estado nutricional en menores de 5 anos,clasificacion c,2003-11-01,144,102,144,102,246
90303,SENA,estado nutricional en menores de 5 anos,clasificacion c,2003-11-01,54,64,54,64,118
21301,SICA SICA (VILLA AROMA),estado nutricional en menores de 5 anos,clasificacion c,2003-11-01,194,127,194,127,321
30703,SICAYA,estado nutricional en menores de 5 anos,clasificacion c,2003-11-01,20,1,20,1,21
30902,SIPE SIPE,estado nutricional en menores de 5 anos,clasificacion c,2003-11-01,349,249,349,249,598
10403,SOPACHUY,estado nutricional en menores de 5 anos,clasificacion c,2003-11-01,174,182,174,182,356
20601,SORATA,estado nutricional en menores de 5 anos,clasificacion c,2003-11-01,196,245,196,245,441
10101,SUCRE,estado nutricional en menores de 5 anos,clasificacion c,2003-11-01,2405,2138,2405,2138,4543
31404,TACACHI,estado nutricional en menores de 5 anos,clasificacion c,2003-11-01,10,1,10,1,11
20603,TACACOMA,estado nutricional en menores de 5 anos,clasificacion c,2003-11-01,41,37,41,37,78
50303,TACOBAMBA,estado nutricional en menores de 5 anos,clasificacion c,2003-11-01,141,138,141,138,279
30602,TACOPAYA,estado nutricional en menores de 5 anos,clasificacion c,2003-11-01,121,107,121,107,228
51402,TAHUA,estado nutricional en menores de 5 anos,clasificacion c,2003-11-01,11,20,11,20,31
31101,TAPACARI,estado nutricional en menores de 5 anos,clasificacion c,2003-11-01,255,212,255,212,467
10601,TARABUCO,estado nutricional en menores de 5 anos,clasificacion c,2003-11-01,431,618,431,618,1049
30401,TARATA,estado nutricional en menores de 5 anos,clasificacion c,2003-11-01,81,34,81,34,115
60101,TARIJA,estado nutricional en menores de 5 anos,clasificacion c,2003-11-01,958,753,958,753,1711
10202,TARVITA,estado nutricional en menores de 5 anos,clasificacion c,2003-11-01,283,416,283,416,699
20803,TIAWANACU,estado nutricional en menores de 5 anos,clasificacion c,2003-11-01,115,56,115,56,171
50102,TINGUIPAYA,estado nutricional en menores de 5 anos,clasificacion c,2003-11-01,184,296,184,296,480
20606,TIPUANI,estado nutricional en menores de 5 anos,clasificacion c,2003-11-01,82,119,82,119,201
30903,TIQUIPAYA,estado nutricional en menores de 5 anos,clasificacion c,2003-11-01,175,75,175,75,250
31601,TIRAQUE (CBBA),estado nutricional en menores de 5 anos,clasificacion c,2003-11-01,451,221,451,221,672
21703,TITO YUPANQUI (PARQUIPUJIO),estado nutricional en menores de 5 anos,clasificacion c,2003-11-01,21,29,21,29,50
30802,TOCO,estado nutricional en menores de 5 anos,clasificacion c,2003-11-01,5,17,5,17,22
41502,TODOS SANTOS,estado nutricional en menores de 5 anos,clasificacion c,2003-11-01,2,11,2,11,13
30803,TOLATA,estado nutricional en menores de 5 anos,clasificacion c,2003-11-01,30,14,30,14,44
41001,TOLEDO,estado nutricional en menores de 5 anos,clasificacion c,2003-11-01,66,48,66,48,114
51202,TOMAVE,estado nutricional en menores de 5 anos,clasificacion c,2003-11-01,144,149,144,149,293
10402,TOMINA,estado nutricional en menores de 5 anos,clasificacion c,2003-11-01,196,300,196,300,496
50502,TORO TORO,estado nutricional en menores de 5 anos,clasificacion c,2003-11-01,203,245,203,245,448
31201,TOTORA(CBBA),estado nutricional en menores de 5 anos,clasificacion c,2003-11-01,123,95,123,95,218
41301,TOTORA(ORR),estado nutricional en menores de 5 anos,clasificacion c,2003-11-01,52,89,52,89,141
70802,TRIGAL,estado nutricional en menores de 5 anos,clasificacion c,2003-11-01,1,6,1,6,7
80101,TRINIDAD,estado nutricional en menores de 5 anos,clasificacion c,2003-11-01,724,638,724,638,1362
50801,TUPIZA,estado nutricional en menores de 5 anos,clasificacion c,2003-11-01,488,450,488,450,938
40402,TURCO,estado nutricional en menores de 5 anos,clasificacion c,2003-11-01,62,99,62,99,161
21302,UMALA,estado nutricional en menores de 5 anos,clasificacion c,2003-11-01,27,26,27,26,53
50201,UNCIA,estado nutricional en menores de 5 anos,clasificacion c,2003-11-01,81,10,81,10,91
60401,URIONDO (A. CONCEPCION),estado nutricional en menores de 5 anos,clasificacion c,2003-11-01,199,252,199,252,451
71502,URUBICHA,estado nutricional en menores de 5 anos,clasificacion c,2003-11-01,12,24,12,24,36
51201,UYUNI,estado nutricional en menores de 5 anos,clasificacion c,2003-11-01,239,173,239,173,412
30502,VACAS,estado nutricional en menores de 5 anos,clasificacion c,2003-11-01,71,28,71,28,99
70801,VALLEGRANDE,estado nutricional en menores de 5 anos,clasificacion c,2003-11-01,27,26,27,26,53
20801,VIACHA,estado nutricional en menores de 5 anos,clasificacion c,2003-11-01,486,231,486,231,717
31302,VILA VILA,estado nutricional en menores de 5 anos,clasificacion c,2003-11-01,30,22,30,22,52
60303,VILLA MONTES,estado nutricional en menores de 5 anos,clasificacion c,2003-11-01,230,141,230,141,371
90502,VILLA NUEVA (LOMA ALTA),estado nutricional en menores de 5 anos,clasificacion c,2003-11-01,4,5,4,5,9
31402,VILLA RIVERO,estado nutricional en menores de 5 anos,clasificacion c,2003-11-01,43,11,43,11,54
10801,VILLA SERRANO,estado nutricional en menores de 5 anos,clasificacion c,2003-11-01,303,352,303,352,655
31003,VILLA TUNARI,estado nutricional en menores de 5 anos,clasificacion c,2003-11-01,463,329,463,329,792
11001,VILLA VACA GUZMAN (MUYUPAMPA),estado nutricional en menores de 5 anos,clasificacion c,2003-11-01,187,213,187,213,400
51501,VILLAZON,estado nutricional en menores de 5 anos,clasificacion c,2003-11-01,520,423,520,423,943
50602,VITICHI,estado nutricional en menores de 5 anos,clasificacion c,2003-11-01,235,187,235,187,422
20306,WALDO BALLIVIAN,estado nutricional en menores de 5 anos,clasificacion c,2003-11-01,29,7,29,7,36
20903,YACO,estado nutricional en menores de 5 anos,clasificacion c,2003-11-01,22,8,22,8,30
60301,YACUIBA,estado nutricional en menores de 5 anos,clasificacion c,2003-11-01,265,118,265,118,383
10602,YAMPARAEZ,estado nutricional en menores de 5 anos,clasificacion c,2003-11-01,269,409,269,409,678
21103,YANACACHI,estado nutricional en menores de 5 anos,clasificacion c,2003-11-01,75,80,75,80,155
70403,YAPACANI,estado nutricional en menores de 5 anos,clasificacion c,2003-11-01,436,400,436,400,836
50103,YOCALLA,estado nutricional en menores de 5 anos,clasificacion c,2003-11-01,109,101,109,101,210
10102,YOTALA,estado nutricional en menores de 5 anos,clasificacion c,2003-11-01,245,342,245,342,587
60402,YUNCHARA,estado nutricional en menores de 5 anos,clasificacion c,2003-11-01,104,138,104,138,242
10301,ZUDAÃ‘EZ,estado nutricional en menores de 5 anos,clasificacion c,2003-11-01,196,217,196,217,413
51302,ACACIO,estado nutricional en menores de 5 anos,clasificacion c,2003-12-01,122,163,122,163,285
20201,ACHACACHI,estado nutricional en menores de 5 anos,clasificacion c,2003-12-01,378,405,378,405,783
20104,ACHOCALLA,estado nutricional en menores de 5 anos,clasificacion c,2003-12-01,98,28,98,28,126
30201,AIQUILE,estado nutricional en menores de 5 anos,clasificacion c,2003-12-01,71,40,71,40,111
31303,ALALAY,estado nutricional en menores de 5 anos,clasificacion c,2003-12-01,37,62,37,62,99
10404,ALCALA,estado nutricional en menores de 5 anos,clasificacion c,2003-12-01,47,126,47,126,173
20202,ANCORAIMES,estado nutricional en menores de 5 anos,clasificacion c,2003-12-01,115,66,115,66,181
41201,ANDAMARCA,estado nutricional en menores de 5 anos,clasificacion c,2003-12-01,45,40,45,40,85
40603,ANTEQUERA,estado nutricional en menores de 5 anos,clasificacion c,2003-12-01,19,12,19,12,31
30402,ANZALDO,estado nutricional en menores de 5 anos,clasificacion c,2003-12-01,23,39,23,39,62
20701,APOLO,estado nutricional en menores de 5 anos,clasificacion c,2003-12-01,97,46,97,46,143
51301,ARAMPAMPA,estado nutricional en menores de 5 anos,clasificacion c,2003-12-01,53,68,53,68,121
30501,ARANI,estado nutricional en menores de 5 anos,clasificacion c,2003-12-01,38,37,38,37,75
30403,ARBIETO,estado nutricional en menores de 5 anos,clasificacion c,2003-12-01,20,21,20,21,41
30601,ARQUE,estado nutricional en menores de 5 anos,clasificacion c,2003-12-01,7,22,7,22,29
71501,ASCENCION DE GUARAYOS,estado nutricional en menores de 5 anos,clasificacion c,2003-12-01,361,427,361,427,788
50802,ATOCHA,estado nutricional en menores de 5 anos,clasificacion c,2003-12-01,132,333,132,333,465
20503,AUCAPATA,estado nutricional en menores de 5 anos,clasificacion c,2003-12-01,38,48,38,48,86
20502,AYATA,estado nutricional en menores de 5 anos,clasificacion c,2003-12-01,66,37,66,37,103
21303,AYO AYO,estado nutricional en menores de 5 anos,clasificacion c,2003-12-01,54,5,54,5,59
30301,AYOPAYA (V. DE INDEPENDENCIA),estado nutricional en menores de 5 anos,clasificacion c,2003-12-01,167,138,167,138,305
10201,AZURDUY,estado nutricional en menores de 5 anos,clasificacion c,2003-12-01,245,353,245,353,598
21203,BATALLAS,estado nutricional en menores de 5 anos,clasificacion c,2003-12-01,123,58,123,58,181
80802,BAURES,estado nutricional en menores de 5 anos,clasificacion c,2003-12-01,65,53,65,53,118
41202,BELEN DE ANDAMARCA,estado nutricional en menores de 5 anos,clasificacion c,2003-12-01,28,21,28,21,49
50104,BELEN DE URMIRI,estado nutricional en menores de 5 anos,clasificacion c,2003-12-01,21,20,21,20,41
90104,BELLA FLOR,estado nutricional en menores de 5 anos,clasificacion c,2003-12-01,41,95,41,95,136
60202,BERMEJO,estado nutricional en menores de 5 anos,clasificacion c,2003-12-01,67,62,67,62,129
50301,BETANZOS,estado nutricional en menores de 5 anos,clasificacion c,2003-12-01,396,384,396,384,780
90103,BOLPEBRA,estado nutricional en menores de 5 anos,clasificacion c,2003-12-01,7,18,7,18,25
70707,BOYUIBE,estado nutricional en menores de 5 anos,clasificacion c,2003-12-01,59,94,59,94,153
70401,BUENA VISTA,estado nutricional en menores de 5 anos,clasificacion c,2003-12-01,208,180,208,180,388
70703,CABEZAS,estado nutricional en menores de 5 anos,clasificacion c,2003-12-01,8,5,8,5,13
20905,CAIROMA,estado nutricional en menores de 5 anos,clasificacion c,2003-12-01,168,116,168,116,284
51102,"CAIZA ""D""",estado nutricional en menores de 5 anos,clasificacion c,2003-12-01,158,140,158,140,298
21003,CAJUATA,estado nutricional en menores de 5 anos,clasificacion c,2003-12-01,74,62,74,62,136
20303,CALACOTO,estado nutricional en menores de 5 anos,clasificacion c,2003-12-01,38,20,38,20,58
21304,CALAMARCA,estado nutricional en menores de 5 anos,clasificacion c,2003-12-01,292,182,292,182,474
10701,CAMARGO,estado nutricional en menores de 5 anos,clasificacion c,2003-12-01,193,152,193,152,345
10901,CAMATAQUI (C. VILLA ABECIA),estado nutricional en menores de 5 anos,clasificacion c,2003-12-01,45,43,45,43,88
70706,CAMIRI,estado nutricional en menores de 5 anos,clasificacion c,2003-12-01,307,274,307,274,581
30701,CAPINOTA,estado nutricional en menores de 5 anos,clasificacion c,2003-12-01,65,194,65,194,259
20302,CAQUIAVIRI,estado nutricional en menores de 5 anos,clasificacion c,2003-12-01,89,61,89,61,150
40102,CARACOLLO,estado nutricional en menores de 5 anos,clasificacion c,2003-12-01,139,84,139,84,223
22001,CARANAVI,estado nutricional en menores de 5 anos,clasificacion c,2003-12-01,633,468,633,468,1101
41503,CARANGAS,estado nutricional en menores de 5 anos,clasificacion c,2003-12-01,1,3,1,3,4
60302,CARAPARI,estado nutricional en menores de 5 anos,clasificacion c,2003-12-01,122,117,122,117,239
50702,CARIPUYO,estado nutricional en menores de 5 anos,clasificacion c,2003-12-01,108,132,108,132,240
21803,CHACARILLA,estado nutricional en menores de 5 anos,clasificacion c,2003-12-01,39,37,39,37,76
40201,CHALLAPATA,estado nutricional en menores de 5 anos,clasificacion c,2003-12-01,98,200,98,200,298
50302,CHAQUI,estado nutricional en menores de 5 anos,clasificacion c,2003-12-01,91,86,91,86,177
70702,CHARAGUA,estado nutricional en menores de 5 anos,clasificacion c,2003-12-01,312,343,312,343,655
20305,CHARAÃ‘A,estado nutricional en menores de 5 anos,clasificacion c,2003-12-01,36,27,36,27,63
50202,CHAYANTA,estado nutricional en menores de 5 anos,clasificacion c,2003-12-01,138,184,138,184,322
31204,CHIMORE,estado nutricional en menores de 5 anos,clasificacion c,2003-12-01,124,70,124,70,194
40903,CHIPAYA,estado nutricional en menores de 5 anos,clasificacion c,2003-12-01,12,12,12,12,24
40302,CHOQUE COTA,estado nutricional en menores de 5 anos,clasificacion c,2003-12-01,7,9,7,9,16
21101,CHULUMANI (V. DE LA LIBERTAD),estado nutricional en menores de 5 anos,clasificacion c,2003-12-01,70,82,70,82,152
20501,CHUMA,estado nutricional en menores de 5 anos,clasificacion c,2003-12-01,32,22,32,22,54
30801,CLIZA,estado nutricional en menores de 5 anos,clasificacion c,2003-12-01,37,10,37,10,47
90101,COBIJA,estado nutricional en menores de 5 anos,clasificacion c,2003-12-01,296,203,296,203,499
30101,COCHABAMBA,estado nutricional en menores de 5 anos,clasificacion c,2003-12-01,2180,1050,2180,1050,3230
40902,COIPASA,estado nutricional en menores de 5 anos,clasificacion c,2003-12-01,5,9,5,9,14
30905,COLCAPIRHUA,estado nutricional en menores de 5 anos,clasificacion c,2003-12-01,262,90,262,90,352
50901,"COLCHA ""K""",estado nutricional en menores de 5 anos,clasificacion c,2003-12-01,114,104,114,104,218
21307,COLLANA,estado nutricional en menores de 5 anos,clasificacion c,2003-12-01,17,2,17,2,19
31002,COLOMI,estado nutricional en menores de 5 anos,clasificacion c,2003-12-01,337,125,337,125,462
50401,COLQUECHACA,estado nutricional en menores de 5 anos,clasificacion c,2003-12-01,223,118,223,118,341
21306,COLQUENCHA,estado nutricional en menores de 5 anos,clasificacion c,2003-12-01,84,19,84,19,103
21004,COLQUIRI,estado nutricional en menores de 5 anos,clasificacion c,2003-12-01,161,82,161,82,243
20304,COMANCHE,estado nutricional en menores de 5 anos,clasificacion c,2003-12-01,34,20,34,20,54
71301,COMARAPA,estado nutricional en menores de 5 anos,clasificacion c,2003-12-01,147,92,147,92,239
20605,COMBAYA,estado nutricional en menores de 5 anos,clasificacion c,2003-12-01,23,16,23,16,39
71101,CONCEPCION,estado nutricional en menores de 5 anos,clasificacion c,2003-12-01,102,22,102,22,124
21701,COPACABANA,estado nutricional en menores de 5 anos,clasificacion c,2003-12-01,119,23,119,23,142
21402,CORIPATA,estado nutricional en menores de 5 anos,clasificacion c,2003-12-01,19,5,19,5,24
20301,CORO CORO,estado nutricional en menores de 5 anos,clasificacion c,2003-12-01,70,55,70,55,125
21401,COROICO,estado nutricional en menores de 5 anos,clasificacion c,2003-12-01,69,79,69,79,148
40301,CORQUE,estado nutricional en menores de 5 anos,clasificacion c,2003-12-01,90,44,90,44,134
50601,COTAGAITA,estado nutricional en menores de 5 anos,clasificacion c,2003-12-01,214,247,214,247,461
31405,CUCHUMUELA (V. G. VILLARROEL),estado nutricional en menores de 5 anos,clasificacion c,2003-12-01,29,17,29,17,46
70704,CUEVO,estado nutricional en menores de 5 anos,clasificacion c,2003-12-01,53,54,53,54,107
10902,CULPINA,estado nutricional en menores de 5 anos,clasificacion c,2003-12-01,366,310,366,310,676
40401,CURAHUARA DE CARANGAS,estado nutricional en menores de 5 anos,clasificacion c,2003-12-01,80,68,80,68,148
21602,CURVA,estado nutricional en menores de 5 anos,clasificacion c,2003-12-01,11,2,11,2,13
20804,DESAGUADERO,estado nutricional en menores de 5 anos,clasificacion c,2003-12-01,21,16,21,16,37
20105,EL ALTO,estado nutricional en menores de 5 anos,clasificacion c,2003-12-01,5379,2246,5379,2246,7625
40103,EL CHORO,estado nutricional en menores de 5 anos,clasificacion c,2003-12-01,25,27,25,27,52
71503,EL PUENTE(STC),estado nutricional en menores de 5 anos,clasificacion c,2003-12-01,116,92,116,92,208
60502,EL PUENTE(TJA),estado nutricional en menores de 5 anos,clasificacion c,2003-12-01,79,151,79,151,230
70105,EL TORNO,estado nutricional en menores de 5 anos,clasificacion c,2003-12-01,250,118,250,118,368
10405,EL VILLAR,estado nutricional en menores de 5 anos,clasificacion c,2003-12-01,99,151,99,151,250
60601,ENTRE RIOS,estado nutricional en menores de 5 anos,clasificacion c,2003-12-01,245,221,245,221,466
40502,ESCARA,estado nutricional en menores de 5 anos,clasificacion c,2003-12-01,0,3,0,3,3
41101,EUCALIPTUS,estado nutricional en menores de 5 anos,clasificacion c,2003-12-01,25,14,25,14,39
90503,EUREKA (SANTOS MERCADO),estado nutricional en menores de 5 anos,clasificacion c,2003-12-01,6,6,6,6,12
80402,EXALTACION,estado nutricional en menores de 5 anos,clasificacion c,2003-12-01,18,14,18,14,32
90203,FILADELFIA,estado nutricional en menores de 5 anos,clasificacion c,2003-12-01,15,30,15,30,45
71002,GENERAL SAAVEDRA,estado nutricional en menores de 5 anos,clasificacion c,2003-12-01,250,342,250,342,592
21601,GRAL. J.J. PEREZ (CHARAZANI),estado nutricional en menores de 5 anos,clasificacion c,2003-12-01,63,75,63,75,138
20602,GUANAY,estado nutricional en menores de 5 anos,clasificacion c,2003-12-01,388,220,388,220,608
20802,GUAQUI,estado nutricional en menores de 5 anos,clasificacion c,2003-12-01,26,11,26,11,37
80202,GUAYARAMERIN,estado nutricional en menores de 5 anos,clasificacion c,2003-12-01,389,174,389,174,563
70705,GUTIERREZ,estado nutricional en menores de 5 anos,clasificacion c,2003-12-01,166,222,166,222,388
10502,HUACARETA,estado nutricional en menores de 5 anos,clasificacion c,2003-12-01,146,218,146,218,364
11002,HUACAYA (VILLA DE HUACAYA),estado nutricional en menores de 5 anos,clasificacion c,2003-12-01,43,42,43,42,85
40501,HUACHACALLA,estado nutricional en menores de 5 anos,clasificacion c,2003-12-01,26,11,26,11,37
40701,HUANUNI,estado nutricional en menores de 5 anos,clasificacion c,2003-12-01,213,79,213,79,292
80803,HUARACAJE,estado nutricional en menores de 5 anos,clasificacion c,2003-12-01,33,36,33,36,69
41601,HUAYLLAMARCA,estado nutricional en menores de 5 anos,clasificacion c,2003-12-01,53,38,53,38,91
21005,ICHOCA,estado nutricional en menores de 5 anos,clasificacion c,2003-12-01,36,35,36,35,71
10304,ICLA,estado nutricional en menores de 5 anos,clasificacion c,2003-12-01,198,303,198,303,501
10703,INCAHUASI,estado nutricional en menores de 5 anos,clasificacion c,2003-12-01,161,105,161,105,266
21001,INQUISIVI,estado nutricional en menores de 5 anos,clasificacion c,2003-12-01,88,85,88,85,173
21102,IRUPANA (VILLA DE LANZA),estado nutricional en menores de 5 anos,clasificacion c,2003-12-01,141,114,141,114,255
21501,IXIAMAS,estado nutricional en menores de 5 anos,clasificacion c,2003-12-01,98,88,98,88,186
21105,LA ASUNTA,estado nutricional en menores de 5 anos,clasificacion c,2003-12-01,86,34,86,34,120
70104,LA GUARDIA,estado nutricional en menores de 5 anos,clasificacion c,2003-12-01,542,280,542,280,822
20101,LA PAZ,estado nutricional en menores de 5 anos,clasificacion c,2003-12-01,4375,2507,4375,2507,6882
41501,LA RIVERA,estado nutricional en menores de 5 anos,clasificacion c,2003-12-01,2,4,2,4,6
70701,LAGUNILLAS,estado nutricional en menores de 5 anos,clasificacion c,2003-12-01,87,56,87,56,143
21202,LAJA,estado nutricional en menores de 5 anos,clasificacion c,2003-12-01,92,51,92,51,143
10903,LAS CARRERAS,estado nutricional en menores de 5 anos,clasificacion c,2003-12-01,50,86,50,86,136
21006,LICOMA PAMPA,estado nutricional en menores de 5 anos,clasificacion c,2003-12-01,17,8,17,8,25
50203,LLALLAGUA,estado nutricional en menores de 5 anos,clasificacion c,2003-12-01,264,514,264,514,778
51401,LLICA,estado nutricional en menores de 5 anos,clasificacion c,2003-12-01,38,34,38,34,72
80601,LORETO,estado nutricional en menores de 5 anos,clasificacion c,2003-12-01,46,72,46,72,118
20901,LURIBAY,estado nutricional en menores de 5 anos,clasificacion c,2003-12-01,122,64,122,64,186
40702,MACHACAMARCA,estado nutricional en menores de 5 anos,clasificacion c,2003-12-01,24,19,24,19,43
11003,MACHARETI,estado nutricional en menores de 5 anos,clasificacion c,2003-12-01,164,336,164,336,500
80801,MAGDALENA,estado nutricional en menores de 5 anos,clasificacion c,2003-12-01,128,133,128,133,261
70903,MAIRANA,estado nutricional en menores de 5 anos,clasificacion c,2003-12-01,78,38,78,38,116
20904,MALLA,estado nutricional en menores de 5 anos,clasificacion c,2003-12-01,18,24,18,24,42
20103,MECAPACA,estado nutricional en menores de 5 anos,clasificacion c,2003-12-01,67,55,67,55,122
71003,MINEROS,estado nutricional en menores de 5 anos,clasificacion c,2003-12-01,470,317,470,317,787
31301,MIZQUE,estado nutricional en menores de 5 anos,clasificacion c,2003-12-01,36,25,36,25,61
20402,MOCOMOCO,estado nutricional en menores de 5 anos,clasificacion c,2003-12-01,101,60,101,60,161
51002,MOJINETE,estado nutricional en menores de 5 anos,clasificacion c,2003-12-01,22,21,22,21,43
10303,MOJOCOYA,estado nutricional en menores de 5 anos,clasificacion c,2003-12-01,161,280,161,280,441
10501,MONTEAGUDO,estado nutricional en menores de 5 anos,clasificacion c,2003-12-01,430,440,430,440,870
71001,MONTERO,estado nutricional en menores de 5 anos,clasificacion c,2003-12-01,1345,704,1345,704,2049
70803,MORO MORO,estado nutricional en menores de 5 anos,clasificacion c,2003-12-01,24,11,24,11,35
30302,MOROCHATA,estado nutricional en menores de 5 anos,clasificacion c,2003-12-01,176,203,176,203,379
20307,NAZACARA DE PACAJES,estado nutricional en menores de 5 anos,clasificacion c,2003-12-01,20,4,20,4,24
90501,NUEVO MANOA (NUEVA ESPERANZA),estado nutricional en menores de 5 anos,clasificacion c,2003-12-01,2,5,2,5,7
50404,OCURI,estado nutricional en menores de 5 anos,clasificacion c,2003-12-01,93,159,93,159,252
30203,OMEREQUE,estado nutricional en menores de 5 anos,clasificacion c,2003-12-01,38,59,38,59,97
40101,ORURO,estado nutricional en menores de 5 anos,clasificacion c,2003-12-01,1927,995,1927,995,2922
60201,PADCAYA,estado nutricional en menores de 5 anos,clasificacion c,2003-12-01,193,215,193,215,408
10401,PADILLA,estado nutricional en menores de 5 anos,clasificacion c,2003-12-01,253,305,253,305,558
20102,PALCA,estado nutricional en menores de 5 anos,clasificacion c,2003-12-01,62,86,62,86,148
21104,PALOS BLANCOS,estado nutricional en menores de 5 anos,clasificacion c,2003-12-01,105,55,105,55,160
40802,PAMPA AULLAGAS,estado nutricional en menores de 5 anos,clasificacion c,2003-12-01,21,16,21,16,37
70902,PAMPA GRANDE,estado nutricional en menores de 5 anos,clasificacion c,2003-12-01,60,40,60,40,100
21802,PAPEL PAMPA,estado nutricional en menores de 5 anos,clasificacion c,2003-12-01,57,38,57,38,95
30202,PASORAPA,estado nutricional en menores de 5 anos,clasificacion c,2003-12-01,60,73,60,73,133
21305,PATACAMAYA,estado nutricional en menores de 5 anos,clasificacion c,2003-12-01,251,110,251,110,361
40602,PAZÃ‘A,estado nutricional en menores de 5 anos,clasificacion c,2003-12-01,22,13,22,13,35
20702,PELECHUCO,estado nutricional en menores de 5 anos,clasificacion c,2003-12-01,28,12,28,12,40
50403,POCOATA,estado nutricional en menores de 5 anos,clasificacion c,2003-12-01,203,226,203,226,429
31203,POCONA,estado nutricional en menores de 5 anos,clasificacion c,2003-12-01,44,47,44,47,91
31202,POJO (CBBA),estado nutricional en menores de 5 anos,clasificacion c,2003-12-01,300,275,300,275,575
40601,POOPO,estado nutricional en menores de 5 anos,clasificacion c,2003-12-01,55,35,55,35,90
51203,PORCO,estado nutricional en menores de 5 anos,clasificacion c,2003-12-01,79,67,79,67,146
10103,POROMA,estado nutricional en menores de 5 anos,clasificacion c,2003-12-01,163,136,163,136,299
70103,PORONGO,estado nutricional en menores de 5 anos,clasificacion c,2003-12-01,40,14,40,14,54
70601,PORTACHUELO,estado nutricional en menores de 5 anos,clasificacion c,2003-12-01,221,161,221,161,382
90102,PORVENIR,estado nutricional en menores de 5 anos,clasificacion c,2003-12-01,71,62,71,62,133
50101,POTOSI,estado nutricional en menores de 5 anos,clasificacion c,2003-12-01,1472,494,1472,494,1966
10302,PRESTO,estado nutricional en menores de 5 anos,clasificacion c,2003-12-01,143,152,143,152,295
70805,PUCARA,estado nutricional en menores de 5 anos,clasificacion c,2003-12-01,12,30,12,30,42
21201,PUCARANI,estado nutricional en menores de 5 anos,clasificacion c,2003-12-01,156,77,156,77,233
20401,PUERTO ACOSTA,estado nutricional en menores de 5 anos,clasificacion c,2003-12-01,124,174,124,174,298
20403,PUERTO CARABUCO,estado nutricional en menores de 5 anos,clasificacion c,2003-12-01,85,88,85,88,173
90301,PUERTO GONZALO MORENO,estado nutricional en menores de 5 anos,clasificacion c,2003-12-01,8,5,8,5,13
21204,PUERTO PEREZ,estado nutricional en menores de 5 anos,clasificacion c,2003-12-01,77,39,77,39,116
90201,PUERTO RICO,estado nutricional en menores de 5 anos,clasificacion c,2003-12-01,2,28,2,28,30
80703,PUERTO SILES,estado nutricional en menores de 5 anos,clasificacion c,2003-12-01,28,41,28,41,69
31205,PUERTO VILLARROEL,estado nutricional en menores de 5 anos,clasificacion c,2003-12-01,426,342,426,342,768
51101,PUNA,estado nutricional en menores de 5 anos,clasificacion c,2003-12-01,246,222,246,222,468
31401,PUNATA,estado nutricional en menores de 5 anos,clasificacion c,2003-12-01,373,210,373,210,583
20604,QUIABAYA,estado nutricional en menores de 5 anos,clasificacion c,2003-12-01,13,10,13,10,23
30901,QUILLACOLLO,estado nutricional en menores de 5 anos,clasificacion c,2003-12-01,408,245,408,245,653
21002,QUIME,estado nutricional en menores de 5 anos,clasificacion c,2003-12-01,127,98,127,98,225
70904,QUIRUSILLAS,estado nutricional en menores de 5 anos,clasificacion c,2003-12-01,16,11,16,11,27
50402,RAVELO,estado nutricional en menores de 5 anos,clasificacion c,2003-12-01,138,151,138,151,289
80301,REYES,estado nutricional en menores de 5 anos,clasificacion c,2003-12-01,186,214,186,214,400
80201,RIBERALTA,estado nutricional en menores de 5 anos,clasificacion c,2003-12-01,979,566,979,566,1545
80304,RURRENABAQUE,estado nutricional en menores de 5 anos,clasificacion c,2003-12-01,163,53,163,53,216
40901,SABAYA,estado nutricional en menores de 5 anos,clasificacion c,2003-12-01,35,33,35,33,68
31001,SACABA,estado nutricional en menores de 5 anos,clasificacion c,2003-12-01,365,86,365,86,451
30404,SACABAMBA,estado nutricional en menores de 5 anos,clasificacion c,2003-12-01,41,46,41,46,87
50701,SACACA,estado nutricional en menores de 5 anos,clasificacion c,2003-12-01,181,215,181,215,396
71302,SAIPINA,estado nutricional en menores de 5 anos,clasificacion c,2003-12-01,35,56,35,56,91
40801,SALINAS DE GARCI MENDOZA,estado nutricional en menores de 5 anos,clasificacion c,2003-12-01,82,103,82,103,185
70901,SAMAIPATA,estado nutricional en menores de 5 anos,clasificacion c,2003-12-01,106,104,106,104,210
51601,SAN AGUSTIN,estado nutricional en menores de 5 anos,clasificacion c,2003-12-01,33,26,33,26,59
80602,SAN ANDRES,estado nutricional en menores de 5 anos,clasificacion c,2003-12-01,67,62,67,62,129
51003,SAN ANTONIO DE ESMORUCO,estado nutricional en menores de 5 anos,clasificacion c,2003-12-01,4,3,4,3,7
31403,SAN BENITO,estado nutricional en menores de 5 anos,clasificacion c,2003-12-01,91,46,91,46,137
80302,SAN BORJA,estado nutricional en menores de 5 anos,clasificacion c,2003-12-01,544,285,544,285,829
21502,SAN BUENA VENTURA,estado nutricional en menores de 5 anos,clasificacion c,2003-12-01,142,99,142,99,241
70402,SAN CARLOS,estado nutricional en menores de 5 anos,clasificacion c,2003-12-01,326,174,326,174,500
80501,SAN IGNACIO,estado nutricional en menores de 5 anos,clasificacion c,2003-12-01,234,121,234,121,355
70301,SAN IGNACIO DE VELASCO,estado nutricional en menores de 5 anos,clasificacion c,2003-12-01,383,237,383,237,620
80102,SAN JAVIER(BNI),estado nutricional en menores de 5 anos,clasificacion c,2003-12-01,22,36,22,36,58
71102,SAN JAVIER(STC),estado nutricional en menores de 5 anos,clasificacion c,2003-12-01,92,38,92,38,130
80701,SAN JOAQUIN,estado nutricional en menores de 5 anos,clasificacion c,2003-12-01,79,60,79,60,139
71104,SAN JULIAN,estado nutricional en menores de 5 anos,clasificacion c,2003-12-01,322,404,322,404,726
90302,SAN LORENZO(PND),estado nutricional en menores de 5 anos,clasificacion c,2003-12-01,22,19,22,19,41
60501,SAN LORENZO(TJA),estado nutricional en menores de 5 anos,clasificacion c,2003-12-01,137,57,137,57,194
10702,SAN LUCAS,estado nutricional en menores de 5 anos,clasificacion c,2003-12-01,510,427,510,427,937
71201,SAN MATIAS,estado nutricional en menores de 5 anos,clasificacion c,2003-12-01,131,105,131,105,236
70302,SAN MIGUEL DE VELASCO,estado nutricional en menores de 5 anos,clasificacion c,2003-12-01,166,167,166,167,333
51001,SAN PABLO DE LIPEZ,estado nutricional en menores de 5 anos,clasificacion c,2003-12-01,24,12,24,12,36
50501,SAN PEDRO DE BUENA VISTA,estado nutricional en menores de 5 anos,clasificacion c,2003-12-01,166,239,166,239,405
21801,SAN PEDRO DE CURAHUARA,estado nutricional en menores de 5 anos,clasificacion c,2003-12-01,52,29,52,29,81
50902,SAN PEDRO DE QUEMES,estado nutricional en menores de 5 anos,clasificacion c,2003-12-01,8,20,8,20,28
21702,SAN PEDRO DE TIQUINA,estado nutricional en menores de 5 anos,clasificacion c,2003-12-01,32,49,32,49,81
70303,SAN RAFAEL,estado nutricional en menores de 5 anos,clasificacion c,2003-12-01,62,35,62,35,97
80702,SAN RAMON,estado nutricional en menores de 5 anos,clasificacion c,2003-12-01,1,4,1,4,5
80702,SAN RAMON,estado nutricional en menores de 5 anos,clasificacion c,2003-12-01,81,53,81,53,134
80401,SANTA ANA,estado nutricional en menores de 5 anos,clasificacion c,2003-12-01,170,97,170,97,267
70101,SANTA CRUZ DE LA SIERRA,estado nutricional en menores de 5 anos,clasificacion c,2003-12-01,3776,1870,3776,1870,5646
80303,SANTA ROSA,estado nutricional en menores de 5 anos,clasificacion c,2003-12-01,98,94,98,94,192
70602,SANTA ROSA DEL SARA,estado nutricional en menores de 5 anos,clasificacion c,2003-12-01,51,43,51,43,94
20308,SANTIAGO DE CALLAPA,estado nutricional en menores de 5 anos,clasificacion c,2003-12-01,94,58,94,58,152
41401,SANTIAGO DE HUARI,estado nutricional en menores de 5 anos,clasificacion c,2003-12-01,30,39,30,39,69
21901,SANTIAGO DE MACHACA,estado nutricional en menores de 5 anos,clasificacion c,2003-12-01,52,54,52,54,106
30702,SANTIVAÃ‘ES,estado nutricional en menores de 5 anos,clasificacion c,2003-12-01,83,23,83,23,106
40202,SANTUARIO DE QUILLACAS,estado nutricional en menores de 5 anos,clasificacion c,2003-12-01,17,13,17,13,30
20902,SAPAHAQUI,estado nutricional en menores de 5 anos,clasificacion c,2003-12-01,101,62,101,62,163
90303,SENA,estado nutricional en menores de 5 anos,clasificacion c,2003-12-01,37,62,37,62,99
21301,SICA SICA (VILLA AROMA),estado nutricional en menores de 5 anos,clasificacion c,2003-12-01,147,73,147,73,220
30703,SICAYA,estado nutricional en menores de 5 anos,clasificacion c,2003-12-01,8,17,8,17,25
30902,SIPE SIPE,estado nutricional en menores de 5 anos,clasificacion c,2003-12-01,238,134,238,134,372
10403,SOPACHUY,estado nutricional en menores de 5 anos,clasificacion c,2003-12-01,77,99,77,99,176
20601,SORATA,estado nutricional en menores de 5 anos,clasificacion c,2003-12-01,159,226,159,226,385
10101,SUCRE,estado nutricional en menores de 5 anos,clasificacion c,2003-12-01,1622,1026,1622,1026,2648
31404,TACACHI,estado nutricional en menores de 5 anos,clasificacion c,2003-12-01,10,1,10,1,11
20603,TACACOMA,estado nutricional en menores de 5 anos,clasificacion c,2003-12-01,36,36,36,36,72
50303,TACOBAMBA,estado nutricional en menores de 5 anos,clasificacion c,2003-12-01,155,143,155,143,298
30602,TACOPAYA,estado nutricional en menores de 5 anos,clasificacion c,2003-12-01,37,31,37,31,68
51402,TAHUA,estado nutricional en menores de 5 anos,clasificacion c,2003-12-01,4,2,4,2,6
31101,TAPACARI,estado nutricional en menores de 5 anos,clasificacion c,2003-12-01,138,151,138,151,289
10601,TARABUCO,estado nutricional en menores de 5 anos,clasificacion c,2003-12-01,468,582,468,582,1050
30401,TARATA,estado nutricional en menores de 5 anos,clasificacion c,2003-12-01,82,29,82,29,111
60101,TARIJA,estado nutricional en menores de 5 anos,clasificacion c,2003-12-01,2120,942,2120,942,3062
10202,TARVITA,estado nutricional en menores de 5 anos,clasificacion c,2003-12-01,77,112,77,112,189
20803,TIAWANACU,estado nutricional en menores de 5 anos,clasificacion c,2003-12-01,122,87,122,87,209
50102,TINGUIPAYA,estado nutricional en menores de 5 anos,clasificacion c,2003-12-01,178,399,178,399,577
20606,TIPUANI,estado nutricional en menores de 5 anos,clasificacion c,2003-12-01,94,91,94,91,185
30903,TIQUIPAYA,estado nutricional en menores de 5 anos,clasificacion c,2003-12-01,302,72,302,72,374
31601,TIRAQUE (CBBA),estado nutricional en menores de 5 anos,clasificacion c,2003-12-01,426,261,426,261,687
21703,TITO YUPANQUI (PARQUIPUJIO),estado nutricional en menores de 5 anos,clasificacion c,2003-12-01,9,11,9,11,20
30802,TOCO,estado nutricional en menores de 5 anos,clasificacion c,2003-12-01,1,26,1,26,27
30803,TOLATA,estado nutricional en menores de 5 anos,clasificacion c,2003-12-01,39,14,39,14,53
41001,TOLEDO,estado nutricional en menores de 5 anos,clasificacion c,2003-12-01,49,26,49,26,75
51202,TOMAVE,estado nutricional en menores de 5 anos,clasificacion c,2003-12-01,111,99,111,99,210
10402,TOMINA,estado nutricional en menores de 5 anos,clasificacion c,2003-12-01,188,272,188,272,460
50502,TORO TORO,estado nutricional en menores de 5 anos,clasificacion c,2003-12-01,178,249,178,249,427
31201,TOTORA(CBBA),estado nutricional en menores de 5 anos,clasificacion c,2003-12-01,93,49,93,49,142
41301,TOTORA(ORR),estado nutricional en menores de 5 anos,clasificacion c,2003-12-01,52,53,52,53,105
70802,TRIGAL,estado nutricional en menores de 5 anos,clasificacion c,2003-12-01,8,5,8,5,13
80101,TRINIDAD,estado nutricional en menores de 5 anos,clasificacion c,2003-12-01,677,558,677,558,1235
50801,TUPIZA,estado nutricional en menores de 5 anos,clasificacion c,2003-12-01,480,508,480,508,988
40402,TURCO,estado nutricional en menores de 5 anos,clasificacion c,2003-12-01,27,42,27,42,69
21302,UMALA,estado nutricional en menores de 5 anos,clasificacion c,2003-12-01,89,84,89,84,173
50201,UNCIA,estado nutricional en menores de 5 anos,clasificacion c,2003-12-01,32,24,32,24,56
60401,URIONDO (A. CONCEPCION),estado nutricional en menores de 5 anos,clasificacion c,2003-12-01,162,227,162,227,389
71502,URUBICHA,estado nutricional en menores de 5 anos,clasificacion c,2003-12-01,77,117,77,117,194
51201,UYUNI,estado nutricional en menores de 5 anos,clasificacion c,2003-12-01,153,119,153,119,272
30502,VACAS,estado nutricional en menores de 5 anos,clasificacion c,2003-12-01,41,14,41,14,55
70801,VALLEGRANDE,estado nutricional en menores de 5 anos,clasificacion c,2003-12-01,139,107,139,107,246
20801,VIACHA,estado nutricional en menores de 5 anos,clasificacion c,2003-12-01,380,184,380,184,564
31302,VILA VILA,estado nutricional en menores de 5 anos,clasificacion c,2003-12-01,18,20,18,20,38
60303,VILLA MONTES,estado nutricional en menores de 5 anos,clasificacion c,2003-12-01,273,153,273,153,426
90502,VILLA NUEVA (LOMA ALTA),estado nutricional en menores de 5 anos,clasificacion c,2003-12-01,4,2,4,2,6
31402,VILLA RIVERO,estado nutricional en menores de 5 anos,clasificacion c,2003-12-01,54,35,54,35,89
10801,VILLA SERRANO,estado nutricional en menores de 5 anos,clasificacion c,2003-12-01,227,280,227,280,507
31003,VILLA TUNARI,estado nutricional en menores de 5 anos,clasificacion c,2003-12-01,569,417,569,417,986
11001,VILLA VACA GUZMAN (MUYUPAMPA),estado nutricional en menores de 5 anos,clasificacion c,2003-12-01,229,306,229,306,535
51501,VILLAZON,estado nutricional en menores de 5 anos,clasificacion c,2003-12-01,472,411,472,411,883
30904,VINTO,estado nutricional en menores de 5 anos,clasificacion c,2003-12-01,52,20,52,20,72
50602,VITICHI,estado nutricional en menores de 5 anos,clasificacion c,2003-12-01,97,140,97,140,237
20306,WALDO BALLIVIAN,estado nutricional en menores de 5 anos,clasificacion c,2003-12-01,19,16,19,16,35
20903,YACO,estado nutricional en menores de 5 anos,clasificacion c,2003-12-01,49,41,49,41,90
60301,YACUIBA,estado nutricional en menores de 5 anos,clasificacion c,2003-12-01,464,181,464,181,645
10602,YAMPARAEZ,estado nutricional en menores de 5 anos,clasificacion c,2003-12-01,260,395,260,395,655
21103,YANACACHI,estado nutricional en menores de 5 anos,clasificacion c,2003-12-01,56,30,56,30,86
70403,YAPACANI,estado nutricional en menores de 5 anos,clasificacion c,2003-12-01,521,346,521,346,867
50103,YOCALLA,estado nutricional en menores de 5 anos,clasificacion c,2003-12-01,47,72,47,72,119
10102,YOTALA,estado nutricional en menores de 5 anos,clasificacion c,2003-12-01,144,212,144,212,356
60402,YUNCHARA,estado nutricional en menores de 5 anos,clasificacion c,2003-12-01,59,97,59,97,156
10301,ZUDAÃ‘EZ,estado nutricional en menores de 5 anos,clasificacion c,2003-12-01,146,171,146,171,317
