codigo_municipio,municipio,grupo,variable,mes,Cantidad-H,Cantidad-M,TOTAL-H,TOTAL-M,TOTAL
51302,ACACIO,mortalidad institucional,otras muertes en personas mayores de 5 anos,2004-01-01,0,1,0,1,1
20201,ACHACACHI,mortalidad institucional,otras muertes en personas mayores de 5 anos,2004-01-01,1,1,1,1,2
10404,ALCALA,mortalidad institucional,otras muertes en personas mayores de 5 anos,2004-01-01,0,3,0,3,3
20202,ANCORAIMES,mortalidad institucional,otras muertes en personas mayores de 5 anos,2004-01-01,0,6,0,6,6
41201,ANDAMARCA,mortalidad institucional,otras muertes en personas mayores de 5 anos,2004-01-01,0,3,0,3,3
30402,ANZALDO,mortalidad institucional,otras muertes en personas mayores de 5 anos,2004-01-01,0,2,0,2,2
50802,ATOCHA,mortalidad institucional,otras muertes en personas mayores de 5 anos,2004-01-01,1,1,1,1,2
30301,AYOPAYA (V. DE INDEPENDENCIA),mortalidad institucional,otras muertes en personas mayores de 5 anos,2004-01-01,1,0,1,0,1
10201,AZURDUY,mortalidad institucional,otras muertes en personas mayores de 5 anos,2004-01-01,1,5,1,5,6
21203,BATALLAS,mortalidad institucional,otras muertes en personas mayores de 5 anos,2004-01-01,0,1,0,1,1
60202,BERMEJO,mortalidad institucional,otras muertes en personas mayores de 5 anos,2004-01-01,2,6,2,6,8
50301,BETANZOS,mortalidad institucional,otras muertes en personas mayores de 5 anos,2004-01-01,1,16,1,16,17
70707,BOYUIBE,mortalidad institucional,otras muertes en personas mayores de 5 anos,2004-01-01,0,2,0,2,2
70401,BUENA VISTA,mortalidad institucional,otras muertes en personas mayores de 5 anos,2004-01-01,2,1,2,1,3
51102,"CAIZA ""D""",mortalidad institucional,otras muertes en personas mayores de 5 anos,2004-01-01,0,2,0,2,2
10701,CAMARGO,mortalidad institucional,otras muertes en personas mayores de 5 anos,2004-01-01,1,1,1,1,2
70706,CAMIRI,mortalidad institucional,otras muertes en personas mayores de 5 anos,2004-01-01,2,0,2,0,2
40201,CHALLAPATA,mortalidad institucional,otras muertes en personas mayores de 5 anos,2004-01-01,0,4,0,4,4
50302,CHAQUI,mortalidad institucional,otras muertes en personas mayores de 5 anos,2004-01-01,0,4,0,4,4
50202,CHAYANTA,mortalidad institucional,otras muertes en personas mayores de 5 anos,2004-01-01,0,2,0,2,2
30101,COCHABAMBA,mortalidad institucional,otras muertes en personas mayores de 5 anos,2004-01-01,79,3,79,3,82
30905,COLCAPIRHUA,mortalidad institucional,otras muertes en personas mayores de 5 anos,2004-01-01,1,0,1,0,1
21307,COLLANA,mortalidad institucional,otras muertes en personas mayores de 5 anos,2004-01-01,0,2,0,2,2
71301,COMARAPA,mortalidad institucional,otras muertes en personas mayores de 5 anos,2004-01-01,0,1,0,1,1
20301,CORO CORO,mortalidad institucional,otras muertes en personas mayores de 5 anos,2004-01-01,0,1,0,1,1
21401,COROICO,mortalidad institucional,otras muertes en personas mayores de 5 anos,2004-01-01,0,1,0,1,1
40301,CORQUE,mortalidad institucional,otras muertes en personas mayores de 5 anos,2004-01-01,0,2,0,2,2
50601,COTAGAITA,mortalidad institucional,otras muertes en personas mayores de 5 anos,2004-01-01,0,2,0,2,2
70102,COTOCA,mortalidad institucional,otras muertes en personas mayores de 5 anos,2004-01-01,0,1,0,1,1
70704,CUEVO,mortalidad institucional,otras muertes en personas mayores de 5 anos,2004-01-01,0,2,0,2,2
10902,CULPINA,mortalidad institucional,otras muertes en personas mayores de 5 anos,2004-01-01,0,1,0,1,1
20804,DESAGUADERO,mortalidad institucional,otras muertes en personas mayores de 5 anos,2004-01-01,0,1,0,1,1
20105,EL ALTO,mortalidad institucional,otras muertes en personas mayores de 5 anos,2004-01-01,9,11,9,11,20
60502,EL PUENTE(TJA),mortalidad institucional,otras muertes en personas mayores de 5 anos,2004-01-01,0,1,0,1,1
70105,EL TORNO,mortalidad institucional,otras muertes en personas mayores de 5 anos,2004-01-01,0,4,0,4,4
70705,GUTIERREZ,mortalidad institucional,otras muertes en personas mayores de 5 anos,2004-01-01,0,11,0,11,11
11002,HUACAYA (VILLA DE HUACAYA),mortalidad institucional,otras muertes en personas mayores de 5 anos,2004-01-01,0,2,0,2,2
10703,INCAHUASI,mortalidad institucional,otras muertes en personas mayores de 5 anos,2004-01-01,0,4,0,4,4
20101,LA PAZ,mortalidad institucional,otras muertes en personas mayores de 5 anos,2004-01-01,155,13,155,13,168
70701,LAGUNILLAS,mortalidad institucional,otras muertes en personas mayores de 5 anos,2004-01-01,0,1,0,1,1
50203,LLALLAGUA,mortalidad institucional,otras muertes en personas mayores de 5 anos,2004-01-01,2,1,2,1,3
80601,LORETO,mortalidad institucional,otras muertes en personas mayores de 5 anos,2004-01-01,1,0,1,0,1
20901,LURIBAY,mortalidad institucional,otras muertes en personas mayores de 5 anos,2004-01-01,0,2,0,2,2
11003,MACHARETI,mortalidad institucional,otras muertes en personas mayores de 5 anos,2004-01-01,0,1,0,1,1
80801,MAGDALENA,mortalidad institucional,otras muertes en personas mayores de 5 anos,2004-01-01,2,0,2,0,2
71003,MINEROS,mortalidad institucional,otras muertes en personas mayores de 5 anos,2004-01-01,0,4,0,4,4
10501,MONTEAGUDO,mortalidad institucional,otras muertes en personas mayores de 5 anos,2004-01-01,2,2,2,2,4
71001,MONTERO,mortalidad institucional,otras muertes en personas mayores de 5 anos,2004-01-01,1,11,1,11,12
30302,MOROCHATA,mortalidad institucional,otras muertes en personas mayores de 5 anos,2004-01-01,0,1,0,1,1
40101,ORURO,mortalidad institucional,otras muertes en personas mayores de 5 anos,2004-01-01,7,1,7,1,8
10401,PADILLA,mortalidad institucional,otras muertes en personas mayores de 5 anos,2004-01-01,0,2,0,2,2
70502,PAILON,mortalidad institucional,otras muertes en personas mayores de 5 anos,2004-01-01,1,0,1,0,1
21104,PALOS BLANCOS,mortalidad institucional,otras muertes en personas mayores de 5 anos,2004-01-01,0,1,0,1,1
70902,PAMPA GRANDE,mortalidad institucional,otras muertes en personas mayores de 5 anos,2004-01-01,0,1,0,1,1
21305,PATACAMAYA,mortalidad institucional,otras muertes en personas mayores de 5 anos,2004-01-01,0,1,0,1,1
31202,POJO (CBBA),mortalidad institucional,otras muertes en personas mayores de 5 anos,2004-01-01,0,1,0,1,1
10103,POROMA,mortalidad institucional,otras muertes en personas mayores de 5 anos,2004-01-01,0,2,0,2,2
70601,PORTACHUELO,mortalidad institucional,otras muertes en personas mayores de 5 anos,2004-01-01,2,2,2,2,4
50101,POTOSI,mortalidad institucional,otras muertes en personas mayores de 5 anos,2004-01-01,27,0,27,0,27
20401,PUERTO ACOSTA,mortalidad institucional,otras muertes en personas mayores de 5 anos,2004-01-01,0,3,0,3,3
20403,PUERTO CARABUCO,mortalidad institucional,otras muertes en personas mayores de 5 anos,2004-01-01,0,1,0,1,1
71401,PUERTO SUAREZ,mortalidad institucional,otras muertes en personas mayores de 5 anos,2004-01-01,0,2,0,2,2
31205,PUERTO VILLARROEL,mortalidad institucional,otras muertes en personas mayores de 5 anos,2004-01-01,1,4,1,4,5
51101,PUNA,mortalidad institucional,otras muertes en personas mayores de 5 anos,2004-01-01,0,2,0,2,2
31401,PUNATA,mortalidad institucional,otras muertes en personas mayores de 5 anos,2004-01-01,3,3,3,3,6
30901,QUILLACOLLO,mortalidad institucional,otras muertes en personas mayores de 5 anos,2004-01-01,0,1,0,1,1
80201,RIBERALTA,mortalidad institucional,otras muertes en personas mayores de 5 anos,2004-01-01,2,2,2,2,4
80304,RURRENABAQUE,mortalidad institucional,otras muertes en personas mayores de 5 anos,2004-01-01,1,0,1,0,1
31001,SACABA,mortalidad institucional,otras muertes en personas mayores de 5 anos,2004-01-01,1,1,1,1,2
50701,SACACA,mortalidad institucional,otras muertes en personas mayores de 5 anos,2004-01-01,0,3,0,3,3
80302,SAN BORJA,mortalidad institucional,otras muertes en personas mayores de 5 anos,2004-01-01,2,3,2,3,5
80501,SAN IGNACIO,mortalidad institucional,otras muertes en personas mayores de 5 anos,2004-01-01,1,1,1,1,2
70301,SAN IGNACIO DE VELASCO,mortalidad institucional,otras muertes en personas mayores de 5 anos,2004-01-01,1,1,1,1,2
70501,SAN JOSE DE CHIQUITOS,mortalidad institucional,otras muertes en personas mayores de 5 anos,2004-01-01,0,1,0,1,1
10702,SAN LUCAS,mortalidad institucional,otras muertes en personas mayores de 5 anos,2004-01-01,1,3,1,3,4
70302,SAN MIGUEL DE VELASCO,mortalidad institucional,otras muertes en personas mayores de 5 anos,2004-01-01,0,7,0,7,7
50501,SAN PEDRO DE BUENA VISTA,mortalidad institucional,otras muertes en personas mayores de 5 anos,2004-01-01,0,1,0,1,1
80401,SANTA ANA,mortalidad institucional,otras muertes en personas mayores de 5 anos,2004-01-01,1,0,1,0,1
21301,SICA SICA (VILLA AROMA),mortalidad institucional,otras muertes en personas mayores de 5 anos,2004-01-01,0,1,0,1,1
10403,SOPACHUY,mortalidad institucional,otras muertes en personas mayores de 5 anos,2004-01-01,0,3,0,3,3
20601,SORATA,mortalidad institucional,otras muertes en personas mayores de 5 anos,2004-01-01,0,1,0,1,1
10101,SUCRE,mortalidad institucional,otras muertes en personas mayores de 5 anos,2004-01-01,26,14,26,14,40
50303,TACOBAMBA,mortalidad institucional,otras muertes en personas mayores de 5 anos,2004-01-01,0,2,0,2,2
31101,TAPACARI,mortalidad institucional,otras muertes en personas mayores de 5 anos,2004-01-01,0,2,0,2,2
10601,TARABUCO,mortalidad institucional,otras muertes en personas mayores de 5 anos,2004-01-01,0,5,0,5,5
30401,TARATA,mortalidad institucional,otras muertes en personas mayores de 5 anos,2004-01-01,0,1,0,1,1
60101,TARIJA,mortalidad institucional,otras muertes en personas mayores de 5 anos,2004-01-01,28,2,28,2,30
31601,TIRAQUE (CBBA),mortalidad institucional,otras muertes en personas mayores de 5 anos,2004-01-01,1,0,1,0,1
21703,TITO YUPANQUI (PARQUIPUJIO),mortalidad institucional,otras muertes en personas mayores de 5 anos,2004-01-01,0,2,0,2,2
10402,TOMINA,mortalidad institucional,otras muertes en personas mayores de 5 anos,2004-01-01,0,2,0,2,2
50502,TORO TORO,mortalidad institucional,otras muertes en personas mayores de 5 anos,2004-01-01,0,3,0,3,3
80101,TRINIDAD,mortalidad institucional,otras muertes en personas mayores de 5 anos,2004-01-01,9,1,9,1,10
50801,TUPIZA,mortalidad institucional,otras muertes en personas mayores de 5 anos,2004-01-01,4,7,4,7,11
40402,TURCO,mortalidad institucional,otras muertes en personas mayores de 5 anos,2004-01-01,0,2,0,2,2
51201,UYUNI,mortalidad institucional,otras muertes en personas mayores de 5 anos,2004-01-01,1,3,1,3,4
70801,VALLEGRANDE,mortalidad institucional,otras muertes en personas mayores de 5 anos,2004-01-01,1,0,1,0,1
31302,VILA VILA,mortalidad institucional,otras muertes en personas mayores de 5 anos,2004-01-01,0,2,0,2,2
60303,VILLA MONTES,mortalidad institucional,otras muertes en personas mayores de 5 anos,2004-01-01,0,2,0,2,2
31402,VILLA RIVERO,mortalidad institucional,otras muertes en personas mayores de 5 anos,2004-01-01,0,1,0,1,1
10801,VILLA SERRANO,mortalidad institucional,otras muertes en personas mayores de 5 anos,2004-01-01,0,1,0,1,1
31003,VILLA TUNARI,mortalidad institucional,otras muertes en personas mayores de 5 anos,2004-01-01,0,2,0,2,2
11001,VILLA VACA GUZMAN (MUYUPAMPA),mortalidad institucional,otras muertes en personas mayores de 5 anos,2004-01-01,0,4,0,4,4
51501,VILLAZON,mortalidad institucional,otras muertes en personas mayores de 5 anos,2004-01-01,1,4,1,4,5
60301,YACUIBA,mortalidad institucional,otras muertes en personas mayores de 5 anos,2004-01-01,8,0,8,0,8
10602,YAMPARAEZ,mortalidad institucional,otras muertes en personas mayores de 5 anos,2004-01-01,0,2,0,2,2
70403,YAPACANI,mortalidad institucional,otras muertes en personas mayores de 5 anos,2004-01-01,1,4,1,4,5
20201,ACHACACHI,mortalidad institucional,otras muertes en personas mayores de 5 anos,2004-02-01,0,1,0,1,1
20202,ANCORAIMES,mortalidad institucional,otras muertes en personas mayores de 5 anos,2004-02-01,0,2,0,2,2
41201,ANDAMARCA,mortalidad institucional,otras muertes en personas mayores de 5 anos,2004-02-01,0,2,0,2,2
30601,ARQUE,mortalidad institucional,otras muertes en personas mayores de 5 anos,2004-02-01,0,2,0,2,2
50802,ATOCHA,mortalidad institucional,otras muertes en personas mayores de 5 anos,2004-02-01,1,0,1,0,1
10201,AZURDUY,mortalidad institucional,otras muertes en personas mayores de 5 anos,2004-02-01,0,3,0,3,3
41202,BELEN DE ANDAMARCA,mortalidad institucional,otras muertes en personas mayores de 5 anos,2004-02-01,0,2,0,2,2
60202,BERMEJO,mortalidad institucional,otras muertes en personas mayores de 5 anos,2004-02-01,3,5,3,5,8
50301,BETANZOS,mortalidad institucional,otras muertes en personas mayores de 5 anos,2004-02-01,0,4,0,4,4
70707,BOYUIBE,mortalidad institucional,otras muertes en personas mayores de 5 anos,2004-02-01,0,1,0,1,1
70401,BUENA VISTA,mortalidad institucional,otras muertes en personas mayores de 5 anos,2004-02-01,0,1,0,1,1
51102,"CAIZA ""D""",mortalidad institucional,otras muertes en personas mayores de 5 anos,2004-02-01,0,1,0,1,1
10701,CAMARGO,mortalidad institucional,otras muertes en personas mayores de 5 anos,2004-02-01,1,2,1,2,3
70706,CAMIRI,mortalidad institucional,otras muertes en personas mayores de 5 anos,2004-02-01,3,1,3,1,4
22001,CARANAVI,mortalidad institucional,otras muertes en personas mayores de 5 anos,2004-02-01,3,1,3,1,4
40201,CHALLAPATA,mortalidad institucional,otras muertes en personas mayores de 5 anos,2004-02-01,0,9,0,9,9
50302,CHAQUI,mortalidad institucional,otras muertes en personas mayores de 5 anos,2004-02-01,0,2,0,2,2
50202,CHAYANTA,mortalidad institucional,otras muertes en personas mayores de 5 anos,2004-02-01,1,1,1,1,2
90101,COBIJA,mortalidad institucional,otras muertes en personas mayores de 5 anos,2004-02-01,6,0,6,0,6
30101,COCHABAMBA,mortalidad institucional,otras muertes en personas mayores de 5 anos,2004-02-01,79,2,79,2,81
50901,"COLCHA ""K""",mortalidad institucional,otras muertes en personas mayores de 5 anos,2004-02-01,0,1,0,1,1
31002,COLOMI,mortalidad institucional,otras muertes en personas mayores de 5 anos,2004-02-01,0,6,0,6,6
71301,COMARAPA,mortalidad institucional,otras muertes en personas mayores de 5 anos,2004-02-01,2,1,2,1,3
70102,COTOCA,mortalidad institucional,otras muertes en personas mayores de 5 anos,2004-02-01,0,7,0,7,7
10902,CULPINA,mortalidad institucional,otras muertes en personas mayores de 5 anos,2004-02-01,1,5,1,5,6
20105,EL ALTO,mortalidad institucional,otras muertes en personas mayores de 5 anos,2004-02-01,11,9,11,9,20
70105,EL TORNO,mortalidad institucional,otras muertes en personas mayores de 5 anos,2004-02-01,0,6,0,6,6
60601,ENTRE RIOS,mortalidad institucional,otras muertes en personas mayores de 5 anos,2004-02-01,2,1,2,1,3
41101,EUCALIPTUS,mortalidad institucional,otras muertes en personas mayores de 5 anos,2004-02-01,0,1,0,1,1
71002,GENERAL SAAVEDRA,mortalidad institucional,otras muertes en personas mayores de 5 anos,2004-02-01,0,1,0,1,1
70705,GUTIERREZ,mortalidad institucional,otras muertes en personas mayores de 5 anos,2004-02-01,1,1,1,1,2
10502,HUACARETA,mortalidad institucional,otras muertes en personas mayores de 5 anos,2004-02-01,0,3,0,3,3
11002,HUACAYA (VILLA DE HUACAYA),mortalidad institucional,otras muertes en personas mayores de 5 anos,2004-02-01,0,1,0,1,1
10304,ICLA,mortalidad institucional,otras muertes en personas mayores de 5 anos,2004-02-01,0,1,0,1,1
10703,INCAHUASI,mortalidad institucional,otras muertes en personas mayores de 5 anos,2004-02-01,0,1,0,1,1
20101,LA PAZ,mortalidad institucional,otras muertes en personas mayores de 5 anos,2004-02-01,130,9,130,9,139
80601,LORETO,mortalidad institucional,otras muertes en personas mayores de 5 anos,2004-02-01,0,1,0,1,1
11003,MACHARETI,mortalidad institucional,otras muertes en personas mayores de 5 anos,2004-02-01,0,1,0,1,1
71003,MINEROS,mortalidad institucional,otras muertes en personas mayores de 5 anos,2004-02-01,0,3,0,3,3
10501,MONTEAGUDO,mortalidad institucional,otras muertes en personas mayores de 5 anos,2004-02-01,2,6,2,6,8
71001,MONTERO,mortalidad institucional,otras muertes en personas mayores de 5 anos,2004-02-01,1,9,1,9,10
50404,OCURI,mortalidad institucional,otras muertes en personas mayores de 5 anos,2004-02-01,0,1,0,1,1
40101,ORURO,mortalidad institucional,otras muertes en personas mayores de 5 anos,2004-02-01,30,9,30,9,39
70502,PAILON,mortalidad institucional,otras muertes en personas mayores de 5 anos,2004-02-01,1,1,1,1,2
21104,PALOS BLANCOS,mortalidad institucional,otras muertes en personas mayores de 5 anos,2004-02-01,0,2,0,2,2
30202,PASORAPA,mortalidad institucional,otras muertes en personas mayores de 5 anos,2004-02-01,0,1,0,1,1
21305,PATACAMAYA,mortalidad institucional,otras muertes en personas mayores de 5 anos,2004-02-01,0,1,0,1,1
40602,PAZÑA,mortalidad institucional,otras muertes en personas mayores de 5 anos,2004-02-01,0,1,0,1,1
50403,POCOATA,mortalidad institucional,otras muertes en personas mayores de 5 anos,2004-02-01,1,0,1,0,1
70601,PORTACHUELO,mortalidad institucional,otras muertes en personas mayores de 5 anos,2004-02-01,0,5,0,5,5
50101,POTOSI,mortalidad institucional,otras muertes en personas mayores de 5 anos,2004-02-01,8,0,8,0,8
10302,PRESTO,mortalidad institucional,otras muertes en personas mayores de 5 anos,2004-02-01,0,2,0,2,2
20401,PUERTO ACOSTA,mortalidad institucional,otras muertes en personas mayores de 5 anos,2004-02-01,0,1,0,1,1
20403,PUERTO CARABUCO,mortalidad institucional,otras muertes en personas mayores de 5 anos,2004-02-01,0,1,0,1,1
71401,PUERTO SUAREZ,mortalidad institucional,otras muertes en personas mayores de 5 anos,2004-02-01,0,1,0,1,1
31205,PUERTO VILLARROEL,mortalidad institucional,otras muertes en personas mayores de 5 anos,2004-02-01,0,3,0,3,3
51101,PUNA,mortalidad institucional,otras muertes en personas mayores de 5 anos,2004-02-01,0,1,0,1,1
31401,PUNATA,mortalidad institucional,otras muertes en personas mayores de 5 anos,2004-02-01,0,7,0,7,7
30901,QUILLACOLLO,mortalidad institucional,otras muertes en personas mayores de 5 anos,2004-02-01,0,1,0,1,1
21002,QUIME,mortalidad institucional,otras muertes en personas mayores de 5 anos,2004-02-01,0,6,0,6,6
70904,QUIRUSILLAS,mortalidad institucional,otras muertes en personas mayores de 5 anos,2004-02-01,0,1,0,1,1
80301,REYES,mortalidad institucional,otras muertes en personas mayores de 5 anos,2004-02-01,1,1,1,1,2
80201,RIBERALTA,mortalidad institucional,otras muertes en personas mayores de 5 anos,2004-02-01,6,4,6,4,10
31001,SACABA,mortalidad institucional,otras muertes en personas mayores de 5 anos,2004-02-01,0,4,0,4,4
30404,SACABAMBA,mortalidad institucional,otras muertes en personas mayores de 5 anos,2004-02-01,0,1,0,1,1
50701,SACACA,mortalidad institucional,otras muertes en personas mayores de 5 anos,2004-02-01,0,5,0,5,5
71302,SAIPINA,mortalidad institucional,otras muertes en personas mayores de 5 anos,2004-02-01,0,2,0,2,2
80302,SAN BORJA,mortalidad institucional,otras muertes en personas mayores de 5 anos,2004-02-01,1,5,1,5,6
70402,SAN CARLOS,mortalidad institucional,otras muertes en personas mayores de 5 anos,2004-02-01,2,2,2,2,4
80501,SAN IGNACIO,mortalidad institucional,otras muertes en personas mayores de 5 anos,2004-02-01,0,5,0,5,5
70301,SAN IGNACIO DE VELASCO,mortalidad institucional,otras muertes en personas mayores de 5 anos,2004-02-01,2,4,2,4,6
60501,SAN LORENZO(TJA),mortalidad institucional,otras muertes en personas mayores de 5 anos,2004-02-01,0,1,0,1,1
10702,SAN LUCAS,mortalidad institucional,otras muertes en personas mayores de 5 anos,2004-02-01,1,6,1,6,7
70302,SAN MIGUEL DE VELASCO,mortalidad institucional,otras muertes en personas mayores de 5 anos,2004-02-01,0,3,0,3,3
50501,SAN PEDRO DE BUENA VISTA,mortalidad institucional,otras muertes en personas mayores de 5 anos,2004-02-01,0,2,0,2,2
21702,SAN PEDRO DE TIQUINA,mortalidad institucional,otras muertes en personas mayores de 5 anos,2004-02-01,0,1,0,1,1
70303,SAN RAFAEL,mortalidad institucional,otras muertes en personas mayores de 5 anos,2004-02-01,1,0,1,0,1
80303,SANTA ROSA,mortalidad institucional,otras muertes en personas mayores de 5 anos,2004-02-01,0,1,0,1,1
41401,SANTIAGO DE HUARI,mortalidad institucional,otras muertes en personas mayores de 5 anos,2004-02-01,0,1,0,1,1
30703,SICAYA,mortalidad institucional,otras muertes en personas mayores de 5 anos,2004-02-01,0,1,0,1,1
10101,SUCRE,mortalidad institucional,otras muertes en personas mayores de 5 anos,2004-02-01,28,3,28,3,31
50303,TACOBAMBA,mortalidad institucional,otras muertes en personas mayores de 5 anos,2004-02-01,0,1,0,1,1
31101,TAPACARI,mortalidad institucional,otras muertes en personas mayores de 5 anos,2004-02-01,0,4,0,4,4
10601,TARABUCO,mortalidad institucional,otras muertes en personas mayores de 5 anos,2004-02-01,0,33,0,33,33
60101,TARIJA,mortalidad institucional,otras muertes en personas mayores de 5 anos,2004-02-01,20,5,20,5,25
10202,TARVITA,mortalidad institucional,otras muertes en personas mayores de 5 anos,2004-02-01,0,2,0,2,2
20606,TIPUANI,mortalidad institucional,otras muertes en personas mayores de 5 anos,2004-02-01,1,1,1,1,2
31601,TIRAQUE (CBBA),mortalidad institucional,otras muertes en personas mayores de 5 anos,2004-02-01,0,1,0,1,1
41001,TOLEDO,mortalidad institucional,otras muertes en personas mayores de 5 anos,2004-02-01,0,1,0,1,1
31201,TOTORA(CBBA),mortalidad institucional,otras muertes en personas mayores de 5 anos,2004-02-01,0,1,0,1,1
80101,TRINIDAD,mortalidad institucional,otras muertes en personas mayores de 5 anos,2004-02-01,9,1,9,1,10
50801,TUPIZA,mortalidad institucional,otras muertes en personas mayores de 5 anos,2004-02-01,4,4,4,4,8
50201,UNCIA,mortalidad institucional,otras muertes en personas mayores de 5 anos,2004-02-01,4,0,4,0,4
51201,UYUNI,mortalidad institucional,otras muertes en personas mayores de 5 anos,2004-02-01,0,1,0,1,1
30502,VACAS,mortalidad institucional,otras muertes en personas mayores de 5 anos,2004-02-01,1,0,1,0,1
70801,VALLEGRANDE,mortalidad institucional,otras muertes en personas mayores de 5 anos,2004-02-01,2,0,2,0,2
20801,VIACHA,mortalidad institucional,otras muertes en personas mayores de 5 anos,2004-02-01,0,2,0,2,2
60303,VILLA MONTES,mortalidad institucional,otras muertes en personas mayores de 5 anos,2004-02-01,1,0,1,0,1
31003,VILLA TUNARI,mortalidad institucional,otras muertes en personas mayores de 5 anos,2004-02-01,2,0,2,0,2
11001,VILLA VACA GUZMAN (MUYUPAMPA),mortalidad institucional,otras muertes en personas mayores de 5 anos,2004-02-01,1,6,1,6,7
51501,VILLAZON,mortalidad institucional,otras muertes en personas mayores de 5 anos,2004-02-01,5,2,5,2,7
50602,VITICHI,mortalidad institucional,otras muertes en personas mayores de 5 anos,2004-02-01,0,1,0,1,1
70201,WARNES,mortalidad institucional,otras muertes en personas mayores de 5 anos,2004-02-01,0,1,0,1,1
60301,YACUIBA,mortalidad institucional,otras muertes en personas mayores de 5 anos,2004-02-01,1,0,1,0,1
10602,YAMPARAEZ,mortalidad institucional,otras muertes en personas mayores de 5 anos,2004-02-01,2,2,2,2,4
70403,YAPACANI,mortalidad institucional,otras muertes en personas mayores de 5 anos,2004-02-01,1,3,1,3,4
10102,YOTALA,mortalidad institucional,otras muertes en personas mayores de 5 anos,2004-02-01,0,1,0,1,1
60402,YUNCHARA,mortalidad institucional,otras muertes en personas mayores de 5 anos,2004-02-01,0,1,0,1,1
51302,ACACIO,mortalidad institucional,otras muertes en personas mayores de 5 anos,2004-03-01,0,3,0,3,3
20201,ACHACACHI,mortalidad institucional,otras muertes en personas mayores de 5 anos,2004-03-01,0,6,0,6,6
30201,AIQUILE,mortalidad institucional,otras muertes en personas mayores de 5 anos,2004-03-01,0,3,0,3,3
20202,ANCORAIMES,mortalidad institucional,otras muertes en personas mayores de 5 anos,2004-03-01,0,2,0,2,2
41201,ANDAMARCA,mortalidad institucional,otras muertes en personas mayores de 5 anos,2004-03-01,0,2,0,2,2
30402,ANZALDO,mortalidad institucional,otras muertes en personas mayores de 5 anos,2004-03-01,0,1,0,1,1
50802,ATOCHA,mortalidad institucional,otras muertes en personas mayores de 5 anos,2004-03-01,0,1,0,1,1
20503,AUCAPATA,mortalidad institucional,otras muertes en personas mayores de 5 anos,2004-03-01,0,1,0,1,1
30301,AYOPAYA (V. DE INDEPENDENCIA),mortalidad institucional,otras muertes en personas mayores de 5 anos,2004-03-01,0,3,0,3,3
10201,AZURDUY,mortalidad institucional,otras muertes en personas mayores de 5 anos,2004-03-01,0,1,0,1,1
41202,BELEN DE ANDAMARCA,mortalidad institucional,otras muertes en personas mayores de 5 anos,2004-03-01,0,3,0,3,3
60202,BERMEJO,mortalidad institucional,otras muertes en personas mayores de 5 anos,2004-03-01,1,9,1,9,10
50301,BETANZOS,mortalidad institucional,otras muertes en personas mayores de 5 anos,2004-03-01,0,6,0,6,6
70401,BUENA VISTA,mortalidad institucional,otras muertes en personas mayores de 5 anos,2004-03-01,0,2,0,2,2
51102,"CAIZA ""D""",mortalidad institucional,otras muertes en personas mayores de 5 anos,2004-03-01,0,1,0,1,1
70706,CAMIRI,mortalidad institucional,otras muertes en personas mayores de 5 anos,2004-03-01,1,1,1,1,2
30701,CAPINOTA,mortalidad institucional,otras muertes en personas mayores de 5 anos,2004-03-01,0,1,0,1,1
22001,CARANAVI,mortalidad institucional,otras muertes en personas mayores de 5 anos,2004-03-01,2,0,2,0,2
40201,CHALLAPATA,mortalidad institucional,otras muertes en personas mayores de 5 anos,2004-03-01,1,9,1,9,10
50302,CHAQUI,mortalidad institucional,otras muertes en personas mayores de 5 anos,2004-03-01,0,4,0,4,4
50202,CHAYANTA,mortalidad institucional,otras muertes en personas mayores de 5 anos,2004-03-01,0,1,0,1,1
31204,CHIMORE,mortalidad institucional,otras muertes en personas mayores de 5 anos,2004-03-01,0,1,0,1,1
40302,CHOQUE COTA,mortalidad institucional,otras muertes en personas mayores de 5 anos,2004-03-01,0,1,0,1,1
30801,CLIZA,mortalidad institucional,otras muertes en personas mayores de 5 anos,2004-03-01,0,1,0,1,1
90101,COBIJA,mortalidad institucional,otras muertes en personas mayores de 5 anos,2004-03-01,6,0,6,0,6
30101,COCHABAMBA,mortalidad institucional,otras muertes en personas mayores de 5 anos,2004-03-01,84,0,84,0,84
30905,COLCAPIRHUA,mortalidad institucional,otras muertes en personas mayores de 5 anos,2004-03-01,2,0,2,0,2
50901,"COLCHA ""K""",mortalidad institucional,otras muertes en personas mayores de 5 anos,2004-03-01,0,1,0,1,1
31002,COLOMI,mortalidad institucional,otras muertes en personas mayores de 5 anos,2004-03-01,0,4,0,4,4
71301,COMARAPA,mortalidad institucional,otras muertes en personas mayores de 5 anos,2004-03-01,0,2,0,2,2
21701,COPACABANA,mortalidad institucional,otras muertes en personas mayores de 5 anos,2004-03-01,0,3,0,3,3
21402,CORIPATA,mortalidad institucional,otras muertes en personas mayores de 5 anos,2004-03-01,0,1,0,1,1
21401,COROICO,mortalidad institucional,otras muertes en personas mayores de 5 anos,2004-03-01,2,0,2,0,2
40301,CORQUE,mortalidad institucional,otras muertes en personas mayores de 5 anos,2004-03-01,0,1,0,1,1
50601,COTAGAITA,mortalidad institucional,otras muertes en personas mayores de 5 anos,2004-03-01,0,3,0,3,3
70102,COTOCA,mortalidad institucional,otras muertes en personas mayores de 5 anos,2004-03-01,0,4,0,4,4
70704,CUEVO,mortalidad institucional,otras muertes en personas mayores de 5 anos,2004-03-01,0,1,0,1,1
10902,CULPINA,mortalidad institucional,otras muertes en personas mayores de 5 anos,2004-03-01,1,4,1,4,5
20804,DESAGUADERO,mortalidad institucional,otras muertes en personas mayores de 5 anos,2004-03-01,0,2,0,2,2
20105,EL ALTO,mortalidad institucional,otras muertes en personas mayores de 5 anos,2004-03-01,11,12,11,12,23
40103,EL CHORO,mortalidad institucional,otras muertes en personas mayores de 5 anos,2004-03-01,1,1,1,1,2
70105,EL TORNO,mortalidad institucional,otras muertes en personas mayores de 5 anos,2004-03-01,0,3,0,3,3
41101,EUCALIPTUS,mortalidad institucional,otras muertes en personas mayores de 5 anos,2004-03-01,0,3,0,3,3
20602,GUANAY,mortalidad institucional,otras muertes en personas mayores de 5 anos,2004-03-01,0,1,0,1,1
80202,GUAYARAMERIN,mortalidad institucional,otras muertes en personas mayores de 5 anos,2004-03-01,5,0,5,0,5
70705,GUTIERREZ,mortalidad institucional,otras muertes en personas mayores de 5 anos,2004-03-01,0,3,0,3,3
10502,HUACARETA,mortalidad institucional,otras muertes en personas mayores de 5 anos,2004-03-01,0,6,0,6,6
11002,HUACAYA (VILLA DE HUACAYA),mortalidad institucional,otras muertes en personas mayores de 5 anos,2004-03-01,0,3,0,3,3
10304,ICLA,mortalidad institucional,otras muertes en personas mayores de 5 anos,2004-03-01,0,1,0,1,1
10703,INCAHUASI,mortalidad institucional,otras muertes en personas mayores de 5 anos,2004-03-01,1,3,1,3,4
21102,IRUPANA (VILLA DE LANZA),mortalidad institucional,otras muertes en personas mayores de 5 anos,2004-03-01,1,0,1,0,1
20101,LA PAZ,mortalidad institucional,otras muertes en personas mayores de 5 anos,2004-03-01,169,11,169,11,180
70701,LAGUNILLAS,mortalidad institucional,otras muertes en personas mayores de 5 anos,2004-03-01,0,1,0,1,1
21202,LAJA,mortalidad institucional,otras muertes en personas mayores de 5 anos,2004-03-01,0,1,0,1,1
50203,LLALLAGUA,mortalidad institucional,otras muertes en personas mayores de 5 anos,2004-03-01,2,2,2,2,4
80601,LORETO,mortalidad institucional,otras muertes en personas mayores de 5 anos,2004-03-01,0,2,0,2,2
20901,LURIBAY,mortalidad institucional,otras muertes en personas mayores de 5 anos,2004-03-01,0,3,0,3,3
11003,MACHARETI,mortalidad institucional,otras muertes en personas mayores de 5 anos,2004-03-01,0,1,0,1,1
70903,MAIRANA,mortalidad institucional,otras muertes en personas mayores de 5 anos,2004-03-01,0,1,0,1,1
71003,MINEROS,mortalidad institucional,otras muertes en personas mayores de 5 anos,2004-03-01,1,9,1,9,10
20402,MOCOMOCO,mortalidad institucional,otras muertes en personas mayores de 5 anos,2004-03-01,0,4,0,4,4
10501,MONTEAGUDO,mortalidad institucional,otras muertes en personas mayores de 5 anos,2004-03-01,1,3,1,3,4
71001,MONTERO,mortalidad institucional,otras muertes en personas mayores de 5 anos,2004-03-01,0,3,0,3,3
50404,OCURI,mortalidad institucional,otras muertes en personas mayores de 5 anos,2004-03-01,0,1,0,1,1
40101,ORURO,mortalidad institucional,otras muertes en personas mayores de 5 anos,2004-03-01,16,4,16,4,20
10401,PADILLA,mortalidad institucional,otras muertes en personas mayores de 5 anos,2004-03-01,1,0,1,0,1
21104,PALOS BLANCOS,mortalidad institucional,otras muertes en personas mayores de 5 anos,2004-03-01,0,3,0,3,3
70902,PAMPA GRANDE,mortalidad institucional,otras muertes en personas mayores de 5 anos,2004-03-01,0,1,0,1,1
40602,PAZÑA,mortalidad institucional,otras muertes en personas mayores de 5 anos,2004-03-01,0,1,0,1,1
50403,POCOATA,mortalidad institucional,otras muertes en personas mayores de 5 anos,2004-03-01,0,1,0,1,1
40601,POOPO,mortalidad institucional,otras muertes en personas mayores de 5 anos,2004-03-01,0,1,0,1,1
51203,PORCO,mortalidad institucional,otras muertes en personas mayores de 5 anos,2004-03-01,0,1,0,1,1
10103,POROMA,mortalidad institucional,otras muertes en personas mayores de 5 anos,2004-03-01,0,6,0,6,6
70601,PORTACHUELO,mortalidad institucional,otras muertes en personas mayores de 5 anos,2004-03-01,0,2,0,2,2
50101,POTOSI,mortalidad institucional,otras muertes en personas mayores de 5 anos,2004-03-01,15,2,15,2,17
70805,PUCARA,mortalidad institucional,otras muertes en personas mayores de 5 anos,2004-03-01,0,1,0,1,1
20401,PUERTO ACOSTA,mortalidad institucional,otras muertes en personas mayores de 5 anos,2004-03-01,0,2,0,2,2
20403,PUERTO CARABUCO,mortalidad institucional,otras muertes en personas mayores de 5 anos,2004-03-01,1,2,1,2,3
90201,PUERTO RICO,mortalidad institucional,otras muertes en personas mayores de 5 anos,2004-03-01,0,2,0,2,2
31205,PUERTO VILLARROEL,mortalidad institucional,otras muertes en personas mayores de 5 anos,2004-03-01,2,1,2,1,3
51101,PUNA,mortalidad institucional,otras muertes en personas mayores de 5 anos,2004-03-01,0,1,0,1,1
31401,PUNATA,mortalidad institucional,otras muertes en personas mayores de 5 anos,2004-03-01,1,8,1,8,9
30901,QUILLACOLLO,mortalidad institucional,otras muertes en personas mayores de 5 anos,2004-03-01,1,1,1,1,2
21002,QUIME,mortalidad institucional,otras muertes en personas mayores de 5 anos,2004-03-01,0,1,0,1,1
50402,RAVELO,mortalidad institucional,otras muertes en personas mayores de 5 anos,2004-03-01,0,2,0,2,2
80201,RIBERALTA,mortalidad institucional,otras muertes en personas mayores de 5 anos,2004-03-01,6,6,6,6,12
80304,RURRENABAQUE,mortalidad institucional,otras muertes en personas mayores de 5 anos,2004-03-01,1,0,1,0,1
31001,SACABA,mortalidad institucional,otras muertes en personas mayores de 5 anos,2004-03-01,2,3,2,3,5
30404,SACABAMBA,mortalidad institucional,otras muertes en personas mayores de 5 anos,2004-03-01,0,1,0,1,1
50701,SACACA,mortalidad institucional,otras muertes en personas mayores de 5 anos,2004-03-01,0,1,0,1,1
71302,SAIPINA,mortalidad institucional,otras muertes en personas mayores de 5 anos,2004-03-01,1,0,1,0,1
80602,SAN ANDRES,mortalidad institucional,otras muertes en personas mayores de 5 anos,2004-03-01,1,0,1,0,1
80302,SAN BORJA,mortalidad institucional,otras muertes en personas mayores de 5 anos,2004-03-01,1,1,1,1,2
21502,SAN BUENA VENTURA,mortalidad institucional,otras muertes en personas mayores de 5 anos,2004-03-01,1,0,1,0,1
70402,SAN CARLOS,mortalidad institucional,otras muertes en personas mayores de 5 anos,2004-03-01,2,2,2,2,4
80501,SAN IGNACIO,mortalidad institucional,otras muertes en personas mayores de 5 anos,2004-03-01,0,2,0,2,2
70301,SAN IGNACIO DE VELASCO,mortalidad institucional,otras muertes en personas mayores de 5 anos,2004-03-01,1,0,1,0,1
70501,SAN JOSE DE CHIQUITOS,mortalidad institucional,otras muertes en personas mayores de 5 anos,2004-03-01,0,3,0,3,3
60501,SAN LORENZO(TJA),mortalidad institucional,otras muertes en personas mayores de 5 anos,2004-03-01,0,2,0,2,2
10702,SAN LUCAS,mortalidad institucional,otras muertes en personas mayores de 5 anos,2004-03-01,1,1,1,1,2
70302,SAN MIGUEL DE VELASCO,mortalidad institucional,otras muertes en personas mayores de 5 anos,2004-03-01,1,2,1,2,3
51001,SAN PABLO DE LIPEZ,mortalidad institucional,otras muertes en personas mayores de 5 anos,2004-03-01,0,1,0,1,1
70303,SAN RAFAEL,mortalidad institucional,otras muertes en personas mayores de 5 anos,2004-03-01,0,2,0,2,2
80303,SANTA ROSA,mortalidad institucional,otras muertes en personas mayores de 5 anos,2004-03-01,1,2,1,2,3
20902,SAPAHAQUI,mortalidad institucional,otras muertes en personas mayores de 5 anos,2004-03-01,0,1,0,1,1
30902,SIPE SIPE,mortalidad institucional,otras muertes en personas mayores de 5 anos,2004-03-01,0,4,0,4,4
10403,SOPACHUY,mortalidad institucional,otras muertes en personas mayores de 5 anos,2004-03-01,0,1,0,1,1
10101,SUCRE,mortalidad institucional,otras muertes en personas mayores de 5 anos,2004-03-01,36,8,36,8,44
50303,TACOBAMBA,mortalidad institucional,otras muertes en personas mayores de 5 anos,2004-03-01,0,2,0,2,2
30602,TACOPAYA,mortalidad institucional,otras muertes en personas mayores de 5 anos,2004-03-01,0,1,0,1,1
51402,TAHUA,mortalidad institucional,otras muertes en personas mayores de 5 anos,2004-03-01,0,1,0,1,1
10601,TARABUCO,mortalidad institucional,otras muertes en personas mayores de 5 anos,2004-03-01,0,9,0,9,9
60101,TARIJA,mortalidad institucional,otras muertes en personas mayores de 5 anos,2004-03-01,26,7,26,7,33
10202,TARVITA,mortalidad institucional,otras muertes en personas mayores de 5 anos,2004-03-01,0,5,0,5,5
50102,TINGUIPAYA,mortalidad institucional,otras muertes en personas mayores de 5 anos,2004-03-01,0,2,0,2,2
31601,TIRAQUE (CBBA),mortalidad institucional,otras muertes en personas mayores de 5 anos,2004-03-01,1,0,1,0,1
21703,TITO YUPANQUI (PARQUIPUJIO),mortalidad institucional,otras muertes en personas mayores de 5 anos,2004-03-01,0,1,0,1,1
41001,TOLEDO,mortalidad institucional,otras muertes en personas mayores de 5 anos,2004-03-01,1,1,1,1,2
50502,TORO TORO,mortalidad institucional,otras muertes en personas mayores de 5 anos,2004-03-01,1,6,1,6,7
41301,TOTORA(ORR),mortalidad institucional,otras muertes en personas mayores de 5 anos,2004-03-01,0,1,0,1,1
80101,TRINIDAD,mortalidad institucional,otras muertes en personas mayores de 5 anos,2004-03-01,12,9,12,9,21
50801,TUPIZA,mortalidad institucional,otras muertes en personas mayores de 5 anos,2004-03-01,3,3,3,3,6
50201,UNCIA,mortalidad institucional,otras muertes en personas mayores de 5 anos,2004-03-01,4,3,4,3,7
60401,URIONDO (A. CONCEPCION),mortalidad institucional,otras muertes en personas mayores de 5 anos,2004-03-01,0,2,0,2,2
51201,UYUNI,mortalidad institucional,otras muertes en personas mayores de 5 anos,2004-03-01,0,10,0,10,10
70801,VALLEGRANDE,mortalidad institucional,otras muertes en personas mayores de 5 anos,2004-03-01,0,1,0,1,1
20801,VIACHA,mortalidad institucional,otras muertes en personas mayores de 5 anos,2004-03-01,0,1,0,1,1
31302,VILA VILA,mortalidad institucional,otras muertes en personas mayores de 5 anos,2004-03-01,0,1,0,1,1
60303,VILLA MONTES,mortalidad institucional,otras muertes en personas mayores de 5 anos,2004-03-01,3,1,3,1,4
10801,VILLA SERRANO,mortalidad institucional,otras muertes en personas mayores de 5 anos,2004-03-01,0,2,0,2,2
11001,VILLA VACA GUZMAN (MUYUPAMPA),mortalidad institucional,otras muertes en personas mayores de 5 anos,2004-03-01,0,1,0,1,1
51501,VILLAZON,mortalidad institucional,otras muertes en personas mayores de 5 anos,2004-03-01,2,3,2,3,5
50602,VITICHI,mortalidad institucional,otras muertes en personas mayores de 5 anos,2004-03-01,0,1,0,1,1
70201,WARNES,mortalidad institucional,otras muertes en personas mayores de 5 anos,2004-03-01,0,1,0,1,1
60301,YACUIBA,mortalidad institucional,otras muertes en personas mayores de 5 anos,2004-03-01,4,0,4,0,4
10602,YAMPARAEZ,mortalidad institucional,otras muertes en personas mayores de 5 anos,2004-03-01,0,5,0,5,5
70403,YAPACANI,mortalidad institucional,otras muertes en personas mayores de 5 anos,2004-03-01,4,7,4,7,11
10102,YOTALA,mortalidad institucional,otras muertes en personas mayores de 5 anos,2004-03-01,0,8,0,8,8
60402,YUNCHARA,mortalidad institucional,otras muertes en personas mayores de 5 anos,2004-03-01,0,1,0,1,1
51302,ACACIO,mortalidad institucional,otras muertes en personas mayores de 5 anos,2004-04-01,0,2,0,2,2
20201,ACHACACHI,mortalidad institucional,otras muertes en personas mayores de 5 anos,2004-04-01,0,1,0,1,1
20202,ANCORAIMES,mortalidad institucional,otras muertes en personas mayores de 5 anos,2004-04-01,0,1,0,1,1
41201,ANDAMARCA,mortalidad institucional,otras muertes en personas mayores de 5 anos,2004-04-01,0,2,0,2,2
20701,APOLO,mortalidad institucional,otras muertes en personas mayores de 5 anos,2004-04-01,0,2,0,2,2
51301,ARAMPAMPA,mortalidad institucional,otras muertes en personas mayores de 5 anos,2004-04-01,0,1,0,1,1
50802,ATOCHA,mortalidad institucional,otras muertes en personas mayores de 5 anos,2004-04-01,1,1,1,1,2
21303,AYO AYO,mortalidad institucional,otras muertes en personas mayores de 5 anos,2004-04-01,0,2,0,2,2
60202,BERMEJO,mortalidad institucional,otras muertes en personas mayores de 5 anos,2004-04-01,4,4,4,4,8
50301,BETANZOS,mortalidad institucional,otras muertes en personas mayores de 5 anos,2004-04-01,0,9,0,9,9
70707,BOYUIBE,mortalidad institucional,otras muertes en personas mayores de 5 anos,2004-04-01,0,1,0,1,1
70401,BUENA VISTA,mortalidad institucional,otras muertes en personas mayores de 5 anos,2004-04-01,0,1,0,1,1
51102,"CAIZA ""D""",mortalidad institucional,otras muertes en personas mayores de 5 anos,2004-04-01,0,3,0,3,3
10701,CAMARGO,mortalidad institucional,otras muertes en personas mayores de 5 anos,2004-04-01,0,4,0,4,4
70706,CAMIRI,mortalidad institucional,otras muertes en personas mayores de 5 anos,2004-04-01,1,2,1,2,3
30701,CAPINOTA,mortalidad institucional,otras muertes en personas mayores de 5 anos,2004-04-01,0,1,0,1,1
40102,CARACOLLO,mortalidad institucional,otras muertes en personas mayores de 5 anos,2004-04-01,0,1,0,1,1
22001,CARANAVI,mortalidad institucional,otras muertes en personas mayores de 5 anos,2004-04-01,1,0,1,0,1
40201,CHALLAPATA,mortalidad institucional,otras muertes en personas mayores de 5 anos,2004-04-01,0,3,0,3,3
50302,CHAQUI,mortalidad institucional,otras muertes en personas mayores de 5 anos,2004-04-01,0,3,0,3,3
50202,CHAYANTA,mortalidad institucional,otras muertes en personas mayores de 5 anos,2004-04-01,0,1,0,1,1
30101,COCHABAMBA,mortalidad institucional,otras muertes en personas mayores de 5 anos,2004-04-01,68,3,68,3,71
30905,COLCAPIRHUA,mortalidad institucional,otras muertes en personas mayores de 5 anos,2004-04-01,2,0,2,0,2
31002,COLOMI,mortalidad institucional,otras muertes en personas mayores de 5 anos,2004-04-01,0,6,0,6,6
71301,COMARAPA,mortalidad institucional,otras muertes en personas mayores de 5 anos,2004-04-01,1,3,1,3,4
21701,COPACABANA,mortalidad institucional,otras muertes en personas mayores de 5 anos,2004-04-01,0,2,0,2,2
21402,CORIPATA,mortalidad institucional,otras muertes en personas mayores de 5 anos,2004-04-01,1,1,1,1,2
21401,COROICO,mortalidad institucional,otras muertes en personas mayores de 5 anos,2004-04-01,1,3,1,3,4
50601,COTAGAITA,mortalidad institucional,otras muertes en personas mayores de 5 anos,2004-04-01,0,1,0,1,1
70102,COTOCA,mortalidad institucional,otras muertes en personas mayores de 5 anos,2004-04-01,0,3,0,3,3
10902,CULPINA,mortalidad institucional,otras muertes en personas mayores de 5 anos,2004-04-01,0,5,0,5,5
20105,EL ALTO,mortalidad institucional,otras muertes en personas mayores de 5 anos,2004-04-01,6,5,6,5,11
70105,EL TORNO,mortalidad institucional,otras muertes en personas mayores de 5 anos,2004-04-01,0,2,0,2,2
60601,ENTRE RIOS,mortalidad institucional,otras muertes en personas mayores de 5 anos,2004-04-01,1,1,1,1,2
20602,GUANAY,mortalidad institucional,otras muertes en personas mayores de 5 anos,2004-04-01,0,2,0,2,2
80202,GUAYARAMERIN,mortalidad institucional,otras muertes en personas mayores de 5 anos,2004-04-01,3,0,3,0,3
40701,HUANUNI,mortalidad institucional,otras muertes en personas mayores de 5 anos,2004-04-01,0,2,0,2,2
10304,ICLA,mortalidad institucional,otras muertes en personas mayores de 5 anos,2004-04-01,0,3,0,3,3
20101,LA PAZ,mortalidad institucional,otras muertes en personas mayores de 5 anos,2004-04-01,151,16,151,16,167
50203,LLALLAGUA,mortalidad institucional,otras muertes en personas mayores de 5 anos,2004-04-01,0,5,0,5,5
11003,MACHARETI,mortalidad institucional,otras muertes en personas mayores de 5 anos,2004-04-01,0,6,0,6,6
70903,MAIRANA,mortalidad institucional,otras muertes en personas mayores de 5 anos,2004-04-01,0,1,0,1,1
71003,MINEROS,mortalidad institucional,otras muertes en personas mayores de 5 anos,2004-04-01,0,6,0,6,6
31301,MIZQUE,mortalidad institucional,otras muertes en personas mayores de 5 anos,2004-04-01,0,3,0,3,3
20402,MOCOMOCO,mortalidad institucional,otras muertes en personas mayores de 5 anos,2004-04-01,0,2,0,2,2
10501,MONTEAGUDO,mortalidad institucional,otras muertes en personas mayores de 5 anos,2004-04-01,3,2,3,2,5
71001,MONTERO,mortalidad institucional,otras muertes en personas mayores de 5 anos,2004-04-01,0,8,0,8,8
70803,MORO MORO,mortalidad institucional,otras muertes en personas mayores de 5 anos,2004-04-01,0,1,0,1,1
30302,MOROCHATA,mortalidad institucional,otras muertes en personas mayores de 5 anos,2004-04-01,0,1,0,1,1
40101,ORURO,mortalidad institucional,otras muertes en personas mayores de 5 anos,2004-04-01,10,6,10,6,16
60201,PADCAYA,mortalidad institucional,otras muertes en personas mayores de 5 anos,2004-04-01,0,2,0,2,2
10401,PADILLA,mortalidad institucional,otras muertes en personas mayores de 5 anos,2004-04-01,0,1,0,1,1
21104,PALOS BLANCOS,mortalidad institucional,otras muertes en personas mayores de 5 anos,2004-04-01,0,2,0,2,2
21305,PATACAMAYA,mortalidad institucional,otras muertes en personas mayores de 5 anos,2004-04-01,1,0,1,0,1
10103,POROMA,mortalidad institucional,otras muertes en personas mayores de 5 anos,2004-04-01,0,1,0,1,1
70601,PORTACHUELO,mortalidad institucional,otras muertes en personas mayores de 5 anos,2004-04-01,2,0,2,0,2
50101,POTOSI,mortalidad institucional,otras muertes en personas mayores de 5 anos,2004-04-01,16,0,16,0,16
20401,PUERTO ACOSTA,mortalidad institucional,otras muertes en personas mayores de 5 anos,2004-04-01,0,4,0,4,4
20403,PUERTO CARABUCO,mortalidad institucional,otras muertes en personas mayores de 5 anos,2004-04-01,0,3,0,3,3
71401,PUERTO SUAREZ,mortalidad institucional,otras muertes en personas mayores de 5 anos,2004-04-01,0,2,0,2,2
31205,PUERTO VILLARROEL,mortalidad institucional,otras muertes en personas mayores de 5 anos,2004-04-01,1,4,1,4,5
51101,PUNA,mortalidad institucional,otras muertes en personas mayores de 5 anos,2004-04-01,0,1,0,1,1
31401,PUNATA,mortalidad institucional,otras muertes en personas mayores de 5 anos,2004-04-01,0,6,0,6,6
70904,QUIRUSILLAS,mortalidad institucional,otras muertes en personas mayores de 5 anos,2004-04-01,0,1,0,1,1
80201,RIBERALTA,mortalidad institucional,otras muertes en personas mayores de 5 anos,2004-04-01,7,6,7,6,13
70503,ROBORE,mortalidad institucional,otras muertes en personas mayores de 5 anos,2004-04-01,1,0,1,0,1
31001,SACABA,mortalidad institucional,otras muertes en personas mayores de 5 anos,2004-04-01,0,2,0,2,2
50701,SACACA,mortalidad institucional,otras muertes en personas mayores de 5 anos,2004-04-01,0,1,0,1,1
71302,SAIPINA,mortalidad institucional,otras muertes en personas mayores de 5 anos,2004-04-01,0,3,0,3,3
80602,SAN ANDRES,mortalidad institucional,otras muertes en personas mayores de 5 anos,2004-04-01,1,0,1,0,1
70402,SAN CARLOS,mortalidad institucional,otras muertes en personas mayores de 5 anos,2004-04-01,1,6,1,6,7
80501,SAN IGNACIO,mortalidad institucional,otras muertes en personas mayores de 5 anos,2004-04-01,1,10,1,10,11
70301,SAN IGNACIO DE VELASCO,mortalidad institucional,otras muertes en personas mayores de 5 anos,2004-04-01,2,2,2,2,4
80701,SAN JOAQUIN,mortalidad institucional,otras muertes en personas mayores de 5 anos,2004-04-01,0,2,0,2,2
71104,SAN JULIAN,mortalidad institucional,otras muertes en personas mayores de 5 anos,2004-04-01,1,2,1,2,3
60501,SAN LORENZO(TJA),mortalidad institucional,otras muertes en personas mayores de 5 anos,2004-04-01,0,1,0,1,1
10702,SAN LUCAS,mortalidad institucional,otras muertes en personas mayores de 5 anos,2004-04-01,0,1,0,1,1
70302,SAN MIGUEL DE VELASCO,mortalidad institucional,otras muertes en personas mayores de 5 anos,2004-04-01,0,2,0,2,2
50501,SAN PEDRO DE BUENA VISTA,mortalidad institucional,otras muertes en personas mayores de 5 anos,2004-04-01,0,7,0,7,7
21702,SAN PEDRO DE TIQUINA,mortalidad institucional,otras muertes en personas mayores de 5 anos,2004-04-01,0,2,0,2,2
80401,SANTA ANA,mortalidad institucional,otras muertes en personas mayores de 5 anos,2004-04-01,1,0,1,0,1
30703,SICAYA,mortalidad institucional,otras muertes en personas mayores de 5 anos,2004-04-01,0,1,0,1,1
20601,SORATA,mortalidad institucional,otras muertes en personas mayores de 5 anos,2004-04-01,1,1,1,1,2
10101,SUCRE,mortalidad institucional,otras muertes en personas mayores de 5 anos,2004-04-01,28,9,28,9,37
31101,TAPACARI,mortalidad institucional,otras muertes en personas mayores de 5 anos,2004-04-01,0,1,0,1,1
10601,TARABUCO,mortalidad institucional,otras muertes en personas mayores de 5 anos,2004-04-01,0,7,0,7,7
60101,TARIJA,mortalidad institucional,otras muertes en personas mayores de 5 anos,2004-04-01,26,9,26,9,35
10202,TARVITA,mortalidad institucional,otras muertes en personas mayores de 5 anos,2004-04-01,0,3,0,3,3
70802,TRIGAL,mortalidad institucional,otras muertes en personas mayores de 5 anos,2004-04-01,0,1,0,1,1
80101,TRINIDAD,mortalidad institucional,otras muertes en personas mayores de 5 anos,2004-04-01,15,3,15,3,18
50801,TUPIZA,mortalidad institucional,otras muertes en personas mayores de 5 anos,2004-04-01,2,0,2,0,2
50201,UNCIA,mortalidad institucional,otras muertes en personas mayores de 5 anos,2004-04-01,9,0,9,0,9
51201,UYUNI,mortalidad institucional,otras muertes en personas mayores de 5 anos,2004-04-01,0,8,0,8,8
70801,VALLEGRANDE,mortalidad institucional,otras muertes en personas mayores de 5 anos,2004-04-01,0,1,0,1,1
20801,VIACHA,mortalidad institucional,otras muertes en personas mayores de 5 anos,2004-04-01,0,4,0,4,4
60303,VILLA MONTES,mortalidad institucional,otras muertes en personas mayores de 5 anos,2004-04-01,3,0,3,0,3
31402,VILLA RIVERO,mortalidad institucional,otras muertes en personas mayores de 5 anos,2004-04-01,0,1,0,1,1
10801,VILLA SERRANO,mortalidad institucional,otras muertes en personas mayores de 5 anos,2004-04-01,2,0,2,0,2
31003,VILLA TUNARI,mortalidad institucional,otras muertes en personas mayores de 5 anos,2004-04-01,1,0,1,0,1
51501,VILLAZON,mortalidad institucional,otras muertes en personas mayores de 5 anos,2004-04-01,0,24,0,24,24
50602,VITICHI,mortalidad institucional,otras muertes en personas mayores de 5 anos,2004-04-01,0,2,0,2,2
70201,WARNES,mortalidad institucional,otras muertes en personas mayores de 5 anos,2004-04-01,0,1,0,1,1
20903,YACO,mortalidad institucional,otras muertes en personas mayores de 5 anos,2004-04-01,0,2,0,2,2
60301,YACUIBA,mortalidad institucional,otras muertes en personas mayores de 5 anos,2004-04-01,2,2,2,2,4
10602,YAMPARAEZ,mortalidad institucional,otras muertes en personas mayores de 5 anos,2004-04-01,0,3,0,3,3
70403,YAPACANI,mortalidad institucional,otras muertes en personas mayores de 5 anos,2004-04-01,0,4,0,4,4
50103,YOCALLA,mortalidad institucional,otras muertes en personas mayores de 5 anos,2004-04-01,0,1,0,1,1
10102,YOTALA,mortalidad institucional,otras muertes en personas mayores de 5 anos,2004-04-01,0,3,0,3,3
60402,YUNCHARA,mortalidad institucional,otras muertes en personas mayores de 5 anos,2004-04-01,0,1,0,1,1
51302,ACACIO,mortalidad institucional,otras muertes en personas mayores de 5 anos,2004-05-01,0,1,0,1,1
31303,ALALAY,mortalidad institucional,otras muertes en personas mayores de 5 anos,2004-05-01,0,3,0,3,3
41201,ANDAMARCA,mortalidad institucional,otras muertes en personas mayores de 5 anos,2004-05-01,0,3,0,3,3
50802,ATOCHA,mortalidad institucional,otras muertes en personas mayores de 5 anos,2004-05-01,1,0,1,0,1
10201,AZURDUY,mortalidad institucional,otras muertes en personas mayores de 5 anos,2004-05-01,1,2,1,2,3
41202,BELEN DE ANDAMARCA,mortalidad institucional,otras muertes en personas mayores de 5 anos,2004-05-01,0,2,0,2,2
90104,BELLA FLOR,mortalidad institucional,otras muertes en personas mayores de 5 anos,2004-05-01,0,3,0,3,3
60202,BERMEJO,mortalidad institucional,otras muertes en personas mayores de 5 anos,2004-05-01,2,3,2,3,5
50301,BETANZOS,mortalidad institucional,otras muertes en personas mayores de 5 anos,2004-05-01,1,10,1,10,11
70401,BUENA VISTA,mortalidad institucional,otras muertes en personas mayores de 5 anos,2004-05-01,1,0,1,0,1
51102,"CAIZA ""D""",mortalidad institucional,otras muertes en personas mayores de 5 anos,2004-05-01,1,0,1,0,1
10701,CAMARGO,mortalidad institucional,otras muertes en personas mayores de 5 anos,2004-05-01,0,3,0,3,3
70706,CAMIRI,mortalidad institucional,otras muertes en personas mayores de 5 anos,2004-05-01,6,0,6,0,6
22001,CARANAVI,mortalidad institucional,otras muertes en personas mayores de 5 anos,2004-05-01,2,5,2,5,7
40201,CHALLAPATA,mortalidad institucional,otras muertes en personas mayores de 5 anos,2004-05-01,1,2,1,2,3
50302,CHAQUI,mortalidad institucional,otras muertes en personas mayores de 5 anos,2004-05-01,0,3,0,3,3
20305,CHARAÑA,mortalidad institucional,otras muertes en personas mayores de 5 anos,2004-05-01,0,1,0,1,1
30101,COCHABAMBA,mortalidad institucional,otras muertes en personas mayores de 5 anos,2004-05-01,80,0,80,0,80
30905,COLCAPIRHUA,mortalidad institucional,otras muertes en personas mayores de 5 anos,2004-05-01,2,0,2,0,2
31002,COLOMI,mortalidad institucional,otras muertes en personas mayores de 5 anos,2004-05-01,0,4,0,4,4
71301,COMARAPA,mortalidad institucional,otras muertes en personas mayores de 5 anos,2004-05-01,1,0,1,0,1
21701,COPACABANA,mortalidad institucional,otras muertes en personas mayores de 5 anos,2004-05-01,0,2,0,2,2
21401,COROICO,mortalidad institucional,otras muertes en personas mayores de 5 anos,2004-05-01,1,1,1,1,2
40301,CORQUE,mortalidad institucional,otras muertes en personas mayores de 5 anos,2004-05-01,0,1,0,1,1
70102,COTOCA,mortalidad institucional,otras muertes en personas mayores de 5 anos,2004-05-01,0,2,0,2,2
70704,CUEVO,mortalidad institucional,otras muertes en personas mayores de 5 anos,2004-05-01,0,1,0,1,1
10902,CULPINA,mortalidad institucional,otras muertes en personas mayores de 5 anos,2004-05-01,0,2,0,2,2
20804,DESAGUADERO,mortalidad institucional,otras muertes en personas mayores de 5 anos,2004-05-01,0,8,0,8,8
20105,EL ALTO,mortalidad institucional,otras muertes en personas mayores de 5 anos,2004-05-01,12,5,12,5,17
71503,EL PUENTE(STC),mortalidad institucional,otras muertes en personas mayores de 5 anos,2004-05-01,0,1,0,1,1
70105,EL TORNO,mortalidad institucional,otras muertes en personas mayores de 5 anos,2004-05-01,0,1,0,1,1
10405,EL VILLAR,mortalidad institucional,otras muertes en personas mayores de 5 anos,2004-05-01,0,1,0,1,1
60601,ENTRE RIOS,mortalidad institucional,otras muertes en personas mayores de 5 anos,2004-05-01,0,1,0,1,1
20602,GUANAY,mortalidad institucional,otras muertes en personas mayores de 5 anos,2004-05-01,2,0,2,0,2
80202,GUAYARAMERIN,mortalidad institucional,otras muertes en personas mayores de 5 anos,2004-05-01,1,0,1,0,1
70705,GUTIERREZ,mortalidad institucional,otras muertes en personas mayores de 5 anos,2004-05-01,0,2,0,2,2
40701,HUANUNI,mortalidad institucional,otras muertes en personas mayores de 5 anos,2004-05-01,0,5,0,5,5
10304,ICLA,mortalidad institucional,otras muertes en personas mayores de 5 anos,2004-05-01,0,5,0,5,5
10703,INCAHUASI,mortalidad institucional,otras muertes en personas mayores de 5 anos,2004-05-01,0,1,0,1,1
21102,IRUPANA (VILLA DE LANZA),mortalidad institucional,otras muertes en personas mayores de 5 anos,2004-05-01,0,1,0,1,1
21501,IXIAMAS,mortalidad institucional,otras muertes en personas mayores de 5 anos,2004-05-01,0,5,0,5,5
20101,LA PAZ,mortalidad institucional,otras muertes en personas mayores de 5 anos,2004-05-01,130,15,130,15,145
70701,LAGUNILLAS,mortalidad institucional,otras muertes en personas mayores de 5 anos,2004-05-01,0,2,0,2,2
21202,LAJA,mortalidad institucional,otras muertes en personas mayores de 5 anos,2004-05-01,0,1,0,1,1
10903,LAS CARRERAS,mortalidad institucional,otras muertes en personas mayores de 5 anos,2004-05-01,0,1,0,1,1
50203,LLALLAGUA,mortalidad institucional,otras muertes en personas mayores de 5 anos,2004-05-01,1,2,1,2,3
11003,MACHARETI,mortalidad institucional,otras muertes en personas mayores de 5 anos,2004-05-01,1,0,1,0,1
70903,MAIRANA,mortalidad institucional,otras muertes en personas mayores de 5 anos,2004-05-01,0,2,0,2,2
71003,MINEROS,mortalidad institucional,otras muertes en personas mayores de 5 anos,2004-05-01,0,3,0,3,3
31301,MIZQUE,mortalidad institucional,otras muertes en personas mayores de 5 anos,2004-05-01,0,4,0,4,4
20402,MOCOMOCO,mortalidad institucional,otras muertes en personas mayores de 5 anos,2004-05-01,0,2,0,2,2
10501,MONTEAGUDO,mortalidad institucional,otras muertes en personas mayores de 5 anos,2004-05-01,2,3,2,3,5
71001,MONTERO,mortalidad institucional,otras muertes en personas mayores de 5 anos,2004-05-01,0,7,0,7,7
40101,ORURO,mortalidad institucional,otras muertes en personas mayores de 5 anos,2004-05-01,18,6,18,6,24
10401,PADILLA,mortalidad institucional,otras muertes en personas mayores de 5 anos,2004-05-01,1,0,1,0,1
50403,POCOATA,mortalidad institucional,otras muertes en personas mayores de 5 anos,2004-05-01,0,1,0,1,1
40601,POOPO,mortalidad institucional,otras muertes en personas mayores de 5 anos,2004-05-01,0,1,0,1,1
70601,PORTACHUELO,mortalidad institucional,otras muertes en personas mayores de 5 anos,2004-05-01,0,2,0,2,2
50101,POTOSI,mortalidad institucional,otras muertes en personas mayores de 5 anos,2004-05-01,16,3,16,3,19
10302,PRESTO,mortalidad institucional,otras muertes en personas mayores de 5 anos,2004-05-01,0,1,0,1,1
20401,PUERTO ACOSTA,mortalidad institucional,otras muertes en personas mayores de 5 anos,2004-05-01,0,5,0,5,5
20403,PUERTO CARABUCO,mortalidad institucional,otras muertes en personas mayores de 5 anos,2004-05-01,0,3,0,3,3
90301,PUERTO GONZALO MORENO,mortalidad institucional,otras muertes en personas mayores de 5 anos,2004-05-01,0,1,0,1,1
71401,PUERTO SUAREZ,mortalidad institucional,otras muertes en personas mayores de 5 anos,2004-05-01,1,2,1,2,3
31205,PUERTO VILLARROEL,mortalidad institucional,otras muertes en personas mayores de 5 anos,2004-05-01,0,5,0,5,5
51101,PUNA,mortalidad institucional,otras muertes en personas mayores de 5 anos,2004-05-01,0,2,0,2,2
31401,PUNATA,mortalidad institucional,otras muertes en personas mayores de 5 anos,2004-05-01,2,6,2,6,8
30901,QUILLACOLLO,mortalidad institucional,otras muertes en personas mayores de 5 anos,2004-05-01,1,0,1,0,1
80301,REYES,mortalidad institucional,otras muertes en personas mayores de 5 anos,2004-05-01,0,2,0,2,2
80201,RIBERALTA,mortalidad institucional,otras muertes en personas mayores de 5 anos,2004-05-01,7,4,7,4,11
70503,ROBORE,mortalidad institucional,otras muertes en personas mayores de 5 anos,2004-05-01,0,2,0,2,2
31001,SACABA,mortalidad institucional,otras muertes en personas mayores de 5 anos,2004-05-01,1,2,1,2,3
30404,SACABAMBA,mortalidad institucional,otras muertes en personas mayores de 5 anos,2004-05-01,0,1,0,1,1
50701,SACACA,mortalidad institucional,otras muertes en personas mayores de 5 anos,2004-05-01,0,2,0,2,2
71302,SAIPINA,mortalidad institucional,otras muertes en personas mayores de 5 anos,2004-05-01,0,2,0,2,2
80302,SAN BORJA,mortalidad institucional,otras muertes en personas mayores de 5 anos,2004-05-01,2,2,2,2,4
80501,SAN IGNACIO,mortalidad institucional,otras muertes en personas mayores de 5 anos,2004-05-01,2,1,2,1,3
70301,SAN IGNACIO DE VELASCO,mortalidad institucional,otras muertes en personas mayores de 5 anos,2004-05-01,0,1,0,1,1
70501,SAN JOSE DE CHIQUITOS,mortalidad institucional,otras muertes en personas mayores de 5 anos,2004-05-01,0,2,0,2,2
10702,SAN LUCAS,mortalidad institucional,otras muertes en personas mayores de 5 anos,2004-05-01,1,2,1,2,3
70302,SAN MIGUEL DE VELASCO,mortalidad institucional,otras muertes en personas mayores de 5 anos,2004-05-01,0,3,0,3,3
50501,SAN PEDRO DE BUENA VISTA,mortalidad institucional,otras muertes en personas mayores de 5 anos,2004-05-01,0,1,0,1,1
21801,SAN PEDRO DE CURAHUARA,mortalidad institucional,otras muertes en personas mayores de 5 anos,2004-05-01,0,1,0,1,1
80401,SANTA ANA,mortalidad institucional,otras muertes en personas mayores de 5 anos,2004-05-01,2,0,2,0,2
70101,SANTA CRUZ DE LA SIERRA,mortalidad institucional,otras muertes en personas mayores de 5 anos,2004-05-01,6,0,6,0,6
41401,SANTIAGO DE HUARI,mortalidad institucional,otras muertes en personas mayores de 5 anos,2004-05-01,0,1,0,1,1
21301,SICA SICA (VILLA AROMA),mortalidad institucional,otras muertes en personas mayores de 5 anos,2004-05-01,0,4,0,4,4
30703,SICAYA,mortalidad institucional,otras muertes en personas mayores de 5 anos,2004-05-01,0,1,0,1,1
30902,SIPE SIPE,mortalidad institucional,otras muertes en personas mayores de 5 anos,2004-05-01,1,1,1,1,2
10403,SOPACHUY,mortalidad institucional,otras muertes en personas mayores de 5 anos,2004-05-01,0,1,0,1,1
10101,SUCRE,mortalidad institucional,otras muertes en personas mayores de 5 anos,2004-05-01,25,3,25,3,28
30602,TACOPAYA,mortalidad institucional,otras muertes en personas mayores de 5 anos,2004-05-01,0,1,0,1,1
31101,TAPACARI,mortalidad institucional,otras muertes en personas mayores de 5 anos,2004-05-01,0,1,0,1,1
10601,TARABUCO,mortalidad institucional,otras muertes en personas mayores de 5 anos,2004-05-01,2,15,2,15,17
60101,TARIJA,mortalidad institucional,otras muertes en personas mayores de 5 anos,2004-05-01,38,7,38,7,45
20606,TIPUANI,mortalidad institucional,otras muertes en personas mayores de 5 anos,2004-05-01,0,1,0,1,1
51202,TOMAVE,mortalidad institucional,otras muertes en personas mayores de 5 anos,2004-05-01,0,4,0,4,4
50502,TORO TORO,mortalidad institucional,otras muertes en personas mayores de 5 anos,2004-05-01,0,3,0,3,3
80101,TRINIDAD,mortalidad institucional,otras muertes en personas mayores de 5 anos,2004-05-01,5,6,5,6,11
50801,TUPIZA,mortalidad institucional,otras muertes en personas mayores de 5 anos,2004-05-01,1,1,1,1,2
50201,UNCIA,mortalidad institucional,otras muertes en personas mayores de 5 anos,2004-05-01,3,2,3,2,5
51201,UYUNI,mortalidad institucional,otras muertes en personas mayores de 5 anos,2004-05-01,0,9,0,9,9
70801,VALLEGRANDE,mortalidad institucional,otras muertes en personas mayores de 5 anos,2004-05-01,0,1,0,1,1
20801,VIACHA,mortalidad institucional,otras muertes en personas mayores de 5 anos,2004-05-01,0,2,0,2,2
31302,VILA VILA,mortalidad institucional,otras muertes en personas mayores de 5 anos,2004-05-01,0,1,0,1,1
60303,VILLA MONTES,mortalidad institucional,otras muertes en personas mayores de 5 anos,2004-05-01,3,0,3,0,3
31402,VILLA RIVERO,mortalidad institucional,otras muertes en personas mayores de 5 anos,2004-05-01,0,1,0,1,1
31003,VILLA TUNARI,mortalidad institucional,otras muertes en personas mayores de 5 anos,2004-05-01,1,0,1,0,1
51501,VILLAZON,mortalidad institucional,otras muertes en personas mayores de 5 anos,2004-05-01,3,2,3,2,5
50602,VITICHI,mortalidad institucional,otras muertes en personas mayores de 5 anos,2004-05-01,0,4,0,4,4
70201,WARNES,mortalidad institucional,otras muertes en personas mayores de 5 anos,2004-05-01,0,1,0,1,1
60301,YACUIBA,mortalidad institucional,otras muertes en personas mayores de 5 anos,2004-05-01,4,0,4,0,4
10602,YAMPARAEZ,mortalidad institucional,otras muertes en personas mayores de 5 anos,2004-05-01,1,4,1,4,5
70403,YAPACANI,mortalidad institucional,otras muertes en personas mayores de 5 anos,2004-05-01,0,3,0,3,3
10102,YOTALA,mortalidad institucional,otras muertes en personas mayores de 5 anos,2004-05-01,0,1,0,1,1
51302,ACACIO,mortalidad institucional,otras muertes en personas mayores de 5 anos,2004-06-01,0,1,0,1,1
20201,ACHACACHI,mortalidad institucional,otras muertes en personas mayores de 5 anos,2004-06-01,0,1,0,1,1
10404,ALCALA,mortalidad institucional,otras muertes en personas mayores de 5 anos,2004-06-01,0,5,0,5,5
41201,ANDAMARCA,mortalidad institucional,otras muertes en personas mayores de 5 anos,2004-06-01,0,4,0,4,4
20503,AUCAPATA,mortalidad institucional,otras muertes en personas mayores de 5 anos,2004-06-01,0,2,0,2,2
10201,AZURDUY,mortalidad institucional,otras muertes en personas mayores de 5 anos,2004-06-01,1,0,1,0,1
60202,BERMEJO,mortalidad institucional,otras muertes en personas mayores de 5 anos,2004-06-01,0,3,0,3,3
50301,BETANZOS,mortalidad institucional,otras muertes en personas mayores de 5 anos,2004-06-01,1,8,1,8,9
70401,BUENA VISTA,mortalidad institucional,otras muertes en personas mayores de 5 anos,2004-06-01,0,4,0,4,4
70703,CABEZAS,mortalidad institucional,otras muertes en personas mayores de 5 anos,2004-06-01,0,1,0,1,1
21304,CALAMARCA,mortalidad institucional,otras muertes en personas mayores de 5 anos,2004-06-01,0,1,0,1,1
10701,CAMARGO,mortalidad institucional,otras muertes en personas mayores de 5 anos,2004-06-01,1,1,1,1,2
70706,CAMIRI,mortalidad institucional,otras muertes en personas mayores de 5 anos,2004-06-01,2,0,2,0,2
30701,CAPINOTA,mortalidad institucional,otras muertes en personas mayores de 5 anos,2004-06-01,0,1,0,1,1
40201,CHALLAPATA,mortalidad institucional,otras muertes en personas mayores de 5 anos,2004-06-01,0,3,0,3,3
50302,CHAQUI,mortalidad institucional,otras muertes en personas mayores de 5 anos,2004-06-01,0,3,0,3,3
70702,CHARAGUA,mortalidad institucional,otras muertes en personas mayores de 5 anos,2004-06-01,0,2,0,2,2
50202,CHAYANTA,mortalidad institucional,otras muertes en personas mayores de 5 anos,2004-06-01,0,3,0,3,3
90101,COBIJA,mortalidad institucional,otras muertes en personas mayores de 5 anos,2004-06-01,2,0,2,0,2
30101,COCHABAMBA,mortalidad institucional,otras muertes en personas mayores de 5 anos,2004-06-01,89,1,89,1,90
30905,COLCAPIRHUA,mortalidad institucional,otras muertes en personas mayores de 5 anos,2004-06-01,2,0,2,0,2
50901,"COLCHA ""K""",mortalidad institucional,otras muertes en personas mayores de 5 anos,2004-06-01,0,2,0,2,2
31002,COLOMI,mortalidad institucional,otras muertes en personas mayores de 5 anos,2004-06-01,0,1,0,1,1
50401,COLQUECHACA,mortalidad institucional,otras muertes en personas mayores de 5 anos,2004-06-01,0,107,0,107,107
71301,COMARAPA,mortalidad institucional,otras muertes en personas mayores de 5 anos,2004-06-01,2,1,2,1,3
71101,CONCEPCION,mortalidad institucional,otras muertes en personas mayores de 5 anos,2004-06-01,1,0,1,0,1
21701,COPACABANA,mortalidad institucional,otras muertes en personas mayores de 5 anos,2004-06-01,1,0,1,0,1
21402,CORIPATA,mortalidad institucional,otras muertes en personas mayores de 5 anos,2004-06-01,1,0,1,0,1
40301,CORQUE,mortalidad institucional,otras muertes en personas mayores de 5 anos,2004-06-01,0,5,0,5,5
50601,COTAGAITA,mortalidad institucional,otras muertes en personas mayores de 5 anos,2004-06-01,0,2,0,2,2
70102,COTOCA,mortalidad institucional,otras muertes en personas mayores de 5 anos,2004-06-01,0,4,0,4,4
70704,CUEVO,mortalidad institucional,otras muertes en personas mayores de 5 anos,2004-06-01,0,1,0,1,1
10902,CULPINA,mortalidad institucional,otras muertes en personas mayores de 5 anos,2004-06-01,0,1,0,1,1
20105,EL ALTO,mortalidad institucional,otras muertes en personas mayores de 5 anos,2004-06-01,6,4,6,4,10
40103,EL CHORO,mortalidad institucional,otras muertes en personas mayores de 5 anos,2004-06-01,0,2,0,2,2
60601,ENTRE RIOS,mortalidad institucional,otras muertes en personas mayores de 5 anos,2004-06-01,0,2,0,2,2
41101,EUCALIPTUS,mortalidad institucional,otras muertes en personas mayores de 5 anos,2004-06-01,0,1,0,1,1
21601,GRAL. J.J. PEREZ (CHARAZANI),mortalidad institucional,otras muertes en personas mayores de 5 anos,2004-06-01,0,1,0,1,1
80202,GUAYARAMERIN,mortalidad institucional,otras muertes en personas mayores de 5 anos,2004-06-01,1,0,1,0,1
70705,GUTIERREZ,mortalidad institucional,otras muertes en personas mayores de 5 anos,2004-06-01,0,2,0,2,2
11002,HUACAYA (VILLA DE HUACAYA),mortalidad institucional,otras muertes en personas mayores de 5 anos,2004-06-01,0,2,0,2,2
40701,HUANUNI,mortalidad institucional,otras muertes en personas mayores de 5 anos,2004-06-01,0,1,0,1,1
10304,ICLA,mortalidad institucional,otras muertes en personas mayores de 5 anos,2004-06-01,1,0,1,0,1
10703,INCAHUASI,mortalidad institucional,otras muertes en personas mayores de 5 anos,2004-06-01,0,4,0,4,4
20101,LA PAZ,mortalidad institucional,otras muertes en personas mayores de 5 anos,2004-06-01,168,2,168,2,170
70701,LAGUNILLAS,mortalidad institucional,otras muertes en personas mayores de 5 anos,2004-06-01,0,1,0,1,1
50203,LLALLAGUA,mortalidad institucional,otras muertes en personas mayores de 5 anos,2004-06-01,5,9,5,9,14
20901,LURIBAY,mortalidad institucional,otras muertes en personas mayores de 5 anos,2004-06-01,0,3,0,3,3
11003,MACHARETI,mortalidad institucional,otras muertes en personas mayores de 5 anos,2004-06-01,0,1,0,1,1
71003,MINEROS,mortalidad institucional,otras muertes en personas mayores de 5 anos,2004-06-01,2,1,2,1,3
31301,MIZQUE,mortalidad institucional,otras muertes en personas mayores de 5 anos,2004-06-01,1,22,1,22,23
20402,MOCOMOCO,mortalidad institucional,otras muertes en personas mayores de 5 anos,2004-06-01,0,2,0,2,2
10501,MONTEAGUDO,mortalidad institucional,otras muertes en personas mayores de 5 anos,2004-06-01,4,4,4,4,8
71001,MONTERO,mortalidad institucional,otras muertes en personas mayores de 5 anos,2004-06-01,1,8,1,8,9
30302,MOROCHATA,mortalidad institucional,otras muertes en personas mayores de 5 anos,2004-06-01,0,1,0,1,1
50404,OCURI,mortalidad institucional,otras muertes en personas mayores de 5 anos,2004-06-01,0,1,0,1,1
40101,ORURO,mortalidad institucional,otras muertes en personas mayores de 5 anos,2004-06-01,9,5,9,5,14
10401,PADILLA,mortalidad institucional,otras muertes en personas mayores de 5 anos,2004-06-01,1,0,1,0,1
21104,PALOS BLANCOS,mortalidad institucional,otras muertes en personas mayores de 5 anos,2004-06-01,0,3,0,3,3
70902,PAMPA GRANDE,mortalidad institucional,otras muertes en personas mayores de 5 anos,2004-06-01,0,2,0,2,2
21802,PAPEL PAMPA,mortalidad institucional,otras muertes en personas mayores de 5 anos,2004-06-01,1,0,1,0,1
20702,PELECHUCO,mortalidad institucional,otras muertes en personas mayores de 5 anos,2004-06-01,0,1,0,1,1
51203,PORCO,mortalidad institucional,otras muertes en personas mayores de 5 anos,2004-06-01,0,1,0,1,1
10103,POROMA,mortalidad institucional,otras muertes en personas mayores de 5 anos,2004-06-01,0,1,0,1,1
70601,PORTACHUELO,mortalidad institucional,otras muertes en personas mayores de 5 anos,2004-06-01,0,3,0,3,3
50101,POTOSI,mortalidad institucional,otras muertes en personas mayores de 5 anos,2004-06-01,21,0,21,0,21
10302,PRESTO,mortalidad institucional,otras muertes en personas mayores de 5 anos,2004-06-01,0,1,0,1,1
20401,PUERTO ACOSTA,mortalidad institucional,otras muertes en personas mayores de 5 anos,2004-06-01,1,2,1,2,3
20403,PUERTO CARABUCO,mortalidad institucional,otras muertes en personas mayores de 5 anos,2004-06-01,1,2,1,2,3
90301,PUERTO GONZALO MORENO,mortalidad institucional,otras muertes en personas mayores de 5 anos,2004-06-01,0,1,0,1,1
71402,PUERTO QUIJARRO,mortalidad institucional,otras muertes en personas mayores de 5 anos,2004-06-01,0,1,0,1,1
31205,PUERTO VILLARROEL,mortalidad institucional,otras muertes en personas mayores de 5 anos,2004-06-01,0,1,0,1,1
51101,PUNA,mortalidad institucional,otras muertes en personas mayores de 5 anos,2004-06-01,0,3,0,3,3
31401,PUNATA,mortalidad institucional,otras muertes en personas mayores de 5 anos,2004-06-01,4,9,4,9,13
30901,QUILLACOLLO,mortalidad institucional,otras muertes en personas mayores de 5 anos,2004-06-01,2,0,2,0,2
50402,RAVELO,mortalidad institucional,otras muertes en personas mayores de 5 anos,2004-06-01,0,3,0,3,3
80301,REYES,mortalidad institucional,otras muertes en personas mayores de 5 anos,2004-06-01,3,1,3,1,4
80201,RIBERALTA,mortalidad institucional,otras muertes en personas mayores de 5 anos,2004-06-01,5,13,5,13,18
70503,ROBORE,mortalidad institucional,otras muertes en personas mayores de 5 anos,2004-06-01,0,1,0,1,1
31001,SACABA,mortalidad institucional,otras muertes en personas mayores de 5 anos,2004-06-01,0,3,0,3,3
30404,SACABAMBA,mortalidad institucional,otras muertes en personas mayores de 5 anos,2004-06-01,0,2,0,2,2
50701,SACACA,mortalidad institucional,otras muertes en personas mayores de 5 anos,2004-06-01,0,3,0,3,3
71302,SAIPINA,mortalidad institucional,otras muertes en personas mayores de 5 anos,2004-06-01,0,4,0,4,4
80602,SAN ANDRES,mortalidad institucional,otras muertes en personas mayores de 5 anos,2004-06-01,0,1,0,1,1
70402,SAN CARLOS,mortalidad institucional,otras muertes en personas mayores de 5 anos,2004-06-01,2,0,2,0,2
80501,SAN IGNACIO,mortalidad institucional,otras muertes en personas mayores de 5 anos,2004-06-01,1,1,1,1,2
70301,SAN IGNACIO DE VELASCO,mortalidad institucional,otras muertes en personas mayores de 5 anos,2004-06-01,6,2,6,2,8
80102,SAN JAVIER(BNI),mortalidad institucional,otras muertes en personas mayores de 5 anos,2004-06-01,0,1,0,1,1
71102,SAN JAVIER(STC),mortalidad institucional,otras muertes en personas mayores de 5 anos,2004-06-01,1,0,1,0,1
70501,SAN JOSE DE CHIQUITOS,mortalidad institucional,otras muertes en personas mayores de 5 anos,2004-06-01,0,3,0,3,3
60501,SAN LORENZO(TJA),mortalidad institucional,otras muertes en personas mayores de 5 anos,2004-06-01,0,1,0,1,1
10702,SAN LUCAS,mortalidad institucional,otras muertes en personas mayores de 5 anos,2004-06-01,0,4,0,4,4
70302,SAN MIGUEL DE VELASCO,mortalidad institucional,otras muertes en personas mayores de 5 anos,2004-06-01,1,3,1,3,4
50501,SAN PEDRO DE BUENA VISTA,mortalidad institucional,otras muertes en personas mayores de 5 anos,2004-06-01,0,1,0,1,1
80401,SANTA ANA,mortalidad institucional,otras muertes en personas mayores de 5 anos,2004-06-01,3,0,3,0,3
70101,SANTA CRUZ DE LA SIERRA,mortalidad institucional,otras muertes en personas mayores de 5 anos,2004-06-01,16,0,16,0,16
20308,SANTIAGO DE CALLAPA,mortalidad institucional,otras muertes en personas mayores de 5 anos,2004-06-01,1,0,1,0,1
90303,SENA,mortalidad institucional,otras muertes en personas mayores de 5 anos,2004-06-01,0,1,0,1,1
30902,SIPE SIPE,mortalidad institucional,otras muertes en personas mayores de 5 anos,2004-06-01,1,0,1,0,1
10101,SUCRE,mortalidad institucional,otras muertes en personas mayores de 5 anos,2004-06-01,17,7,17,7,24
31101,TAPACARI,mortalidad institucional,otras muertes en personas mayores de 5 anos,2004-06-01,0,5,0,5,5
10601,TARABUCO,mortalidad institucional,otras muertes en personas mayores de 5 anos,2004-06-01,0,3,0,3,3
60101,TARIJA,mortalidad institucional,otras muertes en personas mayores de 5 anos,2004-06-01,14,5,14,5,19
30903,TIQUIPAYA,mortalidad institucional,otras muertes en personas mayores de 5 anos,2004-06-01,0,1,0,1,1
10402,TOMINA,mortalidad institucional,otras muertes en personas mayores de 5 anos,2004-06-01,0,1,0,1,1
50502,TORO TORO,mortalidad institucional,otras muertes en personas mayores de 5 anos,2004-06-01,0,2,0,2,2
31201,TOTORA(CBBA),mortalidad institucional,otras muertes en personas mayores de 5 anos,2004-06-01,0,1,0,1,1
80101,TRINIDAD,mortalidad institucional,otras muertes en personas mayores de 5 anos,2004-06-01,21,7,21,7,28
21302,UMALA,mortalidad institucional,otras muertes en personas mayores de 5 anos,2004-06-01,1,0,1,0,1
50201,UNCIA,mortalidad institucional,otras muertes en personas mayores de 5 anos,2004-06-01,3,6,3,6,9
51201,UYUNI,mortalidad institucional,otras muertes en personas mayores de 5 anos,2004-06-01,0,3,0,3,3
70801,VALLEGRANDE,mortalidad institucional,otras muertes en personas mayores de 5 anos,2004-06-01,1,0,1,0,1
60303,VILLA MONTES,mortalidad institucional,otras muertes en personas mayores de 5 anos,2004-06-01,2,1,2,1,3
31402,VILLA RIVERO,mortalidad institucional,otras muertes en personas mayores de 5 anos,2004-06-01,0,1,0,1,1
10801,VILLA SERRANO,mortalidad institucional,otras muertes en personas mayores de 5 anos,2004-06-01,0,6,0,6,6
31003,VILLA TUNARI,mortalidad institucional,otras muertes en personas mayores de 5 anos,2004-06-01,3,2,3,2,5
11001,VILLA VACA GUZMAN (MUYUPAMPA),mortalidad institucional,otras muertes en personas mayores de 5 anos,2004-06-01,0,1,0,1,1
51501,VILLAZON,mortalidad institucional,otras muertes en personas mayores de 5 anos,2004-06-01,0,5,0,5,5
50602,VITICHI,mortalidad institucional,otras muertes en personas mayores de 5 anos,2004-06-01,0,1,0,1,1
70201,WARNES,mortalidad institucional,otras muertes en personas mayores de 5 anos,2004-06-01,0,1,0,1,1
60301,YACUIBA,mortalidad institucional,otras muertes en personas mayores de 5 anos,2004-06-01,4,0,4,0,4
10602,YAMPARAEZ,mortalidad institucional,otras muertes en personas mayores de 5 anos,2004-06-01,0,4,0,4,4
70403,YAPACANI,mortalidad institucional,otras muertes en personas mayores de 5 anos,2004-06-01,0,4,0,4,4
10102,YOTALA,mortalidad institucional,otras muertes en personas mayores de 5 anos,2004-06-01,0,4,0,4,4
41201,ANDAMARCA,mortalidad institucional,otras muertes en personas mayores de 5 anos,2004-07-01,0,3,0,3,3
51301,ARAMPAMPA,mortalidad institucional,otras muertes en personas mayores de 5 anos,2004-07-01,0,1,0,1,1
10201,AZURDUY,mortalidad institucional,otras muertes en personas mayores de 5 anos,2004-07-01,0,1,0,1,1
60202,BERMEJO,mortalidad institucional,otras muertes en personas mayores de 5 anos,2004-07-01,2,1,2,1,3
50301,BETANZOS,mortalidad institucional,otras muertes en personas mayores de 5 anos,2004-07-01,0,5,0,5,5
70401,BUENA VISTA,mortalidad institucional,otras muertes en personas mayores de 5 anos,2004-07-01,0,1,0,1,1
10701,CAMARGO,mortalidad institucional,otras muertes en personas mayores de 5 anos,2004-07-01,0,2,0,2,2
22001,CARANAVI,mortalidad institucional,otras muertes en personas mayores de 5 anos,2004-07-01,3,1,3,1,4
40201,CHALLAPATA,mortalidad institucional,otras muertes en personas mayores de 5 anos,2004-07-01,0,1,0,1,1
50302,CHAQUI,mortalidad institucional,otras muertes en personas mayores de 5 anos,2004-07-01,1,3,1,3,4
50202,CHAYANTA,mortalidad institucional,otras muertes en personas mayores de 5 anos,2004-07-01,0,4,0,4,4
90101,COBIJA,mortalidad institucional,otras muertes en personas mayores de 5 anos,2004-07-01,4,0,4,0,4
30101,COCHABAMBA,mortalidad institucional,otras muertes en personas mayores de 5 anos,2004-07-01,77,3,77,3,80
30905,COLCAPIRHUA,mortalidad institucional,otras muertes en personas mayores de 5 anos,2004-07-01,2,0,2,0,2
71301,COMARAPA,mortalidad institucional,otras muertes en personas mayores de 5 anos,2004-07-01,1,1,1,1,2
21402,CORIPATA,mortalidad institucional,otras muertes en personas mayores de 5 anos,2004-07-01,1,0,1,0,1
50601,COTAGAITA,mortalidad institucional,otras muertes en personas mayores de 5 anos,2004-07-01,1,0,1,0,1
70102,COTOCA,mortalidad institucional,otras muertes en personas mayores de 5 anos,2004-07-01,0,10,0,10,10
70704,CUEVO,mortalidad institucional,otras muertes en personas mayores de 5 anos,2004-07-01,0,1,0,1,1
10902,CULPINA,mortalidad institucional,otras muertes en personas mayores de 5 anos,2004-07-01,0,2,0,2,2
20105,EL ALTO,mortalidad institucional,otras muertes en personas mayores de 5 anos,2004-07-01,6,2,6,2,8
40103,EL CHORO,mortalidad institucional,otras muertes en personas mayores de 5 anos,2004-07-01,1,0,1,0,1
71503,EL PUENTE(STC),mortalidad institucional,otras muertes en personas mayores de 5 anos,2004-07-01,0,1,0,1,1
70105,EL TORNO,mortalidad institucional,otras muertes en personas mayores de 5 anos,2004-07-01,1,4,1,4,5
60601,ENTRE RIOS,mortalidad institucional,otras muertes en personas mayores de 5 anos,2004-07-01,0,1,0,1,1
41101,EUCALIPTUS,mortalidad institucional,otras muertes en personas mayores de 5 anos,2004-07-01,0,4,0,4,4
71002,GENERAL SAAVEDRA,mortalidad institucional,otras muertes en personas mayores de 5 anos,2004-07-01,0,1,0,1,1
20602,GUANAY,mortalidad institucional,otras muertes en personas mayores de 5 anos,2004-07-01,0,1,0,1,1
70705,GUTIERREZ,mortalidad institucional,otras muertes en personas mayores de 5 anos,2004-07-01,1,1,1,1,2
10304,ICLA,mortalidad institucional,otras muertes en personas mayores de 5 anos,2004-07-01,0,3,0,3,3
70104,LA GUARDIA,mortalidad institucional,otras muertes en personas mayores de 5 anos,2004-07-01,0,2,0,2,2
20101,LA PAZ,mortalidad institucional,otras muertes en personas mayores de 5 anos,2004-07-01,174,12,174,12,186
70701,LAGUNILLAS,mortalidad institucional,otras muertes en personas mayores de 5 anos,2004-07-01,0,1,0,1,1
50203,LLALLAGUA,mortalidad institucional,otras muertes en personas mayores de 5 anos,2004-07-01,2,8,2,8,10
11003,MACHARETI,mortalidad institucional,otras muertes en personas mayores de 5 anos,2004-07-01,0,1,0,1,1
80801,MAGDALENA,mortalidad institucional,otras muertes en personas mayores de 5 anos,2004-07-01,1,0,1,0,1
70903,MAIRANA,mortalidad institucional,otras muertes en personas mayores de 5 anos,2004-07-01,1,0,1,0,1
71003,MINEROS,mortalidad institucional,otras muertes en personas mayores de 5 anos,2004-07-01,0,6,0,6,6
20402,MOCOMOCO,mortalidad institucional,otras muertes en personas mayores de 5 anos,2004-07-01,0,4,0,4,4
10303,MOJOCOYA,mortalidad institucional,otras muertes en personas mayores de 5 anos,2004-07-01,0,2,0,2,2
10501,MONTEAGUDO,mortalidad institucional,otras muertes en personas mayores de 5 anos,2004-07-01,1,2,1,2,3
71001,MONTERO,mortalidad institucional,otras muertes en personas mayores de 5 anos,2004-07-01,1,8,1,8,9
70803,MORO MORO,mortalidad institucional,otras muertes en personas mayores de 5 anos,2004-07-01,0,1,0,1,1
40101,ORURO,mortalidad institucional,otras muertes en personas mayores de 5 anos,2004-07-01,28,24,28,24,52
20102,PALCA,mortalidad institucional,otras muertes en personas mayores de 5 anos,2004-07-01,1,0,1,0,1
21104,PALOS BLANCOS,mortalidad institucional,otras muertes en personas mayores de 5 anos,2004-07-01,0,2,0,2,2
40802,PAMPA AULLAGAS,mortalidad institucional,otras muertes en personas mayores de 5 anos,2004-07-01,0,1,0,1,1
70902,PAMPA GRANDE,mortalidad institucional,otras muertes en personas mayores de 5 anos,2004-07-01,1,0,1,0,1
21305,PATACAMAYA,mortalidad institucional,otras muertes en personas mayores de 5 anos,2004-07-01,2,0,2,0,2
51203,PORCO,mortalidad institucional,otras muertes en personas mayores de 5 anos,2004-07-01,0,3,0,3,3
70601,PORTACHUELO,mortalidad institucional,otras muertes en personas mayores de 5 anos,2004-07-01,0,1,0,1,1
50101,POTOSI,mortalidad institucional,otras muertes en personas mayores de 5 anos,2004-07-01,17,1,17,1,18
20403,PUERTO CARABUCO,mortalidad institucional,otras muertes en personas mayores de 5 anos,2004-07-01,0,6,0,6,6
71402,PUERTO QUIJARRO,mortalidad institucional,otras muertes en personas mayores de 5 anos,2004-07-01,0,1,0,1,1
51101,PUNA,mortalidad institucional,otras muertes en personas mayores de 5 anos,2004-07-01,1,3,1,3,4
31401,PUNATA,mortalidad institucional,otras muertes en personas mayores de 5 anos,2004-07-01,2,2,2,2,4
50402,RAVELO,mortalidad institucional,otras muertes en personas mayores de 5 anos,2004-07-01,0,1,0,1,1
80301,REYES,mortalidad institucional,otras muertes en personas mayores de 5 anos,2004-07-01,1,0,1,0,1
80201,RIBERALTA,mortalidad institucional,otras muertes en personas mayores de 5 anos,2004-07-01,5,12,5,12,17
50701,SACACA,mortalidad institucional,otras muertes en personas mayores de 5 anos,2004-07-01,0,3,0,3,3
71302,SAIPINA,mortalidad institucional,otras muertes en personas mayores de 5 anos,2004-07-01,0,3,0,3,3
80602,SAN ANDRES,mortalidad institucional,otras muertes en personas mayores de 5 anos,2004-07-01,0,1,0,1,1
80302,SAN BORJA,mortalidad institucional,otras muertes en personas mayores de 5 anos,2004-07-01,0,3,0,3,3
70402,SAN CARLOS,mortalidad institucional,otras muertes en personas mayores de 5 anos,2004-07-01,0,2,0,2,2
70301,SAN IGNACIO DE VELASCO,mortalidad institucional,otras muertes en personas mayores de 5 anos,2004-07-01,1,0,1,0,1
80102,SAN JAVIER(BNI),mortalidad institucional,otras muertes en personas mayores de 5 anos,2004-07-01,0,1,0,1,1
71104,SAN JULIAN,mortalidad institucional,otras muertes en personas mayores de 5 anos,2004-07-01,1,0,1,0,1
90302,SAN LORENZO(PND),mortalidad institucional,otras muertes en personas mayores de 5 anos,2004-07-01,0,2,0,2,2
10702,SAN LUCAS,mortalidad institucional,otras muertes en personas mayores de 5 anos,2004-07-01,0,1,0,1,1
70302,SAN MIGUEL DE VELASCO,mortalidad institucional,otras muertes en personas mayores de 5 anos,2004-07-01,1,0,1,0,1
70101,SANTA CRUZ DE LA SIERRA,mortalidad institucional,otras muertes en personas mayores de 5 anos,2004-07-01,13,0,13,0,13
20902,SAPAHAQUI,mortalidad institucional,otras muertes en personas mayores de 5 anos,2004-07-01,0,1,0,1,1
30703,SICAYA,mortalidad institucional,otras muertes en personas mayores de 5 anos,2004-07-01,0,2,0,2,2
10403,SOPACHUY,mortalidad institucional,otras muertes en personas mayores de 5 anos,2004-07-01,0,2,0,2,2
10101,SUCRE,mortalidad institucional,otras muertes en personas mayores de 5 anos,2004-07-01,34,0,34,0,34
50303,TACOBAMBA,mortalidad institucional,otras muertes en personas mayores de 5 anos,2004-07-01,0,2,0,2,2
31101,TAPACARI,mortalidad institucional,otras muertes en personas mayores de 5 anos,2004-07-01,0,1,0,1,1
10601,TARABUCO,mortalidad institucional,otras muertes en personas mayores de 5 anos,2004-07-01,0,4,0,4,4
60101,TARIJA,mortalidad institucional,otras muertes en personas mayores de 5 anos,2004-07-01,21,7,21,7,28
10202,TARVITA,mortalidad institucional,otras muertes en personas mayores de 5 anos,2004-07-01,0,1,0,1,1
20606,TIPUANI,mortalidad institucional,otras muertes en personas mayores de 5 anos,2004-07-01,0,11,0,11,11
41001,TOLEDO,mortalidad institucional,otras muertes en personas mayores de 5 anos,2004-07-01,0,2,0,2,2
50502,TORO TORO,mortalidad institucional,otras muertes en personas mayores de 5 anos,2004-07-01,0,1,0,1,1
41301,TOTORA(ORR),mortalidad institucional,otras muertes en personas mayores de 5 anos,2004-07-01,0,1,0,1,1
80101,TRINIDAD,mortalidad institucional,otras muertes en personas mayores de 5 anos,2004-07-01,6,7,6,7,13
50801,TUPIZA,mortalidad institucional,otras muertes en personas mayores de 5 anos,2004-07-01,2,2,2,2,4
50201,UNCIA,mortalidad institucional,otras muertes en personas mayores de 5 anos,2004-07-01,2,1,2,1,3
51201,UYUNI,mortalidad institucional,otras muertes en personas mayores de 5 anos,2004-07-01,1,3,1,3,4
20801,VIACHA,mortalidad institucional,otras muertes en personas mayores de 5 anos,2004-07-01,0,1,0,1,1
60303,VILLA MONTES,mortalidad institucional,otras muertes en personas mayores de 5 anos,2004-07-01,2,0,2,0,2
90502,VILLA NUEVA (LOMA ALTA),mortalidad institucional,otras muertes en personas mayores de 5 anos,2004-07-01,1,0,1,0,1
31003,VILLA TUNARI,mortalidad institucional,otras muertes en personas mayores de 5 anos,2004-07-01,2,0,2,0,2
51501,VILLAZON,mortalidad institucional,otras muertes en personas mayores de 5 anos,2004-07-01,3,2,3,2,5
50602,VITICHI,mortalidad institucional,otras muertes en personas mayores de 5 anos,2004-07-01,0,3,0,3,3
70201,WARNES,mortalidad institucional,otras muertes en personas mayores de 5 anos,2004-07-01,1,2,1,2,3
60301,YACUIBA,mortalidad institucional,otras muertes en personas mayores de 5 anos,2004-07-01,3,0,3,0,3
10602,YAMPARAEZ,mortalidad institucional,otras muertes en personas mayores de 5 anos,2004-07-01,0,3,0,3,3
21103,YANACACHI,mortalidad institucional,otras muertes en personas mayores de 5 anos,2004-07-01,1,0,1,0,1
70403,YAPACANI,mortalidad institucional,otras muertes en personas mayores de 5 anos,2004-07-01,0,4,0,4,4
50103,YOCALLA,mortalidad institucional,otras muertes en personas mayores de 5 anos,2004-07-01,0,1,0,1,1
10301,ZUDAÑEZ,mortalidad institucional,otras muertes en personas mayores de 5 anos,2004-07-01,0,1,0,1,1
51302,ACACIO,mortalidad institucional,otras muertes en personas mayores de 5 anos,2004-08-01,0,9,0,9,9
20202,ANCORAIMES,mortalidad institucional,otras muertes en personas mayores de 5 anos,2004-08-01,1,0,1,0,1
41201,ANDAMARCA,mortalidad institucional,otras muertes en personas mayores de 5 anos,2004-08-01,0,1,0,1,1
30402,ANZALDO,mortalidad institucional,otras muertes en personas mayores de 5 anos,2004-08-01,0,1,0,1,1
20701,APOLO,mortalidad institucional,otras muertes en personas mayores de 5 anos,2004-08-01,0,1,0,1,1
51301,ARAMPAMPA,mortalidad institucional,otras muertes en personas mayores de 5 anos,2004-08-01,0,1,0,1,1
10201,AZURDUY,mortalidad institucional,otras muertes en personas mayores de 5 anos,2004-08-01,0,1,0,1,1
50104,BELEN DE URMIRI,mortalidad institucional,otras muertes en personas mayores de 5 anos,2004-08-01,1,2,1,2,3
60202,BERMEJO,mortalidad institucional,otras muertes en personas mayores de 5 anos,2004-08-01,4,2,4,2,6
50301,BETANZOS,mortalidad institucional,otras muertes en personas mayores de 5 anos,2004-08-01,0,8,0,8,8
70707,BOYUIBE,mortalidad institucional,otras muertes en personas mayores de 5 anos,2004-08-01,0,1,0,1,1
70401,BUENA VISTA,mortalidad institucional,otras muertes en personas mayores de 5 anos,2004-08-01,0,3,0,3,3
21304,CALAMARCA,mortalidad institucional,otras muertes en personas mayores de 5 anos,2004-08-01,0,1,0,1,1
10701,CAMARGO,mortalidad institucional,otras muertes en personas mayores de 5 anos,2004-08-01,0,1,0,1,1
70706,CAMIRI,mortalidad institucional,otras muertes en personas mayores de 5 anos,2004-08-01,1,0,1,0,1
22001,CARANAVI,mortalidad institucional,otras muertes en personas mayores de 5 anos,2004-08-01,2,1,2,1,3
40201,CHALLAPATA,mortalidad institucional,otras muertes en personas mayores de 5 anos,2004-08-01,0,1,0,1,1
50202,CHAYANTA,mortalidad institucional,otras muertes en personas mayores de 5 anos,2004-08-01,1,1,1,1,2
30101,COCHABAMBA,mortalidad institucional,otras muertes en personas mayores de 5 anos,2004-08-01,70,0,70,0,70
31002,COLOMI,mortalidad institucional,otras muertes en personas mayores de 5 anos,2004-08-01,0,4,0,4,4
71301,COMARAPA,mortalidad institucional,otras muertes en personas mayores de 5 anos,2004-08-01,0,3,0,3,3
21701,COPACABANA,mortalidad institucional,otras muertes en personas mayores de 5 anos,2004-08-01,1,2,1,2,3
50601,COTAGAITA,mortalidad institucional,otras muertes en personas mayores de 5 anos,2004-08-01,0,1,0,1,1
70102,COTOCA,mortalidad institucional,otras muertes en personas mayores de 5 anos,2004-08-01,0,6,0,6,6
10902,CULPINA,mortalidad institucional,otras muertes en personas mayores de 5 anos,2004-08-01,1,0,1,0,1
20105,EL ALTO,mortalidad institucional,otras muertes en personas mayores de 5 anos,2004-08-01,1,2,1,2,3
40103,EL CHORO,mortalidad institucional,otras muertes en personas mayores de 5 anos,2004-08-01,1,0,1,0,1
70105,EL TORNO,mortalidad institucional,otras muertes en personas mayores de 5 anos,2004-08-01,0,1,0,1,1
60601,ENTRE RIOS,mortalidad institucional,otras muertes en personas mayores de 5 anos,2004-08-01,0,2,0,2,2
41101,EUCALIPTUS,mortalidad institucional,otras muertes en personas mayores de 5 anos,2004-08-01,0,2,0,2,2
21601,GRAL. J.J. PEREZ (CHARAZANI),mortalidad institucional,otras muertes en personas mayores de 5 anos,2004-08-01,0,1,0,1,1
11002,HUACAYA (VILLA DE HUACAYA),mortalidad institucional,otras muertes en personas mayores de 5 anos,2004-08-01,0,2,0,2,2
40701,HUANUNI,mortalidad institucional,otras muertes en personas mayores de 5 anos,2004-08-01,0,4,0,4,4
10304,ICLA,mortalidad institucional,otras muertes en personas mayores de 5 anos,2004-08-01,0,3,0,3,3
10703,INCAHUASI,mortalidad institucional,otras muertes en personas mayores de 5 anos,2004-08-01,0,1,0,1,1
20101,LA PAZ,mortalidad institucional,otras muertes en personas mayores de 5 anos,2004-08-01,157,9,157,9,166
50203,LLALLAGUA,mortalidad institucional,otras muertes en personas mayores de 5 anos,2004-08-01,1,5,1,5,6
11003,MACHARETI,mortalidad institucional,otras muertes en personas mayores de 5 anos,2004-08-01,0,2,0,2,2
80801,MAGDALENA,mortalidad institucional,otras muertes en personas mayores de 5 anos,2004-08-01,0,1,0,1,1
20103,MECAPACA,mortalidad institucional,otras muertes en personas mayores de 5 anos,2004-08-01,0,2,0,2,2
71003,MINEROS,mortalidad institucional,otras muertes en personas mayores de 5 anos,2004-08-01,2,2,2,2,4
31301,MIZQUE,mortalidad institucional,otras muertes en personas mayores de 5 anos,2004-08-01,1,0,1,0,1
20402,MOCOMOCO,mortalidad institucional,otras muertes en personas mayores de 5 anos,2004-08-01,0,1,0,1,1
51002,MOJINETE,mortalidad institucional,otras muertes en personas mayores de 5 anos,2004-08-01,0,1,0,1,1
10501,MONTEAGUDO,mortalidad institucional,otras muertes en personas mayores de 5 anos,2004-08-01,2,1,2,1,3
71001,MONTERO,mortalidad institucional,otras muertes en personas mayores de 5 anos,2004-08-01,1,7,1,7,8
70803,MORO MORO,mortalidad institucional,otras muertes en personas mayores de 5 anos,2004-08-01,0,2,0,2,2
40101,ORURO,mortalidad institucional,otras muertes en personas mayores de 5 anos,2004-08-01,41,5,41,5,46
21104,PALOS BLANCOS,mortalidad institucional,otras muertes en personas mayores de 5 anos,2004-08-01,0,1,0,1,1
30202,PASORAPA,mortalidad institucional,otras muertes en personas mayores de 5 anos,2004-08-01,0,1,0,1,1
31203,POCONA,mortalidad institucional,otras muertes en personas mayores de 5 anos,2004-08-01,1,0,1,0,1
10103,POROMA,mortalidad institucional,otras muertes en personas mayores de 5 anos,2004-08-01,0,1,0,1,1
50101,POTOSI,mortalidad institucional,otras muertes en personas mayores de 5 anos,2004-08-01,16,1,16,1,17
20401,PUERTO ACOSTA,mortalidad institucional,otras muertes en personas mayores de 5 anos,2004-08-01,0,3,0,3,3
20403,PUERTO CARABUCO,mortalidad institucional,otras muertes en personas mayores de 5 anos,2004-08-01,0,3,0,3,3
31205,PUERTO VILLARROEL,mortalidad institucional,otras muertes en personas mayores de 5 anos,2004-08-01,1,0,1,0,1
51101,PUNA,mortalidad institucional,otras muertes en personas mayores de 5 anos,2004-08-01,0,1,0,1,1
31401,PUNATA,mortalidad institucional,otras muertes en personas mayores de 5 anos,2004-08-01,4,0,4,0,4
30901,QUILLACOLLO,mortalidad institucional,otras muertes en personas mayores de 5 anos,2004-08-01,2,0,2,0,2
21002,QUIME,mortalidad institucional,otras muertes en personas mayores de 5 anos,2004-08-01,1,0,1,0,1
70904,QUIRUSILLAS,mortalidad institucional,otras muertes en personas mayores de 5 anos,2004-08-01,0,1,0,1,1
50402,RAVELO,mortalidad institucional,otras muertes en personas mayores de 5 anos,2004-08-01,0,1,0,1,1
80201,RIBERALTA,mortalidad institucional,otras muertes en personas mayores de 5 anos,2004-08-01,7,4,7,4,11
31001,SACABA,mortalidad institucional,otras muertes en personas mayores de 5 anos,2004-08-01,2,9,2,9,11
50701,SACACA,mortalidad institucional,otras muertes en personas mayores de 5 anos,2004-08-01,0,6,0,6,6
80602,SAN ANDRES,mortalidad institucional,otras muertes en personas mayores de 5 anos,2004-08-01,2,0,2,0,2
80302,SAN BORJA,mortalidad institucional,otras muertes en personas mayores de 5 anos,2004-08-01,1,0,1,0,1
70402,SAN CARLOS,mortalidad institucional,otras muertes en personas mayores de 5 anos,2004-08-01,0,1,0,1,1
80501,SAN IGNACIO,mortalidad institucional,otras muertes en personas mayores de 5 anos,2004-08-01,0,1,0,1,1
70301,SAN IGNACIO DE VELASCO,mortalidad institucional,otras muertes en personas mayores de 5 anos,2004-08-01,1,0,1,0,1
70501,SAN JOSE DE CHIQUITOS,mortalidad institucional,otras muertes en personas mayores de 5 anos,2004-08-01,0,1,0,1,1
10702,SAN LUCAS,mortalidad institucional,otras muertes en personas mayores de 5 anos,2004-08-01,0,3,0,3,3
70302,SAN MIGUEL DE VELASCO,mortalidad institucional,otras muertes en personas mayores de 5 anos,2004-08-01,1,0,1,0,1
51001,SAN PABLO DE LIPEZ,mortalidad institucional,otras muertes en personas mayores de 5 anos,2004-08-01,0,1,0,1,1
80401,SANTA ANA,mortalidad institucional,otras muertes en personas mayores de 5 anos,2004-08-01,1,0,1,0,1
70101,SANTA CRUZ DE LA SIERRA,mortalidad institucional,otras muertes en personas mayores de 5 anos,2004-08-01,15,0,15,0,15
41401,SANTIAGO DE HUARI,mortalidad institucional,otras muertes en personas mayores de 5 anos,2004-08-01,0,1,0,1,1
10101,SUCRE,mortalidad institucional,otras muertes en personas mayores de 5 anos,2004-08-01,29,1,29,1,30
31101,TAPACARI,mortalidad institucional,otras muertes en personas mayores de 5 anos,2004-08-01,0,2,0,2,2
10601,TARABUCO,mortalidad institucional,otras muertes en personas mayores de 5 anos,2004-08-01,1,6,1,6,7
60101,TARIJA,mortalidad institucional,otras muertes en personas mayores de 5 anos,2004-08-01,20,6,20,6,26
41001,TOLEDO,mortalidad institucional,otras muertes en personas mayores de 5 anos,2004-08-01,0,1,0,1,1
50502,TORO TORO,mortalidad institucional,otras muertes en personas mayores de 5 anos,2004-08-01,0,1,0,1,1
80101,TRINIDAD,mortalidad institucional,otras muertes en personas mayores de 5 anos,2004-08-01,6,1,6,1,7
50801,TUPIZA,mortalidad institucional,otras muertes en personas mayores de 5 anos,2004-08-01,2,4,2,4,6
50201,UNCIA,mortalidad institucional,otras muertes en personas mayores de 5 anos,2004-08-01,0,1,0,1,1
60303,VILLA MONTES,mortalidad institucional,otras muertes en personas mayores de 5 anos,2004-08-01,1,0,1,0,1
31402,VILLA RIVERO,mortalidad institucional,otras muertes en personas mayores de 5 anos,2004-08-01,0,1,0,1,1
31003,VILLA TUNARI,mortalidad institucional,otras muertes en personas mayores de 5 anos,2004-08-01,3,0,3,0,3
11001,VILLA VACA GUZMAN (MUYUPAMPA),mortalidad institucional,otras muertes en personas mayores de 5 anos,2004-08-01,4,0,4,0,4
51501,VILLAZON,mortalidad institucional,otras muertes en personas mayores de 5 anos,2004-08-01,1,0,1,0,1
50602,VITICHI,mortalidad institucional,otras muertes en personas mayores de 5 anos,2004-08-01,1,2,1,2,3
60301,YACUIBA,mortalidad institucional,otras muertes en personas mayores de 5 anos,2004-08-01,6,0,6,0,6
10602,YAMPARAEZ,mortalidad institucional,otras muertes en personas mayores de 5 anos,2004-08-01,0,2,0,2,2
70403,YAPACANI,mortalidad institucional,otras muertes en personas mayores de 5 anos,2004-08-01,0,2,0,2,2
50103,YOCALLA,mortalidad institucional,otras muertes en personas mayores de 5 anos,2004-08-01,0,2,0,2,2
10102,YOTALA,mortalidad institucional,otras muertes en personas mayores de 5 anos,2004-08-01,0,2,0,2,2
60402,YUNCHARA,mortalidad institucional,otras muertes en personas mayores de 5 anos,2004-08-01,0,1,0,1,1
20201,ACHACACHI,mortalidad institucional,otras muertes en personas mayores de 5 anos,2004-09-01,0,1,0,1,1
30402,ANZALDO,mortalidad institucional,otras muertes en personas mayores de 5 anos,2004-09-01,0,1,0,1,1
51301,ARAMPAMPA,mortalidad institucional,otras muertes en personas mayores de 5 anos,2004-09-01,0,1,0,1,1
30501,ARANI,mortalidad institucional,otras muertes en personas mayores de 5 anos,2004-09-01,0,5,0,5,5
10201,AZURDUY,mortalidad institucional,otras muertes en personas mayores de 5 anos,2004-09-01,1,3,1,3,4
60202,BERMEJO,mortalidad institucional,otras muertes en personas mayores de 5 anos,2004-09-01,8,1,8,1,9
50301,BETANZOS,mortalidad institucional,otras muertes en personas mayores de 5 anos,2004-09-01,1,5,1,5,6
70707,BOYUIBE,mortalidad institucional,otras muertes en personas mayores de 5 anos,2004-09-01,0,2,0,2,2
10701,CAMARGO,mortalidad institucional,otras muertes en personas mayores de 5 anos,2004-09-01,0,1,0,1,1
70706,CAMIRI,mortalidad institucional,otras muertes en personas mayores de 5 anos,2004-09-01,2,0,2,0,2
30701,CAPINOTA,mortalidad institucional,otras muertes en personas mayores de 5 anos,2004-09-01,1,1,1,1,2
40201,CHALLAPATA,mortalidad institucional,otras muertes en personas mayores de 5 anos,2004-09-01,0,3,0,3,3
50302,CHAQUI,mortalidad institucional,otras muertes en personas mayores de 5 anos,2004-09-01,0,1,0,1,1
50202,CHAYANTA,mortalidad institucional,otras muertes en personas mayores de 5 anos,2004-09-01,0,5,0,5,5
90101,COBIJA,mortalidad institucional,otras muertes en personas mayores de 5 anos,2004-09-01,2,0,2,0,2
30101,COCHABAMBA,mortalidad institucional,otras muertes en personas mayores de 5 anos,2004-09-01,74,2,74,2,76
30905,COLCAPIRHUA,mortalidad institucional,otras muertes en personas mayores de 5 anos,2004-09-01,3,0,3,0,3
31002,COLOMI,mortalidad institucional,otras muertes en personas mayores de 5 anos,2004-09-01,0,2,0,2,2
71301,COMARAPA,mortalidad institucional,otras muertes en personas mayores de 5 anos,2004-09-01,0,3,0,3,3
21701,COPACABANA,mortalidad institucional,otras muertes en personas mayores de 5 anos,2004-09-01,0,4,0,4,4
21401,COROICO,mortalidad institucional,otras muertes en personas mayores de 5 anos,2004-09-01,2,1,2,1,3
70704,CUEVO,mortalidad institucional,otras muertes en personas mayores de 5 anos,2004-09-01,0,1,0,1,1
20105,EL ALTO,mortalidad institucional,otras muertes en personas mayores de 5 anos,2004-09-01,12,5,12,5,17
60601,ENTRE RIOS,mortalidad institucional,otras muertes en personas mayores de 5 anos,2004-09-01,0,3,0,3,3
71002,GENERAL SAAVEDRA,mortalidad institucional,otras muertes en personas mayores de 5 anos,2004-09-01,1,0,1,0,1
20602,GUANAY,mortalidad institucional,otras muertes en personas mayores de 5 anos,2004-09-01,3,1,3,1,4
80202,GUAYARAMERIN,mortalidad institucional,otras muertes en personas mayores de 5 anos,2004-09-01,2,0,2,0,2
70705,GUTIERREZ,mortalidad institucional,otras muertes en personas mayores de 5 anos,2004-09-01,1,6,1,6,7
40701,HUANUNI,mortalidad institucional,otras muertes en personas mayores de 5 anos,2004-09-01,0,2,0,2,2
10304,ICLA,mortalidad institucional,otras muertes en personas mayores de 5 anos,2004-09-01,0,3,0,3,3
20101,LA PAZ,mortalidad institucional,otras muertes en personas mayores de 5 anos,2004-09-01,136,15,136,15,151
50203,LLALLAGUA,mortalidad institucional,otras muertes en personas mayores de 5 anos,2004-09-01,2,4,2,4,6
51401,LLICA,mortalidad institucional,otras muertes en personas mayores de 5 anos,2004-09-01,1,0,1,0,1
11003,MACHARETI,mortalidad institucional,otras muertes en personas mayores de 5 anos,2004-09-01,0,2,0,2,2
71003,MINEROS,mortalidad institucional,otras muertes en personas mayores de 5 anos,2004-09-01,3,1,3,1,4
31301,MIZQUE,mortalidad institucional,otras muertes en personas mayores de 5 anos,2004-09-01,2,0,2,0,2
20402,MOCOMOCO,mortalidad institucional,otras muertes en personas mayores de 5 anos,2004-09-01,0,1,0,1,1
10501,MONTEAGUDO,mortalidad institucional,otras muertes en personas mayores de 5 anos,2004-09-01,1,4,1,4,5
71001,MONTERO,mortalidad institucional,otras muertes en personas mayores de 5 anos,2004-09-01,1,3,1,3,4
70803,MORO MORO,mortalidad institucional,otras muertes en personas mayores de 5 anos,2004-09-01,0,2,0,2,2
30302,MOROCHATA,mortalidad institucional,otras muertes en personas mayores de 5 anos,2004-09-01,0,1,0,1,1
40101,ORURO,mortalidad institucional,otras muertes en personas mayores de 5 anos,2004-09-01,44,5,44,5,49
21104,PALOS BLANCOS,mortalidad institucional,otras muertes en personas mayores de 5 anos,2004-09-01,0,1,0,1,1
70902,PAMPA GRANDE,mortalidad institucional,otras muertes en personas mayores de 5 anos,2004-09-01,0,1,0,1,1
40602,PAZÑA,mortalidad institucional,otras muertes en personas mayores de 5 anos,2004-09-01,0,1,0,1,1
70601,PORTACHUELO,mortalidad institucional,otras muertes en personas mayores de 5 anos,2004-09-01,0,1,0,1,1
50101,POTOSI,mortalidad institucional,otras muertes en personas mayores de 5 anos,2004-09-01,28,3,28,3,31
10302,PRESTO,mortalidad institucional,otras muertes en personas mayores de 5 anos,2004-09-01,0,3,0,3,3
20401,PUERTO ACOSTA,mortalidad institucional,otras muertes en personas mayores de 5 anos,2004-09-01,0,2,0,2,2
20403,PUERTO CARABUCO,mortalidad institucional,otras muertes en personas mayores de 5 anos,2004-09-01,0,3,0,3,3
31205,PUERTO VILLARROEL,mortalidad institucional,otras muertes en personas mayores de 5 anos,2004-09-01,1,0,1,0,1
31401,PUNATA,mortalidad institucional,otras muertes en personas mayores de 5 anos,2004-09-01,3,0,3,0,3
30901,QUILLACOLLO,mortalidad institucional,otras muertes en personas mayores de 5 anos,2004-09-01,1,0,1,0,1
21002,QUIME,mortalidad institucional,otras muertes en personas mayores de 5 anos,2004-09-01,1,0,1,0,1
50402,RAVELO,mortalidad institucional,otras muertes en personas mayores de 5 anos,2004-09-01,0,4,0,4,4
80301,REYES,mortalidad institucional,otras muertes en personas mayores de 5 anos,2004-09-01,1,0,1,0,1
80201,RIBERALTA,mortalidad institucional,otras muertes en personas mayores de 5 anos,2004-09-01,6,64,6,64,70
80304,RURRENABAQUE,mortalidad institucional,otras muertes en personas mayores de 5 anos,2004-09-01,2,0,2,0,2
40901,SABAYA,mortalidad institucional,otras muertes en personas mayores de 5 anos,2004-09-01,1,0,1,0,1
31001,SACABA,mortalidad institucional,otras muertes en personas mayores de 5 anos,2004-09-01,1,4,1,4,5
50701,SACACA,mortalidad institucional,otras muertes en personas mayores de 5 anos,2004-09-01,0,3,0,3,3
80602,SAN ANDRES,mortalidad institucional,otras muertes en personas mayores de 5 anos,2004-09-01,0,1,0,1,1
80302,SAN BORJA,mortalidad institucional,otras muertes en personas mayores de 5 anos,2004-09-01,1,3,1,3,4
70402,SAN CARLOS,mortalidad institucional,otras muertes en personas mayores de 5 anos,2004-09-01,0,1,0,1,1
80501,SAN IGNACIO,mortalidad institucional,otras muertes en personas mayores de 5 anos,2004-09-01,0,2,0,2,2
70301,SAN IGNACIO DE VELASCO,mortalidad institucional,otras muertes en personas mayores de 5 anos,2004-09-01,6,0,6,0,6
80102,SAN JAVIER(BNI),mortalidad institucional,otras muertes en personas mayores de 5 anos,2004-09-01,0,1,0,1,1
70501,SAN JOSE DE CHIQUITOS,mortalidad institucional,otras muertes en personas mayores de 5 anos,2004-09-01,0,4,0,4,4
10702,SAN LUCAS,mortalidad institucional,otras muertes en personas mayores de 5 anos,2004-09-01,0,7,0,7,7
70302,SAN MIGUEL DE VELASCO,mortalidad institucional,otras muertes en personas mayores de 5 anos,2004-09-01,0,1,0,1,1
80401,SANTA ANA,mortalidad institucional,otras muertes en personas mayores de 5 anos,2004-09-01,4,0,4,0,4
70101,SANTA CRUZ DE LA SIERRA,mortalidad institucional,otras muertes en personas mayores de 5 anos,2004-09-01,18,0,18,0,18
41401,SANTIAGO DE HUARI,mortalidad institucional,otras muertes en personas mayores de 5 anos,2004-09-01,0,2,0,2,2
90303,SENA,mortalidad institucional,otras muertes en personas mayores de 5 anos,2004-09-01,1,0,1,0,1
30902,SIPE SIPE,mortalidad institucional,otras muertes en personas mayores de 5 anos,2004-09-01,0,1,0,1,1
10403,SOPACHUY,mortalidad institucional,otras muertes en personas mayores de 5 anos,2004-09-01,1,2,1,2,3
10101,SUCRE,mortalidad institucional,otras muertes en personas mayores de 5 anos,2004-09-01,28,0,28,0,28
50303,TACOBAMBA,mortalidad institucional,otras muertes en personas mayores de 5 anos,2004-09-01,2,1,2,1,3
51402,TAHUA,mortalidad institucional,otras muertes en personas mayores de 5 anos,2004-09-01,0,1,0,1,1
31101,TAPACARI,mortalidad institucional,otras muertes en personas mayores de 5 anos,2004-09-01,0,5,0,5,5
10601,TARABUCO,mortalidad institucional,otras muertes en personas mayores de 5 anos,2004-09-01,0,7,0,7,7
60101,TARIJA,mortalidad institucional,otras muertes en personas mayores de 5 anos,2004-09-01,40,9,40,9,49
10202,TARVITA,mortalidad institucional,otras muertes en personas mayores de 5 anos,2004-09-01,0,1,0,1,1
31601,TIRAQUE (CBBA),mortalidad institucional,otras muertes en personas mayores de 5 anos,2004-09-01,0,1,0,1,1
41001,TOLEDO,mortalidad institucional,otras muertes en personas mayores de 5 anos,2004-09-01,0,1,0,1,1
51202,TOMAVE,mortalidad institucional,otras muertes en personas mayores de 5 anos,2004-09-01,0,1,0,1,1
41301,TOTORA(ORR),mortalidad institucional,otras muertes en personas mayores de 5 anos,2004-09-01,1,0,1,0,1
80101,TRINIDAD,mortalidad institucional,otras muertes en personas mayores de 5 anos,2004-09-01,12,1,12,1,13
50201,UNCIA,mortalidad institucional,otras muertes en personas mayores de 5 anos,2004-09-01,4,1,4,1,5
70801,VALLEGRANDE,mortalidad institucional,otras muertes en personas mayores de 5 anos,2004-09-01,0,1,0,1,1
60303,VILLA MONTES,mortalidad institucional,otras muertes en personas mayores de 5 anos,2004-09-01,0,1,0,1,1
31003,VILLA TUNARI,mortalidad institucional,otras muertes en personas mayores de 5 anos,2004-09-01,3,0,3,0,3
11001,VILLA VACA GUZMAN (MUYUPAMPA),mortalidad institucional,otras muertes en personas mayores de 5 anos,2004-09-01,1,0,1,0,1
51501,VILLAZON,mortalidad institucional,otras muertes en personas mayores de 5 anos,2004-09-01,3,0,3,0,3
50602,VITICHI,mortalidad institucional,otras muertes en personas mayores de 5 anos,2004-09-01,0,2,0,2,2
70201,WARNES,mortalidad institucional,otras muertes en personas mayores de 5 anos,2004-09-01,2,0,2,0,2
60301,YACUIBA,mortalidad institucional,otras muertes en personas mayores de 5 anos,2004-09-01,3,1,3,1,4
10602,YAMPARAEZ,mortalidad institucional,otras muertes en personas mayores de 5 anos,2004-09-01,0,2,0,2,2
70403,YAPACANI,mortalidad institucional,otras muertes en personas mayores de 5 anos,2004-09-01,3,6,3,6,9
10102,YOTALA,mortalidad institucional,otras muertes en personas mayores de 5 anos,2004-09-01,0,4,0,4,4
41201,ANDAMARCA,mortalidad institucional,otras muertes en personas mayores de 5 anos,2004-10-01,0,3,0,3,3
50802,ATOCHA,mortalidad institucional,otras muertes en personas mayores de 5 anos,2004-10-01,2,0,2,0,2
30301,AYOPAYA (V. DE INDEPENDENCIA),mortalidad institucional,otras muertes en personas mayores de 5 anos,2004-10-01,1,0,1,0,1
10201,AZURDUY,mortalidad institucional,otras muertes en personas mayores de 5 anos,2004-10-01,0,2,0,2,2
60202,BERMEJO,mortalidad institucional,otras muertes en personas mayores de 5 anos,2004-10-01,5,1,5,1,6
50301,BETANZOS,mortalidad institucional,otras muertes en personas mayores de 5 anos,2004-10-01,0,6,0,6,6
70401,BUENA VISTA,mortalidad institucional,otras muertes en personas mayores de 5 anos,2004-10-01,0,2,0,2,2
51102,"CAIZA ""D""",mortalidad institucional,otras muertes en personas mayores de 5 anos,2004-10-01,0,1,0,1,1
70706,CAMIRI,mortalidad institucional,otras muertes en personas mayores de 5 anos,2004-10-01,2,0,2,0,2
30701,CAPINOTA,mortalidad institucional,otras muertes en personas mayores de 5 anos,2004-10-01,1,0,1,0,1
22001,CARANAVI,mortalidad institucional,otras muertes en personas mayores de 5 anos,2004-10-01,1,0,1,0,1
50302,CHAQUI,mortalidad institucional,otras muertes en personas mayores de 5 anos,2004-10-01,0,1,0,1,1
70702,CHARAGUA,mortalidad institucional,otras muertes en personas mayores de 5 anos,2004-10-01,0,1,0,1,1
50202,CHAYANTA,mortalidad institucional,otras muertes en personas mayores de 5 anos,2004-10-01,0,2,0,2,2
21101,CHULUMANI (V. DE LA LIBERTAD),mortalidad institucional,otras muertes en personas mayores de 5 anos,2004-10-01,1,1,1,1,2
90101,COBIJA,mortalidad institucional,otras muertes en personas mayores de 5 anos,2004-10-01,4,0,4,0,4
30101,COCHABAMBA,mortalidad institucional,otras muertes en personas mayores de 5 anos,2004-10-01,91,1,91,1,92
31002,COLOMI,mortalidad institucional,otras muertes en personas mayores de 5 anos,2004-10-01,0,4,0,4,4
50401,COLQUECHACA,mortalidad institucional,otras muertes en personas mayores de 5 anos,2004-10-01,0,3,0,3,3
71301,COMARAPA,mortalidad institucional,otras muertes en personas mayores de 5 anos,2004-10-01,2,6,2,6,8
21401,COROICO,mortalidad institucional,otras muertes en personas mayores de 5 anos,2004-10-01,0,2,0,2,2
20105,EL ALTO,mortalidad institucional,otras muertes en personas mayores de 5 anos,2004-10-01,4,11,4,11,15
60601,ENTRE RIOS,mortalidad institucional,otras muertes en personas mayores de 5 anos,2004-10-01,0,1,0,1,1
71002,GENERAL SAAVEDRA,mortalidad institucional,otras muertes en personas mayores de 5 anos,2004-10-01,0,2,0,2,2
10502,HUACARETA,mortalidad institucional,otras muertes en personas mayores de 5 anos,2004-10-01,2,0,2,0,2
40701,HUANUNI,mortalidad institucional,otras muertes en personas mayores de 5 anos,2004-10-01,3,1,3,1,4
10703,INCAHUASI,mortalidad institucional,otras muertes en personas mayores de 5 anos,2004-10-01,0,1,0,1,1
20101,LA PAZ,mortalidad institucional,otras muertes en personas mayores de 5 anos,2004-10-01,140,9,140,9,149
50203,LLALLAGUA,mortalidad institucional,otras muertes en personas mayores de 5 anos,2004-10-01,5,5,5,5,10
11003,MACHARETI,mortalidad institucional,otras muertes en personas mayores de 5 anos,2004-10-01,0,1,0,1,1
20402,MOCOMOCO,mortalidad institucional,otras muertes en personas mayores de 5 anos,2004-10-01,0,2,0,2,2
10303,MOJOCOYA,mortalidad institucional,otras muertes en personas mayores de 5 anos,2004-10-01,1,0,1,0,1
10501,MONTEAGUDO,mortalidad institucional,otras muertes en personas mayores de 5 anos,2004-10-01,4,8,4,8,12
71001,MONTERO,mortalidad institucional,otras muertes en personas mayores de 5 anos,2004-10-01,1,5,1,5,6
30302,MOROCHATA,mortalidad institucional,otras muertes en personas mayores de 5 anos,2004-10-01,1,0,1,0,1
40101,ORURO,mortalidad institucional,otras muertes en personas mayores de 5 anos,2004-10-01,47,0,47,0,47
10401,PADILLA,mortalidad institucional,otras muertes en personas mayores de 5 anos,2004-10-01,1,0,1,0,1
21104,PALOS BLANCOS,mortalidad institucional,otras muertes en personas mayores de 5 anos,2004-10-01,4,0,4,0,4
70902,PAMPA GRANDE,mortalidad institucional,otras muertes en personas mayores de 5 anos,2004-10-01,0,1,0,1,1
50403,POCOATA,mortalidad institucional,otras muertes en personas mayores de 5 anos,2004-10-01,0,4,0,4,4
40601,POOPO,mortalidad institucional,otras muertes en personas mayores de 5 anos,2004-10-01,0,2,0,2,2
10103,POROMA,mortalidad institucional,otras muertes en personas mayores de 5 anos,2004-10-01,0,2,0,2,2
70601,PORTACHUELO,mortalidad institucional,otras muertes en personas mayores de 5 anos,2004-10-01,2,0,2,0,2
50101,POTOSI,mortalidad institucional,otras muertes en personas mayores de 5 anos,2004-10-01,23,0,23,0,23
70805,PUCARA,mortalidad institucional,otras muertes en personas mayores de 5 anos,2004-10-01,0,1,0,1,1
20401,PUERTO ACOSTA,mortalidad institucional,otras muertes en personas mayores de 5 anos,2004-10-01,0,2,0,2,2
20403,PUERTO CARABUCO,mortalidad institucional,otras muertes en personas mayores de 5 anos,2004-10-01,0,3,0,3,3
51101,PUNA,mortalidad institucional,otras muertes en personas mayores de 5 anos,2004-10-01,0,2,0,2,2
31401,PUNATA,mortalidad institucional,otras muertes en personas mayores de 5 anos,2004-10-01,2,0,2,0,2
50402,RAVELO,mortalidad institucional,otras muertes en personas mayores de 5 anos,2004-10-01,0,4,0,4,4
80201,RIBERALTA,mortalidad institucional,otras muertes en personas mayores de 5 anos,2004-10-01,1,1,1,1,2
70503,ROBORE,mortalidad institucional,otras muertes en personas mayores de 5 anos,2004-10-01,0,2,0,2,2
80304,RURRENABAQUE,mortalidad institucional,otras muertes en personas mayores de 5 anos,2004-10-01,1,0,1,0,1
31001,SACABA,mortalidad institucional,otras muertes en personas mayores de 5 anos,2004-10-01,1,4,1,4,5
71302,SAIPINA,mortalidad institucional,otras muertes en personas mayores de 5 anos,2004-10-01,0,1,0,1,1
80602,SAN ANDRES,mortalidad institucional,otras muertes en personas mayores de 5 anos,2004-10-01,1,0,1,0,1
80302,SAN BORJA,mortalidad institucional,otras muertes en personas mayores de 5 anos,2004-10-01,1,1,1,1,2
70402,SAN CARLOS,mortalidad institucional,otras muertes en personas mayores de 5 anos,2004-10-01,2,3,2,3,5
70301,SAN IGNACIO DE VELASCO,mortalidad institucional,otras muertes en personas mayores de 5 anos,2004-10-01,3,0,3,0,3
80102,SAN JAVIER(BNI),mortalidad institucional,otras muertes en personas mayores de 5 anos,2004-10-01,1,0,1,0,1
70501,SAN JOSE DE CHIQUITOS,mortalidad institucional,otras muertes en personas mayores de 5 anos,2004-10-01,0,2,0,2,2
71104,SAN JULIAN,mortalidad institucional,otras muertes en personas mayores de 5 anos,2004-10-01,0,1,0,1,1
90302,SAN LORENZO(PND),mortalidad institucional,otras muertes en personas mayores de 5 anos,2004-10-01,0,1,0,1,1
10702,SAN LUCAS,mortalidad institucional,otras muertes en personas mayores de 5 anos,2004-10-01,0,1,0,1,1
50501,SAN PEDRO DE BUENA VISTA,mortalidad institucional,otras muertes en personas mayores de 5 anos,2004-10-01,0,4,0,4,4
70303,SAN RAFAEL,mortalidad institucional,otras muertes en personas mayores de 5 anos,2004-10-01,1,0,1,0,1
80401,SANTA ANA,mortalidad institucional,otras muertes en personas mayores de 5 anos,2004-10-01,3,1,3,1,4
70101,SANTA CRUZ DE LA SIERRA,mortalidad institucional,otras muertes en personas mayores de 5 anos,2004-10-01,14,0,14,0,14
70602,SANTA ROSA DEL SARA,mortalidad institucional,otras muertes en personas mayores de 5 anos,2004-10-01,1,0,1,0,1
21301,SICA SICA (VILLA AROMA),mortalidad institucional,otras muertes en personas mayores de 5 anos,2004-10-01,0,1,0,1,1
30902,SIPE SIPE,mortalidad institucional,otras muertes en personas mayores de 5 anos,2004-10-01,1,0,1,0,1
10403,SOPACHUY,mortalidad institucional,otras muertes en personas mayores de 5 anos,2004-10-01,0,2,0,2,2
10101,SUCRE,mortalidad institucional,otras muertes en personas mayores de 5 anos,2004-10-01,35,0,35,0,35
31101,TAPACARI,mortalidad institucional,otras muertes en personas mayores de 5 anos,2004-10-01,0,1,0,1,1
10601,TARABUCO,mortalidad institucional,otras muertes en personas mayores de 5 anos,2004-10-01,0,8,0,8,8
60101,TARIJA,mortalidad institucional,otras muertes en personas mayores de 5 anos,2004-10-01,11,0,11,0,11
10202,TARVITA,mortalidad institucional,otras muertes en personas mayores de 5 anos,2004-10-01,1,1,1,1,2
20606,TIPUANI,mortalidad institucional,otras muertes en personas mayores de 5 anos,2004-10-01,1,0,1,0,1
51202,TOMAVE,mortalidad institucional,otras muertes en personas mayores de 5 anos,2004-10-01,0,1,0,1,1
10402,TOMINA,mortalidad institucional,otras muertes en personas mayores de 5 anos,2004-10-01,0,1,0,1,1
80101,TRINIDAD,mortalidad institucional,otras muertes en personas mayores de 5 anos,2004-10-01,11,8,11,8,19
50801,TUPIZA,mortalidad institucional,otras muertes en personas mayores de 5 anos,2004-10-01,2,3,2,3,5
50201,UNCIA,mortalidad institucional,otras muertes en personas mayores de 5 anos,2004-10-01,5,0,5,0,5
70801,VALLEGRANDE,mortalidad institucional,otras muertes en personas mayores de 5 anos,2004-10-01,0,1,0,1,1
60303,VILLA MONTES,mortalidad institucional,otras muertes en personas mayores de 5 anos,2004-10-01,1,0,1,0,1
31003,VILLA TUNARI,mortalidad institucional,otras muertes en personas mayores de 5 anos,2004-10-01,1,1,1,1,2
11001,VILLA VACA GUZMAN (MUYUPAMPA),mortalidad institucional,otras muertes en personas mayores de 5 anos,2004-10-01,0,1,0,1,1
51501,VILLAZON,mortalidad institucional,otras muertes en personas mayores de 5 anos,2004-10-01,2,0,2,0,2
60301,YACUIBA,mortalidad institucional,otras muertes en personas mayores de 5 anos,2004-10-01,2,0,2,0,2
10602,YAMPARAEZ,mortalidad institucional,otras muertes en personas mayores de 5 anos,2004-10-01,0,3,0,3,3
70403,YAPACANI,mortalidad institucional,otras muertes en personas mayores de 5 anos,2004-10-01,1,4,1,4,5
50103,YOCALLA,mortalidad institucional,otras muertes en personas mayores de 5 anos,2004-10-01,0,4,0,4,4
10102,YOTALA,mortalidad institucional,otras muertes en personas mayores de 5 anos,2004-10-01,0,1,0,1,1
51302,ACACIO,mortalidad institucional,otras muertes en personas mayores de 5 anos,2004-11-01,0,1,0,1,1
30201,AIQUILE,mortalidad institucional,otras muertes en personas mayores de 5 anos,2004-11-01,0,2,0,2,2
41201,ANDAMARCA,mortalidad institucional,otras muertes en personas mayores de 5 anos,2004-11-01,0,2,0,2,2
30301,AYOPAYA (V. DE INDEPENDENCIA),mortalidad institucional,otras muertes en personas mayores de 5 anos,2004-11-01,2,0,2,0,2
10201,AZURDUY,mortalidad institucional,otras muertes en personas mayores de 5 anos,2004-11-01,0,1,0,1,1
41202,BELEN DE ANDAMARCA,mortalidad institucional,otras muertes en personas mayores de 5 anos,2004-11-01,1,0,1,0,1
50104,BELEN DE URMIRI,mortalidad institucional,otras muertes en personas mayores de 5 anos,2004-11-01,0,1,0,1,1
60202,BERMEJO,mortalidad institucional,otras muertes en personas mayores de 5 anos,2004-11-01,4,0,4,0,4
50301,BETANZOS,mortalidad institucional,otras muertes en personas mayores de 5 anos,2004-11-01,0,6,0,6,6
90103,BOLPEBRA,mortalidad institucional,otras muertes en personas mayores de 5 anos,2004-11-01,0,1,0,1,1
70707,BOYUIBE,mortalidad institucional,otras muertes en personas mayores de 5 anos,2004-11-01,0,1,0,1,1
70401,BUENA VISTA,mortalidad institucional,otras muertes en personas mayores de 5 anos,2004-11-01,0,2,0,2,2
10701,CAMARGO,mortalidad institucional,otras muertes en personas mayores de 5 anos,2004-11-01,1,0,1,0,1
70706,CAMIRI,mortalidad institucional,otras muertes en personas mayores de 5 anos,2004-11-01,1,0,1,0,1
22001,CARANAVI,mortalidad institucional,otras muertes en personas mayores de 5 anos,2004-11-01,0,1,0,1,1
40201,CHALLAPATA,mortalidad institucional,otras muertes en personas mayores de 5 anos,2004-11-01,0,1,0,1,1
70702,CHARAGUA,mortalidad institucional,otras muertes en personas mayores de 5 anos,2004-11-01,1,0,1,0,1
50202,CHAYANTA,mortalidad institucional,otras muertes en personas mayores de 5 anos,2004-11-01,0,1,0,1,1
90101,COBIJA,mortalidad institucional,otras muertes en personas mayores de 5 anos,2004-11-01,3,0,3,0,3
30101,COCHABAMBA,mortalidad institucional,otras muertes en personas mayores de 5 anos,2004-11-01,84,3,84,3,87
31002,COLOMI,mortalidad institucional,otras muertes en personas mayores de 5 anos,2004-11-01,0,6,0,6,6
21701,COPACABANA,mortalidad institucional,otras muertes en personas mayores de 5 anos,2004-11-01,1,2,1,2,3
70102,COTOCA,mortalidad institucional,otras muertes en personas mayores de 5 anos,2004-11-01,0,2,0,2,2
70704,CUEVO,mortalidad institucional,otras muertes en personas mayores de 5 anos,2004-11-01,0,1,0,1,1
10902,CULPINA,mortalidad institucional,otras muertes en personas mayores de 5 anos,2004-11-01,0,2,0,2,2
20105,EL ALTO,mortalidad institucional,otras muertes en personas mayores de 5 anos,2004-11-01,11,2,11,2,13
60601,ENTRE RIOS,mortalidad institucional,otras muertes en personas mayores de 5 anos,2004-11-01,0,2,0,2,2
90203,FILADELFIA,mortalidad institucional,otras muertes en personas mayores de 5 anos,2004-11-01,0,1,0,1,1
20602,GUANAY,mortalidad institucional,otras muertes en personas mayores de 5 anos,2004-11-01,0,3,0,3,3
80202,GUAYARAMERIN,mortalidad institucional,otras muertes en personas mayores de 5 anos,2004-11-01,1,0,1,0,1
10703,INCAHUASI,mortalidad institucional,otras muertes en personas mayores de 5 anos,2004-11-01,0,1,0,1,1
21105,LA ASUNTA,mortalidad institucional,otras muertes en personas mayores de 5 anos,2004-11-01,2,0,2,0,2
20101,LA PAZ,mortalidad institucional,otras muertes en personas mayores de 5 anos,2004-11-01,135,13,135,13,148
50203,LLALLAGUA,mortalidad institucional,otras muertes en personas mayores de 5 anos,2004-11-01,1,10,1,10,11
11003,MACHARETI,mortalidad institucional,otras muertes en personas mayores de 5 anos,2004-11-01,1,0,1,0,1
31301,MIZQUE,mortalidad institucional,otras muertes en personas mayores de 5 anos,2004-11-01,1,0,1,0,1
20402,MOCOMOCO,mortalidad institucional,otras muertes en personas mayores de 5 anos,2004-11-01,0,2,0,2,2
10303,MOJOCOYA,mortalidad institucional,otras muertes en personas mayores de 5 anos,2004-11-01,0,1,0,1,1
10501,MONTEAGUDO,mortalidad institucional,otras muertes en personas mayores de 5 anos,2004-11-01,1,2,1,2,3
71001,MONTERO,mortalidad institucional,otras muertes en personas mayores de 5 anos,2004-11-01,0,9,0,9,9
70803,MORO MORO,mortalidad institucional,otras muertes en personas mayores de 5 anos,2004-11-01,0,2,0,2,2
40101,ORURO,mortalidad institucional,otras muertes en personas mayores de 5 anos,2004-11-01,41,2,41,2,43
10401,PADILLA,mortalidad institucional,otras muertes en personas mayores de 5 anos,2004-11-01,0,1,0,1,1
21104,PALOS BLANCOS,mortalidad institucional,otras muertes en personas mayores de 5 anos,2004-11-01,0,4,0,4,4
70902,PAMPA GRANDE,mortalidad institucional,otras muertes en personas mayores de 5 anos,2004-11-01,0,1,0,1,1
30202,PASORAPA,mortalidad institucional,otras muertes en personas mayores de 5 anos,2004-11-01,0,2,0,2,2
70601,PORTACHUELO,mortalidad institucional,otras muertes en personas mayores de 5 anos,2004-11-01,1,1,1,1,2
50101,POTOSI,mortalidad institucional,otras muertes en personas mayores de 5 anos,2004-11-01,35,2,35,2,37
10302,PRESTO,mortalidad institucional,otras muertes en personas mayores de 5 anos,2004-11-01,0,2,0,2,2
20403,PUERTO CARABUCO,mortalidad institucional,otras muertes en personas mayores de 5 anos,2004-11-01,0,1,0,1,1
51101,PUNA,mortalidad institucional,otras muertes en personas mayores de 5 anos,2004-11-01,0,1,0,1,1
31401,PUNATA,mortalidad institucional,otras muertes en personas mayores de 5 anos,2004-11-01,1,4,1,4,5
80304,RURRENABAQUE,mortalidad institucional,otras muertes en personas mayores de 5 anos,2004-11-01,1,0,1,0,1
31001,SACABA,mortalidad institucional,otras muertes en personas mayores de 5 anos,2004-11-01,1,23,1,23,24
50701,SACACA,mortalidad institucional,otras muertes en personas mayores de 5 anos,2004-11-01,1,4,1,4,5
70402,SAN CARLOS,mortalidad institucional,otras muertes en personas mayores de 5 anos,2004-11-01,2,7,2,7,9
70301,SAN IGNACIO DE VELASCO,mortalidad institucional,otras muertes en personas mayores de 5 anos,2004-11-01,2,0,2,0,2
80102,SAN JAVIER(BNI),mortalidad institucional,otras muertes en personas mayores de 5 anos,2004-11-01,1,0,1,0,1
80701,SAN JOAQUIN,mortalidad institucional,otras muertes en personas mayores de 5 anos,2004-11-01,0,1,0,1,1
10702,SAN LUCAS,mortalidad institucional,otras muertes en personas mayores de 5 anos,2004-11-01,0,1,0,1,1
70101,SANTA CRUZ DE LA SIERRA,mortalidad institucional,otras muertes en personas mayores de 5 anos,2004-11-01,9,0,9,0,9
20902,SAPAHAQUI,mortalidad institucional,otras muertes en personas mayores de 5 anos,2004-11-01,1,0,1,0,1
10403,SOPACHUY,mortalidad institucional,otras muertes en personas mayores de 5 anos,2004-11-01,1,0,1,0,1
10101,SUCRE,mortalidad institucional,otras muertes en personas mayores de 5 anos,2004-11-01,13,0,13,0,13
31101,TAPACARI,mortalidad institucional,otras muertes en personas mayores de 5 anos,2004-11-01,0,3,0,3,3
10601,TARABUCO,mortalidad institucional,otras muertes en personas mayores de 5 anos,2004-11-01,0,5,0,5,5
60101,TARIJA,mortalidad institucional,otras muertes en personas mayores de 5 anos,2004-11-01,30,0,30,0,30
10202,TARVITA,mortalidad institucional,otras muertes en personas mayores de 5 anos,2004-11-01,1,1,1,1,2
10402,TOMINA,mortalidad institucional,otras muertes en personas mayores de 5 anos,2004-11-01,2,4,2,4,6
50502,TORO TORO,mortalidad institucional,otras muertes en personas mayores de 5 anos,2004-11-01,0,2,0,2,2
70802,TRIGAL,mortalidad institucional,otras muertes en personas mayores de 5 anos,2004-11-01,0,1,0,1,1
80101,TRINIDAD,mortalidad institucional,otras muertes en personas mayores de 5 anos,2004-11-01,17,0,17,0,17
40402,TURCO,mortalidad institucional,otras muertes en personas mayores de 5 anos,2004-11-01,1,0,1,0,1
50201,UNCIA,mortalidad institucional,otras muertes en personas mayores de 5 anos,2004-11-01,5,1,5,1,6
51201,UYUNI,mortalidad institucional,otras muertes en personas mayores de 5 anos,2004-11-01,1,8,1,8,9
30502,VACAS,mortalidad institucional,otras muertes en personas mayores de 5 anos,2004-11-01,0,1,0,1,1
60303,VILLA MONTES,mortalidad institucional,otras muertes en personas mayores de 5 anos,2004-11-01,1,1,1,1,2
31402,VILLA RIVERO,mortalidad institucional,otras muertes en personas mayores de 5 anos,2004-11-01,0,1,0,1,1
10801,VILLA SERRANO,mortalidad institucional,otras muertes en personas mayores de 5 anos,2004-11-01,0,6,0,6,6
31003,VILLA TUNARI,mortalidad institucional,otras muertes en personas mayores de 5 anos,2004-11-01,1,0,1,0,1
11001,VILLA VACA GUZMAN (MUYUPAMPA),mortalidad institucional,otras muertes en personas mayores de 5 anos,2004-11-01,0,2,0,2,2
70201,WARNES,mortalidad institucional,otras muertes en personas mayores de 5 anos,2004-11-01,1,0,1,0,1
60301,YACUIBA,mortalidad institucional,otras muertes en personas mayores de 5 anos,2004-11-01,4,0,4,0,4
10602,YAMPARAEZ,mortalidad institucional,otras muertes en personas mayores de 5 anos,2004-11-01,0,4,0,4,4
70403,YAPACANI,mortalidad institucional,otras muertes en personas mayores de 5 anos,2004-11-01,0,3,0,3,3
10102,YOTALA,mortalidad institucional,otras muertes en personas mayores de 5 anos,2004-11-01,0,4,0,4,4
51302,ACACIO,mortalidad institucional,otras muertes en personas mayores de 5 anos,2004-12-01,1,0,1,0,1
20201,ACHACACHI,mortalidad institucional,otras muertes en personas mayores de 5 anos,2004-12-01,1,1,1,1,2
41201,ANDAMARCA,mortalidad institucional,otras muertes en personas mayores de 5 anos,2004-12-01,0,1,0,1,1
50802,ATOCHA,mortalidad institucional,otras muertes en personas mayores de 5 anos,2004-12-01,1,0,1,0,1
60202,BERMEJO,mortalidad institucional,otras muertes en personas mayores de 5 anos,2004-12-01,4,0,4,0,4
50301,BETANZOS,mortalidad institucional,otras muertes en personas mayores de 5 anos,2004-12-01,0,11,0,11,11
70401,BUENA VISTA,mortalidad institucional,otras muertes en personas mayores de 5 anos,2004-12-01,0,3,0,3,3
21304,CALAMARCA,mortalidad institucional,otras muertes en personas mayores de 5 anos,2004-12-01,0,1,0,1,1
70706,CAMIRI,mortalidad institucional,otras muertes en personas mayores de 5 anos,2004-12-01,3,0,3,0,3
22001,CARANAVI,mortalidad institucional,otras muertes en personas mayores de 5 anos,2004-12-01,3,0,3,0,3
50202,CHAYANTA,mortalidad institucional,otras muertes en personas mayores de 5 anos,2004-12-01,1,1,1,1,2
21101,CHULUMANI (V. DE LA LIBERTAD),mortalidad institucional,otras muertes en personas mayores de 5 anos,2004-12-01,0,1,0,1,1
90101,COBIJA,mortalidad institucional,otras muertes en personas mayores de 5 anos,2004-12-01,2,0,2,0,2
30101,COCHABAMBA,mortalidad institucional,otras muertes en personas mayores de 5 anos,2004-12-01,76,3,76,3,79
30905,COLCAPIRHUA,mortalidad institucional,otras muertes en personas mayores de 5 anos,2004-12-01,1,0,1,0,1
21307,COLLANA,mortalidad institucional,otras muertes en personas mayores de 5 anos,2004-12-01,0,3,0,3,3
31002,COLOMI,mortalidad institucional,otras muertes en personas mayores de 5 anos,2004-12-01,0,4,0,4,4
21306,COLQUENCHA,mortalidad institucional,otras muertes en personas mayores de 5 anos,2004-12-01,0,1,0,1,1
71301,COMARAPA,mortalidad institucional,otras muertes en personas mayores de 5 anos,2004-12-01,1,1,1,1,2
21701,COPACABANA,mortalidad institucional,otras muertes en personas mayores de 5 anos,2004-12-01,0,2,0,2,2
10902,CULPINA,mortalidad institucional,otras muertes en personas mayores de 5 anos,2004-12-01,0,3,0,3,3
20105,EL ALTO,mortalidad institucional,otras muertes en personas mayores de 5 anos,2004-12-01,9,7,9,7,16
20602,GUANAY,mortalidad institucional,otras muertes en personas mayores de 5 anos,2004-12-01,1,1,1,1,2
80202,GUAYARAMERIN,mortalidad institucional,otras muertes en personas mayores de 5 anos,2004-12-01,0,1,0,1,1
10502,HUACARETA,mortalidad institucional,otras muertes en personas mayores de 5 anos,2004-12-01,1,1,1,1,2
10304,ICLA,mortalidad institucional,otras muertes en personas mayores de 5 anos,2004-12-01,0,2,0,2,2
20101,LA PAZ,mortalidad institucional,otras muertes en personas mayores de 5 anos,2004-12-01,127,16,127,16,143
50203,LLALLAGUA,mortalidad institucional,otras muertes en personas mayores de 5 anos,2004-12-01,4,8,4,8,12
11003,MACHARETI,mortalidad institucional,otras muertes en personas mayores de 5 anos,2004-12-01,0,2,0,2,2
70903,MAIRANA,mortalidad institucional,otras muertes en personas mayores de 5 anos,2004-12-01,0,1,0,1,1
71003,MINEROS,mortalidad institucional,otras muertes en personas mayores de 5 anos,2004-12-01,1,0,1,0,1
31301,MIZQUE,mortalidad institucional,otras muertes en personas mayores de 5 anos,2004-12-01,0,2,0,2,2
20402,MOCOMOCO,mortalidad institucional,otras muertes en personas mayores de 5 anos,2004-12-01,0,2,0,2,2
10501,MONTEAGUDO,mortalidad institucional,otras muertes en personas mayores de 5 anos,2004-12-01,0,3,0,3,3
71001,MONTERO,mortalidad institucional,otras muertes en personas mayores de 5 anos,2004-12-01,2,5,2,5,7
40101,ORURO,mortalidad institucional,otras muertes en personas mayores de 5 anos,2004-12-01,40,7,40,7,47
21104,PALOS BLANCOS,mortalidad institucional,otras muertes en personas mayores de 5 anos,2004-12-01,0,2,0,2,2
70902,PAMPA GRANDE,mortalidad institucional,otras muertes en personas mayores de 5 anos,2004-12-01,0,3,0,3,3
50101,POTOSI,mortalidad institucional,otras muertes en personas mayores de 5 anos,2004-12-01,19,7,19,7,26
10302,PRESTO,mortalidad institucional,otras muertes en personas mayores de 5 anos,2004-12-01,0,2,0,2,2
21201,PUCARANI,mortalidad institucional,otras muertes en personas mayores de 5 anos,2004-12-01,0,8,0,8,8
20403,PUERTO CARABUCO,mortalidad institucional,otras muertes en personas mayores de 5 anos,2004-12-01,0,2,0,2,2
31205,PUERTO VILLARROEL,mortalidad institucional,otras muertes en personas mayores de 5 anos,2004-12-01,2,0,2,0,2
51101,PUNA,mortalidad institucional,otras muertes en personas mayores de 5 anos,2004-12-01,1,0,1,0,1
31401,PUNATA,mortalidad institucional,otras muertes en personas mayores de 5 anos,2004-12-01,2,2,2,2,4
21002,QUIME,mortalidad institucional,otras muertes en personas mayores de 5 anos,2004-12-01,0,1,0,1,1
80301,REYES,mortalidad institucional,otras muertes en personas mayores de 5 anos,2004-12-01,1,0,1,0,1
80201,RIBERALTA,mortalidad institucional,otras muertes en personas mayores de 5 anos,2004-12-01,3,0,3,0,3
80304,RURRENABAQUE,mortalidad institucional,otras muertes en personas mayores de 5 anos,2004-12-01,1,0,1,0,1
31001,SACABA,mortalidad institucional,otras muertes en personas mayores de 5 anos,2004-12-01,0,2,0,2,2
80302,SAN BORJA,mortalidad institucional,otras muertes en personas mayores de 5 anos,2004-12-01,1,0,1,0,1
70402,SAN CARLOS,mortalidad institucional,otras muertes en personas mayores de 5 anos,2004-12-01,2,2,2,2,4
70301,SAN IGNACIO DE VELASCO,mortalidad institucional,otras muertes en personas mayores de 5 anos,2004-12-01,1,0,1,0,1
80102,SAN JAVIER(BNI),mortalidad institucional,otras muertes en personas mayores de 5 anos,2004-12-01,1,0,1,0,1
70501,SAN JOSE DE CHIQUITOS,mortalidad institucional,otras muertes en personas mayores de 5 anos,2004-12-01,1,0,1,0,1
10702,SAN LUCAS,mortalidad institucional,otras muertes en personas mayores de 5 anos,2004-12-01,0,1,0,1,1
50501,SAN PEDRO DE BUENA VISTA,mortalidad institucional,otras muertes en personas mayores de 5 anos,2004-12-01,0,1,0,1,1
21702,SAN PEDRO DE TIQUINA,mortalidad institucional,otras muertes en personas mayores de 5 anos,2004-12-01,1,0,1,0,1
80401,SANTA ANA,mortalidad institucional,otras muertes en personas mayores de 5 anos,2004-12-01,1,0,1,0,1
70101,SANTA CRUZ DE LA SIERRA,mortalidad institucional,otras muertes en personas mayores de 5 anos,2004-12-01,3,0,3,0,3
21301,SICA SICA (VILLA AROMA),mortalidad institucional,otras muertes en personas mayores de 5 anos,2004-12-01,0,1,0,1,1
10101,SUCRE,mortalidad institucional,otras muertes en personas mayores de 5 anos,2004-12-01,41,0,41,0,41
31101,TAPACARI,mortalidad institucional,otras muertes en personas mayores de 5 anos,2004-12-01,0,4,0,4,4
10601,TARABUCO,mortalidad institucional,otras muertes en personas mayores de 5 anos,2004-12-01,0,7,0,7,7
60101,TARIJA,mortalidad institucional,otras muertes en personas mayores de 5 anos,2004-12-01,30,0,30,0,30
10202,TARVITA,mortalidad institucional,otras muertes en personas mayores de 5 anos,2004-12-01,0,2,0,2,2
20606,TIPUANI,mortalidad institucional,otras muertes en personas mayores de 5 anos,2004-12-01,0,3,0,3,3
31601,TIRAQUE (CBBA),mortalidad institucional,otras muertes en personas mayores de 5 anos,2004-12-01,0,1,0,1,1
10402,TOMINA,mortalidad institucional,otras muertes en personas mayores de 5 anos,2004-12-01,1,1,1,1,2
50502,TORO TORO,mortalidad institucional,otras muertes en personas mayores de 5 anos,2004-12-01,0,3,0,3,3
80101,TRINIDAD,mortalidad institucional,otras muertes en personas mayores de 5 anos,2004-12-01,13,2,13,2,15
50801,TUPIZA,mortalidad institucional,otras muertes en personas mayores de 5 anos,2004-12-01,1,2,1,2,3
21302,UMALA,mortalidad institucional,otras muertes en personas mayores de 5 anos,2004-12-01,0,1,0,1,1
50201,UNCIA,mortalidad institucional,otras muertes en personas mayores de 5 anos,2004-12-01,3,0,3,0,3
51201,UYUNI,mortalidad institucional,otras muertes en personas mayores de 5 anos,2004-12-01,1,4,1,4,5
70801,VALLEGRANDE,mortalidad institucional,otras muertes en personas mayores de 5 anos,2004-12-01,0,2,0,2,2
10801,VILLA SERRANO,mortalidad institucional,otras muertes en personas mayores de 5 anos,2004-12-01,0,6,0,6,6
31003,VILLA TUNARI,mortalidad institucional,otras muertes en personas mayores de 5 anos,2004-12-01,1,0,1,0,1
11001,VILLA VACA GUZMAN (MUYUPAMPA),mortalidad institucional,otras muertes en personas mayores de 5 anos,2004-12-01,0,1,0,1,1
51501,VILLAZON,mortalidad institucional,otras muertes en personas mayores de 5 anos,2004-12-01,4,0,4,0,4
70201,WARNES,mortalidad institucional,otras muertes en personas mayores de 5 anos,2004-12-01,0,1,0,1,1
10602,YAMPARAEZ,mortalidad institucional,otras muertes en personas mayores de 5 anos,2004-12-01,0,2,0,2,2
70403,YAPACANI,mortalidad institucional,otras muertes en personas mayores de 5 anos,2004-12-01,0,3,0,3,3
10102,YOTALA,mortalidad institucional,otras muertes en personas mayores de 5 anos,2004-12-01,0,2,0,2,2
60402,YUNCHARA,mortalidad institucional,otras muertes en personas mayores de 5 anos,2004-12-01,0,1,0,1,1
10301,ZUDAÑEZ,mortalidad institucional,otras muertes en personas mayores de 5 anos,2004-12-01,0,1,0,1,1
