codigo_municipio,municipio,grupo,variable,mes,Dentro-H,Dentro-M,Fuera-H,Fuera-M,TOTAL-H,TOTAL-M,TOTAL
51302,ACACIO,mortalidad institucional,otras muertes en personas mayores de 5 anos,2005-01-01,0,0,1,0,1,0,1
20701,APOLO,mortalidad institucional,otras muertes en personas mayores de 5 anos,2005-01-01,1,0,0,0,1,0,1
51301,ARAMPAMPA,mortalidad institucional,otras muertes en personas mayores de 5 anos,2005-01-01,0,0,1,0,1,0,1
50802,ATOCHA,mortalidad institucional,otras muertes en personas mayores de 5 anos,2005-01-01,1,0,0,0,1,0,1
10201,AZURDUY,mortalidad institucional,otras muertes en personas mayores de 5 anos,2005-01-01,0,0,1,0,1,0,1
41202,BELEN DE ANDAMARCA,mortalidad institucional,otras muertes en personas mayores de 5 anos,2005-01-01,0,0,1,1,1,1,2
60202,BERMEJO,mortalidad institucional,otras muertes en personas mayores de 5 anos,2005-01-01,1,0,0,0,1,0,1
50301,BETANZOS,mortalidad institucional,otras muertes en personas mayores de 5 anos,2005-01-01,0,0,1,1,1,1,2
70401,BUENA VISTA,mortalidad institucional,otras muertes en personas mayores de 5 anos,2005-01-01,1,0,0,1,1,1,2
10701,CAMARGO,mortalidad institucional,otras muertes en personas mayores de 5 anos,2005-01-01,1,0,0,0,1,0,1
70706,CAMIRI,mortalidad institucional,otras muertes en personas mayores de 5 anos,2005-01-01,3,4,0,0,3,4,7
50302,CHAQUI,mortalidad institucional,otras muertes en personas mayores de 5 anos,2005-01-01,0,0,0,1,0,1,1
70702,CHARAGUA,mortalidad institucional,otras muertes en personas mayores de 5 anos,2005-01-01,1,0,0,0,1,0,1
20305,CHARAÃ‘A,mortalidad institucional,otras muertes en personas mayores de 5 anos,2005-01-01,0,0,0,1,0,1,1
21101,CHULUMANI (V. DE LA LIBERTAD),mortalidad institucional,otras muertes en personas mayores de 5 anos,2005-01-01,3,0,0,0,3,0,3
90101,COBIJA,mortalidad institucional,otras muertes en personas mayores de 5 anos,2005-01-01,3,0,0,0,3,0,3
30101,COCHABAMBA,mortalidad institucional,otras muertes en personas mayores de 5 anos,2005-01-01,53,27,0,1,53,28,81
30905,COLCAPIRHUA,mortalidad institucional,otras muertes en personas mayores de 5 anos,2005-01-01,1,0,0,0,1,0,1
31002,COLOMI,mortalidad institucional,otras muertes en personas mayores de 5 anos,2005-01-01,1,0,4,3,5,3,8
21306,COLQUENCHA,mortalidad institucional,otras muertes en personas mayores de 5 anos,2005-01-01,0,0,0,1,0,1,1
21401,COROICO,mortalidad institucional,otras muertes en personas mayores de 5 anos,2005-01-01,1,1,0,1,1,2,3
50601,COTAGAITA,mortalidad institucional,otras muertes en personas mayores de 5 anos,2005-01-01,0,0,0,1,0,1,1
20105,EL ALTO,mortalidad institucional,otras muertes en personas mayores de 5 anos,2005-01-01,5,7,2,2,7,9,16
90503,EUREKA (SANTOS MERCADO),mortalidad institucional,otras muertes en personas mayores de 5 anos,2005-01-01,0,1,0,0,0,1,1
71004,FERNANDEZ ALONSO,mortalidad institucional,otras muertes en personas mayores de 5 anos,2005-01-01,0,0,1,0,1,0,1
80202,GUAYARAMERIN,mortalidad institucional,otras muertes en personas mayores de 5 anos,2005-01-01,3,1,0,0,3,1,4
11002,HUACAYA (VILLA DE HUACAYA),mortalidad institucional,otras muertes en personas mayores de 5 anos,2005-01-01,0,0,0,1,0,1,1
41601,HUAYLLAMARCA,mortalidad institucional,otras muertes en personas mayores de 5 anos,2005-01-01,1,0,0,0,1,0,1
10304,ICLA,mortalidad institucional,otras muertes en personas mayores de 5 anos,2005-01-01,0,0,1,0,1,0,1
20101,LA PAZ,mortalidad institucional,otras muertes en personas mayores de 5 anos,2005-01-01,111,47,3,3,114,50,164
50203,LLALLAGUA,mortalidad institucional,otras muertes en personas mayores de 5 anos,2005-01-01,2,1,0,0,2,1,3
11003,MACHARETI,mortalidad institucional,otras muertes en personas mayores de 5 anos,2005-01-01,0,0,1,2,1,2,3
70903,MAIRANA,mortalidad institucional,otras muertes en personas mayores de 5 anos,2005-01-01,0,1,0,0,0,1,1
20607,MAPIRI,mortalidad institucional,otras muertes en personas mayores de 5 anos,2005-01-01,1,0,0,0,1,0,1
20402,MOCOMOCO,mortalidad institucional,otras muertes en personas mayores de 5 anos,2005-01-01,0,0,1,0,1,0,1
10303,MOJOCOYA,mortalidad institucional,otras muertes en personas mayores de 5 anos,2005-01-01,0,0,1,0,1,0,1
10501,MONTEAGUDO,mortalidad institucional,otras muertes en personas mayores de 5 anos,2005-01-01,1,2,5,2,6,4,10
71001,MONTERO,mortalidad institucional,otras muertes en personas mayores de 5 anos,2005-01-01,0,0,7,0,7,0,7
50404,OCURI,mortalidad institucional,otras muertes en personas mayores de 5 anos,2005-01-01,0,1,0,0,0,1,1
40101,ORURO,mortalidad institucional,otras muertes en personas mayores de 5 anos,2005-01-01,17,15,0,3,17,18,35
10401,PADILLA,mortalidad institucional,otras muertes en personas mayores de 5 anos,2005-01-01,0,0,0,1,0,1,1
21104,PALOS BLANCOS,mortalidad institucional,otras muertes en personas mayores de 5 anos,2005-01-01,0,0,0,1,0,1,1
10103,POROMA,mortalidad institucional,otras muertes en personas mayores de 5 anos,2005-01-01,0,0,1,0,1,0,1
70601,PORTACHUELO,mortalidad institucional,otras muertes en personas mayores de 5 anos,2005-01-01,0,1,0,0,0,1,1
50101,POTOSI,mortalidad institucional,otras muertes en personas mayores de 5 anos,2005-01-01,13,17,0,0,13,17,30
10302,PRESTO,mortalidad institucional,otras muertes en personas mayores de 5 anos,2005-01-01,0,0,4,4,4,4,8
20401,PUERTO ACOSTA,mortalidad institucional,otras muertes en personas mayores de 5 anos,2005-01-01,0,0,2,0,2,0,2
90201,PUERTO RICO,mortalidad institucional,otras muertes en personas mayores de 5 anos,2005-01-01,2,0,0,0,2,0,2
71401,PUERTO SUAREZ,mortalidad institucional,otras muertes en personas mayores de 5 anos,2005-01-01,1,0,0,0,1,0,1
31205,PUERTO VILLARROEL,mortalidad institucional,otras muertes en personas mayores de 5 anos,2005-01-01,1,0,0,0,1,0,1
51101,PUNA,mortalidad institucional,otras muertes en personas mayores de 5 anos,2005-01-01,0,0,4,0,4,0,4
31401,PUNATA,mortalidad institucional,otras muertes en personas mayores de 5 anos,2005-01-01,1,1,4,5,5,6,11
30901,QUILLACOLLO,mortalidad institucional,otras muertes en personas mayores de 5 anos,2005-01-01,2,1,0,0,2,1,3
21002,QUIME,mortalidad institucional,otras muertes en personas mayores de 5 anos,2005-01-01,1,0,0,0,1,0,1
50402,RAVELO,mortalidad institucional,otras muertes en personas mayores de 5 anos,2005-01-01,0,0,0,2,0,2,2
80301,REYES,mortalidad institucional,otras muertes en personas mayores de 5 anos,2005-01-01,0,1,0,0,0,1,1
80201,RIBERALTA,mortalidad institucional,otras muertes en personas mayores de 5 anos,2005-01-01,1,0,0,0,1,0,1
80304,RURRENABAQUE,mortalidad institucional,otras muertes en personas mayores de 5 anos,2005-01-01,1,1,0,0,1,1,2
31001,SACABA,mortalidad institucional,otras muertes en personas mayores de 5 anos,2005-01-01,0,1,1,3,1,4,5
71302,SAIPINA,mortalidad institucional,otras muertes en personas mayores de 5 anos,2005-01-01,1,0,0,0,1,0,1
80302,SAN BORJA,mortalidad institucional,otras muertes en personas mayores de 5 anos,2005-01-01,1,0,0,0,1,0,1
70402,SAN CARLOS,mortalidad institucional,otras muertes en personas mayores de 5 anos,2005-01-01,1,0,0,0,1,0,1
70301,SAN IGNACIO DE VELASCO,mortalidad institucional,otras muertes en personas mayores de 5 anos,2005-01-01,3,0,0,1,3,1,4
70501,SAN JOSE DE CHIQUITOS,mortalidad institucional,otras muertes en personas mayores de 5 anos,2005-01-01,1,0,0,0,1,0,1
70404,SAN JUAN DE YAPACANI,mortalidad institucional,otras muertes en personas mayores de 5 anos,2005-01-01,1,1,0,0,1,1,2
10702,SAN LUCAS,mortalidad institucional,otras muertes en personas mayores de 5 anos,2005-01-01,0,0,3,0,3,0,3
71005,SAN PEDRO,mortalidad institucional,otras muertes en personas mayores de 5 anos,2005-01-01,1,0,1,0,2,0,2
70101,SANTA CRUZ DE LA SIERRA,mortalidad institucional,otras muertes en personas mayores de 5 anos,2005-01-01,5,8,1,0,6,8,14
41401,SANTIAGO DE HUARI,mortalidad institucional,otras muertes en personas mayores de 5 anos,2005-01-01,0,0,0,2,0,2,2
40104,SORACACHI,mortalidad institucional,otras muertes en personas mayores de 5 anos,2005-01-01,0,0,2,0,2,0,2
20601,SORATA,mortalidad institucional,otras muertes en personas mayores de 5 anos,2005-01-01,1,1,0,0,1,1,2
10101,SUCRE,mortalidad institucional,otras muertes en personas mayores de 5 anos,2005-01-01,18,12,0,0,18,12,30
10601,TARABUCO,mortalidad institucional,otras muertes en personas mayores de 5 anos,2005-01-01,0,0,1,2,1,2,3
60101,TARIJA,mortalidad institucional,otras muertes en personas mayores de 5 anos,2005-01-01,18,14,0,0,18,14,32
10202,TARVITA,mortalidad institucional,otras muertes en personas mayores de 5 anos,2005-01-01,0,0,0,1,0,1,1
41001,TOLEDO,mortalidad institucional,otras muertes en personas mayores de 5 anos,2005-01-01,1,0,1,0,2,0,2
10402,TOMINA,mortalidad institucional,otras muertes en personas mayores de 5 anos,2005-01-01,0,1,0,6,0,7,7
50502,TORO TORO,mortalidad institucional,otras muertes en personas mayores de 5 anos,2005-01-01,0,0,1,3,1,3,4
31201,TOTORA(CBBA),mortalidad institucional,otras muertes en personas mayores de 5 anos,2005-01-01,1,0,0,0,1,0,1
80101,TRINIDAD,mortalidad institucional,otras muertes en personas mayores de 5 anos,2005-01-01,9,3,3,4,12,7,19
50801,TUPIZA,mortalidad institucional,otras muertes en personas mayores de 5 anos,2005-01-01,0,1,3,6,3,7,10
51201,UYUNI,mortalidad institucional,otras muertes en personas mayores de 5 anos,2005-01-01,1,0,1,3,2,3,5
70801,VALLEGRANDE,mortalidad institucional,otras muertes en personas mayores de 5 anos,2005-01-01,0,0,1,1,1,1,2
10801,VILLA SERRANO,mortalidad institucional,otras muertes en personas mayores de 5 anos,2005-01-01,0,0,3,0,3,0,3
31003,VILLA TUNARI,mortalidad institucional,otras muertes en personas mayores de 5 anos,2005-01-01,3,0,0,0,3,0,3
11001,VILLA VACA GUZMAN (MUYUPAMPA),mortalidad institucional,otras muertes en personas mayores de 5 anos,2005-01-01,0,0,1,1,1,1,2
51501,VILLAZON,mortalidad institucional,otras muertes en personas mayores de 5 anos,2005-01-01,0,2,0,0,0,2,2
70201,WARNES,mortalidad institucional,otras muertes en personas mayores de 5 anos,2005-01-01,0,0,0,1,0,1,1
60301,YACUIBA,mortalidad institucional,otras muertes en personas mayores de 5 anos,2005-01-01,4,3,0,0,4,3,7
10602,YAMPARAEZ,mortalidad institucional,otras muertes en personas mayores de 5 anos,2005-01-01,1,0,3,2,4,2,6
70403,YAPACANI,mortalidad institucional,otras muertes en personas mayores de 5 anos,2005-01-01,1,0,0,3,1,3,4
10102,YOTALA,mortalidad institucional,otras muertes en personas mayores de 5 anos,2005-01-01,0,1,2,2,2,3,5
51302,ACACIO,mortalidad institucional,otras muertes en personas mayores de 5 anos,2005-02-01,0,0,0,1,0,1,1
20201,ACHACACHI,mortalidad institucional,otras muertes en personas mayores de 5 anos,2005-02-01,1,0,0,0,1,0,1
51301,ARAMPAMPA,mortalidad institucional,otras muertes en personas mayores de 5 anos,2005-02-01,0,0,1,1,1,1,2
30301,AYOPAYA (V. DE INDEPENDENCIA),mortalidad institucional,otras muertes en personas mayores de 5 anos,2005-02-01,1,0,0,0,1,0,1
60202,BERMEJO,mortalidad institucional,otras muertes en personas mayores de 5 anos,2005-02-01,0,2,0,0,0,2,2
50301,BETANZOS,mortalidad institucional,otras muertes en personas mayores de 5 anos,2005-02-01,0,0,1,2,1,2,3
70401,BUENA VISTA,mortalidad institucional,otras muertes en personas mayores de 5 anos,2005-02-01,1,0,0,0,1,0,1
51102,"CAIZA ""D""",mortalidad institucional,otras muertes en personas mayores de 5 anos,2005-02-01,0,0,1,2,1,2,3
10701,CAMARGO,mortalidad institucional,otras muertes en personas mayores de 5 anos,2005-02-01,0,0,0,1,0,1,1
70706,CAMIRI,mortalidad institucional,otras muertes en personas mayores de 5 anos,2005-02-01,1,1,0,0,1,1,2
22001,CARANAVI,mortalidad institucional,otras muertes en personas mayores de 5 anos,2005-02-01,1,0,1,4,2,4,6
40201,CHALLAPATA,mortalidad institucional,otras muertes en personas mayores de 5 anos,2005-02-01,1,0,0,0,1,0,1
50302,CHAQUI,mortalidad institucional,otras muertes en personas mayores de 5 anos,2005-02-01,0,0,2,1,2,1,3
70702,CHARAGUA,mortalidad institucional,otras muertes en personas mayores de 5 anos,2005-02-01,0,1,0,0,0,1,1
21101,CHULUMANI (V. DE LA LIBERTAD),mortalidad institucional,otras muertes en personas mayores de 5 anos,2005-02-01,2,0,0,0,2,0,2
90101,COBIJA,mortalidad institucional,otras muertes en personas mayores de 5 anos,2005-02-01,2,2,1,2,3,4,7
30101,COCHABAMBA,mortalidad institucional,otras muertes en personas mayores de 5 anos,2005-02-01,44,31,0,3,44,34,78
30905,COLCAPIRHUA,mortalidad institucional,otras muertes en personas mayores de 5 anos,2005-02-01,1,0,0,0,1,0,1
50901,"COLCHA ""K""",mortalidad institucional,otras muertes en personas mayores de 5 anos,2005-02-01,0,0,0,1,0,1,1
31002,COLOMI,mortalidad institucional,otras muertes en personas mayores de 5 anos,2005-02-01,0,0,0,1,0,1,1
71301,COMARAPA,mortalidad institucional,otras muertes en personas mayores de 5 anos,2005-02-01,1,1,0,0,1,1,2
21401,COROICO,mortalidad institucional,otras muertes en personas mayores de 5 anos,2005-02-01,1,0,0,1,1,1,2
50601,COTAGAITA,mortalidad institucional,otras muertes en personas mayores de 5 anos,2005-02-01,0,0,1,0,1,0,1
70102,COTOCA,mortalidad institucional,otras muertes en personas mayores de 5 anos,2005-02-01,0,1,0,0,0,1,1
20105,EL ALTO,mortalidad institucional,otras muertes en personas mayores de 5 anos,2005-02-01,6,5,2,2,8,7,15
20602,GUANAY,mortalidad institucional,otras muertes en personas mayores de 5 anos,2005-02-01,0,1,0,0,0,1,1
70705,GUTIERREZ,mortalidad institucional,otras muertes en personas mayores de 5 anos,2005-02-01,1,0,0,0,1,0,1
10304,ICLA,mortalidad institucional,otras muertes en personas mayores de 5 anos,2005-02-01,0,0,1,1,1,1,2
10703,INCAHUASI,mortalidad institucional,otras muertes en personas mayores de 5 anos,2005-02-01,0,0,1,0,1,0,1
21102,IRUPANA (VILLA DE LANZA),mortalidad institucional,otras muertes en personas mayores de 5 anos,2005-02-01,1,0,0,1,1,1,2
21105,LA ASUNTA,mortalidad institucional,otras muertes en personas mayores de 5 anos,2005-02-01,1,0,0,0,1,0,1
20101,LA PAZ,mortalidad institucional,otras muertes en personas mayores de 5 anos,2005-02-01,83,72,4,5,87,77,164
50203,LLALLAGUA,mortalidad institucional,otras muertes en personas mayores de 5 anos,2005-02-01,0,2,3,3,3,5,8
11003,MACHARETI,mortalidad institucional,otras muertes en personas mayores de 5 anos,2005-02-01,0,2,1,1,1,3,4
80801,MAGDALENA,mortalidad institucional,otras muertes en personas mayores de 5 anos,2005-02-01,1,1,0,0,1,1,2
31301,MIZQUE,mortalidad institucional,otras muertes en personas mayores de 5 anos,2005-02-01,0,1,2,0,2,1,3
20402,MOCOMOCO,mortalidad institucional,otras muertes en personas mayores de 5 anos,2005-02-01,0,0,0,2,0,2,2
10501,MONTEAGUDO,mortalidad institucional,otras muertes en personas mayores de 5 anos,2005-02-01,2,0,1,1,3,1,4
71001,MONTERO,mortalidad institucional,otras muertes en personas mayores de 5 anos,2005-02-01,0,0,5,0,5,0,5
40101,ORURO,mortalidad institucional,otras muertes en personas mayores de 5 anos,2005-02-01,18,19,4,3,22,22,44
50101,POTOSI,mortalidad institucional,otras muertes en personas mayores de 5 anos,2005-02-01,9,5,1,1,10,6,16
10302,PRESTO,mortalidad institucional,otras muertes en personas mayores de 5 anos,2005-02-01,0,0,0,1,0,1,1
70805,PUCARA,mortalidad institucional,otras muertes en personas mayores de 5 anos,2005-02-01,0,1,0,0,0,1,1
20401,PUERTO ACOSTA,mortalidad institucional,otras muertes en personas mayores de 5 anos,2005-02-01,0,0,0,2,0,2,2
20403,PUERTO CARABUCO,mortalidad institucional,otras muertes en personas mayores de 5 anos,2005-02-01,0,0,1,1,1,1,2
90201,PUERTO RICO,mortalidad institucional,otras muertes en personas mayores de 5 anos,2005-02-01,1,0,0,0,1,0,1
31205,PUERTO VILLARROEL,mortalidad institucional,otras muertes en personas mayores de 5 anos,2005-02-01,4,0,0,0,4,0,4
51101,PUNA,mortalidad institucional,otras muertes en personas mayores de 5 anos,2005-02-01,0,1,1,0,1,1,2
31401,PUNATA,mortalidad institucional,otras muertes en personas mayores de 5 anos,2005-02-01,2,1,4,2,6,3,9
30901,QUILLACOLLO,mortalidad institucional,otras muertes en personas mayores de 5 anos,2005-02-01,1,0,0,0,1,0,1
21002,QUIME,mortalidad institucional,otras muertes en personas mayores de 5 anos,2005-02-01,1,0,0,0,1,0,1
50402,RAVELO,mortalidad institucional,otras muertes en personas mayores de 5 anos,2005-02-01,0,0,0,1,0,1,1
80301,REYES,mortalidad institucional,otras muertes en personas mayores de 5 anos,2005-02-01,0,1,0,0,0,1,1
80201,RIBERALTA,mortalidad institucional,otras muertes en personas mayores de 5 anos,2005-02-01,2,0,0,0,2,0,2
80304,RURRENABAQUE,mortalidad institucional,otras muertes en personas mayores de 5 anos,2005-02-01,1,0,0,0,1,0,1
31001,SACABA,mortalidad institucional,otras muertes en personas mayores de 5 anos,2005-02-01,2,0,1,2,3,2,5
50701,SACACA,mortalidad institucional,otras muertes en personas mayores de 5 anos,2005-02-01,0,0,3,0,3,0,3
51601,SAN AGUSTIN,mortalidad institucional,otras muertes en personas mayores de 5 anos,2005-02-01,0,0,0,1,0,1,1
80602,SAN ANDRES,mortalidad institucional,otras muertes en personas mayores de 5 anos,2005-02-01,2,0,0,0,2,0,2
80302,SAN BORJA,mortalidad institucional,otras muertes en personas mayores de 5 anos,2005-02-01,1,1,0,0,1,1,2
70301,SAN IGNACIO DE VELASCO,mortalidad institucional,otras muertes en personas mayores de 5 anos,2005-02-01,0,2,0,0,0,2,2
10702,SAN LUCAS,mortalidad institucional,otras muertes en personas mayores de 5 anos,2005-02-01,0,0,5,5,5,5,10
71005,SAN PEDRO,mortalidad institucional,otras muertes en personas mayores de 5 anos,2005-02-01,2,0,0,0,2,0,2
50501,SAN PEDRO DE BUENA VISTA,mortalidad institucional,otras muertes en personas mayores de 5 anos,2005-02-01,0,0,4,0,4,0,4
80401,SANTA ANA,mortalidad institucional,otras muertes en personas mayores de 5 anos,2005-02-01,0,1,0,1,0,2,2
70101,SANTA CRUZ DE LA SIERRA,mortalidad institucional,otras muertes en personas mayores de 5 anos,2005-02-01,6,8,0,0,6,8,14
10101,SUCRE,mortalidad institucional,otras muertes en personas mayores de 5 anos,2005-02-01,9,9,1,2,10,11,21
10601,TARABUCO,mortalidad institucional,otras muertes en personas mayores de 5 anos,2005-02-01,1,0,2,3,3,3,6
60101,TARIJA,mortalidad institucional,otras muertes en personas mayores de 5 anos,2005-02-01,19,14,2,2,21,16,37
10202,TARVITA,mortalidad institucional,otras muertes en personas mayores de 5 anos,2005-02-01,0,0,2,0,2,0,2
50502,TORO TORO,mortalidad institucional,otras muertes en personas mayores de 5 anos,2005-02-01,0,0,2,1,2,1,3
70802,TRIGAL,mortalidad institucional,otras muertes en personas mayores de 5 anos,2005-02-01,1,0,0,0,1,0,1
80101,TRINIDAD,mortalidad institucional,otras muertes en personas mayores de 5 anos,2005-02-01,4,3,1,0,5,3,8
50801,TUPIZA,mortalidad institucional,otras muertes en personas mayores de 5 anos,2005-02-01,1,2,0,0,1,2,3
21302,UMALA,mortalidad institucional,otras muertes en personas mayores de 5 anos,2005-02-01,0,0,1,0,1,0,1
51201,UYUNI,mortalidad institucional,otras muertes en personas mayores de 5 anos,2005-02-01,0,0,1,9,1,9,10
70801,VALLEGRANDE,mortalidad institucional,otras muertes en personas mayores de 5 anos,2005-02-01,2,1,0,0,2,1,3
60303,VILLA MONTES,mortalidad institucional,otras muertes en personas mayores de 5 anos,2005-02-01,4,1,0,0,4,1,5
31003,VILLA TUNARI,mortalidad institucional,otras muertes en personas mayores de 5 anos,2005-02-01,2,2,0,0,2,2,4
11001,VILLA VACA GUZMAN (MUYUPAMPA),mortalidad institucional,otras muertes en personas mayores de 5 anos,2005-02-01,1,0,0,0,1,0,1
51501,VILLAZON,mortalidad institucional,otras muertes en personas mayores de 5 anos,2005-02-01,3,2,0,0,3,2,5
60301,YACUIBA,mortalidad institucional,otras muertes en personas mayores de 5 anos,2005-02-01,3,3,0,0,3,3,6
10602,YAMPARAEZ,mortalidad institucional,otras muertes en personas mayores de 5 anos,2005-02-01,0,0,0,1,0,1,1
70403,YAPACANI,mortalidad institucional,otras muertes en personas mayores de 5 anos,2005-02-01,3,0,0,2,3,2,5
10102,YOTALA,mortalidad institucional,otras muertes en personas mayores de 5 anos,2005-02-01,0,0,1,1,1,1,2
10301,ZUDAÃ‘EZ,mortalidad institucional,otras muertes en personas mayores de 5 anos,2005-02-01,0,0,0,2,0,2,2
30201,AIQUILE,mortalidad institucional,otras muertes en personas mayores de 5 anos,2005-03-01,1,0,0,0,1,0,1
50802,ATOCHA,mortalidad institucional,otras muertes en personas mayores de 5 anos,2005-03-01,1,0,0,0,1,0,1
20502,AYATA,mortalidad institucional,otras muertes en personas mayores de 5 anos,2005-03-01,0,0,0,1,0,1,1
10201,AZURDUY,mortalidad institucional,otras muertes en personas mayores de 5 anos,2005-03-01,0,0,1,1,1,1,2
60202,BERMEJO,mortalidad institucional,otras muertes en personas mayores de 5 anos,2005-03-01,3,2,0,0,3,2,5
50301,BETANZOS,mortalidad institucional,otras muertes en personas mayores de 5 anos,2005-03-01,0,0,0,3,0,3,3
70707,BOYUIBE,mortalidad institucional,otras muertes en personas mayores de 5 anos,2005-03-01,1,0,0,0,1,0,1
70401,BUENA VISTA,mortalidad institucional,otras muertes en personas mayores de 5 anos,2005-03-01,2,0,0,0,2,0,2
51102,"CAIZA ""D""",mortalidad institucional,otras muertes en personas mayores de 5 anos,2005-03-01,1,0,0,2,1,2,3
10701,CAMARGO,mortalidad institucional,otras muertes en personas mayores de 5 anos,2005-03-01,0,1,0,0,0,1,1
70706,CAMIRI,mortalidad institucional,otras muertes en personas mayores de 5 anos,2005-03-01,3,1,0,0,3,1,4
22001,CARANAVI,mortalidad institucional,otras muertes en personas mayores de 5 anos,2005-03-01,2,0,1,1,3,1,4
50302,CHAQUI,mortalidad institucional,otras muertes en personas mayores de 5 anos,2005-03-01,0,0,2,1,2,1,3
70702,CHARAGUA,mortalidad institucional,otras muertes en personas mayores de 5 anos,2005-03-01,0,2,0,0,0,2,2
90101,COBIJA,mortalidad institucional,otras muertes en personas mayores de 5 anos,2005-03-01,2,2,0,0,2,2,4
30101,COCHABAMBA,mortalidad institucional,otras muertes en personas mayores de 5 anos,2005-03-01,52,39,0,2,52,41,93
30905,COLCAPIRHUA,mortalidad institucional,otras muertes en personas mayores de 5 anos,2005-03-01,3,0,0,0,3,0,3
31002,COLOMI,mortalidad institucional,otras muertes en personas mayores de 5 anos,2005-03-01,0,0,5,4,5,4,9
71301,COMARAPA,mortalidad institucional,otras muertes en personas mayores de 5 anos,2005-03-01,3,0,0,0,3,0,3
21401,COROICO,mortalidad institucional,otras muertes en personas mayores de 5 anos,2005-03-01,1,0,0,1,1,1,2
40301,CORQUE,mortalidad institucional,otras muertes en personas mayores de 5 anos,2005-03-01,0,0,2,0,2,0,2
70102,COTOCA,mortalidad institucional,otras muertes en personas mayores de 5 anos,2005-03-01,0,0,3,0,3,0,3
10902,CULPINA,mortalidad institucional,otras muertes en personas mayores de 5 anos,2005-03-01,0,0,0,1,0,1,1
20105,EL ALTO,mortalidad institucional,otras muertes en personas mayores de 5 anos,2005-03-01,6,4,3,2,9,6,15
41101,EUCALIPTUS,mortalidad institucional,otras muertes en personas mayores de 5 anos,2005-03-01,0,0,1,1,1,1,2
20602,GUANAY,mortalidad institucional,otras muertes en personas mayores de 5 anos,2005-03-01,1,0,1,2,2,2,4
40701,HUANUNI,mortalidad institucional,otras muertes en personas mayores de 5 anos,2005-03-01,0,0,1,0,1,0,1
41601,HUAYLLAMARCA,mortalidad institucional,otras muertes en personas mayores de 5 anos,2005-03-01,0,0,0,1,0,1,1
10304,ICLA,mortalidad institucional,otras muertes en personas mayores de 5 anos,2005-03-01,0,0,2,0,2,0,2
20101,LA PAZ,mortalidad institucional,otras muertes en personas mayores de 5 anos,2005-03-01,91,87,7,10,98,97,195
50203,LLALLAGUA,mortalidad institucional,otras muertes en personas mayores de 5 anos,2005-03-01,0,0,2,6,2,6,8
11003,MACHARETI,mortalidad institucional,otras muertes en personas mayores de 5 anos,2005-03-01,0,0,2,0,2,0,2
80801,MAGDALENA,mortalidad institucional,otras muertes en personas mayores de 5 anos,2005-03-01,1,0,0,0,1,0,1
31301,MIZQUE,mortalidad institucional,otras muertes en personas mayores de 5 anos,2005-03-01,1,0,1,2,2,2,4
20402,MOCOMOCO,mortalidad institucional,otras muertes en personas mayores de 5 anos,2005-03-01,0,0,0,2,0,2,2
10501,MONTEAGUDO,mortalidad institucional,otras muertes en personas mayores de 5 anos,2005-03-01,4,0,0,5,4,5,9
71001,MONTERO,mortalidad institucional,otras muertes en personas mayores de 5 anos,2005-03-01,2,0,9,0,11,0,11
40101,ORURO,mortalidad institucional,otras muertes en personas mayores de 5 anos,2005-03-01,22,14,2,2,24,16,40
10401,PADILLA,mortalidad institucional,otras muertes en personas mayores de 5 anos,2005-03-01,0,0,0,1,0,1,1
21104,PALOS BLANCOS,mortalidad institucional,otras muertes en personas mayores de 5 anos,2005-03-01,0,0,1,0,1,0,1
21802,PAPEL PAMPA,mortalidad institucional,otras muertes en personas mayores de 5 anos,2005-03-01,0,0,1,0,1,0,1
70601,PORTACHUELO,mortalidad institucional,otras muertes en personas mayores de 5 anos,2005-03-01,0,1,0,0,0,1,1
50101,POTOSI,mortalidad institucional,otras muertes en personas mayores de 5 anos,2005-03-01,11,6,0,0,11,6,17
10302,PRESTO,mortalidad institucional,otras muertes en personas mayores de 5 anos,2005-03-01,0,0,0,1,0,1,1
90201,PUERTO RICO,mortalidad institucional,otras muertes en personas mayores de 5 anos,2005-03-01,0,0,1,0,1,0,1
31205,PUERTO VILLARROEL,mortalidad institucional,otras muertes en personas mayores de 5 anos,2005-03-01,1,0,0,0,1,0,1
51101,PUNA,mortalidad institucional,otras muertes en personas mayores de 5 anos,2005-03-01,0,1,12,0,12,1,13
31401,PUNATA,mortalidad institucional,otras muertes en personas mayores de 5 anos,2005-03-01,1,0,10,8,11,8,19
80301,REYES,mortalidad institucional,otras muertes en personas mayores de 5 anos,2005-03-01,1,0,0,0,1,0,1
80201,RIBERALTA,mortalidad institucional,otras muertes en personas mayores de 5 anos,2005-03-01,3,4,0,0,3,4,7
70503,ROBORE,mortalidad institucional,otras muertes en personas mayores de 5 anos,2005-03-01,1,0,0,0,1,0,1
31001,SACABA,mortalidad institucional,otras muertes en personas mayores de 5 anos,2005-03-01,1,0,5,8,6,8,14
50701,SACACA,mortalidad institucional,otras muertes en personas mayores de 5 anos,2005-03-01,0,0,2,0,2,0,2
40801,SALINAS DE GARCI MENDOZA,mortalidad institucional,otras muertes en personas mayores de 5 anos,2005-03-01,0,0,0,2,0,2,2
80602,SAN ANDRES,mortalidad institucional,otras muertes en personas mayores de 5 anos,2005-03-01,0,1,0,0,0,1,1
70402,SAN CARLOS,mortalidad institucional,otras muertes en personas mayores de 5 anos,2005-03-01,1,0,0,0,1,0,1
70301,SAN IGNACIO DE VELASCO,mortalidad institucional,otras muertes en personas mayores de 5 anos,2005-03-01,2,0,0,0,2,0,2
80102,SAN JAVIER(BNI),mortalidad institucional,otras muertes en personas mayores de 5 anos,2005-03-01,0,0,1,0,1,0,1
80701,SAN JOAQUIN,mortalidad institucional,otras muertes en personas mayores de 5 anos,2005-03-01,0,1,0,0,0,1,1
70501,SAN JOSE DE CHIQUITOS,mortalidad institucional,otras muertes en personas mayores de 5 anos,2005-03-01,0,0,5,1,5,1,6
71104,SAN JULIAN,mortalidad institucional,otras muertes en personas mayores de 5 anos,2005-03-01,1,0,0,0,1,0,1
10702,SAN LUCAS,mortalidad institucional,otras muertes en personas mayores de 5 anos,2005-03-01,0,0,2,3,2,3,5
71201,SAN MATIAS,mortalidad institucional,otras muertes en personas mayores de 5 anos,2005-03-01,2,0,0,0,2,0,2
70302,SAN MIGUEL DE VELASCO,mortalidad institucional,otras muertes en personas mayores de 5 anos,2005-03-01,0,0,1,1,1,1,2
71005,SAN PEDRO,mortalidad institucional,otras muertes en personas mayores de 5 anos,2005-03-01,1,0,1,0,2,0,2
70101,SANTA CRUZ DE LA SIERRA,mortalidad institucional,otras muertes en personas mayores de 5 anos,2005-03-01,1,1,0,0,1,1,2
10101,SUCRE,mortalidad institucional,otras muertes en personas mayores de 5 anos,2005-03-01,10,19,0,0,10,19,29
31101,TAPACARI,mortalidad institucional,otras muertes en personas mayores de 5 anos,2005-03-01,0,0,3,0,3,0,3
10601,TARABUCO,mortalidad institucional,otras muertes en personas mayores de 5 anos,2005-03-01,0,0,8,4,8,4,12
60101,TARIJA,mortalidad institucional,otras muertes en personas mayores de 5 anos,2005-03-01,21,13,3,2,24,15,39
10202,TARVITA,mortalidad institucional,otras muertes en personas mayores de 5 anos,2005-03-01,0,0,2,0,2,0,2
20606,TIPUANI,mortalidad institucional,otras muertes en personas mayores de 5 anos,2005-03-01,0,1,0,0,0,1,1
31601,TIRAQUE (CBBA),mortalidad institucional,otras muertes en personas mayores de 5 anos,2005-03-01,1,0,0,0,1,0,1
10402,TOMINA,mortalidad institucional,otras muertes en personas mayores de 5 anos,2005-03-01,0,1,2,0,2,1,3
80101,TRINIDAD,mortalidad institucional,otras muertes en personas mayores de 5 anos,2005-03-01,13,8,3,2,16,10,26
50801,TUPIZA,mortalidad institucional,otras muertes en personas mayores de 5 anos,2005-03-01,0,0,0,14,0,14,14
21302,UMALA,mortalidad institucional,otras muertes en personas mayores de 5 anos,2005-03-01,0,0,0,1,0,1,1
51201,UYUNI,mortalidad institucional,otras muertes en personas mayores de 5 anos,2005-03-01,0,0,4,3,4,3,7
70801,VALLEGRANDE,mortalidad institucional,otras muertes en personas mayores de 5 anos,2005-03-01,0,0,0,1,0,1,1
60303,VILLA MONTES,mortalidad institucional,otras muertes en personas mayores de 5 anos,2005-03-01,4,0,0,0,4,0,4
10801,VILLA SERRANO,mortalidad institucional,otras muertes en personas mayores de 5 anos,2005-03-01,0,0,1,0,1,0,1
31003,VILLA TUNARI,mortalidad institucional,otras muertes en personas mayores de 5 anos,2005-03-01,4,0,1,0,5,0,5
11001,VILLA VACA GUZMAN (MUYUPAMPA),mortalidad institucional,otras muertes en personas mayores de 5 anos,2005-03-01,0,0,1,0,1,0,1
51501,VILLAZON,mortalidad institucional,otras muertes en personas mayores de 5 anos,2005-03-01,2,1,0,0,2,1,3
50602,VITICHI,mortalidad institucional,otras muertes en personas mayores de 5 anos,2005-03-01,0,0,2,0,2,0,2
60301,YACUIBA,mortalidad institucional,otras muertes en personas mayores de 5 anos,2005-03-01,8,2,0,0,8,2,10
10602,YAMPARAEZ,mortalidad institucional,otras muertes en personas mayores de 5 anos,2005-03-01,1,0,0,0,1,0,1
70403,YAPACANI,mortalidad institucional,otras muertes en personas mayores de 5 anos,2005-03-01,1,0,0,0,1,0,1
10102,YOTALA,mortalidad institucional,otras muertes en personas mayores de 5 anos,2005-03-01,0,0,1,0,1,0,1
20201,ACHACACHI,mortalidad institucional,otras muertes en personas mayores de 5 anos,2005-04-01,0,1,2,2,2,3,5
30201,AIQUILE,mortalidad institucional,otras muertes en personas mayores de 5 anos,2005-04-01,0,1,0,0,0,1,1
10404,ALCALA,mortalidad institucional,otras muertes en personas mayores de 5 anos,2005-04-01,0,0,0,1,0,1,1
20202,ANCORAIMES,mortalidad institucional,otras muertes en personas mayores de 5 anos,2005-04-01,0,0,1,1,1,1,2
51301,ARAMPAMPA,mortalidad institucional,otras muertes en personas mayores de 5 anos,2005-04-01,0,0,0,1,0,1,1
30301,AYOPAYA (V. DE INDEPENDENCIA),mortalidad institucional,otras muertes en personas mayores de 5 anos,2005-04-01,0,1,0,0,0,1,1
10201,AZURDUY,mortalidad institucional,otras muertes en personas mayores de 5 anos,2005-04-01,0,0,0,1,0,1,1
60202,BERMEJO,mortalidad institucional,otras muertes en personas mayores de 5 anos,2005-04-01,0,1,0,0,0,1,1
50301,BETANZOS,mortalidad institucional,otras muertes en personas mayores de 5 anos,2005-04-01,0,0,6,4,6,4,10
31501,BOLIVAR,mortalidad institucional,otras muertes en personas mayores de 5 anos,2005-04-01,0,0,0,1,0,1,1
51102,"CAIZA ""D""",mortalidad institucional,otras muertes en personas mayores de 5 anos,2005-04-01,0,0,2,4,2,4,6
10701,CAMARGO,mortalidad institucional,otras muertes en personas mayores de 5 anos,2005-04-01,1,0,0,0,1,0,1
22001,CARANAVI,mortalidad institucional,otras muertes en personas mayores de 5 anos,2005-04-01,3,1,2,0,5,1,6
40201,CHALLAPATA,mortalidad institucional,otras muertes en personas mayores de 5 anos,2005-04-01,0,0,1,3,1,3,4
50302,CHAQUI,mortalidad institucional,otras muertes en personas mayores de 5 anos,2005-04-01,0,0,0,1,0,1,1
70702,CHARAGUA,mortalidad institucional,otras muertes en personas mayores de 5 anos,2005-04-01,1,1,0,0,1,1,2
21101,CHULUMANI (V. DE LA LIBERTAD),mortalidad institucional,otras muertes en personas mayores de 5 anos,2005-04-01,2,0,0,0,2,0,2
90101,COBIJA,mortalidad institucional,otras muertes en personas mayores de 5 anos,2005-04-01,1,0,0,0,1,0,1
30101,COCHABAMBA,mortalidad institucional,otras muertes en personas mayores de 5 anos,2005-04-01,37,18,0,1,37,19,56
21307,COLLANA,mortalidad institucional,otras muertes en personas mayores de 5 anos,2005-04-01,0,0,0,1,0,1,1
31002,COLOMI,mortalidad institucional,otras muertes en personas mayores de 5 anos,2005-04-01,0,0,3,1,3,1,4
71301,COMARAPA,mortalidad institucional,otras muertes en personas mayores de 5 anos,2005-04-01,1,0,2,2,3,2,5
21701,COPACABANA,mortalidad institucional,otras muertes en personas mayores de 5 anos,2005-04-01,0,0,0,2,0,2,2
21402,CORIPATA,mortalidad institucional,otras muertes en personas mayores de 5 anos,2005-04-01,0,0,1,0,1,0,1
21401,COROICO,mortalidad institucional,otras muertes en personas mayores de 5 anos,2005-04-01,0,1,0,3,0,4,4
40301,CORQUE,mortalidad institucional,otras muertes en personas mayores de 5 anos,2005-04-01,0,0,0,1,0,1,1
70102,COTOCA,mortalidad institucional,otras muertes en personas mayores de 5 anos,2005-04-01,0,0,2,0,2,0,2
10902,CULPINA,mortalidad institucional,otras muertes en personas mayores de 5 anos,2005-04-01,0,0,2,2,2,2,4
20105,EL ALTO,mortalidad institucional,otras muertes en personas mayores de 5 anos,2005-04-01,2,5,1,2,3,7,10
10405,EL VILLAR,mortalidad institucional,otras muertes en personas mayores de 5 anos,2005-04-01,0,0,0,1,0,1,1
41101,EUCALIPTUS,mortalidad institucional,otras muertes en personas mayores de 5 anos,2005-04-01,0,0,2,0,2,0,2
71004,FERNANDEZ ALONSO,mortalidad institucional,otras muertes en personas mayores de 5 anos,2005-04-01,2,0,0,0,2,0,2
20602,GUANAY,mortalidad institucional,otras muertes en personas mayores de 5 anos,2005-04-01,0,1,0,0,0,1,1
80202,GUAYARAMERIN,mortalidad institucional,otras muertes en personas mayores de 5 anos,2005-04-01,0,1,0,0,0,1,1
70705,GUTIERREZ,mortalidad institucional,otras muertes en personas mayores de 5 anos,2005-04-01,1,1,0,0,1,1,2
10502,HUACARETA,mortalidad institucional,otras muertes en personas mayores de 5 anos,2005-04-01,1,0,2,0,3,0,3
11002,HUACAYA (VILLA DE HUACAYA),mortalidad institucional,otras muertes en personas mayores de 5 anos,2005-04-01,0,0,1,1,1,1,2
40701,HUANUNI,mortalidad institucional,otras muertes en personas mayores de 5 anos,2005-04-01,0,1,0,0,0,1,1
10304,ICLA,mortalidad institucional,otras muertes en personas mayores de 5 anos,2005-04-01,1,0,0,1,1,1,2
10703,INCAHUASI,mortalidad institucional,otras muertes en personas mayores de 5 anos,2005-04-01,0,0,1,0,1,0,1
20101,LA PAZ,mortalidad institucional,otras muertes en personas mayores de 5 anos,2005-04-01,59,80,4,10,63,90,153
50203,LLALLAGUA,mortalidad institucional,otras muertes en personas mayores de 5 anos,2005-04-01,1,1,3,3,4,4,8
11003,MACHARETI,mortalidad institucional,otras muertes en personas mayores de 5 anos,2005-04-01,1,0,0,0,1,0,1
80801,MAGDALENA,mortalidad institucional,otras muertes en personas mayores de 5 anos,2005-04-01,1,0,0,1,1,1,2
31301,MIZQUE,mortalidad institucional,otras muertes en personas mayores de 5 anos,2005-04-01,0,0,1,0,1,0,1
20402,MOCOMOCO,mortalidad institucional,otras muertes en personas mayores de 5 anos,2005-04-01,0,0,1,2,1,2,3
10501,MONTEAGUDO,mortalidad institucional,otras muertes en personas mayores de 5 anos,2005-04-01,2,1,0,3,2,4,6
71001,MONTERO,mortalidad institucional,otras muertes en personas mayores de 5 anos,2005-04-01,1,0,9,0,10,0,10
40101,ORURO,mortalidad institucional,otras muertes en personas mayores de 5 anos,2005-04-01,16,11,3,7,19,18,37
10401,PADILLA,mortalidad institucional,otras muertes en personas mayores de 5 anos,2005-04-01,0,0,0,1,0,1,1
70502,PAILON,mortalidad institucional,otras muertes en personas mayores de 5 anos,2005-04-01,2,0,1,0,3,0,3
21802,PAPEL PAMPA,mortalidad institucional,otras muertes en personas mayores de 5 anos,2005-04-01,0,0,0,1,0,1,1
40602,PAZÃ‘A,mortalidad institucional,otras muertes en personas mayores de 5 anos,2005-04-01,0,0,1,1,1,1,2
20702,PELECHUCO,mortalidad institucional,otras muertes en personas mayores de 5 anos,2005-04-01,0,0,1,0,1,0,1
10103,POROMA,mortalidad institucional,otras muertes en personas mayores de 5 anos,2005-04-01,0,0,0,1,0,1,1
50101,POTOSI,mortalidad institucional,otras muertes en personas mayores de 5 anos,2005-04-01,11,15,1,0,12,15,27
10302,PRESTO,mortalidad institucional,otras muertes en personas mayores de 5 anos,2005-04-01,1,0,0,1,1,1,2
70805,PUCARA,mortalidad institucional,otras muertes en personas mayores de 5 anos,2005-04-01,0,1,0,0,0,1,1
20401,PUERTO ACOSTA,mortalidad institucional,otras muertes en personas mayores de 5 anos,2005-04-01,0,0,1,0,1,0,1
31205,PUERTO VILLARROEL,mortalidad institucional,otras muertes en personas mayores de 5 anos,2005-04-01,1,1,2,0,3,1,4
51101,PUNA,mortalidad institucional,otras muertes en personas mayores de 5 anos,2005-04-01,0,0,1,0,1,0,1
31401,PUNATA,mortalidad institucional,otras muertes en personas mayores de 5 anos,2005-04-01,1,0,5,2,6,2,8
30901,QUILLACOLLO,mortalidad institucional,otras muertes en personas mayores de 5 anos,2005-04-01,0,1,0,0,0,1,1
21002,QUIME,mortalidad institucional,otras muertes en personas mayores de 5 anos,2005-04-01,0,0,1,0,1,0,1
50402,RAVELO,mortalidad institucional,otras muertes en personas mayores de 5 anos,2005-04-01,1,0,0,0,1,0,1
80201,RIBERALTA,mortalidad institucional,otras muertes en personas mayores de 5 anos,2005-04-01,2,1,1,0,3,1,4
31001,SACABA,mortalidad institucional,otras muertes en personas mayores de 5 anos,2005-04-01,0,0,6,5,6,5,11
40801,SALINAS DE GARCI MENDOZA,mortalidad institucional,otras muertes en personas mayores de 5 anos,2005-04-01,0,0,1,0,1,0,1
70901,SAMAIPATA,mortalidad institucional,otras muertes en personas mayores de 5 anos,2005-04-01,0,0,1,0,1,0,1
31403,SAN BENITO,mortalidad institucional,otras muertes en personas mayores de 5 anos,2005-04-01,0,0,1,0,1,0,1
70301,SAN IGNACIO DE VELASCO,mortalidad institucional,otras muertes en personas mayores de 5 anos,2005-04-01,2,1,0,0,2,1,3
70404,SAN JUAN DE YAPACANI,mortalidad institucional,otras muertes en personas mayores de 5 anos,2005-04-01,0,0,0,1,0,1,1
71104,SAN JULIAN,mortalidad institucional,otras muertes en personas mayores de 5 anos,2005-04-01,1,0,0,0,1,0,1
10702,SAN LUCAS,mortalidad institucional,otras muertes en personas mayores de 5 anos,2005-04-01,0,0,1,4,1,4,5
71005,SAN PEDRO,mortalidad institucional,otras muertes en personas mayores de 5 anos,2005-04-01,1,0,0,0,1,0,1
50501,SAN PEDRO DE BUENA VISTA,mortalidad institucional,otras muertes en personas mayores de 5 anos,2005-04-01,0,0,1,0,1,0,1
80401,SANTA ANA,mortalidad institucional,otras muertes en personas mayores de 5 anos,2005-04-01,2,0,0,0,2,0,2
70101,SANTA CRUZ DE LA SIERRA,mortalidad institucional,otras muertes en personas mayores de 5 anos,2005-04-01,0,7,0,0,0,7,7
80303,SANTA ROSA,mortalidad institucional,otras muertes en personas mayores de 5 anos,2005-04-01,1,0,0,0,1,0,1
30902,SIPE SIPE,mortalidad institucional,otras muertes en personas mayores de 5 anos,2005-04-01,0,1,1,0,1,1,2
20601,SORATA,mortalidad institucional,otras muertes en personas mayores de 5 anos,2005-04-01,0,0,2,1,2,1,3
10101,SUCRE,mortalidad institucional,otras muertes en personas mayores de 5 anos,2005-04-01,12,21,0,0,12,21,33
31101,TAPACARI,mortalidad institucional,otras muertes en personas mayores de 5 anos,2005-04-01,0,0,0,1,0,1,1
10601,TARABUCO,mortalidad institucional,otras muertes en personas mayores de 5 anos,2005-04-01,0,1,2,3,2,4,6
20807,TARACO,mortalidad institucional,otras muertes en personas mayores de 5 anos,2005-04-01,0,0,2,0,2,0,2
60101,TARIJA,mortalidad institucional,otras muertes en personas mayores de 5 anos,2005-04-01,18,8,1,3,19,11,30
10202,TARVITA,mortalidad institucional,otras muertes en personas mayores de 5 anos,2005-04-01,0,0,3,3,3,3,6
30903,TIQUIPAYA,mortalidad institucional,otras muertes en personas mayores de 5 anos,2005-04-01,0,0,2,0,2,0,2
30802,TOCO,mortalidad institucional,otras muertes en personas mayores de 5 anos,2005-04-01,0,0,0,1,0,1,1
10402,TOMINA,mortalidad institucional,otras muertes en personas mayores de 5 anos,2005-04-01,0,0,0,1,0,1,1
80101,TRINIDAD,mortalidad institucional,otras muertes en personas mayores de 5 anos,2005-04-01,10,4,1,2,11,6,17
50201,UNCIA,mortalidad institucional,otras muertes en personas mayores de 5 anos,2005-04-01,4,0,0,0,4,0,4
51201,UYUNI,mortalidad institucional,otras muertes en personas mayores de 5 anos,2005-04-01,0,0,1,1,1,1,2
70801,VALLEGRANDE,mortalidad institucional,otras muertes en personas mayores de 5 anos,2005-04-01,2,0,0,0,2,0,2
60303,VILLA MONTES,mortalidad institucional,otras muertes en personas mayores de 5 anos,2005-04-01,1,0,0,0,1,0,1
10801,VILLA SERRANO,mortalidad institucional,otras muertes en personas mayores de 5 anos,2005-04-01,0,0,0,2,0,2,2
31003,VILLA TUNARI,mortalidad institucional,otras muertes en personas mayores de 5 anos,2005-04-01,1,1,0,0,1,1,2
11001,VILLA VACA GUZMAN (MUYUPAMPA),mortalidad institucional,otras muertes en personas mayores de 5 anos,2005-04-01,0,1,1,0,1,1,2
51501,VILLAZON,mortalidad institucional,otras muertes en personas mayores de 5 anos,2005-04-01,1,0,0,0,1,0,1
50602,VITICHI,mortalidad institucional,otras muertes en personas mayores de 5 anos,2005-04-01,0,0,0,1,0,1,1
60301,YACUIBA,mortalidad institucional,otras muertes en personas mayores de 5 anos,2005-04-01,0,1,0,0,0,1,1
10602,YAMPARAEZ,mortalidad institucional,otras muertes en personas mayores de 5 anos,2005-04-01,0,0,1,1,1,1,2
70403,YAPACANI,mortalidad institucional,otras muertes en personas mayores de 5 anos,2005-04-01,0,0,0,2,0,2,2
10102,YOTALA,mortalidad institucional,otras muertes en personas mayores de 5 anos,2005-04-01,0,0,1,1,1,1,2
20201,ACHACACHI,mortalidad institucional,otras muertes en personas mayores de 5 anos,2005-05-01,0,0,3,1,3,1,4
20701,APOLO,mortalidad institucional,otras muertes en personas mayores de 5 anos,2005-05-01,1,0,0,0,1,0,1
51301,ARAMPAMPA,mortalidad institucional,otras muertes en personas mayores de 5 anos,2005-05-01,0,0,1,0,1,0,1
30301,AYOPAYA (V. DE INDEPENDENCIA),mortalidad institucional,otras muertes en personas mayores de 5 anos,2005-05-01,1,0,1,0,2,0,2
10201,AZURDUY,mortalidad institucional,otras muertes en personas mayores de 5 anos,2005-05-01,0,0,2,0,2,0,2
60202,BERMEJO,mortalidad institucional,otras muertes en personas mayores de 5 anos,2005-05-01,0,1,0,0,0,1,1
51102,"CAIZA ""D""",mortalidad institucional,otras muertes en personas mayores de 5 anos,2005-05-01,2,0,0,0,2,0,2
21003,CAJUATA,mortalidad institucional,otras muertes en personas mayores de 5 anos,2005-05-01,0,0,0,1,0,1,1
21304,CALAMARCA,mortalidad institucional,otras muertes en personas mayores de 5 anos,2005-05-01,0,0,1,1,1,1,2
10701,CAMARGO,mortalidad institucional,otras muertes en personas mayores de 5 anos,2005-05-01,0,0,2,1,2,1,3
10901,CAMATAQUI (C. VILLA ABECIA),mortalidad institucional,otras muertes en personas mayores de 5 anos,2005-05-01,0,0,0,1,0,1,1
70706,CAMIRI,mortalidad institucional,otras muertes en personas mayores de 5 anos,2005-05-01,3,1,0,0,3,1,4
30701,CAPINOTA,mortalidad institucional,otras muertes en personas mayores de 5 anos,2005-05-01,0,0,5,2,5,2,7
22001,CARANAVI,mortalidad institucional,otras muertes en personas mayores de 5 anos,2005-05-01,4,1,2,1,6,2,8
40201,CHALLAPATA,mortalidad institucional,otras muertes en personas mayores de 5 anos,2005-05-01,0,0,3,4,3,4,7
70702,CHARAGUA,mortalidad institucional,otras muertes en personas mayores de 5 anos,2005-05-01,1,0,0,0,1,0,1
20305,CHARAÃ‘A,mortalidad institucional,otras muertes en personas mayores de 5 anos,2005-05-01,0,0,1,0,1,0,1
50202,CHAYANTA,mortalidad institucional,otras muertes en personas mayores de 5 anos,2005-05-01,0,0,0,1,0,1,1
30101,COCHABAMBA,mortalidad institucional,otras muertes en personas mayores de 5 anos,2005-05-01,47,35,3,1,50,36,86
30905,COLCAPIRHUA,mortalidad institucional,otras muertes en personas mayores de 5 anos,2005-05-01,1,0,0,0,1,0,1
50901,"COLCHA ""K""",mortalidad institucional,otras muertes en personas mayores de 5 anos,2005-05-01,0,0,1,1,1,1,2
21307,COLLANA,mortalidad institucional,otras muertes en personas mayores de 5 anos,2005-05-01,0,0,2,0,2,0,2
31002,COLOMI,mortalidad institucional,otras muertes en personas mayores de 5 anos,2005-05-01,0,0,2,1,2,1,3
21306,COLQUENCHA,mortalidad institucional,otras muertes en personas mayores de 5 anos,2005-05-01,0,0,1,1,1,1,2
21701,COPACABANA,mortalidad institucional,otras muertes en personas mayores de 5 anos,2005-05-01,1,0,0,0,1,0,1
21401,COROICO,mortalidad institucional,otras muertes en personas mayores de 5 anos,2005-05-01,2,0,0,3,2,3,5
10902,CULPINA,mortalidad institucional,otras muertes en personas mayores de 5 anos,2005-05-01,0,0,0,2,0,2,2
20105,EL ALTO,mortalidad institucional,otras muertes en personas mayores de 5 anos,2005-05-01,6,1,3,2,9,3,12
41101,EUCALIPTUS,mortalidad institucional,otras muertes en personas mayores de 5 anos,2005-05-01,0,0,3,0,3,0,3
20602,GUANAY,mortalidad institucional,otras muertes en personas mayores de 5 anos,2005-05-01,0,0,3,0,3,0,3
80202,GUAYARAMERIN,mortalidad institucional,otras muertes en personas mayores de 5 anos,2005-05-01,4,1,0,1,4,2,6
10502,HUACARETA,mortalidad institucional,otras muertes en personas mayores de 5 anos,2005-05-01,2,0,0,0,2,0,2
40701,HUANUNI,mortalidad institucional,otras muertes en personas mayores de 5 anos,2005-05-01,0,0,2,0,2,0,2
10304,ICLA,mortalidad institucional,otras muertes en personas mayores de 5 anos,2005-05-01,0,0,2,1,2,1,3
10703,INCAHUASI,mortalidad institucional,otras muertes en personas mayores de 5 anos,2005-05-01,0,0,2,0,2,0,2
20101,LA PAZ,mortalidad institucional,otras muertes en personas mayores de 5 anos,2005-05-01,82,86,10,9,92,95,187
10903,LAS CARRERAS,mortalidad institucional,otras muertes en personas mayores de 5 anos,2005-05-01,0,0,1,0,1,0,1
50203,LLALLAGUA,mortalidad institucional,otras muertes en personas mayores de 5 anos,2005-05-01,2,0,2,1,4,1,5
80601,LORETO,mortalidad institucional,otras muertes en personas mayores de 5 anos,2005-05-01,0,0,0,1,0,1,1
20901,LURIBAY,mortalidad institucional,otras muertes en personas mayores de 5 anos,2005-05-01,0,0,1,0,1,0,1
31301,MIZQUE,mortalidad institucional,otras muertes en personas mayores de 5 anos,2005-05-01,0,0,3,5,3,5,8
20402,MOCOMOCO,mortalidad institucional,otras muertes en personas mayores de 5 anos,2005-05-01,0,0,0,1,0,1,1
10501,MONTEAGUDO,mortalidad institucional,otras muertes en personas mayores de 5 anos,2005-05-01,1,2,2,1,3,3,6
71001,MONTERO,mortalidad institucional,otras muertes en personas mayores de 5 anos,2005-05-01,0,1,7,0,7,1,8
40101,ORURO,mortalidad institucional,otras muertes en personas mayores de 5 anos,2005-05-01,17,14,4,5,21,19,40
10401,PADILLA,mortalidad institucional,otras muertes en personas mayores de 5 anos,2005-05-01,1,0,1,1,2,1,3
70502,PAILON,mortalidad institucional,otras muertes en personas mayores de 5 anos,2005-05-01,0,0,1,0,1,0,1
50403,POCOATA,mortalidad institucional,otras muertes en personas mayores de 5 anos,2005-05-01,0,0,1,0,1,0,1
10103,POROMA,mortalidad institucional,otras muertes en personas mayores de 5 anos,2005-05-01,0,0,3,1,3,1,4
90102,PORVENIR,mortalidad institucional,otras muertes en personas mayores de 5 anos,2005-05-01,1,0,0,0,1,0,1
50101,POTOSI,mortalidad institucional,otras muertes en personas mayores de 5 anos,2005-05-01,14,9,0,1,14,10,24
10302,PRESTO,mortalidad institucional,otras muertes en personas mayores de 5 anos,2005-05-01,0,0,3,0,3,0,3
70805,PUCARA,mortalidad institucional,otras muertes en personas mayores de 5 anos,2005-05-01,0,0,0,2,0,2,2
20401,PUERTO ACOSTA,mortalidad institucional,otras muertes en personas mayores de 5 anos,2005-05-01,0,0,0,1,0,1,1
20403,PUERTO CARABUCO,mortalidad institucional,otras muertes en personas mayores de 5 anos,2005-05-01,0,0,3,0,3,0,3
31205,PUERTO VILLARROEL,mortalidad institucional,otras muertes en personas mayores de 5 anos,2005-05-01,1,0,3,1,4,1,5
51101,PUNA,mortalidad institucional,otras muertes en personas mayores de 5 anos,2005-05-01,0,0,2,0,2,0,2
31401,PUNATA,mortalidad institucional,otras muertes en personas mayores de 5 anos,2005-05-01,1,0,1,3,2,3,5
50402,RAVELO,mortalidad institucional,otras muertes en personas mayores de 5 anos,2005-05-01,0,0,1,3,1,3,4
80201,RIBERALTA,mortalidad institucional,otras muertes en personas mayores de 5 anos,2005-05-01,0,1,1,0,1,1,2
80304,RURRENABAQUE,mortalidad institucional,otras muertes en personas mayores de 5 anos,2005-05-01,2,0,0,0,2,0,2
31001,SACABA,mortalidad institucional,otras muertes en personas mayores de 5 anos,2005-05-01,2,0,8,5,10,5,15
50701,SACACA,mortalidad institucional,otras muertes en personas mayores de 5 anos,2005-05-01,0,0,2,0,2,0,2
70301,SAN IGNACIO DE VELASCO,mortalidad institucional,otras muertes en personas mayores de 5 anos,2005-05-01,2,3,0,0,2,3,5
80102,SAN JAVIER(BNI),mortalidad institucional,otras muertes en personas mayores de 5 anos,2005-05-01,1,0,0,0,1,0,1
70501,SAN JOSE DE CHIQUITOS,mortalidad institucional,otras muertes en personas mayores de 5 anos,2005-05-01,0,0,1,1,1,1,2
70404,SAN JUAN DE YAPACANI,mortalidad institucional,otras muertes en personas mayores de 5 anos,2005-05-01,0,0,0,1,0,1,1
60501,SAN LORENZO(TJA),mortalidad institucional,otras muertes en personas mayores de 5 anos,2005-05-01,0,0,0,2,0,2,2
10702,SAN LUCAS,mortalidad institucional,otras muertes en personas mayores de 5 anos,2005-05-01,0,0,9,4,9,4,13
51001,SAN PABLO DE LIPEZ,mortalidad institucional,otras muertes en personas mayores de 5 anos,2005-05-01,0,0,0,2,0,2,2
50501,SAN PEDRO DE BUENA VISTA,mortalidad institucional,otras muertes en personas mayores de 5 anos,2005-05-01,0,0,1,0,1,0,1
50902,SAN PEDRO DE QUEMES,mortalidad institucional,otras muertes en personas mayores de 5 anos,2005-05-01,0,0,1,0,1,0,1
80702,SAN RAMON,mortalidad institucional,otras muertes en personas mayores de 5 anos,2005-05-01,0,0,0,2,0,2,2
80401,SANTA ANA,mortalidad institucional,otras muertes en personas mayores de 5 anos,2005-05-01,1,2,0,0,1,2,3
20601,SORATA,mortalidad institucional,otras muertes en personas mayores de 5 anos,2005-05-01,0,0,1,0,1,0,1
10101,SUCRE,mortalidad institucional,otras muertes en personas mayores de 5 anos,2005-05-01,10,9,0,0,10,9,19
10601,TARABUCO,mortalidad institucional,otras muertes en personas mayores de 5 anos,2005-05-01,0,0,0,1,0,1,1
60101,TARIJA,mortalidad institucional,otras muertes en personas mayores de 5 anos,2005-05-01,21,9,3,0,24,9,33
10202,TARVITA,mortalidad institucional,otras muertes en personas mayores de 5 anos,2005-05-01,0,0,2,0,2,0,2
30903,TIQUIPAYA,mortalidad institucional,otras muertes en personas mayores de 5 anos,2005-05-01,0,0,0,1,0,1,1
30802,TOCO,mortalidad institucional,otras muertes en personas mayores de 5 anos,2005-05-01,0,0,1,0,1,0,1
31201,TOTORA(CBBA),mortalidad institucional,otras muertes en personas mayores de 5 anos,2005-05-01,1,0,0,0,1,0,1
41301,TOTORA(ORR),mortalidad institucional,otras muertes en personas mayores de 5 anos,2005-05-01,1,0,0,0,1,0,1
80101,TRINIDAD,mortalidad institucional,otras muertes en personas mayores de 5 anos,2005-05-01,12,6,4,2,16,8,24
50801,TUPIZA,mortalidad institucional,otras muertes en personas mayores de 5 anos,2005-05-01,0,0,0,2,0,2,2
50201,UNCIA,mortalidad institucional,otras muertes en personas mayores de 5 anos,2005-05-01,2,0,0,0,2,0,2
51201,UYUNI,mortalidad institucional,otras muertes en personas mayores de 5 anos,2005-05-01,0,0,1,4,1,4,5
60303,VILLA MONTES,mortalidad institucional,otras muertes en personas mayores de 5 anos,2005-05-01,3,0,1,0,4,0,4
31003,VILLA TUNARI,mortalidad institucional,otras muertes en personas mayores de 5 anos,2005-05-01,0,1,0,0,0,1,1
11001,VILLA VACA GUZMAN (MUYUPAMPA),mortalidad institucional,otras muertes en personas mayores de 5 anos,2005-05-01,0,0,0,1,0,1,1
51501,VILLAZON,mortalidad institucional,otras muertes en personas mayores de 5 anos,2005-05-01,2,1,0,0,2,1,3
60301,YACUIBA,mortalidad institucional,otras muertes en personas mayores de 5 anos,2005-05-01,3,2,0,0,3,2,5
10602,YAMPARAEZ,mortalidad institucional,otras muertes en personas mayores de 5 anos,2005-05-01,0,0,1,0,1,0,1
20202,ANCORAIMES,mortalidad institucional,otras muertes en personas mayores de 5 anos,2005-06-01,0,0,0,1,0,1,1
30601,ARQUE,mortalidad institucional,otras muertes en personas mayores de 5 anos,2005-06-01,0,0,1,0,1,0,1
20503,AUCAPATA,mortalidad institucional,otras muertes en personas mayores de 5 anos,2005-06-01,0,0,0,1,0,1,1
30301,AYOPAYA (V. DE INDEPENDENCIA),mortalidad institucional,otras muertes en personas mayores de 5 anos,2005-06-01,2,0,0,1,2,1,3
10201,AZURDUY,mortalidad institucional,otras muertes en personas mayores de 5 anos,2005-06-01,1,0,0,2,1,2,3
21203,BATALLAS,mortalidad institucional,otras muertes en personas mayores de 5 anos,2005-06-01,0,0,0,1,0,1,1
60202,BERMEJO,mortalidad institucional,otras muertes en personas mayores de 5 anos,2005-06-01,0,0,1,0,1,0,1
50301,BETANZOS,mortalidad institucional,otras muertes en personas mayores de 5 anos,2005-06-01,1,1,1,1,2,2,4
70707,BOYUIBE,mortalidad institucional,otras muertes en personas mayores de 5 anos,2005-06-01,1,0,0,0,1,0,1
70401,BUENA VISTA,mortalidad institucional,otras muertes en personas mayores de 5 anos,2005-06-01,1,0,2,0,3,0,3
51102,"CAIZA ""D""",mortalidad institucional,otras muertes en personas mayores de 5 anos,2005-06-01,0,0,1,0,1,0,1
10701,CAMARGO,mortalidad institucional,otras muertes en personas mayores de 5 anos,2005-06-01,1,0,0,1,1,1,2
10901,CAMATAQUI (C. VILLA ABECIA),mortalidad institucional,otras muertes en personas mayores de 5 anos,2005-06-01,0,1,0,0,0,1,1
70706,CAMIRI,mortalidad institucional,otras muertes en personas mayores de 5 anos,2005-06-01,3,1,0,0,3,1,4
30701,CAPINOTA,mortalidad institucional,otras muertes en personas mayores de 5 anos,2005-06-01,0,0,0,1,0,1,1
22001,CARANAVI,mortalidad institucional,otras muertes en personas mayores de 5 anos,2005-06-01,1,0,5,6,6,6,12
40201,CHALLAPATA,mortalidad institucional,otras muertes en personas mayores de 5 anos,2005-06-01,0,0,4,5,4,5,9
50302,CHAQUI,mortalidad institucional,otras muertes en personas mayores de 5 anos,2005-06-01,0,0,1,2,1,2,3
70702,CHARAGUA,mortalidad institucional,otras muertes en personas mayores de 5 anos,2005-06-01,0,0,0,1,0,1,1
31204,CHIMORE,mortalidad institucional,otras muertes en personas mayores de 5 anos,2005-06-01,0,0,1,1,1,1,2
90101,COBIJA,mortalidad institucional,otras muertes en personas mayores de 5 anos,2005-06-01,2,1,1,0,3,1,4
30101,COCHABAMBA,mortalidad institucional,otras muertes en personas mayores de 5 anos,2005-06-01,54,29,3,6,57,35,92
40902,COIPASA,mortalidad institucional,otras muertes en personas mayores de 5 anos,2005-06-01,0,0,1,0,1,0,1
30905,COLCAPIRHUA,mortalidad institucional,otras muertes en personas mayores de 5 anos,2005-06-01,1,0,0,0,1,0,1
21307,COLLANA,mortalidad institucional,otras muertes en personas mayores de 5 anos,2005-06-01,0,0,1,0,1,0,1
31002,COLOMI,mortalidad institucional,otras muertes en personas mayores de 5 anos,2005-06-01,0,0,1,1,1,1,2
21402,CORIPATA,mortalidad institucional,otras muertes en personas mayores de 5 anos,2005-06-01,1,0,0,0,1,0,1
20301,CORO CORO,mortalidad institucional,otras muertes en personas mayores de 5 anos,2005-06-01,0,1,0,0,0,1,1
21401,COROICO,mortalidad institucional,otras muertes en personas mayores de 5 anos,2005-06-01,2,1,0,0,2,1,3
70102,COTOCA,mortalidad institucional,otras muertes en personas mayores de 5 anos,2005-06-01,0,0,2,1,2,1,3
10902,CULPINA,mortalidad institucional,otras muertes en personas mayores de 5 anos,2005-06-01,0,0,0,3,0,3,3
20105,EL ALTO,mortalidad institucional,otras muertes en personas mayores de 5 anos,2005-06-01,5,8,5,3,10,11,21
41101,EUCALIPTUS,mortalidad institucional,otras muertes en personas mayores de 5 anos,2005-06-01,0,0,3,1,3,1,4
71004,FERNANDEZ ALONSO,mortalidad institucional,otras muertes en personas mayores de 5 anos,2005-06-01,0,0,1,1,1,1,2
71002,GENERAL SAAVEDRA,mortalidad institucional,otras muertes en personas mayores de 5 anos,2005-06-01,0,0,1,0,1,0,1
21601,GRAL. J.J. PEREZ (CHARAZANI),mortalidad institucional,otras muertes en personas mayores de 5 anos,2005-06-01,0,0,1,1,1,1,2
20602,GUANAY,mortalidad institucional,otras muertes en personas mayores de 5 anos,2005-06-01,1,0,1,0,2,0,2
80202,GUAYARAMERIN,mortalidad institucional,otras muertes en personas mayores de 5 anos,2005-06-01,5,2,0,0,5,2,7
10502,HUACARETA,mortalidad institucional,otras muertes en personas mayores de 5 anos,2005-06-01,0,0,1,0,1,0,1
40701,HUANUNI,mortalidad institucional,otras muertes en personas mayores de 5 anos,2005-06-01,0,0,0,1,0,1,1
10304,ICLA,mortalidad institucional,otras muertes en personas mayores de 5 anos,2005-06-01,0,0,1,1,1,1,2
21102,IRUPANA (VILLA DE LANZA),mortalidad institucional,otras muertes en personas mayores de 5 anos,2005-06-01,1,1,1,0,2,1,3
20101,LA PAZ,mortalidad institucional,otras muertes en personas mayores de 5 anos,2005-06-01,93,77,10,4,103,81,184
70701,LAGUNILLAS,mortalidad institucional,otras muertes en personas mayores de 5 anos,2005-06-01,0,1,0,0,0,1,1
50203,LLALLAGUA,mortalidad institucional,otras muertes en personas mayores de 5 anos,2005-06-01,1,3,1,4,2,7,9
80601,LORETO,mortalidad institucional,otras muertes en personas mayores de 5 anos,2005-06-01,0,0,0,1,0,1,1
71003,MINEROS,mortalidad institucional,otras muertes en personas mayores de 5 anos,2005-06-01,0,0,1,2,1,2,3
31301,MIZQUE,mortalidad institucional,otras muertes en personas mayores de 5 anos,2005-06-01,1,0,0,2,1,2,3
20402,MOCOMOCO,mortalidad institucional,otras muertes en personas mayores de 5 anos,2005-06-01,0,0,0,3,0,3,3
10303,MOJOCOYA,mortalidad institucional,otras muertes en personas mayores de 5 anos,2005-06-01,0,0,0,1,0,1,1
10501,MONTEAGUDO,mortalidad institucional,otras muertes en personas mayores de 5 anos,2005-06-01,1,0,0,3,1,3,4
71001,MONTERO,mortalidad institucional,otras muertes en personas mayores de 5 anos,2005-06-01,1,0,7,1,8,1,9
50404,OCURI,mortalidad institucional,otras muertes en personas mayores de 5 anos,2005-06-01,0,0,1,1,1,1,2
70202,OKINAWA,mortalidad institucional,otras muertes en personas mayores de 5 anos,2005-06-01,0,0,1,0,1,0,1
40101,ORURO,mortalidad institucional,otras muertes en personas mayores de 5 anos,2005-06-01,15,22,8,3,23,25,48
10401,PADILLA,mortalidad institucional,otras muertes en personas mayores de 5 anos,2005-06-01,0,0,0,3,0,3,3
70502,PAILON,mortalidad institucional,otras muertes en personas mayores de 5 anos,2005-06-01,0,0,0,1,0,1,1
21104,PALOS BLANCOS,mortalidad institucional,otras muertes en personas mayores de 5 anos,2005-06-01,0,0,0,1,0,1,1
21802,PAPEL PAMPA,mortalidad institucional,otras muertes en personas mayores de 5 anos,2005-06-01,0,1,0,1,0,2,2
10103,POROMA,mortalidad institucional,otras muertes en personas mayores de 5 anos,2005-06-01,0,0,2,1,2,1,3
70601,PORTACHUELO,mortalidad institucional,otras muertes en personas mayores de 5 anos,2005-06-01,0,0,0,1,0,1,1
50101,POTOSI,mortalidad institucional,otras muertes en personas mayores de 5 anos,2005-06-01,13,9,0,0,13,9,22
10302,PRESTO,mortalidad institucional,otras muertes en personas mayores de 5 anos,2005-06-01,0,0,1,2,1,2,3
21201,PUCARANI,mortalidad institucional,otras muertes en personas mayores de 5 anos,2005-06-01,0,1,0,0,0,1,1
20401,PUERTO ACOSTA,mortalidad institucional,otras muertes en personas mayores de 5 anos,2005-06-01,1,1,0,2,1,3,4
20403,PUERTO CARABUCO,mortalidad institucional,otras muertes en personas mayores de 5 anos,2005-06-01,0,0,1,1,1,1,2
71402,PUERTO QUIJARRO,mortalidad institucional,otras muertes en personas mayores de 5 anos,2005-06-01,1,0,0,0,1,0,1
90201,PUERTO RICO,mortalidad institucional,otras muertes en personas mayores de 5 anos,2005-06-01,1,0,0,0,1,0,1
71401,PUERTO SUAREZ,mortalidad institucional,otras muertes en personas mayores de 5 anos,2005-06-01,0,3,0,0,0,3,3
31205,PUERTO VILLARROEL,mortalidad institucional,otras muertes en personas mayores de 5 anos,2005-06-01,0,0,0,1,0,1,1
51101,PUNA,mortalidad institucional,otras muertes en personas mayores de 5 anos,2005-06-01,0,1,1,0,1,1,2
31401,PUNATA,mortalidad institucional,otras muertes en personas mayores de 5 anos,2005-06-01,0,2,12,4,12,6,18
30901,QUILLACOLLO,mortalidad institucional,otras muertes en personas mayores de 5 anos,2005-06-01,0,1,0,0,0,1,1
21002,QUIME,mortalidad institucional,otras muertes en personas mayores de 5 anos,2005-06-01,1,0,0,0,1,0,1
50402,RAVELO,mortalidad institucional,otras muertes en personas mayores de 5 anos,2005-06-01,0,0,0,3,0,3,3
80201,RIBERALTA,mortalidad institucional,otras muertes en personas mayores de 5 anos,2005-06-01,4,3,3,2,7,5,12
31001,SACABA,mortalidad institucional,otras muertes en personas mayores de 5 anos,2005-06-01,1,4,6,9,7,13,20
50701,SACACA,mortalidad institucional,otras muertes en personas mayores de 5 anos,2005-06-01,0,0,1,0,1,0,1
70402,SAN CARLOS,mortalidad institucional,otras muertes en personas mayores de 5 anos,2005-06-01,0,0,2,1,2,1,3
70301,SAN IGNACIO DE VELASCO,mortalidad institucional,otras muertes en personas mayores de 5 anos,2005-06-01,2,2,1,0,3,2,5
70404,SAN JUAN DE YAPACANI,mortalidad institucional,otras muertes en personas mayores de 5 anos,2005-06-01,0,0,0,2,0,2,2
10702,SAN LUCAS,mortalidad institucional,otras muertes en personas mayores de 5 anos,2005-06-01,0,1,4,3,4,4,8
50501,SAN PEDRO DE BUENA VISTA,mortalidad institucional,otras muertes en personas mayores de 5 anos,2005-06-01,0,0,0,1,0,1,1
70303,SAN RAFAEL,mortalidad institucional,otras muertes en personas mayores de 5 anos,2005-06-01,0,0,0,1,0,1,1
80401,SANTA ANA,mortalidad institucional,otras muertes en personas mayores de 5 anos,2005-06-01,2,2,0,0,2,2,4
70101,SANTA CRUZ DE LA SIERRA,mortalidad institucional,otras muertes en personas mayores de 5 anos,2005-06-01,0,23,0,0,0,23,23
30902,SIPE SIPE,mortalidad institucional,otras muertes en personas mayores de 5 anos,2005-06-01,0,0,0,1,0,1,1
10403,SOPACHUY,mortalidad institucional,otras muertes en personas mayores de 5 anos,2005-06-01,1,1,1,0,2,1,3
10101,SUCRE,mortalidad institucional,otras muertes en personas mayores de 5 anos,2005-06-01,29,20,0,0,29,20,49
31101,TAPACARI,mortalidad institucional,otras muertes en personas mayores de 5 anos,2005-06-01,0,0,3,0,3,0,3
10601,TARABUCO,mortalidad institucional,otras muertes en personas mayores de 5 anos,2005-06-01,0,0,0,4,0,4,4
60101,TARIJA,mortalidad institucional,otras muertes en personas mayores de 5 anos,2005-06-01,21,15,5,1,26,16,42
10202,TARVITA,mortalidad institucional,otras muertes en personas mayores de 5 anos,2005-06-01,0,0,4,0,4,0,4
20606,TIPUANI,mortalidad institucional,otras muertes en personas mayores de 5 anos,2005-06-01,0,0,1,0,1,0,1
21703,TITO YUPANQUI (PARQUIPUJIO),mortalidad institucional,otras muertes en personas mayores de 5 anos,2005-06-01,0,0,0,1,0,1,1
10402,TOMINA,mortalidad institucional,otras muertes en personas mayores de 5 anos,2005-06-01,0,0,2,0,2,0,2
50502,TORO TORO,mortalidad institucional,otras muertes en personas mayores de 5 anos,2005-06-01,0,0,1,0,1,0,1
80101,TRINIDAD,mortalidad institucional,otras muertes en personas mayores de 5 anos,2005-06-01,5,8,1,5,6,13,19
50801,TUPIZA,mortalidad institucional,otras muertes en personas mayores de 5 anos,2005-06-01,1,2,0,0,1,2,3
60401,URIONDO (A. CONCEPCION),mortalidad institucional,otras muertes en personas mayores de 5 anos,2005-06-01,0,0,1,0,1,0,1
30502,VACAS,mortalidad institucional,otras muertes en personas mayores de 5 anos,2005-06-01,0,0,2,0,2,0,2
70801,VALLEGRANDE,mortalidad institucional,otras muertes en personas mayores de 5 anos,2005-06-01,2,1,0,0,2,1,3
60303,VILLA MONTES,mortalidad institucional,otras muertes en personas mayores de 5 anos,2005-06-01,1,0,5,0,6,0,6
10801,VILLA SERRANO,mortalidad institucional,otras muertes en personas mayores de 5 anos,2005-06-01,0,0,1,0,1,0,1
31003,VILLA TUNARI,mortalidad institucional,otras muertes en personas mayores de 5 anos,2005-06-01,1,0,0,0,1,0,1
51501,VILLAZON,mortalidad institucional,otras muertes en personas mayores de 5 anos,2005-06-01,0,1,1,1,1,2,3
70201,WARNES,mortalidad institucional,otras muertes en personas mayores de 5 anos,2005-06-01,2,1,1,0,3,1,4
60301,YACUIBA,mortalidad institucional,otras muertes en personas mayores de 5 anos,2005-06-01,3,1,0,0,3,1,4
10602,YAMPARAEZ,mortalidad institucional,otras muertes en personas mayores de 5 anos,2005-06-01,0,0,0,2,0,2,2
70403,YAPACANI,mortalidad institucional,otras muertes en personas mayores de 5 anos,2005-06-01,1,1,0,1,1,2,3
10102,YOTALA,mortalidad institucional,otras muertes en personas mayores de 5 anos,2005-06-01,0,0,0,2,0,2,2
20201,ACHACACHI,mortalidad institucional,otras muertes en personas mayores de 5 anos,2005-07-01,0,0,1,0,1,0,1
30201,AIQUILE,mortalidad institucional,otras muertes en personas mayores de 5 anos,2005-07-01,0,0,0,1,0,1,1
50802,ATOCHA,mortalidad institucional,otras muertes en personas mayores de 5 anos,2005-07-01,0,1,0,0,0,1,1
20502,AYATA,mortalidad institucional,otras muertes en personas mayores de 5 anos,2005-07-01,1,0,0,0,1,0,1
30301,AYOPAYA (V. DE INDEPENDENCIA),mortalidad institucional,otras muertes en personas mayores de 5 anos,2005-07-01,0,0,1,0,1,0,1
41202,BELEN DE ANDAMARCA,mortalidad institucional,otras muertes en personas mayores de 5 anos,2005-07-01,0,0,2,0,2,0,2
50301,BETANZOS,mortalidad institucional,otras muertes en personas mayores de 5 anos,2005-07-01,2,0,5,3,7,3,10
90103,BOLPEBRA,mortalidad institucional,otras muertes en personas mayores de 5 anos,2005-07-01,0,0,0,1,0,1,1
70401,BUENA VISTA,mortalidad institucional,otras muertes en personas mayores de 5 anos,2005-07-01,0,0,1,3,1,3,4
51102,"CAIZA ""D""",mortalidad institucional,otras muertes en personas mayores de 5 anos,2005-07-01,0,0,0,2,0,2,2
21304,CALAMARCA,mortalidad institucional,otras muertes en personas mayores de 5 anos,2005-07-01,0,0,1,0,1,0,1
10701,CAMARGO,mortalidad institucional,otras muertes en personas mayores de 5 anos,2005-07-01,1,0,0,0,1,0,1
70706,CAMIRI,mortalidad institucional,otras muertes en personas mayores de 5 anos,2005-07-01,2,3,1,1,3,4,7
22001,CARANAVI,mortalidad institucional,otras muertes en personas mayores de 5 anos,2005-07-01,0,1,11,11,11,12,23
40201,CHALLAPATA,mortalidad institucional,otras muertes en personas mayores de 5 anos,2005-07-01,0,0,2,0,2,0,2
20305,CHARAÃ‘A,mortalidad institucional,otras muertes en personas mayores de 5 anos,2005-07-01,0,0,2,0,2,0,2
50202,CHAYANTA,mortalidad institucional,otras muertes en personas mayores de 5 anos,2005-07-01,0,0,1,0,1,0,1
21101,CHULUMANI (V. DE LA LIBERTAD),mortalidad institucional,otras muertes en personas mayores de 5 anos,2005-07-01,0,3,0,0,0,3,3
30101,COCHABAMBA,mortalidad institucional,otras muertes en personas mayores de 5 anos,2005-07-01,43,24,0,1,43,25,68
70603,COLPA BELGICA,mortalidad institucional,otras muertes en personas mayores de 5 anos,2005-07-01,0,0,1,0,1,0,1
50401,COLQUECHACA,mortalidad institucional,otras muertes en personas mayores de 5 anos,2005-07-01,0,0,2,0,2,0,2
71301,COMARAPA,mortalidad institucional,otras muertes en personas mayores de 5 anos,2005-07-01,1,0,0,0,1,0,1
21701,COPACABANA,mortalidad institucional,otras muertes en personas mayores de 5 anos,2005-07-01,0,0,3,2,3,2,5
21402,CORIPATA,mortalidad institucional,otras muertes en personas mayores de 5 anos,2005-07-01,0,0,0,3,0,3,3
40301,CORQUE,mortalidad institucional,otras muertes en personas mayores de 5 anos,2005-07-01,0,0,0,1,0,1,1
50601,COTAGAITA,mortalidad institucional,otras muertes en personas mayores de 5 anos,2005-07-01,0,0,1,0,1,0,1
70102,COTOCA,mortalidad institucional,otras muertes en personas mayores de 5 anos,2005-07-01,0,0,1,1,1,1,2
10902,CULPINA,mortalidad institucional,otras muertes en personas mayores de 5 anos,2005-07-01,1,0,0,1,1,1,2
20804,DESAGUADERO,mortalidad institucional,otras muertes en personas mayores de 5 anos,2005-07-01,0,0,0,1,0,1,1
20105,EL ALTO,mortalidad institucional,otras muertes en personas mayores de 5 anos,2005-07-01,4,3,3,3,7,6,13
70105,EL TORNO,mortalidad institucional,otras muertes en personas mayores de 5 anos,2005-07-01,0,0,1,2,1,2,3
71004,FERNANDEZ ALONSO,mortalidad institucional,otras muertes en personas mayores de 5 anos,2005-07-01,0,0,1,0,1,0,1
10502,HUACARETA,mortalidad institucional,otras muertes en personas mayores de 5 anos,2005-07-01,0,0,1,1,1,1,2
40701,HUANUNI,mortalidad institucional,otras muertes en personas mayores de 5 anos,2005-07-01,0,1,5,4,5,5,10
10304,ICLA,mortalidad institucional,otras muertes en personas mayores de 5 anos,2005-07-01,0,0,0,1,0,1,1
10703,INCAHUASI,mortalidad institucional,otras muertes en personas mayores de 5 anos,2005-07-01,0,0,0,3,0,3,3
21102,IRUPANA (VILLA DE LANZA),mortalidad institucional,otras muertes en personas mayores de 5 anos,2005-07-01,0,0,2,0,2,0,2
20101,LA PAZ,mortalidad institucional,otras muertes en personas mayores de 5 anos,2005-07-01,82,69,3,10,85,79,164
50203,LLALLAGUA,mortalidad institucional,otras muertes en personas mayores de 5 anos,2005-07-01,1,0,3,3,4,3,7
80601,LORETO,mortalidad institucional,otras muertes en personas mayores de 5 anos,2005-07-01,0,0,1,0,1,0,1
20901,LURIBAY,mortalidad institucional,otras muertes en personas mayores de 5 anos,2005-07-01,0,0,0,2,0,2,2
80801,MAGDALENA,mortalidad institucional,otras muertes en personas mayores de 5 anos,2005-07-01,1,1,2,1,3,2,5
71003,MINEROS,mortalidad institucional,otras muertes en personas mayores de 5 anos,2005-07-01,0,0,1,0,1,0,1
31301,MIZQUE,mortalidad institucional,otras muertes en personas mayores de 5 anos,2005-07-01,0,0,3,5,3,5,8
20402,MOCOMOCO,mortalidad institucional,otras muertes en personas mayores de 5 anos,2005-07-01,0,0,0,1,0,1,1
10501,MONTEAGUDO,mortalidad institucional,otras muertes en personas mayores de 5 anos,2005-07-01,0,1,1,0,1,1,2
71001,MONTERO,mortalidad institucional,otras muertes en personas mayores de 5 anos,2005-07-01,0,0,4,2,4,2,6
50404,OCURI,mortalidad institucional,otras muertes en personas mayores de 5 anos,2005-07-01,0,0,1,1,1,1,2
40101,ORURO,mortalidad institucional,otras muertes en personas mayores de 5 anos,2005-07-01,25,11,1,4,26,15,41
60201,PADCAYA,mortalidad institucional,otras muertes en personas mayores de 5 anos,2005-07-01,0,0,1,0,1,0,1
10401,PADILLA,mortalidad institucional,otras muertes en personas mayores de 5 anos,2005-07-01,0,0,1,1,1,1,2
21802,PAPEL PAMPA,mortalidad institucional,otras muertes en personas mayores de 5 anos,2005-07-01,0,0,0,1,0,1,1
30202,PASORAPA,mortalidad institucional,otras muertes en personas mayores de 5 anos,2005-07-01,0,0,0,1,0,1,1
50101,POTOSI,mortalidad institucional,otras muertes en personas mayores de 5 anos,2005-07-01,24,12,2,0,26,12,38
10302,PRESTO,mortalidad institucional,otras muertes en personas mayores de 5 anos,2005-07-01,0,0,1,2,1,2,3
21201,PUCARANI,mortalidad institucional,otras muertes en personas mayores de 5 anos,2005-07-01,0,0,0,1,0,1,1
20401,PUERTO ACOSTA,mortalidad institucional,otras muertes en personas mayores de 5 anos,2005-07-01,0,0,0,1,0,1,1
20403,PUERTO CARABUCO,mortalidad institucional,otras muertes en personas mayores de 5 anos,2005-07-01,0,0,1,0,1,0,1
31205,PUERTO VILLARROEL,mortalidad institucional,otras muertes en personas mayores de 5 anos,2005-07-01,0,0,2,1,2,1,3
51101,PUNA,mortalidad institucional,otras muertes en personas mayores de 5 anos,2005-07-01,1,0,2,1,3,1,4
31401,PUNATA,mortalidad institucional,otras muertes en personas mayores de 5 anos,2005-07-01,3,2,1,2,4,4,8
50402,RAVELO,mortalidad institucional,otras muertes en personas mayores de 5 anos,2005-07-01,1,0,1,2,2,2,4
80201,RIBERALTA,mortalidad institucional,otras muertes en personas mayores de 5 anos,2005-07-01,4,0,9,2,13,2,15
31001,SACABA,mortalidad institucional,otras muertes en personas mayores de 5 anos,2005-07-01,0,2,6,10,6,12,18
51601,SAN AGUSTIN,mortalidad institucional,otras muertes en personas mayores de 5 anos,2005-07-01,0,0,2,0,2,0,2
70402,SAN CARLOS,mortalidad institucional,otras muertes en personas mayores de 5 anos,2005-07-01,0,1,0,0,0,1,1
70301,SAN IGNACIO DE VELASCO,mortalidad institucional,otras muertes en personas mayores de 5 anos,2005-07-01,3,2,0,1,3,3,6
80102,SAN JAVIER(BNI),mortalidad institucional,otras muertes en personas mayores de 5 anos,2005-07-01,0,0,0,1,0,1,1
71102,SAN JAVIER(STC),mortalidad institucional,otras muertes en personas mayores de 5 anos,2005-07-01,1,0,0,0,1,0,1
70404,SAN JUAN DE YAPACANI,mortalidad institucional,otras muertes en personas mayores de 5 anos,2005-07-01,0,0,1,0,1,0,1
71104,SAN JULIAN,mortalidad institucional,otras muertes en personas mayores de 5 anos,2005-07-01,1,0,0,0,1,0,1
10702,SAN LUCAS,mortalidad institucional,otras muertes en personas mayores de 5 anos,2005-07-01,0,0,4,0,4,0,4
71005,SAN PEDRO,mortalidad institucional,otras muertes en personas mayores de 5 anos,2005-07-01,0,0,0,3,0,3,3
50501,SAN PEDRO DE BUENA VISTA,mortalidad institucional,otras muertes en personas mayores de 5 anos,2005-07-01,0,0,0,1,0,1,1
80702,SAN RAMON,mortalidad institucional,otras muertes en personas mayores de 5 anos,2005-07-01,1,0,0,0,1,0,1
80401,SANTA ANA,mortalidad institucional,otras muertes en personas mayores de 5 anos,2005-07-01,2,0,0,0,2,0,2
70101,SANTA CRUZ DE LA SIERRA,mortalidad institucional,otras muertes en personas mayores de 5 anos,2005-07-01,1,21,0,0,1,21,22
80303,SANTA ROSA,mortalidad institucional,otras muertes en personas mayores de 5 anos,2005-07-01,0,1,0,0,0,1,1
21901,SANTIAGO DE MACHACA,mortalidad institucional,otras muertes en personas mayores de 5 anos,2005-07-01,0,0,1,0,1,0,1
30702,SANTIVAÃ‘ES,mortalidad institucional,otras muertes en personas mayores de 5 anos,2005-07-01,0,0,1,0,1,0,1
40104,SORACACHI,mortalidad institucional,otras muertes en personas mayores de 5 anos,2005-07-01,0,0,0,1,0,1,1
20601,SORATA,mortalidad institucional,otras muertes en personas mayores de 5 anos,2005-07-01,0,0,0,1,0,1,1
10101,SUCRE,mortalidad institucional,otras muertes en personas mayores de 5 anos,2005-07-01,18,18,0,1,18,19,37
31101,TAPACARI,mortalidad institucional,otras muertes en personas mayores de 5 anos,2005-07-01,0,0,1,1,1,1,2
10601,TARABUCO,mortalidad institucional,otras muertes en personas mayores de 5 anos,2005-07-01,0,1,5,3,5,4,9
60101,TARIJA,mortalidad institucional,otras muertes en personas mayores de 5 anos,2005-07-01,21,16,3,0,24,16,40
10202,TARVITA,mortalidad institucional,otras muertes en personas mayores de 5 anos,2005-07-01,0,0,0,1,0,1,1
30903,TIQUIPAYA,mortalidad institucional,otras muertes en personas mayores de 5 anos,2005-07-01,0,0,0,1,0,1,1
10402,TOMINA,mortalidad institucional,otras muertes en personas mayores de 5 anos,2005-07-01,0,0,3,4,3,4,7
50502,TORO TORO,mortalidad institucional,otras muertes en personas mayores de 5 anos,2005-07-01,0,0,1,0,1,0,1
70802,TRIGAL,mortalidad institucional,otras muertes en personas mayores de 5 anos,2005-07-01,0,0,0,1,0,1,1
80101,TRINIDAD,mortalidad institucional,otras muertes en personas mayores de 5 anos,2005-07-01,7,8,3,1,10,9,19
50801,TUPIZA,mortalidad institucional,otras muertes en personas mayores de 5 anos,2005-07-01,0,0,0,1,0,1,1
21302,UMALA,mortalidad institucional,otras muertes en personas mayores de 5 anos,2005-07-01,0,0,1,0,1,0,1
50201,UNCIA,mortalidad institucional,otras muertes en personas mayores de 5 anos,2005-07-01,2,3,0,1,2,4,6
51201,UYUNI,mortalidad institucional,otras muertes en personas mayores de 5 anos,2005-07-01,0,0,5,2,5,2,7
31302,VILA VILA,mortalidad institucional,otras muertes en personas mayores de 5 anos,2005-07-01,0,0,1,1,1,1,2
60303,VILLA MONTES,mortalidad institucional,otras muertes en personas mayores de 5 anos,2005-07-01,1,0,0,1,1,1,2
31402,VILLA RIVERO,mortalidad institucional,otras muertes en personas mayores de 5 anos,2005-07-01,0,0,1,1,1,1,2
10801,VILLA SERRANO,mortalidad institucional,otras muertes en personas mayores de 5 anos,2005-07-01,0,0,3,1,3,1,4
31003,VILLA TUNARI,mortalidad institucional,otras muertes en personas mayores de 5 anos,2005-07-01,1,0,1,3,2,3,5
51501,VILLAZON,mortalidad institucional,otras muertes en personas mayores de 5 anos,2005-07-01,0,0,2,3,2,3,5
50602,VITICHI,mortalidad institucional,otras muertes en personas mayores de 5 anos,2005-07-01,0,0,1,1,1,1,2
70201,WARNES,mortalidad institucional,otras muertes en personas mayores de 5 anos,2005-07-01,0,0,1,1,1,1,2
60301,YACUIBA,mortalidad institucional,otras muertes en personas mayores de 5 anos,2005-07-01,2,0,0,0,2,0,2
10602,YAMPARAEZ,mortalidad institucional,otras muertes en personas mayores de 5 anos,2005-07-01,0,0,1,0,1,0,1
70403,YAPACANI,mortalidad institucional,otras muertes en personas mayores de 5 anos,2005-07-01,0,0,2,1,2,1,3
10102,YOTALA,mortalidad institucional,otras muertes en personas mayores de 5 anos,2005-07-01,0,0,2,1,2,1,3
51302,ACACIO,mortalidad institucional,otras muertes en personas mayores de 5 anos,2005-08-01,0,0,1,0,1,0,1
20202,ANCORAIMES,mortalidad institucional,otras muertes en personas mayores de 5 anos,2005-08-01,0,0,1,0,1,0,1
20701,APOLO,mortalidad institucional,otras muertes en personas mayores de 5 anos,2005-08-01,0,1,1,1,1,2,3
50802,ATOCHA,mortalidad institucional,otras muertes en personas mayores de 5 anos,2005-08-01,1,0,0,0,1,0,1
20502,AYATA,mortalidad institucional,otras muertes en personas mayores de 5 anos,2005-08-01,0,0,0,1,0,1,1
30301,AYOPAYA (V. DE INDEPENDENCIA),mortalidad institucional,otras muertes en personas mayores de 5 anos,2005-08-01,1,0,0,0,1,0,1
10201,AZURDUY,mortalidad institucional,otras muertes en personas mayores de 5 anos,2005-08-01,0,0,2,0,2,0,2
60202,BERMEJO,mortalidad institucional,otras muertes en personas mayores de 5 anos,2005-08-01,0,0,2,0,2,0,2
50301,BETANZOS,mortalidad institucional,otras muertes en personas mayores de 5 anos,2005-08-01,0,0,1,4,1,4,5
70401,BUENA VISTA,mortalidad institucional,otras muertes en personas mayores de 5 anos,2005-08-01,0,0,1,1,1,1,2
70703,CABEZAS,mortalidad institucional,otras muertes en personas mayores de 5 anos,2005-08-01,3,0,0,0,3,0,3
51102,"CAIZA ""D""",mortalidad institucional,otras muertes en personas mayores de 5 anos,2005-08-01,0,0,1,2,1,2,3
10701,CAMARGO,mortalidad institucional,otras muertes en personas mayores de 5 anos,2005-08-01,0,0,0,1,0,1,1
70706,CAMIRI,mortalidad institucional,otras muertes en personas mayores de 5 anos,2005-08-01,1,0,0,0,1,0,1
22001,CARANAVI,mortalidad institucional,otras muertes en personas mayores de 5 anos,2005-08-01,2,0,6,2,8,2,10
70702,CHARAGUA,mortalidad institucional,otras muertes en personas mayores de 5 anos,2005-08-01,1,1,0,0,1,1,2
21101,CHULUMANI (V. DE LA LIBERTAD),mortalidad institucional,otras muertes en personas mayores de 5 anos,2005-08-01,0,1,1,1,1,2,3
90101,COBIJA,mortalidad institucional,otras muertes en personas mayores de 5 anos,2005-08-01,0,0,0,1,0,1,1
30101,COCHABAMBA,mortalidad institucional,otras muertes en personas mayores de 5 anos,2005-08-01,46,29,1,1,47,30,77
30905,COLCAPIRHUA,mortalidad institucional,otras muertes en personas mayores de 5 anos,2005-08-01,1,0,0,0,1,0,1
31002,COLOMI,mortalidad institucional,otras muertes en personas mayores de 5 anos,2005-08-01,0,0,1,1,1,1,2
50401,COLQUECHACA,mortalidad institucional,otras muertes en personas mayores de 5 anos,2005-08-01,0,0,0,1,0,1,1
71301,COMARAPA,mortalidad institucional,otras muertes en personas mayores de 5 anos,2005-08-01,0,1,0,0,0,1,1
21701,COPACABANA,mortalidad institucional,otras muertes en personas mayores de 5 anos,2005-08-01,0,0,2,0,2,0,2
21401,COROICO,mortalidad institucional,otras muertes en personas mayores de 5 anos,2005-08-01,1,0,0,1,1,1,2
50601,COTAGAITA,mortalidad institucional,otras muertes en personas mayores de 5 anos,2005-08-01,0,0,0,1,0,1,1
70102,COTOCA,mortalidad institucional,otras muertes en personas mayores de 5 anos,2005-08-01,0,1,1,2,1,3,4
10902,CULPINA,mortalidad institucional,otras muertes en personas mayores de 5 anos,2005-08-01,1,0,0,3,1,3,4
20804,DESAGUADERO,mortalidad institucional,otras muertes en personas mayores de 5 anos,2005-08-01,0,0,0,1,0,1,1
20105,EL ALTO,mortalidad institucional,otras muertes en personas mayores de 5 anos,2005-08-01,7,8,2,4,9,12,21
71503,EL PUENTE(STC),mortalidad institucional,otras muertes en personas mayores de 5 anos,2005-08-01,0,1,0,0,0,1,1
70105,EL TORNO,mortalidad institucional,otras muertes en personas mayores de 5 anos,2005-08-01,0,0,1,0,1,0,1
10405,EL VILLAR,mortalidad institucional,otras muertes en personas mayores de 5 anos,2005-08-01,0,0,1,0,1,0,1
41101,EUCALIPTUS,mortalidad institucional,otras muertes en personas mayores de 5 anos,2005-08-01,0,0,2,0,2,0,2
71004,FERNANDEZ ALONSO,mortalidad institucional,otras muertes en personas mayores de 5 anos,2005-08-01,0,1,1,0,1,1,2
21601,GRAL. J.J. PEREZ (CHARAZANI),mortalidad institucional,otras muertes en personas mayores de 5 anos,2005-08-01,1,0,0,0,1,0,1
20602,GUANAY,mortalidad institucional,otras muertes en personas mayores de 5 anos,2005-08-01,0,0,1,1,1,1,2
80202,GUAYARAMERIN,mortalidad institucional,otras muertes en personas mayores de 5 anos,2005-08-01,1,1,0,0,1,1,2
40701,HUANUNI,mortalidad institucional,otras muertes en personas mayores de 5 anos,2005-08-01,1,0,1,1,2,1,3
90402,INGAVI (HUMAITA),mortalidad institucional,otras muertes en personas mayores de 5 anos,2005-08-01,0,0,1,0,1,0,1
21105,LA ASUNTA,mortalidad institucional,otras muertes en personas mayores de 5 anos,2005-08-01,0,0,1,0,1,0,1
20101,LA PAZ,mortalidad institucional,otras muertes en personas mayores de 5 anos,2005-08-01,90,73,12,8,102,81,183
50203,LLALLAGUA,mortalidad institucional,otras muertes en personas mayores de 5 anos,2005-08-01,0,0,1,1,1,1,2
80601,LORETO,mortalidad institucional,otras muertes en personas mayores de 5 anos,2005-08-01,0,0,1,2,1,2,3
80801,MAGDALENA,mortalidad institucional,otras muertes en personas mayores de 5 anos,2005-08-01,0,2,0,1,0,3,3
70903,MAIRANA,mortalidad institucional,otras muertes en personas mayores de 5 anos,2005-08-01,0,0,1,0,1,0,1
71003,MINEROS,mortalidad institucional,otras muertes en personas mayores de 5 anos,2005-08-01,0,0,0,1,0,1,1
31301,MIZQUE,mortalidad institucional,otras muertes en personas mayores de 5 anos,2005-08-01,1,0,1,2,2,2,4
20402,MOCOMOCO,mortalidad institucional,otras muertes en personas mayores de 5 anos,2005-08-01,0,0,1,3,1,3,4
10501,MONTEAGUDO,mortalidad institucional,otras muertes en personas mayores de 5 anos,2005-08-01,1,0,5,3,6,3,9
71001,MONTERO,mortalidad institucional,otras muertes en personas mayores de 5 anos,2005-08-01,3,3,6,5,9,8,17
50404,OCURI,mortalidad institucional,otras muertes en personas mayores de 5 anos,2005-08-01,0,0,0,1,0,1,1
40101,ORURO,mortalidad institucional,otras muertes en personas mayores de 5 anos,2005-08-01,24,12,2,5,26,17,43
10401,PADILLA,mortalidad institucional,otras muertes en personas mayores de 5 anos,2005-08-01,1,0,0,0,1,0,1
21104,PALOS BLANCOS,mortalidad institucional,otras muertes en personas mayores de 5 anos,2005-08-01,0,0,3,0,3,0,3
21802,PAPEL PAMPA,mortalidad institucional,otras muertes en personas mayores de 5 anos,2005-08-01,0,0,1,1,1,1,2
21305,PATACAMAYA,mortalidad institucional,otras muertes en personas mayores de 5 anos,2005-08-01,0,0,3,1,3,1,4
40602,PAZÃ‘A,mortalidad institucional,otras muertes en personas mayores de 5 anos,2005-08-01,0,0,0,1,0,1,1
31203,POCONA,mortalidad institucional,otras muertes en personas mayores de 5 anos,2005-08-01,0,0,3,0,3,0,3
40601,POOPO,mortalidad institucional,otras muertes en personas mayores de 5 anos,2005-08-01,0,0,1,0,1,0,1
70601,PORTACHUELO,mortalidad institucional,otras muertes en personas mayores de 5 anos,2005-08-01,1,1,0,1,1,2,3
70804,POSTRER VALLE,mortalidad institucional,otras muertes en personas mayores de 5 anos,2005-08-01,0,0,0,1,0,1,1
50101,POTOSI,mortalidad institucional,otras muertes en personas mayores de 5 anos,2005-08-01,9,7,0,0,9,7,16
10302,PRESTO,mortalidad institucional,otras muertes en personas mayores de 5 anos,2005-08-01,0,0,3,0,3,0,3
21201,PUCARANI,mortalidad institucional,otras muertes en personas mayores de 5 anos,2005-08-01,0,1,0,0,0,1,1
20401,PUERTO ACOSTA,mortalidad institucional,otras muertes en personas mayores de 5 anos,2005-08-01,0,0,0,4,0,4,4
20403,PUERTO CARABUCO,mortalidad institucional,otras muertes en personas mayores de 5 anos,2005-08-01,0,0,1,1,1,1,2
31205,PUERTO VILLARROEL,mortalidad institucional,otras muertes en personas mayores de 5 anos,2005-08-01,0,0,0,3,0,3,3
51101,PUNA,mortalidad institucional,otras muertes en personas mayores de 5 anos,2005-08-01,0,0,0,1,0,1,1
31401,PUNATA,mortalidad institucional,otras muertes en personas mayores de 5 anos,2005-08-01,3,0,7,6,10,6,16
30901,QUILLACOLLO,mortalidad institucional,otras muertes en personas mayores de 5 anos,2005-08-01,0,1,0,0,0,1,1
80301,REYES,mortalidad institucional,otras muertes en personas mayores de 5 anos,2005-08-01,1,0,0,0,1,0,1
80201,RIBERALTA,mortalidad institucional,otras muertes en personas mayores de 5 anos,2005-08-01,6,4,2,0,8,4,12
31001,SACABA,mortalidad institucional,otras muertes en personas mayores de 5 anos,2005-08-01,0,0,3,1,3,1,4
51601,SAN AGUSTIN,mortalidad institucional,otras muertes en personas mayores de 5 anos,2005-08-01,0,0,0,1,0,1,1
80602,SAN ANDRES,mortalidad institucional,otras muertes en personas mayores de 5 anos,2005-08-01,0,0,1,0,1,0,1
80302,SAN BORJA,mortalidad institucional,otras muertes en personas mayores de 5 anos,2005-08-01,2,0,5,2,7,2,9
80501,SAN IGNACIO,mortalidad institucional,otras muertes en personas mayores de 5 anos,2005-08-01,0,0,1,0,1,0,1
70301,SAN IGNACIO DE VELASCO,mortalidad institucional,otras muertes en personas mayores de 5 anos,2005-08-01,0,0,3,1,3,1,4
60501,SAN LORENZO(TJA),mortalidad institucional,otras muertes en personas mayores de 5 anos,2005-08-01,0,0,0,1,0,1,1
10702,SAN LUCAS,mortalidad institucional,otras muertes en personas mayores de 5 anos,2005-08-01,0,0,7,6,7,6,13
71005,SAN PEDRO,mortalidad institucional,otras muertes en personas mayores de 5 anos,2005-08-01,0,0,1,0,1,0,1
50501,SAN PEDRO DE BUENA VISTA,mortalidad institucional,otras muertes en personas mayores de 5 anos,2005-08-01,0,0,0,1,0,1,1
21702,SAN PEDRO DE TIQUINA,mortalidad institucional,otras muertes en personas mayores de 5 anos,2005-08-01,0,1,0,0,0,1,1
80401,SANTA ANA,mortalidad institucional,otras muertes en personas mayores de 5 anos,2005-08-01,1,1,1,1,2,2,4
70101,SANTA CRUZ DE LA SIERRA,mortalidad institucional,otras muertes en personas mayores de 5 anos,2005-08-01,9,5,0,0,9,5,14
30902,SIPE SIPE,mortalidad institucional,otras muertes en personas mayores de 5 anos,2005-08-01,0,0,0,2,0,2,2
10403,SOPACHUY,mortalidad institucional,otras muertes en personas mayores de 5 anos,2005-08-01,0,1,0,1,0,2,2
20601,SORATA,mortalidad institucional,otras muertes en personas mayores de 5 anos,2005-08-01,0,0,1,0,1,0,1
10101,SUCRE,mortalidad institucional,otras muertes en personas mayores de 5 anos,2005-08-01,19,26,1,1,20,27,47
31101,TAPACARI,mortalidad institucional,otras muertes en personas mayores de 5 anos,2005-08-01,0,0,1,0,1,0,1
10601,TARABUCO,mortalidad institucional,otras muertes en personas mayores de 5 anos,2005-08-01,0,0,0,5,0,5,5
60101,TARIJA,mortalidad institucional,otras muertes en personas mayores de 5 anos,2005-08-01,19,15,7,2,26,17,43
10202,TARVITA,mortalidad institucional,otras muertes en personas mayores de 5 anos,2005-08-01,0,1,2,3,2,4,6
20606,TIPUANI,mortalidad institucional,otras muertes en personas mayores de 5 anos,2005-08-01,0,0,1,0,1,0,1
31601,TIRAQUE (CBBA),mortalidad institucional,otras muertes en personas mayores de 5 anos,2005-08-01,0,0,1,1,1,1,2
30802,TOCO,mortalidad institucional,otras muertes en personas mayores de 5 anos,2005-08-01,0,0,1,1,1,1,2
10402,TOMINA,mortalidad institucional,otras muertes en personas mayores de 5 anos,2005-08-01,0,0,1,1,1,1,2
31201,TOTORA(CBBA),mortalidad institucional,otras muertes en personas mayores de 5 anos,2005-08-01,0,1,0,0,0,1,1
80101,TRINIDAD,mortalidad institucional,otras muertes en personas mayores de 5 anos,2005-08-01,2,7,5,0,7,7,14
50801,TUPIZA,mortalidad institucional,otras muertes en personas mayores de 5 anos,2005-08-01,0,2,1,1,1,3,4
50201,UNCIA,mortalidad institucional,otras muertes en personas mayores de 5 anos,2005-08-01,2,1,0,0,2,1,3
51201,UYUNI,mortalidad institucional,otras muertes en personas mayores de 5 anos,2005-08-01,1,0,4,2,5,2,7
30502,VACAS,mortalidad institucional,otras muertes en personas mayores de 5 anos,2005-08-01,0,0,0,1,0,1,1
70801,VALLEGRANDE,mortalidad institucional,otras muertes en personas mayores de 5 anos,2005-08-01,1,0,0,0,1,0,1
60303,VILLA MONTES,mortalidad institucional,otras muertes en personas mayores de 5 anos,2005-08-01,5,0,2,0,7,0,7
31402,VILLA RIVERO,mortalidad institucional,otras muertes en personas mayores de 5 anos,2005-08-01,0,0,1,0,1,0,1
10801,VILLA SERRANO,mortalidad institucional,otras muertes en personas mayores de 5 anos,2005-08-01,0,0,0,1,0,1,1
31003,VILLA TUNARI,mortalidad institucional,otras muertes en personas mayores de 5 anos,2005-08-01,0,0,2,2,2,2,4
11001,VILLA VACA GUZMAN (MUYUPAMPA),mortalidad institucional,otras muertes en personas mayores de 5 anos,2005-08-01,0,0,1,0,1,0,1
51501,VILLAZON,mortalidad institucional,otras muertes en personas mayores de 5 anos,2005-08-01,1,1,1,1,2,2,4
70201,WARNES,mortalidad institucional,otras muertes en personas mayores de 5 anos,2005-08-01,0,0,1,0,1,0,1
60301,YACUIBA,mortalidad institucional,otras muertes en personas mayores de 5 anos,2005-08-01,4,2,0,0,4,2,6
10602,YAMPARAEZ,mortalidad institucional,otras muertes en personas mayores de 5 anos,2005-08-01,0,0,1,2,1,2,3
21103,YANACACHI,mortalidad institucional,otras muertes en personas mayores de 5 anos,2005-08-01,0,0,0,2,0,2,2
70403,YAPACANI,mortalidad institucional,otras muertes en personas mayores de 5 anos,2005-08-01,0,1,0,0,0,1,1
10102,YOTALA,mortalidad institucional,otras muertes en personas mayores de 5 anos,2005-08-01,0,0,2,0,2,0,2
10301,ZUDAÃ‘EZ,mortalidad institucional,otras muertes en personas mayores de 5 anos,2005-08-01,0,0,0,1,0,1,1
20201,ACHACACHI,mortalidad institucional,otras muertes en personas mayores de 5 anos,2005-09-01,0,0,2,1,2,1,3
10404,ALCALA,mortalidad institucional,otras muertes en personas mayores de 5 anos,2005-09-01,0,0,2,0,2,0,2
30402,ANZALDO,mortalidad institucional,otras muertes en personas mayores de 5 anos,2005-09-01,0,0,0,1,0,1,1
41202,BELEN DE ANDAMARCA,mortalidad institucional,otras muertes en personas mayores de 5 anos,2005-09-01,1,0,0,0,1,0,1
60202,BERMEJO,mortalidad institucional,otras muertes en personas mayores de 5 anos,2005-09-01,3,0,0,0,3,0,3
50301,BETANZOS,mortalidad institucional,otras muertes en personas mayores de 5 anos,2005-09-01,1,1,6,5,7,6,13
31501,BOLIVAR,mortalidad institucional,otras muertes en personas mayores de 5 anos,2005-09-01,0,0,0,1,0,1,1
51102,"CAIZA ""D""",mortalidad institucional,otras muertes en personas mayores de 5 anos,2005-09-01,0,0,1,0,1,0,1
21003,CAJUATA,mortalidad institucional,otras muertes en personas mayores de 5 anos,2005-09-01,0,0,0,2,0,2,2
10701,CAMARGO,mortalidad institucional,otras muertes en personas mayores de 5 anos,2005-09-01,2,1,0,1,2,2,4
70706,CAMIRI,mortalidad institucional,otras muertes en personas mayores de 5 anos,2005-09-01,2,0,0,0,2,0,2
30701,CAPINOTA,mortalidad institucional,otras muertes en personas mayores de 5 anos,2005-09-01,0,0,0,1,0,1,1
22001,CARANAVI,mortalidad institucional,otras muertes en personas mayores de 5 anos,2005-09-01,1,3,2,1,3,4,7
40201,CHALLAPATA,mortalidad institucional,otras muertes en personas mayores de 5 anos,2005-09-01,0,0,7,0,7,0,7
50302,CHAQUI,mortalidad institucional,otras muertes en personas mayores de 5 anos,2005-09-01,0,0,2,3,2,3,5
50202,CHAYANTA,mortalidad institucional,otras muertes en personas mayores de 5 anos,2005-09-01,0,0,1,0,1,0,1
21101,CHULUMANI (V. DE LA LIBERTAD),mortalidad institucional,otras muertes en personas mayores de 5 anos,2005-09-01,0,0,3,1,3,1,4
90101,COBIJA,mortalidad institucional,otras muertes en personas mayores de 5 anos,2005-09-01,3,3,1,0,4,3,7
30101,COCHABAMBA,mortalidad institucional,otras muertes en personas mayores de 5 anos,2005-09-01,46,24,1,4,47,28,75
30905,COLCAPIRHUA,mortalidad institucional,otras muertes en personas mayores de 5 anos,2005-09-01,2,0,0,0,2,0,2
31002,COLOMI,mortalidad institucional,otras muertes en personas mayores de 5 anos,2005-09-01,0,0,1,2,1,2,3
70603,COLPA BELGICA,mortalidad institucional,otras muertes en personas mayores de 5 anos,2005-09-01,0,0,2,1,2,1,3
71301,COMARAPA,mortalidad institucional,otras muertes en personas mayores de 5 anos,2005-09-01,0,1,0,0,0,1,1
21701,COPACABANA,mortalidad institucional,otras muertes en personas mayores de 5 anos,2005-09-01,0,0,2,0,2,0,2
21402,CORIPATA,mortalidad institucional,otras muertes en personas mayores de 5 anos,2005-09-01,0,1,1,0,1,1,2
50601,COTAGAITA,mortalidad institucional,otras muertes en personas mayores de 5 anos,2005-09-01,0,0,2,1,2,1,3
70102,COTOCA,mortalidad institucional,otras muertes en personas mayores de 5 anos,2005-09-01,0,1,0,1,0,2,2
10902,CULPINA,mortalidad institucional,otras muertes en personas mayores de 5 anos,2005-09-01,0,0,2,2,2,2,4
40401,CURAHUARA DE CARANGAS,mortalidad institucional,otras muertes en personas mayores de 5 anos,2005-09-01,0,0,3,0,3,0,3
20105,EL ALTO,mortalidad institucional,otras muertes en personas mayores de 5 anos,2005-09-01,12,5,6,10,18,15,33
70105,EL TORNO,mortalidad institucional,otras muertes en personas mayores de 5 anos,2005-09-01,0,0,0,1,0,1,1
71004,FERNANDEZ ALONSO,mortalidad institucional,otras muertes en personas mayores de 5 anos,2005-09-01,1,0,2,0,3,0,3
90203,FILADELFIA,mortalidad institucional,otras muertes en personas mayores de 5 anos,2005-09-01,0,0,0,1,0,1,1
80202,GUAYARAMERIN,mortalidad institucional,otras muertes en personas mayores de 5 anos,2005-09-01,2,0,2,2,4,2,6
10502,HUACARETA,mortalidad institucional,otras muertes en personas mayores de 5 anos,2005-09-01,0,0,2,2,2,2,4
40701,HUANUNI,mortalidad institucional,otras muertes en personas mayores de 5 anos,2005-09-01,0,1,1,1,1,2,3
10304,ICLA,mortalidad institucional,otras muertes en personas mayores de 5 anos,2005-09-01,0,0,1,1,1,1,2
10703,INCAHUASI,mortalidad institucional,otras muertes en personas mayores de 5 anos,2005-09-01,0,0,0,1,0,1,1
21102,IRUPANA (VILLA DE LANZA),mortalidad institucional,otras muertes en personas mayores de 5 anos,2005-09-01,0,0,0,2,0,2,2
20101,LA PAZ,mortalidad institucional,otras muertes en personas mayores de 5 anos,2005-09-01,54,76,7,7,61,83,144
50203,LLALLAGUA,mortalidad institucional,otras muertes en personas mayores de 5 anos,2005-09-01,1,1,1,0,2,1,3
80601,LORETO,mortalidad institucional,otras muertes en personas mayores de 5 anos,2005-09-01,0,0,1,0,1,0,1
20901,LURIBAY,mortalidad institucional,otras muertes en personas mayores de 5 anos,2005-09-01,0,0,0,2,0,2,2
11003,MACHARETI,mortalidad institucional,otras muertes en personas mayores de 5 anos,2005-09-01,0,0,2,0,2,0,2
80801,MAGDALENA,mortalidad institucional,otras muertes en personas mayores de 5 anos,2005-09-01,0,1,1,0,1,1,2
71003,MINEROS,mortalidad institucional,otras muertes en personas mayores de 5 anos,2005-09-01,0,0,1,2,1,2,3
20402,MOCOMOCO,mortalidad institucional,otras muertes en personas mayores de 5 anos,2005-09-01,0,0,0,3,0,3,3
10501,MONTEAGUDO,mortalidad institucional,otras muertes en personas mayores de 5 anos,2005-09-01,2,0,0,3,2,3,5
71001,MONTERO,mortalidad institucional,otras muertes en personas mayores de 5 anos,2005-09-01,0,0,3,3,3,3,6
50404,OCURI,mortalidad institucional,otras muertes en personas mayores de 5 anos,2005-09-01,0,0,3,0,3,0,3
40101,ORURO,mortalidad institucional,otras muertes en personas mayores de 5 anos,2005-09-01,12,16,1,3,13,19,32
21104,PALOS BLANCOS,mortalidad institucional,otras muertes en personas mayores de 5 anos,2005-09-01,0,0,1,0,1,0,1
21802,PAPEL PAMPA,mortalidad institucional,otras muertes en personas mayores de 5 anos,2005-09-01,0,0,0,2,0,2,2
30202,PASORAPA,mortalidad institucional,otras muertes en personas mayores de 5 anos,2005-09-01,0,0,1,0,1,0,1
21305,PATACAMAYA,mortalidad institucional,otras muertes en personas mayores de 5 anos,2005-09-01,0,0,2,0,2,0,2
40602,PAZÃ‘A,mortalidad institucional,otras muertes en personas mayores de 5 anos,2005-09-01,0,0,1,1,1,1,2
10103,POROMA,mortalidad institucional,otras muertes en personas mayores de 5 anos,2005-09-01,0,0,0,4,0,4,4
50101,POTOSI,mortalidad institucional,otras muertes en personas mayores de 5 anos,2005-09-01,9,14,0,0,9,14,23
10302,PRESTO,mortalidad institucional,otras muertes en personas mayores de 5 anos,2005-09-01,0,0,1,2,1,2,3
70805,PUCARA,mortalidad institucional,otras muertes en personas mayores de 5 anos,2005-09-01,0,0,2,0,2,0,2
20401,PUERTO ACOSTA,mortalidad institucional,otras muertes en personas mayores de 5 anos,2005-09-01,0,1,1,1,1,2,3
20403,PUERTO CARABUCO,mortalidad institucional,otras muertes en personas mayores de 5 anos,2005-09-01,0,0,0,1,0,1,1
90201,PUERTO RICO,mortalidad institucional,otras muertes en personas mayores de 5 anos,2005-09-01,0,0,1,0,1,0,1
31205,PUERTO VILLARROEL,mortalidad institucional,otras muertes en personas mayores de 5 anos,2005-09-01,1,0,0,0,1,0,1
51101,PUNA,mortalidad institucional,otras muertes en personas mayores de 5 anos,2005-09-01,0,0,1,1,1,1,2
31401,PUNATA,mortalidad institucional,otras muertes en personas mayores de 5 anos,2005-09-01,0,0,3,0,3,0,3
30901,QUILLACOLLO,mortalidad institucional,otras muertes en personas mayores de 5 anos,2005-09-01,1,0,0,0,1,0,1
80201,RIBERALTA,mortalidad institucional,otras muertes en personas mayores de 5 anos,2005-09-01,2,1,4,1,6,2,8
31001,SACABA,mortalidad institucional,otras muertes en personas mayores de 5 anos,2005-09-01,2,1,3,9,5,10,15
80602,SAN ANDRES,mortalidad institucional,otras muertes en personas mayores de 5 anos,2005-09-01,0,0,1,0,1,0,1
80302,SAN BORJA,mortalidad institucional,otras muertes en personas mayores de 5 anos,2005-09-01,1,2,2,1,3,3,6
21502,SAN BUENA VENTURA,mortalidad institucional,otras muertes en personas mayores de 5 anos,2005-09-01,0,0,1,0,1,0,1
70402,SAN CARLOS,mortalidad institucional,otras muertes en personas mayores de 5 anos,2005-09-01,0,0,1,1,1,1,2
70301,SAN IGNACIO DE VELASCO,mortalidad institucional,otras muertes en personas mayores de 5 anos,2005-09-01,0,1,1,0,1,1,2
80701,SAN JOAQUIN,mortalidad institucional,otras muertes en personas mayores de 5 anos,2005-09-01,1,2,0,0,1,2,3
70404,SAN JUAN DE YAPACANI,mortalidad institucional,otras muertes en personas mayores de 5 anos,2005-09-01,1,0,0,0,1,0,1
60501,SAN LORENZO(TJA),mortalidad institucional,otras muertes en personas mayores de 5 anos,2005-09-01,0,0,3,0,3,0,3
10702,SAN LUCAS,mortalidad institucional,otras muertes en personas mayores de 5 anos,2005-09-01,1,1,3,7,4,8,12
51001,SAN PABLO DE LIPEZ,mortalidad institucional,otras muertes en personas mayores de 5 anos,2005-09-01,0,0,0,1,0,1,1
71005,SAN PEDRO,mortalidad institucional,otras muertes en personas mayores de 5 anos,2005-09-01,0,0,1,0,1,0,1
50501,SAN PEDRO DE BUENA VISTA,mortalidad institucional,otras muertes en personas mayores de 5 anos,2005-09-01,0,0,1,0,1,0,1
70303,SAN RAFAEL,mortalidad institucional,otras muertes en personas mayores de 5 anos,2005-09-01,0,0,1,0,1,0,1
80401,SANTA ANA,mortalidad institucional,otras muertes en personas mayores de 5 anos,2005-09-01,0,2,0,0,0,2,2
20902,SAPAHAQUI,mortalidad institucional,otras muertes en personas mayores de 5 anos,2005-09-01,0,0,1,0,1,0,1
90303,SENA,mortalidad institucional,otras muertes en personas mayores de 5 anos,2005-09-01,0,0,1,0,1,0,1
30902,SIPE SIPE,mortalidad institucional,otras muertes en personas mayores de 5 anos,2005-09-01,0,1,0,1,0,2,2
10403,SOPACHUY,mortalidad institucional,otras muertes en personas mayores de 5 anos,2005-09-01,1,0,0,1,1,1,2
20601,SORATA,mortalidad institucional,otras muertes en personas mayores de 5 anos,2005-09-01,0,0,1,0,1,0,1
10101,SUCRE,mortalidad institucional,otras muertes en personas mayores de 5 anos,2005-09-01,16,17,2,3,18,20,38
10601,TARABUCO,mortalidad institucional,otras muertes en personas mayores de 5 anos,2005-09-01,0,0,6,5,6,5,11
60101,TARIJA,mortalidad institucional,otras muertes en personas mayores de 5 anos,2005-09-01,14,15,2,2,16,17,33
10202,TARVITA,mortalidad institucional,otras muertes en personas mayores de 5 anos,2005-09-01,0,0,1,1,1,1,2
20608,TEOPONTE,mortalidad institucional,otras muertes en personas mayores de 5 anos,2005-09-01,0,0,1,0,1,0,1
20606,TIPUANI,mortalidad institucional,otras muertes en personas mayores de 5 anos,2005-09-01,0,0,1,0,1,0,1
31601,TIRAQUE (CBBA),mortalidad institucional,otras muertes en personas mayores de 5 anos,2005-09-01,0,1,0,2,0,3,3
10402,TOMINA,mortalidad institucional,otras muertes en personas mayores de 5 anos,2005-09-01,0,0,1,0,1,0,1
50502,TORO TORO,mortalidad institucional,otras muertes en personas mayores de 5 anos,2005-09-01,0,0,1,1,1,1,2
41301,TOTORA(ORR),mortalidad institucional,otras muertes en personas mayores de 5 anos,2005-09-01,1,0,0,0,1,0,1
70802,TRIGAL,mortalidad institucional,otras muertes en personas mayores de 5 anos,2005-09-01,0,0,0,1,0,1,1
80101,TRINIDAD,mortalidad institucional,otras muertes en personas mayores de 5 anos,2005-09-01,5,3,5,4,10,7,17
50801,TUPIZA,mortalidad institucional,otras muertes en personas mayores de 5 anos,2005-09-01,0,0,1,4,1,4,5
50201,UNCIA,mortalidad institucional,otras muertes en personas mayores de 5 anos,2005-09-01,3,0,0,1,3,1,4
51201,UYUNI,mortalidad institucional,otras muertes en personas mayores de 5 anos,2005-09-01,0,0,1,1,1,1,2
30502,VACAS,mortalidad institucional,otras muertes en personas mayores de 5 anos,2005-09-01,0,0,1,1,1,1,2
70801,VALLEGRANDE,mortalidad institucional,otras muertes en personas mayores de 5 anos,2005-09-01,1,0,0,0,1,0,1
60303,VILLA MONTES,mortalidad institucional,otras muertes en personas mayores de 5 anos,2005-09-01,0,0,3,0,3,0,3
31402,VILLA RIVERO,mortalidad institucional,otras muertes en personas mayores de 5 anos,2005-09-01,0,0,0,1,0,1,1
31003,VILLA TUNARI,mortalidad institucional,otras muertes en personas mayores de 5 anos,2005-09-01,0,0,2,1,2,1,3
11001,VILLA VACA GUZMAN (MUYUPAMPA),mortalidad institucional,otras muertes en personas mayores de 5 anos,2005-09-01,0,0,0,1,0,1,1
51501,VILLAZON,mortalidad institucional,otras muertes en personas mayores de 5 anos,2005-09-01,2,2,0,0,2,2,4
30904,VINTO,mortalidad institucional,otras muertes en personas mayores de 5 anos,2005-09-01,0,0,1,4,1,4,5
70201,WARNES,mortalidad institucional,otras muertes en personas mayores de 5 anos,2005-09-01,0,0,1,0,1,0,1
60301,YACUIBA,mortalidad institucional,otras muertes en personas mayores de 5 anos,2005-09-01,7,4,0,0,7,4,11
70403,YAPACANI,mortalidad institucional,otras muertes en personas mayores de 5 anos,2005-09-01,0,0,1,1,1,1,2
10102,YOTALA,mortalidad institucional,otras muertes en personas mayores de 5 anos,2005-09-01,0,0,1,1,1,1,2
20202,ANCORAIMES,mortalidad institucional,otras muertes en personas mayores de 5 anos,2005-10-01,0,0,0,2,0,2,2
50802,ATOCHA,mortalidad institucional,otras muertes en personas mayores de 5 anos,2005-10-01,0,0,0,10,0,10,10
20502,AYATA,mortalidad institucional,otras muertes en personas mayores de 5 anos,2005-10-01,0,0,0,1,0,1,1
30301,AYOPAYA (V. DE INDEPENDENCIA),mortalidad institucional,otras muertes en personas mayores de 5 anos,2005-10-01,1,0,0,0,1,0,1
41202,BELEN DE ANDAMARCA,mortalidad institucional,otras muertes en personas mayores de 5 anos,2005-10-01,0,0,1,0,1,0,1
50301,BETANZOS,mortalidad institucional,otras muertes en personas mayores de 5 anos,2005-10-01,0,1,6,5,6,6,12
70703,CABEZAS,mortalidad institucional,otras muertes en personas mayores de 5 anos,2005-10-01,1,0,0,0,1,0,1
51102,"CAIZA ""D""",mortalidad institucional,otras muertes en personas mayores de 5 anos,2005-10-01,0,0,1,0,1,0,1
70706,CAMIRI,mortalidad institucional,otras muertes en personas mayores de 5 anos,2005-10-01,4,4,0,0,4,4,8
22001,CARANAVI,mortalidad institucional,otras muertes en personas mayores de 5 anos,2005-10-01,1,0,2,1,3,1,4
60302,CARAPARI,mortalidad institucional,otras muertes en personas mayores de 5 anos,2005-10-01,0,1,0,0,0,1,1
40201,CHALLAPATA,mortalidad institucional,otras muertes en personas mayores de 5 anos,2005-10-01,0,0,1,3,1,3,4
50302,CHAQUI,mortalidad institucional,otras muertes en personas mayores de 5 anos,2005-10-01,0,0,0,1,0,1,1
70702,CHARAGUA,mortalidad institucional,otras muertes en personas mayores de 5 anos,2005-10-01,1,0,1,1,2,1,3
20305,CHARAÃ‘A,mortalidad institucional,otras muertes en personas mayores de 5 anos,2005-10-01,0,0,1,0,1,0,1
50202,CHAYANTA,mortalidad institucional,otras muertes en personas mayores de 5 anos,2005-10-01,0,0,1,1,1,1,2
30101,COCHABAMBA,mortalidad institucional,otras muertes en personas mayores de 5 anos,2005-10-01,46,23,1,3,47,26,73
30905,COLCAPIRHUA,mortalidad institucional,otras muertes en personas mayores de 5 anos,2005-10-01,2,0,0,0,2,0,2
21307,COLLANA,mortalidad institucional,otras muertes en personas mayores de 5 anos,2005-10-01,0,0,1,0,1,0,1
31002,COLOMI,mortalidad institucional,otras muertes en personas mayores de 5 anos,2005-10-01,0,0,1,1,1,1,2
70603,COLPA BELGICA,mortalidad institucional,otras muertes en personas mayores de 5 anos,2005-10-01,0,0,1,0,1,0,1
71301,COMARAPA,mortalidad institucional,otras muertes en personas mayores de 5 anos,2005-10-01,0,1,0,0,0,1,1
21701,COPACABANA,mortalidad institucional,otras muertes en personas mayores de 5 anos,2005-10-01,0,0,3,1,3,1,4
21401,COROICO,mortalidad institucional,otras muertes en personas mayores de 5 anos,2005-10-01,2,1,1,0,3,1,4
40301,CORQUE,mortalidad institucional,otras muertes en personas mayores de 5 anos,2005-10-01,0,0,0,1,0,1,1
70102,COTOCA,mortalidad institucional,otras muertes en personas mayores de 5 anos,2005-10-01,0,0,1,0,1,0,1
20105,EL ALTO,mortalidad institucional,otras muertes en personas mayores de 5 anos,2005-10-01,8,8,2,5,10,13,23
71503,EL PUENTE(STC),mortalidad institucional,otras muertes en personas mayores de 5 anos,2005-10-01,1,0,0,0,1,0,1
70105,EL TORNO,mortalidad institucional,otras muertes en personas mayores de 5 anos,2005-10-01,0,0,0,2,0,2,2
41101,EUCALIPTUS,mortalidad institucional,otras muertes en personas mayores de 5 anos,2005-10-01,0,0,0,1,0,1,1
71004,FERNANDEZ ALONSO,mortalidad institucional,otras muertes en personas mayores de 5 anos,2005-10-01,0,0,0,1,0,1,1
20602,GUANAY,mortalidad institucional,otras muertes en personas mayores de 5 anos,2005-10-01,0,0,1,2,1,2,3
80202,GUAYARAMERIN,mortalidad institucional,otras muertes en personas mayores de 5 anos,2005-10-01,2,0,0,0,2,0,2
10502,HUACARETA,mortalidad institucional,otras muertes en personas mayores de 5 anos,2005-10-01,0,0,0,1,0,1,1
10703,INCAHUASI,mortalidad institucional,otras muertes en personas mayores de 5 anos,2005-10-01,0,0,1,0,1,0,1
21501,IXIAMAS,mortalidad institucional,otras muertes en personas mayores de 5 anos,2005-10-01,0,1,0,0,0,1,1
70104,LA GUARDIA,mortalidad institucional,otras muertes en personas mayores de 5 anos,2005-10-01,0,0,1,0,1,0,1
20101,LA PAZ,mortalidad institucional,otras muertes en personas mayores de 5 anos,2005-10-01,68,91,13,17,81,108,189
50203,LLALLAGUA,mortalidad institucional,otras muertes en personas mayores de 5 anos,2005-10-01,4,1,3,5,7,6,13
80601,LORETO,mortalidad institucional,otras muertes en personas mayores de 5 anos,2005-10-01,0,0,1,0,1,0,1
11003,MACHARETI,mortalidad institucional,otras muertes en personas mayores de 5 anos,2005-10-01,0,0,2,1,2,1,3
31301,MIZQUE,mortalidad institucional,otras muertes en personas mayores de 5 anos,2005-10-01,0,0,0,2,0,2,2
20402,MOCOMOCO,mortalidad institucional,otras muertes en personas mayores de 5 anos,2005-10-01,0,0,2,4,2,4,6
10501,MONTEAGUDO,mortalidad institucional,otras muertes en personas mayores de 5 anos,2005-10-01,1,1,2,4,3,5,8
71001,MONTERO,mortalidad institucional,otras muertes en personas mayores de 5 anos,2005-10-01,0,0,3,2,3,2,5
50404,OCURI,mortalidad institucional,otras muertes en personas mayores de 5 anos,2005-10-01,0,0,1,1,1,1,2
40101,ORURO,mortalidad institucional,otras muertes en personas mayores de 5 anos,2005-10-01,27,7,2,3,29,10,39
21104,PALOS BLANCOS,mortalidad institucional,otras muertes en personas mayores de 5 anos,2005-10-01,1,0,0,1,1,1,2
70601,PORTACHUELO,mortalidad institucional,otras muertes en personas mayores de 5 anos,2005-10-01,0,0,0,1,0,1,1
70804,POSTRER VALLE,mortalidad institucional,otras muertes en personas mayores de 5 anos,2005-10-01,0,0,1,0,1,0,1
50101,POTOSI,mortalidad institucional,otras muertes en personas mayores de 5 anos,2005-10-01,11,7,1,3,12,10,22
10302,PRESTO,mortalidad institucional,otras muertes en personas mayores de 5 anos,2005-10-01,0,0,4,1,4,1,5
20401,PUERTO ACOSTA,mortalidad institucional,otras muertes en personas mayores de 5 anos,2005-10-01,0,0,1,1,1,1,2
31205,PUERTO VILLARROEL,mortalidad institucional,otras muertes en personas mayores de 5 anos,2005-10-01,1,1,0,2,1,3,4
51101,PUNA,mortalidad institucional,otras muertes en personas mayores de 5 anos,2005-10-01,0,0,1,0,1,0,1
31401,PUNATA,mortalidad institucional,otras muertes en personas mayores de 5 anos,2005-10-01,1,0,8,5,9,5,14
30901,QUILLACOLLO,mortalidad institucional,otras muertes en personas mayores de 5 anos,2005-10-01,0,0,1,1,1,1,2
50402,RAVELO,mortalidad institucional,otras muertes en personas mayores de 5 anos,2005-10-01,0,0,1,0,1,0,1
80201,RIBERALTA,mortalidad institucional,otras muertes en personas mayores de 5 anos,2005-10-01,1,3,4,2,5,5,10
70503,ROBORE,mortalidad institucional,otras muertes en personas mayores de 5 anos,2005-10-01,0,0,1,0,1,0,1
80304,RURRENABAQUE,mortalidad institucional,otras muertes en personas mayores de 5 anos,2005-10-01,0,0,0,1,0,1,1
31001,SACABA,mortalidad institucional,otras muertes en personas mayores de 5 anos,2005-10-01,1,1,8,6,9,7,16
70901,SAMAIPATA,mortalidad institucional,otras muertes en personas mayores de 5 anos,2005-10-01,0,0,2,0,2,0,2
80602,SAN ANDRES,mortalidad institucional,otras muertes en personas mayores de 5 anos,2005-10-01,0,0,1,0,1,0,1
31403,SAN BENITO,mortalidad institucional,otras muertes en personas mayores de 5 anos,2005-10-01,0,0,0,2,0,2,2
80302,SAN BORJA,mortalidad institucional,otras muertes en personas mayores de 5 anos,2005-10-01,0,1,2,0,2,1,3
70402,SAN CARLOS,mortalidad institucional,otras muertes en personas mayores de 5 anos,2005-10-01,0,0,1,1,1,1,2
70404,SAN JUAN DE YAPACANI,mortalidad institucional,otras muertes en personas mayores de 5 anos,2005-10-01,1,0,1,0,2,0,2
10702,SAN LUCAS,mortalidad institucional,otras muertes en personas mayores de 5 anos,2005-10-01,1,1,2,0,3,1,4
70302,SAN MIGUEL DE VELASCO,mortalidad institucional,otras muertes en personas mayores de 5 anos,2005-10-01,0,0,2,1,2,1,3
50501,SAN PEDRO DE BUENA VISTA,mortalidad institucional,otras muertes en personas mayores de 5 anos,2005-10-01,0,0,2,0,2,0,2
21801,SAN PEDRO DE CURAHUARA,mortalidad institucional,otras muertes en personas mayores de 5 anos,2005-10-01,0,0,0,1,0,1,1
70303,SAN RAFAEL,mortalidad institucional,otras muertes en personas mayores de 5 anos,2005-10-01,0,0,0,1,0,1,1
80401,SANTA ANA,mortalidad institucional,otras muertes en personas mayores de 5 anos,2005-10-01,1,0,0,0,1,0,1
70101,SANTA CRUZ DE LA SIERRA,mortalidad institucional,otras muertes en personas mayores de 5 anos,2005-10-01,9,6,1,0,10,6,16
20902,SAPAHAQUI,mortalidad institucional,otras muertes en personas mayores de 5 anos,2005-10-01,0,0,1,0,1,0,1
90303,SENA,mortalidad institucional,otras muertes en personas mayores de 5 anos,2005-10-01,0,0,1,0,1,0,1
30902,SIPE SIPE,mortalidad institucional,otras muertes en personas mayores de 5 anos,2005-10-01,0,0,3,1,3,1,4
10403,SOPACHUY,mortalidad institucional,otras muertes en personas mayores de 5 anos,2005-10-01,0,0,0,1,0,1,1
10101,SUCRE,mortalidad institucional,otras muertes en personas mayores de 5 anos,2005-10-01,22,10,0,1,22,11,33
31101,TAPACARI,mortalidad institucional,otras muertes en personas mayores de 5 anos,2005-10-01,0,0,0,1,0,1,1
10601,TARABUCO,mortalidad institucional,otras muertes en personas mayores de 5 anos,2005-10-01,0,0,2,1,2,1,3
60101,TARIJA,mortalidad institucional,otras muertes en personas mayores de 5 anos,2005-10-01,18,19,4,3,22,22,44
21703,TITO YUPANQUI (PARQUIPUJIO),mortalidad institucional,otras muertes en personas mayores de 5 anos,2005-10-01,0,0,0,1,0,1,1
51202,TOMAVE,mortalidad institucional,otras muertes en personas mayores de 5 anos,2005-10-01,0,0,1,0,1,0,1
10402,TOMINA,mortalidad institucional,otras muertes en personas mayores de 5 anos,2005-10-01,0,0,0,2,0,2,2
70802,TRIGAL,mortalidad institucional,otras muertes en personas mayores de 5 anos,2005-10-01,0,0,1,0,1,0,1
80101,TRINIDAD,mortalidad institucional,otras muertes en personas mayores de 5 anos,2005-10-01,6,7,0,2,6,9,15
50801,TUPIZA,mortalidad institucional,otras muertes en personas mayores de 5 anos,2005-10-01,3,1,0,0,3,1,4
50201,UNCIA,mortalidad institucional,otras muertes en personas mayores de 5 anos,2005-10-01,5,0,0,0,5,0,5
51201,UYUNI,mortalidad institucional,otras muertes en personas mayores de 5 anos,2005-10-01,0,0,3,1,3,1,4
60303,VILLA MONTES,mortalidad institucional,otras muertes en personas mayores de 5 anos,2005-10-01,4,2,1,0,5,2,7
31402,VILLA RIVERO,mortalidad institucional,otras muertes en personas mayores de 5 anos,2005-10-01,0,0,1,3,1,3,4
10801,VILLA SERRANO,mortalidad institucional,otras muertes en personas mayores de 5 anos,2005-10-01,0,0,1,2,1,2,3
31003,VILLA TUNARI,mortalidad institucional,otras muertes en personas mayores de 5 anos,2005-10-01,0,0,4,3,4,3,7
11001,VILLA VACA GUZMAN (MUYUPAMPA),mortalidad institucional,otras muertes en personas mayores de 5 anos,2005-10-01,1,0,3,2,4,2,6
51501,VILLAZON,mortalidad institucional,otras muertes en personas mayores de 5 anos,2005-10-01,0,3,1,2,1,5,6
60301,YACUIBA,mortalidad institucional,otras muertes en personas mayores de 5 anos,2005-10-01,6,5,1,1,7,6,13
10602,YAMPARAEZ,mortalidad institucional,otras muertes en personas mayores de 5 anos,2005-10-01,0,0,0,1,0,1,1
70403,YAPACANI,mortalidad institucional,otras muertes en personas mayores de 5 anos,2005-10-01,1,0,2,0,3,0,3
10102,YOTALA,mortalidad institucional,otras muertes en personas mayores de 5 anos,2005-10-01,0,0,1,1,1,1,2
10301,ZUDAÃ‘EZ,mortalidad institucional,otras muertes en personas mayores de 5 anos,2005-10-01,0,0,1,0,1,0,1
31303,ALALAY,mortalidad institucional,otras muertes en personas mayores de 5 anos,2005-11-01,0,0,0,1,0,1,1
20202,ANCORAIMES,mortalidad institucional,otras muertes en personas mayores de 5 anos,2005-11-01,0,0,1,0,1,0,1
30403,ARBIETO,mortalidad institucional,otras muertes en personas mayores de 5 anos,2005-11-01,0,0,0,1,0,1,1
30601,ARQUE,mortalidad institucional,otras muertes en personas mayores de 5 anos,2005-11-01,0,0,1,0,1,0,1
10201,AZURDUY,mortalidad institucional,otras muertes en personas mayores de 5 anos,2005-11-01,0,0,1,0,1,0,1
50301,BETANZOS,mortalidad institucional,otras muertes en personas mayores de 5 anos,2005-11-01,0,0,8,3,8,3,11
51102,"CAIZA ""D""",mortalidad institucional,otras muertes en personas mayores de 5 anos,2005-11-01,0,0,0,3,0,3,3
21003,CAJUATA,mortalidad institucional,otras muertes en personas mayores de 5 anos,2005-11-01,0,1,0,0,0,1,1
21304,CALAMARCA,mortalidad institucional,otras muertes en personas mayores de 5 anos,2005-11-01,0,0,2,0,2,0,2
10701,CAMARGO,mortalidad institucional,otras muertes en personas mayores de 5 anos,2005-11-01,0,0,1,1,1,1,2
70706,CAMIRI,mortalidad institucional,otras muertes en personas mayores de 5 anos,2005-11-01,6,4,1,0,7,4,11
22001,CARANAVI,mortalidad institucional,otras muertes en personas mayores de 5 anos,2005-11-01,3,0,1,2,4,2,6
40201,CHALLAPATA,mortalidad institucional,otras muertes en personas mayores de 5 anos,2005-11-01,0,0,1,6,1,6,7
50302,CHAQUI,mortalidad institucional,otras muertes en personas mayores de 5 anos,2005-11-01,0,0,1,2,1,2,3
21101,CHULUMANI (V. DE LA LIBERTAD),mortalidad institucional,otras muertes en personas mayores de 5 anos,2005-11-01,0,2,2,0,2,2,4
90101,COBIJA,mortalidad institucional,otras muertes en personas mayores de 5 anos,2005-11-01,1,1,0,0,1,1,2
30101,COCHABAMBA,mortalidad institucional,otras muertes en personas mayores de 5 anos,2005-11-01,52,42,0,5,52,47,99
21701,COPACABANA,mortalidad institucional,otras muertes en personas mayores de 5 anos,2005-11-01,0,0,1,1,1,1,2
20301,CORO CORO,mortalidad institucional,otras muertes en personas mayores de 5 anos,2005-11-01,0,0,0,2,0,2,2
21401,COROICO,mortalidad institucional,otras muertes en personas mayores de 5 anos,2005-11-01,0,0,1,0,1,0,1
40301,CORQUE,mortalidad institucional,otras muertes en personas mayores de 5 anos,2005-11-01,0,0,1,0,1,0,1
50601,COTAGAITA,mortalidad institucional,otras muertes en personas mayores de 5 anos,2005-11-01,0,0,1,2,1,2,3
70102,COTOCA,mortalidad institucional,otras muertes en personas mayores de 5 anos,2005-11-01,0,0,3,0,3,0,3
71106,CUATRO CAÃ‘ADAS,mortalidad institucional,otras muertes en personas mayores de 5 anos,2005-11-01,0,0,0,1,0,1,1
10902,CULPINA,mortalidad institucional,otras muertes en personas mayores de 5 anos,2005-11-01,0,0,1,0,1,0,1
40401,CURAHUARA DE CARANGAS,mortalidad institucional,otras muertes en personas mayores de 5 anos,2005-11-01,0,0,1,0,1,0,1
20804,DESAGUADERO,mortalidad institucional,otras muertes en personas mayores de 5 anos,2005-11-01,0,0,2,0,2,0,2
20105,EL ALTO,mortalidad institucional,otras muertes en personas mayores de 5 anos,2005-11-01,4,3,6,5,10,8,18
41101,EUCALIPTUS,mortalidad institucional,otras muertes en personas mayores de 5 anos,2005-11-01,0,0,2,1,2,1,3
20602,GUANAY,mortalidad institucional,otras muertes en personas mayores de 5 anos,2005-11-01,0,0,0,1,0,1,1
40701,HUANUNI,mortalidad institucional,otras muertes en personas mayores de 5 anos,2005-11-01,0,0,0,1,0,1,1
10304,ICLA,mortalidad institucional,otras muertes en personas mayores de 5 anos,2005-11-01,0,0,0,1,0,1,1
21102,IRUPANA (VILLA DE LANZA),mortalidad institucional,otras muertes en personas mayores de 5 anos,2005-11-01,1,0,1,0,2,0,2
21501,IXIAMAS,mortalidad institucional,otras muertes en personas mayores de 5 anos,2005-11-01,0,1,0,0,0,1,1
20101,LA PAZ,mortalidad institucional,otras muertes en personas mayores de 5 anos,2005-11-01,59,76,9,8,68,84,152
70701,LAGUNILLAS,mortalidad institucional,otras muertes en personas mayores de 5 anos,2005-11-01,1,0,0,0,1,0,1
50203,LLALLAGUA,mortalidad institucional,otras muertes en personas mayores de 5 anos,2005-11-01,0,1,5,7,5,8,13
80601,LORETO,mortalidad institucional,otras muertes en personas mayores de 5 anos,2005-11-01,0,0,1,0,1,0,1
20901,LURIBAY,mortalidad institucional,otras muertes en personas mayores de 5 anos,2005-11-01,0,1,0,0,0,1,1
11003,MACHARETI,mortalidad institucional,otras muertes en personas mayores de 5 anos,2005-11-01,0,0,1,1,1,1,2
80801,MAGDALENA,mortalidad institucional,otras muertes en personas mayores de 5 anos,2005-11-01,0,0,1,0,1,0,1
71003,MINEROS,mortalidad institucional,otras muertes en personas mayores de 5 anos,2005-11-01,1,0,0,0,1,0,1
31301,MIZQUE,mortalidad institucional,otras muertes en personas mayores de 5 anos,2005-11-01,0,0,0,3,0,3,3
20402,MOCOMOCO,mortalidad institucional,otras muertes en personas mayores de 5 anos,2005-11-01,0,0,2,3,2,3,5
10501,MONTEAGUDO,mortalidad institucional,otras muertes en personas mayores de 5 anos,2005-11-01,3,0,1,3,4,3,7
71001,MONTERO,mortalidad institucional,otras muertes en personas mayores de 5 anos,2005-11-01,2,3,3,0,5,3,8
50404,OCURI,mortalidad institucional,otras muertes en personas mayores de 5 anos,2005-11-01,0,0,1,1,1,1,2
40101,ORURO,mortalidad institucional,otras muertes en personas mayores de 5 anos,2005-11-01,19,19,3,2,22,21,43
10401,PADILLA,mortalidad institucional,otras muertes en personas mayores de 5 anos,2005-11-01,0,0,1,3,1,3,4
21104,PALOS BLANCOS,mortalidad institucional,otras muertes en personas mayores de 5 anos,2005-11-01,0,0,1,1,1,1,2
21305,PATACAMAYA,mortalidad institucional,otras muertes en personas mayores de 5 anos,2005-11-01,0,0,0,1,0,1,1
40602,PAZÃ‘A,mortalidad institucional,otras muertes en personas mayores de 5 anos,2005-11-01,0,0,1,0,1,0,1
10103,POROMA,mortalidad institucional,otras muertes en personas mayores de 5 anos,2005-11-01,0,0,1,0,1,0,1
70601,PORTACHUELO,mortalidad institucional,otras muertes en personas mayores de 5 anos,2005-11-01,0,1,1,0,1,1,2
50101,POTOSI,mortalidad institucional,otras muertes en personas mayores de 5 anos,2005-11-01,15,14,7,0,22,14,36
10302,PRESTO,mortalidad institucional,otras muertes en personas mayores de 5 anos,2005-11-01,0,0,4,1,4,1,5
20403,PUERTO CARABUCO,mortalidad institucional,otras muertes en personas mayores de 5 anos,2005-11-01,0,0,0,2,0,2,2
90301,PUERTO GONZALO MORENO,mortalidad institucional,otras muertes en personas mayores de 5 anos,2005-11-01,0,0,1,0,1,0,1
31205,PUERTO VILLARROEL,mortalidad institucional,otras muertes en personas mayores de 5 anos,2005-11-01,0,1,1,0,1,1,2
51101,PUNA,mortalidad institucional,otras muertes en personas mayores de 5 anos,2005-11-01,0,0,1,1,1,1,2
31401,PUNATA,mortalidad institucional,otras muertes en personas mayores de 5 anos,2005-11-01,0,0,3,7,3,7,10
30901,QUILLACOLLO,mortalidad institucional,otras muertes en personas mayores de 5 anos,2005-11-01,0,0,3,2,3,2,5
80201,RIBERALTA,mortalidad institucional,otras muertes en personas mayores de 5 anos,2005-11-01,0,0,2,3,2,3,5
80304,RURRENABAQUE,mortalidad institucional,otras muertes en personas mayores de 5 anos,2005-11-01,1,2,0,0,1,2,3
31001,SACABA,mortalidad institucional,otras muertes en personas mayores de 5 anos,2005-11-01,0,1,5,8,5,9,14
70901,SAMAIPATA,mortalidad institucional,otras muertes en personas mayores de 5 anos,2005-11-01,0,0,1,0,1,0,1
80602,SAN ANDRES,mortalidad institucional,otras muertes en personas mayores de 5 anos,2005-11-01,0,0,0,1,0,1,1
80302,SAN BORJA,mortalidad institucional,otras muertes en personas mayores de 5 anos,2005-11-01,0,0,4,1,4,1,5
70402,SAN CARLOS,mortalidad institucional,otras muertes en personas mayores de 5 anos,2005-11-01,0,1,0,0,0,1,1
70301,SAN IGNACIO DE VELASCO,mortalidad institucional,otras muertes en personas mayores de 5 anos,2005-11-01,1,2,1,3,2,5,7
70404,SAN JUAN DE YAPACANI,mortalidad institucional,otras muertes en personas mayores de 5 anos,2005-11-01,0,0,1,0,1,0,1
71104,SAN JULIAN,mortalidad institucional,otras muertes en personas mayores de 5 anos,2005-11-01,0,0,1,0,1,0,1
10702,SAN LUCAS,mortalidad institucional,otras muertes en personas mayores de 5 anos,2005-11-01,0,0,4,5,4,5,9
70302,SAN MIGUEL DE VELASCO,mortalidad institucional,otras muertes en personas mayores de 5 anos,2005-11-01,1,0,0,1,1,1,2
50501,SAN PEDRO DE BUENA VISTA,mortalidad institucional,otras muertes en personas mayores de 5 anos,2005-11-01,0,0,4,0,4,0,4
70303,SAN RAFAEL,mortalidad institucional,otras muertes en personas mayores de 5 anos,2005-11-01,0,0,2,0,2,0,2
80401,SANTA ANA,mortalidad institucional,otras muertes en personas mayores de 5 anos,2005-11-01,2,0,0,0,2,0,2
70101,SANTA CRUZ DE LA SIERRA,mortalidad institucional,otras muertes en personas mayores de 5 anos,2005-11-01,8,6,1,1,9,7,16
10403,SOPACHUY,mortalidad institucional,otras muertes en personas mayores de 5 anos,2005-11-01,0,0,1,0,1,0,1
20601,SORATA,mortalidad institucional,otras muertes en personas mayores de 5 anos,2005-11-01,0,0,1,0,1,0,1
10101,SUCRE,mortalidad institucional,otras muertes en personas mayores de 5 anos,2005-11-01,17,16,1,1,18,17,35
31101,TAPACARI,mortalidad institucional,otras muertes en personas mayores de 5 anos,2005-11-01,0,0,0,2,0,2,2
10601,TARABUCO,mortalidad institucional,otras muertes en personas mayores de 5 anos,2005-11-01,0,0,3,2,3,2,5
60101,TARIJA,mortalidad institucional,otras muertes en personas mayores de 5 anos,2005-11-01,21,13,5,2,26,15,41
10202,TARVITA,mortalidad institucional,otras muertes en personas mayores de 5 anos,2005-11-01,0,0,0,1,0,1,1
10402,TOMINA,mortalidad institucional,otras muertes en personas mayores de 5 anos,2005-11-01,0,0,0,1,0,1,1
31201,TOTORA(CBBA),mortalidad institucional,otras muertes en personas mayores de 5 anos,2005-11-01,1,0,0,0,1,0,1
70802,TRIGAL,mortalidad institucional,otras muertes en personas mayores de 5 anos,2005-11-01,0,0,1,0,1,0,1
80101,TRINIDAD,mortalidad institucional,otras muertes en personas mayores de 5 anos,2005-11-01,5,6,2,6,7,12,19
50801,TUPIZA,mortalidad institucional,otras muertes en personas mayores de 5 anos,2005-11-01,1,0,1,1,2,1,3
50201,UNCIA,mortalidad institucional,otras muertes en personas mayores de 5 anos,2005-11-01,0,5,0,0,0,5,5
51201,UYUNI,mortalidad institucional,otras muertes en personas mayores de 5 anos,2005-11-01,0,0,1,2,1,2,3
70801,VALLEGRANDE,mortalidad institucional,otras muertes en personas mayores de 5 anos,2005-11-01,3,0,0,0,3,0,3
31302,VILA VILA,mortalidad institucional,otras muertes en personas mayores de 5 anos,2005-11-01,0,0,2,2,2,2,4
60303,VILLA MONTES,mortalidad institucional,otras muertes en personas mayores de 5 anos,2005-11-01,4,0,5,1,9,1,10
10801,VILLA SERRANO,mortalidad institucional,otras muertes en personas mayores de 5 anos,2005-11-01,0,0,0,2,0,2,2
31003,VILLA TUNARI,mortalidad institucional,otras muertes en personas mayores de 5 anos,2005-11-01,0,0,2,1,2,1,3
51501,VILLAZON,mortalidad institucional,otras muertes en personas mayores de 5 anos,2005-11-01,1,0,2,0,3,0,3
50602,VITICHI,mortalidad institucional,otras muertes en personas mayores de 5 anos,2005-11-01,0,0,1,0,1,0,1
70201,WARNES,mortalidad institucional,otras muertes en personas mayores de 5 anos,2005-11-01,0,0,1,0,1,0,1
60301,YACUIBA,mortalidad institucional,otras muertes en personas mayores de 5 anos,2005-11-01,3,1,2,0,5,1,6
70403,YAPACANI,mortalidad institucional,otras muertes en personas mayores de 5 anos,2005-11-01,1,0,1,0,2,0,2
10102,YOTALA,mortalidad institucional,otras muertes en personas mayores de 5 anos,2005-11-01,0,0,1,0,1,0,1
20201,ACHACACHI,mortalidad institucional,otras muertes en personas mayores de 5 anos,2005-12-01,0,0,0,3,0,3,3
31303,ALALAY,mortalidad institucional,otras muertes en personas mayores de 5 anos,2005-12-01,0,0,0,1,0,1,1
10201,AZURDUY,mortalidad institucional,otras muertes en personas mayores de 5 anos,2005-12-01,0,0,1,0,1,0,1
50301,BETANZOS,mortalidad institucional,otras muertes en personas mayores de 5 anos,2005-12-01,0,0,5,1,5,1,6
70401,BUENA VISTA,mortalidad institucional,otras muertes en personas mayores de 5 anos,2005-12-01,1,0,1,1,2,1,3
70703,CABEZAS,mortalidad institucional,otras muertes en personas mayores de 5 anos,2005-12-01,1,0,0,0,1,0,1
20905,CAIROMA,mortalidad institucional,otras muertes en personas mayores de 5 anos,2005-12-01,0,0,3,8,3,8,11
70706,CAMIRI,mortalidad institucional,otras muertes en personas mayores de 5 anos,2005-12-01,1,2,0,0,1,2,3
30701,CAPINOTA,mortalidad institucional,otras muertes en personas mayores de 5 anos,2005-12-01,1,0,0,0,1,0,1
22001,CARANAVI,mortalidad institucional,otras muertes en personas mayores de 5 anos,2005-12-01,1,0,2,1,3,1,4
40201,CHALLAPATA,mortalidad institucional,otras muertes en personas mayores de 5 anos,2005-12-01,0,0,5,2,5,2,7
50302,CHAQUI,mortalidad institucional,otras muertes en personas mayores de 5 anos,2005-12-01,0,0,0,2,0,2,2
70702,CHARAGUA,mortalidad institucional,otras muertes en personas mayores de 5 anos,2005-12-01,0,1,0,0,0,1,1
21101,CHULUMANI (V. DE LA LIBERTAD),mortalidad institucional,otras muertes en personas mayores de 5 anos,2005-12-01,2,0,0,0,2,0,2
20501,CHUMA,mortalidad institucional,otras muertes en personas mayores de 5 anos,2005-12-01,0,0,2,0,2,0,2
30101,COCHABAMBA,mortalidad institucional,otras muertes en personas mayores de 5 anos,2005-12-01,45,43,3,0,48,43,91
50901,"COLCHA ""K""",mortalidad institucional,otras muertes en personas mayores de 5 anos,2005-12-01,0,0,0,1,0,1,1
21401,COROICO,mortalidad institucional,otras muertes en personas mayores de 5 anos,2005-12-01,2,0,0,0,2,0,2
40301,CORQUE,mortalidad institucional,otras muertes en personas mayores de 5 anos,2005-12-01,0,0,3,0,3,0,3
50601,COTAGAITA,mortalidad institucional,otras muertes en personas mayores de 5 anos,2005-12-01,0,0,1,1,1,1,2
70102,COTOCA,mortalidad institucional,otras muertes en personas mayores de 5 anos,2005-12-01,0,0,0,1,0,1,1
10902,CULPINA,mortalidad institucional,otras muertes en personas mayores de 5 anos,2005-12-01,0,1,2,0,2,1,3
20105,EL ALTO,mortalidad institucional,otras muertes en personas mayores de 5 anos,2005-12-01,2,4,7,4,9,8,17
70105,EL TORNO,mortalidad institucional,otras muertes en personas mayores de 5 anos,2005-12-01,0,0,0,1,0,1,1
71004,FERNANDEZ ALONSO,mortalidad institucional,otras muertes en personas mayores de 5 anos,2005-12-01,1,0,1,1,2,1,3
80202,GUAYARAMERIN,mortalidad institucional,otras muertes en personas mayores de 5 anos,2005-12-01,2,0,0,0,2,0,2
40701,HUANUNI,mortalidad institucional,otras muertes en personas mayores de 5 anos,2005-12-01,0,0,0,1,0,1,1
21102,IRUPANA (VILLA DE LANZA),mortalidad institucional,otras muertes en personas mayores de 5 anos,2005-12-01,1,0,1,4,2,4,6
21105,LA ASUNTA,mortalidad institucional,otras muertes en personas mayores de 5 anos,2005-12-01,1,1,0,0,1,1,2
70104,LA GUARDIA,mortalidad institucional,otras muertes en personas mayores de 5 anos,2005-12-01,0,0,2,0,2,0,2
20101,LA PAZ,mortalidad institucional,otras muertes en personas mayores de 5 anos,2005-12-01,69,68,7,13,76,81,157
21202,LAJA,mortalidad institucional,otras muertes en personas mayores de 5 anos,2005-12-01,0,0,2,1,2,1,3
50203,LLALLAGUA,mortalidad institucional,otras muertes en personas mayores de 5 anos,2005-12-01,0,1,2,1,2,2,4
11003,MACHARETI,mortalidad institucional,otras muertes en personas mayores de 5 anos,2005-12-01,0,0,0,1,0,1,1
80801,MAGDALENA,mortalidad institucional,otras muertes en personas mayores de 5 anos,2005-12-01,0,0,1,1,1,1,2
20904,MALLA,mortalidad institucional,otras muertes en personas mayores de 5 anos,2005-12-01,0,0,1,0,1,0,1
71003,MINEROS,mortalidad institucional,otras muertes en personas mayores de 5 anos,2005-12-01,2,0,0,0,2,0,2
20402,MOCOMOCO,mortalidad institucional,otras muertes en personas mayores de 5 anos,2005-12-01,0,0,1,0,1,0,1
10501,MONTEAGUDO,mortalidad institucional,otras muertes en personas mayores de 5 anos,2005-12-01,3,0,1,0,4,0,4
71001,MONTERO,mortalidad institucional,otras muertes en personas mayores de 5 anos,2005-12-01,3,1,14,3,17,4,21
40101,ORURO,mortalidad institucional,otras muertes en personas mayores de 5 anos,2005-12-01,17,21,8,3,25,24,49
10401,PADILLA,mortalidad institucional,otras muertes en personas mayores de 5 anos,2005-12-01,0,0,0,1,0,1,1
21305,PATACAMAYA,mortalidad institucional,otras muertes en personas mayores de 5 anos,2005-12-01,0,0,1,1,1,1,2
70103,PORONGO,mortalidad institucional,otras muertes en personas mayores de 5 anos,2005-12-01,0,0,1,0,1,0,1
70601,PORTACHUELO,mortalidad institucional,otras muertes en personas mayores de 5 anos,2005-12-01,0,0,1,0,1,0,1
50101,POTOSI,mortalidad institucional,otras muertes en personas mayores de 5 anos,2005-12-01,13,12,0,0,13,12,25
10302,PRESTO,mortalidad institucional,otras muertes en personas mayores de 5 anos,2005-12-01,0,0,4,1,4,1,5
70805,PUCARA,mortalidad institucional,otras muertes en personas mayores de 5 anos,2005-12-01,0,0,2,1,2,1,3
20401,PUERTO ACOSTA,mortalidad institucional,otras muertes en personas mayores de 5 anos,2005-12-01,0,0,1,2,1,2,3
31205,PUERTO VILLARROEL,mortalidad institucional,otras muertes en personas mayores de 5 anos,2005-12-01,2,0,2,0,4,0,4
51101,PUNA,mortalidad institucional,otras muertes en personas mayores de 5 anos,2005-12-01,0,0,1,1,1,1,2
31401,PUNATA,mortalidad institucional,otras muertes en personas mayores de 5 anos,2005-12-01,1,2,4,5,5,7,12
30901,QUILLACOLLO,mortalidad institucional,otras muertes en personas mayores de 5 anos,2005-12-01,0,0,1,0,1,0,1
80201,RIBERALTA,mortalidad institucional,otras muertes en personas mayores de 5 anos,2005-12-01,1,5,5,3,6,8,14
80304,RURRENABAQUE,mortalidad institucional,otras muertes en personas mayores de 5 anos,2005-12-01,0,1,0,0,0,1,1
31001,SACABA,mortalidad institucional,otras muertes en personas mayores de 5 anos,2005-12-01,1,0,2,5,3,5,8
50701,SACACA,mortalidad institucional,otras muertes en personas mayores de 5 anos,2005-12-01,0,1,2,0,2,1,3
80602,SAN ANDRES,mortalidad institucional,otras muertes en personas mayores de 5 anos,2005-12-01,0,0,2,0,2,0,2
80302,SAN BORJA,mortalidad institucional,otras muertes en personas mayores de 5 anos,2005-12-01,1,0,0,0,1,0,1
70301,SAN IGNACIO DE VELASCO,mortalidad institucional,otras muertes en personas mayores de 5 anos,2005-12-01,1,0,1,1,2,1,3
80701,SAN JOAQUIN,mortalidad institucional,otras muertes en personas mayores de 5 anos,2005-12-01,0,0,0,1,0,1,1
70404,SAN JUAN DE YAPACANI,mortalidad institucional,otras muertes en personas mayores de 5 anos,2005-12-01,0,1,1,0,1,1,2
10702,SAN LUCAS,mortalidad institucional,otras muertes en personas mayores de 5 anos,2005-12-01,0,0,1,4,1,4,5
70302,SAN MIGUEL DE VELASCO,mortalidad institucional,otras muertes en personas mayores de 5 anos,2005-12-01,0,0,2,0,2,0,2
50501,SAN PEDRO DE BUENA VISTA,mortalidad institucional,otras muertes en personas mayores de 5 anos,2005-12-01,0,0,1,0,1,0,1
21702,SAN PEDRO DE TIQUINA,mortalidad institucional,otras muertes en personas mayores de 5 anos,2005-12-01,0,0,0,2,0,2,2
70303,SAN RAFAEL,mortalidad institucional,otras muertes en personas mayores de 5 anos,2005-12-01,0,0,1,0,1,0,1
70101,SANTA CRUZ DE LA SIERRA,mortalidad institucional,otras muertes en personas mayores de 5 anos,2005-12-01,0,0,0,2,0,2,2
30702,SANTIVAÃ‘ES,mortalidad institucional,otras muertes en personas mayores de 5 anos,2005-12-01,0,0,2,0,2,0,2
90303,SENA,mortalidad institucional,otras muertes en personas mayores de 5 anos,2005-12-01,0,0,2,0,2,0,2
30902,SIPE SIPE,mortalidad institucional,otras muertes en personas mayores de 5 anos,2005-12-01,0,0,1,1,1,1,2
10101,SUCRE,mortalidad institucional,otras muertes en personas mayores de 5 anos,2005-12-01,10,12,0,0,10,12,22
30602,TACOPAYA,mortalidad institucional,otras muertes en personas mayores de 5 anos,2005-12-01,0,0,0,1,0,1,1
31101,TAPACARI,mortalidad institucional,otras muertes en personas mayores de 5 anos,2005-12-01,0,0,1,1,1,1,2
10601,TARABUCO,mortalidad institucional,otras muertes en personas mayores de 5 anos,2005-12-01,0,0,6,2,6,2,8
60101,TARIJA,mortalidad institucional,otras muertes en personas mayores de 5 anos,2005-12-01,17,14,1,0,18,14,32
21703,TITO YUPANQUI (PARQUIPUJIO),mortalidad institucional,otras muertes en personas mayores de 5 anos,2005-12-01,0,0,0,1,0,1,1
10402,TOMINA,mortalidad institucional,otras muertes en personas mayores de 5 anos,2005-12-01,0,1,0,2,0,3,3
80101,TRINIDAD,mortalidad institucional,otras muertes en personas mayores de 5 anos,2005-12-01,2,9,1,4,3,13,16
50801,TUPIZA,mortalidad institucional,otras muertes en personas mayores de 5 anos,2005-12-01,0,1,1,0,1,1,2
50201,UNCIA,mortalidad institucional,otras muertes en personas mayores de 5 anos,2005-12-01,2,1,0,0,2,1,3
51201,UYUNI,mortalidad institucional,otras muertes en personas mayores de 5 anos,2005-12-01,0,0,2,0,2,0,2
31402,VILLA RIVERO,mortalidad institucional,otras muertes en personas mayores de 5 anos,2005-12-01,0,0,1,0,1,0,1
31003,VILLA TUNARI,mortalidad institucional,otras muertes en personas mayores de 5 anos,2005-12-01,1,0,5,1,6,1,7
11001,VILLA VACA GUZMAN (MUYUPAMPA),mortalidad institucional,otras muertes en personas mayores de 5 anos,2005-12-01,0,0,1,1,1,1,2
51501,VILLAZON,mortalidad institucional,otras muertes en personas mayores de 5 anos,2005-12-01,0,0,0,2,0,2,2
50602,VITICHI,mortalidad institucional,otras muertes en personas mayores de 5 anos,2005-12-01,0,0,0,1,0,1,1
70201,WARNES,mortalidad institucional,otras muertes en personas mayores de 5 anos,2005-12-01,1,0,2,1,3,1,4
60301,YACUIBA,mortalidad institucional,otras muertes en personas mayores de 5 anos,2005-12-01,2,1,0,0,2,1,3
10602,YAMPARAEZ,mortalidad institucional,otras muertes en personas mayores de 5 anos,2005-12-01,0,0,2,0,2,0,2
10102,YOTALA,mortalidad institucional,otras muertes en personas mayores de 5 anos,2005-12-01,0,0,2,1,2,1,3
60402,YUNCHARA,mortalidad institucional,otras muertes en personas mayores de 5 anos,2005-12-01,0,0,0,1,0,1,1
