codigo_municipio,municipio,grupo,variable,mes,hombres menores a 2 años,mujeres menores a 2 años,hombres de 2 a 4 años,mujeres de 2 a 4 años,hombres total,mujeres total,total
30201,AIQUILE,desnutricion aguda,desnutricion grave (g),2007-01-01,3,1,0,1,3,2,5
31303,ALALAY,desnutricion aguda,desnutricion grave (g),2007-01-01,2,0,1,0,3,0,3
30402,ANZALDO,desnutricion aguda,desnutricion grave (g),2007-01-01,1,0,0,0,1,0,1
51301,ARAMPAMPA,desnutricion aguda,desnutricion grave (g),2007-01-01,3,2,4,3,7,5,12
30501,ARANI,desnutricion aguda,desnutricion grave (g),2007-01-01,0,0,1,0,1,0,1
30403,ARBIETO,desnutricion aguda,desnutricion grave (g),2007-01-01,2,0,0,0,2,0,2
30601,ARQUE,desnutricion aguda,desnutricion grave (g),2007-01-01,1,2,1,2,2,4,6
50802,ATOCHA,desnutricion aguda,desnutricion grave (g),2007-01-01,0,0,1,0,1,0,1
10201,AZURDUY,desnutricion aguda,desnutricion grave (g),2007-01-01,0,3,1,1,1,4,5
80802,BAURES,desnutricion aguda,desnutricion grave (g),2007-01-01,0,1,0,0,0,1,1
41202,BELEN DE ANDAMARCA,desnutricion aguda,desnutricion grave (g),2007-01-01,1,0,0,0,1,0,1
90104,BELLA FLOR,desnutricion aguda,desnutricion grave (g),2007-01-01,0,0,0,1,0,1,1
60202,BERMEJO,desnutricion aguda,desnutricion grave (g),2007-01-01,0,0,0,1,0,1,1
50301,BETANZOS,desnutricion aguda,desnutricion grave (g),2007-01-01,4,4,0,0,4,4,8
31501,BOLIVAR,desnutricion aguda,desnutricion grave (g),2007-01-01,3,2,1,2,4,4,8
70707,BOYUIBE,desnutricion aguda,desnutricion grave (g),2007-01-01,1,0,0,0,1,0,1
70703,CABEZAS,desnutricion aguda,desnutricion grave (g),2007-01-01,0,1,0,1,0,2,2
21003,CAJUATA,desnutricion aguda,desnutricion grave (g),2007-01-01,1,0,0,0,1,0,1
10701,CAMARGO,desnutricion aguda,desnutricion grave (g),2007-01-01,2,2,0,0,2,2,4
70706,CAMIRI,desnutricion aguda,desnutricion grave (g),2007-01-01,1,0,0,1,1,1,2
30701,CAPINOTA,desnutricion aguda,desnutricion grave (g),2007-01-01,4,4,1,2,5,6,11
40102,CARACOLLO,desnutricion aguda,desnutricion grave (g),2007-01-01,1,0,0,0,1,0,1
60302,CARAPARI,desnutricion aguda,desnutricion grave (g),2007-01-01,2,0,0,0,2,0,2
50702,CARIPUYO,desnutricion aguda,desnutricion grave (g),2007-01-01,1,2,1,4,2,6,8
40201,CHALLAPATA,desnutricion aguda,desnutricion grave (g),2007-01-01,2,2,1,0,3,2,5
50302,CHAQUI,desnutricion aguda,desnutricion grave (g),2007-01-01,3,1,0,1,3,2,5
70702,CHARAGUA,desnutricion aguda,desnutricion grave (g),2007-01-01,3,1,0,2,3,3,6
50202,CHAYANTA,desnutricion aguda,desnutricion grave (g),2007-01-01,0,1,0,2,0,3,3
31204,CHIMORE,desnutricion aguda,desnutricion grave (g),2007-01-01,7,3,0,2,7,5,12
30101,COCHABAMBA,desnutricion aguda,desnutricion grave (g),2007-01-01,28,15,16,8,44,23,67
31002,COLOMI,desnutricion aguda,desnutricion grave (g),2007-01-01,1,1,2,0,3,1,4
70603,COLPA BELGICA,desnutricion aguda,desnutricion grave (g),2007-01-01,2,0,0,0,2,0,2
50401,COLQUECHACA,desnutricion aguda,desnutricion grave (g),2007-01-01,7,3,1,0,8,3,11
71301,COMARAPA,desnutricion aguda,desnutricion grave (g),2007-01-01,0,1,0,0,0,1,1
71101,CONCEPCION,desnutricion aguda,desnutricion grave (g),2007-01-01,1,0,2,0,3,0,3
40301,CORQUE,desnutricion aguda,desnutricion grave (g),2007-01-01,0,0,0,2,0,2,2
50601,COTAGAITA,desnutricion aguda,desnutricion grave (g),2007-01-01,1,0,1,1,2,1,3
71106,CUATRO CAÑADAS,desnutricion aguda,desnutricion grave (g),2007-01-01,0,1,0,0,0,1,1
70704,CUEVO,desnutricion aguda,desnutricion grave (g),2007-01-01,2,0,0,1,2,1,3
10902,CULPINA,desnutricion aguda,desnutricion grave (g),2007-01-01,4,1,1,1,5,2,7
71503,EL PUENTE(STC),desnutricion aguda,desnutricion grave (g),2007-01-01,1,0,0,0,1,0,1
60502,EL PUENTE(TJA),desnutricion aguda,desnutricion grave (g),2007-01-01,1,0,0,0,1,0,1
10405,EL VILLAR,desnutricion aguda,desnutricion grave (g),2007-01-01,0,1,0,2,0,3,3
60601,ENTRE RIOS,desnutricion aguda,desnutricion grave (g),2007-01-01,0,0,1,0,1,0,1
60601,ENTRE RIOS,desnutricion aguda,desnutricion grave (g),2007-01-01,2,1,1,0,3,1,4
71002,GENERAL SAAVEDRA,desnutricion aguda,desnutricion grave (g),2007-01-01,3,4,0,1,3,5,8
80202,GUAYARAMERIN,desnutricion aguda,desnutricion grave (g),2007-01-01,0,3,1,4,1,7,8
70705,GUTIERREZ,desnutricion aguda,desnutricion grave (g),2007-01-01,0,1,1,1,1,2,3
10502,HUACARETA,desnutricion aguda,desnutricion grave (g),2007-01-01,2,0,0,0,2,0,2
40701,HUANUNI,desnutricion aguda,desnutricion grave (g),2007-01-01,0,2,3,0,3,2,5
10304,ICLA,desnutricion aguda,desnutricion grave (g),2007-01-01,2,2,2,2,4,4,8
10703,INCAHUASI,desnutricion aguda,desnutricion grave (g),2007-01-01,3,2,1,2,4,4,8
21001,INQUISIVI,desnutricion aguda,desnutricion grave (g),2007-01-01,3,0,0,0,3,0,3
70104,LA GUARDIA,desnutricion aguda,desnutricion grave (g),2007-01-01,4,2,1,1,5,3,8
70701,LAGUNILLAS,desnutricion aguda,desnutricion grave (g),2007-01-01,0,1,0,0,0,1,1
10903,LAS CARRERAS,desnutricion aguda,desnutricion grave (g),2007-01-01,0,1,0,0,0,1,1
50203,LLALLAGUA,desnutricion aguda,desnutricion grave (g),2007-01-01,5,4,5,5,10,9,19
11003,MACHARETI,desnutricion aguda,desnutricion grave (g),2007-01-01,0,0,1,0,1,0,1
71003,MINEROS,desnutricion aguda,desnutricion grave (g),2007-01-01,1,0,0,0,1,0,1
31301,MIZQUE,desnutricion aguda,desnutricion grave (g),2007-01-01,3,0,0,0,3,0,3
10501,MONTEAGUDO,desnutricion aguda,desnutricion grave (g),2007-01-01,2,3,3,2,5,5,10
71001,MONTERO,desnutricion aguda,desnutricion grave (g),2007-01-01,17,3,3,8,20,11,31
70803,MORO MORO,desnutricion aguda,desnutricion grave (g),2007-01-01,0,1,0,0,0,1,1
50404,OCURI,desnutricion aguda,desnutricion grave (g),2007-01-01,3,2,1,2,4,4,8
70202,OKINAWA,desnutricion aguda,desnutricion grave (g),2007-01-01,1,0,0,0,1,0,1
40101,ORURO,desnutricion aguda,desnutricion grave (g),2007-01-01,11,10,1,1,12,11,23
10401,PADILLA,desnutricion aguda,desnutricion grave (g),2007-01-01,2,0,1,2,3,2,5
40802,PAMPA AULLAGAS,desnutricion aguda,desnutricion grave (g),2007-01-01,0,0,0,1,0,1,1
70902,PAMPA GRANDE,desnutricion aguda,desnutricion grave (g),2007-01-01,0,0,0,1,0,1,1
50403,POCOATA,desnutricion aguda,desnutricion grave (g),2007-01-01,1,4,0,2,1,6,7
31203,POCONA,desnutricion aguda,desnutricion grave (g),2007-01-01,1,1,0,0,1,1,2
31202,POJO (CBBA),desnutricion aguda,desnutricion grave (g),2007-01-01,1,1,0,0,1,1,2
51203,PORCO,desnutricion aguda,desnutricion grave (g),2007-01-01,2,0,1,1,3,1,4
10103,POROMA,desnutricion aguda,desnutricion grave (g),2007-01-01,3,0,0,0,3,0,3
70601,PORTACHUELO,desnutricion aguda,desnutricion grave (g),2007-01-01,1,0,0,0,1,0,1
50101,POTOSI,desnutricion aguda,desnutricion grave (g),2007-01-01,8,8,0,3,8,11,19
10302,PRESTO,desnutricion aguda,desnutricion grave (g),2007-01-01,1,4,1,0,2,4,6
90301,PUERTO GONZALO MORENO,desnutricion aguda,desnutricion grave (g),2007-01-01,2,1,1,0,3,1,4
71402,PUERTO QUIJARRO,desnutricion aguda,desnutricion grave (g),2007-01-01,1,0,0,1,1,1,2
71401,PUERTO SUAREZ,desnutricion aguda,desnutricion grave (g),2007-01-01,1,1,0,0,1,1,2
31205,PUERTO VILLARROEL,desnutricion aguda,desnutricion grave (g),2007-01-01,1,5,7,2,8,7,15
51101,PUNA,desnutricion aguda,desnutricion grave (g),2007-01-01,1,5,1,3,2,8,10
31401,PUNATA,desnutricion aguda,desnutricion grave (g),2007-01-01,1,0,0,0,1,0,1
30901,QUILLACOLLO,desnutricion aguda,desnutricion grave (g),2007-01-01,5,1,0,3,5,4,9
21002,QUIME,desnutricion aguda,desnutricion grave (g),2007-01-01,3,2,0,0,3,2,5
50402,RAVELO,desnutricion aguda,desnutricion grave (g),2007-01-01,5,1,3,4,8,5,13
80301,REYES,desnutricion aguda,desnutricion grave (g),2007-01-01,2,2,0,0,2,2,4
80201,RIBERALTA,desnutricion aguda,desnutricion grave (g),2007-01-01,14,16,6,7,20,23,43
70503,ROBORE,desnutricion aguda,desnutricion grave (g),2007-01-01,1,1,0,0,1,1,2
80304,RURRENABAQUE,desnutricion aguda,desnutricion grave (g),2007-01-01,2,0,0,0,2,0,2
40901,SABAYA,desnutricion aguda,desnutricion grave (g),2007-01-01,0,1,0,0,0,1,1
31001,SACABA,desnutricion aguda,desnutricion grave (g),2007-01-01,1,1,0,0,1,1,2
50701,SACACA,desnutricion aguda,desnutricion grave (g),2007-01-01,4,1,1,2,5,3,8
71302,SAIPINA,desnutricion aguda,desnutricion grave (g),2007-01-01,2,0,0,1,2,1,3
51601,SAN AGUSTIN,desnutricion aguda,desnutricion grave (g),2007-01-01,1,0,0,0,1,0,1
31403,SAN BENITO,desnutricion aguda,desnutricion grave (g),2007-01-01,0,1,0,0,0,1,1
80302,SAN BORJA,desnutricion aguda,desnutricion grave (g),2007-01-01,1,2,0,1,1,3,4
70402,SAN CARLOS,desnutricion aguda,desnutricion grave (g),2007-01-01,1,0,0,1,1,1,2
80501,SAN IGNACIO,desnutricion aguda,desnutricion grave (g),2007-01-01,6,2,1,1,7,3,10
70301,SAN IGNACIO DE VELASCO,desnutricion aguda,desnutricion grave (g),2007-01-01,5,1,3,2,8,3,11
70501,SAN JOSE DE CHIQUITOS,desnutricion aguda,desnutricion grave (g),2007-01-01,0,0,0,2,0,2,2
60501,SAN LORENZO(TJA),desnutricion aguda,desnutricion grave (g),2007-01-01,0,2,0,0,0,2,2
10702,SAN LUCAS,desnutricion aguda,desnutricion grave (g),2007-01-01,0,1,2,1,2,2,4
71201,SAN MATIAS,desnutricion aguda,desnutricion grave (g),2007-01-01,1,0,0,0,1,0,1
70303,SAN RAFAEL,desnutricion aguda,desnutricion grave (g),2007-01-01,0,1,0,0,0,1,1
70101,SANTA CRUZ DE LA SIERRA,desnutricion aguda,desnutricion grave (g),2007-01-01,24,21,3,15,27,36,63
80303,SANTA ROSA,desnutricion aguda,desnutricion grave (g),2007-01-01,1,0,0,0,1,0,1
70602,SANTA ROSA DEL SARA,desnutricion aguda,desnutricion grave (g),2007-01-01,0,1,2,0,2,1,3
90303,SENA,desnutricion aguda,desnutricion grave (g),2007-01-01,1,0,0,0,1,0,1
30703,SICAYA,desnutricion aguda,desnutricion grave (g),2007-01-01,0,2,0,0,0,2,2
30902,SIPE SIPE,desnutricion aguda,desnutricion grave (g),2007-01-01,3,1,0,2,3,3,6
10403,SOPACHUY,desnutricion aguda,desnutricion grave (g),2007-01-01,2,3,0,3,2,6,8
10101,SUCRE,desnutricion aguda,desnutricion grave (g),2007-01-01,7,8,2,2,9,10,19
50303,TACOBAMBA,desnutricion aguda,desnutricion grave (g),2007-01-01,1,1,0,0,1,1,2
30602,TACOPAYA,desnutricion aguda,desnutricion grave (g),2007-01-01,0,0,1,1,1,1,2
31101,TAPACARI,desnutricion aguda,desnutricion grave (g),2007-01-01,10,5,0,1,10,6,16
10601,TARABUCO,desnutricion aguda,desnutricion grave (g),2007-01-01,10,7,4,3,14,10,24
30401,TARATA,desnutricion aguda,desnutricion grave (g),2007-01-01,0,1,0,0,0,1,1
60101,TARIJA,desnutricion aguda,desnutricion grave (g),2007-01-01,4,2,3,6,7,8,15
10202,TARVITA,desnutricion aguda,desnutricion grave (g),2007-01-01,5,3,1,1,6,4,10
50102,TINGUIPAYA,desnutricion aguda,desnutricion grave (g),2007-01-01,5,1,3,1,8,2,10
30903,TIQUIPAYA,desnutricion aguda,desnutricion grave (g),2007-01-01,2,1,0,2,2,3,5
31601,TIRAQUE (CBBA),desnutricion aguda,desnutricion grave (g),2007-01-01,4,5,2,4,6,9,15
10402,TOMINA,desnutricion aguda,desnutricion grave (g),2007-01-01,2,0,1,5,3,5,8
31201,TOTORA(CBBA),desnutricion aguda,desnutricion grave (g),2007-01-01,0,0,1,1,1,1,2
41301,TOTORA(ORR),desnutricion aguda,desnutricion grave (g),2007-01-01,1,0,0,0,1,0,1
80101,TRINIDAD,desnutricion aguda,desnutricion grave (g),2007-01-01,4,4,0,5,4,9,13
50801,TUPIZA,desnutricion aguda,desnutricion grave (g),2007-01-01,3,1,1,3,4,4,8
60401,URIONDO (A. CONCEPCION),desnutricion aguda,desnutricion grave (g),2007-01-01,0,0,1,0,1,0,1
70801,VALLEGRANDE,desnutricion aguda,desnutricion grave (g),2007-01-01,1,1,0,0,1,1,2
60303,VILLA MONTES,desnutricion aguda,desnutricion grave (g),2007-01-01,2,0,0,1,2,1,3
90502,VILLA NUEVA (LOMA ALTA),desnutricion aguda,desnutricion grave (g),2007-01-01,0,1,1,2,1,3,4
10801,VILLA SERRANO,desnutricion aguda,desnutricion grave (g),2007-01-01,0,3,0,1,0,4,4
31003,VILLA TUNARI,desnutricion aguda,desnutricion grave (g),2007-01-01,4,9,4,2,8,11,19
11001,VILLA VACA GUZMAN (MUYUPAMPA),desnutricion aguda,desnutricion grave (g),2007-01-01,0,0,2,0,2,0,2
51501,VILLAZON,desnutricion aguda,desnutricion grave (g),2007-01-01,1,0,0,2,1,2,3
50602,VITICHI,desnutricion aguda,desnutricion grave (g),2007-01-01,4,2,0,1,4,3,7
70201,WARNES,desnutricion aguda,desnutricion grave (g),2007-01-01,2,1,4,1,6,2,8
60301,YACUIBA,desnutricion aguda,desnutricion grave (g),2007-01-01,0,1,0,3,0,4,4
10602,YAMPARAEZ,desnutricion aguda,desnutricion grave (g),2007-01-01,2,0,1,1,3,1,4
70403,YAPACANI,desnutricion aguda,desnutricion grave (g),2007-01-01,4,2,0,1,4,3,7
50103,YOCALLA,desnutricion aguda,desnutricion grave (g),2007-01-01,1,0,0,0,1,0,1
10102,YOTALA,desnutricion aguda,desnutricion grave (g),2007-01-01,1,0,0,0,1,0,1
10301,ZUDAÑEZ,desnutricion aguda,desnutricion grave (g),2007-01-01,0,1,3,0,3,1,4
30201,AIQUILE,desnutricion aguda,desnutricion grave (g),2007-02-01,3,4,1,2,4,6,10
31303,ALALAY,desnutricion aguda,desnutricion grave (g),2007-02-01,0,0,0,1,0,1,1
10404,ALCALA,desnutricion aguda,desnutricion grave (g),2007-02-01,0,1,0,0,0,1,1
41201,ANDAMARCA,desnutricion aguda,desnutricion grave (g),2007-02-01,1,0,0,0,1,0,1
51301,ARAMPAMPA,desnutricion aguda,desnutricion grave (g),2007-02-01,3,1,5,4,8,5,13
30501,ARANI,desnutricion aguda,desnutricion grave (g),2007-02-01,1,0,0,0,1,0,1
30403,ARBIETO,desnutricion aguda,desnutricion grave (g),2007-02-01,0,0,1,2,1,2,3
30601,ARQUE,desnutricion aguda,desnutricion grave (g),2007-02-01,2,5,0,0,2,5,7
71501,ASCENCION DE GUARAYOS,desnutricion aguda,desnutricion grave (g),2007-02-01,5,4,1,2,6,6,12
30301,AYOPAYA (V. DE INDEPENDENCIA),desnutricion aguda,desnutricion grave (g),2007-02-01,0,1,0,0,0,1,1
10201,AZURDUY,desnutricion aguda,desnutricion grave (g),2007-02-01,1,2,0,3,1,5,6
41202,BELEN DE ANDAMARCA,desnutricion aguda,desnutricion grave (g),2007-02-01,1,0,0,0,1,0,1
60202,BERMEJO,desnutricion aguda,desnutricion grave (g),2007-02-01,0,1,0,0,0,1,1
50301,BETANZOS,desnutricion aguda,desnutricion grave (g),2007-02-01,3,1,1,2,4,3,7
31501,BOLIVAR,desnutricion aguda,desnutricion grave (g),2007-02-01,3,2,1,0,4,2,6
90103,BOLPEBRA,desnutricion aguda,desnutricion grave (g),2007-02-01,0,0,1,0,1,0,1
70703,CABEZAS,desnutricion aguda,desnutricion grave (g),2007-02-01,1,0,4,1,5,1,6
51102,"CAIZA ""D""",desnutricion aguda,desnutricion grave (g),2007-02-01,0,2,1,0,1,2,3
21003,CAJUATA,desnutricion aguda,desnutricion grave (g),2007-02-01,3,1,0,0,3,1,4
10701,CAMARGO,desnutricion aguda,desnutricion grave (g),2007-02-01,3,3,0,0,3,3,6
10901,CAMATAQUI (C. VILLA ABECIA),desnutricion aguda,desnutricion grave (g),2007-02-01,0,0,0,1,0,1,1
70706,CAMIRI,desnutricion aguda,desnutricion grave (g),2007-02-01,2,2,0,5,2,7,9
30701,CAPINOTA,desnutricion aguda,desnutricion grave (g),2007-02-01,5,1,2,0,7,1,8
60302,CARAPARI,desnutricion aguda,desnutricion grave (g),2007-02-01,0,0,1,0,1,0,1
50702,CARIPUYO,desnutricion aguda,desnutricion grave (g),2007-02-01,3,3,0,1,3,4,7
71403,CARMEN RIVERO TORREZ,desnutricion aguda,desnutricion grave (g),2007-02-01,2,0,0,0,2,0,2
40201,CHALLAPATA,desnutricion aguda,desnutricion grave (g),2007-02-01,2,2,1,0,3,2,5
50302,CHAQUI,desnutricion aguda,desnutricion grave (g),2007-02-01,1,0,0,1,1,1,2
70702,CHARAGUA,desnutricion aguda,desnutricion grave (g),2007-02-01,3,4,0,1,3,5,8
50202,CHAYANTA,desnutricion aguda,desnutricion grave (g),2007-02-01,0,4,3,5,3,9,12
31204,CHIMORE,desnutricion aguda,desnutricion grave (g),2007-02-01,2,3,1,0,3,3,6
40903,CHIPAYA,desnutricion aguda,desnutricion grave (g),2007-02-01,1,0,0,0,1,0,1
40302,CHOQUE COTA,desnutricion aguda,desnutricion grave (g),2007-02-01,1,0,0,0,1,0,1
30101,COCHABAMBA,desnutricion aguda,desnutricion grave (g),2007-02-01,16,8,5,7,21,15,36
31002,COLOMI,desnutricion aguda,desnutricion grave (g),2007-02-01,3,2,0,0,3,2,5
50401,COLQUECHACA,desnutricion aguda,desnutricion grave (g),2007-02-01,1,3,0,3,1,6,7
71301,COMARAPA,desnutricion aguda,desnutricion grave (g),2007-02-01,2,1,0,0,2,1,3
71101,CONCEPCION,desnutricion aguda,desnutricion grave (g),2007-02-01,0,0,0,1,0,1,1
50601,COTAGAITA,desnutricion aguda,desnutricion grave (g),2007-02-01,2,8,3,5,5,13,18
71106,CUATRO CAÑADAS,desnutricion aguda,desnutricion grave (g),2007-02-01,0,0,0,1,0,1,1
10902,CULPINA,desnutricion aguda,desnutricion grave (g),2007-02-01,7,2,0,0,7,2,9
60502,EL PUENTE(TJA),desnutricion aguda,desnutricion grave (g),2007-02-01,1,0,0,0,1,0,1
10405,EL VILLAR,desnutricion aguda,desnutricion grave (g),2007-02-01,0,2,0,1,0,3,3
60601,ENTRE RIOS,desnutricion aguda,desnutricion grave (g),2007-02-01,2,1,2,2,4,3,7
71002,GENERAL SAAVEDRA,desnutricion aguda,desnutricion grave (g),2007-02-01,0,1,0,0,0,1,1
80202,GUAYARAMERIN,desnutricion aguda,desnutricion grave (g),2007-02-01,2,2,0,2,2,4,6
70705,GUTIERREZ,desnutricion aguda,desnutricion grave (g),2007-02-01,0,4,0,0,0,4,4
10502,HUACARETA,desnutricion aguda,desnutricion grave (g),2007-02-01,1,0,0,1,1,1,2
11002,HUACAYA (VILLA DE HUACAYA),desnutricion aguda,desnutricion grave (g),2007-02-01,0,0,1,0,1,0,1
10304,ICLA,desnutricion aguda,desnutricion grave (g),2007-02-01,6,3,1,4,7,7,14
10703,INCAHUASI,desnutricion aguda,desnutricion grave (g),2007-02-01,2,4,2,0,4,4,8
21001,INQUISIVI,desnutricion aguda,desnutricion grave (g),2007-02-01,4,1,1,0,5,1,6
70701,LAGUNILLAS,desnutricion aguda,desnutricion grave (g),2007-02-01,1,0,0,0,1,0,1
50203,LLALLAGUA,desnutricion aguda,desnutricion grave (g),2007-02-01,1,1,1,0,2,1,3
71003,MINEROS,desnutricion aguda,desnutricion grave (g),2007-02-01,3,2,0,0,3,2,5
31301,MIZQUE,desnutricion aguda,desnutricion grave (g),2007-02-01,4,3,0,2,4,5,9
10501,MONTEAGUDO,desnutricion aguda,desnutricion grave (g),2007-02-01,2,4,2,1,4,5,9
71001,MONTERO,desnutricion aguda,desnutricion grave (g),2007-02-01,3,2,0,1,3,3,6
50404,OCURI,desnutricion aguda,desnutricion grave (g),2007-02-01,3,3,0,0,3,3,6
40101,ORURO,desnutricion aguda,desnutricion grave (g),2007-02-01,11,10,5,4,16,14,30
10401,PADILLA,desnutricion aguda,desnutricion grave (g),2007-02-01,0,2,2,0,2,2,4
70502,PAILON,desnutricion aguda,desnutricion grave (g),2007-02-01,1,0,0,0,1,0,1
30202,PASORAPA,desnutricion aguda,desnutricion grave (g),2007-02-01,0,0,0,2,0,2,2
50403,POCOATA,desnutricion aguda,desnutricion grave (g),2007-02-01,0,2,0,2,0,4,4
31203,POCONA,desnutricion aguda,desnutricion grave (g),2007-02-01,0,2,1,1,1,3,4
31202,POJO (CBBA),desnutricion aguda,desnutricion grave (g),2007-02-01,0,1,1,0,1,1,2
10103,POROMA,desnutricion aguda,desnutricion grave (g),2007-02-01,1,2,0,5,1,7,8
70601,PORTACHUELO,desnutricion aguda,desnutricion grave (g),2007-02-01,0,2,0,0,0,2,2
90102,PORVENIR,desnutricion aguda,desnutricion grave (g),2007-02-01,0,4,0,0,0,4,4
70804,POSTRER VALLE,desnutricion aguda,desnutricion grave (g),2007-02-01,0,0,0,2,0,2,2
50101,POTOSI,desnutricion aguda,desnutricion grave (g),2007-02-01,10,12,0,2,10,14,24
10302,PRESTO,desnutricion aguda,desnutricion grave (g),2007-02-01,6,1,1,0,7,1,8
90301,PUERTO GONZALO MORENO,desnutricion aguda,desnutricion grave (g),2007-02-01,2,0,1,0,3,0,3
71401,PUERTO SUAREZ,desnutricion aguda,desnutricion grave (g),2007-02-01,2,0,0,0,2,0,2
31205,PUERTO VILLARROEL,desnutricion aguda,desnutricion grave (g),2007-02-01,8,5,5,4,13,9,22
51101,PUNA,desnutricion aguda,desnutricion grave (g),2007-02-01,2,3,2,3,4,6,10
30901,QUILLACOLLO,desnutricion aguda,desnutricion grave (g),2007-02-01,4,2,1,0,5,2,7
21002,QUIME,desnutricion aguda,desnutricion grave (g),2007-02-01,1,1,0,0,1,1,2
50402,RAVELO,desnutricion aguda,desnutricion grave (g),2007-02-01,7,3,0,1,7,4,11
80301,REYES,desnutricion aguda,desnutricion grave (g),2007-02-01,17,23,3,3,20,26,46
80201,RIBERALTA,desnutricion aguda,desnutricion grave (g),2007-02-01,4,20,6,1,10,21,31
70503,ROBORE,desnutricion aguda,desnutricion grave (g),2007-02-01,1,1,0,0,1,1,2
80304,RURRENABAQUE,desnutricion aguda,desnutricion grave (g),2007-02-01,0,1,0,0,0,1,1
40901,SABAYA,desnutricion aguda,desnutricion grave (g),2007-02-01,0,1,0,0,0,1,1
31001,SACABA,desnutricion aguda,desnutricion grave (g),2007-02-01,0,1,0,0,0,1,1
30404,SACABAMBA,desnutricion aguda,desnutricion grave (g),2007-02-01,2,0,0,0,2,0,2
50701,SACACA,desnutricion aguda,desnutricion grave (g),2007-02-01,9,6,2,8,11,14,25
40801,SALINAS DE GARCI MENDOZA,desnutricion aguda,desnutricion grave (g),2007-02-01,0,0,0,1,0,1,1
71105,SAN ANTONIO DE LOMERIO,desnutricion aguda,desnutricion grave (g),2007-02-01,2,0,1,0,3,0,3
31403,SAN BENITO,desnutricion aguda,desnutricion grave (g),2007-02-01,0,0,2,0,2,0,2
80302,SAN BORJA,desnutricion aguda,desnutricion grave (g),2007-02-01,3,1,0,0,3,1,4
70402,SAN CARLOS,desnutricion aguda,desnutricion grave (g),2007-02-01,1,0,0,1,1,1,2
80501,SAN IGNACIO,desnutricion aguda,desnutricion grave (g),2007-02-01,2,4,1,1,3,5,8
70301,SAN IGNACIO DE VELASCO,desnutricion aguda,desnutricion grave (g),2007-02-01,2,4,3,2,5,6,11
80102,SAN JAVIER(BNI),desnutricion aguda,desnutricion grave (g),2007-02-01,1,0,0,0,1,0,1
70501,SAN JOSE DE CHIQUITOS,desnutricion aguda,desnutricion grave (g),2007-02-01,0,0,0,1,0,1,1
70404,SAN JUAN DE YAPACANI,desnutricion aguda,desnutricion grave (g),2007-02-01,1,0,0,0,1,0,1
10702,SAN LUCAS,desnutricion aguda,desnutricion grave (g),2007-02-01,4,3,3,3,7,6,13
71201,SAN MATIAS,desnutricion aguda,desnutricion grave (g),2007-02-01,0,0,1,1,1,1,2
71005,SAN PEDRO,desnutricion aguda,desnutricion grave (g),2007-02-01,0,2,0,0,0,2,2
90202,SAN PEDRO(PND),desnutricion aguda,desnutricion grave (g),2007-02-01,0,0,1,0,1,0,1
70303,SAN RAFAEL,desnutricion aguda,desnutricion grave (g),2007-02-01,0,0,1,0,1,0,1
80401,SANTA ANA,desnutricion aguda,desnutricion grave (g),2007-02-01,0,2,0,0,0,2,2
70101,SANTA CRUZ DE LA SIERRA,desnutricion aguda,desnutricion grave (g),2007-02-01,13,14,5,8,18,22,40
80303,SANTA ROSA,desnutricion aguda,desnutricion grave (g),2007-02-01,1,1,0,0,1,1,2
70602,SANTA ROSA DEL SARA,desnutricion aguda,desnutricion grave (g),2007-02-01,0,0,0,1,0,1,1
41401,SANTIAGO DE HUARI,desnutricion aguda,desnutricion grave (g),2007-02-01,1,0,0,0,1,0,1
30702,SANTIVAÑES,desnutricion aguda,desnutricion grave (g),2007-02-01,0,1,3,0,3,1,4
30902,SIPE SIPE,desnutricion aguda,desnutricion grave (g),2007-02-01,0,0,1,1,1,1,2
10403,SOPACHUY,desnutricion aguda,desnutricion grave (g),2007-02-01,3,2,1,2,4,4,8
40104,SORACACHI,desnutricion aguda,desnutricion grave (g),2007-02-01,2,0,0,0,2,0,2
10101,SUCRE,desnutricion aguda,desnutricion grave (g),2007-02-01,8,8,2,2,10,10,20
50303,TACOBAMBA,desnutricion aguda,desnutricion grave (g),2007-02-01,3,6,2,1,5,7,12
30602,TACOPAYA,desnutricion aguda,desnutricion grave (g),2007-02-01,0,1,0,1,0,2,2
31101,TAPACARI,desnutricion aguda,desnutricion grave (g),2007-02-01,12,9,1,0,13,9,22
10601,TARABUCO,desnutricion aguda,desnutricion grave (g),2007-02-01,11,6,2,7,13,13,26
30401,TARATA,desnutricion aguda,desnutricion grave (g),2007-02-01,0,1,0,0,0,1,1
60101,TARIJA,desnutricion aguda,desnutricion grave (g),2007-02-01,4,6,2,4,6,10,16
10202,TARVITA,desnutricion aguda,desnutricion grave (g),2007-02-01,1,3,0,0,1,3,4
50102,TINGUIPAYA,desnutricion aguda,desnutricion grave (g),2007-02-01,3,2,1,2,4,4,8
30903,TIQUIPAYA,desnutricion aguda,desnutricion grave (g),2007-02-01,1,2,1,2,2,4,6
31601,TIRAQUE (CBBA),desnutricion aguda,desnutricion grave (g),2007-02-01,3,8,0,1,3,9,12
51202,TOMAVE,desnutricion aguda,desnutricion grave (g),2007-02-01,0,2,1,0,1,2,3
10402,TOMINA,desnutricion aguda,desnutricion grave (g),2007-02-01,3,1,0,5,3,6,9
50502,TORO TORO,desnutricion aguda,desnutricion grave (g),2007-02-01,4,1,0,1,4,2,6
31201,TOTORA(CBBA),desnutricion aguda,desnutricion grave (g),2007-02-01,0,0,1,0,1,0,1
80101,TRINIDAD,desnutricion aguda,desnutricion grave (g),2007-02-01,1,1,2,2,3,3,6
50801,TUPIZA,desnutricion aguda,desnutricion grave (g),2007-02-01,1,1,1,1,2,2,4
50201,UNCIA,desnutricion aguda,desnutricion grave (g),2007-02-01,1,0,0,0,1,0,1
71502,URUBICHA,desnutricion aguda,desnutricion grave (g),2007-02-01,1,1,2,4,3,5,8
30502,VACAS,desnutricion aguda,desnutricion grave (g),2007-02-01,0,0,0,1,0,1,1
70801,VALLEGRANDE,desnutricion aguda,desnutricion grave (g),2007-02-01,0,0,0,2,0,2,2
60303,VILLA MONTES,desnutricion aguda,desnutricion grave (g),2007-02-01,0,0,1,0,1,0,1
10801,VILLA SERRANO,desnutricion aguda,desnutricion grave (g),2007-02-01,0,0,0,1,0,1,1
31003,VILLA TUNARI,desnutricion aguda,desnutricion grave (g),2007-02-01,6,7,1,3,7,10,17
50602,VITICHI,desnutricion aguda,desnutricion grave (g),2007-02-01,1,4,2,0,3,4,7
70201,WARNES,desnutricion aguda,desnutricion grave (g),2007-02-01,0,5,0,1,0,6,6
60301,YACUIBA,desnutricion aguda,desnutricion grave (g),2007-02-01,1,0,1,0,2,0,2
10602,YAMPARAEZ,desnutricion aguda,desnutricion grave (g),2007-02-01,3,0,1,1,4,1,5
70403,YAPACANI,desnutricion aguda,desnutricion grave (g),2007-02-01,4,4,1,2,5,6,11
10102,YOTALA,desnutricion aguda,desnutricion grave (g),2007-02-01,0,1,1,0,1,1,2
10301,ZUDAÑEZ,desnutricion aguda,desnutricion grave (g),2007-02-01,1,1,2,2,3,3,6
51302,ACACIO,desnutricion aguda,desnutricion grave (g),2007-03-01,0,0,0,2,0,2,2
30201,AIQUILE,desnutricion aguda,desnutricion grave (g),2007-03-01,5,4,1,1,6,5,11
31303,ALALAY,desnutricion aguda,desnutricion grave (g),2007-03-01,1,0,0,0,1,0,1
10404,ALCALA,desnutricion aguda,desnutricion grave (g),2007-03-01,0,0,1,1,1,1,2
41201,ANDAMARCA,desnutricion aguda,desnutricion grave (g),2007-03-01,0,0,0,1,0,1,1
40603,ANTEQUERA,desnutricion aguda,desnutricion grave (g),2007-03-01,1,2,1,0,2,2,4
30402,ANZALDO,desnutricion aguda,desnutricion grave (g),2007-03-01,2,1,0,1,2,2,4
51301,ARAMPAMPA,desnutricion aguda,desnutricion grave (g),2007-03-01,5,2,7,0,12,2,14
30501,ARANI,desnutricion aguda,desnutricion grave (g),2007-03-01,2,0,1,1,3,1,4
30403,ARBIETO,desnutricion aguda,desnutricion grave (g),2007-03-01,1,0,0,1,1,1,2
30601,ARQUE,desnutricion aguda,desnutricion grave (g),2007-03-01,3,2,2,1,5,3,8
50802,ATOCHA,desnutricion aguda,desnutricion grave (g),2007-03-01,2,0,0,0,2,0,2
30301,AYOPAYA (V. DE INDEPENDENCIA),desnutricion aguda,desnutricion grave (g),2007-03-01,1,0,0,0,1,0,1
10201,AZURDUY,desnutricion aguda,desnutricion grave (g),2007-03-01,1,4,0,6,1,10,11
50104,BELEN DE URMIRI,desnutricion aguda,desnutricion grave (g),2007-03-01,0,2,0,2,0,4,4
60202,BERMEJO,desnutricion aguda,desnutricion grave (g),2007-03-01,0,0,0,1,0,1,1
50301,BETANZOS,desnutricion aguda,desnutricion grave (g),2007-03-01,5,9,1,6,6,15,21
31501,BOLIVAR,desnutricion aguda,desnutricion grave (g),2007-03-01,2,5,0,4,2,9,11
70401,BUENA VISTA,desnutricion aguda,desnutricion grave (g),2007-03-01,1,1,0,0,1,1,2
70703,CABEZAS,desnutricion aguda,desnutricion grave (g),2007-03-01,0,3,0,0,0,3,3
51102,"CAIZA ""D""",desnutricion aguda,desnutricion grave (g),2007-03-01,0,1,0,2,0,3,3
21003,CAJUATA,desnutricion aguda,desnutricion grave (g),2007-03-01,5,0,0,0,5,0,5
10701,CAMARGO,desnutricion aguda,desnutricion grave (g),2007-03-01,2,2,0,3,2,5,7
10901,CAMATAQUI (C. VILLA ABECIA),desnutricion aguda,desnutricion grave (g),2007-03-01,1,0,0,1,1,1,2
70706,CAMIRI,desnutricion aguda,desnutricion grave (g),2007-03-01,8,3,0,1,8,4,12
30701,CAPINOTA,desnutricion aguda,desnutricion grave (g),2007-03-01,7,11,7,5,14,16,30
40102,CARACOLLO,desnutricion aguda,desnutricion grave (g),2007-03-01,0,1,0,0,0,1,1
50702,CARIPUYO,desnutricion aguda,desnutricion grave (g),2007-03-01,7,5,2,3,9,8,17
71403,CARMEN RIVERO TORREZ,desnutricion aguda,desnutricion grave (g),2007-03-01,1,4,0,0,1,4,5
40201,CHALLAPATA,desnutricion aguda,desnutricion grave (g),2007-03-01,3,1,0,0,3,1,4
50302,CHAQUI,desnutricion aguda,desnutricion grave (g),2007-03-01,0,1,0,0,0,1,1
70702,CHARAGUA,desnutricion aguda,desnutricion grave (g),2007-03-01,1,1,0,0,1,1,2
50202,CHAYANTA,desnutricion aguda,desnutricion grave (g),2007-03-01,2,1,0,0,2,1,3
31204,CHIMORE,desnutricion aguda,desnutricion grave (g),2007-03-01,2,5,1,2,3,7,10
90101,COBIJA,desnutricion aguda,desnutricion grave (g),2007-03-01,2,0,1,0,3,0,3
30101,COCHABAMBA,desnutricion aguda,desnutricion grave (g),2007-03-01,9,12,8,2,17,14,31
31002,COLOMI,desnutricion aguda,desnutricion grave (g),2007-03-01,2,0,0,1,2,1,3
50401,COLQUECHACA,desnutricion aguda,desnutricion grave (g),2007-03-01,8,10,3,3,11,13,24
21004,COLQUIRI,desnutricion aguda,desnutricion grave (g),2007-03-01,0,0,2,0,2,0,2
71301,COMARAPA,desnutricion aguda,desnutricion grave (g),2007-03-01,0,1,0,0,0,1,1
71101,CONCEPCION,desnutricion aguda,desnutricion grave (g),2007-03-01,1,0,0,0,1,0,1
50601,COTAGAITA,desnutricion aguda,desnutricion grave (g),2007-03-01,3,4,1,0,4,4,8
70704,CUEVO,desnutricion aguda,desnutricion grave (g),2007-03-01,1,1,0,0,1,1,2
10902,CULPINA,desnutricion aguda,desnutricion grave (g),2007-03-01,3,2,0,2,3,4,7
71503,EL PUENTE(STC),desnutricion aguda,desnutricion grave (g),2007-03-01,0,0,0,1,0,1,1
10405,EL VILLAR,desnutricion aguda,desnutricion grave (g),2007-03-01,1,1,0,0,1,1,2
60601,ENTRE RIOS,desnutricion aguda,desnutricion grave (g),2007-03-01,2,2,3,4,5,6,11
60601,ENTRE RIOS,desnutricion aguda,desnutricion grave (g),2007-03-01,0,0,1,0,1,0,1
40502,ESCARA,desnutricion aguda,desnutricion grave (g),2007-03-01,1,0,0,0,1,0,1
41101,EUCALIPTUS,desnutricion aguda,desnutricion grave (g),2007-03-01,1,1,0,0,1,1,2
71004,FERNANDEZ ALONSO,desnutricion aguda,desnutricion grave (g),2007-03-01,0,0,0,2,0,2,2
71002,GENERAL SAAVEDRA,desnutricion aguda,desnutricion grave (g),2007-03-01,0,2,0,1,0,3,3
80202,GUAYARAMERIN,desnutricion aguda,desnutricion grave (g),2007-03-01,2,1,1,2,3,3,6
10502,HUACARETA,desnutricion aguda,desnutricion grave (g),2007-03-01,0,0,0,2,0,2,2
10304,ICLA,desnutricion aguda,desnutricion grave (g),2007-03-01,4,6,1,4,5,10,15
10703,INCAHUASI,desnutricion aguda,desnutricion grave (g),2007-03-01,7,6,0,0,7,6,13
70701,LAGUNILLAS,desnutricion aguda,desnutricion grave (g),2007-03-01,0,1,1,0,1,1,2
50203,LLALLAGUA,desnutricion aguda,desnutricion grave (g),2007-03-01,2,1,0,0,2,1,3
40702,MACHACAMARCA,desnutricion aguda,desnutricion grave (g),2007-03-01,1,1,0,0,1,1,2
11003,MACHARETI,desnutricion aguda,desnutricion grave (g),2007-03-01,1,0,1,0,2,0,2
71003,MINEROS,desnutricion aguda,desnutricion grave (g),2007-03-01,2,4,0,1,2,5,7
31301,MIZQUE,desnutricion aguda,desnutricion grave (g),2007-03-01,3,5,0,0,3,5,8
10501,MONTEAGUDO,desnutricion aguda,desnutricion grave (g),2007-03-01,2,3,3,0,5,3,8
71001,MONTERO,desnutricion aguda,desnutricion grave (g),2007-03-01,3,8,3,3,6,11,17
30302,MOROCHATA,desnutricion aguda,desnutricion grave (g),2007-03-01,3,1,1,3,4,4,8
50404,OCURI,desnutricion aguda,desnutricion grave (g),2007-03-01,2,3,2,4,4,7,11
70202,OKINAWA,desnutricion aguda,desnutricion grave (g),2007-03-01,2,0,0,0,2,0,2
40101,ORURO,desnutricion aguda,desnutricion grave (g),2007-03-01,4,6,2,1,6,7,13
10401,PADILLA,desnutricion aguda,desnutricion grave (g),2007-03-01,0,1,2,2,2,3,5
70502,PAILON,desnutricion aguda,desnutricion grave (g),2007-03-01,1,1,0,0,1,1,2
70902,PAMPA GRANDE,desnutricion aguda,desnutricion grave (g),2007-03-01,0,1,0,0,0,1,1
50403,POCOATA,desnutricion aguda,desnutricion grave (g),2007-03-01,0,7,0,3,0,10,10
31203,POCONA,desnutricion aguda,desnutricion grave (g),2007-03-01,0,1,0,0,0,1,1
31202,POJO (CBBA),desnutricion aguda,desnutricion grave (g),2007-03-01,2,0,1,0,3,0,3
51203,PORCO,desnutricion aguda,desnutricion grave (g),2007-03-01,0,0,0,1,0,1,1
10103,POROMA,desnutricion aguda,desnutricion grave (g),2007-03-01,7,7,1,3,8,10,18
70601,PORTACHUELO,desnutricion aguda,desnutricion grave (g),2007-03-01,1,0,0,0,1,0,1
50101,POTOSI,desnutricion aguda,desnutricion grave (g),2007-03-01,8,13,3,6,11,19,30
10302,PRESTO,desnutricion aguda,desnutricion grave (g),2007-03-01,3,1,0,1,3,2,5
90301,PUERTO GONZALO MORENO,desnutricion aguda,desnutricion grave (g),2007-03-01,2,0,1,0,3,0,3
71402,PUERTO QUIJARRO,desnutricion aguda,desnutricion grave (g),2007-03-01,0,2,0,0,0,2,2
80703,PUERTO SILES,desnutricion aguda,desnutricion grave (g),2007-03-01,0,1,0,0,0,1,1
71401,PUERTO SUAREZ,desnutricion aguda,desnutricion grave (g),2007-03-01,1,1,0,0,1,1,2
31205,PUERTO VILLARROEL,desnutricion aguda,desnutricion grave (g),2007-03-01,4,5,7,2,11,7,18
51101,PUNA,desnutricion aguda,desnutricion grave (g),2007-03-01,6,8,0,1,6,9,15
31401,PUNATA,desnutricion aguda,desnutricion grave (g),2007-03-01,0,0,2,2,2,2,4
30901,QUILLACOLLO,desnutricion aguda,desnutricion grave (g),2007-03-01,8,3,1,1,9,4,13
50402,RAVELO,desnutricion aguda,desnutricion grave (g),2007-03-01,11,8,4,6,15,14,29
80301,REYES,desnutricion aguda,desnutricion grave (g),2007-03-01,0,0,0,1,0,1,1
80201,RIBERALTA,desnutricion aguda,desnutricion grave (g),2007-03-01,5,27,3,6,8,33,41
70503,ROBORE,desnutricion aguda,desnutricion grave (g),2007-03-01,2,0,0,1,2,1,3
80304,RURRENABAQUE,desnutricion aguda,desnutricion grave (g),2007-03-01,1,2,0,0,1,2,3
31001,SACABA,desnutricion aguda,desnutricion grave (g),2007-03-01,4,6,1,1,5,7,12
50701,SACACA,desnutricion aguda,desnutricion grave (g),2007-03-01,6,9,1,4,7,13,20
71302,SAIPINA,desnutricion aguda,desnutricion grave (g),2007-03-01,1,0,0,0,1,0,1
70901,SAMAIPATA,desnutricion aguda,desnutricion grave (g),2007-03-01,1,0,0,0,1,0,1
80602,SAN ANDRES,desnutricion aguda,desnutricion grave (g),2007-03-01,1,0,0,0,1,0,1
51003,SAN ANTONIO DE ESMORUCO,desnutricion aguda,desnutricion grave (g),2007-03-01,0,0,0,1,0,1,1
71105,SAN ANTONIO DE LOMERIO,desnutricion aguda,desnutricion grave (g),2007-03-01,3,0,1,3,4,3,7
31403,SAN BENITO,desnutricion aguda,desnutricion grave (g),2007-03-01,1,0,1,0,2,0,2
80302,SAN BORJA,desnutricion aguda,desnutricion grave (g),2007-03-01,2,1,0,3,2,4,6
70402,SAN CARLOS,desnutricion aguda,desnutricion grave (g),2007-03-01,3,0,0,0,3,0,3
80501,SAN IGNACIO,desnutricion aguda,desnutricion grave (g),2007-03-01,3,3,1,0,4,3,7
70301,SAN IGNACIO DE VELASCO,desnutricion aguda,desnutricion grave (g),2007-03-01,11,10,1,3,12,13,25
70501,SAN JOSE DE CHIQUITOS,desnutricion aguda,desnutricion grave (g),2007-03-01,1,2,1,0,2,2,4
71104,SAN JULIAN,desnutricion aguda,desnutricion grave (g),2007-03-01,0,0,1,0,1,0,1
60501,SAN LORENZO(TJA),desnutricion aguda,desnutricion grave (g),2007-03-01,1,0,3,0,4,0,4
10702,SAN LUCAS,desnutricion aguda,desnutricion grave (g),2007-03-01,11,6,6,2,17,8,25
71201,SAN MATIAS,desnutricion aguda,desnutricion grave (g),2007-03-01,1,1,0,0,1,1,2
51001,SAN PABLO DE LIPEZ,desnutricion aguda,desnutricion grave (g),2007-03-01,0,1,0,0,0,1,1
71005,SAN PEDRO,desnutricion aguda,desnutricion grave (g),2007-03-01,1,2,0,0,1,2,3
70101,SANTA CRUZ DE LA SIERRA,desnutricion aguda,desnutricion grave (g),2007-03-01,20,34,6,9,26,43,69
80303,SANTA ROSA,desnutricion aguda,desnutricion grave (g),2007-03-01,0,3,0,0,0,3,3
41401,SANTIAGO DE HUARI,desnutricion aguda,desnutricion grave (g),2007-03-01,0,0,1,1,1,1,2
30702,SANTIVAÑES,desnutricion aguda,desnutricion grave (g),2007-03-01,0,0,1,1,1,1,2
90303,SENA,desnutricion aguda,desnutricion grave (g),2007-03-01,0,1,0,0,0,1,1
30703,SICAYA,desnutricion aguda,desnutricion grave (g),2007-03-01,3,0,0,0,3,0,3
30902,SIPE SIPE,desnutricion aguda,desnutricion grave (g),2007-03-01,2,3,0,0,2,3,5
10403,SOPACHUY,desnutricion aguda,desnutricion grave (g),2007-03-01,4,7,2,3,6,10,16
10101,SUCRE,desnutricion aguda,desnutricion grave (g),2007-03-01,12,10,2,1,14,11,25
50303,TACOBAMBA,desnutricion aguda,desnutricion grave (g),2007-03-01,5,2,1,1,6,3,9
30602,TACOPAYA,desnutricion aguda,desnutricion grave (g),2007-03-01,1,0,1,0,2,0,2
31101,TAPACARI,desnutricion aguda,desnutricion grave (g),2007-03-01,6,5,4,4,10,9,19
10601,TARABUCO,desnutricion aguda,desnutricion grave (g),2007-03-01,14,6,3,7,17,13,30
30401,TARATA,desnutricion aguda,desnutricion grave (g),2007-03-01,0,1,0,1,0,2,2
60101,TARIJA,desnutricion aguda,desnutricion grave (g),2007-03-01,9,2,2,2,11,4,15
10202,TARVITA,desnutricion aguda,desnutricion grave (g),2007-03-01,3,6,2,1,5,7,12
50102,TINGUIPAYA,desnutricion aguda,desnutricion grave (g),2007-03-01,10,3,2,2,12,5,17
30903,TIQUIPAYA,desnutricion aguda,desnutricion grave (g),2007-03-01,0,0,1,0,1,0,1
31601,TIRAQUE (CBBA),desnutricion aguda,desnutricion grave (g),2007-03-01,3,1,3,1,6,2,8
51202,TOMAVE,desnutricion aguda,desnutricion grave (g),2007-03-01,1,1,0,1,1,2,3
10402,TOMINA,desnutricion aguda,desnutricion grave (g),2007-03-01,7,3,1,3,8,6,14
50502,TORO TORO,desnutricion aguda,desnutricion grave (g),2007-03-01,2,0,1,2,3,2,5
31201,TOTORA(CBBA),desnutricion aguda,desnutricion grave (g),2007-03-01,1,2,0,0,1,2,3
80101,TRINIDAD,desnutricion aguda,desnutricion grave (g),2007-03-01,2,0,0,0,2,0,2
50801,TUPIZA,desnutricion aguda,desnutricion grave (g),2007-03-01,2,1,0,0,2,1,3
50201,UNCIA,desnutricion aguda,desnutricion grave (g),2007-03-01,2,3,1,1,3,4,7
60401,URIONDO (A. CONCEPCION),desnutricion aguda,desnutricion grave (g),2007-03-01,1,0,1,0,2,0,2
51201,UYUNI,desnutricion aguda,desnutricion grave (g),2007-03-01,0,0,1,0,1,0,1
70801,VALLEGRANDE,desnutricion aguda,desnutricion grave (g),2007-03-01,1,1,0,1,1,2,3
31302,VILA VILA,desnutricion aguda,desnutricion grave (g),2007-03-01,0,1,0,0,0,1,1
60303,VILLA MONTES,desnutricion aguda,desnutricion grave (g),2007-03-01,1,2,0,2,1,4,5
10801,VILLA SERRANO,desnutricion aguda,desnutricion grave (g),2007-03-01,0,1,0,2,0,3,3
31003,VILLA TUNARI,desnutricion aguda,desnutricion grave (g),2007-03-01,8,8,5,7,13,15,28
11001,VILLA VACA GUZMAN (MUYUPAMPA),desnutricion aguda,desnutricion grave (g),2007-03-01,1,0,0,0,1,0,1
51501,VILLAZON,desnutricion aguda,desnutricion grave (g),2007-03-01,0,1,0,0,0,1,1
50602,VITICHI,desnutricion aguda,desnutricion grave (g),2007-03-01,5,1,1,0,6,1,7
70201,WARNES,desnutricion aguda,desnutricion grave (g),2007-03-01,2,0,2,1,4,1,5
60301,YACUIBA,desnutricion aguda,desnutricion grave (g),2007-03-01,0,2,1,0,1,2,3
10602,YAMPARAEZ,desnutricion aguda,desnutricion grave (g),2007-03-01,2,0,3,1,5,1,6
70403,YAPACANI,desnutricion aguda,desnutricion grave (g),2007-03-01,4,1,0,0,4,1,5
50103,YOCALLA,desnutricion aguda,desnutricion grave (g),2007-03-01,0,0,0,1,0,1,1
10102,YOTALA,desnutricion aguda,desnutricion grave (g),2007-03-01,0,0,0,1,0,1,1
10301,ZUDAÑEZ,desnutricion aguda,desnutricion grave (g),2007-03-01,2,0,2,0,4,0,4
51302,ACACIO,desnutricion aguda,desnutricion grave (g),2007-04-01,4,3,4,0,8,3,11
30201,AIQUILE,desnutricion aguda,desnutricion grave (g),2007-04-01,1,3,2,2,3,5,8
10404,ALCALA,desnutricion aguda,desnutricion grave (g),2007-04-01,0,1,0,0,0,1,1
41201,ANDAMARCA,desnutricion aguda,desnutricion grave (g),2007-04-01,1,0,0,0,1,0,1
51301,ARAMPAMPA,desnutricion aguda,desnutricion grave (g),2007-04-01,4,3,2,6,6,9,15
30403,ARBIETO,desnutricion aguda,desnutricion grave (g),2007-04-01,1,0,0,0,1,0,1
30601,ARQUE,desnutricion aguda,desnutricion grave (g),2007-04-01,2,1,0,0,2,1,3
71501,ASCENCION DE GUARAYOS,desnutricion aguda,desnutricion grave (g),2007-04-01,6,1,1,5,7,6,13
50802,ATOCHA,desnutricion aguda,desnutricion grave (g),2007-04-01,0,1,0,0,0,1,1
30301,AYOPAYA (V. DE INDEPENDENCIA),desnutricion aguda,desnutricion grave (g),2007-04-01,4,2,2,2,6,4,10
10201,AZURDUY,desnutricion aguda,desnutricion grave (g),2007-04-01,3,2,3,9,6,11,17
90104,BELLA FLOR,desnutricion aguda,desnutricion grave (g),2007-04-01,1,1,0,0,1,1,2
60202,BERMEJO,desnutricion aguda,desnutricion grave (g),2007-04-01,1,1,0,0,1,1,2
50301,BETANZOS,desnutricion aguda,desnutricion grave (g),2007-04-01,7,10,4,2,11,12,23
70707,BOYUIBE,desnutricion aguda,desnutricion grave (g),2007-04-01,1,0,0,0,1,0,1
70703,CABEZAS,desnutricion aguda,desnutricion grave (g),2007-04-01,0,1,1,1,1,2,3
51102,"CAIZA ""D""",desnutricion aguda,desnutricion grave (g),2007-04-01,0,1,0,0,0,1,1
21003,CAJUATA,desnutricion aguda,desnutricion grave (g),2007-04-01,1,0,0,0,1,0,1
10701,CAMARGO,desnutricion aguda,desnutricion grave (g),2007-04-01,2,2,0,3,2,5,7
10901,CAMATAQUI (C. VILLA ABECIA),desnutricion aguda,desnutricion grave (g),2007-04-01,0,0,0,1,0,1,1
70706,CAMIRI,desnutricion aguda,desnutricion grave (g),2007-04-01,2,1,0,0,2,1,3
30701,CAPINOTA,desnutricion aguda,desnutricion grave (g),2007-04-01,7,3,10,1,17,4,21
50702,CARIPUYO,desnutricion aguda,desnutricion grave (g),2007-04-01,2,2,4,2,6,4,10
71403,CARMEN RIVERO TORREZ,desnutricion aguda,desnutricion grave (g),2007-04-01,1,0,0,0,1,0,1
40201,CHALLAPATA,desnutricion aguda,desnutricion grave (g),2007-04-01,0,1,1,0,1,1,2
50302,CHAQUI,desnutricion aguda,desnutricion grave (g),2007-04-01,1,0,1,1,2,1,3
50202,CHAYANTA,desnutricion aguda,desnutricion grave (g),2007-04-01,0,1,0,1,0,2,2
31204,CHIMORE,desnutricion aguda,desnutricion grave (g),2007-04-01,0,0,0,1,0,1,1
90101,COBIJA,desnutricion aguda,desnutricion grave (g),2007-04-01,1,0,1,0,2,0,2
30101,COCHABAMBA,desnutricion aguda,desnutricion grave (g),2007-04-01,11,9,1,1,12,10,22
30905,COLCAPIRHUA,desnutricion aguda,desnutricion grave (g),2007-04-01,0,2,0,0,0,2,2
50901,"COLCHA ""K""",desnutricion aguda,desnutricion grave (g),2007-04-01,0,0,1,0,1,0,1
31002,COLOMI,desnutricion aguda,desnutricion grave (g),2007-04-01,3,0,0,2,3,2,5
50401,COLQUECHACA,desnutricion aguda,desnutricion grave (g),2007-04-01,1,4,2,8,3,12,15
71101,CONCEPCION,desnutricion aguda,desnutricion grave (g),2007-04-01,1,1,0,0,1,1,2
50601,COTAGAITA,desnutricion aguda,desnutricion grave (g),2007-04-01,2,7,1,2,3,9,12
70102,COTOCA,desnutricion aguda,desnutricion grave (g),2007-04-01,0,4,0,0,0,4,4
70704,CUEVO,desnutricion aguda,desnutricion grave (g),2007-04-01,2,0,0,0,2,0,2
10902,CULPINA,desnutricion aguda,desnutricion grave (g),2007-04-01,2,2,1,0,3,2,5
71503,EL PUENTE(STC),desnutricion aguda,desnutricion grave (g),2007-04-01,1,0,0,0,1,0,1
70105,EL TORNO,desnutricion aguda,desnutricion grave (g),2007-04-01,0,1,0,0,0,1,1
10405,EL VILLAR,desnutricion aguda,desnutricion grave (g),2007-04-01,0,1,0,0,0,1,1
60601,ENTRE RIOS,desnutricion aguda,desnutricion grave (g),2007-04-01,5,1,0,0,5,1,6
60601,ENTRE RIOS,desnutricion aguda,desnutricion grave (g),2007-04-01,0,0,0,1,0,1,1
80402,EXALTACION,desnutricion aguda,desnutricion grave (g),2007-04-01,1,0,0,0,1,0,1
71004,FERNANDEZ ALONSO,desnutricion aguda,desnutricion grave (g),2007-04-01,1,0,1,0,2,0,2
71002,GENERAL SAAVEDRA,desnutricion aguda,desnutricion grave (g),2007-04-01,1,0,0,0,1,0,1
80202,GUAYARAMERIN,desnutricion aguda,desnutricion grave (g),2007-04-01,1,0,0,0,1,0,1
70705,GUTIERREZ,desnutricion aguda,desnutricion grave (g),2007-04-01,0,1,0,0,0,1,1
10502,HUACARETA,desnutricion aguda,desnutricion grave (g),2007-04-01,1,0,0,2,1,2,3
21005,ICHOCA,desnutricion aguda,desnutricion grave (g),2007-04-01,2,0,0,0,2,0,2
10304,ICLA,desnutricion aguda,desnutricion grave (g),2007-04-01,3,11,13,1,16,12,28
10703,INCAHUASI,desnutricion aguda,desnutricion grave (g),2007-04-01,3,3,1,3,4,6,10
21001,INQUISIVI,desnutricion aguda,desnutricion grave (g),2007-04-01,6,0,0,0,6,0,6
70701,LAGUNILLAS,desnutricion aguda,desnutricion grave (g),2007-04-01,0,0,0,1,0,1,1
50203,LLALLAGUA,desnutricion aguda,desnutricion grave (g),2007-04-01,2,1,2,5,4,6,10
51401,LLICA,desnutricion aguda,desnutricion grave (g),2007-04-01,1,1,0,0,1,1,2
11003,MACHARETI,desnutricion aguda,desnutricion grave (g),2007-04-01,0,1,0,0,0,1,1
80801,MAGDALENA,desnutricion aguda,desnutricion grave (g),2007-04-01,0,0,0,1,0,1,1
71003,MINEROS,desnutricion aguda,desnutricion grave (g),2007-04-01,1,3,0,0,1,3,4
31301,MIZQUE,desnutricion aguda,desnutricion grave (g),2007-04-01,1,5,0,4,1,9,10
10303,MOJOCOYA,desnutricion aguda,desnutricion grave (g),2007-04-01,0,1,0,0,0,1,1
10501,MONTEAGUDO,desnutricion aguda,desnutricion grave (g),2007-04-01,1,2,3,2,4,4,8
71001,MONTERO,desnutricion aguda,desnutricion grave (g),2007-04-01,2,9,0,3,2,12,14
30302,MOROCHATA,desnutricion aguda,desnutricion grave (g),2007-04-01,0,1,1,1,1,2,3
50404,OCURI,desnutricion aguda,desnutricion grave (g),2007-04-01,1,1,0,1,1,2,3
70202,OKINAWA,desnutricion aguda,desnutricion grave (g),2007-04-01,2,0,0,0,2,0,2
40101,ORURO,desnutricion aguda,desnutricion grave (g),2007-04-01,2,1,2,1,4,2,6
60201,PADCAYA,desnutricion aguda,desnutricion grave (g),2007-04-01,0,0,1,0,1,0,1
10401,PADILLA,desnutricion aguda,desnutricion grave (g),2007-04-01,0,0,2,5,2,5,7
30202,PASORAPA,desnutricion aguda,desnutricion grave (g),2007-04-01,1,0,1,0,2,0,2
50403,POCOATA,desnutricion aguda,desnutricion grave (g),2007-04-01,1,2,0,2,1,4,5
31202,POJO (CBBA),desnutricion aguda,desnutricion grave (g),2007-04-01,0,1,0,0,0,1,1
40601,POOPO,desnutricion aguda,desnutricion grave (g),2007-04-01,0,0,1,0,1,0,1
51203,PORCO,desnutricion aguda,desnutricion grave (g),2007-04-01,0,0,1,0,1,0,1
10103,POROMA,desnutricion aguda,desnutricion grave (g),2007-04-01,6,11,12,4,18,15,33
70103,PORONGO,desnutricion aguda,desnutricion grave (g),2007-04-01,1,0,0,0,1,0,1
90102,PORVENIR,desnutricion aguda,desnutricion grave (g),2007-04-01,1,1,0,0,1,1,2
50101,POTOSI,desnutricion aguda,desnutricion grave (g),2007-04-01,8,8,3,4,11,12,23
10302,PRESTO,desnutricion aguda,desnutricion grave (g),2007-04-01,4,1,3,3,7,4,11
90301,PUERTO GONZALO MORENO,desnutricion aguda,desnutricion grave (g),2007-04-01,1,1,0,0,1,1,2
71402,PUERTO QUIJARRO,desnutricion aguda,desnutricion grave (g),2007-04-01,2,0,0,1,2,1,3
31205,PUERTO VILLARROEL,desnutricion aguda,desnutricion grave (g),2007-04-01,17,11,5,0,22,11,33
51101,PUNA,desnutricion aguda,desnutricion grave (g),2007-04-01,2,2,0,0,2,2,4
31401,PUNATA,desnutricion aguda,desnutricion grave (g),2007-04-01,0,0,1,0,1,0,1
30901,QUILLACOLLO,desnutricion aguda,desnutricion grave (g),2007-04-01,2,2,1,2,3,4,7
50402,RAVELO,desnutricion aguda,desnutricion grave (g),2007-04-01,4,7,1,5,5,12,17
80201,RIBERALTA,desnutricion aguda,desnutricion grave (g),2007-04-01,14,16,0,6,14,22,36
80304,RURRENABAQUE,desnutricion aguda,desnutricion grave (g),2007-04-01,1,0,0,0,1,0,1
31001,SACABA,desnutricion aguda,desnutricion grave (g),2007-04-01,6,1,0,3,6,4,10
50701,SACACA,desnutricion aguda,desnutricion grave (g),2007-04-01,5,2,2,3,7,5,12
31403,SAN BENITO,desnutricion aguda,desnutricion grave (g),2007-04-01,0,1,0,2,0,3,3
80302,SAN BORJA,desnutricion aguda,desnutricion grave (g),2007-04-01,4,1,2,0,6,1,7
70402,SAN CARLOS,desnutricion aguda,desnutricion grave (g),2007-04-01,5,1,0,0,5,1,6
80501,SAN IGNACIO,desnutricion aguda,desnutricion grave (g),2007-04-01,0,1,1,0,1,1,2
70301,SAN IGNACIO DE VELASCO,desnutricion aguda,desnutricion grave (g),2007-04-01,2,8,1,5,3,13,16
70501,SAN JOSE DE CHIQUITOS,desnutricion aguda,desnutricion grave (g),2007-04-01,0,2,0,0,0,2,2
71104,SAN JULIAN,desnutricion aguda,desnutricion grave (g),2007-04-01,0,1,0,0,0,1,1
60501,SAN LORENZO(TJA),desnutricion aguda,desnutricion grave (g),2007-04-01,0,1,0,0,0,1,1
10702,SAN LUCAS,desnutricion aguda,desnutricion grave (g),2007-04-01,13,6,3,3,16,9,25
51001,SAN PABLO DE LIPEZ,desnutricion aguda,desnutricion grave (g),2007-04-01,0,1,0,0,0,1,1
71005,SAN PEDRO,desnutricion aguda,desnutricion grave (g),2007-04-01,1,1,0,0,1,1,2
90202,SAN PEDRO(PND),desnutricion aguda,desnutricion grave (g),2007-04-01,1,0,0,0,1,0,1
80702,SAN RAMON,desnutricion aguda,desnutricion grave (g),2007-04-01,0,1,1,0,1,1,2
80401,SANTA ANA,desnutricion aguda,desnutricion grave (g),2007-04-01,0,1,0,0,0,1,1
70101,SANTA CRUZ DE LA SIERRA,desnutricion aguda,desnutricion grave (g),2007-04-01,20,15,12,6,32,21,53
70602,SANTA ROSA DEL SARA,desnutricion aguda,desnutricion grave (g),2007-04-01,0,0,0,1,0,1,1
30902,SIPE SIPE,desnutricion aguda,desnutricion grave (g),2007-04-01,4,4,1,0,5,4,9
10403,SOPACHUY,desnutricion aguda,desnutricion grave (g),2007-04-01,4,5,1,2,5,7,12
40104,SORACACHI,desnutricion aguda,desnutricion grave (g),2007-04-01,1,1,0,0,1,1,2
10101,SUCRE,desnutricion aguda,desnutricion grave (g),2007-04-01,10,2,2,6,12,8,20
50303,TACOBAMBA,desnutricion aguda,desnutricion grave (g),2007-04-01,3,6,1,4,4,10,14
30602,TACOPAYA,desnutricion aguda,desnutricion grave (g),2007-04-01,0,3,0,1,0,4,4
31101,TAPACARI,desnutricion aguda,desnutricion grave (g),2007-04-01,14,3,1,1,15,4,19
10601,TARABUCO,desnutricion aguda,desnutricion grave (g),2007-04-01,17,6,4,2,21,8,29
60101,TARIJA,desnutricion aguda,desnutricion grave (g),2007-04-01,3,0,2,3,5,3,8
10202,TARVITA,desnutricion aguda,desnutricion grave (g),2007-04-01,2,4,2,2,4,6,10
50102,TINGUIPAYA,desnutricion aguda,desnutricion grave (g),2007-04-01,7,6,1,2,8,8,16
31601,TIRAQUE (CBBA),desnutricion aguda,desnutricion grave (g),2007-04-01,3,3,1,0,4,3,7
51202,TOMAVE,desnutricion aguda,desnutricion grave (g),2007-04-01,1,2,0,0,1,2,3
10402,TOMINA,desnutricion aguda,desnutricion grave (g),2007-04-01,5,2,0,1,5,3,8
50502,TORO TORO,desnutricion aguda,desnutricion grave (g),2007-04-01,1,0,1,2,2,2,4
41301,TOTORA(ORR),desnutricion aguda,desnutricion grave (g),2007-04-01,0,1,0,0,0,1,1
80101,TRINIDAD,desnutricion aguda,desnutricion grave (g),2007-04-01,2,0,0,0,2,0,2
50801,TUPIZA,desnutricion aguda,desnutricion grave (g),2007-04-01,1,0,2,0,3,0,3
50201,UNCIA,desnutricion aguda,desnutricion grave (g),2007-04-01,2,1,0,1,2,2,4
71502,URUBICHA,desnutricion aguda,desnutricion grave (g),2007-04-01,0,1,2,1,2,2,4
51201,UYUNI,desnutricion aguda,desnutricion grave (g),2007-04-01,0,1,0,0,0,1,1
30502,VACAS,desnutricion aguda,desnutricion grave (g),2007-04-01,2,0,0,0,2,0,2
70801,VALLEGRANDE,desnutricion aguda,desnutricion grave (g),2007-04-01,1,2,0,0,1,2,3
31302,VILA VILA,desnutricion aguda,desnutricion grave (g),2007-04-01,1,1,1,0,2,1,3
60303,VILLA MONTES,desnutricion aguda,desnutricion grave (g),2007-04-01,1,1,1,1,2,2,4
90502,VILLA NUEVA (LOMA ALTA),desnutricion aguda,desnutricion grave (g),2007-04-01,0,2,0,1,0,3,3
10801,VILLA SERRANO,desnutricion aguda,desnutricion grave (g),2007-04-01,0,0,4,1,4,1,5
31003,VILLA TUNARI,desnutricion aguda,desnutricion grave (g),2007-04-01,2,6,2,2,4,8,12
51501,VILLAZON,desnutricion aguda,desnutricion grave (g),2007-04-01,1,1,0,0,1,1,2
50602,VITICHI,desnutricion aguda,desnutricion grave (g),2007-04-01,4,2,1,1,5,3,8
70201,WARNES,desnutricion aguda,desnutricion grave (g),2007-04-01,0,1,0,1,0,2,2
60301,YACUIBA,desnutricion aguda,desnutricion grave (g),2007-04-01,2,4,0,0,2,4,6
10602,YAMPARAEZ,desnutricion aguda,desnutricion grave (g),2007-04-01,0,0,2,3,2,3,5
70403,YAPACANI,desnutricion aguda,desnutricion grave (g),2007-04-01,1,2,0,0,1,2,3
10102,YOTALA,desnutricion aguda,desnutricion grave (g),2007-04-01,0,1,1,0,1,1,2
60402,YUNCHARA,desnutricion aguda,desnutricion grave (g),2007-04-01,0,0,2,0,2,0,2
10301,ZUDAÑEZ,desnutricion aguda,desnutricion grave (g),2007-04-01,2,1,1,2,3,3,6
51302,ACACIO,desnutricion aguda,desnutricion grave (g),2007-05-01,1,1,0,1,1,2,3
30201,AIQUILE,desnutricion aguda,desnutricion grave (g),2007-05-01,3,4,2,2,5,6,11
10404,ALCALA,desnutricion aguda,desnutricion grave (g),2007-05-01,0,1,0,1,0,2,2
41201,ANDAMARCA,desnutricion aguda,desnutricion grave (g),2007-05-01,0,1,0,0,0,1,1
40603,ANTEQUERA,desnutricion aguda,desnutricion grave (g),2007-05-01,2,1,0,0,2,1,3
30402,ANZALDO,desnutricion aguda,desnutricion grave (g),2007-05-01,2,0,0,0,2,0,2
51301,ARAMPAMPA,desnutricion aguda,desnutricion grave (g),2007-05-01,5,2,2,3,7,5,12
30601,ARQUE,desnutricion aguda,desnutricion grave (g),2007-05-01,0,0,0,2,0,2,2
30301,AYOPAYA (V. DE INDEPENDENCIA),desnutricion aguda,desnutricion grave (g),2007-05-01,2,1,1,1,3,2,5
10201,AZURDUY,desnutricion aguda,desnutricion grave (g),2007-05-01,2,4,2,3,4,7,11
90104,BELLA FLOR,desnutricion aguda,desnutricion grave (g),2007-05-01,0,1,0,0,0,1,1
50301,BETANZOS,desnutricion aguda,desnutricion grave (g),2007-05-01,5,5,0,3,5,8,13
31501,BOLIVAR,desnutricion aguda,desnutricion grave (g),2007-05-01,3,1,3,3,6,4,10
70703,CABEZAS,desnutricion aguda,desnutricion grave (g),2007-05-01,0,1,0,0,0,1,1
51102,"CAIZA ""D""",desnutricion aguda,desnutricion grave (g),2007-05-01,1,1,0,0,1,1,2
10701,CAMARGO,desnutricion aguda,desnutricion grave (g),2007-05-01,1,1,2,2,3,3,6
10901,CAMATAQUI (C. VILLA ABECIA),desnutricion aguda,desnutricion grave (g),2007-05-01,0,0,0,1,0,1,1
70706,CAMIRI,desnutricion aguda,desnutricion grave (g),2007-05-01,2,1,1,1,3,2,5
30701,CAPINOTA,desnutricion aguda,desnutricion grave (g),2007-05-01,2,1,0,0,2,1,3
60302,CARAPARI,desnutricion aguda,desnutricion grave (g),2007-05-01,1,0,0,0,1,0,1
50702,CARIPUYO,desnutricion aguda,desnutricion grave (g),2007-05-01,2,1,0,1,2,2,4
40201,CHALLAPATA,desnutricion aguda,desnutricion grave (g),2007-05-01,0,0,1,0,1,0,1
50302,CHAQUI,desnutricion aguda,desnutricion grave (g),2007-05-01,1,0,0,0,1,0,1
70702,CHARAGUA,desnutricion aguda,desnutricion grave (g),2007-05-01,1,0,1,0,2,0,2
50202,CHAYANTA,desnutricion aguda,desnutricion grave (g),2007-05-01,0,1,0,2,0,3,3
31204,CHIMORE,desnutricion aguda,desnutricion grave (g),2007-05-01,1,4,1,5,2,9,11
40302,CHOQUE COTA,desnutricion aguda,desnutricion grave (g),2007-05-01,1,0,0,0,1,0,1
30101,COCHABAMBA,desnutricion aguda,desnutricion grave (g),2007-05-01,9,6,5,3,14,9,23
30905,COLCAPIRHUA,desnutricion aguda,desnutricion grave (g),2007-05-01,1,0,0,0,1,0,1
50901,"COLCHA ""K""",desnutricion aguda,desnutricion grave (g),2007-05-01,1,0,1,0,2,0,2
31002,COLOMI,desnutricion aguda,desnutricion grave (g),2007-05-01,2,2,1,0,3,2,5
50401,COLQUECHACA,desnutricion aguda,desnutricion grave (g),2007-05-01,3,4,2,1,5,5,10
71301,COMARAPA,desnutricion aguda,desnutricion grave (g),2007-05-01,0,2,0,0,0,2,2
50601,COTAGAITA,desnutricion aguda,desnutricion grave (g),2007-05-01,3,6,2,1,5,7,12
70102,COTOCA,desnutricion aguda,desnutricion grave (g),2007-05-01,0,1,0,0,0,1,1
70704,CUEVO,desnutricion aguda,desnutricion grave (g),2007-05-01,0,1,0,0,0,1,1
10902,CULPINA,desnutricion aguda,desnutricion grave (g),2007-05-01,4,3,0,1,4,4,8
71503,EL PUENTE(STC),desnutricion aguda,desnutricion grave (g),2007-05-01,0,1,0,0,0,1,1
70105,EL TORNO,desnutricion aguda,desnutricion grave (g),2007-05-01,2,0,0,0,2,0,2
10405,EL VILLAR,desnutricion aguda,desnutricion grave (g),2007-05-01,1,1,0,0,1,1,2
60601,ENTRE RIOS,desnutricion aguda,desnutricion grave (g),2007-05-01,0,2,1,0,1,2,3
60601,ENTRE RIOS,desnutricion aguda,desnutricion grave (g),2007-05-01,0,1,0,3,0,4,4
80202,GUAYARAMERIN,desnutricion aguda,desnutricion grave (g),2007-05-01,1,1,1,0,2,1,3
70705,GUTIERREZ,desnutricion aguda,desnutricion grave (g),2007-05-01,1,3,0,0,1,3,4
21005,ICHOCA,desnutricion aguda,desnutricion grave (g),2007-05-01,0,1,0,0,0,1,1
10304,ICLA,desnutricion aguda,desnutricion grave (g),2007-05-01,3,2,0,0,3,2,5
10703,INCAHUASI,desnutricion aguda,desnutricion grave (g),2007-05-01,4,2,0,2,4,4,8
21001,INQUISIVI,desnutricion aguda,desnutricion grave (g),2007-05-01,0,1,0,0,0,1,1
70104,LA GUARDIA,desnutricion aguda,desnutricion grave (g),2007-05-01,1,2,0,1,1,3,4
41501,LA RIVERA,desnutricion aguda,desnutricion grave (g),2007-05-01,0,1,0,0,0,1,1
50203,LLALLAGUA,desnutricion aguda,desnutricion grave (g),2007-05-01,3,3,4,2,7,5,12
80801,MAGDALENA,desnutricion aguda,desnutricion grave (g),2007-05-01,1,0,0,0,1,0,1
70903,MAIRANA,desnutricion aguda,desnutricion grave (g),2007-05-01,1,0,0,0,1,0,1
71003,MINEROS,desnutricion aguda,desnutricion grave (g),2007-05-01,1,0,0,0,1,0,1
31301,MIZQUE,desnutricion aguda,desnutricion grave (g),2007-05-01,0,2,0,1,0,3,3
10501,MONTEAGUDO,desnutricion aguda,desnutricion grave (g),2007-05-01,2,1,2,2,4,3,7
71001,MONTERO,desnutricion aguda,desnutricion grave (g),2007-05-01,4,7,0,2,4,9,13
30302,MOROCHATA,desnutricion aguda,desnutricion grave (g),2007-05-01,1,2,0,1,1,3,4
50404,OCURI,desnutricion aguda,desnutricion grave (g),2007-05-01,2,2,0,3,2,5,7
70202,OKINAWA,desnutricion aguda,desnutricion grave (g),2007-05-01,1,0,0,0,1,0,1
40101,ORURO,desnutricion aguda,desnutricion grave (g),2007-05-01,8,4,10,1,18,5,23
10401,PADILLA,desnutricion aguda,desnutricion grave (g),2007-05-01,1,1,2,1,3,2,5
70502,PAILON,desnutricion aguda,desnutricion grave (g),2007-05-01,1,0,0,0,1,0,1
40602,PAZÑA,desnutricion aguda,desnutricion grave (g),2007-05-01,0,1,0,0,0,1,1
50403,POCOATA,desnutricion aguda,desnutricion grave (g),2007-05-01,1,2,0,4,1,6,7
31203,POCONA,desnutricion aguda,desnutricion grave (g),2007-05-01,0,3,2,0,2,3,5
51203,PORCO,desnutricion aguda,desnutricion grave (g),2007-05-01,2,0,1,1,3,1,4
10103,POROMA,desnutricion aguda,desnutricion grave (g),2007-05-01,3,6,1,4,4,10,14
50101,POTOSI,desnutricion aguda,desnutricion grave (g),2007-05-01,11,10,5,3,16,13,29
10302,PRESTO,desnutricion aguda,desnutricion grave (g),2007-05-01,2,1,0,1,2,2,4
71402,PUERTO QUIJARRO,desnutricion aguda,desnutricion grave (g),2007-05-01,0,1,0,0,0,1,1
90201,PUERTO RICO,desnutricion aguda,desnutricion grave (g),2007-05-01,0,1,0,0,0,1,1
71401,PUERTO SUAREZ,desnutricion aguda,desnutricion grave (g),2007-05-01,1,1,0,0,1,1,2
31205,PUERTO VILLARROEL,desnutricion aguda,desnutricion grave (g),2007-05-01,21,9,7,8,28,17,45
51101,PUNA,desnutricion aguda,desnutricion grave (g),2007-05-01,8,8,1,3,9,11,20
30901,QUILLACOLLO,desnutricion aguda,desnutricion grave (g),2007-05-01,0,0,0,2,0,2,2
50402,RAVELO,desnutricion aguda,desnutricion grave (g),2007-05-01,7,7,1,6,8,13,21
80201,RIBERALTA,desnutricion aguda,desnutricion grave (g),2007-05-01,9,22,4,2,13,24,37
80304,RURRENABAQUE,desnutricion aguda,desnutricion grave (g),2007-05-01,2,0,0,0,2,0,2
31001,SACABA,desnutricion aguda,desnutricion grave (g),2007-05-01,3,3,1,1,4,4,8
30404,SACABAMBA,desnutricion aguda,desnutricion grave (g),2007-05-01,0,1,0,0,0,1,1
50701,SACACA,desnutricion aguda,desnutricion grave (g),2007-05-01,5,2,0,0,5,2,7
70901,SAMAIPATA,desnutricion aguda,desnutricion grave (g),2007-05-01,0,0,0,1,0,1,1
31403,SAN BENITO,desnutricion aguda,desnutricion grave (g),2007-05-01,0,0,1,0,1,0,1
80302,SAN BORJA,desnutricion aguda,desnutricion grave (g),2007-05-01,1,1,4,2,5,3,8
70402,SAN CARLOS,desnutricion aguda,desnutricion grave (g),2007-05-01,3,2,2,0,5,2,7
80501,SAN IGNACIO,desnutricion aguda,desnutricion grave (g),2007-05-01,2,8,1,0,3,8,11
70301,SAN IGNACIO DE VELASCO,desnutricion aguda,desnutricion grave (g),2007-05-01,4,4,1,4,5,8,13
70501,SAN JOSE DE CHIQUITOS,desnutricion aguda,desnutricion grave (g),2007-05-01,0,1,1,1,1,2,3
71104,SAN JULIAN,desnutricion aguda,desnutricion grave (g),2007-05-01,0,0,1,1,1,1,2
60501,SAN LORENZO(TJA),desnutricion aguda,desnutricion grave (g),2007-05-01,0,3,0,0,0,3,3
10702,SAN LUCAS,desnutricion aguda,desnutricion grave (g),2007-05-01,8,5,4,3,12,8,20
71201,SAN MATIAS,desnutricion aguda,desnutricion grave (g),2007-05-01,1,0,0,0,1,0,1
51001,SAN PABLO DE LIPEZ,desnutricion aguda,desnutricion grave (g),2007-05-01,0,2,0,0,0,2,2
71005,SAN PEDRO,desnutricion aguda,desnutricion grave (g),2007-05-01,0,1,0,0,0,1,1
50501,SAN PEDRO DE BUENA VISTA,desnutricion aguda,desnutricion grave (g),2007-05-01,0,1,0,1,0,2,2
90202,SAN PEDRO(PND),desnutricion aguda,desnutricion grave (g),2007-05-01,1,0,0,1,1,1,2
80702,SAN RAMON,desnutricion aguda,desnutricion grave (g),2007-05-01,1,2,0,0,1,2,3
80401,SANTA ANA,desnutricion aguda,desnutricion grave (g),2007-05-01,1,1,1,1,2,2,4
70101,SANTA CRUZ DE LA SIERRA,desnutricion aguda,desnutricion grave (g),2007-05-01,7,6,3,2,10,8,18
80303,SANTA ROSA,desnutricion aguda,desnutricion grave (g),2007-05-01,1,1,0,2,1,3,4
70602,SANTA ROSA DEL SARA,desnutricion aguda,desnutricion grave (g),2007-05-01,0,2,1,1,1,3,4
30702,SANTIVAÑES,desnutricion aguda,desnutricion grave (g),2007-05-01,0,0,0,1,0,1,1
40202,SANTUARIO DE QUILLACAS,desnutricion aguda,desnutricion grave (g),2007-05-01,1,0,1,1,2,1,3
90303,SENA,desnutricion aguda,desnutricion grave (g),2007-05-01,1,0,0,0,1,0,1
30902,SIPE SIPE,desnutricion aguda,desnutricion grave (g),2007-05-01,2,5,2,1,4,6,10
10403,SOPACHUY,desnutricion aguda,desnutricion grave (g),2007-05-01,2,5,0,0,2,5,7
40104,SORACACHI,desnutricion aguda,desnutricion grave (g),2007-05-01,0,2,0,0,0,2,2
10101,SUCRE,desnutricion aguda,desnutricion grave (g),2007-05-01,6,7,3,5,9,12,21
50303,TACOBAMBA,desnutricion aguda,desnutricion grave (g),2007-05-01,3,4,0,0,3,4,7
30602,TACOPAYA,desnutricion aguda,desnutricion grave (g),2007-05-01,1,0,0,1,1,1,2
31101,TAPACARI,desnutricion aguda,desnutricion grave (g),2007-05-01,3,4,0,1,3,5,8
10601,TARABUCO,desnutricion aguda,desnutricion grave (g),2007-05-01,12,9,3,4,15,13,28
30401,TARATA,desnutricion aguda,desnutricion grave (g),2007-05-01,1,0,0,0,1,0,1
60101,TARIJA,desnutricion aguda,desnutricion grave (g),2007-05-01,4,3,1,2,5,5,10
10202,TARVITA,desnutricion aguda,desnutricion grave (g),2007-05-01,5,2,0,2,5,4,9
50102,TINGUIPAYA,desnutricion aguda,desnutricion grave (g),2007-05-01,4,2,3,2,7,4,11
31601,TIRAQUE (CBBA),desnutricion aguda,desnutricion grave (g),2007-05-01,3,0,0,3,3,3,6
51202,TOMAVE,desnutricion aguda,desnutricion grave (g),2007-05-01,0,3,1,1,1,4,5
10402,TOMINA,desnutricion aguda,desnutricion grave (g),2007-05-01,4,1,1,1,5,2,7
50502,TORO TORO,desnutricion aguda,desnutricion grave (g),2007-05-01,2,2,1,1,3,3,6
31201,TOTORA(CBBA),desnutricion aguda,desnutricion grave (g),2007-05-01,2,2,0,1,2,3,5
41301,TOTORA(ORR),desnutricion aguda,desnutricion grave (g),2007-05-01,0,0,0,1,0,1,1
80101,TRINIDAD,desnutricion aguda,desnutricion grave (g),2007-05-01,4,1,1,1,5,2,7
50801,TUPIZA,desnutricion aguda,desnutricion grave (g),2007-05-01,3,2,1,0,4,2,6
50201,UNCIA,desnutricion aguda,desnutricion grave (g),2007-05-01,2,1,0,0,2,1,3
60401,URIONDO (A. CONCEPCION),desnutricion aguda,desnutricion grave (g),2007-05-01,1,0,0,0,1,0,1
71502,URUBICHA,desnutricion aguda,desnutricion grave (g),2007-05-01,3,2,2,0,5,2,7
30502,VACAS,desnutricion aguda,desnutricion grave (g),2007-05-01,0,0,0,1,0,1,1
70801,VALLEGRANDE,desnutricion aguda,desnutricion grave (g),2007-05-01,0,0,0,1,0,1,1
31302,VILA VILA,desnutricion aguda,desnutricion grave (g),2007-05-01,0,2,0,0,0,2,2
60303,VILLA MONTES,desnutricion aguda,desnutricion grave (g),2007-05-01,2,0,0,0,2,0,2
90502,VILLA NUEVA (LOMA ALTA),desnutricion aguda,desnutricion grave (g),2007-05-01,0,2,1,0,1,2,3
31402,VILLA RIVERO,desnutricion aguda,desnutricion grave (g),2007-05-01,0,1,0,0,0,1,1
10801,VILLA SERRANO,desnutricion aguda,desnutricion grave (g),2007-05-01,1,1,1,0,2,1,3
31003,VILLA TUNARI,desnutricion aguda,desnutricion grave (g),2007-05-01,5,4,0,0,5,4,9
50602,VITICHI,desnutricion aguda,desnutricion grave (g),2007-05-01,3,2,0,3,3,5,8
70201,WARNES,desnutricion aguda,desnutricion grave (g),2007-05-01,2,2,0,0,2,2,4
60301,YACUIBA,desnutricion aguda,desnutricion grave (g),2007-05-01,1,1,0,0,1,1,2
10602,YAMPARAEZ,desnutricion aguda,desnutricion grave (g),2007-05-01,1,0,2,1,3,1,4
70403,YAPACANI,desnutricion aguda,desnutricion grave (g),2007-05-01,0,2,1,0,1,2,3
10102,YOTALA,desnutricion aguda,desnutricion grave (g),2007-05-01,1,2,0,0,1,2,3
60402,YUNCHARA,desnutricion aguda,desnutricion grave (g),2007-05-01,2,0,0,0,2,0,2
10301,ZUDAÑEZ,desnutricion aguda,desnutricion grave (g),2007-05-01,1,0,4,0,5,0,5
51302,ACACIO,desnutricion aguda,desnutricion grave (g),2007-06-01,3,3,0,1,3,4,7
30201,AIQUILE,desnutricion aguda,desnutricion grave (g),2007-06-01,2,1,1,0,3,1,4
31303,ALALAY,desnutricion aguda,desnutricion grave (g),2007-06-01,1,1,0,3,1,4,5
41201,ANDAMARCA,desnutricion aguda,desnutricion grave (g),2007-06-01,1,0,0,0,1,0,1
30402,ANZALDO,desnutricion aguda,desnutricion grave (g),2007-06-01,1,0,0,1,1,1,2
51301,ARAMPAMPA,desnutricion aguda,desnutricion grave (g),2007-06-01,9,5,4,3,13,8,21
30501,ARANI,desnutricion aguda,desnutricion grave (g),2007-06-01,0,1,0,0,0,1,1
30403,ARBIETO,desnutricion aguda,desnutricion grave (g),2007-06-01,0,1,0,0,0,1,1
30601,ARQUE,desnutricion aguda,desnutricion grave (g),2007-06-01,2,0,0,1,2,1,3
71501,ASCENCION DE GUARAYOS,desnutricion aguda,desnutricion grave (g),2007-06-01,5,3,1,3,6,6,12
30301,AYOPAYA (V. DE INDEPENDENCIA),desnutricion aguda,desnutricion grave (g),2007-06-01,2,1,2,0,4,1,5
10201,AZURDUY,desnutricion aguda,desnutricion grave (g),2007-06-01,2,4,1,5,3,9,12
50104,BELEN DE URMIRI,desnutricion aguda,desnutricion grave (g),2007-06-01,0,1,0,0,0,1,1
50301,BETANZOS,desnutricion aguda,desnutricion grave (g),2007-06-01,10,12,0,2,10,14,24
31501,BOLIVAR,desnutricion aguda,desnutricion grave (g),2007-06-01,1,2,0,0,1,2,3
51102,"CAIZA ""D""",desnutricion aguda,desnutricion grave (g),2007-06-01,2,1,0,0,2,1,3
21003,CAJUATA,desnutricion aguda,desnutricion grave (g),2007-06-01,1,0,0,0,1,0,1
10701,CAMARGO,desnutricion aguda,desnutricion grave (g),2007-06-01,0,2,0,2,0,4,4
30701,CAPINOTA,desnutricion aguda,desnutricion grave (g),2007-06-01,3,3,0,0,3,3,6
40102,CARACOLLO,desnutricion aguda,desnutricion grave (g),2007-06-01,1,0,0,0,1,0,1
60302,CARAPARI,desnutricion aguda,desnutricion grave (g),2007-06-01,1,0,1,0,2,0,2
50702,CARIPUYO,desnutricion aguda,desnutricion grave (g),2007-06-01,3,5,0,0,3,5,8
40201,CHALLAPATA,desnutricion aguda,desnutricion grave (g),2007-06-01,4,0,1,0,5,0,5
50302,CHAQUI,desnutricion aguda,desnutricion grave (g),2007-06-01,2,0,1,1,3,1,4
50202,CHAYANTA,desnutricion aguda,desnutricion grave (g),2007-06-01,3,0,1,2,4,2,6
31204,CHIMORE,desnutricion aguda,desnutricion grave (g),2007-06-01,0,0,1,0,1,0,1
30101,COCHABAMBA,desnutricion aguda,desnutricion grave (g),2007-06-01,9,14,1,4,10,18,28
30905,COLCAPIRHUA,desnutricion aguda,desnutricion grave (g),2007-06-01,0,4,0,0,0,4,4
50901,"COLCHA ""K""",desnutricion aguda,desnutricion grave (g),2007-06-01,0,0,1,0,1,0,1
31002,COLOMI,desnutricion aguda,desnutricion grave (g),2007-06-01,3,1,1,0,4,1,5
70603,COLPA BELGICA,desnutricion aguda,desnutricion grave (g),2007-06-01,1,0,0,0,1,0,1
50401,COLQUECHACA,desnutricion aguda,desnutricion grave (g),2007-06-01,4,10,1,1,5,11,16
21004,COLQUIRI,desnutricion aguda,desnutricion grave (g),2007-06-01,0,3,0,0,0,3,3
71301,COMARAPA,desnutricion aguda,desnutricion grave (g),2007-06-01,0,1,1,0,1,1,2
71101,CONCEPCION,desnutricion aguda,desnutricion grave (g),2007-06-01,0,1,0,0,0,1,1
50601,COTAGAITA,desnutricion aguda,desnutricion grave (g),2007-06-01,4,6,1,4,5,10,15
70102,COTOCA,desnutricion aguda,desnutricion grave (g),2007-06-01,0,1,0,1,0,2,2
71106,CUATRO CAÑADAS,desnutricion aguda,desnutricion grave (g),2007-06-01,0,0,0,1,0,1,1
10902,CULPINA,desnutricion aguda,desnutricion grave (g),2007-06-01,3,4,0,4,3,8,11
71503,EL PUENTE(STC),desnutricion aguda,desnutricion grave (g),2007-06-01,0,1,0,1,0,2,2
70105,EL TORNO,desnutricion aguda,desnutricion grave (g),2007-06-01,3,0,1,0,4,0,4
10405,EL VILLAR,desnutricion aguda,desnutricion grave (g),2007-06-01,1,1,0,0,1,1,2
60601,ENTRE RIOS,desnutricion aguda,desnutricion grave (g),2007-06-01,0,0,4,0,4,0,4
60601,ENTRE RIOS,desnutricion aguda,desnutricion grave (g),2007-06-01,1,0,0,1,1,1,2
71002,GENERAL SAAVEDRA,desnutricion aguda,desnutricion grave (g),2007-06-01,0,1,0,0,0,1,1
80202,GUAYARAMERIN,desnutricion aguda,desnutricion grave (g),2007-06-01,2,2,0,1,2,3,5
70705,GUTIERREZ,desnutricion aguda,desnutricion grave (g),2007-06-01,2,4,0,2,2,6,8
10502,HUACARETA,desnutricion aguda,desnutricion grave (g),2007-06-01,0,0,0,1,0,1,1
11002,HUACAYA (VILLA DE HUACAYA),desnutricion aguda,desnutricion grave (g),2007-06-01,1,0,0,0,1,0,1
40701,HUANUNI,desnutricion aguda,desnutricion grave (g),2007-06-01,0,1,1,0,1,1,2
10304,ICLA,desnutricion aguda,desnutricion grave (g),2007-06-01,5,8,1,1,6,9,15
10703,INCAHUASI,desnutricion aguda,desnutricion grave (g),2007-06-01,3,3,0,1,3,4,7
21001,INQUISIVI,desnutricion aguda,desnutricion grave (g),2007-06-01,1,1,1,0,2,1,3
50203,LLALLAGUA,desnutricion aguda,desnutricion grave (g),2007-06-01,5,4,2,1,7,5,12
51401,LLICA,desnutricion aguda,desnutricion grave (g),2007-06-01,1,1,0,0,1,1,2
40702,MACHACAMARCA,desnutricion aguda,desnutricion grave (g),2007-06-01,1,0,0,0,1,0,1
11003,MACHARETI,desnutricion aguda,desnutricion grave (g),2007-06-01,1,0,1,0,2,0,2
31301,MIZQUE,desnutricion aguda,desnutricion grave (g),2007-06-01,0,3,0,0,0,3,3
10303,MOJOCOYA,desnutricion aguda,desnutricion grave (g),2007-06-01,0,0,0,1,0,1,1
10501,MONTEAGUDO,desnutricion aguda,desnutricion grave (g),2007-06-01,3,0,2,3,5,3,8
71001,MONTERO,desnutricion aguda,desnutricion grave (g),2007-06-01,3,3,1,1,4,4,8
30302,MOROCHATA,desnutricion aguda,desnutricion grave (g),2007-06-01,1,1,0,1,1,2,3
50404,OCURI,desnutricion aguda,desnutricion grave (g),2007-06-01,7,5,1,2,8,7,15
70202,OKINAWA,desnutricion aguda,desnutricion grave (g),2007-06-01,1,0,0,0,1,0,1
40101,ORURO,desnutricion aguda,desnutricion grave (g),2007-06-01,1,2,1,0,2,2,4
60201,PADCAYA,desnutricion aguda,desnutricion grave (g),2007-06-01,1,0,1,0,2,0,2
10401,PADILLA,desnutricion aguda,desnutricion grave (g),2007-06-01,1,0,1,1,2,1,3
40602,PAZÑA,desnutricion aguda,desnutricion grave (g),2007-06-01,1,1,0,0,1,1,2
50403,POCOATA,desnutricion aguda,desnutricion grave (g),2007-06-01,2,2,1,4,3,6,9
31203,POCONA,desnutricion aguda,desnutricion grave (g),2007-06-01,0,1,2,1,2,2,4
31202,POJO (CBBA),desnutricion aguda,desnutricion grave (g),2007-06-01,2,2,0,0,2,2,4
51203,PORCO,desnutricion aguda,desnutricion grave (g),2007-06-01,0,1,1,1,1,2,3
10103,POROMA,desnutricion aguda,desnutricion grave (g),2007-06-01,7,9,1,3,8,12,20
70601,PORTACHUELO,desnutricion aguda,desnutricion grave (g),2007-06-01,1,0,1,0,2,0,2
50101,POTOSI,desnutricion aguda,desnutricion grave (g),2007-06-01,9,9,2,4,11,13,24
10302,PRESTO,desnutricion aguda,desnutricion grave (g),2007-06-01,6,3,0,1,6,4,10
90301,PUERTO GONZALO MORENO,desnutricion aguda,desnutricion grave (g),2007-06-01,0,2,0,0,0,2,2
90201,PUERTO RICO,desnutricion aguda,desnutricion grave (g),2007-06-01,1,2,2,0,3,2,5
71401,PUERTO SUAREZ,desnutricion aguda,desnutricion grave (g),2007-06-01,0,1,0,0,0,1,1
31205,PUERTO VILLARROEL,desnutricion aguda,desnutricion grave (g),2007-06-01,4,8,3,2,7,10,17
51101,PUNA,desnutricion aguda,desnutricion grave (g),2007-06-01,3,6,3,2,6,8,14
31401,PUNATA,desnutricion aguda,desnutricion grave (g),2007-06-01,0,3,0,0,0,3,3
30901,QUILLACOLLO,desnutricion aguda,desnutricion grave (g),2007-06-01,3,1,0,1,3,2,5
21002,QUIME,desnutricion aguda,desnutricion grave (g),2007-06-01,2,3,0,0,2,3,5
50402,RAVELO,desnutricion aguda,desnutricion grave (g),2007-06-01,11,6,2,2,13,8,21
80201,RIBERALTA,desnutricion aguda,desnutricion grave (g),2007-06-01,13,28,5,2,18,30,48
70503,ROBORE,desnutricion aguda,desnutricion grave (g),2007-06-01,0,0,0,1,0,1,1
80304,RURRENABAQUE,desnutricion aguda,desnutricion grave (g),2007-06-01,1,0,1,0,2,0,2
31001,SACABA,desnutricion aguda,desnutricion grave (g),2007-06-01,2,3,0,3,2,6,8
50701,SACACA,desnutricion aguda,desnutricion grave (g),2007-06-01,7,5,3,6,10,11,21
71105,SAN ANTONIO DE LOMERIO,desnutricion aguda,desnutricion grave (g),2007-06-01,0,0,1,1,1,1,2
80302,SAN BORJA,desnutricion aguda,desnutricion grave (g),2007-06-01,3,3,0,2,3,5,8
70402,SAN CARLOS,desnutricion aguda,desnutricion grave (g),2007-06-01,1,1,0,0,1,1,2
80501,SAN IGNACIO,desnutricion aguda,desnutricion grave (g),2007-06-01,2,5,1,0,3,5,8
70301,SAN IGNACIO DE VELASCO,desnutricion aguda,desnutricion grave (g),2007-06-01,4,5,1,9,5,14,19
70501,SAN JOSE DE CHIQUITOS,desnutricion aguda,desnutricion grave (g),2007-06-01,0,0,0,2,0,2,2
71104,SAN JULIAN,desnutricion aguda,desnutricion grave (g),2007-06-01,0,0,1,0,1,0,1
90302,SAN LORENZO(PND),desnutricion aguda,desnutricion grave (g),2007-06-01,0,0,0,1,0,1,1
60501,SAN LORENZO(TJA),desnutricion aguda,desnutricion grave (g),2007-06-01,1,2,0,0,1,2,3
10702,SAN LUCAS,desnutricion aguda,desnutricion grave (g),2007-06-01,13,9,5,3,18,12,30
51001,SAN PABLO DE LIPEZ,desnutricion aguda,desnutricion grave (g),2007-06-01,0,1,0,0,0,1,1
50501,SAN PEDRO DE BUENA VISTA,desnutricion aguda,desnutricion grave (g),2007-06-01,6,5,1,1,7,6,13
90202,SAN PEDRO(PND),desnutricion aguda,desnutricion grave (g),2007-06-01,1,0,0,0,1,0,1
80702,SAN RAMON,desnutricion aguda,desnutricion grave (g),2007-06-01,1,1,0,0,1,1,2
80401,SANTA ANA,desnutricion aguda,desnutricion grave (g),2007-06-01,4,1,1,3,5,4,9
70101,SANTA CRUZ DE LA SIERRA,desnutricion aguda,desnutricion grave (g),2007-06-01,9,12,6,1,15,13,28
80303,SANTA ROSA,desnutricion aguda,desnutricion grave (g),2007-06-01,0,1,2,0,2,1,3
70602,SANTA ROSA DEL SARA,desnutricion aguda,desnutricion grave (g),2007-06-01,3,3,1,1,4,4,8
41401,SANTIAGO DE HUARI,desnutricion aguda,desnutricion grave (g),2007-06-01,0,0,0,1,0,1,1
30703,SICAYA,desnutricion aguda,desnutricion grave (g),2007-06-01,0,3,0,0,0,3,3
30902,SIPE SIPE,desnutricion aguda,desnutricion grave (g),2007-06-01,5,1,2,1,7,2,9
10403,SOPACHUY,desnutricion aguda,desnutricion grave (g),2007-06-01,1,3,0,1,1,4,5
40104,SORACACHI,desnutricion aguda,desnutricion grave (g),2007-06-01,2,2,1,0,3,2,5
10101,SUCRE,desnutricion aguda,desnutricion grave (g),2007-06-01,5,7,4,6,9,13,22
50303,TACOBAMBA,desnutricion aguda,desnutricion grave (g),2007-06-01,3,3,2,2,5,5,10
30602,TACOPAYA,desnutricion aguda,desnutricion grave (g),2007-06-01,0,2,1,1,1,3,4
31101,TAPACARI,desnutricion aguda,desnutricion grave (g),2007-06-01,10,7,2,1,12,8,20
10601,TARABUCO,desnutricion aguda,desnutricion grave (g),2007-06-01,11,13,0,2,11,15,26
30401,TARATA,desnutricion aguda,desnutricion grave (g),2007-06-01,2,0,0,0,2,0,2
60101,TARIJA,desnutricion aguda,desnutricion grave (g),2007-06-01,3,5,0,4,3,9,12
10202,TARVITA,desnutricion aguda,desnutricion grave (g),2007-06-01,2,1,1,0,3,1,4
50102,TINGUIPAYA,desnutricion aguda,desnutricion grave (g),2007-06-01,10,7,6,5,16,12,28
30903,TIQUIPAYA,desnutricion aguda,desnutricion grave (g),2007-06-01,1,0,0,0,1,0,1
31601,TIRAQUE (CBBA),desnutricion aguda,desnutricion grave (g),2007-06-01,3,3,0,2,3,5,8
30802,TOCO,desnutricion aguda,desnutricion grave (g),2007-06-01,0,1,0,0,0,1,1
30803,TOLATA,desnutricion aguda,desnutricion grave (g),2007-06-01,0,0,0,1,0,1,1
51202,TOMAVE,desnutricion aguda,desnutricion grave (g),2007-06-01,1,3,1,0,2,3,5
10402,TOMINA,desnutricion aguda,desnutricion grave (g),2007-06-01,5,3,2,5,7,8,15
50502,TORO TORO,desnutricion aguda,desnutricion grave (g),2007-06-01,3,4,2,3,5,7,12
31201,TOTORA(CBBA),desnutricion aguda,desnutricion grave (g),2007-06-01,1,0,1,0,2,0,2
41301,TOTORA(ORR),desnutricion aguda,desnutricion grave (g),2007-06-01,0,1,0,0,0,1,1
80101,TRINIDAD,desnutricion aguda,desnutricion grave (g),2007-06-01,8,2,0,3,8,5,13
50801,TUPIZA,desnutricion aguda,desnutricion grave (g),2007-06-01,3,0,0,1,3,1,4
40402,TURCO,desnutricion aguda,desnutricion grave (g),2007-06-01,0,0,1,1,1,1,2
50201,UNCIA,desnutricion aguda,desnutricion grave (g),2007-06-01,2,3,1,0,3,3,6
60401,URIONDO (A. CONCEPCION),desnutricion aguda,desnutricion grave (g),2007-06-01,1,0,0,0,1,0,1
71502,URUBICHA,desnutricion aguda,desnutricion grave (g),2007-06-01,1,1,3,1,4,2,6
51201,UYUNI,desnutricion aguda,desnutricion grave (g),2007-06-01,0,1,0,1,0,2,2
70801,VALLEGRANDE,desnutricion aguda,desnutricion grave (g),2007-06-01,0,1,0,0,0,1,1
20801,VIACHA,desnutricion aguda,desnutricion grave (g),2007-06-01,0,1,0,0,0,1,1
31302,VILA VILA,desnutricion aguda,desnutricion grave (g),2007-06-01,0,0,0,2,0,2,2
60303,VILLA MONTES,desnutricion aguda,desnutricion grave (g),2007-06-01,1,0,0,0,1,0,1
90502,VILLA NUEVA (LOMA ALTA),desnutricion aguda,desnutricion grave (g),2007-06-01,0,2,0,1,0,3,3
10801,VILLA SERRANO,desnutricion aguda,desnutricion grave (g),2007-06-01,0,0,1,1,1,1,2
31003,VILLA TUNARI,desnutricion aguda,desnutricion grave (g),2007-06-01,2,5,1,3,3,8,11
51501,VILLAZON,desnutricion aguda,desnutricion grave (g),2007-06-01,2,3,1,1,3,4,7
50602,VITICHI,desnutricion aguda,desnutricion grave (g),2007-06-01,3,6,1,2,4,8,12
70201,WARNES,desnutricion aguda,desnutricion grave (g),2007-06-01,0,1,0,0,0,1,1
60301,YACUIBA,desnutricion aguda,desnutricion grave (g),2007-06-01,2,0,1,1,3,1,4
10602,YAMPARAEZ,desnutricion aguda,desnutricion grave (g),2007-06-01,1,2,1,1,2,3,5
70403,YAPACANI,desnutricion aguda,desnutricion grave (g),2007-06-01,1,0,1,0,2,0,2
10102,YOTALA,desnutricion aguda,desnutricion grave (g),2007-06-01,0,1,1,0,1,1,2
10301,ZUDAÑEZ,desnutricion aguda,desnutricion grave (g),2007-06-01,2,0,0,3,2,3,5
51302,ACACIO,desnutricion aguda,desnutricion grave (g),2007-07-01,9,4,7,3,16,7,23
30201,AIQUILE,desnutricion aguda,desnutricion grave (g),2007-07-01,1,1,0,0,1,1,2
10404,ALCALA,desnutricion aguda,desnutricion grave (g),2007-07-01,1,2,0,2,1,4,5
30402,ANZALDO,desnutricion aguda,desnutricion grave (g),2007-07-01,1,0,0,0,1,0,1
51301,ARAMPAMPA,desnutricion aguda,desnutricion grave (g),2007-07-01,6,5,1,1,7,6,13
30501,ARANI,desnutricion aguda,desnutricion grave (g),2007-07-01,1,1,0,1,1,2,3
30403,ARBIETO,desnutricion aguda,desnutricion grave (g),2007-07-01,0,2,1,0,1,2,3
30601,ARQUE,desnutricion aguda,desnutricion grave (g),2007-07-01,1,1,1,0,2,1,3
30301,AYOPAYA (V. DE INDEPENDENCIA),desnutricion aguda,desnutricion grave (g),2007-07-01,0,1,1,1,1,2,3
10201,AZURDUY,desnutricion aguda,desnutricion grave (g),2007-07-01,1,3,1,2,2,5,7
41202,BELEN DE ANDAMARCA,desnutricion aguda,desnutricion grave (g),2007-07-01,1,0,0,0,1,0,1
90104,BELLA FLOR,desnutricion aguda,desnutricion grave (g),2007-07-01,1,0,0,0,1,0,1
50301,BETANZOS,desnutricion aguda,desnutricion grave (g),2007-07-01,3,15,2,2,5,17,22
31501,BOLIVAR,desnutricion aguda,desnutricion grave (g),2007-07-01,4,0,1,3,5,3,8
70703,CABEZAS,desnutricion aguda,desnutricion grave (g),2007-07-01,0,0,1,2,1,2,3
51102,"CAIZA ""D""",desnutricion aguda,desnutricion grave (g),2007-07-01,1,0,1,0,2,0,2
10701,CAMARGO,desnutricion aguda,desnutricion grave (g),2007-07-01,2,2,0,0,2,2,4
30701,CAPINOTA,desnutricion aguda,desnutricion grave (g),2007-07-01,1,0,1,1,2,1,3
50702,CARIPUYO,desnutricion aguda,desnutricion grave (g),2007-07-01,3,3,0,0,3,3,6
40201,CHALLAPATA,desnutricion aguda,desnutricion grave (g),2007-07-01,2,0,1,0,3,0,3
70702,CHARAGUA,desnutricion aguda,desnutricion grave (g),2007-07-01,1,0,0,0,1,0,1
50202,CHAYANTA,desnutricion aguda,desnutricion grave (g),2007-07-01,4,2,1,1,5,3,8
31204,CHIMORE,desnutricion aguda,desnutricion grave (g),2007-07-01,0,1,1,2,1,3,4
90101,COBIJA,desnutricion aguda,desnutricion grave (g),2007-07-01,1,1,0,0,1,1,2
30101,COCHABAMBA,desnutricion aguda,desnutricion grave (g),2007-07-01,5,4,8,2,13,6,19
30905,COLCAPIRHUA,desnutricion aguda,desnutricion grave (g),2007-07-01,1,0,0,0,1,0,1
50901,"COLCHA ""K""",desnutricion aguda,desnutricion grave (g),2007-07-01,0,1,0,0,0,1,1
31002,COLOMI,desnutricion aguda,desnutricion grave (g),2007-07-01,0,1,0,1,0,2,2
50401,COLQUECHACA,desnutricion aguda,desnutricion grave (g),2007-07-01,3,7,5,3,8,10,18
21004,COLQUIRI,desnutricion aguda,desnutricion grave (g),2007-07-01,0,1,0,0,0,1,1
71301,COMARAPA,desnutricion aguda,desnutricion grave (g),2007-07-01,2,0,0,1,2,1,3
50601,COTAGAITA,desnutricion aguda,desnutricion grave (g),2007-07-01,2,2,1,0,3,2,5
70704,CUEVO,desnutricion aguda,desnutricion grave (g),2007-07-01,1,0,0,0,1,0,1
10902,CULPINA,desnutricion aguda,desnutricion grave (g),2007-07-01,6,0,0,0,6,0,6
10405,EL VILLAR,desnutricion aguda,desnutricion grave (g),2007-07-01,1,1,0,1,1,2,3
60601,ENTRE RIOS,desnutricion aguda,desnutricion grave (g),2007-07-01,1,1,0,0,1,1,2
71002,GENERAL SAAVEDRA,desnutricion aguda,desnutricion grave (g),2007-07-01,0,0,0,1,0,1,1
80202,GUAYARAMERIN,desnutricion aguda,desnutricion grave (g),2007-07-01,2,2,0,0,2,2,4
70705,GUTIERREZ,desnutricion aguda,desnutricion grave (g),2007-07-01,4,3,2,1,6,4,10
10502,HUACARETA,desnutricion aguda,desnutricion grave (g),2007-07-01,0,1,0,0,0,1,1
40701,HUANUNI,desnutricion aguda,desnutricion grave (g),2007-07-01,0,2,0,1,0,3,3
10304,ICLA,desnutricion aguda,desnutricion grave (g),2007-07-01,2,2,0,0,2,2,4
10703,INCAHUASI,desnutricion aguda,desnutricion grave (g),2007-07-01,5,6,0,3,5,9,14
21001,INQUISIVI,desnutricion aguda,desnutricion grave (g),2007-07-01,1,0,0,0,1,0,1
70104,LA GUARDIA,desnutricion aguda,desnutricion grave (g),2007-07-01,0,3,0,1,0,4,4
41501,LA RIVERA,desnutricion aguda,desnutricion grave (g),2007-07-01,0,1,0,0,0,1,1
70701,LAGUNILLAS,desnutricion aguda,desnutricion grave (g),2007-07-01,0,1,0,0,0,1,1
50203,LLALLAGUA,desnutricion aguda,desnutricion grave (g),2007-07-01,2,2,1,1,3,3,6
11003,MACHARETI,desnutricion aguda,desnutricion grave (g),2007-07-01,0,1,1,0,1,1,2
71003,MINEROS,desnutricion aguda,desnutricion grave (g),2007-07-01,0,1,0,0,0,1,1
31301,MIZQUE,desnutricion aguda,desnutricion grave (g),2007-07-01,1,2,0,0,1,2,3
10501,MONTEAGUDO,desnutricion aguda,desnutricion grave (g),2007-07-01,3,1,2,2,5,3,8
71001,MONTERO,desnutricion aguda,desnutricion grave (g),2007-07-01,5,6,2,2,7,8,15
30302,MOROCHATA,desnutricion aguda,desnutricion grave (g),2007-07-01,5,1,1,0,6,1,7
50404,OCURI,desnutricion aguda,desnutricion grave (g),2007-07-01,3,4,0,0,3,4,7
40101,ORURO,desnutricion aguda,desnutricion grave (g),2007-07-01,2,3,0,1,2,4,6
60201,PADCAYA,desnutricion aguda,desnutricion grave (g),2007-07-01,1,0,0,0,1,0,1
10401,PADILLA,desnutricion aguda,desnutricion grave (g),2007-07-01,0,0,1,1,1,1,2
70502,PAILON,desnutricion aguda,desnutricion grave (g),2007-07-01,1,0,0,1,1,1,2
20102,PALCA,desnutricion aguda,desnutricion grave (g),2007-07-01,1,0,0,0,1,0,1
50403,POCOATA,desnutricion aguda,desnutricion grave (g),2007-07-01,3,3,1,1,4,4,8
31203,POCONA,desnutricion aguda,desnutricion grave (g),2007-07-01,0,1,0,0,0,1,1
31202,POJO (CBBA),desnutricion aguda,desnutricion grave (g),2007-07-01,1,0,1,0,2,0,2
51203,PORCO,desnutricion aguda,desnutricion grave (g),2007-07-01,1,0,0,0,1,0,1
10103,POROMA,desnutricion aguda,desnutricion grave (g),2007-07-01,4,11,3,3,7,14,21
70601,PORTACHUELO,desnutricion aguda,desnutricion grave (g),2007-07-01,1,0,1,0,2,0,2
50101,POTOSI,desnutricion aguda,desnutricion grave (g),2007-07-01,7,12,11,13,18,25,43
10302,PRESTO,desnutricion aguda,desnutricion grave (g),2007-07-01,11,3,0,0,11,3,14
90301,PUERTO GONZALO MORENO,desnutricion aguda,desnutricion grave (g),2007-07-01,3,0,2,0,5,0,5
90201,PUERTO RICO,desnutricion aguda,desnutricion grave (g),2007-07-01,2,0,0,0,2,0,2
80703,PUERTO SILES,desnutricion aguda,desnutricion grave (g),2007-07-01,1,0,0,0,1,0,1
71401,PUERTO SUAREZ,desnutricion aguda,desnutricion grave (g),2007-07-01,1,1,0,0,1,1,2
31205,PUERTO VILLARROEL,desnutricion aguda,desnutricion grave (g),2007-07-01,2,2,2,3,4,5,9
51101,PUNA,desnutricion aguda,desnutricion grave (g),2007-07-01,5,10,4,0,9,10,19
31401,PUNATA,desnutricion aguda,desnutricion grave (g),2007-07-01,1,0,0,0,1,0,1
30901,QUILLACOLLO,desnutricion aguda,desnutricion grave (g),2007-07-01,1,1,1,0,2,1,3
21002,QUIME,desnutricion aguda,desnutricion grave (g),2007-07-01,1,0,0,0,1,0,1
70904,QUIRUSILLAS,desnutricion aguda,desnutricion grave (g),2007-07-01,1,0,0,0,1,0,1
50402,RAVELO,desnutricion aguda,desnutricion grave (g),2007-07-01,5,7,1,3,6,10,16
80201,RIBERALTA,desnutricion aguda,desnutricion grave (g),2007-07-01,13,22,1,5,14,27,41
70503,ROBORE,desnutricion aguda,desnutricion grave (g),2007-07-01,0,3,0,0,0,3,3
31001,SACABA,desnutricion aguda,desnutricion grave (g),2007-07-01,3,0,1,0,4,0,4
50701,SACACA,desnutricion aguda,desnutricion grave (g),2007-07-01,6,6,1,4,7,10,17
71302,SAIPINA,desnutricion aguda,desnutricion grave (g),2007-07-01,0,1,0,0,0,1,1
40801,SALINAS DE GARCI MENDOZA,desnutricion aguda,desnutricion grave (g),2007-07-01,1,1,0,0,1,1,2
71105,SAN ANTONIO DE LOMERIO,desnutricion aguda,desnutricion grave (g),2007-07-01,1,2,0,0,1,2,3
80302,SAN BORJA,desnutricion aguda,desnutricion grave (g),2007-07-01,3,8,0,0,3,8,11
70402,SAN CARLOS,desnutricion aguda,desnutricion grave (g),2007-07-01,1,0,1,1,2,1,3
80501,SAN IGNACIO,desnutricion aguda,desnutricion grave (g),2007-07-01,2,1,0,0,2,1,3
70301,SAN IGNACIO DE VELASCO,desnutricion aguda,desnutricion grave (g),2007-07-01,3,6,1,2,4,8,12
80701,SAN JOAQUIN,desnutricion aguda,desnutricion grave (g),2007-07-01,0,1,0,0,0,1,1
70501,SAN JOSE DE CHIQUITOS,desnutricion aguda,desnutricion grave (g),2007-07-01,1,0,0,1,1,1,2
60501,SAN LORENZO(TJA),desnutricion aguda,desnutricion grave (g),2007-07-01,0,3,1,2,1,5,6
10702,SAN LUCAS,desnutricion aguda,desnutricion grave (g),2007-07-01,5,4,6,5,11,9,20
70302,SAN MIGUEL DE VELASCO,desnutricion aguda,desnutricion grave (g),2007-07-01,0,1,0,0,0,1,1
50501,SAN PEDRO DE BUENA VISTA,desnutricion aguda,desnutricion grave (g),2007-07-01,4,3,1,0,5,3,8
90202,SAN PEDRO(PND),desnutricion aguda,desnutricion grave (g),2007-07-01,0,0,1,0,1,0,1
80401,SANTA ANA,desnutricion aguda,desnutricion grave (g),2007-07-01,2,0,0,0,2,0,2
70101,SANTA CRUZ DE LA SIERRA,desnutricion aguda,desnutricion grave (g),2007-07-01,8,2,6,2,14,4,18
80303,SANTA ROSA,desnutricion aguda,desnutricion grave (g),2007-07-01,0,0,1,1,1,1,2
41401,SANTIAGO DE HUARI,desnutricion aguda,desnutricion grave (g),2007-07-01,0,0,1,0,1,0,1
30902,SIPE SIPE,desnutricion aguda,desnutricion grave (g),2007-07-01,2,1,1,0,3,1,4
10403,SOPACHUY,desnutricion aguda,desnutricion grave (g),2007-07-01,0,1,0,1,0,2,2
40104,SORACACHI,desnutricion aguda,desnutricion grave (g),2007-07-01,1,2,1,0,2,2,4
10101,SUCRE,desnutricion aguda,desnutricion grave (g),2007-07-01,4,5,3,3,7,8,15
50303,TACOBAMBA,desnutricion aguda,desnutricion grave (g),2007-07-01,4,2,0,1,4,3,7
30602,TACOPAYA,desnutricion aguda,desnutricion grave (g),2007-07-01,1,1,2,0,3,1,4
31101,TAPACARI,desnutricion aguda,desnutricion grave (g),2007-07-01,10,4,0,2,10,6,16
10601,TARABUCO,desnutricion aguda,desnutricion grave (g),2007-07-01,11,11,6,7,17,18,35
60101,TARIJA,desnutricion aguda,desnutricion grave (g),2007-07-01,1,2,1,0,2,2,4
10202,TARVITA,desnutricion aguda,desnutricion grave (g),2007-07-01,3,3,2,4,5,7,12
50102,TINGUIPAYA,desnutricion aguda,desnutricion grave (g),2007-07-01,3,1,0,2,3,3,6
31601,TIRAQUE (CBBA),desnutricion aguda,desnutricion grave (g),2007-07-01,2,6,1,0,3,6,9
41001,TOLEDO,desnutricion aguda,desnutricion grave (g),2007-07-01,0,1,0,0,0,1,1
51202,TOMAVE,desnutricion aguda,desnutricion grave (g),2007-07-01,0,1,0,0,0,1,1
10402,TOMINA,desnutricion aguda,desnutricion grave (g),2007-07-01,2,1,2,0,4,1,5
50502,TORO TORO,desnutricion aguda,desnutricion grave (g),2007-07-01,0,2,1,0,1,2,3
31201,TOTORA(CBBA),desnutricion aguda,desnutricion grave (g),2007-07-01,0,0,0,1,0,1,1
80101,TRINIDAD,desnutricion aguda,desnutricion grave (g),2007-07-01,5,7,3,0,8,7,15
40402,TURCO,desnutricion aguda,desnutricion grave (g),2007-07-01,3,0,0,0,3,0,3
50201,UNCIA,desnutricion aguda,desnutricion grave (g),2007-07-01,0,3,0,0,0,3,3
60401,URIONDO (A. CONCEPCION),desnutricion aguda,desnutricion grave (g),2007-07-01,1,0,0,0,1,0,1
51201,UYUNI,desnutricion aguda,desnutricion grave (g),2007-07-01,0,1,0,1,0,2,2
30502,VACAS,desnutricion aguda,desnutricion grave (g),2007-07-01,1,1,1,0,2,1,3
70801,VALLEGRANDE,desnutricion aguda,desnutricion grave (g),2007-07-01,0,1,0,1,0,2,2
20801,VIACHA,desnutricion aguda,desnutricion grave (g),2007-07-01,0,1,0,0,0,1,1
31302,VILA VILA,desnutricion aguda,desnutricion grave (g),2007-07-01,0,0,2,2,2,2,4
60303,VILLA MONTES,desnutricion aguda,desnutricion grave (g),2007-07-01,0,0,0,1,0,1,1
90502,VILLA NUEVA (LOMA ALTA),desnutricion aguda,desnutricion grave (g),2007-07-01,0,0,0,1,0,1,1
10801,VILLA SERRANO,desnutricion aguda,desnutricion grave (g),2007-07-01,0,1,0,0,0,1,1
31003,VILLA TUNARI,desnutricion aguda,desnutricion grave (g),2007-07-01,4,1,0,2,4,3,7
51501,VILLAZON,desnutricion aguda,desnutricion grave (g),2007-07-01,0,0,0,1,0,1,1
30904,VINTO,desnutricion aguda,desnutricion grave (g),2007-07-01,2,0,1,0,3,0,3
50602,VITICHI,desnutricion aguda,desnutricion grave (g),2007-07-01,3,3,1,0,4,3,7
70201,WARNES,desnutricion aguda,desnutricion grave (g),2007-07-01,0,1,1,0,1,1,2
10602,YAMPARAEZ,desnutricion aguda,desnutricion grave (g),2007-07-01,1,0,3,0,4,0,4
70403,YAPACANI,desnutricion aguda,desnutricion grave (g),2007-07-01,0,1,0,1,0,2,2
10301,ZUDAÑEZ,desnutricion aguda,desnutricion grave (g),2007-07-01,3,0,1,3,4,3,7
51302,ACACIO,desnutricion aguda,desnutricion grave (g),2007-08-01,1,1,1,2,2,3,5
30201,AIQUILE,desnutricion aguda,desnutricion grave (g),2007-08-01,3,2,0,0,3,2,5
31303,ALALAY,desnutricion aguda,desnutricion grave (g),2007-08-01,1,0,0,0,1,0,1
10404,ALCALA,desnutricion aguda,desnutricion grave (g),2007-08-01,0,1,0,1,0,2,2
41201,ANDAMARCA,desnutricion aguda,desnutricion grave (g),2007-08-01,1,0,0,0,1,0,1
51301,ARAMPAMPA,desnutricion aguda,desnutricion grave (g),2007-08-01,5,4,5,2,10,6,16
30403,ARBIETO,desnutricion aguda,desnutricion grave (g),2007-08-01,1,0,0,0,1,0,1
30601,ARQUE,desnutricion aguda,desnutricion grave (g),2007-08-01,2,1,0,1,2,2,4
71501,ASCENCION DE GUARAYOS,desnutricion aguda,desnutricion grave (g),2007-08-01,1,5,2,2,3,7,10
50802,ATOCHA,desnutricion aguda,desnutricion grave (g),2007-08-01,1,0,1,1,2,1,3
30301,AYOPAYA (V. DE INDEPENDENCIA),desnutricion aguda,desnutricion grave (g),2007-08-01,2,0,1,2,3,2,5
10201,AZURDUY,desnutricion aguda,desnutricion grave (g),2007-08-01,2,4,1,4,3,8,11
80802,BAURES,desnutricion aguda,desnutricion grave (g),2007-08-01,0,1,0,0,0,1,1
50104,BELEN DE URMIRI,desnutricion aguda,desnutricion grave (g),2007-08-01,0,1,0,0,0,1,1
50301,BETANZOS,desnutricion aguda,desnutricion grave (g),2007-08-01,4,10,0,4,4,14,18
31501,BOLIVAR,desnutricion aguda,desnutricion grave (g),2007-08-01,0,1,1,1,1,2,3
90103,BOLPEBRA,desnutricion aguda,desnutricion grave (g),2007-08-01,1,0,0,0,1,0,1
51102,"CAIZA ""D""",desnutricion aguda,desnutricion grave (g),2007-08-01,0,2,0,0,0,2,2
21003,CAJUATA,desnutricion aguda,desnutricion grave (g),2007-08-01,2,0,0,0,2,0,2
10701,CAMARGO,desnutricion aguda,desnutricion grave (g),2007-08-01,1,1,0,3,1,4,5
10901,CAMATAQUI (C. VILLA ABECIA),desnutricion aguda,desnutricion grave (g),2007-08-01,0,0,0,1,0,1,1
70706,CAMIRI,desnutricion aguda,desnutricion grave (g),2007-08-01,0,0,1,1,1,1,2
30701,CAPINOTA,desnutricion aguda,desnutricion grave (g),2007-08-01,1,1,0,1,1,2,3
50702,CARIPUYO,desnutricion aguda,desnutricion grave (g),2007-08-01,2,1,0,3,2,4,6
40201,CHALLAPATA,desnutricion aguda,desnutricion grave (g),2007-08-01,1,0,1,0,2,0,2
50302,CHAQUI,desnutricion aguda,desnutricion grave (g),2007-08-01,1,1,0,0,1,1,2
50202,CHAYANTA,desnutricion aguda,desnutricion grave (g),2007-08-01,2,1,0,3,2,4,6
31204,CHIMORE,desnutricion aguda,desnutricion grave (g),2007-08-01,1,0,0,2,1,2,3
90101,COBIJA,desnutricion aguda,desnutricion grave (g),2007-08-01,3,0,0,0,3,0,3
30101,COCHABAMBA,desnutricion aguda,desnutricion grave (g),2007-08-01,10,13,3,2,13,15,28
30905,COLCAPIRHUA,desnutricion aguda,desnutricion grave (g),2007-08-01,0,0,1,0,1,0,1
31002,COLOMI,desnutricion aguda,desnutricion grave (g),2007-08-01,2,0,0,1,2,1,3
50401,COLQUECHACA,desnutricion aguda,desnutricion grave (g),2007-08-01,5,7,0,0,5,7,12
21004,COLQUIRI,desnutricion aguda,desnutricion grave (g),2007-08-01,1,0,0,0,1,0,1
71301,COMARAPA,desnutricion aguda,desnutricion grave (g),2007-08-01,2,1,0,0,2,1,3
71101,CONCEPCION,desnutricion aguda,desnutricion grave (g),2007-08-01,0,0,0,1,0,1,1
50601,COTAGAITA,desnutricion aguda,desnutricion grave (g),2007-08-01,6,5,4,0,10,5,15
70102,COTOCA,desnutricion aguda,desnutricion grave (g),2007-08-01,1,4,1,0,2,4,6
71106,CUATRO CAÑADAS,desnutricion aguda,desnutricion grave (g),2007-08-01,0,1,0,0,0,1,1
10902,CULPINA,desnutricion aguda,desnutricion grave (g),2007-08-01,8,8,2,2,10,10,20
71503,EL PUENTE(STC),desnutricion aguda,desnutricion grave (g),2007-08-01,2,0,1,0,3,0,3
70105,EL TORNO,desnutricion aguda,desnutricion grave (g),2007-08-01,2,0,1,0,3,0,3
10405,EL VILLAR,desnutricion aguda,desnutricion grave (g),2007-08-01,0,1,0,0,0,1,1
60601,ENTRE RIOS,desnutricion aguda,desnutricion grave (g),2007-08-01,1,1,0,0,1,1,2
60601,ENTRE RIOS,desnutricion aguda,desnutricion grave (g),2007-08-01,1,2,0,1,1,3,4
41101,EUCALIPTUS,desnutricion aguda,desnutricion grave (g),2007-08-01,0,0,1,0,1,0,1
80202,GUAYARAMERIN,desnutricion aguda,desnutricion grave (g),2007-08-01,2,5,0,4,2,9,11
70705,GUTIERREZ,desnutricion aguda,desnutricion grave (g),2007-08-01,1,3,0,2,1,5,6
10502,HUACARETA,desnutricion aguda,desnutricion grave (g),2007-08-01,0,0,0,2,0,2,2
40701,HUANUNI,desnutricion aguda,desnutricion grave (g),2007-08-01,1,0,0,0,1,0,1
10304,ICLA,desnutricion aguda,desnutricion grave (g),2007-08-01,4,7,0,0,4,7,11
10703,INCAHUASI,desnutricion aguda,desnutricion grave (g),2007-08-01,14,10,2,9,16,19,35
70104,LA GUARDIA,desnutricion aguda,desnutricion grave (g),2007-08-01,2,1,0,0,2,1,3
70701,LAGUNILLAS,desnutricion aguda,desnutricion grave (g),2007-08-01,0,1,1,1,1,2,3
50203,LLALLAGUA,desnutricion aguda,desnutricion grave (g),2007-08-01,1,4,1,0,2,4,6
51401,LLICA,desnutricion aguda,desnutricion grave (g),2007-08-01,0,0,0,1,0,1,1
80801,MAGDALENA,desnutricion aguda,desnutricion grave (g),2007-08-01,0,0,1,0,1,0,1
71003,MINEROS,desnutricion aguda,desnutricion grave (g),2007-08-01,0,3,0,0,0,3,3
31301,MIZQUE,desnutricion aguda,desnutricion grave (g),2007-08-01,0,3,0,0,0,3,3
10303,MOJOCOYA,desnutricion aguda,desnutricion grave (g),2007-08-01,2,1,0,0,2,1,3
10501,MONTEAGUDO,desnutricion aguda,desnutricion grave (g),2007-08-01,0,0,3,1,3,1,4
71001,MONTERO,desnutricion aguda,desnutricion grave (g),2007-08-01,6,6,0,4,6,10,16
30302,MOROCHATA,desnutricion aguda,desnutricion grave (g),2007-08-01,2,3,0,1,2,4,6
50404,OCURI,desnutricion aguda,desnutricion grave (g),2007-08-01,3,0,0,0,3,0,3
70202,OKINAWA,desnutricion aguda,desnutricion grave (g),2007-08-01,0,0,2,0,2,0,2
40101,ORURO,desnutricion aguda,desnutricion grave (g),2007-08-01,7,3,1,0,8,3,11
60201,PADCAYA,desnutricion aguda,desnutricion grave (g),2007-08-01,1,0,0,0,1,0,1
10401,PADILLA,desnutricion aguda,desnutricion grave (g),2007-08-01,1,0,1,0,2,0,2
70502,PAILON,desnutricion aguda,desnutricion grave (g),2007-08-01,0,0,0,1,0,1,1
20102,PALCA,desnutricion aguda,desnutricion grave (g),2007-08-01,0,0,0,1,0,1,1
40602,PAZÑA,desnutricion aguda,desnutricion grave (g),2007-08-01,0,1,0,0,0,1,1
50403,POCOATA,desnutricion aguda,desnutricion grave (g),2007-08-01,5,6,0,3,5,9,14
51203,PORCO,desnutricion aguda,desnutricion grave (g),2007-08-01,1,1,0,0,1,1,2
10103,POROMA,desnutricion aguda,desnutricion grave (g),2007-08-01,6,13,4,4,10,17,27
50101,POTOSI,desnutricion aguda,desnutricion grave (g),2007-08-01,13,15,1,2,14,17,31
10302,PRESTO,desnutricion aguda,desnutricion grave (g),2007-08-01,4,1,1,3,5,4,9
70805,PUCARA,desnutricion aguda,desnutricion grave (g),2007-08-01,1,0,0,0,1,0,1
90301,PUERTO GONZALO MORENO,desnutricion aguda,desnutricion grave (g),2007-08-01,2,2,0,0,2,2,4
90201,PUERTO RICO,desnutricion aguda,desnutricion grave (g),2007-08-01,0,1,0,0,0,1,1
31205,PUERTO VILLARROEL,desnutricion aguda,desnutricion grave (g),2007-08-01,15,7,4,1,19,8,27
51101,PUNA,desnutricion aguda,desnutricion grave (g),2007-08-01,4,11,1,1,5,12,17
31401,PUNATA,desnutricion aguda,desnutricion grave (g),2007-08-01,1,0,0,0,1,0,1
30901,QUILLACOLLO,desnutricion aguda,desnutricion grave (g),2007-08-01,3,2,3,3,6,5,11
50402,RAVELO,desnutricion aguda,desnutricion grave (g),2007-08-01,8,8,1,6,9,14,23
80201,RIBERALTA,desnutricion aguda,desnutricion grave (g),2007-08-01,11,17,5,3,16,20,36
70503,ROBORE,desnutricion aguda,desnutricion grave (g),2007-08-01,0,1,0,0,0,1,1
31001,SACABA,desnutricion aguda,desnutricion grave (g),2007-08-01,3,3,0,0,3,3,6
50701,SACACA,desnutricion aguda,desnutricion grave (g),2007-08-01,3,7,2,4,5,11,16
40801,SALINAS DE GARCI MENDOZA,desnutricion aguda,desnutricion grave (g),2007-08-01,1,0,0,0,1,0,1
80602,SAN ANDRES,desnutricion aguda,desnutricion grave (g),2007-08-01,0,1,0,0,0,1,1
71105,SAN ANTONIO DE LOMERIO,desnutricion aguda,desnutricion grave (g),2007-08-01,2,0,0,0,2,0,2
31403,SAN BENITO,desnutricion aguda,desnutricion grave (g),2007-08-01,0,1,2,0,2,1,3
80302,SAN BORJA,desnutricion aguda,desnutricion grave (g),2007-08-01,7,4,7,14,14,18,32
80501,SAN IGNACIO,desnutricion aguda,desnutricion grave (g),2007-08-01,2,5,0,3,2,8,10
70301,SAN IGNACIO DE VELASCO,desnutricion aguda,desnutricion grave (g),2007-08-01,6,8,3,2,9,10,19
71102,SAN JAVIER(STC),desnutricion aguda,desnutricion grave (g),2007-08-01,0,0,1,0,1,0,1
70501,SAN JOSE DE CHIQUITOS,desnutricion aguda,desnutricion grave (g),2007-08-01,1,0,0,0,1,0,1
70404,SAN JUAN DE YAPACANI,desnutricion aguda,desnutricion grave (g),2007-08-01,1,1,0,0,1,1,2
71104,SAN JULIAN,desnutricion aguda,desnutricion grave (g),2007-08-01,1,0,0,0,1,0,1
90302,SAN LORENZO(PND),desnutricion aguda,desnutricion grave (g),2007-08-01,1,0,1,1,2,1,3
10702,SAN LUCAS,desnutricion aguda,desnutricion grave (g),2007-08-01,13,5,1,3,14,8,22
51001,SAN PABLO DE LIPEZ,desnutricion aguda,desnutricion grave (g),2007-08-01,1,1,0,0,1,1,2
71005,SAN PEDRO,desnutricion aguda,desnutricion grave (g),2007-08-01,0,1,0,0,0,1,1
50501,SAN PEDRO DE BUENA VISTA,desnutricion aguda,desnutricion grave (g),2007-08-01,3,4,3,1,6,5,11
90202,SAN PEDRO(PND),desnutricion aguda,desnutricion grave (g),2007-08-01,2,0,1,0,3,0,3
80702,SAN RAMON,desnutricion aguda,desnutricion grave (g),2007-08-01,2,1,0,0,2,1,3
80401,SANTA ANA,desnutricion aguda,desnutricion grave (g),2007-08-01,4,0,0,0,4,0,4
70101,SANTA CRUZ DE LA SIERRA,desnutricion aguda,desnutricion grave (g),2007-08-01,3,5,1,7,4,12,16
80303,SANTA ROSA,desnutricion aguda,desnutricion grave (g),2007-08-01,0,1,1,1,1,2,3
70602,SANTA ROSA DEL SARA,desnutricion aguda,desnutricion grave (g),2007-08-01,0,0,2,0,2,0,2
41401,SANTIAGO DE HUARI,desnutricion aguda,desnutricion grave (g),2007-08-01,1,0,0,0,1,0,1
90303,SENA,desnutricion aguda,desnutricion grave (g),2007-08-01,2,0,0,0,2,0,2
30703,SICAYA,desnutricion aguda,desnutricion grave (g),2007-08-01,1,1,0,1,1,2,3
30902,SIPE SIPE,desnutricion aguda,desnutricion grave (g),2007-08-01,1,3,0,0,1,3,4
10403,SOPACHUY,desnutricion aguda,desnutricion grave (g),2007-08-01,2,4,1,2,3,6,9
40104,SORACACHI,desnutricion aguda,desnutricion grave (g),2007-08-01,0,1,0,1,0,2,2
10101,SUCRE,desnutricion aguda,desnutricion grave (g),2007-08-01,6,2,4,3,10,5,15
50303,TACOBAMBA,desnutricion aguda,desnutricion grave (g),2007-08-01,5,4,0,0,5,4,9
30602,TACOPAYA,desnutricion aguda,desnutricion grave (g),2007-08-01,0,2,1,3,1,5,6
31101,TAPACARI,desnutricion aguda,desnutricion grave (g),2007-08-01,8,1,1,0,9,1,10
10601,TARABUCO,desnutricion aguda,desnutricion grave (g),2007-08-01,11,12,3,4,14,16,30
30401,TARATA,desnutricion aguda,desnutricion grave (g),2007-08-01,2,0,0,0,2,0,2
60101,TARIJA,desnutricion aguda,desnutricion grave (g),2007-08-01,2,0,0,1,2,1,3
10202,TARVITA,desnutricion aguda,desnutricion grave (g),2007-08-01,1,4,2,2,3,6,9
50102,TINGUIPAYA,desnutricion aguda,desnutricion grave (g),2007-08-01,5,1,2,1,7,2,9
30903,TIQUIPAYA,desnutricion aguda,desnutricion grave (g),2007-08-01,2,0,0,0,2,0,2
31601,TIRAQUE (CBBA),desnutricion aguda,desnutricion grave (g),2007-08-01,2,5,0,2,2,7,9
51202,TOMAVE,desnutricion aguda,desnutricion grave (g),2007-08-01,1,1,0,0,1,1,2
10402,TOMINA,desnutricion aguda,desnutricion grave (g),2007-08-01,4,3,2,2,6,5,11
50502,TORO TORO,desnutricion aguda,desnutricion grave (g),2007-08-01,3,4,5,0,8,4,12
31201,TOTORA(CBBA),desnutricion aguda,desnutricion grave (g),2007-08-01,1,2,1,0,2,2,4
41301,TOTORA(ORR),desnutricion aguda,desnutricion grave (g),2007-08-01,1,0,0,0,1,0,1
80101,TRINIDAD,desnutricion aguda,desnutricion grave (g),2007-08-01,1,9,0,3,1,12,13
50801,TUPIZA,desnutricion aguda,desnutricion grave (g),2007-08-01,1,2,2,0,3,2,5
50201,UNCIA,desnutricion aguda,desnutricion grave (g),2007-08-01,3,2,0,1,3,3,6
60401,URIONDO (A. CONCEPCION),desnutricion aguda,desnutricion grave (g),2007-08-01,0,0,0,1,0,1,1
71502,URUBICHA,desnutricion aguda,desnutricion grave (g),2007-08-01,2,1,1,0,3,1,4
51201,UYUNI,desnutricion aguda,desnutricion grave (g),2007-08-01,2,1,0,1,2,2,4
30502,VACAS,desnutricion aguda,desnutricion grave (g),2007-08-01,2,2,1,0,3,2,5
70801,VALLEGRANDE,desnutricion aguda,desnutricion grave (g),2007-08-01,0,2,0,0,0,2,2
60303,VILLA MONTES,desnutricion aguda,desnutricion grave (g),2007-08-01,0,1,0,0,0,1,1
90502,VILLA NUEVA (LOMA ALTA),desnutricion aguda,desnutricion grave (g),2007-08-01,0,1,0,2,0,3,3
10801,VILLA SERRANO,desnutricion aguda,desnutricion grave (g),2007-08-01,0,3,0,0,0,3,3
31003,VILLA TUNARI,desnutricion aguda,desnutricion grave (g),2007-08-01,6,3,0,1,6,4,10
51501,VILLAZON,desnutricion aguda,desnutricion grave (g),2007-08-01,1,1,0,0,1,1,2
50602,VITICHI,desnutricion aguda,desnutricion grave (g),2007-08-01,1,1,0,0,1,1,2
70201,WARNES,desnutricion aguda,desnutricion grave (g),2007-08-01,0,0,1,1,1,1,2
60301,YACUIBA,desnutricion aguda,desnutricion grave (g),2007-08-01,2,2,0,1,2,3,5
10602,YAMPARAEZ,desnutricion aguda,desnutricion grave (g),2007-08-01,1,1,3,0,4,1,5
70403,YAPACANI,desnutricion aguda,desnutricion grave (g),2007-08-01,0,1,0,0,0,1,1
10102,YOTALA,desnutricion aguda,desnutricion grave (g),2007-08-01,0,2,2,0,2,2,4
10301,ZUDAÑEZ,desnutricion aguda,desnutricion grave (g),2007-08-01,2,1,0,1,2,2,4
51302,ACACIO,desnutricion aguda,desnutricion grave (g),2007-09-01,1,3,1,2,2,5,7
30201,AIQUILE,desnutricion aguda,desnutricion grave (g),2007-09-01,3,3,5,2,8,5,13
31303,ALALAY,desnutricion aguda,desnutricion grave (g),2007-09-01,0,1,0,0,0,1,1
10404,ALCALA,desnutricion aguda,desnutricion grave (g),2007-09-01,1,2,0,1,1,3,4
30402,ANZALDO,desnutricion aguda,desnutricion grave (g),2007-09-01,2,0,0,1,2,1,3
51301,ARAMPAMPA,desnutricion aguda,desnutricion grave (g),2007-09-01,3,3,0,1,3,4,7
30501,ARANI,desnutricion aguda,desnutricion grave (g),2007-09-01,0,0,0,1,0,1,1
50802,ATOCHA,desnutricion aguda,desnutricion grave (g),2007-09-01,1,0,1,0,2,0,2
30301,AYOPAYA (V. DE INDEPENDENCIA),desnutricion aguda,desnutricion grave (g),2007-09-01,0,2,2,0,2,2,4
10201,AZURDUY,desnutricion aguda,desnutricion grave (g),2007-09-01,2,8,1,2,3,10,13
50301,BETANZOS,desnutricion aguda,desnutricion grave (g),2007-09-01,3,4,3,2,6,6,12
31501,BOLIVAR,desnutricion aguda,desnutricion grave (g),2007-09-01,0,1,0,1,0,2,2
70401,BUENA VISTA,desnutricion aguda,desnutricion grave (g),2007-09-01,1,0,0,0,1,0,1
51102,"CAIZA ""D""",desnutricion aguda,desnutricion grave (g),2007-09-01,0,0,1,0,1,0,1
21003,CAJUATA,desnutricion aguda,desnutricion grave (g),2007-09-01,1,1,0,0,1,1,2
10701,CAMARGO,desnutricion aguda,desnutricion grave (g),2007-09-01,2,2,1,0,3,2,5
10901,CAMATAQUI (C. VILLA ABECIA),desnutricion aguda,desnutricion grave (g),2007-09-01,0,0,0,1,0,1,1
70706,CAMIRI,desnutricion aguda,desnutricion grave (g),2007-09-01,1,0,0,0,1,0,1
50702,CARIPUYO,desnutricion aguda,desnutricion grave (g),2007-09-01,2,1,1,1,3,2,5
71403,CARMEN RIVERO TORREZ,desnutricion aguda,desnutricion grave (g),2007-09-01,0,1,0,0,0,1,1
40201,CHALLAPATA,desnutricion aguda,desnutricion grave (g),2007-09-01,2,0,0,0,2,0,2
50302,CHAQUI,desnutricion aguda,desnutricion grave (g),2007-09-01,2,0,0,0,2,0,2
70702,CHARAGUA,desnutricion aguda,desnutricion grave (g),2007-09-01,1,1,0,0,1,1,2
50202,CHAYANTA,desnutricion aguda,desnutricion grave (g),2007-09-01,1,1,0,2,1,3,4
90101,COBIJA,desnutricion aguda,desnutricion grave (g),2007-09-01,2,10,0,0,2,10,12
30101,COCHABAMBA,desnutricion aguda,desnutricion grave (g),2007-09-01,12,10,0,1,12,11,23
40902,COIPASA,desnutricion aguda,desnutricion grave (g),2007-09-01,0,0,1,0,1,0,1
30905,COLCAPIRHUA,desnutricion aguda,desnutricion grave (g),2007-09-01,0,1,0,0,0,1,1
50401,COLQUECHACA,desnutricion aguda,desnutricion grave (g),2007-09-01,3,2,0,1,3,3,6
21004,COLQUIRI,desnutricion aguda,desnutricion grave (g),2007-09-01,0,0,0,1,0,1,1
71101,CONCEPCION,desnutricion aguda,desnutricion grave (g),2007-09-01,0,1,0,0,0,1,1
50601,COTAGAITA,desnutricion aguda,desnutricion grave (g),2007-09-01,4,3,0,0,4,3,7
70102,COTOCA,desnutricion aguda,desnutricion grave (g),2007-09-01,2,1,1,1,3,2,5
70704,CUEVO,desnutricion aguda,desnutricion grave (g),2007-09-01,0,0,1,0,1,0,1
10902,CULPINA,desnutricion aguda,desnutricion grave (g),2007-09-01,7,2,3,2,10,4,14
70105,EL TORNO,desnutricion aguda,desnutricion grave (g),2007-09-01,2,0,1,0,3,0,3
10405,EL VILLAR,desnutricion aguda,desnutricion grave (g),2007-09-01,1,2,0,0,1,2,3
60601,ENTRE RIOS,desnutricion aguda,desnutricion grave (g),2007-09-01,0,1,0,0,0,1,1
60601,ENTRE RIOS,desnutricion aguda,desnutricion grave (g),2007-09-01,0,1,1,0,1,1,2
71004,FERNANDEZ ALONSO,desnutricion aguda,desnutricion grave (g),2007-09-01,1,0,0,0,1,0,1
71002,GENERAL SAAVEDRA,desnutricion aguda,desnutricion grave (g),2007-09-01,0,2,0,0,0,2,2
80202,GUAYARAMERIN,desnutricion aguda,desnutricion grave (g),2007-09-01,4,0,0,0,4,0,4
70705,GUTIERREZ,desnutricion aguda,desnutricion grave (g),2007-09-01,0,1,1,0,1,1,2
10502,HUACARETA,desnutricion aguda,desnutricion grave (g),2007-09-01,0,0,0,1,0,1,1
11002,HUACAYA (VILLA DE HUACAYA),desnutricion aguda,desnutricion grave (g),2007-09-01,1,0,0,1,1,1,2
40701,HUANUNI,desnutricion aguda,desnutricion grave (g),2007-09-01,1,0,0,1,1,1,2
80803,HUARACAJE,desnutricion aguda,desnutricion grave (g),2007-09-01,1,0,0,0,1,0,1
10304,ICLA,desnutricion aguda,desnutricion grave (g),2007-09-01,5,8,2,3,7,11,18
10703,INCAHUASI,desnutricion aguda,desnutricion grave (g),2007-09-01,1,4,0,2,1,6,7
21001,INQUISIVI,desnutricion aguda,desnutricion grave (g),2007-09-01,3,0,1,0,4,0,4
70104,LA GUARDIA,desnutricion aguda,desnutricion grave (g),2007-09-01,2,3,1,0,3,3,6
41501,LA RIVERA,desnutricion aguda,desnutricion grave (g),2007-09-01,0,1,0,0,0,1,1
50203,LLALLAGUA,desnutricion aguda,desnutricion grave (g),2007-09-01,4,1,2,0,6,1,7
51401,LLICA,desnutricion aguda,desnutricion grave (g),2007-09-01,0,0,0,1,0,1,1
71003,MINEROS,desnutricion aguda,desnutricion grave (g),2007-09-01,1,0,0,0,1,0,1
31301,MIZQUE,desnutricion aguda,desnutricion grave (g),2007-09-01,0,4,0,0,0,4,4
10501,MONTEAGUDO,desnutricion aguda,desnutricion grave (g),2007-09-01,0,2,2,3,2,5,7
71001,MONTERO,desnutricion aguda,desnutricion grave (g),2007-09-01,5,6,1,1,6,7,13
30302,MOROCHATA,desnutricion aguda,desnutricion grave (g),2007-09-01,1,1,0,1,1,2,3
50404,OCURI,desnutricion aguda,desnutricion grave (g),2007-09-01,4,2,0,1,4,3,7
70202,OKINAWA,desnutricion aguda,desnutricion grave (g),2007-09-01,0,0,1,1,1,1,2
40101,ORURO,desnutricion aguda,desnutricion grave (g),2007-09-01,5,1,1,0,6,1,7
70502,PAILON,desnutricion aguda,desnutricion grave (g),2007-09-01,1,1,0,1,1,2,3
20102,PALCA,desnutricion aguda,desnutricion grave (g),2007-09-01,1,0,0,0,1,0,1
30202,PASORAPA,desnutricion aguda,desnutricion grave (g),2007-09-01,0,1,0,0,0,1,1
40602,PAZÑA,desnutricion aguda,desnutricion grave (g),2007-09-01,0,1,0,0,0,1,1
50403,POCOATA,desnutricion aguda,desnutricion grave (g),2007-09-01,4,2,0,3,4,5,9
31202,POJO (CBBA),desnutricion aguda,desnutricion grave (g),2007-09-01,2,0,0,1,2,1,3
51203,PORCO,desnutricion aguda,desnutricion grave (g),2007-09-01,0,2,0,0,0,2,2
10103,POROMA,desnutricion aguda,desnutricion grave (g),2007-09-01,4,15,2,8,6,23,29
70103,PORONGO,desnutricion aguda,desnutricion grave (g),2007-09-01,0,1,2,0,2,1,3
70601,PORTACHUELO,desnutricion aguda,desnutricion grave (g),2007-09-01,1,0,0,0,1,0,1
50101,POTOSI,desnutricion aguda,desnutricion grave (g),2007-09-01,20,9,4,4,24,13,37
10302,PRESTO,desnutricion aguda,desnutricion grave (g),2007-09-01,4,1,0,2,4,3,7
90301,PUERTO GONZALO MORENO,desnutricion aguda,desnutricion grave (g),2007-09-01,2,3,2,0,4,3,7
90201,PUERTO RICO,desnutricion aguda,desnutricion grave (g),2007-09-01,1,1,1,1,2,2,4
71401,PUERTO SUAREZ,desnutricion aguda,desnutricion grave (g),2007-09-01,1,0,0,0,1,0,1
31205,PUERTO VILLARROEL,desnutricion aguda,desnutricion grave (g),2007-09-01,5,3,2,0,7,3,10
51101,PUNA,desnutricion aguda,desnutricion grave (g),2007-09-01,6,3,2,0,8,3,11
31401,PUNATA,desnutricion aguda,desnutricion grave (g),2007-09-01,3,4,3,0,6,4,10
30901,QUILLACOLLO,desnutricion aguda,desnutricion grave (g),2007-09-01,1,1,2,2,3,3,6
50402,RAVELO,desnutricion aguda,desnutricion grave (g),2007-09-01,9,8,2,3,11,11,22
80201,RIBERALTA,desnutricion aguda,desnutricion grave (g),2007-09-01,10,33,1,4,11,37,48
70503,ROBORE,desnutricion aguda,desnutricion grave (g),2007-09-01,1,2,0,0,1,2,3
80304,RURRENABAQUE,desnutricion aguda,desnutricion grave (g),2007-09-01,0,0,1,0,1,0,1
31001,SACABA,desnutricion aguda,desnutricion grave (g),2007-09-01,1,1,3,1,4,2,6
50701,SACACA,desnutricion aguda,desnutricion grave (g),2007-09-01,3,4,3,5,6,9,15
71105,SAN ANTONIO DE LOMERIO,desnutricion aguda,desnutricion grave (g),2007-09-01,2,0,2,0,4,0,4
80302,SAN BORJA,desnutricion aguda,desnutricion grave (g),2007-09-01,5,3,3,6,8,9,17
70402,SAN CARLOS,desnutricion aguda,desnutricion grave (g),2007-09-01,1,2,1,0,2,2,4
80501,SAN IGNACIO,desnutricion aguda,desnutricion grave (g),2007-09-01,3,2,1,1,4,3,7
70301,SAN IGNACIO DE VELASCO,desnutricion aguda,desnutricion grave (g),2007-09-01,8,4,3,3,11,7,18
70501,SAN JOSE DE CHIQUITOS,desnutricion aguda,desnutricion grave (g),2007-09-01,1,1,1,0,2,1,3
70404,SAN JUAN DE YAPACANI,desnutricion aguda,desnutricion grave (g),2007-09-01,1,1,0,0,1,1,2
60501,SAN LORENZO(TJA),desnutricion aguda,desnutricion grave (g),2007-09-01,3,1,0,0,3,1,4
10702,SAN LUCAS,desnutricion aguda,desnutricion grave (g),2007-09-01,7,5,2,4,9,9,18
51001,SAN PABLO DE LIPEZ,desnutricion aguda,desnutricion grave (g),2007-09-01,0,0,0,1,0,1,1
50501,SAN PEDRO DE BUENA VISTA,desnutricion aguda,desnutricion grave (g),2007-09-01,2,4,2,3,4,7,11
70101,SANTA CRUZ DE LA SIERRA,desnutricion aguda,desnutricion grave (g),2007-09-01,6,12,7,12,13,24,37
70602,SANTA ROSA DEL SARA,desnutricion aguda,desnutricion grave (g),2007-09-01,0,1,0,0,0,1,1
41401,SANTIAGO DE HUARI,desnutricion aguda,desnutricion grave (g),2007-09-01,0,1,0,0,0,1,1
40202,SANTUARIO DE QUILLACAS,desnutricion aguda,desnutricion grave (g),2007-09-01,1,0,0,0,1,0,1
30902,SIPE SIPE,desnutricion aguda,desnutricion grave (g),2007-09-01,2,1,0,1,2,2,4
10403,SOPACHUY,desnutricion aguda,desnutricion grave (g),2007-09-01,2,7,2,1,4,8,12
40104,SORACACHI,desnutricion aguda,desnutricion grave (g),2007-09-01,2,0,0,0,2,0,2
10101,SUCRE,desnutricion aguda,desnutricion grave (g),2007-09-01,3,1,0,2,3,3,6
50303,TACOBAMBA,desnutricion aguda,desnutricion grave (g),2007-09-01,4,1,0,0,4,1,5
30602,TACOPAYA,desnutricion aguda,desnutricion grave (g),2007-09-01,0,2,1,0,1,2,3
31101,TAPACARI,desnutricion aguda,desnutricion grave (g),2007-09-01,4,3,1,4,5,7,12
10601,TARABUCO,desnutricion aguda,desnutricion grave (g),2007-09-01,15,5,2,4,17,9,26
30401,TARATA,desnutricion aguda,desnutricion grave (g),2007-09-01,2,0,0,0,2,0,2
60101,TARIJA,desnutricion aguda,desnutricion grave (g),2007-09-01,2,3,1,3,3,6,9
10202,TARVITA,desnutricion aguda,desnutricion grave (g),2007-09-01,3,2,3,1,6,3,9
50102,TINGUIPAYA,desnutricion aguda,desnutricion grave (g),2007-09-01,2,3,0,2,2,5,7
31601,TIRAQUE (CBBA),desnutricion aguda,desnutricion grave (g),2007-09-01,4,16,2,0,6,16,22
51202,TOMAVE,desnutricion aguda,desnutricion grave (g),2007-09-01,0,1,0,2,0,3,3
10402,TOMINA,desnutricion aguda,desnutricion grave (g),2007-09-01,0,3,2,3,2,6,8
50502,TORO TORO,desnutricion aguda,desnutricion grave (g),2007-09-01,7,6,9,7,16,13,29
80101,TRINIDAD,desnutricion aguda,desnutricion grave (g),2007-09-01,4,3,2,1,6,4,10
50801,TUPIZA,desnutricion aguda,desnutricion grave (g),2007-09-01,2,0,0,0,2,0,2
50201,UNCIA,desnutricion aguda,desnutricion grave (g),2007-09-01,3,2,0,1,3,3,6
60401,URIONDO (A. CONCEPCION),desnutricion aguda,desnutricion grave (g),2007-09-01,1,0,0,0,1,0,1
51201,UYUNI,desnutricion aguda,desnutricion grave (g),2007-09-01,1,0,1,0,2,0,2
30502,VACAS,desnutricion aguda,desnutricion grave (g),2007-09-01,0,1,0,0,0,1,1
20801,VIACHA,desnutricion aguda,desnutricion grave (g),2007-09-01,0,0,0,1,0,1,1
31402,VILLA RIVERO,desnutricion aguda,desnutricion grave (g),2007-09-01,1,2,0,0,1,2,3
10801,VILLA SERRANO,desnutricion aguda,desnutricion grave (g),2007-09-01,0,0,1,0,1,0,1
31003,VILLA TUNARI,desnutricion aguda,desnutricion grave (g),2007-09-01,3,3,1,0,4,3,7
51501,VILLAZON,desnutricion aguda,desnutricion grave (g),2007-09-01,0,1,0,0,0,1,1
30904,VINTO,desnutricion aguda,desnutricion grave (g),2007-09-01,0,0,1,0,1,0,1
50602,VITICHI,desnutricion aguda,desnutricion grave (g),2007-09-01,3,1,0,1,3,2,5
70201,WARNES,desnutricion aguda,desnutricion grave (g),2007-09-01,2,1,0,0,2,1,3
60301,YACUIBA,desnutricion aguda,desnutricion grave (g),2007-09-01,1,2,1,0,2,2,4
10602,YAMPARAEZ,desnutricion aguda,desnutricion grave (g),2007-09-01,0,0,3,2,3,2,5
10102,YOTALA,desnutricion aguda,desnutricion grave (g),2007-09-01,2,2,2,2,4,4,8
10301,ZUDAÑEZ,desnutricion aguda,desnutricion grave (g),2007-09-01,2,0,1,0,3,0,3
51302,ACACIO,desnutricion aguda,desnutricion grave (g),2007-10-01,1,3,1,2,2,5,7
20104,ACHOCALLA,desnutricion aguda,desnutricion grave (g),2007-10-01,0,0,0,1,0,1,1
30201,AIQUILE,desnutricion aguda,desnutricion grave (g),2007-10-01,0,5,0,2,0,7,7
31303,ALALAY,desnutricion aguda,desnutricion grave (g),2007-10-01,0,1,0,0,0,1,1
30402,ANZALDO,desnutricion aguda,desnutricion grave (g),2007-10-01,1,0,0,0,1,0,1
51301,ARAMPAMPA,desnutricion aguda,desnutricion grave (g),2007-10-01,10,3,1,2,11,5,16
30601,ARQUE,desnutricion aguda,desnutricion grave (g),2007-10-01,1,1,0,0,1,1,2
71501,ASCENCION DE GUARAYOS,desnutricion aguda,desnutricion grave (g),2007-10-01,2,2,3,0,5,2,7
30301,AYOPAYA (V. DE INDEPENDENCIA),desnutricion aguda,desnutricion grave (g),2007-10-01,3,3,2,3,5,6,11
10201,AZURDUY,desnutricion aguda,desnutricion grave (g),2007-10-01,3,5,0,2,3,7,10
80802,BAURES,desnutricion aguda,desnutricion grave (g),2007-10-01,0,0,1,0,1,0,1
50104,BELEN DE URMIRI,desnutricion aguda,desnutricion grave (g),2007-10-01,0,1,0,0,0,1,1
60202,BERMEJO,desnutricion aguda,desnutricion grave (g),2007-10-01,0,1,0,0,0,1,1
50301,BETANZOS,desnutricion aguda,desnutricion grave (g),2007-10-01,5,14,1,3,6,17,23
31501,BOLIVAR,desnutricion aguda,desnutricion grave (g),2007-10-01,1,3,0,1,1,4,5
10701,CAMARGO,desnutricion aguda,desnutricion grave (g),2007-10-01,2,4,0,3,2,7,9
10901,CAMATAQUI (C. VILLA ABECIA),desnutricion aguda,desnutricion grave (g),2007-10-01,0,0,0,1,0,1,1
70706,CAMIRI,desnutricion aguda,desnutricion grave (g),2007-10-01,2,0,1,0,3,0,3
30701,CAPINOTA,desnutricion aguda,desnutricion grave (g),2007-10-01,5,1,0,0,5,1,6
60302,CARAPARI,desnutricion aguda,desnutricion grave (g),2007-10-01,0,1,0,1,0,2,2
50702,CARIPUYO,desnutricion aguda,desnutricion grave (g),2007-10-01,1,2,0,1,1,3,4
40201,CHALLAPATA,desnutricion aguda,desnutricion grave (g),2007-10-01,3,0,3,3,6,3,9
50202,CHAYANTA,desnutricion aguda,desnutricion grave (g),2007-10-01,0,2,2,0,2,2,4
31204,CHIMORE,desnutricion aguda,desnutricion grave (g),2007-10-01,1,0,0,0,1,0,1
90101,COBIJA,desnutricion aguda,desnutricion grave (g),2007-10-01,2,2,0,0,2,2,4
30101,COCHABAMBA,desnutricion aguda,desnutricion grave (g),2007-10-01,6,6,2,4,8,10,18
50901,"COLCHA ""K""",desnutricion aguda,desnutricion grave (g),2007-10-01,1,0,0,0,1,0,1
31002,COLOMI,desnutricion aguda,desnutricion grave (g),2007-10-01,1,1,0,0,1,1,2
50401,COLQUECHACA,desnutricion aguda,desnutricion grave (g),2007-10-01,3,6,4,4,7,10,17
21004,COLQUIRI,desnutricion aguda,desnutricion grave (g),2007-10-01,0,2,0,0,0,2,2
71301,COMARAPA,desnutricion aguda,desnutricion grave (g),2007-10-01,1,2,0,0,1,2,3
71101,CONCEPCION,desnutricion aguda,desnutricion grave (g),2007-10-01,1,2,0,0,1,2,3
50601,COTAGAITA,desnutricion aguda,desnutricion grave (g),2007-10-01,3,3,1,2,4,5,9
70102,COTOCA,desnutricion aguda,desnutricion grave (g),2007-10-01,0,3,0,1,0,4,4
71106,CUATRO CAÑADAS,desnutricion aguda,desnutricion grave (g),2007-10-01,0,1,0,0,0,1,1
70704,CUEVO,desnutricion aguda,desnutricion grave (g),2007-10-01,0,0,1,0,1,0,1
10902,CULPINA,desnutricion aguda,desnutricion grave (g),2007-10-01,4,0,0,1,4,1,5
70105,EL TORNO,desnutricion aguda,desnutricion grave (g),2007-10-01,1,0,0,0,1,0,1
60601,ENTRE RIOS,desnutricion aguda,desnutricion grave (g),2007-10-01,1,0,0,0,1,0,1
41101,EUCALIPTUS,desnutricion aguda,desnutricion grave (g),2007-10-01,0,0,1,0,1,0,1
80402,EXALTACION,desnutricion aguda,desnutricion grave (g),2007-10-01,0,1,1,0,1,1,2
71004,FERNANDEZ ALONSO,desnutricion aguda,desnutricion grave (g),2007-10-01,1,0,0,0,1,0,1
71002,GENERAL SAAVEDRA,desnutricion aguda,desnutricion grave (g),2007-10-01,0,1,1,0,1,1,2
80202,GUAYARAMERIN,desnutricion aguda,desnutricion grave (g),2007-10-01,5,5,0,2,5,7,12
70705,GUTIERREZ,desnutricion aguda,desnutricion grave (g),2007-10-01,1,2,0,0,1,2,3
10502,HUACARETA,desnutricion aguda,desnutricion grave (g),2007-10-01,0,2,0,2,0,4,4
40701,HUANUNI,desnutricion aguda,desnutricion grave (g),2007-10-01,1,1,0,0,1,1,2
10304,ICLA,desnutricion aguda,desnutricion grave (g),2007-10-01,4,9,1,5,5,14,19
10703,INCAHUASI,desnutricion aguda,desnutricion grave (g),2007-10-01,3,5,0,1,3,6,9
21001,INQUISIVI,desnutricion aguda,desnutricion grave (g),2007-10-01,0,1,2,0,2,1,3
70104,LA GUARDIA,desnutricion aguda,desnutricion grave (g),2007-10-01,3,3,2,1,5,4,9
70701,LAGUNILLAS,desnutricion aguda,desnutricion grave (g),2007-10-01,0,1,0,1,0,2,2
10903,LAS CARRERAS,desnutricion aguda,desnutricion grave (g),2007-10-01,0,1,0,1,0,2,2
50203,LLALLAGUA,desnutricion aguda,desnutricion grave (g),2007-10-01,0,0,3,1,3,1,4
11003,MACHARETI,desnutricion aguda,desnutricion grave (g),2007-10-01,1,0,2,1,3,1,4
71003,MINEROS,desnutricion aguda,desnutricion grave (g),2007-10-01,0,1,0,0,0,1,1
31301,MIZQUE,desnutricion aguda,desnutricion grave (g),2007-10-01,2,1,1,0,3,1,4
10303,MOJOCOYA,desnutricion aguda,desnutricion grave (g),2007-10-01,1,0,0,1,1,1,2
10501,MONTEAGUDO,desnutricion aguda,desnutricion grave (g),2007-10-01,1,2,3,1,4,3,7
71001,MONTERO,desnutricion aguda,desnutricion grave (g),2007-10-01,1,4,4,2,5,6,11
30302,MOROCHATA,desnutricion aguda,desnutricion grave (g),2007-10-01,1,0,0,1,1,1,2
50404,OCURI,desnutricion aguda,desnutricion grave (g),2007-10-01,6,5,3,2,9,7,16
40101,ORURO,desnutricion aguda,desnutricion grave (g),2007-10-01,4,1,1,0,5,1,6
60201,PADCAYA,desnutricion aguda,desnutricion grave (g),2007-10-01,0,1,0,0,0,1,1
10401,PADILLA,desnutricion aguda,desnutricion grave (g),2007-10-01,2,0,0,0,2,0,2
70502,PAILON,desnutricion aguda,desnutricion grave (g),2007-10-01,3,3,1,0,4,3,7
20102,PALCA,desnutricion aguda,desnutricion grave (g),2007-10-01,3,0,0,0,3,0,3
50403,POCOATA,desnutricion aguda,desnutricion grave (g),2007-10-01,2,2,2,1,4,3,7
31203,POCONA,desnutricion aguda,desnutricion grave (g),2007-10-01,1,0,0,0,1,0,1
31202,POJO (CBBA),desnutricion aguda,desnutricion grave (g),2007-10-01,1,1,0,0,1,1,2
51203,PORCO,desnutricion aguda,desnutricion grave (g),2007-10-01,1,2,0,0,1,2,3
10103,POROMA,desnutricion aguda,desnutricion grave (g),2007-10-01,5,12,5,6,10,18,28
70601,PORTACHUELO,desnutricion aguda,desnutricion grave (g),2007-10-01,0,0,1,0,1,0,1
70804,POSTRER VALLE,desnutricion aguda,desnutricion grave (g),2007-10-01,0,1,2,0,2,1,3
50101,POTOSI,desnutricion aguda,desnutricion grave (g),2007-10-01,5,17,3,4,8,21,29
10302,PRESTO,desnutricion aguda,desnutricion grave (g),2007-10-01,3,0,1,2,4,2,6
70805,PUCARA,desnutricion aguda,desnutricion grave (g),2007-10-01,1,0,0,0,1,0,1
90301,PUERTO GONZALO MORENO,desnutricion aguda,desnutricion grave (g),2007-10-01,3,1,1,0,4,1,5
71402,PUERTO QUIJARRO,desnutricion aguda,desnutricion grave (g),2007-10-01,1,0,0,0,1,0,1
90201,PUERTO RICO,desnutricion aguda,desnutricion grave (g),2007-10-01,1,2,0,0,1,2,3
71401,PUERTO SUAREZ,desnutricion aguda,desnutricion grave (g),2007-10-01,2,2,0,0,2,2,4
31205,PUERTO VILLARROEL,desnutricion aguda,desnutricion grave (g),2007-10-01,4,3,3,2,7,5,12
51101,PUNA,desnutricion aguda,desnutricion grave (g),2007-10-01,3,2,0,0,3,2,5
31401,PUNATA,desnutricion aguda,desnutricion grave (g),2007-10-01,8,8,0,4,8,12,20
30901,QUILLACOLLO,desnutricion aguda,desnutricion grave (g),2007-10-01,2,3,1,0,3,3,6
21002,QUIME,desnutricion aguda,desnutricion grave (g),2007-10-01,0,1,0,1,0,2,2
50402,RAVELO,desnutricion aguda,desnutricion grave (g),2007-10-01,6,8,5,5,11,13,24
80301,REYES,desnutricion aguda,desnutricion grave (g),2007-10-01,0,1,0,0,0,1,1
80201,RIBERALTA,desnutricion aguda,desnutricion grave (g),2007-10-01,9,23,1,3,10,26,36
70503,ROBORE,desnutricion aguda,desnutricion grave (g),2007-10-01,1,1,0,0,1,1,2
31001,SACABA,desnutricion aguda,desnutricion grave (g),2007-10-01,2,1,1,2,3,3,6
30404,SACABAMBA,desnutricion aguda,desnutricion grave (g),2007-10-01,1,0,0,0,1,0,1
50701,SACACA,desnutricion aguda,desnutricion grave (g),2007-10-01,5,4,4,0,9,4,13
71105,SAN ANTONIO DE LOMERIO,desnutricion aguda,desnutricion grave (g),2007-10-01,2,0,1,1,3,1,4
31403,SAN BENITO,desnutricion aguda,desnutricion grave (g),2007-10-01,0,2,0,0,0,2,2
80302,SAN BORJA,desnutricion aguda,desnutricion grave (g),2007-10-01,1,1,13,2,14,3,17
70402,SAN CARLOS,desnutricion aguda,desnutricion grave (g),2007-10-01,3,2,2,0,5,2,7
80501,SAN IGNACIO,desnutricion aguda,desnutricion grave (g),2007-10-01,2,3,0,0,2,3,5
70301,SAN IGNACIO DE VELASCO,desnutricion aguda,desnutricion grave (g),2007-10-01,5,6,2,3,7,9,16
70501,SAN JOSE DE CHIQUITOS,desnutricion aguda,desnutricion grave (g),2007-10-01,2,1,0,1,2,2,4
70404,SAN JUAN DE YAPACANI,desnutricion aguda,desnutricion grave (g),2007-10-01,1,1,0,0,1,1,2
71104,SAN JULIAN,desnutricion aguda,desnutricion grave (g),2007-10-01,2,0,0,0,2,0,2
90302,SAN LORENZO(PND),desnutricion aguda,desnutricion grave (g),2007-10-01,0,1,0,0,0,1,1
10702,SAN LUCAS,desnutricion aguda,desnutricion grave (g),2007-10-01,6,6,4,1,10,7,17
70302,SAN MIGUEL DE VELASCO,desnutricion aguda,desnutricion grave (g),2007-10-01,1,0,0,0,1,0,1
71005,SAN PEDRO,desnutricion aguda,desnutricion grave (g),2007-10-01,0,0,0,2,0,2,2
50501,SAN PEDRO DE BUENA VISTA,desnutricion aguda,desnutricion grave (g),2007-10-01,5,8,2,2,7,10,17
90202,SAN PEDRO(PND),desnutricion aguda,desnutricion grave (g),2007-10-01,1,0,0,1,1,1,2
70303,SAN RAFAEL,desnutricion aguda,desnutricion grave (g),2007-10-01,0,0,0,1,0,1,1
80702,SAN RAMON,desnutricion aguda,desnutricion grave (g),2007-10-01,0,0,0,1,0,1,1
80401,SANTA ANA,desnutricion aguda,desnutricion grave (g),2007-10-01,2,0,0,1,2,1,3
70101,SANTA CRUZ DE LA SIERRA,desnutricion aguda,desnutricion grave (g),2007-10-01,6,6,1,4,7,10,17
80303,SANTA ROSA,desnutricion aguda,desnutricion grave (g),2007-10-01,1,1,0,0,1,1,2
70602,SANTA ROSA DEL SARA,desnutricion aguda,desnutricion grave (g),2007-10-01,1,0,0,3,1,3,4
41401,SANTIAGO DE HUARI,desnutricion aguda,desnutricion grave (g),2007-10-01,1,1,1,0,2,1,3
40202,SANTUARIO DE QUILLACAS,desnutricion aguda,desnutricion grave (g),2007-10-01,1,0,0,0,1,0,1
90303,SENA,desnutricion aguda,desnutricion grave (g),2007-10-01,1,0,0,0,1,0,1
30703,SICAYA,desnutricion aguda,desnutricion grave (g),2007-10-01,0,1,0,0,0,1,1
30902,SIPE SIPE,desnutricion aguda,desnutricion grave (g),2007-10-01,0,1,0,0,0,1,1
10403,SOPACHUY,desnutricion aguda,desnutricion grave (g),2007-10-01,1,4,1,2,2,6,8
10101,SUCRE,desnutricion aguda,desnutricion grave (g),2007-10-01,4,8,1,8,5,16,21
50303,TACOBAMBA,desnutricion aguda,desnutricion grave (g),2007-10-01,2,8,2,4,4,12,16
30602,TACOPAYA,desnutricion aguda,desnutricion grave (g),2007-10-01,2,2,0,0,2,2,4
31101,TAPACARI,desnutricion aguda,desnutricion grave (g),2007-10-01,5,4,2,3,7,7,14
10601,TARABUCO,desnutricion aguda,desnutricion grave (g),2007-10-01,12,16,5,7,17,23,40
30401,TARATA,desnutricion aguda,desnutricion grave (g),2007-10-01,1,0,0,0,1,0,1
60101,TARIJA,desnutricion aguda,desnutricion grave (g),2007-10-01,4,7,1,2,5,9,14
10202,TARVITA,desnutricion aguda,desnutricion grave (g),2007-10-01,1,2,0,4,1,6,7
50102,TINGUIPAYA,desnutricion aguda,desnutricion grave (g),2007-10-01,4,10,3,3,7,13,20
30903,TIQUIPAYA,desnutricion aguda,desnutricion grave (g),2007-10-01,0,1,0,0,0,1,1
31601,TIRAQUE (CBBA),desnutricion aguda,desnutricion grave (g),2007-10-01,6,4,6,0,12,4,16
51202,TOMAVE,desnutricion aguda,desnutricion grave (g),2007-10-01,0,1,1,0,1,1,2
10402,TOMINA,desnutricion aguda,desnutricion grave (g),2007-10-01,0,3,1,3,1,6,7
50502,TORO TORO,desnutricion aguda,desnutricion grave (g),2007-10-01,2,3,2,1,4,4,8
31201,TOTORA(CBBA),desnutricion aguda,desnutricion grave (g),2007-10-01,3,4,0,0,3,4,7
41301,TOTORA(ORR),desnutricion aguda,desnutricion grave (g),2007-10-01,0,1,0,0,0,1,1
80101,TRINIDAD,desnutricion aguda,desnutricion grave (g),2007-10-01,3,4,0,0,3,4,7
50801,TUPIZA,desnutricion aguda,desnutricion grave (g),2007-10-01,0,1,1,0,1,1,2
50201,UNCIA,desnutricion aguda,desnutricion grave (g),2007-10-01,1,5,0,1,1,6,7
60401,URIONDO (A. CONCEPCION),desnutricion aguda,desnutricion grave (g),2007-10-01,1,0,0,0,1,0,1
51201,UYUNI,desnutricion aguda,desnutricion grave (g),2007-10-01,0,1,0,0,0,1,1
60303,VILLA MONTES,desnutricion aguda,desnutricion grave (g),2007-10-01,4,0,1,0,5,0,5
10801,VILLA SERRANO,desnutricion aguda,desnutricion grave (g),2007-10-01,0,0,1,0,1,0,1
31003,VILLA TUNARI,desnutricion aguda,desnutricion grave (g),2007-10-01,2,7,0,0,2,7,9
51501,VILLAZON,desnutricion aguda,desnutricion grave (g),2007-10-01,1,3,1,0,2,3,5
50602,VITICHI,desnutricion aguda,desnutricion grave (g),2007-10-01,1,1,0,2,1,3,4
60301,YACUIBA,desnutricion aguda,desnutricion grave (g),2007-10-01,0,3,0,1,0,4,4
10602,YAMPARAEZ,desnutricion aguda,desnutricion grave (g),2007-10-01,2,0,4,0,6,0,6
70403,YAPACANI,desnutricion aguda,desnutricion grave (g),2007-10-01,1,0,0,1,1,1,2
60402,YUNCHARA,desnutricion aguda,desnutricion grave (g),2007-10-01,2,0,3,0,5,0,5
10301,ZUDAÑEZ,desnutricion aguda,desnutricion grave (g),2007-10-01,0,0,3,3,3,3,6
51302,ACACIO,desnutricion aguda,desnutricion grave (g),2007-11-01,0,1,1,3,1,4,5
30201,AIQUILE,desnutricion aguda,desnutricion grave (g),2007-11-01,5,5,0,1,5,6,11
51301,ARAMPAMPA,desnutricion aguda,desnutricion grave (g),2007-11-01,6,3,0,2,6,5,11
30501,ARANI,desnutricion aguda,desnutricion grave (g),2007-11-01,1,0,0,0,1,0,1
30601,ARQUE,desnutricion aguda,desnutricion grave (g),2007-11-01,2,2,0,1,2,3,5
10201,AZURDUY,desnutricion aguda,desnutricion grave (g),2007-11-01,1,3,1,3,2,6,8
90104,BELLA FLOR,desnutricion aguda,desnutricion grave (g),2007-11-01,0,0,1,0,1,0,1
60202,BERMEJO,desnutricion aguda,desnutricion grave (g),2007-11-01,0,1,1,0,1,1,2
50301,BETANZOS,desnutricion aguda,desnutricion grave (g),2007-11-01,5,7,1,3,6,10,16
31501,BOLIVAR,desnutricion aguda,desnutricion grave (g),2007-11-01,4,4,1,3,5,7,12
10701,CAMARGO,desnutricion aguda,desnutricion grave (g),2007-11-01,1,2,0,2,1,4,5
10901,CAMATAQUI (C. VILLA ABECIA),desnutricion aguda,desnutricion grave (g),2007-11-01,0,0,0,1,0,1,1
70706,CAMIRI,desnutricion aguda,desnutricion grave (g),2007-11-01,0,1,0,0,0,1,1
30701,CAPINOTA,desnutricion aguda,desnutricion grave (g),2007-11-01,1,0,1,0,2,0,2
40102,CARACOLLO,desnutricion aguda,desnutricion grave (g),2007-11-01,0,2,0,0,0,2,2
50702,CARIPUYO,desnutricion aguda,desnutricion grave (g),2007-11-01,2,5,1,1,3,6,9
40201,CHALLAPATA,desnutricion aguda,desnutricion grave (g),2007-11-01,2,0,1,0,3,0,3
70702,CHARAGUA,desnutricion aguda,desnutricion grave (g),2007-11-01,1,1,0,0,1,1,2
50202,CHAYANTA,desnutricion aguda,desnutricion grave (g),2007-11-01,2,0,3,1,5,1,6
31204,CHIMORE,desnutricion aguda,desnutricion grave (g),2007-11-01,1,0,0,0,1,0,1
90101,COBIJA,desnutricion aguda,desnutricion grave (g),2007-11-01,6,4,2,0,8,4,12
30101,COCHABAMBA,desnutricion aguda,desnutricion grave (g),2007-11-01,11,4,3,5,14,9,23
30905,COLCAPIRHUA,desnutricion aguda,desnutricion grave (g),2007-11-01,1,0,0,0,1,0,1
31002,COLOMI,desnutricion aguda,desnutricion grave (g),2007-11-01,1,0,0,1,1,1,2
50401,COLQUECHACA,desnutricion aguda,desnutricion grave (g),2007-11-01,3,3,2,4,5,7,12
21004,COLQUIRI,desnutricion aguda,desnutricion grave (g),2007-11-01,1,1,0,0,1,1,2
71301,COMARAPA,desnutricion aguda,desnutricion grave (g),2007-11-01,2,0,1,0,3,0,3
71101,CONCEPCION,desnutricion aguda,desnutricion grave (g),2007-11-01,2,0,0,0,2,0,2
40301,CORQUE,desnutricion aguda,desnutricion grave (g),2007-11-01,0,1,0,0,0,1,1
50601,COTAGAITA,desnutricion aguda,desnutricion grave (g),2007-11-01,3,3,1,2,4,5,9
70102,COTOCA,desnutricion aguda,desnutricion grave (g),2007-11-01,0,1,1,2,1,3,4
31405,CUCHUMUELA (V. G. VILLARROEL),desnutricion aguda,desnutricion grave (g),2007-11-01,0,1,0,0,0,1,1
70704,CUEVO,desnutricion aguda,desnutricion grave (g),2007-11-01,0,0,1,0,1,0,1
10902,CULPINA,desnutricion aguda,desnutricion grave (g),2007-11-01,1,2,0,0,1,2,3
70105,EL TORNO,desnutricion aguda,desnutricion grave (g),2007-11-01,1,0,0,0,1,0,1
10405,EL VILLAR,desnutricion aguda,desnutricion grave (g),2007-11-01,0,2,0,1,0,3,3
60601,ENTRE RIOS,desnutricion aguda,desnutricion grave (g),2007-11-01,0,1,0,1,0,2,2
71002,GENERAL SAAVEDRA,desnutricion aguda,desnutricion grave (g),2007-11-01,0,1,0,0,0,1,1
80202,GUAYARAMERIN,desnutricion aguda,desnutricion grave (g),2007-11-01,0,2,1,0,1,2,3
70705,GUTIERREZ,desnutricion aguda,desnutricion grave (g),2007-11-01,2,1,1,1,3,2,5
80803,HUARACAJE,desnutricion aguda,desnutricion grave (g),2007-11-01,0,0,0,1,0,1,1
10304,ICLA,desnutricion aguda,desnutricion grave (g),2007-11-01,5,4,2,5,7,9,16
10703,INCAHUASI,desnutricion aguda,desnutricion grave (g),2007-11-01,0,3,0,2,0,5,5
21001,INQUISIVI,desnutricion aguda,desnutricion grave (g),2007-11-01,2,0,0,1,2,1,3
70104,LA GUARDIA,desnutricion aguda,desnutricion grave (g),2007-11-01,1,1,3,1,4,2,6
70701,LAGUNILLAS,desnutricion aguda,desnutricion grave (g),2007-11-01,1,1,0,0,1,1,2
50203,LLALLAGUA,desnutricion aguda,desnutricion grave (g),2007-11-01,2,2,0,0,2,2,4
70903,MAIRANA,desnutricion aguda,desnutricion grave (g),2007-11-01,0,1,0,0,0,1,1
71003,MINEROS,desnutricion aguda,desnutricion grave (g),2007-11-01,1,1,0,0,1,1,2
31301,MIZQUE,desnutricion aguda,desnutricion grave (g),2007-11-01,6,5,0,3,6,8,14
10303,MOJOCOYA,desnutricion aguda,desnutricion grave (g),2007-11-01,1,0,0,0,1,0,1
10501,MONTEAGUDO,desnutricion aguda,desnutricion grave (g),2007-11-01,4,2,1,2,5,4,9
71001,MONTERO,desnutricion aguda,desnutricion grave (g),2007-11-01,6,1,0,1,6,2,8
30302,MOROCHATA,desnutricion aguda,desnutricion grave (g),2007-11-01,2,1,0,1,2,2,4
50404,OCURI,desnutricion aguda,desnutricion grave (g),2007-11-01,4,6,1,0,5,6,11
40101,ORURO,desnutricion aguda,desnutricion grave (g),2007-11-01,3,4,1,2,4,6,10
70502,PAILON,desnutricion aguda,desnutricion grave (g),2007-11-01,2,2,1,0,3,2,5
20102,PALCA,desnutricion aguda,desnutricion grave (g),2007-11-01,0,1,1,0,1,1,2
40602,PAZÑA,desnutricion aguda,desnutricion grave (g),2007-11-01,0,1,0,0,0,1,1
50403,POCOATA,desnutricion aguda,desnutricion grave (g),2007-11-01,4,4,0,2,4,6,10
31203,POCONA,desnutricion aguda,desnutricion grave (g),2007-11-01,0,2,1,0,1,2,3
31202,POJO (CBBA),desnutricion aguda,desnutricion grave (g),2007-11-01,1,0,0,0,1,0,1
51203,PORCO,desnutricion aguda,desnutricion grave (g),2007-11-01,0,0,0,1,0,1,1
10103,POROMA,desnutricion aguda,desnutricion grave (g),2007-11-01,5,4,4,5,9,9,18
70103,PORONGO,desnutricion aguda,desnutricion grave (g),2007-11-01,1,0,0,0,1,0,1
70601,PORTACHUELO,desnutricion aguda,desnutricion grave (g),2007-11-01,1,1,1,0,2,1,3
90102,PORVENIR,desnutricion aguda,desnutricion grave (g),2007-11-01,1,0,0,0,1,0,1
50101,POTOSI,desnutricion aguda,desnutricion grave (g),2007-11-01,4,5,2,1,6,6,12
10302,PRESTO,desnutricion aguda,desnutricion grave (g),2007-11-01,3,1,1,1,4,2,6
90301,PUERTO GONZALO MORENO,desnutricion aguda,desnutricion grave (g),2007-11-01,3,0,3,0,6,0,6
71401,PUERTO SUAREZ,desnutricion aguda,desnutricion grave (g),2007-11-01,1,2,0,0,1,2,3
31205,PUERTO VILLARROEL,desnutricion aguda,desnutricion grave (g),2007-11-01,4,3,3,2,7,5,12
51101,PUNA,desnutricion aguda,desnutricion grave (g),2007-11-01,8,6,2,5,10,11,21
31401,PUNATA,desnutricion aguda,desnutricion grave (g),2007-11-01,6,8,10,3,16,11,27
30901,QUILLACOLLO,desnutricion aguda,desnutricion grave (g),2007-11-01,1,0,1,1,2,1,3
70904,QUIRUSILLAS,desnutricion aguda,desnutricion grave (g),2007-11-01,1,0,0,0,1,0,1
50402,RAVELO,desnutricion aguda,desnutricion grave (g),2007-11-01,4,5,1,1,5,6,11
80201,RIBERALTA,desnutricion aguda,desnutricion grave (g),2007-11-01,23,17,0,7,23,24,47
70503,ROBORE,desnutricion aguda,desnutricion grave (g),2007-11-01,0,1,0,0,0,1,1
80304,RURRENABAQUE,desnutricion aguda,desnutricion grave (g),2007-11-01,0,0,1,0,1,0,1
31001,SACABA,desnutricion aguda,desnutricion grave (g),2007-11-01,4,3,1,0,5,3,8
30404,SACABAMBA,desnutricion aguda,desnutricion grave (g),2007-11-01,1,0,0,0,1,0,1
50701,SACACA,desnutricion aguda,desnutricion grave (g),2007-11-01,4,2,2,1,6,3,9
71302,SAIPINA,desnutricion aguda,desnutricion grave (g),2007-11-01,0,0,1,1,1,1,2
80302,SAN BORJA,desnutricion aguda,desnutricion grave (g),2007-11-01,1,2,1,0,2,2,4
70402,SAN CARLOS,desnutricion aguda,desnutricion grave (g),2007-11-01,3,1,1,3,4,4,8
80501,SAN IGNACIO,desnutricion aguda,desnutricion grave (g),2007-11-01,3,5,0,0,3,5,8
70301,SAN IGNACIO DE VELASCO,desnutricion aguda,desnutricion grave (g),2007-11-01,6,11,2,4,8,15,23
70501,SAN JOSE DE CHIQUITOS,desnutricion aguda,desnutricion grave (g),2007-11-01,0,2,1,0,1,2,3
70404,SAN JUAN DE YAPACANI,desnutricion aguda,desnutricion grave (g),2007-11-01,1,0,0,0,1,0,1
71104,SAN JULIAN,desnutricion aguda,desnutricion grave (g),2007-11-01,1,0,1,0,2,0,2
90302,SAN LORENZO(PND),desnutricion aguda,desnutricion grave (g),2007-11-01,2,0,0,0,2,0,2
10702,SAN LUCAS,desnutricion aguda,desnutricion grave (g),2007-11-01,10,10,0,1,10,11,21
50501,SAN PEDRO DE BUENA VISTA,desnutricion aguda,desnutricion grave (g),2007-11-01,1,2,0,0,1,2,3
70303,SAN RAFAEL,desnutricion aguda,desnutricion grave (g),2007-11-01,0,0,1,0,1,0,1
80401,SANTA ANA,desnutricion aguda,desnutricion grave (g),2007-11-01,0,1,0,0,0,1,1
70101,SANTA CRUZ DE LA SIERRA,desnutricion aguda,desnutricion grave (g),2007-11-01,5,4,1,1,6,5,11
80303,SANTA ROSA,desnutricion aguda,desnutricion grave (g),2007-11-01,2,1,0,0,2,1,3
70602,SANTA ROSA DEL SARA,desnutricion aguda,desnutricion grave (g),2007-11-01,2,1,1,1,3,2,5
41401,SANTIAGO DE HUARI,desnutricion aguda,desnutricion grave (g),2007-11-01,2,5,2,1,4,6,10
30902,SIPE SIPE,desnutricion aguda,desnutricion grave (g),2007-11-01,5,0,1,0,6,0,6
10403,SOPACHUY,desnutricion aguda,desnutricion grave (g),2007-11-01,3,6,1,2,4,8,12
40104,SORACACHI,desnutricion aguda,desnutricion grave (g),2007-11-01,1,1,0,0,1,1,2
10101,SUCRE,desnutricion aguda,desnutricion grave (g),2007-11-01,7,2,1,3,8,5,13
50303,TACOBAMBA,desnutricion aguda,desnutricion grave (g),2007-11-01,2,0,2,2,4,2,6
30602,TACOPAYA,desnutricion aguda,desnutricion grave (g),2007-11-01,1,0,0,0,1,0,1
31101,TAPACARI,desnutricion aguda,desnutricion grave (g),2007-11-01,5,4,3,2,8,6,14
10601,TARABUCO,desnutricion aguda,desnutricion grave (g),2007-11-01,7,4,2,4,9,8,17
30401,TARATA,desnutricion aguda,desnutricion grave (g),2007-11-01,1,0,0,0,1,0,1
60101,TARIJA,desnutricion aguda,desnutricion grave (g),2007-11-01,1,1,1,1,2,2,4
10202,TARVITA,desnutricion aguda,desnutricion grave (g),2007-11-01,2,6,4,3,6,9,15
50102,TINGUIPAYA,desnutricion aguda,desnutricion grave (g),2007-11-01,1,3,2,0,3,3,6
31601,TIRAQUE (CBBA),desnutricion aguda,desnutricion grave (g),2007-11-01,4,1,1,1,5,2,7
30802,TOCO,desnutricion aguda,desnutricion grave (g),2007-11-01,2,0,0,0,2,0,2
30803,TOLATA,desnutricion aguda,desnutricion grave (g),2007-11-01,0,1,0,0,0,1,1
51202,TOMAVE,desnutricion aguda,desnutricion grave (g),2007-11-01,0,1,1,0,1,1,2
10402,TOMINA,desnutricion aguda,desnutricion grave (g),2007-11-01,3,1,2,2,5,3,8
50502,TORO TORO,desnutricion aguda,desnutricion grave (g),2007-11-01,4,2,3,2,7,4,11
31201,TOTORA(CBBA),desnutricion aguda,desnutricion grave (g),2007-11-01,3,0,0,0,3,0,3
41301,TOTORA(ORR),desnutricion aguda,desnutricion grave (g),2007-11-01,0,1,0,0,0,1,1
80101,TRINIDAD,desnutricion aguda,desnutricion grave (g),2007-11-01,0,5,1,0,1,5,6
50801,TUPIZA,desnutricion aguda,desnutricion grave (g),2007-11-01,1,0,0,0,1,0,1
50201,UNCIA,desnutricion aguda,desnutricion grave (g),2007-11-01,3,2,0,0,3,2,5
60401,URIONDO (A. CONCEPCION),desnutricion aguda,desnutricion grave (g),2007-11-01,1,0,0,0,1,0,1
51201,UYUNI,desnutricion aguda,desnutricion grave (g),2007-11-01,0,0,1,0,1,0,1
30502,VACAS,desnutricion aguda,desnutricion grave (g),2007-11-01,1,1,0,0,1,1,2
31302,VILA VILA,desnutricion aguda,desnutricion grave (g),2007-11-01,1,1,0,0,1,1,2
60303,VILLA MONTES,desnutricion aguda,desnutricion grave (g),2007-11-01,1,0,0,0,1,0,1
31402,VILLA RIVERO,desnutricion aguda,desnutricion grave (g),2007-11-01,1,1,0,0,1,1,2
10801,VILLA SERRANO,desnutricion aguda,desnutricion grave (g),2007-11-01,0,1,0,0,0,1,1
31003,VILLA TUNARI,desnutricion aguda,desnutricion grave (g),2007-11-01,5,2,3,1,8,3,11
51501,VILLAZON,desnutricion aguda,desnutricion grave (g),2007-11-01,0,0,0,1,0,1,1
50602,VITICHI,desnutricion aguda,desnutricion grave (g),2007-11-01,4,1,1,1,5,2,7
70201,WARNES,desnutricion aguda,desnutricion grave (g),2007-11-01,0,1,0,1,0,2,2
10602,YAMPARAEZ,desnutricion aguda,desnutricion grave (g),2007-11-01,2,0,2,0,4,0,4
70403,YAPACANI,desnutricion aguda,desnutricion grave (g),2007-11-01,0,1,0,2,0,3,3
60402,YUNCHARA,desnutricion aguda,desnutricion grave (g),2007-11-01,1,0,0,0,1,0,1
10301,ZUDAÑEZ,desnutricion aguda,desnutricion grave (g),2007-11-01,0,0,1,0,1,0,1
51302,ACACIO,desnutricion aguda,desnutricion grave (g),2007-12-01,2,2,1,1,3,3,6
30201,AIQUILE,desnutricion aguda,desnutricion grave (g),2007-12-01,1,2,2,0,3,2,5
31303,ALALAY,desnutricion aguda,desnutricion grave (g),2007-12-01,1,1,0,0,1,1,2
40603,ANTEQUERA,desnutricion aguda,desnutricion grave (g),2007-12-01,0,0,0,3,0,3,3
51301,ARAMPAMPA,desnutricion aguda,desnutricion grave (g),2007-12-01,2,3,1,1,3,4,7
30403,ARBIETO,desnutricion aguda,desnutricion grave (g),2007-12-01,0,1,0,1,0,2,2
30601,ARQUE,desnutricion aguda,desnutricion grave (g),2007-12-01,1,1,0,0,1,1,2
71501,ASCENCION DE GUARAYOS,desnutricion aguda,desnutricion grave (g),2007-12-01,5,2,3,2,8,4,12
50802,ATOCHA,desnutricion aguda,desnutricion grave (g),2007-12-01,0,1,0,0,0,1,1
30301,AYOPAYA (V. DE INDEPENDENCIA),desnutricion aguda,desnutricion grave (g),2007-12-01,0,0,2,0,2,0,2
10201,AZURDUY,desnutricion aguda,desnutricion grave (g),2007-12-01,3,2,1,3,4,5,9
60202,BERMEJO,desnutricion aguda,desnutricion grave (g),2007-12-01,1,0,0,0,1,0,1
50301,BETANZOS,desnutricion aguda,desnutricion grave (g),2007-12-01,7,3,2,3,9,6,15
31501,BOLIVAR,desnutricion aguda,desnutricion grave (g),2007-12-01,1,0,0,1,1,1,2
70703,CABEZAS,desnutricion aguda,desnutricion grave (g),2007-12-01,0,1,0,0,0,1,1
51102,"CAIZA ""D""",desnutricion aguda,desnutricion grave (g),2007-12-01,1,0,0,0,1,0,1
10701,CAMARGO,desnutricion aguda,desnutricion grave (g),2007-12-01,0,3,0,2,0,5,5
70706,CAMIRI,desnutricion aguda,desnutricion grave (g),2007-12-01,0,1,0,0,0,1,1
30701,CAPINOTA,desnutricion aguda,desnutricion grave (g),2007-12-01,2,1,0,0,2,1,3
40102,CARACOLLO,desnutricion aguda,desnutricion grave (g),2007-12-01,2,0,1,0,3,0,3
50702,CARIPUYO,desnutricion aguda,desnutricion grave (g),2007-12-01,0,3,1,2,1,5,6
40201,CHALLAPATA,desnutricion aguda,desnutricion grave (g),2007-12-01,0,0,1,0,1,0,1
50302,CHAQUI,desnutricion aguda,desnutricion grave (g),2007-12-01,1,0,0,0,1,0,1
70702,CHARAGUA,desnutricion aguda,desnutricion grave (g),2007-12-01,0,2,0,1,0,3,3
50202,CHAYANTA,desnutricion aguda,desnutricion grave (g),2007-12-01,1,1,0,1,1,2,3
31204,CHIMORE,desnutricion aguda,desnutricion grave (g),2007-12-01,0,0,2,0,2,0,2
30801,CLIZA,desnutricion aguda,desnutricion grave (g),2007-12-01,1,0,0,0,1,0,1
90101,COBIJA,desnutricion aguda,desnutricion grave (g),2007-12-01,4,2,0,0,4,2,6
30101,COCHABAMBA,desnutricion aguda,desnutricion grave (g),2007-12-01,11,15,4,5,15,20,35
30905,COLCAPIRHUA,desnutricion aguda,desnutricion grave (g),2007-12-01,2,0,0,0,2,0,2
50401,COLQUECHACA,desnutricion aguda,desnutricion grave (g),2007-12-01,6,7,1,1,7,8,15
21004,COLQUIRI,desnutricion aguda,desnutricion grave (g),2007-12-01,1,1,0,0,1,1,2
71301,COMARAPA,desnutricion aguda,desnutricion grave (g),2007-12-01,0,2,0,0,0,2,2
71101,CONCEPCION,desnutricion aguda,desnutricion grave (g),2007-12-01,2,4,0,0,2,4,6
50601,COTAGAITA,desnutricion aguda,desnutricion grave (g),2007-12-01,1,5,2,1,3,6,9
70102,COTOCA,desnutricion aguda,desnutricion grave (g),2007-12-01,2,1,0,0,2,1,3
70704,CUEVO,desnutricion aguda,desnutricion grave (g),2007-12-01,0,0,1,0,1,0,1
10902,CULPINA,desnutricion aguda,desnutricion grave (g),2007-12-01,0,2,0,0,0,2,2
71503,EL PUENTE(STC),desnutricion aguda,desnutricion grave (g),2007-12-01,0,0,1,0,1,0,1
70105,EL TORNO,desnutricion aguda,desnutricion grave (g),2007-12-01,1,1,0,0,1,1,2
10405,EL VILLAR,desnutricion aguda,desnutricion grave (g),2007-12-01,0,1,0,1,0,2,2
60601,ENTRE RIOS,desnutricion aguda,desnutricion grave (g),2007-12-01,0,0,0,1,0,1,1
60601,ENTRE RIOS,desnutricion aguda,desnutricion grave (g),2007-12-01,0,0,0,1,0,1,1
71002,GENERAL SAAVEDRA,desnutricion aguda,desnutricion grave (g),2007-12-01,0,0,1,0,1,0,1
80202,GUAYARAMERIN,desnutricion aguda,desnutricion grave (g),2007-12-01,4,1,0,1,4,2,6
70705,GUTIERREZ,desnutricion aguda,desnutricion grave (g),2007-12-01,2,4,2,2,4,6,10
40701,HUANUNI,desnutricion aguda,desnutricion grave (g),2007-12-01,1,0,0,0,1,0,1
80803,HUARACAJE,desnutricion aguda,desnutricion grave (g),2007-12-01,0,1,0,0,0,1,1
10304,ICLA,desnutricion aguda,desnutricion grave (g),2007-12-01,4,13,0,1,4,14,18
10703,INCAHUASI,desnutricion aguda,desnutricion grave (g),2007-12-01,4,2,0,2,4,4,8
21001,INQUISIVI,desnutricion aguda,desnutricion grave (g),2007-12-01,2,0,0,0,2,0,2
70104,LA GUARDIA,desnutricion aguda,desnutricion grave (g),2007-12-01,5,8,0,0,5,8,13
50203,LLALLAGUA,desnutricion aguda,desnutricion grave (g),2007-12-01,1,1,0,0,1,1,2
71003,MINEROS,desnutricion aguda,desnutricion grave (g),2007-12-01,2,0,0,0,2,0,2
31301,MIZQUE,desnutricion aguda,desnutricion grave (g),2007-12-01,0,3,0,0,0,3,3
10303,MOJOCOYA,desnutricion aguda,desnutricion grave (g),2007-12-01,0,0,0,1,0,1,1
10501,MONTEAGUDO,desnutricion aguda,desnutricion grave (g),2007-12-01,2,2,2,2,4,4,8
71001,MONTERO,desnutricion aguda,desnutricion grave (g),2007-12-01,5,2,0,0,5,2,7
30302,MOROCHATA,desnutricion aguda,desnutricion grave (g),2007-12-01,1,1,0,0,1,1,2
50404,OCURI,desnutricion aguda,desnutricion grave (g),2007-12-01,6,6,3,1,9,7,16
40101,ORURO,desnutricion aguda,desnutricion grave (g),2007-12-01,1,1,0,0,1,1,2
60201,PADCAYA,desnutricion aguda,desnutricion grave (g),2007-12-01,0,0,0,1,0,1,1
10401,PADILLA,desnutricion aguda,desnutricion grave (g),2007-12-01,2,1,0,0,2,1,3
70502,PAILON,desnutricion aguda,desnutricion grave (g),2007-12-01,1,0,0,0,1,0,1
70902,PAMPA GRANDE,desnutricion aguda,desnutricion grave (g),2007-12-01,0,1,0,0,0,1,1
50403,POCOATA,desnutricion aguda,desnutricion grave (g),2007-12-01,1,4,2,1,3,5,8
31203,POCONA,desnutricion aguda,desnutricion grave (g),2007-12-01,1,1,0,0,1,1,2
51203,PORCO,desnutricion aguda,desnutricion grave (g),2007-12-01,0,3,0,0,0,3,3
10103,POROMA,desnutricion aguda,desnutricion grave (g),2007-12-01,1,8,1,4,2,12,14
70601,PORTACHUELO,desnutricion aguda,desnutricion grave (g),2007-12-01,0,0,1,0,1,0,1
90102,PORVENIR,desnutricion aguda,desnutricion grave (g),2007-12-01,0,1,0,0,0,1,1
10302,PRESTO,desnutricion aguda,desnutricion grave (g),2007-12-01,1,0,1,0,2,0,2
70805,PUCARA,desnutricion aguda,desnutricion grave (g),2007-12-01,1,0,0,0,1,0,1
90301,PUERTO GONZALO MORENO,desnutricion aguda,desnutricion grave (g),2007-12-01,1,2,1,0,2,2,4
31205,PUERTO VILLARROEL,desnutricion aguda,desnutricion grave (g),2007-12-01,6,4,4,2,10,6,16
51101,PUNA,desnutricion aguda,desnutricion grave (g),2007-12-01,10,3,3,4,13,7,20
30901,QUILLACOLLO,desnutricion aguda,desnutricion grave (g),2007-12-01,4,4,2,3,6,7,13
50402,RAVELO,desnutricion aguda,desnutricion grave (g),2007-12-01,5,7,2,0,7,7,14
80201,RIBERALTA,desnutricion aguda,desnutricion grave (g),2007-12-01,13,27,0,4,13,31,44
70503,ROBORE,desnutricion aguda,desnutricion grave (g),2007-12-01,2,0,0,1,2,1,3
80304,RURRENABAQUE,desnutricion aguda,desnutricion grave (g),2007-12-01,0,2,0,0,0,2,2
31001,SACABA,desnutricion aguda,desnutricion grave (g),2007-12-01,1,2,1,0,2,2,4
50701,SACACA,desnutricion aguda,desnutricion grave (g),2007-12-01,7,1,1,3,8,4,12
71302,SAIPINA,desnutricion aguda,desnutricion grave (g),2007-12-01,0,0,2,0,2,0,2
71105,SAN ANTONIO DE LOMERIO,desnutricion aguda,desnutricion grave (g),2007-12-01,2,1,1,0,3,1,4
80302,SAN BORJA,desnutricion aguda,desnutricion grave (g),2007-12-01,5,1,2,0,7,1,8
70402,SAN CARLOS,desnutricion aguda,desnutricion grave (g),2007-12-01,2,0,0,1,2,1,3
80501,SAN IGNACIO,desnutricion aguda,desnutricion grave (g),2007-12-01,1,4,0,0,1,4,5
70301,SAN IGNACIO DE VELASCO,desnutricion aguda,desnutricion grave (g),2007-12-01,2,3,2,1,4,4,8
70501,SAN JOSE DE CHIQUITOS,desnutricion aguda,desnutricion grave (g),2007-12-01,1,0,0,0,1,0,1
70404,SAN JUAN DE YAPACANI,desnutricion aguda,desnutricion grave (g),2007-12-01,1,1,0,0,1,1,2
90302,SAN LORENZO(PND),desnutricion aguda,desnutricion grave (g),2007-12-01,0,1,0,0,0,1,1
10702,SAN LUCAS,desnutricion aguda,desnutricion grave (g),2007-12-01,10,4,1,2,11,6,17
71201,SAN MATIAS,desnutricion aguda,desnutricion grave (g),2007-12-01,1,0,0,0,1,0,1
71005,SAN PEDRO,desnutricion aguda,desnutricion grave (g),2007-12-01,0,1,0,0,0,1,1
50501,SAN PEDRO DE BUENA VISTA,desnutricion aguda,desnutricion grave (g),2007-12-01,1,2,0,2,1,4,5
70303,SAN RAFAEL,desnutricion aguda,desnutricion grave (g),2007-12-01,0,0,0,1,0,1,1
80702,SAN RAMON,desnutricion aguda,desnutricion grave (g),2007-12-01,0,0,1,0,1,0,1
80401,SANTA ANA,desnutricion aguda,desnutricion grave (g),2007-12-01,0,3,0,0,0,3,3
70101,SANTA CRUZ DE LA SIERRA,desnutricion aguda,desnutricion grave (g),2007-12-01,6,12,4,2,10,14,24
70602,SANTA ROSA DEL SARA,desnutricion aguda,desnutricion grave (g),2007-12-01,1,0,0,1,1,1,2
41401,SANTIAGO DE HUARI,desnutricion aguda,desnutricion grave (g),2007-12-01,1,2,0,0,1,2,3
30902,SIPE SIPE,desnutricion aguda,desnutricion grave (g),2007-12-01,4,3,2,3,6,6,12
10403,SOPACHUY,desnutricion aguda,desnutricion grave (g),2007-12-01,1,2,0,0,1,2,3
40104,SORACACHI,desnutricion aguda,desnutricion grave (g),2007-12-01,1,0,0,0,1,0,1
10101,SUCRE,desnutricion aguda,desnutricion grave (g),2007-12-01,11,1,1,3,12,4,16
50303,TACOBAMBA,desnutricion aguda,desnutricion grave (g),2007-12-01,4,1,0,1,4,2,6
30602,TACOPAYA,desnutricion aguda,desnutricion grave (g),2007-12-01,1,0,0,0,1,0,1
31101,TAPACARI,desnutricion aguda,desnutricion grave (g),2007-12-01,3,3,1,2,4,5,9
10601,TARABUCO,desnutricion aguda,desnutricion grave (g),2007-12-01,12,5,1,3,13,8,21
60101,TARIJA,desnutricion aguda,desnutricion grave (g),2007-12-01,1,7,1,1,2,8,10
10202,TARVITA,desnutricion aguda,desnutricion grave (g),2007-12-01,0,2,0,2,0,4,4
50102,TINGUIPAYA,desnutricion aguda,desnutricion grave (g),2007-12-01,2,2,3,1,5,3,8
31601,TIRAQUE (CBBA),desnutricion aguda,desnutricion grave (g),2007-12-01,0,2,3,2,3,4,7
30802,TOCO,desnutricion aguda,desnutricion grave (g),2007-12-01,0,1,0,0,0,1,1
41001,TOLEDO,desnutricion aguda,desnutricion grave (g),2007-12-01,0,1,0,0,0,1,1
51202,TOMAVE,desnutricion aguda,desnutricion grave (g),2007-12-01,0,1,1,2,1,3,4
10402,TOMINA,desnutricion aguda,desnutricion grave (g),2007-12-01,2,3,3,5,5,8,13
50502,TORO TORO,desnutricion aguda,desnutricion grave (g),2007-12-01,2,4,0,0,2,4,6
31201,TOTORA(CBBA),desnutricion aguda,desnutricion grave (g),2007-12-01,0,1,1,0,1,1,2
41301,TOTORA(ORR),desnutricion aguda,desnutricion grave (g),2007-12-01,1,1,0,0,1,1,2
80101,TRINIDAD,desnutricion aguda,desnutricion grave (g),2007-12-01,3,3,1,1,4,4,8
50801,TUPIZA,desnutricion aguda,desnutricion grave (g),2007-12-01,3,0,1,0,4,0,4
50201,UNCIA,desnutricion aguda,desnutricion grave (g),2007-12-01,1,3,1,0,2,3,5
60401,URIONDO (A. CONCEPCION),desnutricion aguda,desnutricion grave (g),2007-12-01,1,0,0,0,1,0,1
71502,URUBICHA,desnutricion aguda,desnutricion grave (g),2007-12-01,1,6,3,3,4,9,13
30502,VACAS,desnutricion aguda,desnutricion grave (g),2007-12-01,1,0,0,1,1,1,2
70801,VALLEGRANDE,desnutricion aguda,desnutricion grave (g),2007-12-01,0,1,0,0,0,1,1
60303,VILLA MONTES,desnutricion aguda,desnutricion grave (g),2007-12-01,0,1,1,0,1,1,2
90502,VILLA NUEVA (LOMA ALTA),desnutricion aguda,desnutricion grave (g),2007-12-01,1,1,0,0,1,1,2
10801,VILLA SERRANO,desnutricion aguda,desnutricion grave (g),2007-12-01,0,0,1,1,1,1,2
31003,VILLA TUNARI,desnutricion aguda,desnutricion grave (g),2007-12-01,0,5,0,0,0,5,5
51501,VILLAZON,desnutricion aguda,desnutricion grave (g),2007-12-01,1,3,1,0,2,3,5
50602,VITICHI,desnutricion aguda,desnutricion grave (g),2007-12-01,3,3,0,0,3,3,6
70201,WARNES,desnutricion aguda,desnutricion grave (g),2007-12-01,2,2,0,2,2,4,6
60301,YACUIBA,desnutricion aguda,desnutricion grave (g),2007-12-01,0,2,2,1,2,3,5
10602,YAMPARAEZ,desnutricion aguda,desnutricion grave (g),2007-12-01,2,0,2,0,4,0,4
70403,YAPACANI,desnutricion aguda,desnutricion grave (g),2007-12-01,2,3,0,0,2,3,5
60402,YUNCHARA,desnutricion aguda,desnutricion grave (g),2007-12-01,1,0,0,0,1,0,1
10301,ZUDAÑEZ,desnutricion aguda,desnutricion grave (g),2007-12-01,0,0,1,1,1,1,2
