codigo_municipio,municipio,grupo,variable,mes,hombres total,mujeres total,total
20201,ACHACACHI,salud sexual y reproductiva,hemorragia de la primera mitad del embarazo (< 22 sem) aborto,2017-01-01,1,0,1
30201,AIQUILE,salud sexual y reproductiva,hemorragia de la primera mitad del embarazo (< 22 sem) aborto,2017-01-01,6,0,6
20202,ANCORAIMES,salud sexual y reproductiva,hemorragia de la primera mitad del embarazo (< 22 sem) aborto,2017-01-01,0,1,1
30402,ANZALDO,salud sexual y reproductiva,hemorragia de la primera mitad del embarazo (< 22 sem) aborto,2017-01-01,1,0,1
20701,APOLO,salud sexual y reproductiva,hemorragia de la primera mitad del embarazo (< 22 sem) aborto,2017-01-01,0,6,6
71501,ASCENCION DE GUARAYOS,salud sexual y reproductiva,hemorragia de la primera mitad del embarazo (< 22 sem) aborto,2017-01-01,14,6,20
60202,BERMEJO,salud sexual y reproductiva,hemorragia de la primera mitad del embarazo (< 22 sem) aborto,2017-01-01,0,1,1
21003,CAJUATA,salud sexual y reproductiva,hemorragia de la primera mitad del embarazo (< 22 sem) aborto,2017-01-01,3,0,3
10701,CAMARGO,salud sexual y reproductiva,hemorragia de la primera mitad del embarazo (< 22 sem) aborto,2017-01-01,0,4,4
70706,CAMIRI,salud sexual y reproductiva,hemorragia de la primera mitad del embarazo (< 22 sem) aborto,2017-01-01,10,0,10
22001,CARANAVI,salud sexual y reproductiva,hemorragia de la primera mitad del embarazo (< 22 sem) aborto,2017-01-01,26,0,26
70702,CHARAGUA,salud sexual y reproductiva,hemorragia de la primera mitad del embarazo (< 22 sem) aborto,2017-01-01,2,0,2
20203,CHUA COCANI,salud sexual y reproductiva,hemorragia de la primera mitad del embarazo (< 22 sem) aborto,2017-01-01,1,0,1
21101,CHULUMANI (V. DE LA LIBERTAD),salud sexual y reproductiva,hemorragia de la primera mitad del embarazo (< 22 sem) aborto,2017-01-01,7,0,7
30801,CLIZA,salud sexual y reproductiva,hemorragia de la primera mitad del embarazo (< 22 sem) aborto,2017-01-01,16,1,17
90101,COBIJA,salud sexual y reproductiva,hemorragia de la primera mitad del embarazo (< 22 sem) aborto,2017-01-01,20,0,20
30303,COCAPATA,salud sexual y reproductiva,hemorragia de la primera mitad del embarazo (< 22 sem) aborto,2017-01-01,1,0,1
30101,COCHABAMBA,salud sexual y reproductiva,hemorragia de la primera mitad del embarazo (< 22 sem) aborto,2017-01-01,186,17,203
30905,COLCAPIRHUA,salud sexual y reproductiva,hemorragia de la primera mitad del embarazo (< 22 sem) aborto,2017-01-01,2,0,2
50401,COLQUECHACA,salud sexual y reproductiva,hemorragia de la primera mitad del embarazo (< 22 sem) aborto,2017-01-01,1,0,1
71301,COMARAPA,salud sexual y reproductiva,hemorragia de la primera mitad del embarazo (< 22 sem) aborto,2017-01-01,3,0,3
71101,CONCEPCION,salud sexual y reproductiva,hemorragia de la primera mitad del embarazo (< 22 sem) aborto,2017-01-01,4,0,4
21402,CORIPATA,salud sexual y reproductiva,hemorragia de la primera mitad del embarazo (< 22 sem) aborto,2017-01-01,1,0,1
21401,COROICO,salud sexual y reproductiva,hemorragia de la primera mitad del embarazo (< 22 sem) aborto,2017-01-01,1,0,1
70102,COTOCA,salud sexual y reproductiva,hemorragia de la primera mitad del embarazo (< 22 sem) aborto,2017-01-01,4,0,4
71106,CUATRO CAÃ‘ADAS,salud sexual y reproductiva,hemorragia de la primera mitad del embarazo (< 22 sem) aborto,2017-01-01,6,0,6
10902,CULPINA,salud sexual y reproductiva,hemorragia de la primera mitad del embarazo (< 22 sem) aborto,2017-01-01,1,0,1
20105,EL ALTO,salud sexual y reproductiva,hemorragia de la primera mitad del embarazo (< 22 sem) aborto,2017-01-01,103,7,110
70105,EL TORNO,salud sexual y reproductiva,hemorragia de la primera mitad del embarazo (< 22 sem) aborto,2017-01-01,18,0,18
90203,FILADELFIA,salud sexual y reproductiva,hemorragia de la primera mitad del embarazo (< 22 sem) aborto,2017-01-01,0,1,1
20602,GUANAY,salud sexual y reproductiva,hemorragia de la primera mitad del embarazo (< 22 sem) aborto,2017-01-01,0,2,2
80202,GUAYARAMERIN,salud sexual y reproductiva,hemorragia de la primera mitad del embarazo (< 22 sem) aborto,2017-01-01,1,0,1
70705,GUTIERREZ,salud sexual y reproductiva,hemorragia de la primera mitad del embarazo (< 22 sem) aborto,2017-01-01,2,0,2
10502,HUACARETA,salud sexual y reproductiva,hemorragia de la primera mitad del embarazo (< 22 sem) aborto,2017-01-01,0,1,1
40701,HUANUNI,salud sexual y reproductiva,hemorragia de la primera mitad del embarazo (< 22 sem) aborto,2017-01-01,8,0,8
20206,HUATAJATA,salud sexual y reproductiva,hemorragia de la primera mitad del embarazo (< 22 sem) aborto,2017-01-01,1,1,2
21001,INQUISIVI,salud sexual y reproductiva,hemorragia de la primera mitad del embarazo (< 22 sem) aborto,2017-01-01,0,1,1
21102,IRUPANA (VILLA DE LANZA),salud sexual y reproductiva,hemorragia de la primera mitad del embarazo (< 22 sem) aborto,2017-01-01,0,1,1
70104,LA GUARDIA,salud sexual y reproductiva,hemorragia de la primera mitad del embarazo (< 22 sem) aborto,2017-01-01,2,2,4
20101,LA PAZ,salud sexual y reproductiva,hemorragia de la primera mitad del embarazo (< 22 sem) aborto,2017-01-01,151,18,169
10903,LAS CARRERAS,salud sexual y reproductiva,hemorragia de la primera mitad del embarazo (< 22 sem) aborto,2017-01-01,1,0,1
11003,MACHARETI,salud sexual y reproductiva,hemorragia de la primera mitad del embarazo (< 22 sem) aborto,2017-01-01,1,2,3
70903,MAIRANA,salud sexual y reproductiva,hemorragia de la primera mitad del embarazo (< 22 sem) aborto,2017-01-01,3,0,3
10501,MONTEAGUDO,salud sexual y reproductiva,hemorragia de la primera mitad del embarazo (< 22 sem) aborto,2017-01-01,5,0,5
71001,MONTERO,salud sexual y reproductiva,hemorragia de la primera mitad del embarazo (< 22 sem) aborto,2017-01-01,2,0,2
30302,MOROCHATA,salud sexual y reproductiva,hemorragia de la primera mitad del embarazo (< 22 sem) aborto,2017-01-01,1,1,2
40101,ORURO,salud sexual y reproductiva,hemorragia de la primera mitad del embarazo (< 22 sem) aborto,2017-01-01,9,2,11
70502,PAILON,salud sexual y reproductiva,hemorragia de la primera mitad del embarazo (< 22 sem) aborto,2017-01-01,2,0,2
21104,PALOS BLANCOS,salud sexual y reproductiva,hemorragia de la primera mitad del embarazo (< 22 sem) aborto,2017-01-01,4,0,4
70103,PORONGO,salud sexual y reproductiva,hemorragia de la primera mitad del embarazo (< 22 sem) aborto,2017-01-01,0,1,1
50101,POTOSI,salud sexual y reproductiva,hemorragia de la primera mitad del embarazo (< 22 sem) aborto,2017-01-01,24,0,24
21201,PUCARANI,salud sexual y reproductiva,hemorragia de la primera mitad del embarazo (< 22 sem) aborto,2017-01-01,1,1,2
71401,PUERTO SUAREZ,salud sexual y reproductiva,hemorragia de la primera mitad del embarazo (< 22 sem) aborto,2017-01-01,4,0,4
31205,PUERTO VILLARROEL,salud sexual y reproductiva,hemorragia de la primera mitad del embarazo (< 22 sem) aborto,2017-01-01,18,0,18
31401,PUNATA,salud sexual y reproductiva,hemorragia de la primera mitad del embarazo (< 22 sem) aborto,2017-01-01,18,0,18
30901,QUILLACOLLO,salud sexual y reproductiva,hemorragia de la primera mitad del embarazo (< 22 sem) aborto,2017-01-01,76,0,76
80301,REYES,salud sexual y reproductiva,hemorragia de la primera mitad del embarazo (< 22 sem) aborto,2017-01-01,2,0,2
80201,RIBERALTA,salud sexual y reproductiva,hemorragia de la primera mitad del embarazo (< 22 sem) aborto,2017-01-01,23,1,24
70503,ROBORE,salud sexual y reproductiva,hemorragia de la primera mitad del embarazo (< 22 sem) aborto,2017-01-01,9,0,9
31001,SACABA,salud sexual y reproductiva,hemorragia de la primera mitad del embarazo (< 22 sem) aborto,2017-01-01,4,6,10
30404,SACABAMBA,salud sexual y reproductiva,hemorragia de la primera mitad del embarazo (< 22 sem) aborto,2017-01-01,1,0,1
70901,SAMAIPATA,salud sexual y reproductiva,hemorragia de la primera mitad del embarazo (< 22 sem) aborto,2017-01-01,1,0,1
80302,SAN BORJA,salud sexual y reproductiva,hemorragia de la primera mitad del embarazo (< 22 sem) aborto,2017-01-01,8,0,8
21502,SAN BUENA VENTURA,salud sexual y reproductiva,hemorragia de la primera mitad del embarazo (< 22 sem) aborto,2017-01-01,3,0,3
70402,SAN CARLOS,salud sexual y reproductiva,hemorragia de la primera mitad del embarazo (< 22 sem) aborto,2017-01-01,7,0,7
70301,SAN IGNACIO DE VELASCO,salud sexual y reproductiva,hemorragia de la primera mitad del embarazo (< 22 sem) aborto,2017-01-01,7,0,7
70501,SAN JOSE DE CHIQUITOS,salud sexual y reproductiva,hemorragia de la primera mitad del embarazo (< 22 sem) aborto,2017-01-01,3,0,3
71104,SAN JULIAN,salud sexual y reproductiva,hemorragia de la primera mitad del embarazo (< 22 sem) aborto,2017-01-01,7,0,7
10702,SAN LUCAS,salud sexual y reproductiva,hemorragia de la primera mitad del embarazo (< 22 sem) aborto,2017-01-01,0,1,1
71201,SAN MATIAS,salud sexual y reproductiva,hemorragia de la primera mitad del embarazo (< 22 sem) aborto,2017-01-01,0,1,1
70302,SAN MIGUEL DE VELASCO,salud sexual y reproductiva,hemorragia de la primera mitad del embarazo (< 22 sem) aborto,2017-01-01,3,0,3
80702,SAN RAMON BENI,salud sexual y reproductiva,hemorragia de la primera mitad del embarazo (< 22 sem) aborto,2017-01-01,1,0,1
80401,SANTA ANA,salud sexual y reproductiva,hemorragia de la primera mitad del embarazo (< 22 sem) aborto,2017-01-01,12,1,13
70101,SANTA CRUZ DE LA SIERRA,salud sexual y reproductiva,hemorragia de la primera mitad del embarazo (< 22 sem) aborto,2017-01-01,391,96,487
70602,SANTA ROSA DEL SARA,salud sexual y reproductiva,hemorragia de la primera mitad del embarazo (< 22 sem) aborto,2017-01-01,0,1,1
90303,SENA,salud sexual y reproductiva,hemorragia de la primera mitad del embarazo (< 22 sem) aborto,2017-01-01,1,0,1
31602,SHINAOTA,salud sexual y reproductiva,hemorragia de la primera mitad del embarazo (< 22 sem) aborto,2017-01-01,15,0,15
30703,SICAYA,salud sexual y reproductiva,hemorragia de la primera mitad del embarazo (< 22 sem) aborto,2017-01-01,1,0,1
30902,SIPE SIPE,salud sexual y reproductiva,hemorragia de la primera mitad del embarazo (< 22 sem) aborto,2017-01-01,1,0,1
10101,SUCRE,salud sexual y reproductiva,hemorragia de la primera mitad del embarazo (< 22 sem) aborto,2017-01-01,136,15,151
30401,TARATA,salud sexual y reproductiva,hemorragia de la primera mitad del embarazo (< 22 sem) aborto,2017-01-01,0,1,1
60101,TARIJA,salud sexual y reproductiva,hemorragia de la primera mitad del embarazo (< 22 sem) aborto,2017-01-01,59,0,59
10202,TARVITA,salud sexual y reproductiva,hemorragia de la primera mitad del embarazo (< 22 sem) aborto,2017-01-01,1,2,3
20608,TEOPONTE,salud sexual y reproductiva,hemorragia de la primera mitad del embarazo (< 22 sem) aborto,2017-01-01,0,1,1
31601,TIRAQUE (CBBA),salud sexual y reproductiva,hemorragia de la primera mitad del embarazo (< 22 sem) aborto,2017-01-01,3,0,3
30802,TOCO,salud sexual y reproductiva,hemorragia de la primera mitad del embarazo (< 22 sem) aborto,2017-01-01,2,0,2
30803,TOLATA,salud sexual y reproductiva,hemorragia de la primera mitad del embarazo (< 22 sem) aborto,2017-01-01,1,0,1
10402,TOMINA,salud sexual y reproductiva,hemorragia de la primera mitad del embarazo (< 22 sem) aborto,2017-01-01,0,1,1
80101,TRINIDAD,salud sexual y reproductiva,hemorragia de la primera mitad del embarazo (< 22 sem) aborto,2017-01-01,26,1,27
50801,TUPIZA,salud sexual y reproductiva,hemorragia de la primera mitad del embarazo (< 22 sem) aborto,2017-01-01,6,0,6
51201,UYUNI,salud sexual y reproductiva,hemorragia de la primera mitad del embarazo (< 22 sem) aborto,2017-01-01,5,0,5
31302,VILA VILA,salud sexual y reproductiva,hemorragia de la primera mitad del embarazo (< 22 sem) aborto,2017-01-01,0,1,1
31402,VILLA RIVERO,salud sexual y reproductiva,hemorragia de la primera mitad del embarazo (< 22 sem) aborto,2017-01-01,0,2,2
31003,VILLA TUNARI,salud sexual y reproductiva,hemorragia de la primera mitad del embarazo (< 22 sem) aborto,2017-01-01,4,0,4
11001,VILLA VACA GUZMAN (MUYUPAMPA),salud sexual y reproductiva,hemorragia de la primera mitad del embarazo (< 22 sem) aborto,2017-01-01,1,0,1
51501,VILLAZON,salud sexual y reproductiva,hemorragia de la primera mitad del embarazo (< 22 sem) aborto,2017-01-01,8,0,8
70201,WARNES,salud sexual y reproductiva,hemorragia de la primera mitad del embarazo (< 22 sem) aborto,2017-01-01,0,10,10
60301,YACUIBA,salud sexual y reproductiva,hemorragia de la primera mitad del embarazo (< 22 sem) aborto,2017-01-01,0,2,2
70403,YAPACANI,salud sexual y reproductiva,hemorragia de la primera mitad del embarazo (< 22 sem) aborto,2017-01-01,20,0,20
30201,AIQUILE,salud sexual y reproductiva,hemorragia de la primera mitad del embarazo (< 22 sem) aborto,2017-02-01,1,0,1
40603,ANTEQUERA,salud sexual y reproductiva,hemorragia de la primera mitad del embarazo (< 22 sem) aborto,2017-02-01,1,0,1
30501,ARANI,salud sexual y reproductiva,hemorragia de la primera mitad del embarazo (< 22 sem) aborto,2017-02-01,2,0,2
30403,ARBIETO,salud sexual y reproductiva,hemorragia de la primera mitad del embarazo (< 22 sem) aborto,2017-02-01,1,0,1
71501,ASCENCION DE GUARAYOS,salud sexual y reproductiva,hemorragia de la primera mitad del embarazo (< 22 sem) aborto,2017-02-01,0,4,4
90104,BELLA FLOR,salud sexual y reproductiva,hemorragia de la primera mitad del embarazo (< 22 sem) aborto,2017-02-01,1,0,1
50301,BETANZOS,salud sexual y reproductiva,hemorragia de la primera mitad del embarazo (< 22 sem) aborto,2017-02-01,1,0,1
20905,CAIROMA,salud sexual y reproductiva,hemorragia de la primera mitad del embarazo (< 22 sem) aborto,2017-02-01,0,1,1
21003,CAJUATA,salud sexual y reproductiva,hemorragia de la primera mitad del embarazo (< 22 sem) aborto,2017-02-01,1,0,1
21304,CALAMARCA,salud sexual y reproductiva,hemorragia de la primera mitad del embarazo (< 22 sem) aborto,2017-02-01,1,0,1
10701,CAMARGO,salud sexual y reproductiva,hemorragia de la primera mitad del embarazo (< 22 sem) aborto,2017-02-01,0,6,6
70706,CAMIRI,salud sexual y reproductiva,hemorragia de la primera mitad del embarazo (< 22 sem) aborto,2017-02-01,16,7,23
30701,CAPINOTA,salud sexual y reproductiva,hemorragia de la primera mitad del embarazo (< 22 sem) aborto,2017-02-01,10,0,10
22001,CARANAVI,salud sexual y reproductiva,hemorragia de la primera mitad del embarazo (< 22 sem) aborto,2017-02-01,17,0,17
70702,CHARAGUA,salud sexual y reproductiva,hemorragia de la primera mitad del embarazo (< 22 sem) aborto,2017-02-01,1,0,1
31204,CHIMORE,salud sexual y reproductiva,hemorragia de la primera mitad del embarazo (< 22 sem) aborto,2017-02-01,3,0,3
21101,CHULUMANI (V. DE LA LIBERTAD),salud sexual y reproductiva,hemorragia de la primera mitad del embarazo (< 22 sem) aborto,2017-02-01,5,0,5
30801,CLIZA,salud sexual y reproductiva,hemorragia de la primera mitad del embarazo (< 22 sem) aborto,2017-02-01,23,0,23
90101,COBIJA,salud sexual y reproductiva,hemorragia de la primera mitad del embarazo (< 22 sem) aborto,2017-02-01,26,1,27
30303,COCAPATA,salud sexual y reproductiva,hemorragia de la primera mitad del embarazo (< 22 sem) aborto,2017-02-01,1,0,1
30101,COCHABAMBA,salud sexual y reproductiva,hemorragia de la primera mitad del embarazo (< 22 sem) aborto,2017-02-01,126,59,185
71301,COMARAPA,salud sexual y reproductiva,hemorragia de la primera mitad del embarazo (< 22 sem) aborto,2017-02-01,3,1,4
71101,CONCEPCION,salud sexual y reproductiva,hemorragia de la primera mitad del embarazo (< 22 sem) aborto,2017-02-01,1,0,1
21401,COROICO,salud sexual y reproductiva,hemorragia de la primera mitad del embarazo (< 22 sem) aborto,2017-02-01,1,0,1
50601,COTAGAITA,salud sexual y reproductiva,hemorragia de la primera mitad del embarazo (< 22 sem) aborto,2017-02-01,3,1,4
70102,COTOCA,salud sexual y reproductiva,hemorragia de la primera mitad del embarazo (< 22 sem) aborto,2017-02-01,5,0,5
71106,CUATRO CAÃ‘ADAS,salud sexual y reproductiva,hemorragia de la primera mitad del embarazo (< 22 sem) aborto,2017-02-01,1,1,2
70704,CUEVO,salud sexual y reproductiva,hemorragia de la primera mitad del embarazo (< 22 sem) aborto,2017-02-01,1,0,1
20105,EL ALTO,salud sexual y reproductiva,hemorragia de la primera mitad del embarazo (< 22 sem) aborto,2017-02-01,153,10,163
70105,EL TORNO,salud sexual y reproductiva,hemorragia de la primera mitad del embarazo (< 22 sem) aborto,2017-02-01,7,0,7
31206,ENTRE RIOS CBBA,salud sexual y reproductiva,hemorragia de la primera mitad del embarazo (< 22 sem) aborto,2017-02-01,3,0,3
80202,GUAYARAMERIN,salud sexual y reproductiva,hemorragia de la primera mitad del embarazo (< 22 sem) aborto,2017-02-01,2,1,3
40701,HUANUNI,salud sexual y reproductiva,hemorragia de la primera mitad del embarazo (< 22 sem) aborto,2017-02-01,3,0,3
20206,HUATAJATA,salud sexual y reproductiva,hemorragia de la primera mitad del embarazo (< 22 sem) aborto,2017-02-01,1,1,2
10703,INCAHUASI,salud sexual y reproductiva,hemorragia de la primera mitad del embarazo (< 22 sem) aborto,2017-02-01,0,1,1
21105,LA ASUNTA,salud sexual y reproductiva,hemorragia de la primera mitad del embarazo (< 22 sem) aborto,2017-02-01,2,0,2
70104,LA GUARDIA,salud sexual y reproductiva,hemorragia de la primera mitad del embarazo (< 22 sem) aborto,2017-02-01,2,0,2
20101,LA PAZ,salud sexual y reproductiva,hemorragia de la primera mitad del embarazo (< 22 sem) aborto,2017-02-01,137,30,167
80601,LORETO,salud sexual y reproductiva,hemorragia de la primera mitad del embarazo (< 22 sem) aborto,2017-02-01,0,1,1
70903,MAIRANA,salud sexual y reproductiva,hemorragia de la primera mitad del embarazo (< 22 sem) aborto,2017-02-01,8,0,8
20607,MAPIRI,salud sexual y reproductiva,hemorragia de la primera mitad del embarazo (< 22 sem) aborto,2017-02-01,4,0,4
31301,MIZQUE,salud sexual y reproductiva,hemorragia de la primera mitad del embarazo (< 22 sem) aborto,2017-02-01,7,2,9
10501,MONTEAGUDO,salud sexual y reproductiva,hemorragia de la primera mitad del embarazo (< 22 sem) aborto,2017-02-01,0,1,1
71001,MONTERO,salud sexual y reproductiva,hemorragia de la primera mitad del embarazo (< 22 sem) aborto,2017-02-01,0,5,5
40101,ORURO,salud sexual y reproductiva,hemorragia de la primera mitad del embarazo (< 22 sem) aborto,2017-02-01,11,1,12
70502,PAILON,salud sexual y reproductiva,hemorragia de la primera mitad del embarazo (< 22 sem) aborto,2017-02-01,9,1,10
21104,PALOS BLANCOS,salud sexual y reproductiva,hemorragia de la primera mitad del embarazo (< 22 sem) aborto,2017-02-01,1,0,1
50101,POTOSI,salud sexual y reproductiva,hemorragia de la primera mitad del embarazo (< 22 sem) aborto,2017-02-01,33,0,33
71401,PUERTO SUAREZ,salud sexual y reproductiva,hemorragia de la primera mitad del embarazo (< 22 sem) aborto,2017-02-01,3,0,3
31205,PUERTO VILLARROEL,salud sexual y reproductiva,hemorragia de la primera mitad del embarazo (< 22 sem) aborto,2017-02-01,27,0,27
31401,PUNATA,salud sexual y reproductiva,hemorragia de la primera mitad del embarazo (< 22 sem) aborto,2017-02-01,16,0,16
30901,QUILLACOLLO,salud sexual y reproductiva,hemorragia de la primera mitad del embarazo (< 22 sem) aborto,2017-02-01,79,0,79
80301,REYES,salud sexual y reproductiva,hemorragia de la primera mitad del embarazo (< 22 sem) aborto,2017-02-01,5,0,5
80201,RIBERALTA,salud sexual y reproductiva,hemorragia de la primera mitad del embarazo (< 22 sem) aborto,2017-02-01,9,0,9
70503,ROBORE,salud sexual y reproductiva,hemorragia de la primera mitad del embarazo (< 22 sem) aborto,2017-02-01,9,0,9
80304,RURRENABAQUE,salud sexual y reproductiva,hemorragia de la primera mitad del embarazo (< 22 sem) aborto,2017-02-01,3,0,3
31001,SACABA,salud sexual y reproductiva,hemorragia de la primera mitad del embarazo (< 22 sem) aborto,2017-02-01,18,0,18
71105,SAN ANTONIO DE LOMERIO,salud sexual y reproductiva,hemorragia de la primera mitad del embarazo (< 22 sem) aborto,2017-02-01,1,0,1
31403,SAN BENITO,salud sexual y reproductiva,hemorragia de la primera mitad del embarazo (< 22 sem) aborto,2017-02-01,1,0,1
80302,SAN BORJA,salud sexual y reproductiva,hemorragia de la primera mitad del embarazo (< 22 sem) aborto,2017-02-01,17,0,17
21502,SAN BUENA VENTURA,salud sexual y reproductiva,hemorragia de la primera mitad del embarazo (< 22 sem) aborto,2017-02-01,7,0,7
70402,SAN CARLOS,salud sexual y reproductiva,hemorragia de la primera mitad del embarazo (< 22 sem) aborto,2017-02-01,9,0,9
80501,SAN IGNACIO,salud sexual y reproductiva,hemorragia de la primera mitad del embarazo (< 22 sem) aborto,2017-02-01,1,0,1
70301,SAN IGNACIO DE VELASCO,salud sexual y reproductiva,hemorragia de la primera mitad del embarazo (< 22 sem) aborto,2017-02-01,19,0,19
70501,SAN JOSE DE CHIQUITOS,salud sexual y reproductiva,hemorragia de la primera mitad del embarazo (< 22 sem) aborto,2017-02-01,5,0,5
71104,SAN JULIAN,salud sexual y reproductiva,hemorragia de la primera mitad del embarazo (< 22 sem) aborto,2017-02-01,7,0,7
10702,SAN LUCAS,salud sexual y reproductiva,hemorragia de la primera mitad del embarazo (< 22 sem) aborto,2017-02-01,0,1,1
71201,SAN MATIAS,salud sexual y reproductiva,hemorragia de la primera mitad del embarazo (< 22 sem) aborto,2017-02-01,0,3,3
70302,SAN MIGUEL DE VELASCO,salud sexual y reproductiva,hemorragia de la primera mitad del embarazo (< 22 sem) aborto,2017-02-01,4,0,4
71005,SAN PEDRO,salud sexual y reproductiva,hemorragia de la primera mitad del embarazo (< 22 sem) aborto,2017-02-01,1,0,1
80702,SAN RAMON BENI,salud sexual y reproductiva,hemorragia de la primera mitad del embarazo (< 22 sem) aborto,2017-02-01,2,0,2
71103,SAN RAMON SCZ,salud sexual y reproductiva,hemorragia de la primera mitad del embarazo (< 22 sem) aborto,2017-02-01,1,0,1
80401,SANTA ANA,salud sexual y reproductiva,hemorragia de la primera mitad del embarazo (< 22 sem) aborto,2017-02-01,10,0,10
70101,SANTA CRUZ DE LA SIERRA,salud sexual y reproductiva,hemorragia de la primera mitad del embarazo (< 22 sem) aborto,2017-02-01,322,111,433
70602,SANTA ROSA DEL SARA,salud sexual y reproductiva,hemorragia de la primera mitad del embarazo (< 22 sem) aborto,2017-02-01,2,0,2
30702,SANTIVAÃ‘ES,salud sexual y reproductiva,hemorragia de la primera mitad del embarazo (< 22 sem) aborto,2017-02-01,4,0,4
20902,SAPAHAQUI,salud sexual y reproductiva,hemorragia de la primera mitad del embarazo (< 22 sem) aborto,2017-02-01,1,0,1
90303,SENA,salud sexual y reproductiva,hemorragia de la primera mitad del embarazo (< 22 sem) aborto,2017-02-01,1,0,1
31602,SHINAOTA,salud sexual y reproductiva,hemorragia de la primera mitad del embarazo (< 22 sem) aborto,2017-02-01,13,0,13
30902,SIPE SIPE,salud sexual y reproductiva,hemorragia de la primera mitad del embarazo (< 22 sem) aborto,2017-02-01,1,0,1
10403,SOPACHUY,salud sexual y reproductiva,hemorragia de la primera mitad del embarazo (< 22 sem) aborto,2017-02-01,0,1,1
10101,SUCRE,salud sexual y reproductiva,hemorragia de la primera mitad del embarazo (< 22 sem) aborto,2017-02-01,112,21,133
50303,TACOBAMBA,salud sexual y reproductiva,hemorragia de la primera mitad del embarazo (< 22 sem) aborto,2017-02-01,0,1,1
31101,TAPACARI,salud sexual y reproductiva,hemorragia de la primera mitad del embarazo (< 22 sem) aborto,2017-02-01,1,0,1
10601,TARABUCO,salud sexual y reproductiva,hemorragia de la primera mitad del embarazo (< 22 sem) aborto,2017-02-01,0,2,2
60101,TARIJA,salud sexual y reproductiva,hemorragia de la primera mitad del embarazo (< 22 sem) aborto,2017-02-01,72,0,72
10202,TARVITA,salud sexual y reproductiva,hemorragia de la primera mitad del embarazo (< 22 sem) aborto,2017-02-01,1,1,2
30903,TIQUIPAYA,salud sexual y reproductiva,hemorragia de la primera mitad del embarazo (< 22 sem) aborto,2017-02-01,1,0,1
31601,TIRAQUE (CBBA),salud sexual y reproductiva,hemorragia de la primera mitad del embarazo (< 22 sem) aborto,2017-02-01,1,0,1
80101,TRINIDAD,salud sexual y reproductiva,hemorragia de la primera mitad del embarazo (< 22 sem) aborto,2017-02-01,50,1,51
50801,TUPIZA,salud sexual y reproductiva,hemorragia de la primera mitad del embarazo (< 22 sem) aborto,2017-02-01,5,1,6
51201,UYUNI,salud sexual y reproductiva,hemorragia de la primera mitad del embarazo (< 22 sem) aborto,2017-02-01,2,0,2
30502,VACAS,salud sexual y reproductiva,hemorragia de la primera mitad del embarazo (< 22 sem) aborto,2017-02-01,1,0,1
70801,VALLEGRANDE,salud sexual y reproductiva,hemorragia de la primera mitad del embarazo (< 22 sem) aborto,2017-02-01,1,0,1
90502,VILLA NUEVA (LOMA ALTA),salud sexual y reproductiva,hemorragia de la primera mitad del embarazo (< 22 sem) aborto,2017-02-01,0,1,1
31402,VILLA RIVERO,salud sexual y reproductiva,hemorragia de la primera mitad del embarazo (< 22 sem) aborto,2017-02-01,2,0,2
31003,VILLA TUNARI,salud sexual y reproductiva,hemorragia de la primera mitad del embarazo (< 22 sem) aborto,2017-02-01,7,1,8
11001,VILLA VACA GUZMAN (MUYUPAMPA),salud sexual y reproductiva,hemorragia de la primera mitad del embarazo (< 22 sem) aborto,2017-02-01,3,0,3
51501,VILLAZON,salud sexual y reproductiva,hemorragia de la primera mitad del embarazo (< 22 sem) aborto,2017-02-01,16,1,17
70201,WARNES,salud sexual y reproductiva,hemorragia de la primera mitad del embarazo (< 22 sem) aborto,2017-02-01,0,20,20
60301,YACUIBA,salud sexual y reproductiva,hemorragia de la primera mitad del embarazo (< 22 sem) aborto,2017-02-01,0,1,1
70403,YAPACANI,salud sexual y reproductiva,hemorragia de la primera mitad del embarazo (< 22 sem) aborto,2017-02-01,8,0,8
30201,AIQUILE,salud sexual y reproductiva,hemorragia de la primera mitad del embarazo (< 22 sem) aborto,2017-03-01,3,0,3
30501,ARANI,salud sexual y reproductiva,hemorragia de la primera mitad del embarazo (< 22 sem) aborto,2017-03-01,2,0,2
30403,ARBIETO,salud sexual y reproductiva,hemorragia de la primera mitad del embarazo (< 22 sem) aborto,2017-03-01,5,0,5
71501,ASCENCION DE GUARAYOS,salud sexual y reproductiva,hemorragia de la primera mitad del embarazo (< 22 sem) aborto,2017-03-01,4,0,4
60202,BERMEJO,salud sexual y reproductiva,hemorragia de la primera mitad del embarazo (< 22 sem) aborto,2017-03-01,0,2,2
50301,BETANZOS,salud sexual y reproductiva,hemorragia de la primera mitad del embarazo (< 22 sem) aborto,2017-03-01,1,0,1
21003,CAJUATA,salud sexual y reproductiva,hemorragia de la primera mitad del embarazo (< 22 sem) aborto,2017-03-01,2,1,3
10701,CAMARGO,salud sexual y reproductiva,hemorragia de la primera mitad del embarazo (< 22 sem) aborto,2017-03-01,0,5,5
10901,CAMATAQUI (C. VILLA ABECIA),salud sexual y reproductiva,hemorragia de la primera mitad del embarazo (< 22 sem) aborto,2017-03-01,0,1,1
70706,CAMIRI,salud sexual y reproductiva,hemorragia de la primera mitad del embarazo (< 22 sem) aborto,2017-03-01,14,0,14
30701,CAPINOTA,salud sexual y reproductiva,hemorragia de la primera mitad del embarazo (< 22 sem) aborto,2017-03-01,8,0,8
40102,CARACOLLO,salud sexual y reproductiva,hemorragia de la primera mitad del embarazo (< 22 sem) aborto,2017-03-01,0,1,1
22001,CARANAVI,salud sexual y reproductiva,hemorragia de la primera mitad del embarazo (< 22 sem) aborto,2017-03-01,27,0,27
70702,CHARAGUA,salud sexual y reproductiva,hemorragia de la primera mitad del embarazo (< 22 sem) aborto,2017-03-01,5,0,5
21101,CHULUMANI (V. DE LA LIBERTAD),salud sexual y reproductiva,hemorragia de la primera mitad del embarazo (< 22 sem) aborto,2017-03-01,6,0,6
20501,CHUMA,salud sexual y reproductiva,hemorragia de la primera mitad del embarazo (< 22 sem) aborto,2017-03-01,1,0,1
51103,CKOCHAS,salud sexual y reproductiva,hemorragia de la primera mitad del embarazo (< 22 sem) aborto,2017-03-01,1,0,1
30801,CLIZA,salud sexual y reproductiva,hemorragia de la primera mitad del embarazo (< 22 sem) aborto,2017-03-01,25,0,25
90101,COBIJA,salud sexual y reproductiva,hemorragia de la primera mitad del embarazo (< 22 sem) aborto,2017-03-01,32,0,32
30101,COCHABAMBA,salud sexual y reproductiva,hemorragia de la primera mitad del embarazo (< 22 sem) aborto,2017-03-01,248,4,252
30905,COLCAPIRHUA,salud sexual y reproductiva,hemorragia de la primera mitad del embarazo (< 22 sem) aborto,2017-03-01,1,3,4
71301,COMARAPA,salud sexual y reproductiva,hemorragia de la primera mitad del embarazo (< 22 sem) aborto,2017-03-01,4,0,4
71101,CONCEPCION,salud sexual y reproductiva,hemorragia de la primera mitad del embarazo (< 22 sem) aborto,2017-03-01,5,0,5
21402,CORIPATA,salud sexual y reproductiva,hemorragia de la primera mitad del embarazo (< 22 sem) aborto,2017-03-01,2,0,2
70102,COTOCA,salud sexual y reproductiva,hemorragia de la primera mitad del embarazo (< 22 sem) aborto,2017-03-01,18,0,18
71106,CUATRO CAÃ‘ADAS,salud sexual y reproductiva,hemorragia de la primera mitad del embarazo (< 22 sem) aborto,2017-03-01,5,2,7
20105,EL ALTO,salud sexual y reproductiva,hemorragia de la primera mitad del embarazo (< 22 sem) aborto,2017-03-01,169,8,177
71503,EL PUENTE(STC),salud sexual y reproductiva,hemorragia de la primera mitad del embarazo (< 22 sem) aborto,2017-03-01,0,1,1
70105,EL TORNO,salud sexual y reproductiva,hemorragia de la primera mitad del embarazo (< 22 sem) aborto,2017-03-01,24,0,24
20405,ESCOMA,salud sexual y reproductiva,hemorragia de la primera mitad del embarazo (< 22 sem) aborto,2017-03-01,0,1,1
71004,FERNANDEZ ALONSO,salud sexual y reproductiva,hemorragia de la primera mitad del embarazo (< 22 sem) aborto,2017-03-01,1,0,1
80202,GUAYARAMERIN,salud sexual y reproductiva,hemorragia de la primera mitad del embarazo (< 22 sem) aborto,2017-03-01,3,0,3
70705,GUTIERREZ,salud sexual y reproductiva,hemorragia de la primera mitad del embarazo (< 22 sem) aborto,2017-03-01,0,1,1
40701,HUANUNI,salud sexual y reproductiva,hemorragia de la primera mitad del embarazo (< 22 sem) aborto,2017-03-01,6,0,6
21001,INQUISIVI,salud sexual y reproductiva,hemorragia de la primera mitad del embarazo (< 22 sem) aborto,2017-03-01,0,1,1
21105,LA ASUNTA,salud sexual y reproductiva,hemorragia de la primera mitad del embarazo (< 22 sem) aborto,2017-03-01,1,9,10
20101,LA PAZ,salud sexual y reproductiva,hemorragia de la primera mitad del embarazo (< 22 sem) aborto,2017-03-01,211,3,214
70903,MAIRANA,salud sexual y reproductiva,hemorragia de la primera mitad del embarazo (< 22 sem) aborto,2017-03-01,6,0,6
31301,MIZQUE,salud sexual y reproductiva,hemorragia de la primera mitad del embarazo (< 22 sem) aborto,2017-03-01,1,1,2
10501,MONTEAGUDO,salud sexual y reproductiva,hemorragia de la primera mitad del embarazo (< 22 sem) aborto,2017-03-01,2,4,6
71001,MONTERO,salud sexual y reproductiva,hemorragia de la primera mitad del embarazo (< 22 sem) aborto,2017-03-01,0,4,4
30302,MOROCHATA,salud sexual y reproductiva,hemorragia de la primera mitad del embarazo (< 22 sem) aborto,2017-03-01,2,0,2
50404,OCURI,salud sexual y reproductiva,hemorragia de la primera mitad del embarazo (< 22 sem) aborto,2017-03-01,3,0,3
30203,OMEREQUE,salud sexual y reproductiva,hemorragia de la primera mitad del embarazo (< 22 sem) aborto,2017-03-01,0,1,1
40101,ORURO,salud sexual y reproductiva,hemorragia de la primera mitad del embarazo (< 22 sem) aborto,2017-03-01,8,0,8
10401,PADILLA,salud sexual y reproductiva,hemorragia de la primera mitad del embarazo (< 22 sem) aborto,2017-03-01,0,1,1
70502,PAILON,salud sexual y reproductiva,hemorragia de la primera mitad del embarazo (< 22 sem) aborto,2017-03-01,3,0,3
31202,POJO (CBBA),salud sexual y reproductiva,hemorragia de la primera mitad del embarazo (< 22 sem) aborto,2017-03-01,0,1,1
40601,POOPO,salud sexual y reproductiva,hemorragia de la primera mitad del embarazo (< 22 sem) aborto,2017-03-01,2,0,2
50101,POTOSI,salud sexual y reproductiva,hemorragia de la primera mitad del embarazo (< 22 sem) aborto,2017-03-01,44,0,44
10302,PRESTO,salud sexual y reproductiva,hemorragia de la primera mitad del embarazo (< 22 sem) aborto,2017-03-01,0,1,1
90301,PUERTO GONZALO MORENO,salud sexual y reproductiva,hemorragia de la primera mitad del embarazo (< 22 sem) aborto,2017-03-01,1,0,1
90201,PUERTO RICO,salud sexual y reproductiva,hemorragia de la primera mitad del embarazo (< 22 sem) aborto,2017-03-01,0,2,2
71401,PUERTO SUAREZ,salud sexual y reproductiva,hemorragia de la primera mitad del embarazo (< 22 sem) aborto,2017-03-01,9,0,9
31205,PUERTO VILLARROEL,salud sexual y reproductiva,hemorragia de la primera mitad del embarazo (< 22 sem) aborto,2017-03-01,49,0,49
31401,PUNATA,salud sexual y reproductiva,hemorragia de la primera mitad del embarazo (< 22 sem) aborto,2017-03-01,18,0,18
30901,QUILLACOLLO,salud sexual y reproductiva,hemorragia de la primera mitad del embarazo (< 22 sem) aborto,2017-03-01,85,0,85
50402,RAVELO,salud sexual y reproductiva,hemorragia de la primera mitad del embarazo (< 22 sem) aborto,2017-03-01,0,1,1
80301,REYES,salud sexual y reproductiva,hemorragia de la primera mitad del embarazo (< 22 sem) aborto,2017-03-01,5,0,5
80201,RIBERALTA,salud sexual y reproductiva,hemorragia de la primera mitad del embarazo (< 22 sem) aborto,2017-03-01,17,0,17
70503,ROBORE,salud sexual y reproductiva,hemorragia de la primera mitad del embarazo (< 22 sem) aborto,2017-03-01,1,0,1
80304,RURRENABAQUE,salud sexual y reproductiva,hemorragia de la primera mitad del embarazo (< 22 sem) aborto,2017-03-01,10,0,10
31001,SACABA,salud sexual y reproductiva,hemorragia de la primera mitad del embarazo (< 22 sem) aborto,2017-03-01,31,1,32
70901,SAMAIPATA,salud sexual y reproductiva,hemorragia de la primera mitad del embarazo (< 22 sem) aborto,2017-03-01,1,0,1
80302,SAN BORJA,salud sexual y reproductiva,hemorragia de la primera mitad del embarazo (< 22 sem) aborto,2017-03-01,27,0,27
21502,SAN BUENA VENTURA,salud sexual y reproductiva,hemorragia de la primera mitad del embarazo (< 22 sem) aborto,2017-03-01,2,1,3
70402,SAN CARLOS,salud sexual y reproductiva,hemorragia de la primera mitad del embarazo (< 22 sem) aborto,2017-03-01,6,0,6
80501,SAN IGNACIO,salud sexual y reproductiva,hemorragia de la primera mitad del embarazo (< 22 sem) aborto,2017-03-01,1,0,1
70301,SAN IGNACIO DE VELASCO,salud sexual y reproductiva,hemorragia de la primera mitad del embarazo (< 22 sem) aborto,2017-03-01,8,0,8
71102,SAN JAVIER(STC),salud sexual y reproductiva,hemorragia de la primera mitad del embarazo (< 22 sem) aborto,2017-03-01,1,0,1
70501,SAN JOSE DE CHIQUITOS,salud sexual y reproductiva,hemorragia de la primera mitad del embarazo (< 22 sem) aborto,2017-03-01,4,0,4
71104,SAN JULIAN,salud sexual y reproductiva,hemorragia de la primera mitad del embarazo (< 22 sem) aborto,2017-03-01,9,0,9
10702,SAN LUCAS,salud sexual y reproductiva,hemorragia de la primera mitad del embarazo (< 22 sem) aborto,2017-03-01,0,1,1
71201,SAN MATIAS,salud sexual y reproductiva,hemorragia de la primera mitad del embarazo (< 22 sem) aborto,2017-03-01,0,3,3
71103,SAN RAMON SCZ,salud sexual y reproductiva,hemorragia de la primera mitad del embarazo (< 22 sem) aborto,2017-03-01,5,0,5
80401,SANTA ANA,salud sexual y reproductiva,hemorragia de la primera mitad del embarazo (< 22 sem) aborto,2017-03-01,9,0,9
70101,SANTA CRUZ DE LA SIERRA,salud sexual y reproductiva,hemorragia de la primera mitad del embarazo (< 22 sem) aborto,2017-03-01,363,114,477
70602,SANTA ROSA DEL SARA,salud sexual y reproductiva,hemorragia de la primera mitad del embarazo (< 22 sem) aborto,2017-03-01,0,1,1
30702,SANTIVAÃ‘ES,salud sexual y reproductiva,hemorragia de la primera mitad del embarazo (< 22 sem) aborto,2017-03-01,1,0,1
90303,SENA,salud sexual y reproductiva,hemorragia de la primera mitad del embarazo (< 22 sem) aborto,2017-03-01,4,0,4
31602,SHINAOTA,salud sexual y reproductiva,hemorragia de la primera mitad del embarazo (< 22 sem) aborto,2017-03-01,14,0,14
21301,SICA SICA (VILLA AROMA),salud sexual y reproductiva,hemorragia de la primera mitad del embarazo (< 22 sem) aborto,2017-03-01,1,0,1
30902,SIPE SIPE,salud sexual y reproductiva,hemorragia de la primera mitad del embarazo (< 22 sem) aborto,2017-03-01,1,0,1
40104,SORACACHI,salud sexual y reproductiva,hemorragia de la primera mitad del embarazo (< 22 sem) aborto,2017-03-01,0,1,1
10101,SUCRE,salud sexual y reproductiva,hemorragia de la primera mitad del embarazo (< 22 sem) aborto,2017-03-01,135,36,171
50303,TACOBAMBA,salud sexual y reproductiva,hemorragia de la primera mitad del embarazo (< 22 sem) aborto,2017-03-01,1,0,1
31101,TAPACARI,salud sexual y reproductiva,hemorragia de la primera mitad del embarazo (< 22 sem) aborto,2017-03-01,0,1,1
10601,TARABUCO,salud sexual y reproductiva,hemorragia de la primera mitad del embarazo (< 22 sem) aborto,2017-03-01,0,3,3
60101,TARIJA,salud sexual y reproductiva,hemorragia de la primera mitad del embarazo (< 22 sem) aborto,2017-03-01,85,2,87
20608,TEOPONTE,salud sexual y reproductiva,hemorragia de la primera mitad del embarazo (< 22 sem) aborto,2017-03-01,2,0,2
31601,TIRAQUE (CBBA),salud sexual y reproductiva,hemorragia de la primera mitad del embarazo (< 22 sem) aborto,2017-03-01,2,0,2
30802,TOCO,salud sexual y reproductiva,hemorragia de la primera mitad del embarazo (< 22 sem) aborto,2017-03-01,2,0,2
30803,TOLATA,salud sexual y reproductiva,hemorragia de la primera mitad del embarazo (< 22 sem) aborto,2017-03-01,1,0,1
80101,TRINIDAD,salud sexual y reproductiva,hemorragia de la primera mitad del embarazo (< 22 sem) aborto,2017-03-01,43,0,43
50801,TUPIZA,salud sexual y reproductiva,hemorragia de la primera mitad del embarazo (< 22 sem) aborto,2017-03-01,9,0,9
51201,UYUNI,salud sexual y reproductiva,hemorragia de la primera mitad del embarazo (< 22 sem) aborto,2017-03-01,7,0,7
20801,VIACHA,salud sexual y reproductiva,hemorragia de la primera mitad del embarazo (< 22 sem) aborto,2017-03-01,1,1,2
10801,VILLA SERRANO,salud sexual y reproductiva,hemorragia de la primera mitad del embarazo (< 22 sem) aborto,2017-03-01,0,1,1
31003,VILLA TUNARI,salud sexual y reproductiva,hemorragia de la primera mitad del embarazo (< 22 sem) aborto,2017-03-01,28,0,28
51501,VILLAZON,salud sexual y reproductiva,hemorragia de la primera mitad del embarazo (< 22 sem) aborto,2017-03-01,9,0,9
70201,WARNES,salud sexual y reproductiva,hemorragia de la primera mitad del embarazo (< 22 sem) aborto,2017-03-01,8,11,19
60301,YACUIBA,salud sexual y reproductiva,hemorragia de la primera mitad del embarazo (< 22 sem) aborto,2017-03-01,1,5,6
70403,YAPACANI,salud sexual y reproductiva,hemorragia de la primera mitad del embarazo (< 22 sem) aborto,2017-03-01,16,0,16
30201,AIQUILE,salud sexual y reproductiva,hemorragia de la primera mitad del embarazo (< 22 sem) aborto,2017-04-01,4,0,4
30402,ANZALDO,salud sexual y reproductiva,hemorragia de la primera mitad del embarazo (< 22 sem) aborto,2017-04-01,1,0,1
30403,ARBIETO,salud sexual y reproductiva,hemorragia de la primera mitad del embarazo (< 22 sem) aborto,2017-04-01,2,0,2
71501,ASCENCION DE GUARAYOS,salud sexual y reproductiva,hemorragia de la primera mitad del embarazo (< 22 sem) aborto,2017-04-01,5,1,6
60202,BERMEJO,salud sexual y reproductiva,hemorragia de la primera mitad del embarazo (< 22 sem) aborto,2017-04-01,0,2,2
10701,CAMARGO,salud sexual y reproductiva,hemorragia de la primera mitad del embarazo (< 22 sem) aborto,2017-04-01,0,1,1
70706,CAMIRI,salud sexual y reproductiva,hemorragia de la primera mitad del embarazo (< 22 sem) aborto,2017-04-01,7,0,7
30701,CAPINOTA,salud sexual y reproductiva,hemorragia de la primera mitad del embarazo (< 22 sem) aborto,2017-04-01,7,1,8
22001,CARANAVI,salud sexual y reproductiva,hemorragia de la primera mitad del embarazo (< 22 sem) aborto,2017-04-01,14,6,20
70702,CHARAGUA,salud sexual y reproductiva,hemorragia de la primera mitad del embarazo (< 22 sem) aborto,2017-04-01,2,0,2
21101,CHULUMANI (V. DE LA LIBERTAD),salud sexual y reproductiva,hemorragia de la primera mitad del embarazo (< 22 sem) aborto,2017-04-01,1,0,1
30801,CLIZA,salud sexual y reproductiva,hemorragia de la primera mitad del embarazo (< 22 sem) aborto,2017-04-01,10,0,10
90101,COBIJA,salud sexual y reproductiva,hemorragia de la primera mitad del embarazo (< 22 sem) aborto,2017-04-01,28,0,28
30101,COCHABAMBA,salud sexual y reproductiva,hemorragia de la primera mitad del embarazo (< 22 sem) aborto,2017-04-01,207,2,209
71301,COMARAPA,salud sexual y reproductiva,hemorragia de la primera mitad del embarazo (< 22 sem) aborto,2017-04-01,8,0,8
71101,CONCEPCION,salud sexual y reproductiva,hemorragia de la primera mitad del embarazo (< 22 sem) aborto,2017-04-01,1,0,1
21401,COROICO,salud sexual y reproductiva,hemorragia de la primera mitad del embarazo (< 22 sem) aborto,2017-04-01,1,0,1
50601,COTAGAITA,salud sexual y reproductiva,hemorragia de la primera mitad del embarazo (< 22 sem) aborto,2017-04-01,1,0,1
70102,COTOCA,salud sexual y reproductiva,hemorragia de la primera mitad del embarazo (< 22 sem) aborto,2017-04-01,6,0,6
20105,EL ALTO,salud sexual y reproductiva,hemorragia de la primera mitad del embarazo (< 22 sem) aborto,2017-04-01,140,6,146
70105,EL TORNO,salud sexual y reproductiva,hemorragia de la primera mitad del embarazo (< 22 sem) aborto,2017-04-01,10,0,10
31206,ENTRE RIOS CBBA,salud sexual y reproductiva,hemorragia de la primera mitad del embarazo (< 22 sem) aborto,2017-04-01,1,0,1
20405,ESCOMA,salud sexual y reproductiva,hemorragia de la primera mitad del embarazo (< 22 sem) aborto,2017-04-01,0,1,1
20602,GUANAY,salud sexual y reproductiva,hemorragia de la primera mitad del embarazo (< 22 sem) aborto,2017-04-01,1,1,2
20802,GUAQUI,salud sexual y reproductiva,hemorragia de la primera mitad del embarazo (< 22 sem) aborto,2017-04-01,0,1,1
80202,GUAYARAMERIN,salud sexual y reproductiva,hemorragia de la primera mitad del embarazo (< 22 sem) aborto,2017-04-01,0,3,3
40701,HUANUNI,salud sexual y reproductiva,hemorragia de la primera mitad del embarazo (< 22 sem) aborto,2017-04-01,2,0,2
10703,INCAHUASI,salud sexual y reproductiva,hemorragia de la primera mitad del embarazo (< 22 sem) aborto,2017-04-01,0,2,2
20806,JESUS DE MACHACA,salud sexual y reproductiva,hemorragia de la primera mitad del embarazo (< 22 sem) aborto,2017-04-01,0,1,1
20101,LA PAZ,salud sexual y reproductiva,hemorragia de la primera mitad del embarazo (< 22 sem) aborto,2017-04-01,208,4,212
80801,MAGDALENA,salud sexual y reproductiva,hemorragia de la primera mitad del embarazo (< 22 sem) aborto,2017-04-01,1,0,1
70903,MAIRANA,salud sexual y reproductiva,hemorragia de la primera mitad del embarazo (< 22 sem) aborto,2017-04-01,8,0,8
10501,MONTEAGUDO,salud sexual y reproductiva,hemorragia de la primera mitad del embarazo (< 22 sem) aborto,2017-04-01,1,3,4
71001,MONTERO,salud sexual y reproductiva,hemorragia de la primera mitad del embarazo (< 22 sem) aborto,2017-04-01,3,2,5
30302,MOROCHATA,salud sexual y reproductiva,hemorragia de la primera mitad del embarazo (< 22 sem) aborto,2017-04-01,0,1,1
40101,ORURO,salud sexual y reproductiva,hemorragia de la primera mitad del embarazo (< 22 sem) aborto,2017-04-01,7,0,7
70502,PAILON,salud sexual y reproductiva,hemorragia de la primera mitad del embarazo (< 22 sem) aborto,2017-04-01,1,0,1
30202,PASORAPA,salud sexual y reproductiva,hemorragia de la primera mitad del embarazo (< 22 sem) aborto,2017-04-01,0,1,1
31203,POCONA,salud sexual y reproductiva,hemorragia de la primera mitad del embarazo (< 22 sem) aborto,2017-04-01,1,0,1
50101,POTOSI,salud sexual y reproductiva,hemorragia de la primera mitad del embarazo (< 22 sem) aborto,2017-04-01,48,0,48
10302,PRESTO,salud sexual y reproductiva,hemorragia de la primera mitad del embarazo (< 22 sem) aborto,2017-04-01,0,1,1
71401,PUERTO SUAREZ,salud sexual y reproductiva,hemorragia de la primera mitad del embarazo (< 22 sem) aborto,2017-04-01,6,0,6
31205,PUERTO VILLARROEL,salud sexual y reproductiva,hemorragia de la primera mitad del embarazo (< 22 sem) aborto,2017-04-01,42,0,42
31401,PUNATA,salud sexual y reproductiva,hemorragia de la primera mitad del embarazo (< 22 sem) aborto,2017-04-01,8,0,8
30901,QUILLACOLLO,salud sexual y reproductiva,hemorragia de la primera mitad del embarazo (< 22 sem) aborto,2017-04-01,0,77,77
80301,REYES,salud sexual y reproductiva,hemorragia de la primera mitad del embarazo (< 22 sem) aborto,2017-04-01,1,0,1
80201,RIBERALTA,salud sexual y reproductiva,hemorragia de la primera mitad del embarazo (< 22 sem) aborto,2017-04-01,21,0,21
80304,RURRENABAQUE,salud sexual y reproductiva,hemorragia de la primera mitad del embarazo (< 22 sem) aborto,2017-04-01,12,0,12
31001,SACABA,salud sexual y reproductiva,hemorragia de la primera mitad del embarazo (< 22 sem) aborto,2017-04-01,15,9,24
30404,SACABAMBA,salud sexual y reproductiva,hemorragia de la primera mitad del embarazo (< 22 sem) aborto,2017-04-01,0,1,1
71105,SAN ANTONIO DE LOMERIO,salud sexual y reproductiva,hemorragia de la primera mitad del embarazo (< 22 sem) aborto,2017-04-01,1,0,1
31403,SAN BENITO,salud sexual y reproductiva,hemorragia de la primera mitad del embarazo (< 22 sem) aborto,2017-04-01,1,0,1
80302,SAN BORJA,salud sexual y reproductiva,hemorragia de la primera mitad del embarazo (< 22 sem) aborto,2017-04-01,16,0,16
21502,SAN BUENA VENTURA,salud sexual y reproductiva,hemorragia de la primera mitad del embarazo (< 22 sem) aborto,2017-04-01,3,0,3
70402,SAN CARLOS,salud sexual y reproductiva,hemorragia de la primera mitad del embarazo (< 22 sem) aborto,2017-04-01,6,2,8
70301,SAN IGNACIO DE VELASCO,salud sexual y reproductiva,hemorragia de la primera mitad del embarazo (< 22 sem) aborto,2017-04-01,5,0,5
70501,SAN JOSE DE CHIQUITOS,salud sexual y reproductiva,hemorragia de la primera mitad del embarazo (< 22 sem) aborto,2017-04-01,6,0,6
71104,SAN JULIAN,salud sexual y reproductiva,hemorragia de la primera mitad del embarazo (< 22 sem) aborto,2017-04-01,8,0,8
60501,SAN LORENZO(TJA),salud sexual y reproductiva,hemorragia de la primera mitad del embarazo (< 22 sem) aborto,2017-04-01,1,0,1
10702,SAN LUCAS,salud sexual y reproductiva,hemorragia de la primera mitad del embarazo (< 22 sem) aborto,2017-04-01,0,2,2
71201,SAN MATIAS,salud sexual y reproductiva,hemorragia de la primera mitad del embarazo (< 22 sem) aborto,2017-04-01,0,5,5
70302,SAN MIGUEL DE VELASCO,salud sexual y reproductiva,hemorragia de la primera mitad del embarazo (< 22 sem) aborto,2017-04-01,1,0,1
71103,SAN RAMON SCZ,salud sexual y reproductiva,hemorragia de la primera mitad del embarazo (< 22 sem) aborto,2017-04-01,3,0,3
80401,SANTA ANA,salud sexual y reproductiva,hemorragia de la primera mitad del embarazo (< 22 sem) aborto,2017-04-01,6,2,8
70101,SANTA CRUZ DE LA SIERRA,salud sexual y reproductiva,hemorragia de la primera mitad del embarazo (< 22 sem) aborto,2017-04-01,268,87,355
90303,SENA,salud sexual y reproductiva,hemorragia de la primera mitad del embarazo (< 22 sem) aborto,2017-04-01,3,0,3
31602,SHINAOTA,salud sexual y reproductiva,hemorragia de la primera mitad del embarazo (< 22 sem) aborto,2017-04-01,21,0,21
21301,SICA SICA (VILLA AROMA),salud sexual y reproductiva,hemorragia de la primera mitad del embarazo (< 22 sem) aborto,2017-04-01,1,0,1
30902,SIPE SIPE,salud sexual y reproductiva,hemorragia de la primera mitad del embarazo (< 22 sem) aborto,2017-04-01,2,0,2
10101,SUCRE,salud sexual y reproductiva,hemorragia de la primera mitad del embarazo (< 22 sem) aborto,2017-04-01,96,26,122
60101,TARIJA,salud sexual y reproductiva,hemorragia de la primera mitad del embarazo (< 22 sem) aborto,2017-04-01,57,0,57
10202,TARVITA,salud sexual y reproductiva,hemorragia de la primera mitad del embarazo (< 22 sem) aborto,2017-04-01,1,1,2
20608,TEOPONTE,salud sexual y reproductiva,hemorragia de la primera mitad del embarazo (< 22 sem) aborto,2017-04-01,0,2,2
20606,TIPUANI,salud sexual y reproductiva,hemorragia de la primera mitad del embarazo (< 22 sem) aborto,2017-04-01,1,0,1
30903,TIQUIPAYA,salud sexual y reproductiva,hemorragia de la primera mitad del embarazo (< 22 sem) aborto,2017-04-01,3,0,3
30802,TOCO,salud sexual y reproductiva,hemorragia de la primera mitad del embarazo (< 22 sem) aborto,2017-04-01,2,0,2
10402,TOMINA,salud sexual y reproductiva,hemorragia de la primera mitad del embarazo (< 22 sem) aborto,2017-04-01,1,0,1
41301,TOTORA(ORR),salud sexual y reproductiva,hemorragia de la primera mitad del embarazo (< 22 sem) aborto,2017-04-01,1,0,1
80101,TRINIDAD,salud sexual y reproductiva,hemorragia de la primera mitad del embarazo (< 22 sem) aborto,2017-04-01,31,1,32
50801,TUPIZA,salud sexual y reproductiva,hemorragia de la primera mitad del embarazo (< 22 sem) aborto,2017-04-01,3,0,3
51201,UYUNI,salud sexual y reproductiva,hemorragia de la primera mitad del embarazo (< 22 sem) aborto,2017-04-01,13,1,14
10801,VILLA SERRANO,salud sexual y reproductiva,hemorragia de la primera mitad del embarazo (< 22 sem) aborto,2017-04-01,0,2,2
31003,VILLA TUNARI,salud sexual y reproductiva,hemorragia de la primera mitad del embarazo (< 22 sem) aborto,2017-04-01,14,6,20
11001,VILLA VACA GUZMAN (MUYUPAMPA),salud sexual y reproductiva,hemorragia de la primera mitad del embarazo (< 22 sem) aborto,2017-04-01,1,0,1
51501,VILLAZON,salud sexual y reproductiva,hemorragia de la primera mitad del embarazo (< 22 sem) aborto,2017-04-01,16,0,16
70201,WARNES,salud sexual y reproductiva,hemorragia de la primera mitad del embarazo (< 22 sem) aborto,2017-04-01,31,0,31
60301,YACUIBA,salud sexual y reproductiva,hemorragia de la primera mitad del embarazo (< 22 sem) aborto,2017-04-01,1,0,1
70403,YAPACANI,salud sexual y reproductiva,hemorragia de la primera mitad del embarazo (< 22 sem) aborto,2017-04-01,18,0,18
30201,AIQUILE,salud sexual y reproductiva,hemorragia de la primera mitad del embarazo (< 22 sem) aborto,2017-05-01,6,0,6
30403,ARBIETO,salud sexual y reproductiva,hemorragia de la primera mitad del embarazo (< 22 sem) aborto,2017-05-01,2,0,2
71501,ASCENCION DE GUARAYOS,salud sexual y reproductiva,hemorragia de la primera mitad del embarazo (< 22 sem) aborto,2017-05-01,2,2,4
60202,BERMEJO,salud sexual y reproductiva,hemorragia de la primera mitad del embarazo (< 22 sem) aborto,2017-05-01,0,3,3
50301,BETANZOS,salud sexual y reproductiva,hemorragia de la primera mitad del embarazo (< 22 sem) aborto,2017-05-01,3,0,3
10701,CAMARGO,salud sexual y reproductiva,hemorragia de la primera mitad del embarazo (< 22 sem) aborto,2017-05-01,4,2,6
70706,CAMIRI,salud sexual y reproductiva,hemorragia de la primera mitad del embarazo (< 22 sem) aborto,2017-05-01,17,0,17
30701,CAPINOTA,salud sexual y reproductiva,hemorragia de la primera mitad del embarazo (< 22 sem) aborto,2017-05-01,5,0,5
22001,CARANAVI,salud sexual y reproductiva,hemorragia de la primera mitad del embarazo (< 22 sem) aborto,2017-05-01,44,0,44
40201,CHALLAPATA,salud sexual y reproductiva,hemorragia de la primera mitad del embarazo (< 22 sem) aborto,2017-05-01,1,1,2
70702,CHARAGUA,salud sexual y reproductiva,hemorragia de la primera mitad del embarazo (< 22 sem) aborto,2017-05-01,1,0,1
40903,CHIPAYA,salud sexual y reproductiva,hemorragia de la primera mitad del embarazo (< 22 sem) aborto,2017-05-01,0,1,1
21101,CHULUMANI (V. DE LA LIBERTAD),salud sexual y reproductiva,hemorragia de la primera mitad del embarazo (< 22 sem) aborto,2017-05-01,7,0,7
51103,CKOCHAS,salud sexual y reproductiva,hemorragia de la primera mitad del embarazo (< 22 sem) aborto,2017-05-01,1,0,1
30801,CLIZA,salud sexual y reproductiva,hemorragia de la primera mitad del embarazo (< 22 sem) aborto,2017-05-01,19,0,19
90101,COBIJA,salud sexual y reproductiva,hemorragia de la primera mitad del embarazo (< 22 sem) aborto,2017-05-01,30,0,30
30101,COCHABAMBA,salud sexual y reproductiva,hemorragia de la primera mitad del embarazo (< 22 sem) aborto,2017-05-01,211,5,216
30905,COLCAPIRHUA,salud sexual y reproductiva,hemorragia de la primera mitad del embarazo (< 22 sem) aborto,2017-05-01,4,2,6
50401,COLQUECHACA,salud sexual y reproductiva,hemorragia de la primera mitad del embarazo (< 22 sem) aborto,2017-05-01,0,1,1
71301,COMARAPA,salud sexual y reproductiva,hemorragia de la primera mitad del embarazo (< 22 sem) aborto,2017-05-01,4,0,4
71101,CONCEPCION,salud sexual y reproductiva,hemorragia de la primera mitad del embarazo (< 22 sem) aborto,2017-05-01,1,0,1
21402,CORIPATA,salud sexual y reproductiva,hemorragia de la primera mitad del embarazo (< 22 sem) aborto,2017-05-01,4,0,4
21401,COROICO,salud sexual y reproductiva,hemorragia de la primera mitad del embarazo (< 22 sem) aborto,2017-05-01,2,0,2
40301,CORQUE,salud sexual y reproductiva,hemorragia de la primera mitad del embarazo (< 22 sem) aborto,2017-05-01,1,0,1
70102,COTOCA,salud sexual y reproductiva,hemorragia de la primera mitad del embarazo (< 22 sem) aborto,2017-05-01,13,1,14
71106,CUATRO CAÃ‘ADAS,salud sexual y reproductiva,hemorragia de la primera mitad del embarazo (< 22 sem) aborto,2017-05-01,3,1,4
20105,EL ALTO,salud sexual y reproductiva,hemorragia de la primera mitad del embarazo (< 22 sem) aborto,2017-05-01,138,4,142
60502,EL PUENTE(TJA),salud sexual y reproductiva,hemorragia de la primera mitad del embarazo (< 22 sem) aborto,2017-05-01,0,1,1
70105,EL TORNO,salud sexual y reproductiva,hemorragia de la primera mitad del embarazo (< 22 sem) aborto,2017-05-01,21,0,21
31206,ENTRE RIOS CBBA,salud sexual y reproductiva,hemorragia de la primera mitad del embarazo (< 22 sem) aborto,2017-05-01,2,1,3
20405,ESCOMA,salud sexual y reproductiva,hemorragia de la primera mitad del embarazo (< 22 sem) aborto,2017-05-01,0,2,2
71004,FERNANDEZ ALONSO,salud sexual y reproductiva,hemorragia de la primera mitad del embarazo (< 22 sem) aborto,2017-05-01,0,1,1
80202,GUAYARAMERIN,salud sexual y reproductiva,hemorragia de la primera mitad del embarazo (< 22 sem) aborto,2017-05-01,2,2,4
40701,HUANUNI,salud sexual y reproductiva,hemorragia de la primera mitad del embarazo (< 22 sem) aborto,2017-05-01,1,0,1
21105,LA ASUNTA,salud sexual y reproductiva,hemorragia de la primera mitad del embarazo (< 22 sem) aborto,2017-05-01,0,1,1
70104,LA GUARDIA,salud sexual y reproductiva,hemorragia de la primera mitad del embarazo (< 22 sem) aborto,2017-05-01,0,1,1
20101,LA PAZ,salud sexual y reproductiva,hemorragia de la primera mitad del embarazo (< 22 sem) aborto,2017-05-01,244,0,244
21202,LAJA,salud sexual y reproductiva,hemorragia de la primera mitad del embarazo (< 22 sem) aborto,2017-05-01,0,1,1
11003,MACHARETI,salud sexual y reproductiva,hemorragia de la primera mitad del embarazo (< 22 sem) aborto,2017-05-01,1,0,1
80801,MAGDALENA,salud sexual y reproductiva,hemorragia de la primera mitad del embarazo (< 22 sem) aborto,2017-05-01,0,1,1
70903,MAIRANA,salud sexual y reproductiva,hemorragia de la primera mitad del embarazo (< 22 sem) aborto,2017-05-01,3,0,3
31301,MIZQUE,salud sexual y reproductiva,hemorragia de la primera mitad del embarazo (< 22 sem) aborto,2017-05-01,3,0,3
10501,MONTEAGUDO,salud sexual y reproductiva,hemorragia de la primera mitad del embarazo (< 22 sem) aborto,2017-05-01,5,3,8
71001,MONTERO,salud sexual y reproductiva,hemorragia de la primera mitad del embarazo (< 22 sem) aborto,2017-05-01,5,1,6
40101,ORURO,salud sexual y reproductiva,hemorragia de la primera mitad del embarazo (< 22 sem) aborto,2017-05-01,12,0,12
70502,PAILON,salud sexual y reproductiva,hemorragia de la primera mitad del embarazo (< 22 sem) aborto,2017-05-01,2,0,2
21104,PALOS BLANCOS,salud sexual y reproductiva,hemorragia de la primera mitad del embarazo (< 22 sem) aborto,2017-05-01,7,0,7
40602,PAZÃ‘A,salud sexual y reproductiva,hemorragia de la primera mitad del embarazo (< 22 sem) aborto,2017-05-01,1,0,1
50403,POCOATA,salud sexual y reproductiva,hemorragia de la primera mitad del embarazo (< 22 sem) aborto,2017-05-01,1,0,1
31203,POCONA,salud sexual y reproductiva,hemorragia de la primera mitad del embarazo (< 22 sem) aborto,2017-05-01,1,0,1
40601,POOPO,salud sexual y reproductiva,hemorragia de la primera mitad del embarazo (< 22 sem) aborto,2017-05-01,1,0,1
50101,POTOSI,salud sexual y reproductiva,hemorragia de la primera mitad del embarazo (< 22 sem) aborto,2017-05-01,38,4,42
21201,PUCARANI,salud sexual y reproductiva,hemorragia de la primera mitad del embarazo (< 22 sem) aborto,2017-05-01,1,0,1
90201,PUERTO RICO,salud sexual y reproductiva,hemorragia de la primera mitad del embarazo (< 22 sem) aborto,2017-05-01,0,1,1
71401,PUERTO SUAREZ,salud sexual y reproductiva,hemorragia de la primera mitad del embarazo (< 22 sem) aborto,2017-05-01,9,0,9
31205,PUERTO VILLARROEL,salud sexual y reproductiva,hemorragia de la primera mitad del embarazo (< 22 sem) aborto,2017-05-01,41,0,41
31401,PUNATA,salud sexual y reproductiva,hemorragia de la primera mitad del embarazo (< 22 sem) aborto,2017-05-01,11,0,11
30901,QUILLACOLLO,salud sexual y reproductiva,hemorragia de la primera mitad del embarazo (< 22 sem) aborto,2017-05-01,62,0,62
80301,REYES,salud sexual y reproductiva,hemorragia de la primera mitad del embarazo (< 22 sem) aborto,2017-05-01,2,0,2
80201,RIBERALTA,salud sexual y reproductiva,hemorragia de la primera mitad del embarazo (< 22 sem) aborto,2017-05-01,15,6,21
70503,ROBORE,salud sexual y reproductiva,hemorragia de la primera mitad del embarazo (< 22 sem) aborto,2017-05-01,4,0,4
80304,RURRENABAQUE,salud sexual y reproductiva,hemorragia de la primera mitad del embarazo (< 22 sem) aborto,2017-05-01,13,0,13
31001,SACABA,salud sexual y reproductiva,hemorragia de la primera mitad del embarazo (< 22 sem) aborto,2017-05-01,55,1,56
30404,SACABAMBA,salud sexual y reproductiva,hemorragia de la primera mitad del embarazo (< 22 sem) aborto,2017-05-01,1,0,1
80302,SAN BORJA,salud sexual y reproductiva,hemorragia de la primera mitad del embarazo (< 22 sem) aborto,2017-05-01,13,0,13
21502,SAN BUENA VENTURA,salud sexual y reproductiva,hemorragia de la primera mitad del embarazo (< 22 sem) aborto,2017-05-01,6,0,6
70402,SAN CARLOS,salud sexual y reproductiva,hemorragia de la primera mitad del embarazo (< 22 sem) aborto,2017-05-01,3,0,3
80501,SAN IGNACIO,salud sexual y reproductiva,hemorragia de la primera mitad del embarazo (< 22 sem) aborto,2017-05-01,4,0,4
70301,SAN IGNACIO DE VELASCO,salud sexual y reproductiva,hemorragia de la primera mitad del embarazo (< 22 sem) aborto,2017-05-01,4,0,4
80102,SAN JAVIER(BNI),salud sexual y reproductiva,hemorragia de la primera mitad del embarazo (< 22 sem) aborto,2017-05-01,1,0,1
71102,SAN JAVIER(STC),salud sexual y reproductiva,hemorragia de la primera mitad del embarazo (< 22 sem) aborto,2017-05-01,1,0,1
70501,SAN JOSE DE CHIQUITOS,salud sexual y reproductiva,hemorragia de la primera mitad del embarazo (< 22 sem) aborto,2017-05-01,3,0,3
71104,SAN JULIAN,salud sexual y reproductiva,hemorragia de la primera mitad del embarazo (< 22 sem) aborto,2017-05-01,9,0,9
10702,SAN LUCAS,salud sexual y reproductiva,hemorragia de la primera mitad del embarazo (< 22 sem) aborto,2017-05-01,1,0,1
70302,SAN MIGUEL DE VELASCO,salud sexual y reproductiva,hemorragia de la primera mitad del embarazo (< 22 sem) aborto,2017-05-01,0,1,1
21801,SAN PEDRO DE CURAHUARA,salud sexual y reproductiva,hemorragia de la primera mitad del embarazo (< 22 sem) aborto,2017-05-01,1,1,2
71103,SAN RAMON SCZ,salud sexual y reproductiva,hemorragia de la primera mitad del embarazo (< 22 sem) aborto,2017-05-01,4,0,4
80401,SANTA ANA,salud sexual y reproductiva,hemorragia de la primera mitad del embarazo (< 22 sem) aborto,2017-05-01,5,0,5
70101,SANTA CRUZ DE LA SIERRA,salud sexual y reproductiva,hemorragia de la primera mitad del embarazo (< 22 sem) aborto,2017-05-01,393,112,505
20902,SAPAHAQUI,salud sexual y reproductiva,hemorragia de la primera mitad del embarazo (< 22 sem) aborto,2017-05-01,1,0,1
31602,SHINAOTA,salud sexual y reproductiva,hemorragia de la primera mitad del embarazo (< 22 sem) aborto,2017-05-01,19,0,19
21301,SICA SICA (VILLA AROMA),salud sexual y reproductiva,hemorragia de la primera mitad del embarazo (< 22 sem) aborto,2017-05-01,1,1,2
30703,SICAYA,salud sexual y reproductiva,hemorragia de la primera mitad del embarazo (< 22 sem) aborto,2017-05-01,1,0,1
30902,SIPE SIPE,salud sexual y reproductiva,hemorragia de la primera mitad del embarazo (< 22 sem) aborto,2017-05-01,4,0,4
10403,SOPACHUY,salud sexual y reproductiva,hemorragia de la primera mitad del embarazo (< 22 sem) aborto,2017-05-01,1,1,2
10101,SUCRE,salud sexual y reproductiva,hemorragia de la primera mitad del embarazo (< 22 sem) aborto,2017-05-01,129,78,207
31404,TACACHI,salud sexual y reproductiva,hemorragia de la primera mitad del embarazo (< 22 sem) aborto,2017-05-01,1,0,1
30401,TARATA,salud sexual y reproductiva,hemorragia de la primera mitad del embarazo (< 22 sem) aborto,2017-05-01,0,1,1
60101,TARIJA,salud sexual y reproductiva,hemorragia de la primera mitad del embarazo (< 22 sem) aborto,2017-05-01,83,0,83
10202,TARVITA,salud sexual y reproductiva,hemorragia de la primera mitad del embarazo (< 22 sem) aborto,2017-05-01,0,2,2
20606,TIPUANI,salud sexual y reproductiva,hemorragia de la primera mitad del embarazo (< 22 sem) aborto,2017-05-01,1,0,1
80101,TRINIDAD,salud sexual y reproductiva,hemorragia de la primera mitad del embarazo (< 22 sem) aborto,2017-05-01,66,0,66
50801,TUPIZA,salud sexual y reproductiva,hemorragia de la primera mitad del embarazo (< 22 sem) aborto,2017-05-01,2,0,2
51201,UYUNI,salud sexual y reproductiva,hemorragia de la primera mitad del embarazo (< 22 sem) aborto,2017-05-01,6,6,12
30502,VACAS,salud sexual y reproductiva,hemorragia de la primera mitad del embarazo (< 22 sem) aborto,2017-05-01,1,0,1
20801,VIACHA,salud sexual y reproductiva,hemorragia de la primera mitad del embarazo (< 22 sem) aborto,2017-05-01,3,2,5
10704,VILLA CHARCAS,salud sexual y reproductiva,hemorragia de la primera mitad del embarazo (< 22 sem) aborto,2017-05-01,0,1,1
31402,VILLA RIVERO,salud sexual y reproductiva,hemorragia de la primera mitad del embarazo (< 22 sem) aborto,2017-05-01,1,0,1
10801,VILLA SERRANO,salud sexual y reproductiva,hemorragia de la primera mitad del embarazo (< 22 sem) aborto,2017-05-01,0,3,3
31003,VILLA TUNARI,salud sexual y reproductiva,hemorragia de la primera mitad del embarazo (< 22 sem) aborto,2017-05-01,17,0,17
51501,VILLAZON,salud sexual y reproductiva,hemorragia de la primera mitad del embarazo (< 22 sem) aborto,2017-05-01,18,1,19
30904,VINTO,salud sexual y reproductiva,hemorragia de la primera mitad del embarazo (< 22 sem) aborto,2017-05-01,5,0,5
70201,WARNES,salud sexual y reproductiva,hemorragia de la primera mitad del embarazo (< 22 sem) aborto,2017-05-01,30,6,36
60301,YACUIBA,salud sexual y reproductiva,hemorragia de la primera mitad del embarazo (< 22 sem) aborto,2017-05-01,1,4,5
70403,YAPACANI,salud sexual y reproductiva,hemorragia de la primera mitad del embarazo (< 22 sem) aborto,2017-05-01,11,1,12
20104,ACHOCALLA,salud sexual y reproductiva,hemorragia de la primera mitad del embarazo (< 22 sem) aborto,2017-06-01,1,0,1
30201,AIQUILE,salud sexual y reproductiva,hemorragia de la primera mitad del embarazo (< 22 sem) aborto,2017-06-01,4,0,4
20202,ANCORAIMES,salud sexual y reproductiva,hemorragia de la primera mitad del embarazo (< 22 sem) aborto,2017-06-01,0,1,1
30402,ANZALDO,salud sexual y reproductiva,hemorragia de la primera mitad del embarazo (< 22 sem) aborto,2017-06-01,1,0,1
30403,ARBIETO,salud sexual y reproductiva,hemorragia de la primera mitad del embarazo (< 22 sem) aborto,2017-06-01,3,0,3
71501,ASCENCION DE GUARAYOS,salud sexual y reproductiva,hemorragia de la primera mitad del embarazo (< 22 sem) aborto,2017-06-01,8,5,13
50301,BETANZOS,salud sexual y reproductiva,hemorragia de la primera mitad del embarazo (< 22 sem) aborto,2017-06-01,5,0,5
10701,CAMARGO,salud sexual y reproductiva,hemorragia de la primera mitad del embarazo (< 22 sem) aborto,2017-06-01,2,3,5
70706,CAMIRI,salud sexual y reproductiva,hemorragia de la primera mitad del embarazo (< 22 sem) aborto,2017-06-01,12,0,12
30701,CAPINOTA,salud sexual y reproductiva,hemorragia de la primera mitad del embarazo (< 22 sem) aborto,2017-06-01,5,0,5
22001,CARANAVI,salud sexual y reproductiva,hemorragia de la primera mitad del embarazo (< 22 sem) aborto,2017-06-01,18,0,18
21803,CHACARILLA,salud sexual y reproductiva,hemorragia de la primera mitad del embarazo (< 22 sem) aborto,2017-06-01,0,1,1
70702,CHARAGUA,salud sexual y reproductiva,hemorragia de la primera mitad del embarazo (< 22 sem) aborto,2017-06-01,3,0,3
21101,CHULUMANI (V. DE LA LIBERTAD),salud sexual y reproductiva,hemorragia de la primera mitad del embarazo (< 22 sem) aborto,2017-06-01,5,0,5
30801,CLIZA,salud sexual y reproductiva,hemorragia de la primera mitad del embarazo (< 22 sem) aborto,2017-06-01,6,0,6
90101,COBIJA,salud sexual y reproductiva,hemorragia de la primera mitad del embarazo (< 22 sem) aborto,2017-06-01,15,2,17
30101,COCHABAMBA,salud sexual y reproductiva,hemorragia de la primera mitad del embarazo (< 22 sem) aborto,2017-06-01,175,3,178
30905,COLCAPIRHUA,salud sexual y reproductiva,hemorragia de la primera mitad del embarazo (< 22 sem) aborto,2017-06-01,4,0,4
50401,COLQUECHACA,salud sexual y reproductiva,hemorragia de la primera mitad del embarazo (< 22 sem) aborto,2017-06-01,1,0,1
71301,COMARAPA,salud sexual y reproductiva,hemorragia de la primera mitad del embarazo (< 22 sem) aborto,2017-06-01,4,0,4
71101,CONCEPCION,salud sexual y reproductiva,hemorragia de la primera mitad del embarazo (< 22 sem) aborto,2017-06-01,4,0,4
21401,COROICO,salud sexual y reproductiva,hemorragia de la primera mitad del embarazo (< 22 sem) aborto,2017-06-01,1,0,1
50601,COTAGAITA,salud sexual y reproductiva,hemorragia de la primera mitad del embarazo (< 22 sem) aborto,2017-06-01,0,2,2
70102,COTOCA,salud sexual y reproductiva,hemorragia de la primera mitad del embarazo (< 22 sem) aborto,2017-06-01,1,4,5
71106,CUATRO CAÃ‘ADAS,salud sexual y reproductiva,hemorragia de la primera mitad del embarazo (< 22 sem) aborto,2017-06-01,0,1,1
10902,CULPINA,salud sexual y reproductiva,hemorragia de la primera mitad del embarazo (< 22 sem) aborto,2017-06-01,1,0,1
20105,EL ALTO,salud sexual y reproductiva,hemorragia de la primera mitad del embarazo (< 22 sem) aborto,2017-06-01,122,2,124
71503,EL PUENTE(STC),salud sexual y reproductiva,hemorragia de la primera mitad del embarazo (< 22 sem) aborto,2017-06-01,0,2,2
70105,EL TORNO,salud sexual y reproductiva,hemorragia de la primera mitad del embarazo (< 22 sem) aborto,2017-06-01,17,0,17
71004,FERNANDEZ ALONSO,salud sexual y reproductiva,hemorragia de la primera mitad del embarazo (< 22 sem) aborto,2017-06-01,0,1,1
20602,GUANAY,salud sexual y reproductiva,hemorragia de la primera mitad del embarazo (< 22 sem) aborto,2017-06-01,0,1,1
40701,HUANUNI,salud sexual y reproductiva,hemorragia de la primera mitad del embarazo (< 22 sem) aborto,2017-06-01,7,0,7
20204,HUARINA,salud sexual y reproductiva,hemorragia de la primera mitad del embarazo (< 22 sem) aborto,2017-06-01,1,0,1
20806,JESUS DE MACHACA,salud sexual y reproductiva,hemorragia de la primera mitad del embarazo (< 22 sem) aborto,2017-06-01,0,1,1
70104,LA GUARDIA,salud sexual y reproductiva,hemorragia de la primera mitad del embarazo (< 22 sem) aborto,2017-06-01,1,6,7
20101,LA PAZ,salud sexual y reproductiva,hemorragia de la primera mitad del embarazo (< 22 sem) aborto,2017-06-01,193,0,193
11003,MACHARETI,salud sexual y reproductiva,hemorragia de la primera mitad del embarazo (< 22 sem) aborto,2017-06-01,1,0,1
70903,MAIRANA,salud sexual y reproductiva,hemorragia de la primera mitad del embarazo (< 22 sem) aborto,2017-06-01,1,0,1
10501,MONTEAGUDO,salud sexual y reproductiva,hemorragia de la primera mitad del embarazo (< 22 sem) aborto,2017-06-01,0,9,9
30203,OMEREQUE,salud sexual y reproductiva,hemorragia de la primera mitad del embarazo (< 22 sem) aborto,2017-06-01,0,1,1
40101,ORURO,salud sexual y reproductiva,hemorragia de la primera mitad del embarazo (< 22 sem) aborto,2017-06-01,11,0,11
60201,PADCAYA,salud sexual y reproductiva,hemorragia de la primera mitad del embarazo (< 22 sem) aborto,2017-06-01,0,2,2
70502,PAILON,salud sexual y reproductiva,hemorragia de la primera mitad del embarazo (< 22 sem) aborto,2017-06-01,3,0,3
21104,PALOS BLANCOS,salud sexual y reproductiva,hemorragia de la primera mitad del embarazo (< 22 sem) aborto,2017-06-01,2,0,2
31203,POCONA,salud sexual y reproductiva,hemorragia de la primera mitad del embarazo (< 22 sem) aborto,2017-06-01,3,0,3
50101,POTOSI,salud sexual y reproductiva,hemorragia de la primera mitad del embarazo (< 22 sem) aborto,2017-06-01,25,0,25
10302,PRESTO,salud sexual y reproductiva,hemorragia de la primera mitad del embarazo (< 22 sem) aborto,2017-06-01,0,1,1
90201,PUERTO RICO,salud sexual y reproductiva,hemorragia de la primera mitad del embarazo (< 22 sem) aborto,2017-06-01,1,0,1
71401,PUERTO SUAREZ,salud sexual y reproductiva,hemorragia de la primera mitad del embarazo (< 22 sem) aborto,2017-06-01,4,0,4
31205,PUERTO VILLARROEL,salud sexual y reproductiva,hemorragia de la primera mitad del embarazo (< 22 sem) aborto,2017-06-01,26,0,26
51101,PUNA,salud sexual y reproductiva,hemorragia de la primera mitad del embarazo (< 22 sem) aborto,2017-06-01,1,0,1
31401,PUNATA,salud sexual y reproductiva,hemorragia de la primera mitad del embarazo (< 22 sem) aborto,2017-06-01,14,0,14
21002,QUIME,salud sexual y reproductiva,hemorragia de la primera mitad del embarazo (< 22 sem) aborto,2017-06-01,2,0,2
80301,REYES,salud sexual y reproductiva,hemorragia de la primera mitad del embarazo (< 22 sem) aborto,2017-06-01,1,0,1
80201,RIBERALTA,salud sexual y reproductiva,hemorragia de la primera mitad del embarazo (< 22 sem) aborto,2017-06-01,20,0,20
70503,ROBORE,salud sexual y reproductiva,hemorragia de la primera mitad del embarazo (< 22 sem) aborto,2017-06-01,4,0,4
80304,RURRENABAQUE,salud sexual y reproductiva,hemorragia de la primera mitad del embarazo (< 22 sem) aborto,2017-06-01,6,0,6
31001,SACABA,salud sexual y reproductiva,hemorragia de la primera mitad del embarazo (< 22 sem) aborto,2017-06-01,27,4,31
30404,SACABAMBA,salud sexual y reproductiva,hemorragia de la primera mitad del embarazo (< 22 sem) aborto,2017-06-01,1,0,1
80302,SAN BORJA,salud sexual y reproductiva,hemorragia de la primera mitad del embarazo (< 22 sem) aborto,2017-06-01,15,0,15
21502,SAN BUENA VENTURA,salud sexual y reproductiva,hemorragia de la primera mitad del embarazo (< 22 sem) aborto,2017-06-01,2,0,2
70402,SAN CARLOS,salud sexual y reproductiva,hemorragia de la primera mitad del embarazo (< 22 sem) aborto,2017-06-01,4,6,10
80501,SAN IGNACIO,salud sexual y reproductiva,hemorragia de la primera mitad del embarazo (< 22 sem) aborto,2017-06-01,3,0,3
70301,SAN IGNACIO DE VELASCO,salud sexual y reproductiva,hemorragia de la primera mitad del embarazo (< 22 sem) aborto,2017-06-01,5,0,5
70501,SAN JOSE DE CHIQUITOS,salud sexual y reproductiva,hemorragia de la primera mitad del embarazo (< 22 sem) aborto,2017-06-01,3,0,3
71104,SAN JULIAN,salud sexual y reproductiva,hemorragia de la primera mitad del embarazo (< 22 sem) aborto,2017-06-01,9,0,9
10702,SAN LUCAS,salud sexual y reproductiva,hemorragia de la primera mitad del embarazo (< 22 sem) aborto,2017-06-01,4,3,7
71201,SAN MATIAS,salud sexual y reproductiva,hemorragia de la primera mitad del embarazo (< 22 sem) aborto,2017-06-01,0,5,5
50501,SAN PEDRO DE BUENA VISTA,salud sexual y reproductiva,hemorragia de la primera mitad del embarazo (< 22 sem) aborto,2017-06-01,1,0,1
21702,SAN PEDRO DE TIQUINA,salud sexual y reproductiva,hemorragia de la primera mitad del embarazo (< 22 sem) aborto,2017-06-01,1,0,1
71103,SAN RAMON SCZ,salud sexual y reproductiva,hemorragia de la primera mitad del embarazo (< 22 sem) aborto,2017-06-01,2,1,3
80401,SANTA ANA,salud sexual y reproductiva,hemorragia de la primera mitad del embarazo (< 22 sem) aborto,2017-06-01,10,0,10
70101,SANTA CRUZ DE LA SIERRA,salud sexual y reproductiva,hemorragia de la primera mitad del embarazo (< 22 sem) aborto,2017-06-01,296,111,407
20902,SAPAHAQUI,salud sexual y reproductiva,hemorragia de la primera mitad del embarazo (< 22 sem) aborto,2017-06-01,1,0,1
31602,SHINAOTA,salud sexual y reproductiva,hemorragia de la primera mitad del embarazo (< 22 sem) aborto,2017-06-01,20,0,20
21301,SICA SICA (VILLA AROMA),salud sexual y reproductiva,hemorragia de la primera mitad del embarazo (< 22 sem) aborto,2017-06-01,1,1,2
30902,SIPE SIPE,salud sexual y reproductiva,hemorragia de la primera mitad del embarazo (< 22 sem) aborto,2017-06-01,1,0,1
10403,SOPACHUY,salud sexual y reproductiva,hemorragia de la primera mitad del embarazo (< 22 sem) aborto,2017-06-01,0,1,1
40104,SORACACHI,salud sexual y reproductiva,hemorragia de la primera mitad del embarazo (< 22 sem) aborto,2017-06-01,1,0,1
10101,SUCRE,salud sexual y reproductiva,hemorragia de la primera mitad del embarazo (< 22 sem) aborto,2017-06-01,74,38,112
60101,TARIJA,salud sexual y reproductiva,hemorragia de la primera mitad del embarazo (< 22 sem) aborto,2017-06-01,60,0,60
10202,TARVITA,salud sexual y reproductiva,hemorragia de la primera mitad del embarazo (< 22 sem) aborto,2017-06-01,0,3,3
20803,TIAWANACU,salud sexual y reproductiva,hemorragia de la primera mitad del embarazo (< 22 sem) aborto,2017-06-01,1,0,1
10402,TOMINA,salud sexual y reproductiva,hemorragia de la primera mitad del embarazo (< 22 sem) aborto,2017-06-01,1,0,1
31201,TOTORA(CBBA),salud sexual y reproductiva,hemorragia de la primera mitad del embarazo (< 22 sem) aborto,2017-06-01,2,0,2
80101,TRINIDAD,salud sexual y reproductiva,hemorragia de la primera mitad del embarazo (< 22 sem) aborto,2017-06-01,46,1,47
50801,TUPIZA,salud sexual y reproductiva,hemorragia de la primera mitad del embarazo (< 22 sem) aborto,2017-06-01,8,0,8
51201,UYUNI,salud sexual y reproductiva,hemorragia de la primera mitad del embarazo (< 22 sem) aborto,2017-06-01,2,0,2
30502,VACAS,salud sexual y reproductiva,hemorragia de la primera mitad del embarazo (< 22 sem) aborto,2017-06-01,1,0,1
70801,VALLEGRANDE,salud sexual y reproductiva,hemorragia de la primera mitad del embarazo (< 22 sem) aborto,2017-06-01,3,0,3
20801,VIACHA,salud sexual y reproductiva,hemorragia de la primera mitad del embarazo (< 22 sem) aborto,2017-06-01,0,1,1
10704,VILLA CHARCAS,salud sexual y reproductiva,hemorragia de la primera mitad del embarazo (< 22 sem) aborto,2017-06-01,0,1,1
31003,VILLA TUNARI,salud sexual y reproductiva,hemorragia de la primera mitad del embarazo (< 22 sem) aborto,2017-06-01,19,0,19
11001,VILLA VACA GUZMAN (MUYUPAMPA),salud sexual y reproductiva,hemorragia de la primera mitad del embarazo (< 22 sem) aborto,2017-06-01,2,0,2
51501,VILLAZON,salud sexual y reproductiva,hemorragia de la primera mitad del embarazo (< 22 sem) aborto,2017-06-01,10,0,10
30904,VINTO,salud sexual y reproductiva,hemorragia de la primera mitad del embarazo (< 22 sem) aborto,2017-06-01,18,0,18
50602,VITICHI,salud sexual y reproductiva,hemorragia de la primera mitad del embarazo (< 22 sem) aborto,2017-06-01,1,0,1
70201,WARNES,salud sexual y reproductiva,hemorragia de la primera mitad del embarazo (< 22 sem) aborto,2017-06-01,19,0,19
60301,YACUIBA,salud sexual y reproductiva,hemorragia de la primera mitad del embarazo (< 22 sem) aborto,2017-06-01,0,4,4
21103,YANACACHI,salud sexual y reproductiva,hemorragia de la primera mitad del embarazo (< 22 sem) aborto,2017-06-01,0,1,1
70403,YAPACANI,salud sexual y reproductiva,hemorragia de la primera mitad del embarazo (< 22 sem) aborto,2017-06-01,7,0,7
30201,AIQUILE,salud sexual y reproductiva,hemorragia de la primera mitad del embarazo (< 22 sem) aborto,2017-07-01,8,0,8
40603,ANTEQUERA,salud sexual y reproductiva,hemorragia de la primera mitad del embarazo (< 22 sem) aborto,2017-07-01,1,0,1
30403,ARBIETO,salud sexual y reproductiva,hemorragia de la primera mitad del embarazo (< 22 sem) aborto,2017-07-01,3,1,4
71501,ASCENCION DE GUARAYOS,salud sexual y reproductiva,hemorragia de la primera mitad del embarazo (< 22 sem) aborto,2017-07-01,1,6,7
50301,BETANZOS,salud sexual y reproductiva,hemorragia de la primera mitad del embarazo (< 22 sem) aborto,2017-07-01,14,0,14
10701,CAMARGO,salud sexual y reproductiva,hemorragia de la primera mitad del embarazo (< 22 sem) aborto,2017-07-01,1,0,1
70706,CAMIRI,salud sexual y reproductiva,hemorragia de la primera mitad del embarazo (< 22 sem) aborto,2017-07-01,9,0,9
30701,CAPINOTA,salud sexual y reproductiva,hemorragia de la primera mitad del embarazo (< 22 sem) aborto,2017-07-01,5,0,5
40102,CARACOLLO,salud sexual y reproductiva,hemorragia de la primera mitad del embarazo (< 22 sem) aborto,2017-07-01,3,0,3
22001,CARANAVI,salud sexual y reproductiva,hemorragia de la primera mitad del embarazo (< 22 sem) aborto,2017-07-01,18,0,18
70702,CHARAGUA,salud sexual y reproductiva,hemorragia de la primera mitad del embarazo (< 22 sem) aborto,2017-07-01,2,0,2
50202,CHAYANTA,salud sexual y reproductiva,hemorragia de la primera mitad del embarazo (< 22 sem) aborto,2017-07-01,1,0,1
21101,CHULUMANI (V. DE LA LIBERTAD),salud sexual y reproductiva,hemorragia de la primera mitad del embarazo (< 22 sem) aborto,2017-07-01,5,0,5
20501,CHUMA,salud sexual y reproductiva,hemorragia de la primera mitad del embarazo (< 22 sem) aborto,2017-07-01,1,0,1
30801,CLIZA,salud sexual y reproductiva,hemorragia de la primera mitad del embarazo (< 22 sem) aborto,2017-07-01,8,7,15
90101,COBIJA,salud sexual y reproductiva,hemorragia de la primera mitad del embarazo (< 22 sem) aborto,2017-07-01,12,0,12
30101,COCHABAMBA,salud sexual y reproductiva,hemorragia de la primera mitad del embarazo (< 22 sem) aborto,2017-07-01,212,3,215
30905,COLCAPIRHUA,salud sexual y reproductiva,hemorragia de la primera mitad del embarazo (< 22 sem) aborto,2017-07-01,5,2,7
71301,COMARAPA,salud sexual y reproductiva,hemorragia de la primera mitad del embarazo (< 22 sem) aborto,2017-07-01,6,0,6
71101,CONCEPCION,salud sexual y reproductiva,hemorragia de la primera mitad del embarazo (< 22 sem) aborto,2017-07-01,1,0,1
21402,CORIPATA,salud sexual y reproductiva,hemorragia de la primera mitad del embarazo (< 22 sem) aborto,2017-07-01,2,0,2
21401,COROICO,salud sexual y reproductiva,hemorragia de la primera mitad del embarazo (< 22 sem) aborto,2017-07-01,4,0,4
70102,COTOCA,salud sexual y reproductiva,hemorragia de la primera mitad del embarazo (< 22 sem) aborto,2017-07-01,24,0,24
71106,CUATRO CAÃ‘ADAS,salud sexual y reproductiva,hemorragia de la primera mitad del embarazo (< 22 sem) aborto,2017-07-01,5,0,5
10902,CULPINA,salud sexual y reproductiva,hemorragia de la primera mitad del embarazo (< 22 sem) aborto,2017-07-01,2,1,3
20105,EL ALTO,salud sexual y reproductiva,hemorragia de la primera mitad del embarazo (< 22 sem) aborto,2017-07-01,125,7,132
71503,EL PUENTE(STC),salud sexual y reproductiva,hemorragia de la primera mitad del embarazo (< 22 sem) aborto,2017-07-01,1,0,1
70105,EL TORNO,salud sexual y reproductiva,hemorragia de la primera mitad del embarazo (< 22 sem) aborto,2017-07-01,17,0,17
31206,ENTRE RIOS CBBA,salud sexual y reproductiva,hemorragia de la primera mitad del embarazo (< 22 sem) aborto,2017-07-01,0,1,1
20602,GUANAY,salud sexual y reproductiva,hemorragia de la primera mitad del embarazo (< 22 sem) aborto,2017-07-01,3,1,4
80202,GUAYARAMERIN,salud sexual y reproductiva,hemorragia de la primera mitad del embarazo (< 22 sem) aborto,2017-07-01,4,0,4
40701,HUANUNI,salud sexual y reproductiva,hemorragia de la primera mitad del embarazo (< 22 sem) aborto,2017-07-01,4,0,4
20204,HUARINA,salud sexual y reproductiva,hemorragia de la primera mitad del embarazo (< 22 sem) aborto,2017-07-01,0,1,1
10703,INCAHUASI,salud sexual y reproductiva,hemorragia de la primera mitad del embarazo (< 22 sem) aborto,2017-07-01,1,1,2
21001,INQUISIVI,salud sexual y reproductiva,hemorragia de la primera mitad del embarazo (< 22 sem) aborto,2017-07-01,0,1,1
70104,LA GUARDIA,salud sexual y reproductiva,hemorragia de la primera mitad del embarazo (< 22 sem) aborto,2017-07-01,0,5,5
20101,LA PAZ,salud sexual y reproductiva,hemorragia de la primera mitad del embarazo (< 22 sem) aborto,2017-07-01,217,5,222
70903,MAIRANA,salud sexual y reproductiva,hemorragia de la primera mitad del embarazo (< 22 sem) aborto,2017-07-01,4,0,4
31301,MIZQUE,salud sexual y reproductiva,hemorragia de la primera mitad del embarazo (< 22 sem) aborto,2017-07-01,1,0,1
10501,MONTEAGUDO,salud sexual y reproductiva,hemorragia de la primera mitad del embarazo (< 22 sem) aborto,2017-07-01,0,1,1
71001,MONTERO,salud sexual y reproductiva,hemorragia de la primera mitad del embarazo (< 22 sem) aborto,2017-07-01,0,3,3
30302,MOROCHATA,salud sexual y reproductiva,hemorragia de la primera mitad del embarazo (< 22 sem) aborto,2017-07-01,0,1,1
40101,ORURO,salud sexual y reproductiva,hemorragia de la primera mitad del embarazo (< 22 sem) aborto,2017-07-01,5,4,9
60201,PADCAYA,salud sexual y reproductiva,hemorragia de la primera mitad del embarazo (< 22 sem) aborto,2017-07-01,0,1,1
31203,POCONA,salud sexual y reproductiva,hemorragia de la primera mitad del embarazo (< 22 sem) aborto,2017-07-01,2,0,2
40601,POOPO,salud sexual y reproductiva,hemorragia de la primera mitad del embarazo (< 22 sem) aborto,2017-07-01,0,2,2
10103,POROMA,salud sexual y reproductiva,hemorragia de la primera mitad del embarazo (< 22 sem) aborto,2017-07-01,1,0,1
50101,POTOSI,salud sexual y reproductiva,hemorragia de la primera mitad del embarazo (< 22 sem) aborto,2017-07-01,21,0,21
10302,PRESTO,salud sexual y reproductiva,hemorragia de la primera mitad del embarazo (< 22 sem) aborto,2017-07-01,0,1,1
90301,PUERTO GONZALO MORENO,salud sexual y reproductiva,hemorragia de la primera mitad del embarazo (< 22 sem) aborto,2017-07-01,1,0,1
71401,PUERTO SUAREZ,salud sexual y reproductiva,hemorragia de la primera mitad del embarazo (< 22 sem) aborto,2017-07-01,5,0,5
31205,PUERTO VILLARROEL,salud sexual y reproductiva,hemorragia de la primera mitad del embarazo (< 22 sem) aborto,2017-07-01,22,0,22
31401,PUNATA,salud sexual y reproductiva,hemorragia de la primera mitad del embarazo (< 22 sem) aborto,2017-07-01,19,0,19
21002,QUIME,salud sexual y reproductiva,hemorragia de la primera mitad del embarazo (< 22 sem) aborto,2017-07-01,1,0,1
80301,REYES,salud sexual y reproductiva,hemorragia de la primera mitad del embarazo (< 22 sem) aborto,2017-07-01,3,0,3
80201,RIBERALTA,salud sexual y reproductiva,hemorragia de la primera mitad del embarazo (< 22 sem) aborto,2017-07-01,10,4,14
70503,ROBORE,salud sexual y reproductiva,hemorragia de la primera mitad del embarazo (< 22 sem) aborto,2017-07-01,2,0,2
80304,RURRENABAQUE,salud sexual y reproductiva,hemorragia de la primera mitad del embarazo (< 22 sem) aborto,2017-07-01,7,0,7
31001,SACABA,salud sexual y reproductiva,hemorragia de la primera mitad del embarazo (< 22 sem) aborto,2017-07-01,23,16,39
40801,SALINAS DE GARCI MENDOZA,salud sexual y reproductiva,hemorragia de la primera mitad del embarazo (< 22 sem) aborto,2017-07-01,1,0,1
80602,SAN ANDRES,salud sexual y reproductiva,hemorragia de la primera mitad del embarazo (< 22 sem) aborto,2017-07-01,1,0,1
80302,SAN BORJA,salud sexual y reproductiva,hemorragia de la primera mitad del embarazo (< 22 sem) aborto,2017-07-01,9,6,15
21502,SAN BUENA VENTURA,salud sexual y reproductiva,hemorragia de la primera mitad del embarazo (< 22 sem) aborto,2017-07-01,2,0,2
70402,SAN CARLOS,salud sexual y reproductiva,hemorragia de la primera mitad del embarazo (< 22 sem) aborto,2017-07-01,8,1,9
80501,SAN IGNACIO,salud sexual y reproductiva,hemorragia de la primera mitad del embarazo (< 22 sem) aborto,2017-07-01,5,0,5
70301,SAN IGNACIO DE VELASCO,salud sexual y reproductiva,hemorragia de la primera mitad del embarazo (< 22 sem) aborto,2017-07-01,13,0,13
70501,SAN JOSE DE CHIQUITOS,salud sexual y reproductiva,hemorragia de la primera mitad del embarazo (< 22 sem) aborto,2017-07-01,7,0,7
71104,SAN JULIAN,salud sexual y reproductiva,hemorragia de la primera mitad del embarazo (< 22 sem) aborto,2017-07-01,15,0,15
10702,SAN LUCAS,salud sexual y reproductiva,hemorragia de la primera mitad del embarazo (< 22 sem) aborto,2017-07-01,2,2,4
71201,SAN MATIAS,salud sexual y reproductiva,hemorragia de la primera mitad del embarazo (< 22 sem) aborto,2017-07-01,0,1,1
70302,SAN MIGUEL DE VELASCO,salud sexual y reproductiva,hemorragia de la primera mitad del embarazo (< 22 sem) aborto,2017-07-01,1,0,1
71005,SAN PEDRO,salud sexual y reproductiva,hemorragia de la primera mitad del embarazo (< 22 sem) aborto,2017-07-01,1,0,1
50501,SAN PEDRO DE BUENA VISTA,salud sexual y reproductiva,hemorragia de la primera mitad del embarazo (< 22 sem) aborto,2017-07-01,1,0,1
21702,SAN PEDRO DE TIQUINA,salud sexual y reproductiva,hemorragia de la primera mitad del embarazo (< 22 sem) aborto,2017-07-01,0,1,1
71103,SAN RAMON SCZ,salud sexual y reproductiva,hemorragia de la primera mitad del embarazo (< 22 sem) aborto,2017-07-01,1,0,1
80401,SANTA ANA,salud sexual y reproductiva,hemorragia de la primera mitad del embarazo (< 22 sem) aborto,2017-07-01,4,0,4
70101,SANTA CRUZ DE LA SIERRA,salud sexual y reproductiva,hemorragia de la primera mitad del embarazo (< 22 sem) aborto,2017-07-01,321,117,438
20902,SAPAHAQUI,salud sexual y reproductiva,hemorragia de la primera mitad del embarazo (< 22 sem) aborto,2017-07-01,3,0,3
31602,SHINAOTA,salud sexual y reproductiva,hemorragia de la primera mitad del embarazo (< 22 sem) aborto,2017-07-01,15,0,15
30902,SIPE SIPE,salud sexual y reproductiva,hemorragia de la primera mitad del embarazo (< 22 sem) aborto,2017-07-01,4,0,4
10403,SOPACHUY,salud sexual y reproductiva,hemorragia de la primera mitad del embarazo (< 22 sem) aborto,2017-07-01,0,1,1
10101,SUCRE,salud sexual y reproductiva,hemorragia de la primera mitad del embarazo (< 22 sem) aborto,2017-07-01,73,31,104
30602,TACOPAYA,salud sexual y reproductiva,hemorragia de la primera mitad del embarazo (< 22 sem) aborto,2017-07-01,0,2,2
31101,TAPACARI,salud sexual y reproductiva,hemorragia de la primera mitad del embarazo (< 22 sem) aborto,2017-07-01,2,0,2
60101,TARIJA,salud sexual y reproductiva,hemorragia de la primera mitad del embarazo (< 22 sem) aborto,2017-07-01,75,0,75
10202,TARVITA,salud sexual y reproductiva,hemorragia de la primera mitad del embarazo (< 22 sem) aborto,2017-07-01,1,1,2
20608,TEOPONTE,salud sexual y reproductiva,hemorragia de la primera mitad del embarazo (< 22 sem) aborto,2017-07-01,1,2,3
30903,TIQUIPAYA,salud sexual y reproductiva,hemorragia de la primera mitad del embarazo (< 22 sem) aborto,2017-07-01,2,0,2
30802,TOCO,salud sexual y reproductiva,hemorragia de la primera mitad del embarazo (< 22 sem) aborto,2017-07-01,1,0,1
30803,TOLATA,salud sexual y reproductiva,hemorragia de la primera mitad del embarazo (< 22 sem) aborto,2017-07-01,1,0,1
31201,TOTORA(CBBA),salud sexual y reproductiva,hemorragia de la primera mitad del embarazo (< 22 sem) aborto,2017-07-01,1,0,1
80101,TRINIDAD,salud sexual y reproductiva,hemorragia de la primera mitad del embarazo (< 22 sem) aborto,2017-07-01,69,1,70
50801,TUPIZA,salud sexual y reproductiva,hemorragia de la primera mitad del embarazo (< 22 sem) aborto,2017-07-01,12,0,12
40402,TURCO,salud sexual y reproductiva,hemorragia de la primera mitad del embarazo (< 22 sem) aborto,2017-07-01,1,0,1
51201,UYUNI,salud sexual y reproductiva,hemorragia de la primera mitad del embarazo (< 22 sem) aborto,2017-07-01,4,0,4
30502,VACAS,salud sexual y reproductiva,hemorragia de la primera mitad del embarazo (< 22 sem) aborto,2017-07-01,1,0,1
10704,VILLA CHARCAS,salud sexual y reproductiva,hemorragia de la primera mitad del embarazo (< 22 sem) aborto,2017-07-01,0,1,1
31003,VILLA TUNARI,salud sexual y reproductiva,hemorragia de la primera mitad del embarazo (< 22 sem) aborto,2017-07-01,12,0,12
11001,VILLA VACA GUZMAN (MUYUPAMPA),salud sexual y reproductiva,hemorragia de la primera mitad del embarazo (< 22 sem) aborto,2017-07-01,1,0,1
51501,VILLAZON,salud sexual y reproductiva,hemorragia de la primera mitad del embarazo (< 22 sem) aborto,2017-07-01,16,0,16
30904,VINTO,salud sexual y reproductiva,hemorragia de la primera mitad del embarazo (< 22 sem) aborto,2017-07-01,1,0,1
70201,WARNES,salud sexual y reproductiva,hemorragia de la primera mitad del embarazo (< 22 sem) aborto,2017-07-01,30,0,30
60301,YACUIBA,salud sexual y reproductiva,hemorragia de la primera mitad del embarazo (< 22 sem) aborto,2017-07-01,0,2,2
70403,YAPACANI,salud sexual y reproductiva,hemorragia de la primera mitad del embarazo (< 22 sem) aborto,2017-07-01,14,0,14
30201,AIQUILE,salud sexual y reproductiva,hemorragia de la primera mitad del embarazo (< 22 sem) aborto,2017-08-01,0,12,12
30402,ANZALDO,salud sexual y reproductiva,hemorragia de la primera mitad del embarazo (< 22 sem) aborto,2017-08-01,1,0,1
30601,ARQUE,salud sexual y reproductiva,hemorragia de la primera mitad del embarazo (< 22 sem) aborto,2017-08-01,1,0,1
71501,ASCENCION DE GUARAYOS,salud sexual y reproductiva,hemorragia de la primera mitad del embarazo (< 22 sem) aborto,2017-08-01,6,5,11
50802,ATOCHA,salud sexual y reproductiva,hemorragia de la primera mitad del embarazo (< 22 sem) aborto,2017-08-01,0,1,1
10201,AZURDUY,salud sexual y reproductiva,hemorragia de la primera mitad del embarazo (< 22 sem) aborto,2017-08-01,1,0,1
50301,BETANZOS,salud sexual y reproductiva,hemorragia de la primera mitad del embarazo (< 22 sem) aborto,2017-08-01,9,0,9
70707,BOYUIBE,salud sexual y reproductiva,hemorragia de la primera mitad del embarazo (< 22 sem) aborto,2017-08-01,1,0,1
21003,CAJUATA,salud sexual y reproductiva,hemorragia de la primera mitad del embarazo (< 22 sem) aborto,2017-08-01,1,1,2
10701,CAMARGO,salud sexual y reproductiva,hemorragia de la primera mitad del embarazo (< 22 sem) aborto,2017-08-01,5,3,8
70706,CAMIRI,salud sexual y reproductiva,hemorragia de la primera mitad del embarazo (< 22 sem) aborto,2017-08-01,16,0,16
30701,CAPINOTA,salud sexual y reproductiva,hemorragia de la primera mitad del embarazo (< 22 sem) aborto,2017-08-01,7,0,7
40102,CARACOLLO,salud sexual y reproductiva,hemorragia de la primera mitad del embarazo (< 22 sem) aborto,2017-08-01,4,0,4
22001,CARANAVI,salud sexual y reproductiva,hemorragia de la primera mitad del embarazo (< 22 sem) aborto,2017-08-01,23,0,23
40201,CHALLAPATA,salud sexual y reproductiva,hemorragia de la primera mitad del embarazo (< 22 sem) aborto,2017-08-01,2,0,2
70702,CHARAGUA,salud sexual y reproductiva,hemorragia de la primera mitad del embarazo (< 22 sem) aborto,2017-08-01,6,0,6
30801,CLIZA,salud sexual y reproductiva,hemorragia de la primera mitad del embarazo (< 22 sem) aborto,2017-08-01,5,5,10
90101,COBIJA,salud sexual y reproductiva,hemorragia de la primera mitad del embarazo (< 22 sem) aborto,2017-08-01,24,1,25
30303,COCAPATA,salud sexual y reproductiva,hemorragia de la primera mitad del embarazo (< 22 sem) aborto,2017-08-01,1,0,1
30101,COCHABAMBA,salud sexual y reproductiva,hemorragia de la primera mitad del embarazo (< 22 sem) aborto,2017-08-01,230,3,233
30905,COLCAPIRHUA,salud sexual y reproductiva,hemorragia de la primera mitad del embarazo (< 22 sem) aborto,2017-08-01,5,2,7
50401,COLQUECHACA,salud sexual y reproductiva,hemorragia de la primera mitad del embarazo (< 22 sem) aborto,2017-08-01,0,1,1
21004,COLQUIRI,salud sexual y reproductiva,hemorragia de la primera mitad del embarazo (< 22 sem) aborto,2017-08-01,0,1,1
71301,COMARAPA,salud sexual y reproductiva,hemorragia de la primera mitad del embarazo (< 22 sem) aborto,2017-08-01,9,0,9
71101,CONCEPCION,salud sexual y reproductiva,hemorragia de la primera mitad del embarazo (< 22 sem) aborto,2017-08-01,3,0,3
21401,COROICO,salud sexual y reproductiva,hemorragia de la primera mitad del embarazo (< 22 sem) aborto,2017-08-01,1,0,1
50601,COTAGAITA,salud sexual y reproductiva,hemorragia de la primera mitad del embarazo (< 22 sem) aborto,2017-08-01,0,2,2
70102,COTOCA,salud sexual y reproductiva,hemorragia de la primera mitad del embarazo (< 22 sem) aborto,2017-08-01,12,0,12
71106,CUATRO CAÃ‘ADAS,salud sexual y reproductiva,hemorragia de la primera mitad del embarazo (< 22 sem) aborto,2017-08-01,10,1,11
31405,CUCHUMUELA (V. G. VILLARROEL),salud sexual y reproductiva,hemorragia de la primera mitad del embarazo (< 22 sem) aborto,2017-08-01,1,0,1
10902,CULPINA,salud sexual y reproductiva,hemorragia de la primera mitad del embarazo (< 22 sem) aborto,2017-08-01,6,0,6
20105,EL ALTO,salud sexual y reproductiva,hemorragia de la primera mitad del embarazo (< 22 sem) aborto,2017-08-01,154,17,171
60502,EL PUENTE(TJA),salud sexual y reproductiva,hemorragia de la primera mitad del embarazo (< 22 sem) aborto,2017-08-01,1,0,1
70105,EL TORNO,salud sexual y reproductiva,hemorragia de la primera mitad del embarazo (< 22 sem) aborto,2017-08-01,16,0,16
71004,FERNANDEZ ALONSO,salud sexual y reproductiva,hemorragia de la primera mitad del embarazo (< 22 sem) aborto,2017-08-01,1,0,1
80202,GUAYARAMERIN,salud sexual y reproductiva,hemorragia de la primera mitad del embarazo (< 22 sem) aborto,2017-08-01,1,3,4
40701,HUANUNI,salud sexual y reproductiva,hemorragia de la primera mitad del embarazo (< 22 sem) aborto,2017-08-01,9,0,9
10304,ICLA,salud sexual y reproductiva,hemorragia de la primera mitad del embarazo (< 22 sem) aborto,2017-08-01,0,1,1
21102,IRUPANA (VILLA DE LANZA),salud sexual y reproductiva,hemorragia de la primera mitad del embarazo (< 22 sem) aborto,2017-08-01,2,0,2
21105,LA ASUNTA,salud sexual y reproductiva,hemorragia de la primera mitad del embarazo (< 22 sem) aborto,2017-08-01,1,0,1
70104,LA GUARDIA,salud sexual y reproductiva,hemorragia de la primera mitad del embarazo (< 22 sem) aborto,2017-08-01,1,16,17
20101,LA PAZ,salud sexual y reproductiva,hemorragia de la primera mitad del embarazo (< 22 sem) aborto,2017-08-01,242,6,248
11003,MACHARETI,salud sexual y reproductiva,hemorragia de la primera mitad del embarazo (< 22 sem) aborto,2017-08-01,1,0,1
80801,MAGDALENA,salud sexual y reproductiva,hemorragia de la primera mitad del embarazo (< 22 sem) aborto,2017-08-01,0,1,1
70903,MAIRANA,salud sexual y reproductiva,hemorragia de la primera mitad del embarazo (< 22 sem) aborto,2017-08-01,7,0,7
20607,MAPIRI,salud sexual y reproductiva,hemorragia de la primera mitad del embarazo (< 22 sem) aborto,2017-08-01,2,0,2
71001,MONTERO,salud sexual y reproductiva,hemorragia de la primera mitad del embarazo (< 22 sem) aborto,2017-08-01,0,2,2
30302,MOROCHATA,salud sexual y reproductiva,hemorragia de la primera mitad del embarazo (< 22 sem) aborto,2017-08-01,0,1,1
40101,ORURO,salud sexual y reproductiva,hemorragia de la primera mitad del embarazo (< 22 sem) aborto,2017-08-01,93,0,93
60201,PADCAYA,salud sexual y reproductiva,hemorragia de la primera mitad del embarazo (< 22 sem) aborto,2017-08-01,0,1,1
70502,PAILON,salud sexual y reproductiva,hemorragia de la primera mitad del embarazo (< 22 sem) aborto,2017-08-01,1,0,1
30202,PASORAPA,salud sexual y reproductiva,hemorragia de la primera mitad del embarazo (< 22 sem) aborto,2017-08-01,0,1,1
21305,PATACAMAYA,salud sexual y reproductiva,hemorragia de la primera mitad del embarazo (< 22 sem) aborto,2017-08-01,1,0,1
31202,POJO (CBBA),salud sexual y reproductiva,hemorragia de la primera mitad del embarazo (< 22 sem) aborto,2017-08-01,2,0,2
40601,POOPO,salud sexual y reproductiva,hemorragia de la primera mitad del embarazo (< 22 sem) aborto,2017-08-01,1,1,2
50101,POTOSI,salud sexual y reproductiva,hemorragia de la primera mitad del embarazo (< 22 sem) aborto,2017-08-01,36,0,36
90301,PUERTO GONZALO MORENO,salud sexual y reproductiva,hemorragia de la primera mitad del embarazo (< 22 sem) aborto,2017-08-01,1,0,1
90201,PUERTO RICO,salud sexual y reproductiva,hemorragia de la primera mitad del embarazo (< 22 sem) aborto,2017-08-01,1,0,1
71401,PUERTO SUAREZ,salud sexual y reproductiva,hemorragia de la primera mitad del embarazo (< 22 sem) aborto,2017-08-01,10,0,10
31205,PUERTO VILLARROEL,salud sexual y reproductiva,hemorragia de la primera mitad del embarazo (< 22 sem) aborto,2017-08-01,41,0,41
31401,PUNATA,salud sexual y reproductiva,hemorragia de la primera mitad del embarazo (< 22 sem) aborto,2017-08-01,20,0,20
80301,REYES,salud sexual y reproductiva,hemorragia de la primera mitad del embarazo (< 22 sem) aborto,2017-08-01,1,0,1
80201,RIBERALTA,salud sexual y reproductiva,hemorragia de la primera mitad del embarazo (< 22 sem) aborto,2017-08-01,11,19,30
70503,ROBORE,salud sexual y reproductiva,hemorragia de la primera mitad del embarazo (< 22 sem) aborto,2017-08-01,2,0,2
80304,RURRENABAQUE,salud sexual y reproductiva,hemorragia de la primera mitad del embarazo (< 22 sem) aborto,2017-08-01,9,0,9
31001,SACABA,salud sexual y reproductiva,hemorragia de la primera mitad del embarazo (< 22 sem) aborto,2017-08-01,44,0,44
80302,SAN BORJA,salud sexual y reproductiva,hemorragia de la primera mitad del embarazo (< 22 sem) aborto,2017-08-01,12,0,12
21502,SAN BUENA VENTURA,salud sexual y reproductiva,hemorragia de la primera mitad del embarazo (< 22 sem) aborto,2017-08-01,4,0,4
70402,SAN CARLOS,salud sexual y reproductiva,hemorragia de la primera mitad del embarazo (< 22 sem) aborto,2017-08-01,4,0,4
80501,SAN IGNACIO,salud sexual y reproductiva,hemorragia de la primera mitad del embarazo (< 22 sem) aborto,2017-08-01,2,0,2
70301,SAN IGNACIO DE VELASCO,salud sexual y reproductiva,hemorragia de la primera mitad del embarazo (< 22 sem) aborto,2017-08-01,10,0,10
70501,SAN JOSE DE CHIQUITOS,salud sexual y reproductiva,hemorragia de la primera mitad del embarazo (< 22 sem) aborto,2017-08-01,10,0,10
71104,SAN JULIAN,salud sexual y reproductiva,hemorragia de la primera mitad del embarazo (< 22 sem) aborto,2017-08-01,20,0,20
10702,SAN LUCAS,salud sexual y reproductiva,hemorragia de la primera mitad del embarazo (< 22 sem) aborto,2017-08-01,1,2,3
71201,SAN MATIAS,salud sexual y reproductiva,hemorragia de la primera mitad del embarazo (< 22 sem) aborto,2017-08-01,2,0,2
70302,SAN MIGUEL DE VELASCO,salud sexual y reproductiva,hemorragia de la primera mitad del embarazo (< 22 sem) aborto,2017-08-01,1,0,1
80702,SAN RAMON BENI,salud sexual y reproductiva,hemorragia de la primera mitad del embarazo (< 22 sem) aborto,2017-08-01,2,0,2
71103,SAN RAMON SCZ,salud sexual y reproductiva,hemorragia de la primera mitad del embarazo (< 22 sem) aborto,2017-08-01,2,3,5
80401,SANTA ANA,salud sexual y reproductiva,hemorragia de la primera mitad del embarazo (< 22 sem) aborto,2017-08-01,10,0,10
70101,SANTA CRUZ DE LA SIERRA,salud sexual y reproductiva,hemorragia de la primera mitad del embarazo (< 22 sem) aborto,2017-08-01,351,150,501
90303,SENA,salud sexual y reproductiva,hemorragia de la primera mitad del embarazo (< 22 sem) aborto,2017-08-01,1,1,2
31602,SHINAOTA,salud sexual y reproductiva,hemorragia de la primera mitad del embarazo (< 22 sem) aborto,2017-08-01,1,0,1
21301,SICA SICA (VILLA AROMA),salud sexual y reproductiva,hemorragia de la primera mitad del embarazo (< 22 sem) aborto,2017-08-01,3,0,3
30902,SIPE SIPE,salud sexual y reproductiva,hemorragia de la primera mitad del embarazo (< 22 sem) aborto,2017-08-01,2,0,2
10403,SOPACHUY,salud sexual y reproductiva,hemorragia de la primera mitad del embarazo (< 22 sem) aborto,2017-08-01,1,0,1
20601,SORATA,salud sexual y reproductiva,hemorragia de la primera mitad del embarazo (< 22 sem) aborto,2017-08-01,1,0,1
10101,SUCRE,salud sexual y reproductiva,hemorragia de la primera mitad del embarazo (< 22 sem) aborto,2017-08-01,101,62,163
30602,TACOPAYA,salud sexual y reproductiva,hemorragia de la primera mitad del embarazo (< 22 sem) aborto,2017-08-01,0,1,1
31101,TAPACARI,salud sexual y reproductiva,hemorragia de la primera mitad del embarazo (< 22 sem) aborto,2017-08-01,0,1,1
10601,TARABUCO,salud sexual y reproductiva,hemorragia de la primera mitad del embarazo (< 22 sem) aborto,2017-08-01,0,1,1
60101,TARIJA,salud sexual y reproductiva,hemorragia de la primera mitad del embarazo (< 22 sem) aborto,2017-08-01,81,2,83
20608,TEOPONTE,salud sexual y reproductiva,hemorragia de la primera mitad del embarazo (< 22 sem) aborto,2017-08-01,0,2,2
20606,TIPUANI,salud sexual y reproductiva,hemorragia de la primera mitad del embarazo (< 22 sem) aborto,2017-08-01,1,0,1
30903,TIQUIPAYA,salud sexual y reproductiva,hemorragia de la primera mitad del embarazo (< 22 sem) aborto,2017-08-01,1,0,1
31201,TOTORA(CBBA),salud sexual y reproductiva,hemorragia de la primera mitad del embarazo (< 22 sem) aborto,2017-08-01,4,0,4
80101,TRINIDAD,salud sexual y reproductiva,hemorragia de la primera mitad del embarazo (< 22 sem) aborto,2017-08-01,62,0,62
50801,TUPIZA,salud sexual y reproductiva,hemorragia de la primera mitad del embarazo (< 22 sem) aborto,2017-08-01,8,4,12
51201,UYUNI,salud sexual y reproductiva,hemorragia de la primera mitad del embarazo (< 22 sem) aborto,2017-08-01,17,0,17
70801,VALLEGRANDE,salud sexual y reproductiva,hemorragia de la primera mitad del embarazo (< 22 sem) aborto,2017-08-01,2,0,2
10704,VILLA CHARCAS,salud sexual y reproductiva,hemorragia de la primera mitad del embarazo (< 22 sem) aborto,2017-08-01,0,2,2
31003,VILLA TUNARI,salud sexual y reproductiva,hemorragia de la primera mitad del embarazo (< 22 sem) aborto,2017-08-01,4,1,5
11001,VILLA VACA GUZMAN (MUYUPAMPA),salud sexual y reproductiva,hemorragia de la primera mitad del embarazo (< 22 sem) aborto,2017-08-01,1,0,1
51501,VILLAZON,salud sexual y reproductiva,hemorragia de la primera mitad del embarazo (< 22 sem) aborto,2017-08-01,12,0,12
30904,VINTO,salud sexual y reproductiva,hemorragia de la primera mitad del embarazo (< 22 sem) aborto,2017-08-01,5,0,5
70201,WARNES,salud sexual y reproductiva,hemorragia de la primera mitad del embarazo (< 22 sem) aborto,2017-08-01,26,0,26
60301,YACUIBA,salud sexual y reproductiva,hemorragia de la primera mitad del embarazo (< 22 sem) aborto,2017-08-01,0,6,6
70403,YAPACANI,salud sexual y reproductiva,hemorragia de la primera mitad del embarazo (< 22 sem) aborto,2017-08-01,28,0,28
60402,YUNCHARA,salud sexual y reproductiva,hemorragia de la primera mitad del embarazo (< 22 sem) aborto,2017-08-01,1,0,1
30201,AIQUILE,salud sexual y reproductiva,hemorragia de la primera mitad del embarazo (< 22 sem) aborto,2017-09-01,9,2,11
40603,ANTEQUERA,salud sexual y reproductiva,hemorragia de la primera mitad del embarazo (< 22 sem) aborto,2017-09-01,0,1,1
30403,ARBIETO,salud sexual y reproductiva,hemorragia de la primera mitad del embarazo (< 22 sem) aborto,2017-09-01,3,1,4
30601,ARQUE,salud sexual y reproductiva,hemorragia de la primera mitad del embarazo (< 22 sem) aborto,2017-09-01,1,1,2
71501,ASCENCION DE GUARAYOS,salud sexual y reproductiva,hemorragia de la primera mitad del embarazo (< 22 sem) aborto,2017-09-01,6,2,8
10201,AZURDUY,salud sexual y reproductiva,hemorragia de la primera mitad del embarazo (< 22 sem) aborto,2017-09-01,1,0,1
50301,BETANZOS,salud sexual y reproductiva,hemorragia de la primera mitad del embarazo (< 22 sem) aborto,2017-09-01,7,0,7
31501,BOLIVAR,salud sexual y reproductiva,hemorragia de la primera mitad del embarazo (< 22 sem) aborto,2017-09-01,0,1,1
10701,CAMARGO,salud sexual y reproductiva,hemorragia de la primera mitad del embarazo (< 22 sem) aborto,2017-09-01,4,0,4
70706,CAMIRI,salud sexual y reproductiva,hemorragia de la primera mitad del embarazo (< 22 sem) aborto,2017-09-01,19,0,19
40102,CARACOLLO,salud sexual y reproductiva,hemorragia de la primera mitad del embarazo (< 22 sem) aborto,2017-09-01,5,0,5
22001,CARANAVI,salud sexual y reproductiva,hemorragia de la primera mitad del embarazo (< 22 sem) aborto,2017-09-01,19,1,20
40201,CHALLAPATA,salud sexual y reproductiva,hemorragia de la primera mitad del embarazo (< 22 sem) aborto,2017-09-01,2,0,2
70702,CHARAGUA,salud sexual y reproductiva,hemorragia de la primera mitad del embarazo (< 22 sem) aborto,2017-09-01,1,0,1
31204,CHIMORE,salud sexual y reproductiva,hemorragia de la primera mitad del embarazo (< 22 sem) aborto,2017-09-01,3,0,3
51103,CKOCHAS,salud sexual y reproductiva,hemorragia de la primera mitad del embarazo (< 22 sem) aborto,2017-09-01,0,1,1
30801,CLIZA,salud sexual y reproductiva,hemorragia de la primera mitad del embarazo (< 22 sem) aborto,2017-09-01,5,0,5
90101,COBIJA,salud sexual y reproductiva,hemorragia de la primera mitad del embarazo (< 22 sem) aborto,2017-09-01,18,0,18
30303,COCAPATA,salud sexual y reproductiva,hemorragia de la primera mitad del embarazo (< 22 sem) aborto,2017-09-01,0,1,1
30101,COCHABAMBA,salud sexual y reproductiva,hemorragia de la primera mitad del embarazo (< 22 sem) aborto,2017-09-01,181,9,190
30905,COLCAPIRHUA,salud sexual y reproductiva,hemorragia de la primera mitad del embarazo (< 22 sem) aborto,2017-09-01,3,1,4
50401,COLQUECHACA,salud sexual y reproductiva,hemorragia de la primera mitad del embarazo (< 22 sem) aborto,2017-09-01,0,1,1
71301,COMARAPA,salud sexual y reproductiva,hemorragia de la primera mitad del embarazo (< 22 sem) aborto,2017-09-01,3,0,3
71101,CONCEPCION,salud sexual y reproductiva,hemorragia de la primera mitad del embarazo (< 22 sem) aborto,2017-09-01,1,0,1
21401,COROICO,salud sexual y reproductiva,hemorragia de la primera mitad del embarazo (< 22 sem) aborto,2017-09-01,1,0,1
70102,COTOCA,salud sexual y reproductiva,hemorragia de la primera mitad del embarazo (< 22 sem) aborto,2017-09-01,0,1,1
71106,CUATRO CAÃ‘ADAS,salud sexual y reproductiva,hemorragia de la primera mitad del embarazo (< 22 sem) aborto,2017-09-01,1,0,1
10902,CULPINA,salud sexual y reproductiva,hemorragia de la primera mitad del embarazo (< 22 sem) aborto,2017-09-01,4,0,4
20105,EL ALTO,salud sexual y reproductiva,hemorragia de la primera mitad del embarazo (< 22 sem) aborto,2017-09-01,118,24,142
71503,EL PUENTE(STC),salud sexual y reproductiva,hemorragia de la primera mitad del embarazo (< 22 sem) aborto,2017-09-01,1,0,1
70105,EL TORNO,salud sexual y reproductiva,hemorragia de la primera mitad del embarazo (< 22 sem) aborto,2017-09-01,21,0,21
60601,ENTRE RIOS TRJ,salud sexual y reproductiva,hemorragia de la primera mitad del embarazo (< 22 sem) aborto,2017-09-01,0,2,2
31206,ENTRE RIOS CBBA,salud sexual y reproductiva,hemorragia de la primera mitad del embarazo (< 22 sem) aborto,2017-09-01,3,0,3
80402,EXALTACION,salud sexual y reproductiva,hemorragia de la primera mitad del embarazo (< 22 sem) aborto,2017-09-01,0,1,1
20602,GUANAY,salud sexual y reproductiva,hemorragia de la primera mitad del embarazo (< 22 sem) aborto,2017-09-01,1,0,1
40701,HUANUNI,salud sexual y reproductiva,hemorragia de la primera mitad del embarazo (< 22 sem) aborto,2017-09-01,2,0,2
10703,INCAHUASI,salud sexual y reproductiva,hemorragia de la primera mitad del embarazo (< 22 sem) aborto,2017-09-01,0,2,2
21501,IXIAMAS,salud sexual y reproductiva,hemorragia de la primera mitad del embarazo (< 22 sem) aborto,2017-09-01,1,1,2
21105,LA ASUNTA,salud sexual y reproductiva,hemorragia de la primera mitad del embarazo (< 22 sem) aborto,2017-09-01,1,0,1
70104,LA GUARDIA,salud sexual y reproductiva,hemorragia de la primera mitad del embarazo (< 22 sem) aborto,2017-09-01,0,8,8
20101,LA PAZ,salud sexual y reproductiva,hemorragia de la primera mitad del embarazo (< 22 sem) aborto,2017-09-01,199,6,205
80801,MAGDALENA,salud sexual y reproductiva,hemorragia de la primera mitad del embarazo (< 22 sem) aborto,2017-09-01,0,3,3
70903,MAIRANA,salud sexual y reproductiva,hemorragia de la primera mitad del embarazo (< 22 sem) aborto,2017-09-01,6,0,6
20607,MAPIRI,salud sexual y reproductiva,hemorragia de la primera mitad del embarazo (< 22 sem) aborto,2017-09-01,1,0,1
20402,MOCOMOCO,salud sexual y reproductiva,hemorragia de la primera mitad del embarazo (< 22 sem) aborto,2017-09-01,0,1,1
10501,MONTEAGUDO,salud sexual y reproductiva,hemorragia de la primera mitad del embarazo (< 22 sem) aborto,2017-09-01,2,0,2
71001,MONTERO,salud sexual y reproductiva,hemorragia de la primera mitad del embarazo (< 22 sem) aborto,2017-09-01,0,2,2
30302,MOROCHATA,salud sexual y reproductiva,hemorragia de la primera mitad del embarazo (< 22 sem) aborto,2017-09-01,0,2,2
50404,OCURI,salud sexual y reproductiva,hemorragia de la primera mitad del embarazo (< 22 sem) aborto,2017-09-01,5,0,5
30203,OMEREQUE,salud sexual y reproductiva,hemorragia de la primera mitad del embarazo (< 22 sem) aborto,2017-09-01,0,1,1
40101,ORURO,salud sexual y reproductiva,hemorragia de la primera mitad del embarazo (< 22 sem) aborto,2017-09-01,75,2,77
70502,PAILON,salud sexual y reproductiva,hemorragia de la primera mitad del embarazo (< 22 sem) aborto,2017-09-01,2,0,2
31203,POCONA,salud sexual y reproductiva,hemorragia de la primera mitad del embarazo (< 22 sem) aborto,2017-09-01,3,0,3
31202,POJO (CBBA),salud sexual y reproductiva,hemorragia de la primera mitad del embarazo (< 22 sem) aborto,2017-09-01,1,0,1
40601,POOPO,salud sexual y reproductiva,hemorragia de la primera mitad del embarazo (< 22 sem) aborto,2017-09-01,0,1,1
50101,POTOSI,salud sexual y reproductiva,hemorragia de la primera mitad del embarazo (< 22 sem) aborto,2017-09-01,31,0,31
71401,PUERTO SUAREZ,salud sexual y reproductiva,hemorragia de la primera mitad del embarazo (< 22 sem) aborto,2017-09-01,3,0,3
31205,PUERTO VILLARROEL,salud sexual y reproductiva,hemorragia de la primera mitad del embarazo (< 22 sem) aborto,2017-09-01,41,0,41
51101,PUNA,salud sexual y reproductiva,hemorragia de la primera mitad del embarazo (< 22 sem) aborto,2017-09-01,1,0,1
31401,PUNATA,salud sexual y reproductiva,hemorragia de la primera mitad del embarazo (< 22 sem) aborto,2017-09-01,15,0,15
80301,REYES,salud sexual y reproductiva,hemorragia de la primera mitad del embarazo (< 22 sem) aborto,2017-09-01,1,0,1
80201,RIBERALTA,salud sexual y reproductiva,hemorragia de la primera mitad del embarazo (< 22 sem) aborto,2017-09-01,4,11,15
70503,ROBORE,salud sexual y reproductiva,hemorragia de la primera mitad del embarazo (< 22 sem) aborto,2017-09-01,3,0,3
80304,RURRENABAQUE,salud sexual y reproductiva,hemorragia de la primera mitad del embarazo (< 22 sem) aborto,2017-09-01,7,0,7
31001,SACABA,salud sexual y reproductiva,hemorragia de la primera mitad del embarazo (< 22 sem) aborto,2017-09-01,44,0,44
80302,SAN BORJA,salud sexual y reproductiva,hemorragia de la primera mitad del embarazo (< 22 sem) aborto,2017-09-01,14,0,14
21502,SAN BUENA VENTURA,salud sexual y reproductiva,hemorragia de la primera mitad del embarazo (< 22 sem) aborto,2017-09-01,5,0,5
70402,SAN CARLOS,salud sexual y reproductiva,hemorragia de la primera mitad del embarazo (< 22 sem) aborto,2017-09-01,7,0,7
80501,SAN IGNACIO,salud sexual y reproductiva,hemorragia de la primera mitad del embarazo (< 22 sem) aborto,2017-09-01,1,0,1
70301,SAN IGNACIO DE VELASCO,salud sexual y reproductiva,hemorragia de la primera mitad del embarazo (< 22 sem) aborto,2017-09-01,9,0,9
70501,SAN JOSE DE CHIQUITOS,salud sexual y reproductiva,hemorragia de la primera mitad del embarazo (< 22 sem) aborto,2017-09-01,3,0,3
71104,SAN JULIAN,salud sexual y reproductiva,hemorragia de la primera mitad del embarazo (< 22 sem) aborto,2017-09-01,9,0,9
60501,SAN LORENZO(TJA),salud sexual y reproductiva,hemorragia de la primera mitad del embarazo (< 22 sem) aborto,2017-09-01,0,1,1
10702,SAN LUCAS,salud sexual y reproductiva,hemorragia de la primera mitad del embarazo (< 22 sem) aborto,2017-09-01,5,0,5
50501,SAN PEDRO DE BUENA VISTA,salud sexual y reproductiva,hemorragia de la primera mitad del embarazo (< 22 sem) aborto,2017-09-01,1,0,1
71103,SAN RAMON SCZ,salud sexual y reproductiva,hemorragia de la primera mitad del embarazo (< 22 sem) aborto,2017-09-01,4,0,4
80401,SANTA ANA,salud sexual y reproductiva,hemorragia de la primera mitad del embarazo (< 22 sem) aborto,2017-09-01,5,0,5
70101,SANTA CRUZ DE LA SIERRA,salud sexual y reproductiva,hemorragia de la primera mitad del embarazo (< 22 sem) aborto,2017-09-01,317,125,442
90303,SENA,salud sexual y reproductiva,hemorragia de la primera mitad del embarazo (< 22 sem) aborto,2017-09-01,0,3,3
31602,SHINAOTA,salud sexual y reproductiva,hemorragia de la primera mitad del embarazo (< 22 sem) aborto,2017-09-01,29,0,29
10101,SUCRE,salud sexual y reproductiva,hemorragia de la primera mitad del embarazo (< 22 sem) aborto,2017-09-01,55,66,121
30401,TARATA,salud sexual y reproductiva,hemorragia de la primera mitad del embarazo (< 22 sem) aborto,2017-09-01,3,0,3
60101,TARIJA,salud sexual y reproductiva,hemorragia de la primera mitad del embarazo (< 22 sem) aborto,2017-09-01,64,2,66
10202,TARVITA,salud sexual y reproductiva,hemorragia de la primera mitad del embarazo (< 22 sem) aborto,2017-09-01,2,0,2
20606,TIPUANI,salud sexual y reproductiva,hemorragia de la primera mitad del embarazo (< 22 sem) aborto,2017-09-01,1,1,2
10402,TOMINA,salud sexual y reproductiva,hemorragia de la primera mitad del embarazo (< 22 sem) aborto,2017-09-01,2,1,3
31201,TOTORA(CBBA),salud sexual y reproductiva,hemorragia de la primera mitad del embarazo (< 22 sem) aborto,2017-09-01,1,0,1
80101,TRINIDAD,salud sexual y reproductiva,hemorragia de la primera mitad del embarazo (< 22 sem) aborto,2017-09-01,43,0,43
50801,TUPIZA,salud sexual y reproductiva,hemorragia de la primera mitad del embarazo (< 22 sem) aborto,2017-09-01,12,0,12
51201,UYUNI,salud sexual y reproductiva,hemorragia de la primera mitad del embarazo (< 22 sem) aborto,2017-09-01,7,0,7
30502,VACAS,salud sexual y reproductiva,hemorragia de la primera mitad del embarazo (< 22 sem) aborto,2017-09-01,1,0,1
31003,VILLA TUNARI,salud sexual y reproductiva,hemorragia de la primera mitad del embarazo (< 22 sem) aborto,2017-09-01,3,0,3
51501,VILLAZON,salud sexual y reproductiva,hemorragia de la primera mitad del embarazo (< 22 sem) aborto,2017-09-01,12,0,12
30904,VINTO,salud sexual y reproductiva,hemorragia de la primera mitad del embarazo (< 22 sem) aborto,2017-09-01,7,0,7
70201,WARNES,salud sexual y reproductiva,hemorragia de la primera mitad del embarazo (< 22 sem) aborto,2017-09-01,22,2,24
60301,YACUIBA,salud sexual y reproductiva,hemorragia de la primera mitad del embarazo (< 22 sem) aborto,2017-09-01,0,4,4
70403,YAPACANI,salud sexual y reproductiva,hemorragia de la primera mitad del embarazo (< 22 sem) aborto,2017-09-01,18,0,18
30201,AIQUILE,salud sexual y reproductiva,hemorragia de la primera mitad del embarazo (< 22 sem) aborto,2017-10-01,9,0,9
10404,ALCALA,salud sexual y reproductiva,hemorragia de la primera mitad del embarazo (< 22 sem) aborto,2017-10-01,1,0,1
40603,ANTEQUERA,salud sexual y reproductiva,hemorragia de la primera mitad del embarazo (< 22 sem) aborto,2017-10-01,0,1,1
30501,ARANI,salud sexual y reproductiva,hemorragia de la primera mitad del embarazo (< 22 sem) aborto,2017-10-01,1,0,1
30403,ARBIETO,salud sexual y reproductiva,hemorragia de la primera mitad del embarazo (< 22 sem) aborto,2017-10-01,1,0,1
30601,ARQUE,salud sexual y reproductiva,hemorragia de la primera mitad del embarazo (< 22 sem) aborto,2017-10-01,1,0,1
71501,ASCENCION DE GUARAYOS,salud sexual y reproductiva,hemorragia de la primera mitad del embarazo (< 22 sem) aborto,2017-10-01,4,4,8
10201,AZURDUY,salud sexual y reproductiva,hemorragia de la primera mitad del embarazo (< 22 sem) aborto,2017-10-01,0,1,1
60202,BERMEJO,salud sexual y reproductiva,hemorragia de la primera mitad del embarazo (< 22 sem) aborto,2017-10-01,0,1,1
50301,BETANZOS,salud sexual y reproductiva,hemorragia de la primera mitad del embarazo (< 22 sem) aborto,2017-10-01,7,0,7
10701,CAMARGO,salud sexual y reproductiva,hemorragia de la primera mitad del embarazo (< 22 sem) aborto,2017-10-01,0,2,2
70706,CAMIRI,salud sexual y reproductiva,hemorragia de la primera mitad del embarazo (< 22 sem) aborto,2017-10-01,14,0,14
30701,CAPINOTA,salud sexual y reproductiva,hemorragia de la primera mitad del embarazo (< 22 sem) aborto,2017-10-01,5,0,5
40102,CARACOLLO,salud sexual y reproductiva,hemorragia de la primera mitad del embarazo (< 22 sem) aborto,2017-10-01,1,0,1
22001,CARANAVI,salud sexual y reproductiva,hemorragia de la primera mitad del embarazo (< 22 sem) aborto,2017-10-01,23,0,23
70702,CHARAGUA,salud sexual y reproductiva,hemorragia de la primera mitad del embarazo (< 22 sem) aborto,2017-10-01,3,0,3
31204,CHIMORE,salud sexual y reproductiva,hemorragia de la primera mitad del embarazo (< 22 sem) aborto,2017-10-01,1,0,1
21101,CHULUMANI (V. DE LA LIBERTAD),salud sexual y reproductiva,hemorragia de la primera mitad del embarazo (< 22 sem) aborto,2017-10-01,8,0,8
30801,CLIZA,salud sexual y reproductiva,hemorragia de la primera mitad del embarazo (< 22 sem) aborto,2017-10-01,7,0,7
90101,COBIJA,salud sexual y reproductiva,hemorragia de la primera mitad del embarazo (< 22 sem) aborto,2017-10-01,18,0,18
30101,COCHABAMBA,salud sexual y reproductiva,hemorragia de la primera mitad del embarazo (< 22 sem) aborto,2017-10-01,263,5,268
30905,COLCAPIRHUA,salud sexual y reproductiva,hemorragia de la primera mitad del embarazo (< 22 sem) aborto,2017-10-01,3,0,3
31002,COLOMI,salud sexual y reproductiva,hemorragia de la primera mitad del embarazo (< 22 sem) aborto,2017-10-01,1,0,1
71301,COMARAPA,salud sexual y reproductiva,hemorragia de la primera mitad del embarazo (< 22 sem) aborto,2017-10-01,7,0,7
21402,CORIPATA,salud sexual y reproductiva,hemorragia de la primera mitad del embarazo (< 22 sem) aborto,2017-10-01,1,0,1
50601,COTAGAITA,salud sexual y reproductiva,hemorragia de la primera mitad del embarazo (< 22 sem) aborto,2017-10-01,0,2,2
70102,COTOCA,salud sexual y reproductiva,hemorragia de la primera mitad del embarazo (< 22 sem) aborto,2017-10-01,4,3,7
71106,CUATRO CAÃ‘ADAS,salud sexual y reproductiva,hemorragia de la primera mitad del embarazo (< 22 sem) aborto,2017-10-01,3,0,3
10902,CULPINA,salud sexual y reproductiva,hemorragia de la primera mitad del embarazo (< 22 sem) aborto,2017-10-01,6,0,6
20105,EL ALTO,salud sexual y reproductiva,hemorragia de la primera mitad del embarazo (< 22 sem) aborto,2017-10-01,165,31,196
71503,EL PUENTE(STC),salud sexual y reproductiva,hemorragia de la primera mitad del embarazo (< 22 sem) aborto,2017-10-01,1,0,1
70105,EL TORNO,salud sexual y reproductiva,hemorragia de la primera mitad del embarazo (< 22 sem) aborto,2017-10-01,20,0,20
31206,ENTRE RIOS CBBA,salud sexual y reproductiva,hemorragia de la primera mitad del embarazo (< 22 sem) aborto,2017-10-01,6,0,6
80202,GUAYARAMERIN,salud sexual y reproductiva,hemorragia de la primera mitad del embarazo (< 22 sem) aborto,2017-10-01,2,0,2
40701,HUANUNI,salud sexual y reproductiva,hemorragia de la primera mitad del embarazo (< 22 sem) aborto,2017-10-01,3,2,5
70104,LA GUARDIA,salud sexual y reproductiva,hemorragia de la primera mitad del embarazo (< 22 sem) aborto,2017-10-01,0,14,14
20101,LA PAZ,salud sexual y reproductiva,hemorragia de la primera mitad del embarazo (< 22 sem) aborto,2017-10-01,185,12,197
70903,MAIRANA,salud sexual y reproductiva,hemorragia de la primera mitad del embarazo (< 22 sem) aborto,2017-10-01,4,0,4
20607,MAPIRI,salud sexual y reproductiva,hemorragia de la primera mitad del embarazo (< 22 sem) aborto,2017-10-01,1,0,1
31301,MIZQUE,salud sexual y reproductiva,hemorragia de la primera mitad del embarazo (< 22 sem) aborto,2017-10-01,1,0,1
10501,MONTEAGUDO,salud sexual y reproductiva,hemorragia de la primera mitad del embarazo (< 22 sem) aborto,2017-10-01,5,0,5
40101,ORURO,salud sexual y reproductiva,hemorragia de la primera mitad del embarazo (< 22 sem) aborto,2017-10-01,5,5,10
70502,PAILON,salud sexual y reproductiva,hemorragia de la primera mitad del embarazo (< 22 sem) aborto,2017-10-01,4,0,4
31203,POCONA,salud sexual y reproductiva,hemorragia de la primera mitad del embarazo (< 22 sem) aborto,2017-10-01,3,0,3
31202,POJO (CBBA),salud sexual y reproductiva,hemorragia de la primera mitad del embarazo (< 22 sem) aborto,2017-10-01,3,0,3
40601,POOPO,salud sexual y reproductiva,hemorragia de la primera mitad del embarazo (< 22 sem) aborto,2017-10-01,1,0,1
10103,POROMA,salud sexual y reproductiva,hemorragia de la primera mitad del embarazo (< 22 sem) aborto,2017-10-01,1,0,1
50101,POTOSI,salud sexual y reproductiva,hemorragia de la primera mitad del embarazo (< 22 sem) aborto,2017-10-01,23,3,26
71401,PUERTO SUAREZ,salud sexual y reproductiva,hemorragia de la primera mitad del embarazo (< 22 sem) aborto,2017-10-01,4,0,4
31205,PUERTO VILLARROEL,salud sexual y reproductiva,hemorragia de la primera mitad del embarazo (< 22 sem) aborto,2017-10-01,26,1,27
31401,PUNATA,salud sexual y reproductiva,hemorragia de la primera mitad del embarazo (< 22 sem) aborto,2017-10-01,9,0,9
30901,QUILLACOLLO,salud sexual y reproductiva,hemorragia de la primera mitad del embarazo (< 22 sem) aborto,2017-10-01,60,2,62
80301,REYES,salud sexual y reproductiva,hemorragia de la primera mitad del embarazo (< 22 sem) aborto,2017-10-01,1,0,1
80201,RIBERALTA,salud sexual y reproductiva,hemorragia de la primera mitad del embarazo (< 22 sem) aborto,2017-10-01,3,1,4
70503,ROBORE,salud sexual y reproductiva,hemorragia de la primera mitad del embarazo (< 22 sem) aborto,2017-10-01,3,0,3
80304,RURRENABAQUE,salud sexual y reproductiva,hemorragia de la primera mitad del embarazo (< 22 sem) aborto,2017-10-01,10,0,10
31001,SACABA,salud sexual y reproductiva,hemorragia de la primera mitad del embarazo (< 22 sem) aborto,2017-10-01,38,11,49
70901,SAMAIPATA,salud sexual y reproductiva,hemorragia de la primera mitad del embarazo (< 22 sem) aborto,2017-10-01,1,0,1
80302,SAN BORJA,salud sexual y reproductiva,hemorragia de la primera mitad del embarazo (< 22 sem) aborto,2017-10-01,13,0,13
21502,SAN BUENA VENTURA,salud sexual y reproductiva,hemorragia de la primera mitad del embarazo (< 22 sem) aborto,2017-10-01,6,0,6
70402,SAN CARLOS,salud sexual y reproductiva,hemorragia de la primera mitad del embarazo (< 22 sem) aborto,2017-10-01,2,1,3
80501,SAN IGNACIO,salud sexual y reproductiva,hemorragia de la primera mitad del embarazo (< 22 sem) aborto,2017-10-01,1,0,1
70301,SAN IGNACIO DE VELASCO,salud sexual y reproductiva,hemorragia de la primera mitad del embarazo (< 22 sem) aborto,2017-10-01,8,0,8
70501,SAN JOSE DE CHIQUITOS,salud sexual y reproductiva,hemorragia de la primera mitad del embarazo (< 22 sem) aborto,2017-10-01,8,0,8
71104,SAN JULIAN,salud sexual y reproductiva,hemorragia de la primera mitad del embarazo (< 22 sem) aborto,2017-10-01,16,0,16
10702,SAN LUCAS,salud sexual y reproductiva,hemorragia de la primera mitad del embarazo (< 22 sem) aborto,2017-10-01,1,0,1
71201,SAN MATIAS,salud sexual y reproductiva,hemorragia de la primera mitad del embarazo (< 22 sem) aborto,2017-10-01,0,2,2
70302,SAN MIGUEL DE VELASCO,salud sexual y reproductiva,hemorragia de la primera mitad del embarazo (< 22 sem) aborto,2017-10-01,2,0,2
80702,SAN RAMON BENI,salud sexual y reproductiva,hemorragia de la primera mitad del embarazo (< 22 sem) aborto,2017-10-01,1,0,1
80401,SANTA ANA,salud sexual y reproductiva,hemorragia de la primera mitad del embarazo (< 22 sem) aborto,2017-10-01,4,0,4
70101,SANTA CRUZ DE LA SIERRA,salud sexual y reproductiva,hemorragia de la primera mitad del embarazo (< 22 sem) aborto,2017-10-01,321,130,451
70602,SANTA ROSA DEL SARA,salud sexual y reproductiva,hemorragia de la primera mitad del embarazo (< 22 sem) aborto,2017-10-01,2,0,2
90303,SENA,salud sexual y reproductiva,hemorragia de la primera mitad del embarazo (< 22 sem) aborto,2017-10-01,1,0,1
31602,SHINAOTA,salud sexual y reproductiva,hemorragia de la primera mitad del embarazo (< 22 sem) aborto,2017-10-01,16,0,16
21301,SICA SICA (VILLA AROMA),salud sexual y reproductiva,hemorragia de la primera mitad del embarazo (< 22 sem) aborto,2017-10-01,2,0,2
10101,SUCRE,salud sexual y reproductiva,hemorragia de la primera mitad del embarazo (< 22 sem) aborto,2017-10-01,86,39,125
30602,TACOPAYA,salud sexual y reproductiva,hemorragia de la primera mitad del embarazo (< 22 sem) aborto,2017-10-01,2,1,3
30401,TARATA,salud sexual y reproductiva,hemorragia de la primera mitad del embarazo (< 22 sem) aborto,2017-10-01,3,1,4
60101,TARIJA,salud sexual y reproductiva,hemorragia de la primera mitad del embarazo (< 22 sem) aborto,2017-10-01,70,2,72
10202,TARVITA,salud sexual y reproductiva,hemorragia de la primera mitad del embarazo (< 22 sem) aborto,2017-10-01,0,1,1
20606,TIPUANI,salud sexual y reproductiva,hemorragia de la primera mitad del embarazo (< 22 sem) aborto,2017-10-01,1,0,1
30903,TIQUIPAYA,salud sexual y reproductiva,hemorragia de la primera mitad del embarazo (< 22 sem) aborto,2017-10-01,1,0,1
30802,TOCO,salud sexual y reproductiva,hemorragia de la primera mitad del embarazo (< 22 sem) aborto,2017-10-01,0,1,1
10402,TOMINA,salud sexual y reproductiva,hemorragia de la primera mitad del embarazo (< 22 sem) aborto,2017-10-01,1,1,2
31201,TOTORA(CBBA),salud sexual y reproductiva,hemorragia de la primera mitad del embarazo (< 22 sem) aborto,2017-10-01,3,1,4
80101,TRINIDAD,salud sexual y reproductiva,hemorragia de la primera mitad del embarazo (< 22 sem) aborto,2017-10-01,26,10,36
50801,TUPIZA,salud sexual y reproductiva,hemorragia de la primera mitad del embarazo (< 22 sem) aborto,2017-10-01,5,0,5
60401,URIONDO (A. CONCEPCION),salud sexual y reproductiva,hemorragia de la primera mitad del embarazo (< 22 sem) aborto,2017-10-01,1,0,1
51201,UYUNI,salud sexual y reproductiva,hemorragia de la primera mitad del embarazo (< 22 sem) aborto,2017-10-01,4,0,4
30502,VACAS,salud sexual y reproductiva,hemorragia de la primera mitad del embarazo (< 22 sem) aborto,2017-10-01,2,0,2
70801,VALLEGRANDE,salud sexual y reproductiva,hemorragia de la primera mitad del embarazo (< 22 sem) aborto,2017-10-01,3,0,3
20801,VIACHA,salud sexual y reproductiva,hemorragia de la primera mitad del embarazo (< 22 sem) aborto,2017-10-01,2,0,2
31003,VILLA TUNARI,salud sexual y reproductiva,hemorragia de la primera mitad del embarazo (< 22 sem) aborto,2017-10-01,7,0,7
51501,VILLAZON,salud sexual y reproductiva,hemorragia de la primera mitad del embarazo (< 22 sem) aborto,2017-10-01,12,0,12
30904,VINTO,salud sexual y reproductiva,hemorragia de la primera mitad del embarazo (< 22 sem) aborto,2017-10-01,11,0,11
70201,WARNES,salud sexual y reproductiva,hemorragia de la primera mitad del embarazo (< 22 sem) aborto,2017-10-01,14,16,30
60301,YACUIBA,salud sexual y reproductiva,hemorragia de la primera mitad del embarazo (< 22 sem) aborto,2017-10-01,5,0,5
70403,YAPACANI,salud sexual y reproductiva,hemorragia de la primera mitad del embarazo (< 22 sem) aborto,2017-10-01,11,0,11
10102,YOTALA,salud sexual y reproductiva,hemorragia de la primera mitad del embarazo (< 22 sem) aborto,2017-10-01,2,0,2
30201,AIQUILE,salud sexual y reproductiva,hemorragia de la primera mitad del embarazo (< 22 sem) aborto,2017-11-01,17,0,17
30403,ARBIETO,salud sexual y reproductiva,hemorragia de la primera mitad del embarazo (< 22 sem) aborto,2017-11-01,2,0,2
30601,ARQUE,salud sexual y reproductiva,hemorragia de la primera mitad del embarazo (< 22 sem) aborto,2017-11-01,2,0,2
71501,ASCENCION DE GUARAYOS,salud sexual y reproductiva,hemorragia de la primera mitad del embarazo (< 22 sem) aborto,2017-11-01,2,7,9
30301,AYOPAYA (V. DE INDEPENDENCIA),salud sexual y reproductiva,hemorragia de la primera mitad del embarazo (< 22 sem) aborto,2017-11-01,2,0,2
50301,BETANZOS,salud sexual y reproductiva,hemorragia de la primera mitad del embarazo (< 22 sem) aborto,2017-11-01,4,0,4
31501,BOLIVAR,salud sexual y reproductiva,hemorragia de la primera mitad del embarazo (< 22 sem) aborto,2017-11-01,1,0,1
21003,CAJUATA,salud sexual y reproductiva,hemorragia de la primera mitad del embarazo (< 22 sem) aborto,2017-11-01,1,0,1
10701,CAMARGO,salud sexual y reproductiva,hemorragia de la primera mitad del embarazo (< 22 sem) aborto,2017-11-01,2,1,3
70706,CAMIRI,salud sexual y reproductiva,hemorragia de la primera mitad del embarazo (< 22 sem) aborto,2017-11-01,12,6,18
30701,CAPINOTA,salud sexual y reproductiva,hemorragia de la primera mitad del embarazo (< 22 sem) aborto,2017-11-01,4,0,4
22001,CARANAVI,salud sexual y reproductiva,hemorragia de la primera mitad del embarazo (< 22 sem) aborto,2017-11-01,27,1,28
70702,CHARAGUA,salud sexual y reproductiva,hemorragia de la primera mitad del embarazo (< 22 sem) aborto,2017-11-01,1,0,1
31204,CHIMORE,salud sexual y reproductiva,hemorragia de la primera mitad del embarazo (< 22 sem) aborto,2017-11-01,5,0,5
21101,CHULUMANI (V. DE LA LIBERTAD),salud sexual y reproductiva,hemorragia de la primera mitad del embarazo (< 22 sem) aborto,2017-11-01,8,0,8
51103,CKOCHAS,salud sexual y reproductiva,hemorragia de la primera mitad del embarazo (< 22 sem) aborto,2017-11-01,1,0,1
30801,CLIZA,salud sexual y reproductiva,hemorragia de la primera mitad del embarazo (< 22 sem) aborto,2017-11-01,2,0,2
90101,COBIJA,salud sexual y reproductiva,hemorragia de la primera mitad del embarazo (< 22 sem) aborto,2017-11-01,34,0,34
30101,COCHABAMBA,salud sexual y reproductiva,hemorragia de la primera mitad del embarazo (< 22 sem) aborto,2017-11-01,221,9,230
30905,COLCAPIRHUA,salud sexual y reproductiva,hemorragia de la primera mitad del embarazo (< 22 sem) aborto,2017-11-01,5,5,10
21004,COLQUIRI,salud sexual y reproductiva,hemorragia de la primera mitad del embarazo (< 22 sem) aborto,2017-11-01,0,1,1
71301,COMARAPA,salud sexual y reproductiva,hemorragia de la primera mitad del embarazo (< 22 sem) aborto,2017-11-01,5,0,5
20301,CORO CORO,salud sexual y reproductiva,hemorragia de la primera mitad del embarazo (< 22 sem) aborto,2017-11-01,1,0,1
21401,COROICO,salud sexual y reproductiva,hemorragia de la primera mitad del embarazo (< 22 sem) aborto,2017-11-01,4,0,4
70102,COTOCA,salud sexual y reproductiva,hemorragia de la primera mitad del embarazo (< 22 sem) aborto,2017-11-01,17,0,17
71106,CUATRO CAÃ‘ADAS,salud sexual y reproductiva,hemorragia de la primera mitad del embarazo (< 22 sem) aborto,2017-11-01,1,0,1
10902,CULPINA,salud sexual y reproductiva,hemorragia de la primera mitad del embarazo (< 22 sem) aborto,2017-11-01,5,0,5
20105,EL ALTO,salud sexual y reproductiva,hemorragia de la primera mitad del embarazo (< 22 sem) aborto,2017-11-01,153,6,159
71503,EL PUENTE(STC),salud sexual y reproductiva,hemorragia de la primera mitad del embarazo (< 22 sem) aborto,2017-11-01,1,0,1
70105,EL TORNO,salud sexual y reproductiva,hemorragia de la primera mitad del embarazo (< 22 sem) aborto,2017-11-01,10,0,10
31206,ENTRE RIOS CBBA,salud sexual y reproductiva,hemorragia de la primera mitad del embarazo (< 22 sem) aborto,2017-11-01,5,0,5
80202,GUAYARAMERIN,salud sexual y reproductiva,hemorragia de la primera mitad del embarazo (< 22 sem) aborto,2017-11-01,1,0,1
40701,HUANUNI,salud sexual y reproductiva,hemorragia de la primera mitad del embarazo (< 22 sem) aborto,2017-11-01,7,0,7
70104,LA GUARDIA,salud sexual y reproductiva,hemorragia de la primera mitad del embarazo (< 22 sem) aborto,2017-11-01,0,16,16
20101,LA PAZ,salud sexual y reproductiva,hemorragia de la primera mitad del embarazo (< 22 sem) aborto,2017-11-01,237,1,238
70701,LAGUNILLAS,salud sexual y reproductiva,hemorragia de la primera mitad del embarazo (< 22 sem) aborto,2017-11-01,1,0,1
11003,MACHARETI,salud sexual y reproductiva,hemorragia de la primera mitad del embarazo (< 22 sem) aborto,2017-11-01,0,1,1
70903,MAIRANA,salud sexual y reproductiva,hemorragia de la primera mitad del embarazo (< 22 sem) aborto,2017-11-01,3,0,3
20607,MAPIRI,salud sexual y reproductiva,hemorragia de la primera mitad del embarazo (< 22 sem) aborto,2017-11-01,0,3,3
31301,MIZQUE,salud sexual y reproductiva,hemorragia de la primera mitad del embarazo (< 22 sem) aborto,2017-11-01,1,0,1
10501,MONTEAGUDO,salud sexual y reproductiva,hemorragia de la primera mitad del embarazo (< 22 sem) aborto,2017-11-01,0,1,1
71001,MONTERO,salud sexual y reproductiva,hemorragia de la primera mitad del embarazo (< 22 sem) aborto,2017-11-01,4,3,7
70803,MORO MORO,salud sexual y reproductiva,hemorragia de la primera mitad del embarazo (< 22 sem) aborto,2017-11-01,1,0,1
30302,MOROCHATA,salud sexual y reproductiva,hemorragia de la primera mitad del embarazo (< 22 sem) aborto,2017-11-01,0,4,4
90401,NACEBE (SANTA ROSA DEL ABUNA),salud sexual y reproductiva,hemorragia de la primera mitad del embarazo (< 22 sem) aborto,2017-11-01,1,0,1
50404,OCURI,salud sexual y reproductiva,hemorragia de la primera mitad del embarazo (< 22 sem) aborto,2017-11-01,3,0,3
40101,ORURO,salud sexual y reproductiva,hemorragia de la primera mitad del embarazo (< 22 sem) aborto,2017-11-01,105,2,107
60201,PADCAYA,salud sexual y reproductiva,hemorragia de la primera mitad del embarazo (< 22 sem) aborto,2017-11-01,0,1,1
10401,PADILLA,salud sexual y reproductiva,hemorragia de la primera mitad del embarazo (< 22 sem) aborto,2017-11-01,2,0,2
70502,PAILON,salud sexual y reproductiva,hemorragia de la primera mitad del embarazo (< 22 sem) aborto,2017-11-01,3,0,3
40602,PAZÃ‘A,salud sexual y reproductiva,hemorragia de la primera mitad del embarazo (< 22 sem) aborto,2017-11-01,0,1,1
31203,POCONA,salud sexual y reproductiva,hemorragia de la primera mitad del embarazo (< 22 sem) aborto,2017-11-01,3,0,3
31202,POJO (CBBA),salud sexual y reproductiva,hemorragia de la primera mitad del embarazo (< 22 sem) aborto,2017-11-01,3,0,3
50101,POTOSI,salud sexual y reproductiva,hemorragia de la primera mitad del embarazo (< 22 sem) aborto,2017-11-01,25,0,25
10302,PRESTO,salud sexual y reproductiva,hemorragia de la primera mitad del embarazo (< 22 sem) aborto,2017-11-01,0,1,1
90201,PUERTO RICO,salud sexual y reproductiva,hemorragia de la primera mitad del embarazo (< 22 sem) aborto,2017-11-01,1,0,1
71401,PUERTO SUAREZ,salud sexual y reproductiva,hemorragia de la primera mitad del embarazo (< 22 sem) aborto,2017-11-01,4,0,4
31205,PUERTO VILLARROEL,salud sexual y reproductiva,hemorragia de la primera mitad del embarazo (< 22 sem) aborto,2017-11-01,36,0,36
31401,PUNATA,salud sexual y reproductiva,hemorragia de la primera mitad del embarazo (< 22 sem) aborto,2017-11-01,14,0,14
30901,QUILLACOLLO,salud sexual y reproductiva,hemorragia de la primera mitad del embarazo (< 22 sem) aborto,2017-11-01,66,0,66
80201,RIBERALTA,salud sexual y reproductiva,hemorragia de la primera mitad del embarazo (< 22 sem) aborto,2017-11-01,3,0,3
70503,ROBORE,salud sexual y reproductiva,hemorragia de la primera mitad del embarazo (< 22 sem) aborto,2017-11-01,3,3,6
80304,RURRENABAQUE,salud sexual y reproductiva,hemorragia de la primera mitad del embarazo (< 22 sem) aborto,2017-11-01,10,0,10
31001,SACABA,salud sexual y reproductiva,hemorragia de la primera mitad del embarazo (< 22 sem) aborto,2017-11-01,60,10,70
80302,SAN BORJA,salud sexual y reproductiva,hemorragia de la primera mitad del embarazo (< 22 sem) aborto,2017-11-01,10,1,11
21502,SAN BUENA VENTURA,salud sexual y reproductiva,hemorragia de la primera mitad del embarazo (< 22 sem) aborto,2017-11-01,4,0,4
70402,SAN CARLOS,salud sexual y reproductiva,hemorragia de la primera mitad del embarazo (< 22 sem) aborto,2017-11-01,3,0,3
80501,SAN IGNACIO,salud sexual y reproductiva,hemorragia de la primera mitad del embarazo (< 22 sem) aborto,2017-11-01,4,0,4
70301,SAN IGNACIO DE VELASCO,salud sexual y reproductiva,hemorragia de la primera mitad del embarazo (< 22 sem) aborto,2017-11-01,6,1,7
70501,SAN JOSE DE CHIQUITOS,salud sexual y reproductiva,hemorragia de la primera mitad del embarazo (< 22 sem) aborto,2017-11-01,6,0,6
71104,SAN JULIAN,salud sexual y reproductiva,hemorragia de la primera mitad del embarazo (< 22 sem) aborto,2017-11-01,8,0,8
71201,SAN MATIAS,salud sexual y reproductiva,hemorragia de la primera mitad del embarazo (< 22 sem) aborto,2017-11-01,6,0,6
70302,SAN MIGUEL DE VELASCO,salud sexual y reproductiva,hemorragia de la primera mitad del embarazo (< 22 sem) aborto,2017-11-01,2,0,2
51001,SAN PABLO DE LIPEZ,salud sexual y reproductiva,hemorragia de la primera mitad del embarazo (< 22 sem) aborto,2017-11-01,0,2,2
80702,SAN RAMON BENI,salud sexual y reproductiva,hemorragia de la primera mitad del embarazo (< 22 sem) aborto,2017-11-01,1,0,1
71103,SAN RAMON SCZ,salud sexual y reproductiva,hemorragia de la primera mitad del embarazo (< 22 sem) aborto,2017-11-01,3,0,3
80401,SANTA ANA,salud sexual y reproductiva,hemorragia de la primera mitad del embarazo (< 22 sem) aborto,2017-11-01,13,0,13
70101,SANTA CRUZ DE LA SIERRA,salud sexual y reproductiva,hemorragia de la primera mitad del embarazo (< 22 sem) aborto,2017-11-01,368,124,492
70602,SANTA ROSA DEL SARA,salud sexual y reproductiva,hemorragia de la primera mitad del embarazo (< 22 sem) aborto,2017-11-01,1,0,1
90303,SENA,salud sexual y reproductiva,hemorragia de la primera mitad del embarazo (< 22 sem) aborto,2017-11-01,0,2,2
31602,SHINAOTA,salud sexual y reproductiva,hemorragia de la primera mitad del embarazo (< 22 sem) aborto,2017-11-01,19,0,19
21301,SICA SICA (VILLA AROMA),salud sexual y reproductiva,hemorragia de la primera mitad del embarazo (< 22 sem) aborto,2017-11-01,1,0,1
30902,SIPE SIPE,salud sexual y reproductiva,hemorragia de la primera mitad del embarazo (< 22 sem) aborto,2017-11-01,7,0,7
10101,SUCRE,salud sexual y reproductiva,hemorragia de la primera mitad del embarazo (< 22 sem) aborto,2017-11-01,119,23,142
31404,TACACHI,salud sexual y reproductiva,hemorragia de la primera mitad del embarazo (< 22 sem) aborto,2017-11-01,1,0,1
50303,TACOBAMBA,salud sexual y reproductiva,hemorragia de la primera mitad del embarazo (< 22 sem) aborto,2017-11-01,0,1,1
30602,TACOPAYA,salud sexual y reproductiva,hemorragia de la primera mitad del embarazo (< 22 sem) aborto,2017-11-01,1,0,1
51402,TAHUA,salud sexual y reproductiva,hemorragia de la primera mitad del embarazo (< 22 sem) aborto,2017-11-01,0,1,1
31101,TAPACARI,salud sexual y reproductiva,hemorragia de la primera mitad del embarazo (< 22 sem) aborto,2017-11-01,1,0,1
10601,TARABUCO,salud sexual y reproductiva,hemorragia de la primera mitad del embarazo (< 22 sem) aborto,2017-11-01,0,2,2
30401,TARATA,salud sexual y reproductiva,hemorragia de la primera mitad del embarazo (< 22 sem) aborto,2017-11-01,2,0,2
60101,TARIJA,salud sexual y reproductiva,hemorragia de la primera mitad del embarazo (< 22 sem) aborto,2017-11-01,73,3,76
20606,TIPUANI,salud sexual y reproductiva,hemorragia de la primera mitad del embarazo (< 22 sem) aborto,2017-11-01,1,0,1
30903,TIQUIPAYA,salud sexual y reproductiva,hemorragia de la primera mitad del embarazo (< 22 sem) aborto,2017-11-01,2,0,2
30802,TOCO,salud sexual y reproductiva,hemorragia de la primera mitad del embarazo (< 22 sem) aborto,2017-11-01,0,1,1
30803,TOLATA,salud sexual y reproductiva,hemorragia de la primera mitad del embarazo (< 22 sem) aborto,2017-11-01,1,0,1
10402,TOMINA,salud sexual y reproductiva,hemorragia de la primera mitad del embarazo (< 22 sem) aborto,2017-11-01,1,0,1
31201,TOTORA(CBBA),salud sexual y reproductiva,hemorragia de la primera mitad del embarazo (< 22 sem) aborto,2017-11-01,6,1,7
80101,TRINIDAD,salud sexual y reproductiva,hemorragia de la primera mitad del embarazo (< 22 sem) aborto,2017-11-01,60,7,67
50801,TUPIZA,salud sexual y reproductiva,hemorragia de la primera mitad del embarazo (< 22 sem) aborto,2017-11-01,8,0,8
51201,UYUNI,salud sexual y reproductiva,hemorragia de la primera mitad del embarazo (< 22 sem) aborto,2017-11-01,7,0,7
30502,VACAS,salud sexual y reproductiva,hemorragia de la primera mitad del embarazo (< 22 sem) aborto,2017-11-01,2,0,2
70801,VALLEGRANDE,salud sexual y reproductiva,hemorragia de la primera mitad del embarazo (< 22 sem) aborto,2017-11-01,1,0,1
60303,VILLA MONTES,salud sexual y reproductiva,hemorragia de la primera mitad del embarazo (< 22 sem) aborto,2017-11-01,0,9,9
90502,VILLA NUEVA (LOMA ALTA),salud sexual y reproductiva,hemorragia de la primera mitad del embarazo (< 22 sem) aborto,2017-11-01,0,1,1
31003,VILLA TUNARI,salud sexual y reproductiva,hemorragia de la primera mitad del embarazo (< 22 sem) aborto,2017-11-01,8,0,8
11001,VILLA VACA GUZMAN (MUYUPAMPA),salud sexual y reproductiva,hemorragia de la primera mitad del embarazo (< 22 sem) aborto,2017-11-01,1,1,2
51501,VILLAZON,salud sexual y reproductiva,hemorragia de la primera mitad del embarazo (< 22 sem) aborto,2017-11-01,8,0,8
30904,VINTO,salud sexual y reproductiva,hemorragia de la primera mitad del embarazo (< 22 sem) aborto,2017-11-01,6,0,6
70201,WARNES,salud sexual y reproductiva,hemorragia de la primera mitad del embarazo (< 22 sem) aborto,2017-11-01,23,6,29
60301,YACUIBA,salud sexual y reproductiva,hemorragia de la primera mitad del embarazo (< 22 sem) aborto,2017-11-01,5,1,6
70403,YAPACANI,salud sexual y reproductiva,hemorragia de la primera mitad del embarazo (< 22 sem) aborto,2017-11-01,20,1,21
20104,ACHOCALLA,salud sexual y reproductiva,hemorragia de la primera mitad del embarazo (< 22 sem) aborto,2017-12-01,1,0,1
30201,AIQUILE,salud sexual y reproductiva,hemorragia de la primera mitad del embarazo (< 22 sem) aborto,2017-12-01,13,0,13
10404,ALCALA,salud sexual y reproductiva,hemorragia de la primera mitad del embarazo (< 22 sem) aborto,2017-12-01,1,0,1
30601,ARQUE,salud sexual y reproductiva,hemorragia de la primera mitad del embarazo (< 22 sem) aborto,2017-12-01,1,0,1
71501,ASCENCION DE GUARAYOS,salud sexual y reproductiva,hemorragia de la primera mitad del embarazo (< 22 sem) aborto,2017-12-01,4,10,14
50802,ATOCHA,salud sexual y reproductiva,hemorragia de la primera mitad del embarazo (< 22 sem) aborto,2017-12-01,0,2,2
30301,AYOPAYA (V. DE INDEPENDENCIA),salud sexual y reproductiva,hemorragia de la primera mitad del embarazo (< 22 sem) aborto,2017-12-01,1,0,1
60202,BERMEJO,salud sexual y reproductiva,hemorragia de la primera mitad del embarazo (< 22 sem) aborto,2017-12-01,1,0,1
50301,BETANZOS,salud sexual y reproductiva,hemorragia de la primera mitad del embarazo (< 22 sem) aborto,2017-12-01,7,0,7
10701,CAMARGO,salud sexual y reproductiva,hemorragia de la primera mitad del embarazo (< 22 sem) aborto,2017-12-01,1,2,3
70706,CAMIRI,salud sexual y reproductiva,hemorragia de la primera mitad del embarazo (< 22 sem) aborto,2017-12-01,13,0,13
30701,CAPINOTA,salud sexual y reproductiva,hemorragia de la primera mitad del embarazo (< 22 sem) aborto,2017-12-01,3,0,3
40102,CARACOLLO,salud sexual y reproductiva,hemorragia de la primera mitad del embarazo (< 22 sem) aborto,2017-12-01,1,0,1
22001,CARANAVI,salud sexual y reproductiva,hemorragia de la primera mitad del embarazo (< 22 sem) aborto,2017-12-01,9,1,10
70702,CHARAGUA,salud sexual y reproductiva,hemorragia de la primera mitad del embarazo (< 22 sem) aborto,2017-12-01,5,0,5
31204,CHIMORE,salud sexual y reproductiva,hemorragia de la primera mitad del embarazo (< 22 sem) aborto,2017-12-01,2,0,2
21101,CHULUMANI (V. DE LA LIBERTAD),salud sexual y reproductiva,hemorragia de la primera mitad del embarazo (< 22 sem) aborto,2017-12-01,7,0,7
30801,CLIZA,salud sexual y reproductiva,hemorragia de la primera mitad del embarazo (< 22 sem) aborto,2017-12-01,9,0,9
90101,COBIJA,salud sexual y reproductiva,hemorragia de la primera mitad del embarazo (< 22 sem) aborto,2017-12-01,19,1,20
30303,COCAPATA,salud sexual y reproductiva,hemorragia de la primera mitad del embarazo (< 22 sem) aborto,2017-12-01,1,0,1
30101,COCHABAMBA,salud sexual y reproductiva,hemorragia de la primera mitad del embarazo (< 22 sem) aborto,2017-12-01,181,3,184
30905,COLCAPIRHUA,salud sexual y reproductiva,hemorragia de la primera mitad del embarazo (< 22 sem) aborto,2017-12-01,4,1,5
71301,COMARAPA,salud sexual y reproductiva,hemorragia de la primera mitad del embarazo (< 22 sem) aborto,2017-12-01,3,0,3
71101,CONCEPCION,salud sexual y reproductiva,hemorragia de la primera mitad del embarazo (< 22 sem) aborto,2017-12-01,1,0,1
20301,CORO CORO,salud sexual y reproductiva,hemorragia de la primera mitad del embarazo (< 22 sem) aborto,2017-12-01,1,0,1
50601,COTAGAITA,salud sexual y reproductiva,hemorragia de la primera mitad del embarazo (< 22 sem) aborto,2017-12-01,1,0,1
70102,COTOCA,salud sexual y reproductiva,hemorragia de la primera mitad del embarazo (< 22 sem) aborto,2017-12-01,12,0,12
71106,CUATRO CAÃ‘ADAS,salud sexual y reproductiva,hemorragia de la primera mitad del embarazo (< 22 sem) aborto,2017-12-01,3,0,3
10902,CULPINA,salud sexual y reproductiva,hemorragia de la primera mitad del embarazo (< 22 sem) aborto,2017-12-01,7,0,7
20105,EL ALTO,salud sexual y reproductiva,hemorragia de la primera mitad del embarazo (< 22 sem) aborto,2017-12-01,96,6,102
70105,EL TORNO,salud sexual y reproductiva,hemorragia de la primera mitad del embarazo (< 22 sem) aborto,2017-12-01,15,0,15
60601,ENTRE RIOS TRJ,salud sexual y reproductiva,hemorragia de la primera mitad del embarazo (< 22 sem) aborto,2017-12-01,1,0,1
31206,ENTRE RIOS CBBA,salud sexual y reproductiva,hemorragia de la primera mitad del embarazo (< 22 sem) aborto,2017-12-01,10,0,10
71004,FERNANDEZ ALONSO,salud sexual y reproductiva,hemorragia de la primera mitad del embarazo (< 22 sem) aborto,2017-12-01,1,0,1
80202,GUAYARAMERIN,salud sexual y reproductiva,hemorragia de la primera mitad del embarazo (< 22 sem) aborto,2017-12-01,3,0,3
40701,HUANUNI,salud sexual y reproductiva,hemorragia de la primera mitad del embarazo (< 22 sem) aborto,2017-12-01,3,1,4
10703,INCAHUASI,salud sexual y reproductiva,hemorragia de la primera mitad del embarazo (< 22 sem) aborto,2017-12-01,0,1,1
21105,LA ASUNTA,salud sexual y reproductiva,hemorragia de la primera mitad del embarazo (< 22 sem) aborto,2017-12-01,1,1,2
70104,LA GUARDIA,salud sexual y reproductiva,hemorragia de la primera mitad del embarazo (< 22 sem) aborto,2017-12-01,0,12,12
20101,LA PAZ,salud sexual y reproductiva,hemorragia de la primera mitad del embarazo (< 22 sem) aborto,2017-12-01,169,6,175
80801,MAGDALENA,salud sexual y reproductiva,hemorragia de la primera mitad del embarazo (< 22 sem) aborto,2017-12-01,1,1,2
70903,MAIRANA,salud sexual y reproductiva,hemorragia de la primera mitad del embarazo (< 22 sem) aborto,2017-12-01,9,0,9
10501,MONTEAGUDO,salud sexual y reproductiva,hemorragia de la primera mitad del embarazo (< 22 sem) aborto,2017-12-01,0,1,1
30302,MOROCHATA,salud sexual y reproductiva,hemorragia de la primera mitad del embarazo (< 22 sem) aborto,2017-12-01,0,2,2
50404,OCURI,salud sexual y reproductiva,hemorragia de la primera mitad del embarazo (< 22 sem) aborto,2017-12-01,1,0,1
40101,ORURO,salud sexual y reproductiva,hemorragia de la primera mitad del embarazo (< 22 sem) aborto,2017-12-01,28,6,34
10401,PADILLA,salud sexual y reproductiva,hemorragia de la primera mitad del embarazo (< 22 sem) aborto,2017-12-01,8,0,8
70502,PAILON,salud sexual y reproductiva,hemorragia de la primera mitad del embarazo (< 22 sem) aborto,2017-12-01,1,0,1
31202,POJO (CBBA),salud sexual y reproductiva,hemorragia de la primera mitad del embarazo (< 22 sem) aborto,2017-12-01,2,0,2
10103,POROMA,salud sexual y reproductiva,hemorragia de la primera mitad del embarazo (< 22 sem) aborto,2017-12-01,2,0,2
50101,POTOSI,salud sexual y reproductiva,hemorragia de la primera mitad del embarazo (< 22 sem) aborto,2017-12-01,14,0,14
90301,PUERTO GONZALO MORENO,salud sexual y reproductiva,hemorragia de la primera mitad del embarazo (< 22 sem) aborto,2017-12-01,1,0,1
90201,PUERTO RICO,salud sexual y reproductiva,hemorragia de la primera mitad del embarazo (< 22 sem) aborto,2017-12-01,2,1,3
31205,PUERTO VILLARROEL,salud sexual y reproductiva,hemorragia de la primera mitad del embarazo (< 22 sem) aborto,2017-12-01,20,0,20
31401,PUNATA,salud sexual y reproductiva,hemorragia de la primera mitad del embarazo (< 22 sem) aborto,2017-12-01,13,1,14
30901,QUILLACOLLO,salud sexual y reproductiva,hemorragia de la primera mitad del embarazo (< 22 sem) aborto,2017-12-01,55,0,55
70503,ROBORE,salud sexual y reproductiva,hemorragia de la primera mitad del embarazo (< 22 sem) aborto,2017-12-01,3,0,3
80304,RURRENABAQUE,salud sexual y reproductiva,hemorragia de la primera mitad del embarazo (< 22 sem) aborto,2017-12-01,7,0,7
31001,SACABA,salud sexual y reproductiva,hemorragia de la primera mitad del embarazo (< 22 sem) aborto,2017-12-01,36,4,40
80302,SAN BORJA,salud sexual y reproductiva,hemorragia de la primera mitad del embarazo (< 22 sem) aborto,2017-12-01,15,0,15
21502,SAN BUENA VENTURA,salud sexual y reproductiva,hemorragia de la primera mitad del embarazo (< 22 sem) aborto,2017-12-01,1,0,1
70402,SAN CARLOS,salud sexual y reproductiva,hemorragia de la primera mitad del embarazo (< 22 sem) aborto,2017-12-01,3,0,3
80501,SAN IGNACIO,salud sexual y reproductiva,hemorragia de la primera mitad del embarazo (< 22 sem) aborto,2017-12-01,1,0,1
70301,SAN IGNACIO DE VELASCO,salud sexual y reproductiva,hemorragia de la primera mitad del embarazo (< 22 sem) aborto,2017-12-01,2,0,2
70501,SAN JOSE DE CHIQUITOS,salud sexual y reproductiva,hemorragia de la primera mitad del embarazo (< 22 sem) aborto,2017-12-01,3,0,3
71104,SAN JULIAN,salud sexual y reproductiva,hemorragia de la primera mitad del embarazo (< 22 sem) aborto,2017-12-01,13,0,13
71201,SAN MATIAS,salud sexual y reproductiva,hemorragia de la primera mitad del embarazo (< 22 sem) aborto,2017-12-01,1,0,1
50501,SAN PEDRO DE BUENA VISTA,salud sexual y reproductiva,hemorragia de la primera mitad del embarazo (< 22 sem) aborto,2017-12-01,0,2,2
21702,SAN PEDRO DE TIQUINA,salud sexual y reproductiva,hemorragia de la primera mitad del embarazo (< 22 sem) aborto,2017-12-01,1,0,1
71103,SAN RAMON SCZ,salud sexual y reproductiva,hemorragia de la primera mitad del embarazo (< 22 sem) aborto,2017-12-01,1,0,1
80401,SANTA ANA,salud sexual y reproductiva,hemorragia de la primera mitad del embarazo (< 22 sem) aborto,2017-12-01,7,0,7
70101,SANTA CRUZ DE LA SIERRA,salud sexual y reproductiva,hemorragia de la primera mitad del embarazo (< 22 sem) aborto,2017-12-01,322,99,421
31602,SHINAOTA,salud sexual y reproductiva,hemorragia de la primera mitad del embarazo (< 22 sem) aborto,2017-12-01,2,0,2
10403,SOPACHUY,salud sexual y reproductiva,hemorragia de la primera mitad del embarazo (< 22 sem) aborto,2017-12-01,0,1,1
10101,SUCRE,salud sexual y reproductiva,hemorragia de la primera mitad del embarazo (< 22 sem) aborto,2017-12-01,76,16,92
10601,TARABUCO,salud sexual y reproductiva,hemorragia de la primera mitad del embarazo (< 22 sem) aborto,2017-12-01,0,2,2
60101,TARIJA,salud sexual y reproductiva,hemorragia de la primera mitad del embarazo (< 22 sem) aborto,2017-12-01,58,0,58
20606,TIPUANI,salud sexual y reproductiva,hemorragia de la primera mitad del embarazo (< 22 sem) aborto,2017-12-01,2,0,2
10402,TOMINA,salud sexual y reproductiva,hemorragia de la primera mitad del embarazo (< 22 sem) aborto,2017-12-01,0,2,2
31201,TOTORA(CBBA),salud sexual y reproductiva,hemorragia de la primera mitad del embarazo (< 22 sem) aborto,2017-12-01,4,1,5
80101,TRINIDAD,salud sexual y reproductiva,hemorragia de la primera mitad del embarazo (< 22 sem) aborto,2017-12-01,38,4,42
51201,UYUNI,salud sexual y reproductiva,hemorragia de la primera mitad del embarazo (< 22 sem) aborto,2017-12-01,4,0,4
20801,VIACHA,salud sexual y reproductiva,hemorragia de la primera mitad del embarazo (< 22 sem) aborto,2017-12-01,2,5,7
10801,VILLA SERRANO,salud sexual y reproductiva,hemorragia de la primera mitad del embarazo (< 22 sem) aborto,2017-12-01,0,1,1
31003,VILLA TUNARI,salud sexual y reproductiva,hemorragia de la primera mitad del embarazo (< 22 sem) aborto,2017-12-01,5,0,5
11001,VILLA VACA GUZMAN (MUYUPAMPA),salud sexual y reproductiva,hemorragia de la primera mitad del embarazo (< 22 sem) aborto,2017-12-01,0,1,1
51501,VILLAZON,salud sexual y reproductiva,hemorragia de la primera mitad del embarazo (< 22 sem) aborto,2017-12-01,7,1,8
30904,VINTO,salud sexual y reproductiva,hemorragia de la primera mitad del embarazo (< 22 sem) aborto,2017-12-01,5,0,5
70201,WARNES,salud sexual y reproductiva,hemorragia de la primera mitad del embarazo (< 22 sem) aborto,2017-12-01,0,4,4
60301,YACUIBA,salud sexual y reproductiva,hemorragia de la primera mitad del embarazo (< 22 sem) aborto,2017-12-01,0,3,3
70403,YAPACANI,salud sexual y reproductiva,hemorragia de la primera mitad del embarazo (< 22 sem) aborto,2017-12-01,8,1,9
10102,YOTALA,salud sexual y reproductiva,hemorragia de la primera mitad del embarazo (< 22 sem) aborto,2017-12-01,1,0,1
