codigo_municipio,municipio,grupo,variable,mes,dentro de establecimientos hombres,dentro de establecimientos mujeres,fuera de establecimientos hombres,fuera de establecimientos mujeres,hombres total,mujeres total,total
51302,ACACIO,"mortalidad perinatal, neonatal e infantil",muerte fetal (obito) confirmada,2017-01-01,10,0,0,0,10,0,10
22001,CARANAVI,"mortalidad perinatal, neonatal e infantil",muerte fetal (obito) confirmada,2017-01-01,0,0,1,1,1,1,2
40201,CHALLAPATA,"mortalidad perinatal, neonatal e infantil",muerte fetal (obito) confirmada,2017-01-01,0,1,0,0,0,1,1
21101,CHULUMANI (V. DE LA LIBERTAD),"mortalidad perinatal, neonatal e infantil",muerte fetal (obito) confirmada,2017-01-01,2,0,0,0,2,0,2
30801,CLIZA,"mortalidad perinatal, neonatal e infantil",muerte fetal (obito) confirmada,2017-01-01,1,0,1,0,2,0,2
30101,COCHABAMBA,"mortalidad perinatal, neonatal e infantil",muerte fetal (obito) confirmada,2017-01-01,11,8,1,0,12,8,20
21401,COROICO,"mortalidad perinatal, neonatal e infantil",muerte fetal (obito) confirmada,2017-01-01,1,2,0,0,1,2,3
20105,EL ALTO,"mortalidad perinatal, neonatal e infantil",muerte fetal (obito) confirmada,2017-01-01,4,2,8,4,12,6,18
20101,LA PAZ,"mortalidad perinatal, neonatal e infantil",muerte fetal (obito) confirmada,2017-01-01,3,3,3,3,6,6,12
70701,LAGUNILLAS,"mortalidad perinatal, neonatal e infantil",muerte fetal (obito) confirmada,2017-01-01,0,0,0,1,0,1,1
50203,LLALLAGUA,"mortalidad perinatal, neonatal e infantil",muerte fetal (obito) confirmada,2017-01-01,0,0,0,1,0,1,1
40101,ORURO,"mortalidad perinatal, neonatal e infantil",muerte fetal (obito) confirmada,2017-01-01,2,5,0,0,2,5,7
50101,POTOSI,"mortalidad perinatal, neonatal e infantil",muerte fetal (obito) confirmada,2017-01-01,4,3,0,0,4,3,7
31205,PUERTO VILLARROEL,"mortalidad perinatal, neonatal e infantil",muerte fetal (obito) confirmada,2017-01-01,1,0,1,0,2,0,2
31401,PUNATA,"mortalidad perinatal, neonatal e infantil",muerte fetal (obito) confirmada,2017-01-01,0,0,0,1,0,1,1
80201,RIBERALTA,"mortalidad perinatal, neonatal e infantil",muerte fetal (obito) confirmada,2017-01-01,1,2,0,0,1,2,3
80304,RURRENABAQUE,"mortalidad perinatal, neonatal e infantil",muerte fetal (obito) confirmada,2017-01-01,1,0,0,0,1,0,1
31001,SACABA,"mortalidad perinatal, neonatal e infantil",muerte fetal (obito) confirmada,2017-01-01,1,0,2,2,3,2,5
70901,SAMAIPATA,"mortalidad perinatal, neonatal e infantil",muerte fetal (obito) confirmada,2017-01-01,1,0,0,0,1,0,1
21502,SAN BUENA VENTURA,"mortalidad perinatal, neonatal e infantil",muerte fetal (obito) confirmada,2017-01-01,0,0,1,0,1,0,1
70101,SANTA CRUZ DE LA SIERRA,"mortalidad perinatal, neonatal e infantil",muerte fetal (obito) confirmada,2017-01-01,5,3,1,5,6,8,14
10101,SUCRE,"mortalidad perinatal, neonatal e infantil",muerte fetal (obito) confirmada,2017-01-01,0,5,0,0,0,5,5
50303,TACOBAMBA,"mortalidad perinatal, neonatal e infantil",muerte fetal (obito) confirmada,2017-01-01,0,0,1,0,1,0,1
60101,TARIJA,"mortalidad perinatal, neonatal e infantil",muerte fetal (obito) confirmada,2017-01-01,3,0,0,1,3,1,4
51201,UYUNI,"mortalidad perinatal, neonatal e infantil",muerte fetal (obito) confirmada,2017-01-01,1,0,0,0,1,0,1
31003,VILLA TUNARI,"mortalidad perinatal, neonatal e infantil",muerte fetal (obito) confirmada,2017-01-01,2,0,0,0,2,0,2
60301,YACUIBA,"mortalidad perinatal, neonatal e infantil",muerte fetal (obito) confirmada,2017-01-01,2,1,0,0,2,1,3
10301,ZUDAÃ‘EZ,"mortalidad perinatal, neonatal e infantil",muerte fetal (obito) confirmada,2017-01-01,1,0,0,0,1,0,1
70706,CAMIRI,"mortalidad perinatal, neonatal e infantil",muerte fetal (obito) confirmada,2017-02-01,0,0,1,1,1,1,2
22001,CARANAVI,"mortalidad perinatal, neonatal e infantil",muerte fetal (obito) confirmada,2017-02-01,0,1,0,0,0,1,1
30101,COCHABAMBA,"mortalidad perinatal, neonatal e infantil",muerte fetal (obito) confirmada,2017-02-01,7,6,1,0,8,6,14
21401,COROICO,"mortalidad perinatal, neonatal e infantil",muerte fetal (obito) confirmada,2017-02-01,1,0,0,0,1,0,1
20105,EL ALTO,"mortalidad perinatal, neonatal e infantil",muerte fetal (obito) confirmada,2017-02-01,0,4,3,3,3,7,10
70105,EL TORNO,"mortalidad perinatal, neonatal e infantil",muerte fetal (obito) confirmada,2017-02-01,2,0,0,0,2,0,2
60601,ENTRE RIOS TRJ,"mortalidad perinatal, neonatal e infantil",muerte fetal (obito) confirmada,2017-02-01,0,1,0,0,0,1,1
20405,ESCOMA,"mortalidad perinatal, neonatal e infantil",muerte fetal (obito) confirmada,2017-02-01,1,0,0,0,1,0,1
21601,GRAL. J.J. PEREZ (CHARAZANI),"mortalidad perinatal, neonatal e infantil",muerte fetal (obito) confirmada,2017-02-01,0,0,0,1,0,1,1
40701,HUANUNI,"mortalidad perinatal, neonatal e infantil",muerte fetal (obito) confirmada,2017-02-01,1,0,0,0,1,0,1
10304,ICLA,"mortalidad perinatal, neonatal e infantil",muerte fetal (obito) confirmada,2017-02-01,2,0,0,0,2,0,2
10703,INCAHUASI,"mortalidad perinatal, neonatal e infantil",muerte fetal (obito) confirmada,2017-02-01,0,0,2,0,2,0,2
20101,LA PAZ,"mortalidad perinatal, neonatal e infantil",muerte fetal (obito) confirmada,2017-02-01,4,5,8,8,12,13,25
50203,LLALLAGUA,"mortalidad perinatal, neonatal e infantil",muerte fetal (obito) confirmada,2017-02-01,0,1,1,1,1,2,3
51401,LLICA,"mortalidad perinatal, neonatal e infantil",muerte fetal (obito) confirmada,2017-02-01,0,0,0,1,0,1,1
40101,ORURO,"mortalidad perinatal, neonatal e infantil",muerte fetal (obito) confirmada,2017-02-01,5,6,0,0,5,6,11
21104,PALOS BLANCOS,"mortalidad perinatal, neonatal e infantil",muerte fetal (obito) confirmada,2017-02-01,0,1,0,0,0,1,1
50101,POTOSI,"mortalidad perinatal, neonatal e infantil",muerte fetal (obito) confirmada,2017-02-01,1,3,0,0,1,3,4
10302,PRESTO,"mortalidad perinatal, neonatal e infantil",muerte fetal (obito) confirmada,2017-02-01,1,0,0,0,1,0,1
21201,PUCARANI,"mortalidad perinatal, neonatal e infantil",muerte fetal (obito) confirmada,2017-02-01,0,0,0,2,0,2,2
31205,PUERTO VILLARROEL,"mortalidad perinatal, neonatal e infantil",muerte fetal (obito) confirmada,2017-02-01,1,0,0,0,1,0,1
30901,QUILLACOLLO,"mortalidad perinatal, neonatal e infantil",muerte fetal (obito) confirmada,2017-02-01,0,0,2,1,2,1,3
31001,SACABA,"mortalidad perinatal, neonatal e infantil",muerte fetal (obito) confirmada,2017-02-01,0,0,2,1,2,1,3
80602,SAN ANDRES,"mortalidad perinatal, neonatal e infantil",muerte fetal (obito) confirmada,2017-02-01,0,0,1,0,1,0,1
80302,SAN BORJA,"mortalidad perinatal, neonatal e infantil",muerte fetal (obito) confirmada,2017-02-01,0,2,0,0,0,2,2
21502,SAN BUENA VENTURA,"mortalidad perinatal, neonatal e infantil",muerte fetal (obito) confirmada,2017-02-01,1,0,0,0,1,0,1
70301,SAN IGNACIO DE VELASCO,"mortalidad perinatal, neonatal e infantil",muerte fetal (obito) confirmada,2017-02-01,0,0,1,1,1,1,2
70101,SANTA CRUZ DE LA SIERRA,"mortalidad perinatal, neonatal e infantil",muerte fetal (obito) confirmada,2017-02-01,6,3,1,2,7,5,12
10101,SUCRE,"mortalidad perinatal, neonatal e infantil",muerte fetal (obito) confirmada,2017-02-01,2,4,0,0,2,4,6
31101,TAPACARI,"mortalidad perinatal, neonatal e infantil",muerte fetal (obito) confirmada,2017-02-01,0,0,0,1,0,1,1
10601,TARABUCO,"mortalidad perinatal, neonatal e infantil",muerte fetal (obito) confirmada,2017-02-01,0,0,0,1,0,1,1
60101,TARIJA,"mortalidad perinatal, neonatal e infantil",muerte fetal (obito) confirmada,2017-02-01,2,1,0,0,2,1,3
20608,TEOPONTE,"mortalidad perinatal, neonatal e infantil",muerte fetal (obito) confirmada,2017-02-01,0,0,0,1,0,1,1
40402,TURCO,"mortalidad perinatal, neonatal e infantil",muerte fetal (obito) confirmada,2017-02-01,0,0,0,1,0,1,1
51201,UYUNI,"mortalidad perinatal, neonatal e infantil",muerte fetal (obito) confirmada,2017-02-01,0,0,1,1,1,1,2
51501,VILLAZON,"mortalidad perinatal, neonatal e infantil",muerte fetal (obito) confirmada,2017-02-01,0,1,0,0,0,1,1
70201,WARNES,"mortalidad perinatal, neonatal e infantil",muerte fetal (obito) confirmada,2017-02-01,1,0,0,0,1,0,1
20201,ACHACACHI,"mortalidad perinatal, neonatal e infantil",muerte fetal (obito) confirmada,2017-03-01,0,0,2,0,2,0,2
30201,AIQUILE,"mortalidad perinatal, neonatal e infantil",muerte fetal (obito) confirmada,2017-03-01,1,0,0,0,1,0,1
30403,ARBIETO,"mortalidad perinatal, neonatal e infantil",muerte fetal (obito) confirmada,2017-03-01,0,0,0,1,0,1,1
21304,CALAMARCA,"mortalidad perinatal, neonatal e infantil",muerte fetal (obito) confirmada,2017-03-01,0,0,0,1,0,1,1
70706,CAMIRI,"mortalidad perinatal, neonatal e infantil",muerte fetal (obito) confirmada,2017-03-01,0,0,0,1,0,1,1
30701,CAPINOTA,"mortalidad perinatal, neonatal e infantil",muerte fetal (obito) confirmada,2017-03-01,0,0,1,0,1,0,1
22001,CARANAVI,"mortalidad perinatal, neonatal e infantil",muerte fetal (obito) confirmada,2017-03-01,1,0,0,1,1,1,2
70702,CHARAGUA,"mortalidad perinatal, neonatal e infantil",muerte fetal (obito) confirmada,2017-03-01,0,0,0,1,0,1,1
30801,CLIZA,"mortalidad perinatal, neonatal e infantil",muerte fetal (obito) confirmada,2017-03-01,1,0,0,0,1,0,1
90101,COBIJA,"mortalidad perinatal, neonatal e infantil",muerte fetal (obito) confirmada,2017-03-01,1,0,0,0,1,0,1
30101,COCHABAMBA,"mortalidad perinatal, neonatal e infantil",muerte fetal (obito) confirmada,2017-03-01,11,5,2,1,13,6,19
21401,COROICO,"mortalidad perinatal, neonatal e infantil",muerte fetal (obito) confirmada,2017-03-01,1,0,0,0,1,0,1
20105,EL ALTO,"mortalidad perinatal, neonatal e infantil",muerte fetal (obito) confirmada,2017-03-01,7,1,9,4,16,5,21
71503,EL PUENTE(STC),"mortalidad perinatal, neonatal e infantil",muerte fetal (obito) confirmada,2017-03-01,0,0,0,1,0,1,1
70105,EL TORNO,"mortalidad perinatal, neonatal e infantil",muerte fetal (obito) confirmada,2017-03-01,0,0,0,1,0,1,1
20405,ESCOMA,"mortalidad perinatal, neonatal e infantil",muerte fetal (obito) confirmada,2017-03-01,0,0,1,0,1,0,1
20101,LA PAZ,"mortalidad perinatal, neonatal e infantil",muerte fetal (obito) confirmada,2017-03-01,7,8,11,3,18,11,29
50203,LLALLAGUA,"mortalidad perinatal, neonatal e infantil",muerte fetal (obito) confirmada,2017-03-01,0,0,2,0,2,0,2
40101,ORURO,"mortalidad perinatal, neonatal e infantil",muerte fetal (obito) confirmada,2017-03-01,5,4,0,0,5,4,9
50403,POCOATA,"mortalidad perinatal, neonatal e infantil",muerte fetal (obito) confirmada,2017-03-01,0,0,0,2,0,2,2
50101,POTOSI,"mortalidad perinatal, neonatal e infantil",muerte fetal (obito) confirmada,2017-03-01,5,2,0,0,5,2,7
90301,PUERTO GONZALO MORENO,"mortalidad perinatal, neonatal e infantil",muerte fetal (obito) confirmada,2017-03-01,1,0,0,0,1,0,1
80201,RIBERALTA,"mortalidad perinatal, neonatal e infantil",muerte fetal (obito) confirmada,2017-03-01,1,0,0,0,1,0,1
80304,RURRENABAQUE,"mortalidad perinatal, neonatal e infantil",muerte fetal (obito) confirmada,2017-03-01,1,1,0,0,1,1,2
31001,SACABA,"mortalidad perinatal, neonatal e infantil",muerte fetal (obito) confirmada,2017-03-01,0,1,1,1,1,2,3
50701,SACACA,"mortalidad perinatal, neonatal e infantil",muerte fetal (obito) confirmada,2017-03-01,1,0,1,0,2,0,2
21502,SAN BUENA VENTURA,"mortalidad perinatal, neonatal e infantil",muerte fetal (obito) confirmada,2017-03-01,0,1,0,0,0,1,1
70301,SAN IGNACIO DE VELASCO,"mortalidad perinatal, neonatal e infantil",muerte fetal (obito) confirmada,2017-03-01,1,0,1,2,2,2,4
10702,SAN LUCAS,"mortalidad perinatal, neonatal e infantil",muerte fetal (obito) confirmada,2017-03-01,1,0,1,0,2,0,2
80401,SANTA ANA,"mortalidad perinatal, neonatal e infantil",muerte fetal (obito) confirmada,2017-03-01,1,1,0,0,1,1,2
70101,SANTA CRUZ DE LA SIERRA,"mortalidad perinatal, neonatal e infantil",muerte fetal (obito) confirmada,2017-03-01,6,8,5,3,11,11,22
31602,SHINAOTA,"mortalidad perinatal, neonatal e infantil",muerte fetal (obito) confirmada,2017-03-01,0,3,0,0,0,3,3
10101,SUCRE,"mortalidad perinatal, neonatal e infantil",muerte fetal (obito) confirmada,2017-03-01,3,1,0,0,3,1,4
50303,TACOBAMBA,"mortalidad perinatal, neonatal e infantil",muerte fetal (obito) confirmada,2017-03-01,1,0,0,0,1,0,1
10601,TARABUCO,"mortalidad perinatal, neonatal e infantil",muerte fetal (obito) confirmada,2017-03-01,0,1,0,0,0,1,1
60101,TARIJA,"mortalidad perinatal, neonatal e infantil",muerte fetal (obito) confirmada,2017-03-01,2,0,0,0,2,0,2
10402,TOMINA,"mortalidad perinatal, neonatal e infantil",muerte fetal (obito) confirmada,2017-03-01,0,0,0,1,0,1,1
70201,WARNES,"mortalidad perinatal, neonatal e infantil",muerte fetal (obito) confirmada,2017-03-01,1,0,1,1,2,1,3
30201,AIQUILE,"mortalidad perinatal, neonatal e infantil",muerte fetal (obito) confirmada,2017-04-01,0,1,0,0,0,1,1
70706,CAMIRI,"mortalidad perinatal, neonatal e infantil",muerte fetal (obito) confirmada,2017-04-01,0,0,2,0,2,0,2
30701,CAPINOTA,"mortalidad perinatal, neonatal e infantil",muerte fetal (obito) confirmada,2017-04-01,0,0,1,0,1,0,1
70702,CHARAGUA,"mortalidad perinatal, neonatal e infantil",muerte fetal (obito) confirmada,2017-04-01,1,0,0,0,1,0,1
21101,CHULUMANI (V. DE LA LIBERTAD),"mortalidad perinatal, neonatal e infantil",muerte fetal (obito) confirmada,2017-04-01,0,0,4,1,4,1,5
30101,COCHABAMBA,"mortalidad perinatal, neonatal e infantil",muerte fetal (obito) confirmada,2017-04-01,10,7,0,2,10,9,19
30905,COLCAPIRHUA,"mortalidad perinatal, neonatal e infantil",muerte fetal (obito) confirmada,2017-04-01,0,0,2,0,2,0,2
21306,COLQUENCHA,"mortalidad perinatal, neonatal e infantil",muerte fetal (obito) confirmada,2017-04-01,0,0,0,1,0,1,1
20105,EL ALTO,"mortalidad perinatal, neonatal e infantil",muerte fetal (obito) confirmada,2017-04-01,2,1,4,1,6,2,8
21102,IRUPANA (VILLA DE LANZA),"mortalidad perinatal, neonatal e infantil",muerte fetal (obito) confirmada,2017-04-01,0,1,0,0,0,1,1
20101,LA PAZ,"mortalidad perinatal, neonatal e infantil",muerte fetal (obito) confirmada,2017-04-01,4,3,9,2,13,5,18
10501,MONTEAGUDO,"mortalidad perinatal, neonatal e infantil",muerte fetal (obito) confirmada,2017-04-01,1,0,0,0,1,0,1
40101,ORURO,"mortalidad perinatal, neonatal e infantil",muerte fetal (obito) confirmada,2017-04-01,2,3,0,1,2,4,6
50101,POTOSI,"mortalidad perinatal, neonatal e infantil",muerte fetal (obito) confirmada,2017-04-01,3,5,0,0,3,5,8
10302,PRESTO,"mortalidad perinatal, neonatal e infantil",muerte fetal (obito) confirmada,2017-04-01,0,0,1,0,1,0,1
31401,PUNATA,"mortalidad perinatal, neonatal e infantil",muerte fetal (obito) confirmada,2017-04-01,0,1,0,0,0,1,1
30901,QUILLACOLLO,"mortalidad perinatal, neonatal e infantil",muerte fetal (obito) confirmada,2017-04-01,0,2,0,0,0,2,2
70503,ROBORE,"mortalidad perinatal, neonatal e infantil",muerte fetal (obito) confirmada,2017-04-01,1,0,0,0,1,0,1
50701,SACACA,"mortalidad perinatal, neonatal e infantil",muerte fetal (obito) confirmada,2017-04-01,1,0,0,0,1,0,1
80302,SAN BORJA,"mortalidad perinatal, neonatal e infantil",muerte fetal (obito) confirmada,2017-04-01,1,0,0,0,1,0,1
70301,SAN IGNACIO DE VELASCO,"mortalidad perinatal, neonatal e infantil",muerte fetal (obito) confirmada,2017-04-01,0,1,0,0,0,1,1
10702,SAN LUCAS,"mortalidad perinatal, neonatal e infantil",muerte fetal (obito) confirmada,2017-04-01,1,0,0,0,1,0,1
70101,SANTA CRUZ DE LA SIERRA,"mortalidad perinatal, neonatal e infantil",muerte fetal (obito) confirmada,2017-04-01,3,4,0,0,3,4,7
80303,SANTA ROSA,"mortalidad perinatal, neonatal e infantil",muerte fetal (obito) confirmada,2017-04-01,0,1,0,0,0,1,1
10101,SUCRE,"mortalidad perinatal, neonatal e infantil",muerte fetal (obito) confirmada,2017-04-01,2,1,0,1,2,2,4
50303,TACOBAMBA,"mortalidad perinatal, neonatal e infantil",muerte fetal (obito) confirmada,2017-04-01,0,0,0,1,0,1,1
50201,UNCIA,"mortalidad perinatal, neonatal e infantil",muerte fetal (obito) confirmada,2017-04-01,0,1,0,0,0,1,1
31003,VILLA TUNARI,"mortalidad perinatal, neonatal e infantil",muerte fetal (obito) confirmada,2017-04-01,0,0,1,0,1,0,1
51501,VILLAZON,"mortalidad perinatal, neonatal e infantil",muerte fetal (obito) confirmada,2017-04-01,0,2,0,0,0,2,2
22002,ALTO BENI,"mortalidad perinatal, neonatal e infantil",muerte fetal (obito) confirmada,2017-05-01,1,0,0,0,1,0,1
70706,CAMIRI,"mortalidad perinatal, neonatal e infantil",muerte fetal (obito) confirmada,2017-05-01,0,0,2,1,2,1,3
22001,CARANAVI,"mortalidad perinatal, neonatal e infantil",muerte fetal (obito) confirmada,2017-05-01,0,2,1,0,1,2,3
30801,CLIZA,"mortalidad perinatal, neonatal e infantil",muerte fetal (obito) confirmada,2017-05-01,1,0,0,0,1,0,1
30101,COCHABAMBA,"mortalidad perinatal, neonatal e infantil",muerte fetal (obito) confirmada,2017-05-01,12,9,2,1,14,10,24
71101,CONCEPCION,"mortalidad perinatal, neonatal e infantil",muerte fetal (obito) confirmada,2017-05-01,1,0,0,0,1,0,1
20105,EL ALTO,"mortalidad perinatal, neonatal e infantil",muerte fetal (obito) confirmada,2017-05-01,9,7,9,6,18,13,31
70104,LA GUARDIA,"mortalidad perinatal, neonatal e infantil",muerte fetal (obito) confirmada,2017-05-01,1,0,0,0,1,0,1
20101,LA PAZ,"mortalidad perinatal, neonatal e infantil",muerte fetal (obito) confirmada,2017-05-01,0,6,8,11,8,17,25
50203,LLALLAGUA,"mortalidad perinatal, neonatal e infantil",muerte fetal (obito) confirmada,2017-05-01,0,0,0,1,0,1,1
71001,MONTERO,"mortalidad perinatal, neonatal e infantil",muerte fetal (obito) confirmada,2017-05-01,0,0,0,1,0,1,1
30302,MOROCHATA,"mortalidad perinatal, neonatal e infantil",muerte fetal (obito) confirmada,2017-05-01,0,0,0,2,0,2,2
40101,ORURO,"mortalidad perinatal, neonatal e infantil",muerte fetal (obito) confirmada,2017-05-01,3,3,0,0,3,3,6
21104,PALOS BLANCOS,"mortalidad perinatal, neonatal e infantil",muerte fetal (obito) confirmada,2017-05-01,0,1,1,0,1,1,2
50101,POTOSI,"mortalidad perinatal, neonatal e infantil",muerte fetal (obito) confirmada,2017-05-01,1,0,0,0,1,0,1
31205,PUERTO VILLARROEL,"mortalidad perinatal, neonatal e infantil",muerte fetal (obito) confirmada,2017-05-01,0,0,1,0,1,0,1
30901,QUILLACOLLO,"mortalidad perinatal, neonatal e infantil",muerte fetal (obito) confirmada,2017-05-01,2,0,1,0,3,0,3
80201,RIBERALTA,"mortalidad perinatal, neonatal e infantil",muerte fetal (obito) confirmada,2017-05-01,2,2,0,0,2,2,4
31001,SACABA,"mortalidad perinatal, neonatal e infantil",muerte fetal (obito) confirmada,2017-05-01,0,0,3,3,3,3,6
10702,SAN LUCAS,"mortalidad perinatal, neonatal e infantil",muerte fetal (obito) confirmada,2017-05-01,0,0,1,0,1,0,1
70101,SANTA CRUZ DE LA SIERRA,"mortalidad perinatal, neonatal e infantil",muerte fetal (obito) confirmada,2017-05-01,2,4,3,2,5,6,11
40104,SORACACHI,"mortalidad perinatal, neonatal e infantil",muerte fetal (obito) confirmada,2017-05-01,0,0,1,0,1,0,1
10101,SUCRE,"mortalidad perinatal, neonatal e infantil",muerte fetal (obito) confirmada,2017-05-01,3,3,1,0,4,3,7
60101,TARIJA,"mortalidad perinatal, neonatal e infantil",muerte fetal (obito) confirmada,2017-05-01,1,3,0,0,1,3,4
51201,UYUNI,"mortalidad perinatal, neonatal e infantil",muerte fetal (obito) confirmada,2017-05-01,0,0,0,1,0,1,1
31003,VILLA TUNARI,"mortalidad perinatal, neonatal e infantil",muerte fetal (obito) confirmada,2017-05-01,2,0,0,0,2,0,2
30301,AYOPAYA (V. DE INDEPENDENCIA),"mortalidad perinatal, neonatal e infantil",muerte fetal (obito) confirmada,2017-06-01,0,0,0,1,0,1,1
22001,CARANAVI,"mortalidad perinatal, neonatal e infantil",muerte fetal (obito) confirmada,2017-06-01,1,0,0,0,1,0,1
70702,CHARAGUA,"mortalidad perinatal, neonatal e infantil",muerte fetal (obito) confirmada,2017-06-01,1,0,0,0,1,0,1
21101,CHULUMANI (V. DE LA LIBERTAD),"mortalidad perinatal, neonatal e infantil",muerte fetal (obito) confirmada,2017-06-01,0,0,1,0,1,0,1
90101,COBIJA,"mortalidad perinatal, neonatal e infantil",muerte fetal (obito) confirmada,2017-06-01,1,0,0,0,1,0,1
30101,COCHABAMBA,"mortalidad perinatal, neonatal e infantil",muerte fetal (obito) confirmada,2017-06-01,7,4,0,0,7,4,11
50401,COLQUECHACA,"mortalidad perinatal, neonatal e infantil",muerte fetal (obito) confirmada,2017-06-01,0,1,0,0,0,1,1
71301,COMARAPA,"mortalidad perinatal, neonatal e infantil",muerte fetal (obito) confirmada,2017-06-01,0,1,0,0,0,1,1
21401,COROICO,"mortalidad perinatal, neonatal e infantil",muerte fetal (obito) confirmada,2017-06-01,1,0,1,0,2,0,2
20105,EL ALTO,"mortalidad perinatal, neonatal e infantil",muerte fetal (obito) confirmada,2017-06-01,13,4,4,3,17,7,24
70105,EL TORNO,"mortalidad perinatal, neonatal e infantil",muerte fetal (obito) confirmada,2017-06-01,0,1,0,0,0,1,1
21001,INQUISIVI,"mortalidad perinatal, neonatal e infantil",muerte fetal (obito) confirmada,2017-06-01,0,0,0,1,0,1,1
20101,LA PAZ,"mortalidad perinatal, neonatal e infantil",muerte fetal (obito) confirmada,2017-06-01,5,2,8,3,13,5,18
40101,ORURO,"mortalidad perinatal, neonatal e infantil",muerte fetal (obito) confirmada,2017-06-01,5,5,0,0,5,5,10
21104,PALOS BLANCOS,"mortalidad perinatal, neonatal e infantil",muerte fetal (obito) confirmada,2017-06-01,0,1,0,0,0,1,1
50101,POTOSI,"mortalidad perinatal, neonatal e infantil",muerte fetal (obito) confirmada,2017-06-01,4,2,0,0,4,2,6
71401,PUERTO SUAREZ,"mortalidad perinatal, neonatal e infantil",muerte fetal (obito) confirmada,2017-06-01,3,0,0,0,3,0,3
31205,PUERTO VILLARROEL,"mortalidad perinatal, neonatal e infantil",muerte fetal (obito) confirmada,2017-06-01,0,0,1,0,1,0,1
31401,PUNATA,"mortalidad perinatal, neonatal e infantil",muerte fetal (obito) confirmada,2017-06-01,0,1,0,0,0,1,1
80201,RIBERALTA,"mortalidad perinatal, neonatal e infantil",muerte fetal (obito) confirmada,2017-06-01,1,1,0,0,1,1,2
40901,SABAYA,"mortalidad perinatal, neonatal e infantil",muerte fetal (obito) confirmada,2017-06-01,0,0,1,0,1,0,1
31001,SACABA,"mortalidad perinatal, neonatal e infantil",muerte fetal (obito) confirmada,2017-06-01,0,1,1,0,1,1,2
70301,SAN IGNACIO DE VELASCO,"mortalidad perinatal, neonatal e infantil",muerte fetal (obito) confirmada,2017-06-01,1,0,1,1,2,1,3
70101,SANTA CRUZ DE LA SIERRA,"mortalidad perinatal, neonatal e infantil",muerte fetal (obito) confirmada,2017-06-01,8,9,8,3,16,12,28
80303,SANTA ROSA,"mortalidad perinatal, neonatal e infantil",muerte fetal (obito) confirmada,2017-06-01,1,0,0,0,1,0,1
20902,SAPAHAQUI,"mortalidad perinatal, neonatal e infantil",muerte fetal (obito) confirmada,2017-06-01,1,0,0,0,1,0,1
10101,SUCRE,"mortalidad perinatal, neonatal e infantil",muerte fetal (obito) confirmada,2017-06-01,4,3,1,0,5,3,8
50502,TORO TORO,"mortalidad perinatal, neonatal e infantil",muerte fetal (obito) confirmada,2017-06-01,0,0,0,1,0,1,1
51201,UYUNI,"mortalidad perinatal, neonatal e infantil",muerte fetal (obito) confirmada,2017-06-01,1,0,0,0,1,0,1
31003,VILLA TUNARI,"mortalidad perinatal, neonatal e infantil",muerte fetal (obito) confirmada,2017-06-01,1,0,0,0,1,0,1
60301,YACUIBA,"mortalidad perinatal, neonatal e infantil",muerte fetal (obito) confirmada,2017-06-01,0,0,1,1,1,1,2
30301,AYOPAYA (V. DE INDEPENDENCIA),"mortalidad perinatal, neonatal e infantil",muerte fetal (obito) confirmada,2017-07-01,1,0,0,0,1,0,1
70703,CABEZAS,"mortalidad perinatal, neonatal e infantil",muerte fetal (obito) confirmada,2017-07-01,0,1,1,0,1,1,2
70706,CAMIRI,"mortalidad perinatal, neonatal e infantil",muerte fetal (obito) confirmada,2017-07-01,0,0,0,1,0,1,1
21101,CHULUMANI (V. DE LA LIBERTAD),"mortalidad perinatal, neonatal e infantil",muerte fetal (obito) confirmada,2017-07-01,0,0,0,1,0,1,1
30801,CLIZA,"mortalidad perinatal, neonatal e infantil",muerte fetal (obito) confirmada,2017-07-01,0,0,0,1,0,1,1
30101,COCHABAMBA,"mortalidad perinatal, neonatal e infantil",muerte fetal (obito) confirmada,2017-07-01,9,8,1,0,10,8,18
50401,COLQUECHACA,"mortalidad perinatal, neonatal e infantil",muerte fetal (obito) confirmada,2017-07-01,0,0,0,1,0,1,1
20105,EL ALTO,"mortalidad perinatal, neonatal e infantil",muerte fetal (obito) confirmada,2017-07-01,2,4,5,5,7,9,16
70105,EL TORNO,"mortalidad perinatal, neonatal e infantil",muerte fetal (obito) confirmada,2017-07-01,0,1,0,0,0,1,1
60601,ENTRE RIOS TRJ,"mortalidad perinatal, neonatal e infantil",muerte fetal (obito) confirmada,2017-07-01,0,1,0,0,0,1,1
20101,LA PAZ,"mortalidad perinatal, neonatal e infantil",muerte fetal (obito) confirmada,2017-07-01,4,3,4,7,8,10,18
30302,MOROCHATA,"mortalidad perinatal, neonatal e infantil",muerte fetal (obito) confirmada,2017-07-01,0,0,0,1,0,1,1
40101,ORURO,"mortalidad perinatal, neonatal e infantil",muerte fetal (obito) confirmada,2017-07-01,3,4,0,0,3,4,7
21104,PALOS BLANCOS,"mortalidad perinatal, neonatal e infantil",muerte fetal (obito) confirmada,2017-07-01,1,0,0,0,1,0,1
10103,POROMA,"mortalidad perinatal, neonatal e infantil",muerte fetal (obito) confirmada,2017-07-01,0,0,1,0,1,0,1
50101,POTOSI,"mortalidad perinatal, neonatal e infantil",muerte fetal (obito) confirmada,2017-07-01,4,0,0,0,4,0,4
71401,PUERTO SUAREZ,"mortalidad perinatal, neonatal e infantil",muerte fetal (obito) confirmada,2017-07-01,1,0,0,0,1,0,1
30901,QUILLACOLLO,"mortalidad perinatal, neonatal e infantil",muerte fetal (obito) confirmada,2017-07-01,1,0,0,0,1,0,1
80201,RIBERALTA,"mortalidad perinatal, neonatal e infantil",muerte fetal (obito) confirmada,2017-07-01,1,1,0,0,1,1,2
80304,RURRENABAQUE,"mortalidad perinatal, neonatal e infantil",muerte fetal (obito) confirmada,2017-07-01,1,1,0,0,1,1,2
31001,SACABA,"mortalidad perinatal, neonatal e infantil",muerte fetal (obito) confirmada,2017-07-01,0,1,0,0,0,1,1
50701,SACACA,"mortalidad perinatal, neonatal e infantil",muerte fetal (obito) confirmada,2017-07-01,0,0,0,1,0,1,1
80302,SAN BORJA,"mortalidad perinatal, neonatal e infantil",muerte fetal (obito) confirmada,2017-07-01,1,0,0,0,1,0,1
70501,SAN JOSE DE CHIQUITOS,"mortalidad perinatal, neonatal e infantil",muerte fetal (obito) confirmada,2017-07-01,1,1,0,0,1,1,2
70101,SANTA CRUZ DE LA SIERRA,"mortalidad perinatal, neonatal e infantil",muerte fetal (obito) confirmada,2017-07-01,8,8,0,0,8,8,16
10101,SUCRE,"mortalidad perinatal, neonatal e infantil",muerte fetal (obito) confirmada,2017-07-01,3,2,0,0,3,2,5
60101,TARIJA,"mortalidad perinatal, neonatal e infantil",muerte fetal (obito) confirmada,2017-07-01,1,3,0,0,1,3,4
10202,TARVITA,"mortalidad perinatal, neonatal e infantil",muerte fetal (obito) confirmada,2017-07-01,0,0,1,1,1,1,2
30903,TIQUIPAYA,"mortalidad perinatal, neonatal e infantil",muerte fetal (obito) confirmada,2017-07-01,0,1,0,0,0,1,1
51201,UYUNI,"mortalidad perinatal, neonatal e infantil",muerte fetal (obito) confirmada,2017-07-01,0,0,1,0,1,0,1
20801,VIACHA,"mortalidad perinatal, neonatal e infantil",muerte fetal (obito) confirmada,2017-07-01,0,1,0,0,0,1,1
10201,AZURDUY,"mortalidad perinatal, neonatal e infantil",muerte fetal (obito) confirmada,2017-08-01,0,1,0,0,0,1,1
70401,BUENA VISTA,"mortalidad perinatal, neonatal e infantil",muerte fetal (obito) confirmada,2017-08-01,0,1,0,0,0,1,1
10701,CAMARGO,"mortalidad perinatal, neonatal e infantil",muerte fetal (obito) confirmada,2017-08-01,0,0,0,1,0,1,1
30701,CAPINOTA,"mortalidad perinatal, neonatal e infantil",muerte fetal (obito) confirmada,2017-08-01,0,0,1,0,1,0,1
22001,CARANAVI,"mortalidad perinatal, neonatal e infantil",muerte fetal (obito) confirmada,2017-08-01,0,1,0,0,0,1,1
70702,CHARAGUA,"mortalidad perinatal, neonatal e infantil",muerte fetal (obito) confirmada,2017-08-01,1,0,0,0,1,0,1
30101,COCHABAMBA,"mortalidad perinatal, neonatal e infantil",muerte fetal (obito) confirmada,2017-08-01,11,6,0,3,11,9,20
31002,COLOMI,"mortalidad perinatal, neonatal e infantil",muerte fetal (obito) confirmada,2017-08-01,0,0,1,0,1,0,1
20105,EL ALTO,"mortalidad perinatal, neonatal e infantil",muerte fetal (obito) confirmada,2017-08-01,5,3,4,7,9,10,19
71004,FERNANDEZ ALONSO,"mortalidad perinatal, neonatal e infantil",muerte fetal (obito) confirmada,2017-08-01,0,0,0,1,0,1,1
20602,GUANAY,"mortalidad perinatal, neonatal e infantil",muerte fetal (obito) confirmada,2017-08-01,1,0,0,0,1,0,1
40701,HUANUNI,"mortalidad perinatal, neonatal e infantil",muerte fetal (obito) confirmada,2017-08-01,0,0,1,0,1,0,1
20101,LA PAZ,"mortalidad perinatal, neonatal e infantil",muerte fetal (obito) confirmada,2017-08-01,7,5,5,6,12,11,23
50203,LLALLAGUA,"mortalidad perinatal, neonatal e infantil",muerte fetal (obito) confirmada,2017-08-01,0,0,0,1,0,1,1
40101,ORURO,"mortalidad perinatal, neonatal e infantil",muerte fetal (obito) confirmada,2017-08-01,3,2,0,1,3,3,6
70502,PAILON,"mortalidad perinatal, neonatal e infantil",muerte fetal (obito) confirmada,2017-08-01,1,0,0,0,1,0,1
50101,POTOSI,"mortalidad perinatal, neonatal e infantil",muerte fetal (obito) confirmada,2017-08-01,4,2,0,0,4,2,6
71401,PUERTO SUAREZ,"mortalidad perinatal, neonatal e infantil",muerte fetal (obito) confirmada,2017-08-01,1,1,0,0,1,1,2
80201,RIBERALTA,"mortalidad perinatal, neonatal e infantil",muerte fetal (obito) confirmada,2017-08-01,2,5,0,0,2,5,7
70503,ROBORE,"mortalidad perinatal, neonatal e infantil",muerte fetal (obito) confirmada,2017-08-01,0,2,0,0,0,2,2
80304,RURRENABAQUE,"mortalidad perinatal, neonatal e infantil",muerte fetal (obito) confirmada,2017-08-01,1,2,0,0,1,2,3
31001,SACABA,"mortalidad perinatal, neonatal e infantil",muerte fetal (obito) confirmada,2017-08-01,0,1,3,0,3,1,4
50701,SACACA,"mortalidad perinatal, neonatal e infantil",muerte fetal (obito) confirmada,2017-08-01,0,0,1,0,1,0,1
70301,SAN IGNACIO DE VELASCO,"mortalidad perinatal, neonatal e infantil",muerte fetal (obito) confirmada,2017-08-01,0,0,1,1,1,1,2
10702,SAN LUCAS,"mortalidad perinatal, neonatal e infantil",muerte fetal (obito) confirmada,2017-08-01,0,1,0,0,0,1,1
70302,SAN MIGUEL DE VELASCO,"mortalidad perinatal, neonatal e infantil",muerte fetal (obito) confirmada,2017-08-01,0,1,0,0,0,1,1
90202,SAN PEDRO(PND),"mortalidad perinatal, neonatal e infantil",muerte fetal (obito) confirmada,2017-08-01,0,0,0,1,0,1,1
70101,SANTA CRUZ DE LA SIERRA,"mortalidad perinatal, neonatal e infantil",muerte fetal (obito) confirmada,2017-08-01,9,6,2,2,11,8,19
10101,SUCRE,"mortalidad perinatal, neonatal e infantil",muerte fetal (obito) confirmada,2017-08-01,5,2,0,0,5,2,7
50303,TACOBAMBA,"mortalidad perinatal, neonatal e infantil",muerte fetal (obito) confirmada,2017-08-01,0,0,0,1,0,1,1
10601,TARABUCO,"mortalidad perinatal, neonatal e infantil",muerte fetal (obito) confirmada,2017-08-01,1,0,0,0,1,0,1
60101,TARIJA,"mortalidad perinatal, neonatal e infantil",muerte fetal (obito) confirmada,2017-08-01,1,1,0,0,1,1,2
50801,TUPIZA,"mortalidad perinatal, neonatal e infantil",muerte fetal (obito) confirmada,2017-08-01,1,0,0,0,1,0,1
51201,UYUNI,"mortalidad perinatal, neonatal e infantil",muerte fetal (obito) confirmada,2017-08-01,0,0,0,1,0,1,1
31003,VILLA TUNARI,"mortalidad perinatal, neonatal e infantil",muerte fetal (obito) confirmada,2017-08-01,2,0,0,0,2,0,2
60301,YACUIBA,"mortalidad perinatal, neonatal e infantil",muerte fetal (obito) confirmada,2017-08-01,1,0,0,0,1,0,1
10602,YAMPARAEZ,"mortalidad perinatal, neonatal e infantil",muerte fetal (obito) confirmada,2017-08-01,1,0,0,0,1,0,1
70403,YAPACANI,"mortalidad perinatal, neonatal e infantil",muerte fetal (obito) confirmada,2017-08-01,0,0,1,0,1,0,1
30201,AIQUILE,"mortalidad perinatal, neonatal e infantil",muerte fetal (obito) confirmada,2017-09-01,0,1,0,0,0,1,1
71501,ASCENCION DE GUARAYOS,"mortalidad perinatal, neonatal e infantil",muerte fetal (obito) confirmada,2017-09-01,0,0,1,0,1,0,1
30301,AYOPAYA (V. DE INDEPENDENCIA),"mortalidad perinatal, neonatal e infantil",muerte fetal (obito) confirmada,2017-09-01,1,0,0,0,1,0,1
22001,CARANAVI,"mortalidad perinatal, neonatal e infantil",muerte fetal (obito) confirmada,2017-09-01,0,0,1,0,1,0,1
40903,CHIPAYA,"mortalidad perinatal, neonatal e infantil",muerte fetal (obito) confirmada,2017-09-01,0,0,1,0,1,0,1
30801,CLIZA,"mortalidad perinatal, neonatal e infantil",muerte fetal (obito) confirmada,2017-09-01,0,1,0,0,0,1,1
90101,COBIJA,"mortalidad perinatal, neonatal e infantil",muerte fetal (obito) confirmada,2017-09-01,0,0,1,0,1,0,1
30101,COCHABAMBA,"mortalidad perinatal, neonatal e infantil",muerte fetal (obito) confirmada,2017-09-01,6,9,1,0,7,9,16
20105,EL ALTO,"mortalidad perinatal, neonatal e infantil",muerte fetal (obito) confirmada,2017-09-01,6,3,0,1,6,4,10
70705,GUTIERREZ,"mortalidad perinatal, neonatal e infantil",muerte fetal (obito) confirmada,2017-09-01,1,0,0,0,1,0,1
70104,LA GUARDIA,"mortalidad perinatal, neonatal e infantil",muerte fetal (obito) confirmada,2017-09-01,0,0,0,1,0,1,1
20101,LA PAZ,"mortalidad perinatal, neonatal e infantil",muerte fetal (obito) confirmada,2017-09-01,8,6,2,3,10,9,19
50203,LLALLAGUA,"mortalidad perinatal, neonatal e infantil",muerte fetal (obito) confirmada,2017-09-01,0,0,1,0,1,0,1
40101,ORURO,"mortalidad perinatal, neonatal e infantil",muerte fetal (obito) confirmada,2017-09-01,1,4,2,3,3,7,10
50101,POTOSI,"mortalidad perinatal, neonatal e infantil",muerte fetal (obito) confirmada,2017-09-01,0,2,0,0,0,2,2
51101,PUNA,"mortalidad perinatal, neonatal e infantil",muerte fetal (obito) confirmada,2017-09-01,0,1,0,0,0,1,1
70503,ROBORE,"mortalidad perinatal, neonatal e infantil",muerte fetal (obito) confirmada,2017-09-01,0,1,0,0,0,1,1
80304,RURRENABAQUE,"mortalidad perinatal, neonatal e infantil",muerte fetal (obito) confirmada,2017-09-01,0,1,0,0,0,1,1
70301,SAN IGNACIO DE VELASCO,"mortalidad perinatal, neonatal e infantil",muerte fetal (obito) confirmada,2017-09-01,0,0,1,0,1,0,1
10702,SAN LUCAS,"mortalidad perinatal, neonatal e infantil",muerte fetal (obito) confirmada,2017-09-01,1,0,0,2,1,2,3
80401,SANTA ANA,"mortalidad perinatal, neonatal e infantil",muerte fetal (obito) confirmada,2017-09-01,0,1,0,0,0,1,1
70101,SANTA CRUZ DE LA SIERRA,"mortalidad perinatal, neonatal e infantil",muerte fetal (obito) confirmada,2017-09-01,3,3,3,4,6,7,13
31602,SHINAOTA,"mortalidad perinatal, neonatal e infantil",muerte fetal (obito) confirmada,2017-09-01,0,1,0,0,0,1,1
10101,SUCRE,"mortalidad perinatal, neonatal e infantil",muerte fetal (obito) confirmada,2017-09-01,2,2,0,0,2,2,4
60101,TARIJA,"mortalidad perinatal, neonatal e infantil",muerte fetal (obito) confirmada,2017-09-01,1,0,0,0,1,0,1
50502,TORO TORO,"mortalidad perinatal, neonatal e infantil",muerte fetal (obito) confirmada,2017-09-01,1,0,0,0,1,0,1
50801,TUPIZA,"mortalidad perinatal, neonatal e infantil",muerte fetal (obito) confirmada,2017-09-01,1,0,0,0,1,0,1
51201,UYUNI,"mortalidad perinatal, neonatal e infantil",muerte fetal (obito) confirmada,2017-09-01,0,0,1,0,1,0,1
20801,VIACHA,"mortalidad perinatal, neonatal e infantil",muerte fetal (obito) confirmada,2017-09-01,0,1,0,0,0,1,1
10704,VILLA CHARCAS,"mortalidad perinatal, neonatal e infantil",muerte fetal (obito) confirmada,2017-09-01,0,0,0,1,0,1,1
10801,VILLA SERRANO,"mortalidad perinatal, neonatal e infantil",muerte fetal (obito) confirmada,2017-09-01,1,0,0,0,1,0,1
31003,VILLA TUNARI,"mortalidad perinatal, neonatal e infantil",muerte fetal (obito) confirmada,2017-09-01,0,1,0,0,0,1,1
70201,WARNES,"mortalidad perinatal, neonatal e infantil",muerte fetal (obito) confirmada,2017-09-01,1,0,0,0,1,0,1
60301,YACUIBA,"mortalidad perinatal, neonatal e infantil",muerte fetal (obito) confirmada,2017-09-01,1,1,0,0,1,1,2
70403,YAPACANI,"mortalidad perinatal, neonatal e infantil",muerte fetal (obito) confirmada,2017-09-01,1,0,0,0,1,0,1
20201,ACHACACHI,"mortalidad perinatal, neonatal e infantil",muerte fetal (obito) confirmada,2017-10-01,0,1,0,0,0,1,1
70706,CAMIRI,"mortalidad perinatal, neonatal e infantil",muerte fetal (obito) confirmada,2017-10-01,0,0,0,1,0,1,1
40201,CHALLAPATA,"mortalidad perinatal, neonatal e infantil",muerte fetal (obito) confirmada,2017-10-01,0,2,0,0,0,2,2
70702,CHARAGUA,"mortalidad perinatal, neonatal e infantil",muerte fetal (obito) confirmada,2017-10-01,1,2,0,0,1,2,3
20501,CHUMA,"mortalidad perinatal, neonatal e infantil",muerte fetal (obito) confirmada,2017-10-01,0,0,1,0,1,0,1
30101,COCHABAMBA,"mortalidad perinatal, neonatal e infantil",muerte fetal (obito) confirmada,2017-10-01,7,8,2,1,9,9,18
31002,COLOMI,"mortalidad perinatal, neonatal e infantil",muerte fetal (obito) confirmada,2017-10-01,0,0,0,1,0,1,1
71101,CONCEPCION,"mortalidad perinatal, neonatal e infantil",muerte fetal (obito) confirmada,2017-10-01,0,1,0,0,0,1,1
20105,EL ALTO,"mortalidad perinatal, neonatal e infantil",muerte fetal (obito) confirmada,2017-10-01,3,4,1,1,4,5,9
21601,GRAL. J.J. PEREZ (CHARAZANI),"mortalidad perinatal, neonatal e infantil",muerte fetal (obito) confirmada,2017-10-01,0,0,1,0,1,0,1
10304,ICLA,"mortalidad perinatal, neonatal e infantil",muerte fetal (obito) confirmada,2017-10-01,1,1,0,0,1,1,2
20101,LA PAZ,"mortalidad perinatal, neonatal e infantil",muerte fetal (obito) confirmada,2017-10-01,6,3,1,4,7,7,14
10501,MONTEAGUDO,"mortalidad perinatal, neonatal e infantil",muerte fetal (obito) confirmada,2017-10-01,0,1,0,0,0,1,1
30302,MOROCHATA,"mortalidad perinatal, neonatal e infantil",muerte fetal (obito) confirmada,2017-10-01,0,1,0,0,0,1,1
40101,ORURO,"mortalidad perinatal, neonatal e infantil",muerte fetal (obito) confirmada,2017-10-01,2,0,0,0,2,0,2
50101,POTOSI,"mortalidad perinatal, neonatal e infantil",muerte fetal (obito) confirmada,2017-10-01,3,3,0,0,3,3,6
31205,PUERTO VILLARROEL,"mortalidad perinatal, neonatal e infantil",muerte fetal (obito) confirmada,2017-10-01,1,0,1,1,2,1,3
51101,PUNA,"mortalidad perinatal, neonatal e infantil",muerte fetal (obito) confirmada,2017-10-01,0,0,1,0,1,0,1
80304,RURRENABAQUE,"mortalidad perinatal, neonatal e infantil",muerte fetal (obito) confirmada,2017-10-01,2,0,0,0,2,0,2
31001,SACABA,"mortalidad perinatal, neonatal e infantil",muerte fetal (obito) confirmada,2017-10-01,0,0,0,1,0,1,1
21502,SAN BUENA VENTURA,"mortalidad perinatal, neonatal e infantil",muerte fetal (obito) confirmada,2017-10-01,1,0,0,0,1,0,1
70402,SAN CARLOS,"mortalidad perinatal, neonatal e infantil",muerte fetal (obito) confirmada,2017-10-01,0,0,1,0,1,0,1
50501,SAN PEDRO DE BUENA VISTA,"mortalidad perinatal, neonatal e infantil",muerte fetal (obito) confirmada,2017-10-01,0,0,0,1,0,1,1
70101,SANTA CRUZ DE LA SIERRA,"mortalidad perinatal, neonatal e infantil",muerte fetal (obito) confirmada,2017-10-01,2,2,3,2,5,4,9
80303,SANTA ROSA,"mortalidad perinatal, neonatal e infantil",muerte fetal (obito) confirmada,2017-10-01,1,0,0,0,1,0,1
90303,SENA,"mortalidad perinatal, neonatal e infantil",muerte fetal (obito) confirmada,2017-10-01,0,0,1,0,1,0,1
30902,SIPE SIPE,"mortalidad perinatal, neonatal e infantil",muerte fetal (obito) confirmada,2017-10-01,0,0,0,1,0,1,1
10101,SUCRE,"mortalidad perinatal, neonatal e infantil",muerte fetal (obito) confirmada,2017-10-01,2,3,0,0,2,3,5
60101,TARIJA,"mortalidad perinatal, neonatal e infantil",muerte fetal (obito) confirmada,2017-10-01,1,0,0,0,1,0,1
50502,TORO TORO,"mortalidad perinatal, neonatal e infantil",muerte fetal (obito) confirmada,2017-10-01,0,0,0,1,0,1,1
80101,TRINIDAD,"mortalidad perinatal, neonatal e infantil",muerte fetal (obito) confirmada,2017-10-01,0,0,1,0,1,0,1
20801,VIACHA,"mortalidad perinatal, neonatal e infantil",muerte fetal (obito) confirmada,2017-10-01,0,1,0,0,0,1,1
31003,VILLA TUNARI,"mortalidad perinatal, neonatal e infantil",muerte fetal (obito) confirmada,2017-10-01,0,0,0,1,0,1,1
30904,VINTO,"mortalidad perinatal, neonatal e infantil",muerte fetal (obito) confirmada,2017-10-01,1,0,0,0,1,0,1
20306,WALDO BALLIVIAN,"mortalidad perinatal, neonatal e infantil",muerte fetal (obito) confirmada,2017-10-01,0,0,1,0,1,0,1
70403,YAPACANI,"mortalidad perinatal, neonatal e infantil",muerte fetal (obito) confirmada,2017-10-01,0,0,1,0,1,0,1
20203,CHUA COCANI,"mortalidad perinatal, neonatal e infantil",muerte fetal (obito) confirmada,2017-11-01,0,0,0,1,0,1,1
20501,CHUMA,"mortalidad perinatal, neonatal e infantil",muerte fetal (obito) confirmada,2017-11-01,1,0,0,0,1,0,1
30101,COCHABAMBA,"mortalidad perinatal, neonatal e infantil",muerte fetal (obito) confirmada,2017-11-01,8,6,0,0,8,6,14
20105,EL ALTO,"mortalidad perinatal, neonatal e infantil",muerte fetal (obito) confirmada,2017-11-01,7,4,4,5,11,9,20
60502,EL PUENTE(TJA),"mortalidad perinatal, neonatal e infantil",muerte fetal (obito) confirmada,2017-11-01,0,0,0,1,0,1,1
10304,ICLA,"mortalidad perinatal, neonatal e infantil",muerte fetal (obito) confirmada,2017-11-01,1,0,0,0,1,0,1
20101,LA PAZ,"mortalidad perinatal, neonatal e infantil",muerte fetal (obito) confirmada,2017-11-01,8,5,6,3,14,8,22
40101,ORURO,"mortalidad perinatal, neonatal e infantil",muerte fetal (obito) confirmada,2017-11-01,3,1,5,4,8,5,13
21104,PALOS BLANCOS,"mortalidad perinatal, neonatal e infantil",muerte fetal (obito) confirmada,2017-11-01,0,0,1,0,1,0,1
50101,POTOSI,"mortalidad perinatal, neonatal e infantil",muerte fetal (obito) confirmada,2017-11-01,2,1,0,0,2,1,3
31205,PUERTO VILLARROEL,"mortalidad perinatal, neonatal e infantil",muerte fetal (obito) confirmada,2017-11-01,0,0,2,2,2,2,4
50402,RAVELO,"mortalidad perinatal, neonatal e infantil",muerte fetal (obito) confirmada,2017-11-01,0,0,0,1,0,1,1
70503,ROBORE,"mortalidad perinatal, neonatal e infantil",muerte fetal (obito) confirmada,2017-11-01,1,1,0,0,1,1,2
31001,SACABA,"mortalidad perinatal, neonatal e infantil",muerte fetal (obito) confirmada,2017-11-01,0,0,1,0,1,0,1
70301,SAN IGNACIO DE VELASCO,"mortalidad perinatal, neonatal e infantil",muerte fetal (obito) confirmada,2017-11-01,0,0,0,3,0,3,3
70101,SANTA CRUZ DE LA SIERRA,"mortalidad perinatal, neonatal e infantil",muerte fetal (obito) confirmada,2017-11-01,8,2,0,2,8,4,12
10101,SUCRE,"mortalidad perinatal, neonatal e infantil",muerte fetal (obito) confirmada,2017-11-01,5,1,2,0,7,1,8
60101,TARIJA,"mortalidad perinatal, neonatal e infantil",muerte fetal (obito) confirmada,2017-11-01,0,1,0,0,0,1,1
80101,TRINIDAD,"mortalidad perinatal, neonatal e infantil",muerte fetal (obito) confirmada,2017-11-01,0,0,0,1,0,1,1
50801,TUPIZA,"mortalidad perinatal, neonatal e infantil",muerte fetal (obito) confirmada,2017-11-01,0,0,1,0,1,0,1
31003,VILLA TUNARI,"mortalidad perinatal, neonatal e infantil",muerte fetal (obito) confirmada,2017-11-01,1,0,0,0,1,0,1
51501,VILLAZON,"mortalidad perinatal, neonatal e infantil",muerte fetal (obito) confirmada,2017-11-01,0,0,0,1,0,1,1
60301,YACUIBA,"mortalidad perinatal, neonatal e infantil",muerte fetal (obito) confirmada,2017-11-01,2,1,0,0,2,1,3
21103,YANACACHI,"mortalidad perinatal, neonatal e infantil",muerte fetal (obito) confirmada,2017-11-01,0,0,1,0,1,0,1
70403,YAPACANI,"mortalidad perinatal, neonatal e infantil",muerte fetal (obito) confirmada,2017-11-01,0,0,1,0,1,0,1
10301,ZUDAÃ‘EZ,"mortalidad perinatal, neonatal e infantil",muerte fetal (obito) confirmada,2017-11-01,0,1,0,1,0,2,2
70703,CABEZAS,"mortalidad perinatal, neonatal e infantil",muerte fetal (obito) confirmada,2017-12-01,0,0,1,0,1,0,1
10701,CAMARGO,"mortalidad perinatal, neonatal e infantil",muerte fetal (obito) confirmada,2017-12-01,0,0,2,0,2,0,2
70706,CAMIRI,"mortalidad perinatal, neonatal e infantil",muerte fetal (obito) confirmada,2017-12-01,0,0,1,0,1,0,1
22001,CARANAVI,"mortalidad perinatal, neonatal e infantil",muerte fetal (obito) confirmada,2017-12-01,0,0,0,1,0,1,1
30101,COCHABAMBA,"mortalidad perinatal, neonatal e infantil",muerte fetal (obito) confirmada,2017-12-01,8,9,0,1,8,10,18
20105,EL ALTO,"mortalidad perinatal, neonatal e infantil",muerte fetal (obito) confirmada,2017-12-01,6,4,2,2,8,6,14
41101,EUCALIPTUS,"mortalidad perinatal, neonatal e infantil",muerte fetal (obito) confirmada,2017-12-01,0,1,0,0,0,1,1
70104,LA GUARDIA,"mortalidad perinatal, neonatal e infantil",muerte fetal (obito) confirmada,2017-12-01,0,0,1,0,1,0,1
20101,LA PAZ,"mortalidad perinatal, neonatal e infantil",muerte fetal (obito) confirmada,2017-12-01,3,6,3,2,6,8,14
70903,MAIRANA,"mortalidad perinatal, neonatal e infantil",muerte fetal (obito) confirmada,2017-12-01,0,1,0,0,0,1,1
71001,MONTERO,"mortalidad perinatal, neonatal e infantil",muerte fetal (obito) confirmada,2017-12-01,0,1,0,0,0,1,1
40101,ORURO,"mortalidad perinatal, neonatal e infantil",muerte fetal (obito) confirmada,2017-12-01,4,9,0,0,4,9,13
10401,PADILLA,"mortalidad perinatal, neonatal e infantil",muerte fetal (obito) confirmada,2017-12-01,0,1,0,1,0,2,2
21104,PALOS BLANCOS,"mortalidad perinatal, neonatal e infantil",muerte fetal (obito) confirmada,2017-12-01,0,0,0,1,0,1,1
50403,POCOATA,"mortalidad perinatal, neonatal e infantil",muerte fetal (obito) confirmada,2017-12-01,0,0,1,0,1,0,1
50101,POTOSI,"mortalidad perinatal, neonatal e infantil",muerte fetal (obito) confirmada,2017-12-01,0,2,0,0,0,2,2
71401,PUERTO SUAREZ,"mortalidad perinatal, neonatal e infantil",muerte fetal (obito) confirmada,2017-12-01,1,0,0,0,1,0,1
80301,REYES,"mortalidad perinatal, neonatal e infantil",muerte fetal (obito) confirmada,2017-12-01,0,1,0,0,0,1,1
80201,RIBERALTA,"mortalidad perinatal, neonatal e infantil",muerte fetal (obito) confirmada,2017-12-01,0,4,0,0,0,4,4
31001,SACABA,"mortalidad perinatal, neonatal e infantil",muerte fetal (obito) confirmada,2017-12-01,0,0,0,1,0,1,1
70101,SANTA CRUZ DE LA SIERRA,"mortalidad perinatal, neonatal e infantil",muerte fetal (obito) confirmada,2017-12-01,1,1,1,2,2,3,5
10101,SUCRE,"mortalidad perinatal, neonatal e infantil",muerte fetal (obito) confirmada,2017-12-01,4,1,0,0,4,1,5
60101,TARIJA,"mortalidad perinatal, neonatal e infantil",muerte fetal (obito) confirmada,2017-12-01,1,1,0,0,1,1,2
10202,TARVITA,"mortalidad perinatal, neonatal e infantil",muerte fetal (obito) confirmada,2017-12-01,0,0,0,1,0,1,1
20803,TIAWANACU,"mortalidad perinatal, neonatal e infantil",muerte fetal (obito) confirmada,2017-12-01,0,0,0,1,0,1,1
51201,UYUNI,"mortalidad perinatal, neonatal e infantil",muerte fetal (obito) confirmada,2017-12-01,0,0,0,1,0,1,1
31003,VILLA TUNARI,"mortalidad perinatal, neonatal e infantil",muerte fetal (obito) confirmada,2017-12-01,2,2,0,0,2,2,4
51501,VILLAZON,"mortalidad perinatal, neonatal e infantil",muerte fetal (obito) confirmada,2017-12-01,1,0,0,1,1,1,2
70201,WARNES,"mortalidad perinatal, neonatal e infantil",muerte fetal (obito) confirmada,2017-12-01,0,0,0,1,0,1,1
60301,YACUIBA,"mortalidad perinatal, neonatal e infantil",muerte fetal (obito) confirmada,2017-12-01,1,2,0,0,1,2,3
