codigo_municipio,municipio,grupo,variable,mes,dentro_masculino,dentro-1_femenino,fuera_masculino,fuera-1_femenino,totales_dentro,totales-1_fuera,totales-2_total
30101,COCHABAMBA,"mortalidad perinatal, neonatal e infantil",muerte fetal (obito) confirmada,2019-01-01,10,6,1,0,11,6,17
20105,EL ALTO,"mortalidad perinatal, neonatal e infantil",muerte fetal (obito) confirmada,2019-01-01,3,10,12,9,15,19,34
70105,EL TORNO,"mortalidad perinatal, neonatal e infantil",muerte fetal (obito) confirmada,2019-01-01,0,1,0,0,0,1,1
41101,EUCALIPTUS,"mortalidad perinatal, neonatal e infantil",muerte fetal (obito) confirmada,2019-01-01,0,0,0,1,0,1,1
20101,LA PAZ,"mortalidad perinatal, neonatal e infantil",muerte fetal (obito) confirmada,2019-01-01,3,4,2,1,5,5,10
10501,MONTEAGUDO,"mortalidad perinatal, neonatal e infantil",muerte fetal (obito) confirmada,2019-01-01,0,1,0,0,0,1,1
71001,MONTERO,"mortalidad perinatal, neonatal e infantil",muerte fetal (obito) confirmada,2019-01-01,2,0,0,0,2,0,2
40101,ORURO,"mortalidad perinatal, neonatal e infantil",muerte fetal (obito) confirmada,2019-01-01,2,2,0,0,2,2,4
50101,POTOSI,"mortalidad perinatal, neonatal e infantil",muerte fetal (obito) confirmada,2019-01-01,0,2,1,1,1,3,4
10302,PRESTO,"mortalidad perinatal, neonatal e infantil",muerte fetal (obito) confirmada,2019-01-01,0,0,0,1,0,1,1
31205,PUERTO VILLARROEL,"mortalidad perinatal, neonatal e infantil",muerte fetal (obito) confirmada,2019-01-01,3,0,0,0,3,0,3
30901,QUILLACOLLO,"mortalidad perinatal, neonatal e infantil",muerte fetal (obito) confirmada,2019-01-01,0,2,0,0,0,2,2
80201,RIBERALTA,"mortalidad perinatal, neonatal e infantil",muerte fetal (obito) confirmada,2019-01-01,1,1,0,0,1,1,2
31001,SACABA,"mortalidad perinatal, neonatal e infantil",muerte fetal (obito) confirmada,2019-01-01,0,1,0,3,0,4,4
21502,SAN BUENA VENTURA,"mortalidad perinatal, neonatal e infantil",muerte fetal (obito) confirmada,2019-01-01,0,0,0,1,0,1,1
70301,SAN IGNACIO DE VELASCO,"mortalidad perinatal, neonatal e infantil",muerte fetal (obito) confirmada,2019-01-01,0,0,1,1,1,1,2
10702,SAN LUCAS,"mortalidad perinatal, neonatal e infantil",muerte fetal (obito) confirmada,2019-01-01,0,0,1,0,1,0,1
70101,SANTA CRUZ DE LA SIERRA,"mortalidad perinatal, neonatal e infantil",muerte fetal (obito) confirmada,2019-01-01,4,5,3,1,7,6,13
10101,SUCRE,"mortalidad perinatal, neonatal e infantil",muerte fetal (obito) confirmada,2019-01-01,0,0,1,0,1,0,1
60101,TARIJA,"mortalidad perinatal, neonatal e infantil",muerte fetal (obito) confirmada,2019-01-01,2,1,0,0,2,1,3
51201,UYUNI,"mortalidad perinatal, neonatal e infantil",muerte fetal (obito) confirmada,2019-01-01,0,0,0,1,0,1,1
70801,VALLEGRANDE,"mortalidad perinatal, neonatal e infantil",muerte fetal (obito) confirmada,2019-01-01,0,0,1,0,1,0,1
31003,VILLA TUNARI,"mortalidad perinatal, neonatal e infantil",muerte fetal (obito) confirmada,2019-01-01,0,1,0,0,0,1,1
70403,YAPACANI,"mortalidad perinatal, neonatal e infantil",muerte fetal (obito) confirmada,2019-01-01,0,0,1,0,1,0,1
30801,CLIZA,"mortalidad perinatal, neonatal e infantil",muerte fetal (obito) confirmada,2019-02-01,0,0,1,0,1,0,1
30101,COCHABAMBA,"mortalidad perinatal, neonatal e infantil",muerte fetal (obito) confirmada,2019-02-01,5,8,2,0,7,8,15
20105,EL ALTO,"mortalidad perinatal, neonatal e infantil",muerte fetal (obito) confirmada,2019-02-01,3,3,9,9,12,12,24
20101,LA PAZ,"mortalidad perinatal, neonatal e infantil",muerte fetal (obito) confirmada,2019-02-01,4,3,3,2,7,5,12
10501,MONTEAGUDO,"mortalidad perinatal, neonatal e infantil",muerte fetal (obito) confirmada,2019-02-01,0,1,0,0,0,1,1
30203,OMEREQUE,"mortalidad perinatal, neonatal e infantil",muerte fetal (obito) confirmada,2019-02-01,0,1,0,0,0,1,1
40101,ORURO,"mortalidad perinatal, neonatal e infantil",muerte fetal (obito) confirmada,2019-02-01,2,3,0,0,2,3,5
50101,POTOSI,"mortalidad perinatal, neonatal e infantil",muerte fetal (obito) confirmada,2019-02-01,1,1,2,3,3,4,7
31205,PUERTO VILLARROEL,"mortalidad perinatal, neonatal e infantil",muerte fetal (obito) confirmada,2019-02-01,2,2,0,0,2,2,4
30901,QUILLACOLLO,"mortalidad perinatal, neonatal e infantil",muerte fetal (obito) confirmada,2019-02-01,1,2,0,0,1,2,3
50402,RAVELO,"mortalidad perinatal, neonatal e infantil",muerte fetal (obito) confirmada,2019-02-01,0,0,1,0,1,0,1
80301,REYES,"mortalidad perinatal, neonatal e infantil",muerte fetal (obito) confirmada,2019-02-01,0,1,0,0,0,1,1
80201,RIBERALTA,"mortalidad perinatal, neonatal e infantil",muerte fetal (obito) confirmada,2019-02-01,1,1,0,0,1,1,2
80304,RURRENABAQUE,"mortalidad perinatal, neonatal e infantil",muerte fetal (obito) confirmada,2019-02-01,1,0,0,0,1,0,1
80302,SAN BORJA,"mortalidad perinatal, neonatal e infantil",muerte fetal (obito) confirmada,2019-02-01,0,1,0,0,0,1,1
70402,SAN CARLOS,"mortalidad perinatal, neonatal e infantil",muerte fetal (obito) confirmada,2019-02-01,0,1,0,0,0,1,1
80501,SAN IGNACIO,"mortalidad perinatal, neonatal e infantil",muerte fetal (obito) confirmada,2019-02-01,0,1,0,0,0,1,1
70101,SANTA CRUZ DE LA SIERRA,"mortalidad perinatal, neonatal e infantil",muerte fetal (obito) confirmada,2019-02-01,6,3,2,1,8,4,12
10101,SUCRE,"mortalidad perinatal, neonatal e infantil",muerte fetal (obito) confirmada,2019-02-01,2,0,0,0,2,0,2
60101,TARIJA,"mortalidad perinatal, neonatal e infantil",muerte fetal (obito) confirmada,2019-02-01,1,1,0,0,1,1,2
30903,TIQUIPAYA,"mortalidad perinatal, neonatal e infantil",muerte fetal (obito) confirmada,2019-02-01,0,0,1,0,1,0,1
31003,VILLA TUNARI,"mortalidad perinatal, neonatal e infantil",muerte fetal (obito) confirmada,2019-02-01,0,1,0,0,0,1,1
51501,VILLAZON,"mortalidad perinatal, neonatal e infantil",muerte fetal (obito) confirmada,2019-02-01,0,2,0,0,0,2,2
30904,VINTO,"mortalidad perinatal, neonatal e infantil",muerte fetal (obito) confirmada,2019-02-01,1,0,0,0,1,0,1
10701,CAMARGO,"mortalidad perinatal, neonatal e infantil",muerte fetal (obito) confirmada,2019-03-01,0,0,0,1,0,1,1
30101,COCHABAMBA,"mortalidad perinatal, neonatal e infantil",muerte fetal (obito) confirmada,2019-03-01,10,6,2,1,12,7,19
70102,COTOCA,"mortalidad perinatal, neonatal e infantil",muerte fetal (obito) confirmada,2019-03-01,0,0,1,0,1,0,1
20105,EL ALTO,"mortalidad perinatal, neonatal e infantil",muerte fetal (obito) confirmada,2019-03-01,4,1,8,5,12,6,18
21102,IRUPANA (VILLA DE LANZA),"mortalidad perinatal, neonatal e infantil",muerte fetal (obito) confirmada,2019-03-01,0,1,0,0,0,1,1
20101,LA PAZ,"mortalidad perinatal, neonatal e infantil",muerte fetal (obito) confirmada,2019-03-01,3,0,2,1,5,1,6
20607,MAPIRI,"mortalidad perinatal, neonatal e infantil",muerte fetal (obito) confirmada,2019-03-01,1,0,0,0,1,0,1
20702,PELECHUCO,"mortalidad perinatal, neonatal e infantil",muerte fetal (obito) confirmada,2019-03-01,0,1,0,0,0,1,1
70601,PORTACHUELO,"mortalidad perinatal, neonatal e infantil",muerte fetal (obito) confirmada,2019-03-01,0,0,0,1,0,1,1
50101,POTOSI,"mortalidad perinatal, neonatal e infantil",muerte fetal (obito) confirmada,2019-03-01,1,0,3,0,4,0,4
31205,PUERTO VILLARROEL,"mortalidad perinatal, neonatal e infantil",muerte fetal (obito) confirmada,2019-03-01,1,1,0,0,1,1,2
31401,PUNATA,"mortalidad perinatal, neonatal e infantil",muerte fetal (obito) confirmada,2019-03-01,0,0,0,1,0,1,1
30901,QUILLACOLLO,"mortalidad perinatal, neonatal e infantil",muerte fetal (obito) confirmada,2019-03-01,0,3,0,0,0,3,3
31001,SACABA,"mortalidad perinatal, neonatal e infantil",muerte fetal (obito) confirmada,2019-03-01,1,0,2,0,3,0,3
10702,SAN LUCAS,"mortalidad perinatal, neonatal e infantil",muerte fetal (obito) confirmada,2019-03-01,0,0,1,0,1,0,1
71201,SAN MATIAS,"mortalidad perinatal, neonatal e infantil",muerte fetal (obito) confirmada,2019-03-01,0,0,1,0,1,0,1
80401,SANTA ANA,"mortalidad perinatal, neonatal e infantil",muerte fetal (obito) confirmada,2019-03-01,1,1,0,0,1,1,2
70101,SANTA CRUZ DE LA SIERRA,"mortalidad perinatal, neonatal e infantil",muerte fetal (obito) confirmada,2019-03-01,8,10,2,1,10,11,21
10101,SUCRE,"mortalidad perinatal, neonatal e infantil",muerte fetal (obito) confirmada,2019-03-01,1,0,0,1,1,1,2
10601,TARABUCO,"mortalidad perinatal, neonatal e infantil",muerte fetal (obito) confirmada,2019-03-01,0,0,0,1,0,1,1
60101,TARIJA,"mortalidad perinatal, neonatal e infantil",muerte fetal (obito) confirmada,2019-03-01,0,1,0,0,0,1,1
70403,YAPACANI,"mortalidad perinatal, neonatal e infantil",muerte fetal (obito) confirmada,2019-03-01,1,0,1,0,2,0,2
30101,COCHABAMBA,"mortalidad perinatal, neonatal e infantil",muerte fetal (obito) confirmada,2019-04-01,5,5,1,3,6,8,14
71301,COMARAPA,"mortalidad perinatal, neonatal e infantil",muerte fetal (obito) confirmada,2019-04-01,1,0,0,0,1,0,1
10902,CULPINA,"mortalidad perinatal, neonatal e infantil",muerte fetal (obito) confirmada,2019-04-01,0,0,0,1,0,1,1
20105,EL ALTO,"mortalidad perinatal, neonatal e infantil",muerte fetal (obito) confirmada,2019-04-01,4,3,9,6,13,9,22
21001,INQUISIVI,"mortalidad perinatal, neonatal e infantil",muerte fetal (obito) confirmada,2019-04-01,0,0,1,0,1,0,1
20101,LA PAZ,"mortalidad perinatal, neonatal e infantil",muerte fetal (obito) confirmada,2019-04-01,2,5,0,0,2,5,7
50203,LLALLAGUA,"mortalidad perinatal, neonatal e infantil",muerte fetal (obito) confirmada,2019-04-01,0,0,1,0,1,0,1
71001,MONTERO,"mortalidad perinatal, neonatal e infantil",muerte fetal (obito) confirmada,2019-04-01,0,2,0,0,0,2,2
40101,ORURO,"mortalidad perinatal, neonatal e infantil",muerte fetal (obito) confirmada,2019-04-01,1,1,0,0,1,1,2
50101,POTOSI,"mortalidad perinatal, neonatal e infantil",muerte fetal (obito) confirmada,2019-04-01,0,2,0,3,0,5,5
31205,PUERTO VILLARROEL,"mortalidad perinatal, neonatal e infantil",muerte fetal (obito) confirmada,2019-04-01,2,1,0,0,2,1,3
30901,QUILLACOLLO,"mortalidad perinatal, neonatal e infantil",muerte fetal (obito) confirmada,2019-04-01,1,4,0,0,1,4,5
70901,SAMAIPATA,"mortalidad perinatal, neonatal e infantil",muerte fetal (obito) confirmada,2019-04-01,1,1,0,0,1,1,2
70402,SAN CARLOS,"mortalidad perinatal, neonatal e infantil",muerte fetal (obito) confirmada,2019-04-01,1,1,0,0,1,1,2
70101,SANTA CRUZ DE LA SIERRA,"mortalidad perinatal, neonatal e infantil",muerte fetal (obito) confirmada,2019-04-01,6,3,0,0,6,3,9
10101,SUCRE,"mortalidad perinatal, neonatal e infantil",muerte fetal (obito) confirmada,2019-04-01,0,2,0,0,0,2,2
20803,TIAHUANACU,"mortalidad perinatal, neonatal e infantil",muerte fetal (obito) confirmada,2019-04-01,0,0,0,1,0,1,1
51201,UYUNI,"mortalidad perinatal, neonatal e infantil",muerte fetal (obito) confirmada,2019-04-01,0,0,1,0,1,0,1
31003,VILLA TUNARI,"mortalidad perinatal, neonatal e infantil",muerte fetal (obito) confirmada,2019-04-01,2,1,0,1,2,2,4
51501,VILLAZON,"mortalidad perinatal, neonatal e infantil",muerte fetal (obito) confirmada,2019-04-01,0,1,0,0,0,1,1
70403,YAPACANI,"mortalidad perinatal, neonatal e infantil",muerte fetal (obito) confirmada,2019-04-01,0,0,1,0,1,0,1
20201,ACHACACHI,"mortalidad perinatal, neonatal e infantil",muerte fetal (obito) confirmada,2019-05-01,0,0,1,0,1,0,1
30201,AIQUILE,"mortalidad perinatal, neonatal e infantil",muerte fetal (obito) confirmada,2019-05-01,1,0,0,0,1,0,1
21304,CALAMARCA,"mortalidad perinatal, neonatal e infantil",muerte fetal (obito) confirmada,2019-05-01,1,0,0,0,1,0,1
22001,CARANAVI,"mortalidad perinatal, neonatal e infantil",muerte fetal (obito) confirmada,2019-05-01,1,0,0,0,1,0,1
30101,COCHABAMBA,"mortalidad perinatal, neonatal e infantil",muerte fetal (obito) confirmada,2019-05-01,3,7,1,0,4,7,11
31002,COLOMI,"mortalidad perinatal, neonatal e infantil",muerte fetal (obito) confirmada,2019-05-01,1,0,0,0,1,0,1
71301,COMARAPA,"mortalidad perinatal, neonatal e infantil",muerte fetal (obito) confirmada,2019-05-01,1,0,0,0,1,0,1
20105,EL ALTO,"mortalidad perinatal, neonatal e infantil",muerte fetal (obito) confirmada,2019-05-01,2,2,6,3,8,5,13
21001,INQUISIVI,"mortalidad perinatal, neonatal e infantil",muerte fetal (obito) confirmada,2019-05-01,0,1,0,0,0,1,1
20101,LA PAZ,"mortalidad perinatal, neonatal e infantil",muerte fetal (obito) confirmada,2019-05-01,3,5,7,1,10,6,16
50203,LLALLAGUA,"mortalidad perinatal, neonatal e infantil",muerte fetal (obito) confirmada,2019-05-01,0,0,1,1,1,1,2
71001,MONTERO,"mortalidad perinatal, neonatal e infantil",muerte fetal (obito) confirmada,2019-05-01,0,1,0,0,0,1,1
40101,ORURO,"mortalidad perinatal, neonatal e infantil",muerte fetal (obito) confirmada,2019-05-01,2,1,0,0,2,1,3
50101,POTOSI,"mortalidad perinatal, neonatal e infantil",muerte fetal (obito) confirmada,2019-05-01,1,1,2,3,3,4,7
31401,PUNATA,"mortalidad perinatal, neonatal e infantil",muerte fetal (obito) confirmada,2019-05-01,0,0,1,0,1,0,1
30901,QUILLACOLLO,"mortalidad perinatal, neonatal e infantil",muerte fetal (obito) confirmada,2019-05-01,1,1,0,0,1,1,2
70503,ROBORE,"mortalidad perinatal, neonatal e infantil",muerte fetal (obito) confirmada,2019-05-01,0,1,0,0,0,1,1
70901,SAMAIPATA,"mortalidad perinatal, neonatal e infantil",muerte fetal (obito) confirmada,2019-05-01,0,1,0,0,0,1,1
21502,SAN BUENA VENTURA,"mortalidad perinatal, neonatal e infantil",muerte fetal (obito) confirmada,2019-05-01,0,1,0,0,0,1,1
71102,SAN JAVIER(STC),"mortalidad perinatal, neonatal e infantil",muerte fetal (obito) confirmada,2019-05-01,2,0,0,0,2,0,2
10702,SAN LUCAS,"mortalidad perinatal, neonatal e infantil",muerte fetal (obito) confirmada,2019-05-01,0,0,0,1,0,1,1
50501,SAN PEDRO DE BUENA VISTA,"mortalidad perinatal, neonatal e infantil",muerte fetal (obito) confirmada,2019-05-01,0,1,0,0,0,1,1
70101,SANTA CRUZ DE LA SIERRA,"mortalidad perinatal, neonatal e infantil",muerte fetal (obito) confirmada,2019-05-01,1,6,5,1,6,7,13
80303,SANTA ROSA,"mortalidad perinatal, neonatal e infantil",muerte fetal (obito) confirmada,2019-05-01,0,1,0,0,0,1,1
10101,SUCRE,"mortalidad perinatal, neonatal e infantil",muerte fetal (obito) confirmada,2019-05-01,2,0,0,0,2,0,2
10601,TARABUCO,"mortalidad perinatal, neonatal e infantil",muerte fetal (obito) confirmada,2019-05-01,0,0,0,1,0,1,1
30903,TIQUIPAYA,"mortalidad perinatal, neonatal e infantil",muerte fetal (obito) confirmada,2019-05-01,0,1,0,0,0,1,1
50801,TUPIZA,"mortalidad perinatal, neonatal e infantil",muerte fetal (obito) confirmada,2019-05-01,0,1,0,0,0,1,1
51201,UYUNI,"mortalidad perinatal, neonatal e infantil",muerte fetal (obito) confirmada,2019-05-01,0,0,2,0,2,0,2
70801,VALLEGRANDE,"mortalidad perinatal, neonatal e infantil",muerte fetal (obito) confirmada,2019-05-01,1,0,0,0,1,0,1
31003,VILLA TUNARI,"mortalidad perinatal, neonatal e infantil",muerte fetal (obito) confirmada,2019-05-01,1,0,0,0,1,0,1
51501,VILLAZON,"mortalidad perinatal, neonatal e infantil",muerte fetal (obito) confirmada,2019-05-01,1,0,0,0,1,0,1
30904,VINTO,"mortalidad perinatal, neonatal e infantil",muerte fetal (obito) confirmada,2019-05-01,1,0,0,0,1,0,1
70403,YAPACANI,"mortalidad perinatal, neonatal e infantil",muerte fetal (obito) confirmada,2019-05-01,0,1,0,0,0,1,1
20201,ACHACACHI,"mortalidad perinatal, neonatal e infantil",muerte fetal (obito) confirmada,2019-06-01,0,0,1,0,1,0,1
30201,AIQUILE,"mortalidad perinatal, neonatal e infantil",muerte fetal (obito) confirmada,2019-06-01,1,0,0,0,1,0,1
30701,CAPINOTA,"mortalidad perinatal, neonatal e infantil",muerte fetal (obito) confirmada,2019-06-01,0,0,0,1,0,1,1
22001,CARANAVI,"mortalidad perinatal, neonatal e infantil",muerte fetal (obito) confirmada,2019-06-01,2,0,0,1,2,1,3
30101,COCHABAMBA,"mortalidad perinatal, neonatal e infantil",muerte fetal (obito) confirmada,2019-06-01,4,5,0,0,4,5,9
20105,EL ALTO,"mortalidad perinatal, neonatal e infantil",muerte fetal (obito) confirmada,2019-06-01,3,4,7,4,10,8,18
10304,ICLA,"mortalidad perinatal, neonatal e infantil",muerte fetal (obito) confirmada,2019-06-01,0,0,0,1,0,1,1
20101,LA PAZ,"mortalidad perinatal, neonatal e infantil",muerte fetal (obito) confirmada,2019-06-01,2,3,3,2,5,5,10
10501,MONTEAGUDO,"mortalidad perinatal, neonatal e infantil",muerte fetal (obito) confirmada,2019-06-01,1,0,0,0,1,0,1
40101,ORURO,"mortalidad perinatal, neonatal e infantil",muerte fetal (obito) confirmada,2019-06-01,1,1,0,0,1,1,2
70601,PORTACHUELO,"mortalidad perinatal, neonatal e infantil",muerte fetal (obito) confirmada,2019-06-01,0,0,0,1,0,1,1
50101,POTOSI,"mortalidad perinatal, neonatal e infantil",muerte fetal (obito) confirmada,2019-06-01,1,0,1,1,2,1,3
31205,PUERTO VILLARROEL,"mortalidad perinatal, neonatal e infantil",muerte fetal (obito) confirmada,2019-06-01,3,0,0,0,3,0,3
31401,PUNATA,"mortalidad perinatal, neonatal e infantil",muerte fetal (obito) confirmada,2019-06-01,0,0,1,1,1,1,2
30901,QUILLACOLLO,"mortalidad perinatal, neonatal e infantil",muerte fetal (obito) confirmada,2019-06-01,0,2,0,0,0,2,2
80201,RIBERALTA,"mortalidad perinatal, neonatal e infantil",muerte fetal (obito) confirmada,2019-06-01,5,0,0,0,5,0,5
31001,SACABA,"mortalidad perinatal, neonatal e infantil",muerte fetal (obito) confirmada,2019-06-01,1,0,0,2,1,2,3
80302,SAN BORJA,"mortalidad perinatal, neonatal e infantil",muerte fetal (obito) confirmada,2019-06-01,1,0,0,0,1,0,1
70301,SAN IGNACIO DE VELASCO,"mortalidad perinatal, neonatal e infantil",muerte fetal (obito) confirmada,2019-06-01,0,1,0,0,0,1,1
70101,SANTA CRUZ DE LA SIERRA,"mortalidad perinatal, neonatal e infantil",muerte fetal (obito) confirmada,2019-06-01,3,2,0,0,3,2,5
10101,SUCRE,"mortalidad perinatal, neonatal e infantil",muerte fetal (obito) confirmada,2019-06-01,0,2,0,0,0,2,2
31003,VILLA TUNARI,"mortalidad perinatal, neonatal e infantil",muerte fetal (obito) confirmada,2019-06-01,1,0,0,0,1,0,1
51501,VILLAZON,"mortalidad perinatal, neonatal e infantil",muerte fetal (obito) confirmada,2019-06-01,0,1,0,0,0,1,1
70403,YAPACANI,"mortalidad perinatal, neonatal e infantil",muerte fetal (obito) confirmada,2019-06-01,0,0,1,0,1,0,1
71501,ASCENCION DE GUARAYOS,"mortalidad perinatal, neonatal e infantil",muerte fetal (obito) confirmada,2019-07-01,0,0,0,1,0,1,1
30801,CLIZA,"mortalidad perinatal, neonatal e infantil",muerte fetal (obito) confirmada,2019-07-01,0,0,1,0,1,0,1
30101,COCHABAMBA,"mortalidad perinatal, neonatal e infantil",muerte fetal (obito) confirmada,2019-07-01,2,6,4,1,6,7,13
20105,EL ALTO,"mortalidad perinatal, neonatal e infantil",muerte fetal (obito) confirmada,2019-07-01,2,5,12,8,14,13,27
70105,EL TORNO,"mortalidad perinatal, neonatal e infantil",muerte fetal (obito) confirmada,2019-07-01,1,0,0,0,1,0,1
10304,ICLA,"mortalidad perinatal, neonatal e infantil",muerte fetal (obito) confirmada,2019-07-01,1,0,0,0,1,0,1
21102,IRUPANA (VILLA DE LANZA),"mortalidad perinatal, neonatal e infantil",muerte fetal (obito) confirmada,2019-07-01,0,1,0,1,0,2,2
20101,LA PAZ,"mortalidad perinatal, neonatal e infantil",muerte fetal (obito) confirmada,2019-07-01,0,4,6,2,6,6,12
50203,LLALLAGUA,"mortalidad perinatal, neonatal e infantil",muerte fetal (obito) confirmada,2019-07-01,1,0,0,0,1,0,1
40101,ORURO,"mortalidad perinatal, neonatal e infantil",muerte fetal (obito) confirmada,2019-07-01,4,1,0,0,4,1,5
50101,POTOSI,"mortalidad perinatal, neonatal e infantil",muerte fetal (obito) confirmada,2019-07-01,6,1,0,0,6,1,7
31205,PUERTO VILLARROEL,"mortalidad perinatal, neonatal e infantil",muerte fetal (obito) confirmada,2019-07-01,1,1,0,0,1,1,2
31401,PUNATA,"mortalidad perinatal, neonatal e infantil",muerte fetal (obito) confirmada,2019-07-01,1,0,0,0,1,0,1
30901,QUILLACOLLO,"mortalidad perinatal, neonatal e infantil",muerte fetal (obito) confirmada,2019-07-01,2,2,0,0,2,2,4
80201,RIBERALTA,"mortalidad perinatal, neonatal e infantil",muerte fetal (obito) confirmada,2019-07-01,1,2,0,0,1,2,3
80304,RURRENABAQUE,"mortalidad perinatal, neonatal e infantil",muerte fetal (obito) confirmada,2019-07-01,3,0,0,0,3,0,3
31001,SACABA,"mortalidad perinatal, neonatal e infantil",muerte fetal (obito) confirmada,2019-07-01,1,0,0,0,1,0,1
70402,SAN CARLOS,"mortalidad perinatal, neonatal e infantil",muerte fetal (obito) confirmada,2019-07-01,0,1,0,0,0,1,1
10702,SAN LUCAS,"mortalidad perinatal, neonatal e infantil",muerte fetal (obito) confirmada,2019-07-01,0,0,0,1,0,1,1
70101,SANTA CRUZ DE LA SIERRA,"mortalidad perinatal, neonatal e infantil",muerte fetal (obito) confirmada,2019-07-01,10,3,1,0,11,3,14
10101,SUCRE,"mortalidad perinatal, neonatal e infantil",muerte fetal (obito) confirmada,2019-07-01,3,2,0,0,3,2,5
10402,TOMINA,"mortalidad perinatal, neonatal e infantil",muerte fetal (obito) confirmada,2019-07-01,0,0,0,1,0,1,1
31003,VILLA TUNARI,"mortalidad perinatal, neonatal e infantil",muerte fetal (obito) confirmada,2019-07-01,0,0,0,1,0,1,1
10701,CAMARGO,"mortalidad perinatal, neonatal e infantil",muerte fetal (obito) confirmada,2019-08-01,0,0,2,0,2,0,2
30801,CLIZA,"mortalidad perinatal, neonatal e infantil",muerte fetal (obito) confirmada,2019-08-01,0,0,0,1,0,1,1
30101,COCHABAMBA,"mortalidad perinatal, neonatal e infantil",muerte fetal (obito) confirmada,2019-08-01,3,2,1,0,4,2,6
20105,EL ALTO,"mortalidad perinatal, neonatal e infantil",muerte fetal (obito) confirmada,2019-08-01,0,0,7,3,7,3,10
20101,LA PAZ,"mortalidad perinatal, neonatal e infantil",muerte fetal (obito) confirmada,2019-08-01,3,1,5,1,8,2,10
71001,MONTERO,"mortalidad perinatal, neonatal e infantil",muerte fetal (obito) confirmada,2019-08-01,0,1,0,0,0,1,1
40101,ORURO,"mortalidad perinatal, neonatal e infantil",muerte fetal (obito) confirmada,2019-08-01,2,2,0,0,2,2,4
50101,POTOSI,"mortalidad perinatal, neonatal e infantil",muerte fetal (obito) confirmada,2019-08-01,1,1,1,3,2,4,6
31205,PUERTO VILLARROEL,"mortalidad perinatal, neonatal e infantil",muerte fetal (obito) confirmada,2019-08-01,0,2,0,0,0,2,2
31401,PUNATA,"mortalidad perinatal, neonatal e infantil",muerte fetal (obito) confirmada,2019-08-01,1,1,2,0,3,1,4
30901,QUILLACOLLO,"mortalidad perinatal, neonatal e infantil",muerte fetal (obito) confirmada,2019-08-01,0,1,0,0,0,1,1
80201,RIBERALTA,"mortalidad perinatal, neonatal e infantil",muerte fetal (obito) confirmada,2019-08-01,5,1,0,0,5,1,6
80304,RURRENABAQUE,"mortalidad perinatal, neonatal e infantil",muerte fetal (obito) confirmada,2019-08-01,2,1,0,0,2,1,3
70301,SAN IGNACIO DE VELASCO,"mortalidad perinatal, neonatal e infantil",muerte fetal (obito) confirmada,2019-08-01,0,2,0,0,0,2,2
10702,SAN LUCAS,"mortalidad perinatal, neonatal e infantil",muerte fetal (obito) confirmada,2019-08-01,0,0,2,0,2,0,2
70101,SANTA CRUZ DE LA SIERRA,"mortalidad perinatal, neonatal e infantil",muerte fetal (obito) confirmada,2019-08-01,2,2,3,2,5,4,9
10101,SUCRE,"mortalidad perinatal, neonatal e infantil",muerte fetal (obito) confirmada,2019-08-01,1,2,1,2,2,4,6
51201,UYUNI,"mortalidad perinatal, neonatal e infantil",muerte fetal (obito) confirmada,2019-08-01,0,0,1,0,1,0,1
71501,ASCENCION DE GUARAYOS,"mortalidad perinatal, neonatal e infantil",muerte fetal (obito) confirmada,2019-09-01,0,0,1,0,1,0,1
30101,COCHABAMBA,"mortalidad perinatal, neonatal e infantil",muerte fetal (obito) confirmada,2019-09-01,4,5,0,0,4,5,9
71106,CUATRO CAÑADAS,"mortalidad perinatal, neonatal e infantil",muerte fetal (obito) confirmada,2019-09-01,0,1,0,0,0,1,1
20105,EL ALTO,"mortalidad perinatal, neonatal e infantil",muerte fetal (obito) confirmada,2019-09-01,3,1,2,6,5,7,12
80402,EXALTACION,"mortalidad perinatal, neonatal e infantil",muerte fetal (obito) confirmada,2019-09-01,0,1,0,0,0,1,1
21601,GRAL. J.J. PEREZ (CHARAZANI),"mortalidad perinatal, neonatal e infantil",muerte fetal (obito) confirmada,2019-09-01,0,0,1,0,1,0,1
80202,GUAYARAMERIN,"mortalidad perinatal, neonatal e infantil",muerte fetal (obito) confirmada,2019-09-01,0,1,0,0,0,1,1
20101,LA PAZ,"mortalidad perinatal, neonatal e infantil",muerte fetal (obito) confirmada,2019-09-01,6,3,4,1,10,4,14
10501,MONTEAGUDO,"mortalidad perinatal, neonatal e infantil",muerte fetal (obito) confirmada,2019-09-01,1,0,0,0,1,0,1
30302,MOROCHATA,"mortalidad perinatal, neonatal e infantil",muerte fetal (obito) confirmada,2019-09-01,0,1,0,0,0,1,1
40101,ORURO,"mortalidad perinatal, neonatal e infantil",muerte fetal (obito) confirmada,2019-09-01,0,2,0,1,0,3,3
70902,PAMPA GRANDE,"mortalidad perinatal, neonatal e infantil",muerte fetal (obito) confirmada,2019-09-01,0,1,0,0,0,1,1
50101,POTOSI,"mortalidad perinatal, neonatal e infantil",muerte fetal (obito) confirmada,2019-09-01,0,2,0,2,0,4,4
31205,PUERTO VILLARROEL,"mortalidad perinatal, neonatal e infantil",muerte fetal (obito) confirmada,2019-09-01,1,1,0,0,1,1,2
30901,QUILLACOLLO,"mortalidad perinatal, neonatal e infantil",muerte fetal (obito) confirmada,2019-09-01,1,0,0,0,1,0,1
80201,RIBERALTA,"mortalidad perinatal, neonatal e infantil",muerte fetal (obito) confirmada,2019-09-01,0,3,0,0,0,3,3
80304,RURRENABAQUE,"mortalidad perinatal, neonatal e infantil",muerte fetal (obito) confirmada,2019-09-01,3,0,0,0,3,0,3
31001,SACABA,"mortalidad perinatal, neonatal e infantil",muerte fetal (obito) confirmada,2019-09-01,0,1,0,0,0,1,1
80302,SAN BORJA,"mortalidad perinatal, neonatal e infantil",muerte fetal (obito) confirmada,2019-09-01,0,1,0,0,0,1,1
70301,SAN IGNACIO DE VELASCO,"mortalidad perinatal, neonatal e infantil",muerte fetal (obito) confirmada,2019-09-01,0,2,0,0,0,2,2
70101,SANTA CRUZ DE LA SIERRA,"mortalidad perinatal, neonatal e infantil",muerte fetal (obito) confirmada,2019-09-01,3,0,2,2,5,2,7
10101,SUCRE,"mortalidad perinatal, neonatal e infantil",muerte fetal (obito) confirmada,2019-09-01,0,1,1,1,1,2,3
10601,TARABUCO,"mortalidad perinatal, neonatal e infantil",muerte fetal (obito) confirmada,2019-09-01,0,0,1,0,1,0,1
60101,TARIJA,"mortalidad perinatal, neonatal e infantil",muerte fetal (obito) confirmada,2019-09-01,2,1,0,0,2,1,3
50801,TUPIZA,"mortalidad perinatal, neonatal e infantil",muerte fetal (obito) confirmada,2019-09-01,0,1,0,0,0,1,1
51501,VILLAZON,"mortalidad perinatal, neonatal e infantil",muerte fetal (obito) confirmada,2019-09-01,0,1,0,0,0,1,1
70403,YAPACANI,"mortalidad perinatal, neonatal e infantil",muerte fetal (obito) confirmada,2019-09-01,0,0,0,1,0,1,1
71501,ASCENCION DE GUARAYOS,"mortalidad perinatal, neonatal e infantil",muerte fetal (obito) confirmada,2019-10-01,1,1,0,2,1,3,4
21003,CAJUATA,"mortalidad perinatal, neonatal e infantil",muerte fetal (obito) confirmada,2019-10-01,0,0,0,1,0,1,1
22001,CARANAVI,"mortalidad perinatal, neonatal e infantil",muerte fetal (obito) confirmada,2019-10-01,0,1,0,2,0,3,3
21101,CHULUMANI (V. DE LA LIBERTAD),"mortalidad perinatal, neonatal e infantil",muerte fetal (obito) confirmada,2019-10-01,0,0,0,1,0,1,1
90101,COBIJA,"mortalidad perinatal, neonatal e infantil",muerte fetal (obito) confirmada,2019-10-01,1,0,0,0,1,0,1
30101,COCHABAMBA,"mortalidad perinatal, neonatal e infantil",muerte fetal (obito) confirmada,2019-10-01,10,6,0,3,10,9,19
20105,EL ALTO,"mortalidad perinatal, neonatal e infantil",muerte fetal (obito) confirmada,2019-10-01,4,4,6,9,10,13,23
20101,LA PAZ,"mortalidad perinatal, neonatal e infantil",muerte fetal (obito) confirmada,2019-10-01,6,5,4,1,10,6,16
20402,MOCOMOCO,"mortalidad perinatal, neonatal e infantil",muerte fetal (obito) confirmada,2019-10-01,0,0,0,1,0,1,1
71001,MONTERO,"mortalidad perinatal, neonatal e infantil",muerte fetal (obito) confirmada,2019-10-01,1,0,0,0,1,0,1
40101,ORURO,"mortalidad perinatal, neonatal e infantil",muerte fetal (obito) confirmada,2019-10-01,1,2,0,0,1,2,3
50101,POTOSI,"mortalidad perinatal, neonatal e infantil",muerte fetal (obito) confirmada,2019-10-01,0,1,1,1,1,2,3
31205,PUERTO VILLARROEL,"mortalidad perinatal, neonatal e infantil",muerte fetal (obito) confirmada,2019-10-01,3,1,0,0,3,1,4
30901,QUILLACOLLO,"mortalidad perinatal, neonatal e infantil",muerte fetal (obito) confirmada,2019-10-01,1,2,0,0,1,2,3
80201,RIBERALTA,"mortalidad perinatal, neonatal e infantil",muerte fetal (obito) confirmada,2019-10-01,1,1,0,0,1,1,2
31001,SACABA,"mortalidad perinatal, neonatal e infantil",muerte fetal (obito) confirmada,2019-10-01,0,0,1,0,1,0,1
80302,SAN BORJA,"mortalidad perinatal, neonatal e infantil",muerte fetal (obito) confirmada,2019-10-01,0,1,0,0,0,1,1
21502,SAN BUENA VENTURA,"mortalidad perinatal, neonatal e infantil",muerte fetal (obito) confirmada,2019-10-01,0,0,1,0,1,0,1
70301,SAN IGNACIO DE VELASCO,"mortalidad perinatal, neonatal e infantil",muerte fetal (obito) confirmada,2019-10-01,0,0,0,1,0,1,1
71102,SAN JAVIER(STC),"mortalidad perinatal, neonatal e infantil",muerte fetal (obito) confirmada,2019-10-01,0,1,0,0,0,1,1
70101,SANTA CRUZ DE LA SIERRA,"mortalidad perinatal, neonatal e infantil",muerte fetal (obito) confirmada,2019-10-01,8,4,0,0,8,4,12
90303,SENA,"mortalidad perinatal, neonatal e infantil",muerte fetal (obito) confirmada,2019-10-01,0,1,0,0,0,1,1
10101,SUCRE,"mortalidad perinatal, neonatal e infantil",muerte fetal (obito) confirmada,2019-10-01,1,2,0,0,1,2,3
10601,TARABUCO,"mortalidad perinatal, neonatal e infantil",muerte fetal (obito) confirmada,2019-10-01,0,0,0,1,0,1,1
51202,TOMAVE,"mortalidad perinatal, neonatal e infantil",muerte fetal (obito) confirmada,2019-10-01,1,0,0,0,1,0,1
10402,TOMINA,"mortalidad perinatal, neonatal e infantil",muerte fetal (obito) confirmada,2019-10-01,0,0,0,1,0,1,1
31201,TOTORA(CBBA),"mortalidad perinatal, neonatal e infantil",muerte fetal (obito) confirmada,2019-10-01,0,1,0,0,0,1,1
80101,TRINIDAD,"mortalidad perinatal, neonatal e infantil",muerte fetal (obito) confirmada,2019-10-01,0,1,0,0,0,1,1
50801,TUPIZA,"mortalidad perinatal, neonatal e infantil",muerte fetal (obito) confirmada,2019-10-01,0,1,0,0,0,1,1
51201,UYUNI,"mortalidad perinatal, neonatal e infantil",muerte fetal (obito) confirmada,2019-10-01,0,2,0,2,0,4,4
70801,VALLEGRANDE,"mortalidad perinatal, neonatal e infantil",muerte fetal (obito) confirmada,2019-10-01,1,0,0,0,1,0,1
10704,VILLA CHARCAS,"mortalidad perinatal, neonatal e infantil",muerte fetal (obito) confirmada,2019-10-01,0,0,1,1,1,1,2
31003,VILLA TUNARI,"mortalidad perinatal, neonatal e infantil",muerte fetal (obito) confirmada,2019-10-01,1,0,0,0,1,0,1
51501,VILLAZON,"mortalidad perinatal, neonatal e infantil",muerte fetal (obito) confirmada,2019-10-01,0,1,0,0,0,1,1
70403,YAPACANI,"mortalidad perinatal, neonatal e infantil",muerte fetal (obito) confirmada,2019-10-01,0,0,2,0,2,0,2
71501,ASCENCION DE GUARAYOS,"mortalidad perinatal, neonatal e infantil",muerte fetal (obito) confirmada,2019-11-01,0,0,2,1,2,1,3
20502,AYATA,"mortalidad perinatal, neonatal e infantil",muerte fetal (obito) confirmada,2019-11-01,1,0,0,0,1,0,1
30301,AYOPAYA (V. DE INDEPENDENCIA),"mortalidad perinatal, neonatal e infantil",muerte fetal (obito) confirmada,2019-11-01,0,0,0,1,0,1,1
10701,CAMARGO,"mortalidad perinatal, neonatal e infantil",muerte fetal (obito) confirmada,2019-11-01,0,0,0,1,0,1,1
30701,CAPINOTA,"mortalidad perinatal, neonatal e infantil",muerte fetal (obito) confirmada,2019-11-01,0,0,1,0,1,0,1
40201,CHALLAPATA,"mortalidad perinatal, neonatal e infantil",muerte fetal (obito) confirmada,2019-11-01,0,0,1,0,1,0,1
30101,COCHABAMBA,"mortalidad perinatal, neonatal e infantil",muerte fetal (obito) confirmada,2019-11-01,9,9,0,1,9,10,19
50401,COLQUECHACA,"mortalidad perinatal, neonatal e infantil",muerte fetal (obito) confirmada,2019-11-01,0,0,0,1,0,1,1
70704,CUEVO,"mortalidad perinatal, neonatal e infantil",muerte fetal (obito) confirmada,2019-11-01,0,1,0,0,0,1,1
20105,EL ALTO,"mortalidad perinatal, neonatal e infantil",muerte fetal (obito) confirmada,2019-11-01,3,0,7,4,10,4,14
70105,EL TORNO,"mortalidad perinatal, neonatal e infantil",muerte fetal (obito) confirmada,2019-11-01,1,0,0,0,1,0,1
20602,GUANAY,"mortalidad perinatal, neonatal e infantil",muerte fetal (obito) confirmada,2019-11-01,0,1,0,0,0,1,1
80202,GUAYARAMERIN,"mortalidad perinatal, neonatal e infantil",muerte fetal (obito) confirmada,2019-11-01,1,0,0,0,1,0,1
20101,LA PAZ,"mortalidad perinatal, neonatal e infantil",muerte fetal (obito) confirmada,2019-11-01,2,1,3,4,5,5,10
50203,LLALLAGUA,"mortalidad perinatal, neonatal e infantil",muerte fetal (obito) confirmada,2019-11-01,1,0,0,0,1,0,1
10501,MONTEAGUDO,"mortalidad perinatal, neonatal e infantil",muerte fetal (obito) confirmada,2019-11-01,0,1,0,0,0,1,1
71001,MONTERO,"mortalidad perinatal, neonatal e infantil",muerte fetal (obito) confirmada,2019-11-01,0,0,1,0,1,0,1
40101,ORURO,"mortalidad perinatal, neonatal e infantil",muerte fetal (obito) confirmada,2019-11-01,3,1,0,0,3,1,4
50101,POTOSI,"mortalidad perinatal, neonatal e infantil",muerte fetal (obito) confirmada,2019-11-01,1,1,1,4,2,5,7
31205,PUERTO VILLARROEL,"mortalidad perinatal, neonatal e infantil",muerte fetal (obito) confirmada,2019-11-01,1,1,0,0,1,1,2
30901,QUILLACOLLO,"mortalidad perinatal, neonatal e infantil",muerte fetal (obito) confirmada,2019-11-01,1,4,0,0,1,4,5
50402,RAVELO,"mortalidad perinatal, neonatal e infantil",muerte fetal (obito) confirmada,2019-11-01,0,0,0,1,0,1,1
80201,RIBERALTA,"mortalidad perinatal, neonatal e infantil",muerte fetal (obito) confirmada,2019-11-01,2,1,0,1,2,2,4
31001,SACABA,"mortalidad perinatal, neonatal e infantil",muerte fetal (obito) confirmada,2019-11-01,1,0,2,0,3,0,3
70301,SAN IGNACIO DE VELASCO,"mortalidad perinatal, neonatal e infantil",muerte fetal (obito) confirmada,2019-11-01,0,0,1,1,1,1,2
10702,SAN LUCAS,"mortalidad perinatal, neonatal e infantil",muerte fetal (obito) confirmada,2019-11-01,0,0,0,1,0,1,1
70101,SANTA CRUZ DE LA SIERRA,"mortalidad perinatal, neonatal e infantil",muerte fetal (obito) confirmada,2019-11-01,4,3,1,0,5,3,8
20601,SORATA,"mortalidad perinatal, neonatal e infantil",muerte fetal (obito) confirmada,2019-11-01,0,2,0,0,0,2,2
10101,SUCRE,"mortalidad perinatal, neonatal e infantil",muerte fetal (obito) confirmada,2019-11-01,0,2,1,2,1,4,5
10704,VILLA CHARCAS,"mortalidad perinatal, neonatal e infantil",muerte fetal (obito) confirmada,2019-11-01,0,0,1,2,1,2,3
31003,VILLA TUNARI,"mortalidad perinatal, neonatal e infantil",muerte fetal (obito) confirmada,2019-11-01,1,0,0,0,1,0,1
60301,YACUIBA,"mortalidad perinatal, neonatal e infantil",muerte fetal (obito) confirmada,2019-11-01,0,1,0,0,0,1,1
70703,CABEZAS,"mortalidad perinatal, neonatal e infantil",muerte fetal (obito) confirmada,2019-12-01,1,0,0,0,1,0,1
10701,CAMARGO,"mortalidad perinatal, neonatal e infantil",muerte fetal (obito) confirmada,2019-12-01,0,0,0,1,0,1,1
70706,CAMIRI,"mortalidad perinatal, neonatal e infantil",muerte fetal (obito) confirmada,2019-12-01,0,0,1,0,1,0,1
70702,CHARAGUA,"mortalidad perinatal, neonatal e infantil",muerte fetal (obito) confirmada,2019-12-01,1,1,0,0,1,1,2
90101,COBIJA,"mortalidad perinatal, neonatal e infantil",muerte fetal (obito) confirmada,2019-12-01,1,0,0,0,1,0,1
30101,COCHABAMBA,"mortalidad perinatal, neonatal e infantil",muerte fetal (obito) confirmada,2019-12-01,7,11,0,3,7,14,21
21401,COROICO,"mortalidad perinatal, neonatal e infantil",muerte fetal (obito) confirmada,2019-12-01,0,1,0,0,0,1,1
20105,EL ALTO,"mortalidad perinatal, neonatal e infantil",muerte fetal (obito) confirmada,2019-12-01,8,1,3,6,11,7,18
21601,GRAL. J.J. PEREZ (CHARAZANI),"mortalidad perinatal, neonatal e infantil",muerte fetal (obito) confirmada,2019-12-01,0,0,0,1,0,1,1
10703,INCAHUASI,"mortalidad perinatal, neonatal e infantil",muerte fetal (obito) confirmada,2019-12-01,0,0,0,1,0,1,1
21105,LA ASUNTA,"mortalidad perinatal, neonatal e infantil",muerte fetal (obito) confirmada,2019-12-01,0,1,0,0,0,1,1
20101,LA PAZ,"mortalidad perinatal, neonatal e infantil",muerte fetal (obito) confirmada,2019-12-01,2,5,6,3,8,8,16
50203,LLALLAGUA,"mortalidad perinatal, neonatal e infantil",muerte fetal (obito) confirmada,2019-12-01,0,0,0,1,0,1,1
40101,ORURO,"mortalidad perinatal, neonatal e infantil",muerte fetal (obito) confirmada,2019-12-01,2,0,0,0,2,0,2
70601,PORTACHUELO,"mortalidad perinatal, neonatal e infantil",muerte fetal (obito) confirmada,2019-12-01,1,0,0,0,1,0,1
50101,POTOSI,"mortalidad perinatal, neonatal e infantil",muerte fetal (obito) confirmada,2019-12-01,0,1,0,0,0,1,1
31205,PUERTO VILLARROEL,"mortalidad perinatal, neonatal e infantil",muerte fetal (obito) confirmada,2019-12-01,2,0,0,0,2,0,2
30901,QUILLACOLLO,"mortalidad perinatal, neonatal e infantil",muerte fetal (obito) confirmada,2019-12-01,2,2,0,0,2,2,4
80201,RIBERALTA,"mortalidad perinatal, neonatal e infantil",muerte fetal (obito) confirmada,2019-12-01,1,0,1,0,2,0,2
80304,RURRENABAQUE,"mortalidad perinatal, neonatal e infantil",muerte fetal (obito) confirmada,2019-12-01,1,0,0,0,1,0,1
31001,SACABA,"mortalidad perinatal, neonatal e infantil",muerte fetal (obito) confirmada,2019-12-01,0,1,0,0,0,1,1
80302,SAN BORJA,"mortalidad perinatal, neonatal e infantil",muerte fetal (obito) confirmada,2019-12-01,1,0,0,0,1,0,1
71102,SAN JAVIER(STC),"mortalidad perinatal, neonatal e infantil",muerte fetal (obito) confirmada,2019-12-01,1,0,0,0,1,0,1
70101,SANTA CRUZ DE LA SIERRA,"mortalidad perinatal, neonatal e infantil",muerte fetal (obito) confirmada,2019-12-01,9,3,2,0,11,3,14
10101,SUCRE,"mortalidad perinatal, neonatal e infantil",muerte fetal (obito) confirmada,2019-12-01,3,0,3,1,6,1,7
20603,TACACOMA,"mortalidad perinatal, neonatal e infantil",muerte fetal (obito) confirmada,2019-12-01,1,0,0,0,1,0,1
60101,TARIJA,"mortalidad perinatal, neonatal e infantil",muerte fetal (obito) confirmada,2019-12-01,1,2,0,0,1,2,3
80101,TRINIDAD,"mortalidad perinatal, neonatal e infantil",muerte fetal (obito) confirmada,2019-12-01,0,0,0,1,0,1,1
51201,UYUNI,"mortalidad perinatal, neonatal e infantil",muerte fetal (obito) confirmada,2019-12-01,0,0,0,1,0,1,1
31003,VILLA TUNARI,"mortalidad perinatal, neonatal e infantil",muerte fetal (obito) confirmada,2019-12-01,1,1,0,0,1,1,2
30904,VINTO,"mortalidad perinatal, neonatal e infantil",muerte fetal (obito) confirmada,2019-12-01,1,0,0,0,1,0,1
60301,YACUIBA,"mortalidad perinatal, neonatal e infantil",muerte fetal (obito) confirmada,2019-12-01,1,0,0,0,1,0,1
70403,YAPACANI,"mortalidad perinatal, neonatal e infantil",muerte fetal (obito) confirmada,2019-12-01,0,0,0,1,0,1,1
