codigo_municipio,municipio,grupo,variable,mes,totales_dentro,totales-1_fuera,totales-2_total
20201,ACHACACHI,salud sexual y reproductiva,hemorragia de la primera mitad del embarazo (< 22 sem) aborto,2020-01-01,2,0,2
30402,ANZALDO,salud sexual y reproductiva,hemorragia de la primera mitad del embarazo (< 22 sem) aborto,2020-01-01,1,0,1
30403,ARBIETO,salud sexual y reproductiva,hemorragia de la primera mitad del embarazo (< 22 sem) aborto,2020-01-01,3,0,3
71501,ASCENCION DE GUARAYOS,salud sexual y reproductiva,hemorragia de la primera mitad del embarazo (< 22 sem) aborto,2020-01-01,7,0,7
30301,AYOPAYA (V. DE INDEPENDENCIA),salud sexual y reproductiva,hemorragia de la primera mitad del embarazo (< 22 sem) aborto,2020-01-01,3,0,3
60202,BERMEJO,salud sexual y reproductiva,hemorragia de la primera mitad del embarazo (< 22 sem) aborto,2020-01-01,4,0,4
31501,BOLIVAR,salud sexual y reproductiva,hemorragia de la primera mitad del embarazo (< 22 sem) aborto,2020-01-01,0,1,1
10701,CAMARGO,salud sexual y reproductiva,hemorragia de la primera mitad del embarazo (< 22 sem) aborto,2020-01-01,0,1,1
70706,CAMIRI,salud sexual y reproductiva,hemorragia de la primera mitad del embarazo (< 22 sem) aborto,2020-01-01,16,3,19
30701,CAPINOTA,salud sexual y reproductiva,hemorragia de la primera mitad del embarazo (< 22 sem) aborto,2020-01-01,2,0,2
40102,CARACOLLO,salud sexual y reproductiva,hemorragia de la primera mitad del embarazo (< 22 sem) aborto,2020-01-01,2,0,2
22001,CARANAVI,salud sexual y reproductiva,hemorragia de la primera mitad del embarazo (< 22 sem) aborto,2020-01-01,25,0,25
40201,CHALLAPATA,salud sexual y reproductiva,hemorragia de la primera mitad del embarazo (< 22 sem) aborto,2020-01-01,3,0,3
50202,CHAYANTA,salud sexual y reproductiva,hemorragia de la primera mitad del embarazo (< 22 sem) aborto,2020-01-01,0,1,1
31204,CHIMORE,salud sexual y reproductiva,hemorragia de la primera mitad del embarazo (< 22 sem) aborto,2020-01-01,2,0,2
21101,CHULUMANI (V. DE LA LIBERTAD),salud sexual y reproductiva,hemorragia de la primera mitad del embarazo (< 22 sem) aborto,2020-01-01,5,0,5
30801,CLIZA,salud sexual y reproductiva,hemorragia de la primera mitad del embarazo (< 22 sem) aborto,2020-01-01,9,0,9
90101,COBIJA,salud sexual y reproductiva,hemorragia de la primera mitad del embarazo (< 22 sem) aborto,2020-01-01,17,0,17
30101,COCHABAMBA,salud sexual y reproductiva,hemorragia de la primera mitad del embarazo (< 22 sem) aborto,2020-01-01,185,4,189
30905,COLCAPIRHUA,salud sexual y reproductiva,hemorragia de la primera mitad del embarazo (< 22 sem) aborto,2020-01-01,7,0,7
71301,COMARAPA,salud sexual y reproductiva,hemorragia de la primera mitad del embarazo (< 22 sem) aborto,2020-01-01,0,6,6
71101,CONCEPCION,salud sexual y reproductiva,hemorragia de la primera mitad del embarazo (< 22 sem) aborto,2020-01-01,9,0,9
21401,COROICO,salud sexual y reproductiva,hemorragia de la primera mitad del embarazo (< 22 sem) aborto,2020-01-01,1,0,1
70102,COTOCA,salud sexual y reproductiva,hemorragia de la primera mitad del embarazo (< 22 sem) aborto,2020-01-01,15,0,15
71106,CUATRO CAÃ‘ADAS,salud sexual y reproductiva,hemorragia de la primera mitad del embarazo (< 22 sem) aborto,2020-01-01,2,0,2
10902,CULPINA,salud sexual y reproductiva,hemorragia de la primera mitad del embarazo (< 22 sem) aborto,2020-01-01,0,4,4
20105,EL ALTO,salud sexual y reproductiva,hemorragia de la primera mitad del embarazo (< 22 sem) aborto,2020-01-01,129,5,134
70105,EL TORNO,salud sexual y reproductiva,hemorragia de la primera mitad del embarazo (< 22 sem) aborto,2020-01-01,14,0,14
10405,EL VILLAR,salud sexual y reproductiva,hemorragia de la primera mitad del embarazo (< 22 sem) aborto,2020-01-01,0,1,1
31206,ENTRE RIOS CBBA,salud sexual y reproductiva,hemorragia de la primera mitad del embarazo (< 22 sem) aborto,2020-01-01,1,0,1
80202,GUAYARAMERIN,salud sexual y reproductiva,hemorragia de la primera mitad del embarazo (< 22 sem) aborto,2020-01-01,1,0,1
40701,HUANUNI,salud sexual y reproductiva,hemorragia de la primera mitad del embarazo (< 22 sem) aborto,2020-01-01,5,0,5
21102,IRUPANA (VILLA DE LANZA),salud sexual y reproductiva,hemorragia de la primera mitad del embarazo (< 22 sem) aborto,2020-01-01,2,0,2
70104,LA GUARDIA,salud sexual y reproductiva,hemorragia de la primera mitad del embarazo (< 22 sem) aborto,2020-01-01,9,5,14
20101,LA PAZ,salud sexual y reproductiva,hemorragia de la primera mitad del embarazo (< 22 sem) aborto,2020-01-01,191,59,250
11003,MACHARETI,salud sexual y reproductiva,hemorragia de la primera mitad del embarazo (< 22 sem) aborto,2020-01-01,1,0,1
80801,MAGDALENA,salud sexual y reproductiva,hemorragia de la primera mitad del embarazo (< 22 sem) aborto,2020-01-01,0,1,1
70903,MAIRANA,salud sexual y reproductiva,hemorragia de la primera mitad del embarazo (< 22 sem) aborto,2020-01-01,3,0,3
20607,MAPIRI,salud sexual y reproductiva,hemorragia de la primera mitad del embarazo (< 22 sem) aborto,2020-01-01,2,0,2
10303,MOJOCOYA,salud sexual y reproductiva,hemorragia de la primera mitad del embarazo (< 22 sem) aborto,2020-01-01,1,0,1
10501,MONTEAGUDO,salud sexual y reproductiva,hemorragia de la primera mitad del embarazo (< 22 sem) aborto,2020-01-01,3,0,3
71001,MONTERO,salud sexual y reproductiva,hemorragia de la primera mitad del embarazo (< 22 sem) aborto,2020-01-01,4,3,7
50404,OCURI,salud sexual y reproductiva,hemorragia de la primera mitad del embarazo (< 22 sem) aborto,2020-01-01,1,1,2
40101,ORURO,salud sexual y reproductiva,hemorragia de la primera mitad del embarazo (< 22 sem) aborto,2020-01-01,113,15,128
10401,PADILLA,salud sexual y reproductiva,hemorragia de la primera mitad del embarazo (< 22 sem) aborto,2020-01-01,3,0,3
70502,PAILON,salud sexual y reproductiva,hemorragia de la primera mitad del embarazo (< 22 sem) aborto,2020-01-01,1,0,1
21104,PALOS BLANCOS,salud sexual y reproductiva,hemorragia de la primera mitad del embarazo (< 22 sem) aborto,2020-01-01,1,0,1
50403,POCOATA,salud sexual y reproductiva,hemorragia de la primera mitad del embarazo (< 22 sem) aborto,2020-01-01,0,1,1
10103,POROMA,salud sexual y reproductiva,hemorragia de la primera mitad del embarazo (< 22 sem) aborto,2020-01-01,1,0,1
50101,POTOSI,salud sexual y reproductiva,hemorragia de la primera mitad del embarazo (< 22 sem) aborto,2020-01-01,20,3,23
90201,PUERTO RICO,salud sexual y reproductiva,hemorragia de la primera mitad del embarazo (< 22 sem) aborto,2020-01-01,1,0,1
31205,PUERTO VILLARROEL,salud sexual y reproductiva,hemorragia de la primera mitad del embarazo (< 22 sem) aborto,2020-01-01,42,0,42
31401,PUNATA,salud sexual y reproductiva,hemorragia de la primera mitad del embarazo (< 22 sem) aborto,2020-01-01,12,0,12
30901,QUILLACOLLO,salud sexual y reproductiva,hemorragia de la primera mitad del embarazo (< 22 sem) aborto,2020-01-01,23,1,24
80201,RIBERALTA,salud sexual y reproductiva,hemorragia de la primera mitad del embarazo (< 22 sem) aborto,2020-01-01,7,0,7
70503,ROBORE,salud sexual y reproductiva,hemorragia de la primera mitad del embarazo (< 22 sem) aborto,2020-01-01,1,0,1
80304,RURRENABAQUE,salud sexual y reproductiva,hemorragia de la primera mitad del embarazo (< 22 sem) aborto,2020-01-01,2,0,2
31001,SACABA,salud sexual y reproductiva,hemorragia de la primera mitad del embarazo (< 22 sem) aborto,2020-01-01,59,16,75
80302,SAN BORJA,salud sexual y reproductiva,hemorragia de la primera mitad del embarazo (< 22 sem) aborto,2020-01-01,9,1,10
70402,SAN CARLOS,salud sexual y reproductiva,hemorragia de la primera mitad del embarazo (< 22 sem) aborto,2020-01-01,4,1,5
80501,SAN IGNACIO,salud sexual y reproductiva,hemorragia de la primera mitad del embarazo (< 22 sem) aborto,2020-01-01,1,0,1
70301,SAN IGNACIO DE VELASCO,salud sexual y reproductiva,hemorragia de la primera mitad del embarazo (< 22 sem) aborto,2020-01-01,6,0,6
71104,SAN JULIAN,salud sexual y reproductiva,hemorragia de la primera mitad del embarazo (< 22 sem) aborto,2020-01-01,6,0,6
60501,SAN LORENZO(TJA),salud sexual y reproductiva,hemorragia de la primera mitad del embarazo (< 22 sem) aborto,2020-01-01,1,1,2
71201,SAN MATIAS,salud sexual y reproductiva,hemorragia de la primera mitad del embarazo (< 22 sem) aborto,2020-01-01,1,2,3
70302,SAN MIGUEL DE VELASCO,salud sexual y reproductiva,hemorragia de la primera mitad del embarazo (< 22 sem) aborto,2020-01-01,3,0,3
70303,SAN RAFAEL,salud sexual y reproductiva,hemorragia de la primera mitad del embarazo (< 22 sem) aborto,2020-01-01,0,1,1
80401,SANTA ANA,salud sexual y reproductiva,hemorragia de la primera mitad del embarazo (< 22 sem) aborto,2020-01-01,0,1,1
70101,SANTA CRUZ DE LA SIERRA,salud sexual y reproductiva,hemorragia de la primera mitad del embarazo (< 22 sem) aborto,2020-01-01,309,119,428
20902,SAPAHAQUI,salud sexual y reproductiva,hemorragia de la primera mitad del embarazo (< 22 sem) aborto,2020-01-01,1,0,1
90303,SENA,salud sexual y reproductiva,hemorragia de la primera mitad del embarazo (< 22 sem) aborto,2020-01-01,0,2,2
31602,SHINAOTA,salud sexual y reproductiva,hemorragia de la primera mitad del embarazo (< 22 sem) aborto,2020-01-01,2,0,2
30902,SIPE SIPE,salud sexual y reproductiva,hemorragia de la primera mitad del embarazo (< 22 sem) aborto,2020-01-01,10,1,11
10101,SUCRE,salud sexual y reproductiva,hemorragia de la primera mitad del embarazo (< 22 sem) aborto,2020-01-01,98,0,98
30602,TACOPAYA,salud sexual y reproductiva,hemorragia de la primera mitad del embarazo (< 22 sem) aborto,2020-01-01,0,2,2
10601,TARABUCO,salud sexual y reproductiva,hemorragia de la primera mitad del embarazo (< 22 sem) aborto,2020-01-01,2,0,2
30401,TARATA,salud sexual y reproductiva,hemorragia de la primera mitad del embarazo (< 22 sem) aborto,2020-01-01,2,0,2
60101,TARIJA,salud sexual y reproductiva,hemorragia de la primera mitad del embarazo (< 22 sem) aborto,2020-01-01,70,0,70
30903,TIQUIPAYA,salud sexual y reproductiva,hemorragia de la primera mitad del embarazo (< 22 sem) aborto,2020-01-01,9,1,10
31601,TIRAQUE (CBBA),salud sexual y reproductiva,hemorragia de la primera mitad del embarazo (< 22 sem) aborto,2020-01-01,1,0,1
30803,TOLATA,salud sexual y reproductiva,hemorragia de la primera mitad del embarazo (< 22 sem) aborto,2020-01-01,2,0,2
10402,TOMINA,salud sexual y reproductiva,hemorragia de la primera mitad del embarazo (< 22 sem) aborto,2020-01-01,0,1,1
31201,TOTORA(CBBA),salud sexual y reproductiva,hemorragia de la primera mitad del embarazo (< 22 sem) aborto,2020-01-01,7,0,7
80101,TRINIDAD,salud sexual y reproductiva,hemorragia de la primera mitad del embarazo (< 22 sem) aborto,2020-01-01,50,0,50
50801,TUPIZA,salud sexual y reproductiva,hemorragia de la primera mitad del embarazo (< 22 sem) aborto,2020-01-01,18,0,18
51201,UYUNI,salud sexual y reproductiva,hemorragia de la primera mitad del embarazo (< 22 sem) aborto,2020-01-01,10,0,10
70801,VALLEGRANDE,salud sexual y reproductiva,hemorragia de la primera mitad del embarazo (< 22 sem) aborto,2020-01-01,2,0,2
20801,VIACHA,salud sexual y reproductiva,hemorragia de la primera mitad del embarazo (< 22 sem) aborto,2020-01-01,2,0,2
60303,VILLA MONTES,salud sexual y reproductiva,hemorragia de la primera mitad del embarazo (< 22 sem) aborto,2020-01-01,2,9,11
31402,VILLA RIVERO,salud sexual y reproductiva,hemorragia de la primera mitad del embarazo (< 22 sem) aborto,2020-01-01,1,0,1
31003,VILLA TUNARI,salud sexual y reproductiva,hemorragia de la primera mitad del embarazo (< 22 sem) aborto,2020-01-01,7,0,7
51501,VILLAZON,salud sexual y reproductiva,hemorragia de la primera mitad del embarazo (< 22 sem) aborto,2020-01-01,14,0,14
30904,VINTO,salud sexual y reproductiva,hemorragia de la primera mitad del embarazo (< 22 sem) aborto,2020-01-01,18,2,20
50602,VITICHI,salud sexual y reproductiva,hemorragia de la primera mitad del embarazo (< 22 sem) aborto,2020-01-01,0,1,1
70201,WARNES,salud sexual y reproductiva,hemorragia de la primera mitad del embarazo (< 22 sem) aborto,2020-01-01,0,21,21
20903,YACO,salud sexual y reproductiva,hemorragia de la primera mitad del embarazo (< 22 sem) aborto,2020-01-01,0,1,1
60301,YACUIBA,salud sexual y reproductiva,hemorragia de la primera mitad del embarazo (< 22 sem) aborto,2020-01-01,7,0,7
70403,YAPACANI,salud sexual y reproductiva,hemorragia de la primera mitad del embarazo (< 22 sem) aborto,2020-01-01,18,0,18
20201,ACHACACHI,salud sexual y reproductiva,hemorragia de la primera mitad del embarazo (< 22 sem) aborto,2020-02-01,3,0,3
30201,AIQUILE,salud sexual y reproductiva,hemorragia de la primera mitad del embarazo (< 22 sem) aborto,2020-02-01,10,0,10
30501,ARANI,salud sexual y reproductiva,hemorragia de la primera mitad del embarazo (< 22 sem) aborto,2020-02-01,1,0,1
30403,ARBIETO,salud sexual y reproductiva,hemorragia de la primera mitad del embarazo (< 22 sem) aborto,2020-02-01,3,0,3
71501,ASCENCION DE GUARAYOS,salud sexual y reproductiva,hemorragia de la primera mitad del embarazo (< 22 sem) aborto,2020-02-01,7,0,7
20503,AUCAPATA,salud sexual y reproductiva,hemorragia de la primera mitad del embarazo (< 22 sem) aborto,2020-02-01,1,0,1
30301,AYOPAYA (V. DE INDEPENDENCIA),salud sexual y reproductiva,hemorragia de la primera mitad del embarazo (< 22 sem) aborto,2020-02-01,1,0,1
60202,BERMEJO,salud sexual y reproductiva,hemorragia de la primera mitad del embarazo (< 22 sem) aborto,2020-02-01,1,0,1
50301,BETANZOS,salud sexual y reproductiva,hemorragia de la primera mitad del embarazo (< 22 sem) aborto,2020-02-01,1,0,1
10701,CAMARGO,salud sexual y reproductiva,hemorragia de la primera mitad del embarazo (< 22 sem) aborto,2020-02-01,5,1,6
70706,CAMIRI,salud sexual y reproductiva,hemorragia de la primera mitad del embarazo (< 22 sem) aborto,2020-02-01,8,2,10
22001,CARANAVI,salud sexual y reproductiva,hemorragia de la primera mitad del embarazo (< 22 sem) aborto,2020-02-01,26,0,26
60302,CARAPARI,salud sexual y reproductiva,hemorragia de la primera mitad del embarazo (< 22 sem) aborto,2020-02-01,1,0,1
21803,CHACARILLA,salud sexual y reproductiva,hemorragia de la primera mitad del embarazo (< 22 sem) aborto,2020-02-01,1,0,1
40201,CHALLAPATA,salud sexual y reproductiva,hemorragia de la primera mitad del embarazo (< 22 sem) aborto,2020-02-01,3,0,3
70702,CHARAGUA,salud sexual y reproductiva,hemorragia de la primera mitad del embarazo (< 22 sem) aborto,2020-02-01,2,0,2
21101,CHULUMANI (V. DE LA LIBERTAD),salud sexual y reproductiva,hemorragia de la primera mitad del embarazo (< 22 sem) aborto,2020-02-01,1,0,1
30801,CLIZA,salud sexual y reproductiva,hemorragia de la primera mitad del embarazo (< 22 sem) aborto,2020-02-01,7,0,7
90101,COBIJA,salud sexual y reproductiva,hemorragia de la primera mitad del embarazo (< 22 sem) aborto,2020-02-01,18,0,18
30101,COCHABAMBA,salud sexual y reproductiva,hemorragia de la primera mitad del embarazo (< 22 sem) aborto,2020-02-01,166,3,169
30905,COLCAPIRHUA,salud sexual y reproductiva,hemorragia de la primera mitad del embarazo (< 22 sem) aborto,2020-02-01,2,0,2
31002,COLOMI,salud sexual y reproductiva,hemorragia de la primera mitad del embarazo (< 22 sem) aborto,2020-02-01,3,0,3
71301,COMARAPA,salud sexual y reproductiva,hemorragia de la primera mitad del embarazo (< 22 sem) aborto,2020-02-01,0,4,4
71101,CONCEPCION,salud sexual y reproductiva,hemorragia de la primera mitad del embarazo (< 22 sem) aborto,2020-02-01,1,0,1
21401,COROICO,salud sexual y reproductiva,hemorragia de la primera mitad del embarazo (< 22 sem) aborto,2020-02-01,1,0,1
50601,COTAGAITA,salud sexual y reproductiva,hemorragia de la primera mitad del embarazo (< 22 sem) aborto,2020-02-01,1,0,1
70102,COTOCA,salud sexual y reproductiva,hemorragia de la primera mitad del embarazo (< 22 sem) aborto,2020-02-01,3,0,3
71106,CUATRO CAÃ‘ADAS,salud sexual y reproductiva,hemorragia de la primera mitad del embarazo (< 22 sem) aborto,2020-02-01,1,0,1
10902,CULPINA,salud sexual y reproductiva,hemorragia de la primera mitad del embarazo (< 22 sem) aborto,2020-02-01,0,6,6
20105,EL ALTO,salud sexual y reproductiva,hemorragia de la primera mitad del embarazo (< 22 sem) aborto,2020-02-01,109,8,117
70105,EL TORNO,salud sexual y reproductiva,hemorragia de la primera mitad del embarazo (< 22 sem) aborto,2020-02-01,10,0,10
31206,ENTRE RIOS CBBA,salud sexual y reproductiva,hemorragia de la primera mitad del embarazo (< 22 sem) aborto,2020-02-01,1,0,1
10502,HUACARETA,salud sexual y reproductiva,hemorragia de la primera mitad del embarazo (< 22 sem) aborto,2020-02-01,1,0,1
10703,INCAHUASI,salud sexual y reproductiva,hemorragia de la primera mitad del embarazo (< 22 sem) aborto,2020-02-01,0,1,1
21102,IRUPANA (VILLA DE LANZA),salud sexual y reproductiva,hemorragia de la primera mitad del embarazo (< 22 sem) aborto,2020-02-01,1,0,1
21105,LA ASUNTA,salud sexual y reproductiva,hemorragia de la primera mitad del embarazo (< 22 sem) aborto,2020-02-01,0,1,1
70104,LA GUARDIA,salud sexual y reproductiva,hemorragia de la primera mitad del embarazo (< 22 sem) aborto,2020-02-01,5,1,6
20101,LA PAZ,salud sexual y reproductiva,hemorragia de la primera mitad del embarazo (< 22 sem) aborto,2020-02-01,129,2,131
31301,MIZQUE,salud sexual y reproductiva,hemorragia de la primera mitad del embarazo (< 22 sem) aborto,2020-02-01,1,0,1
71001,MONTERO,salud sexual y reproductiva,hemorragia de la primera mitad del embarazo (< 22 sem) aborto,2020-02-01,2,0,2
50404,OCURI,salud sexual y reproductiva,hemorragia de la primera mitad del embarazo (< 22 sem) aborto,2020-02-01,1,0,1
40101,ORURO,salud sexual y reproductiva,hemorragia de la primera mitad del embarazo (< 22 sem) aborto,2020-02-01,89,8,97
10401,PADILLA,salud sexual y reproductiva,hemorragia de la primera mitad del embarazo (< 22 sem) aborto,2020-02-01,4,0,4
21104,PALOS BLANCOS,salud sexual y reproductiva,hemorragia de la primera mitad del embarazo (< 22 sem) aborto,2020-02-01,0,1,1
21305,PATACAMAYA,salud sexual y reproductiva,hemorragia de la primera mitad del embarazo (< 22 sem) aborto,2020-02-01,1,0,1
40602,PAZÃ‘A,salud sexual y reproductiva,hemorragia de la primera mitad del embarazo (< 22 sem) aborto,2020-02-01,1,0,1
31202,POJO (CBBA),salud sexual y reproductiva,hemorragia de la primera mitad del embarazo (< 22 sem) aborto,2020-02-01,0,1,1
51203,PORCO,salud sexual y reproductiva,hemorragia de la primera mitad del embarazo (< 22 sem) aborto,2020-02-01,1,0,1
50101,POTOSI,salud sexual y reproductiva,hemorragia de la primera mitad del embarazo (< 22 sem) aborto,2020-02-01,8,5,13
31205,PUERTO VILLARROEL,salud sexual y reproductiva,hemorragia de la primera mitad del embarazo (< 22 sem) aborto,2020-02-01,25,0,25
31401,PUNATA,salud sexual y reproductiva,hemorragia de la primera mitad del embarazo (< 22 sem) aborto,2020-02-01,16,0,16
30901,QUILLACOLLO,salud sexual y reproductiva,hemorragia de la primera mitad del embarazo (< 22 sem) aborto,2020-02-01,16,0,16
80201,RIBERALTA,salud sexual y reproductiva,hemorragia de la primera mitad del embarazo (< 22 sem) aborto,2020-02-01,9,0,9
70503,ROBORE,salud sexual y reproductiva,hemorragia de la primera mitad del embarazo (< 22 sem) aborto,2020-02-01,1,0,1
80304,RURRENABAQUE,salud sexual y reproductiva,hemorragia de la primera mitad del embarazo (< 22 sem) aborto,2020-02-01,2,0,2
31001,SACABA,salud sexual y reproductiva,hemorragia de la primera mitad del embarazo (< 22 sem) aborto,2020-02-01,35,11,46
70901,SAMAIPATA,salud sexual y reproductiva,hemorragia de la primera mitad del embarazo (< 22 sem) aborto,2020-02-01,1,0,1
80302,SAN BORJA,salud sexual y reproductiva,hemorragia de la primera mitad del embarazo (< 22 sem) aborto,2020-02-01,6,0,6
21502,SAN BUENA VENTURA,salud sexual y reproductiva,hemorragia de la primera mitad del embarazo (< 22 sem) aborto,2020-02-01,3,0,3
70402,SAN CARLOS,salud sexual y reproductiva,hemorragia de la primera mitad del embarazo (< 22 sem) aborto,2020-02-01,0,4,4
80501,SAN IGNACIO,salud sexual y reproductiva,hemorragia de la primera mitad del embarazo (< 22 sem) aborto,2020-02-01,1,0,1
70301,SAN IGNACIO DE VELASCO,salud sexual y reproductiva,hemorragia de la primera mitad del embarazo (< 22 sem) aborto,2020-02-01,6,0,6
70501,SAN JOSE DE CHIQUITOS,salud sexual y reproductiva,hemorragia de la primera mitad del embarazo (< 22 sem) aborto,2020-02-01,0,1,1
71104,SAN JULIAN,salud sexual y reproductiva,hemorragia de la primera mitad del embarazo (< 22 sem) aborto,2020-02-01,3,0,3
60501,SAN LORENZO(TJA),salud sexual y reproductiva,hemorragia de la primera mitad del embarazo (< 22 sem) aborto,2020-02-01,1,0,1
10702,SAN LUCAS,salud sexual y reproductiva,hemorragia de la primera mitad del embarazo (< 22 sem) aborto,2020-02-01,0,1,1
71201,SAN MATIAS,salud sexual y reproductiva,hemorragia de la primera mitad del embarazo (< 22 sem) aborto,2020-02-01,1,0,1
70302,SAN MIGUEL DE VELASCO,salud sexual y reproductiva,hemorragia de la primera mitad del embarazo (< 22 sem) aborto,2020-02-01,2,0,2
70303,SAN RAFAEL,salud sexual y reproductiva,hemorragia de la primera mitad del embarazo (< 22 sem) aborto,2020-02-01,0,1,1
80702,SAN RAMON BENI,salud sexual y reproductiva,hemorragia de la primera mitad del embarazo (< 22 sem) aborto,2020-02-01,1,0,1
70101,SANTA CRUZ DE LA SIERRA,salud sexual y reproductiva,hemorragia de la primera mitad del embarazo (< 22 sem) aborto,2020-02-01,193,93,286
31602,SHINAOTA,salud sexual y reproductiva,hemorragia de la primera mitad del embarazo (< 22 sem) aborto,2020-02-01,8,0,8
30902,SIPE SIPE,salud sexual y reproductiva,hemorragia de la primera mitad del embarazo (< 22 sem) aborto,2020-02-01,4,1,5
10101,SUCRE,salud sexual y reproductiva,hemorragia de la primera mitad del embarazo (< 22 sem) aborto,2020-02-01,57,0,57
10601,TARABUCO,salud sexual y reproductiva,hemorragia de la primera mitad del embarazo (< 22 sem) aborto,2020-02-01,3,0,3
30401,TARATA,salud sexual y reproductiva,hemorragia de la primera mitad del embarazo (< 22 sem) aborto,2020-02-01,1,0,1
60101,TARIJA,salud sexual y reproductiva,hemorragia de la primera mitad del embarazo (< 22 sem) aborto,2020-02-01,55,0,55
20608,TEOPONTE,salud sexual y reproductiva,hemorragia de la primera mitad del embarazo (< 22 sem) aborto,2020-02-01,0,1,1
30903,TIQUIPAYA,salud sexual y reproductiva,hemorragia de la primera mitad del embarazo (< 22 sem) aborto,2020-02-01,3,0,3
31601,TIRAQUE (CBBA),salud sexual y reproductiva,hemorragia de la primera mitad del embarazo (< 22 sem) aborto,2020-02-01,1,0,1
21703,TITO YUPANQUI (PARQUIPUJIO),salud sexual y reproductiva,hemorragia de la primera mitad del embarazo (< 22 sem) aborto,2020-02-01,1,0,1
30802,TOCO,salud sexual y reproductiva,hemorragia de la primera mitad del embarazo (< 22 sem) aborto,2020-02-01,2,0,2
31201,TOTORA(CBBA),salud sexual y reproductiva,hemorragia de la primera mitad del embarazo (< 22 sem) aborto,2020-02-01,2,0,2
80101,TRINIDAD,salud sexual y reproductiva,hemorragia de la primera mitad del embarazo (< 22 sem) aborto,2020-02-01,32,0,32
50801,TUPIZA,salud sexual y reproductiva,hemorragia de la primera mitad del embarazo (< 22 sem) aborto,2020-02-01,11,0,11
50201,UNCIA,salud sexual y reproductiva,hemorragia de la primera mitad del embarazo (< 22 sem) aborto,2020-02-01,2,0,2
51201,UYUNI,salud sexual y reproductiva,hemorragia de la primera mitad del embarazo (< 22 sem) aborto,2020-02-01,7,0,7
70801,VALLEGRANDE,salud sexual y reproductiva,hemorragia de la primera mitad del embarazo (< 22 sem) aborto,2020-02-01,4,0,4
20801,VIACHA,salud sexual y reproductiva,hemorragia de la primera mitad del embarazo (< 22 sem) aborto,2020-02-01,1,0,1
60303,VILLA MONTES,salud sexual y reproductiva,hemorragia de la primera mitad del embarazo (< 22 sem) aborto,2020-02-01,0,8,8
31003,VILLA TUNARI,salud sexual y reproductiva,hemorragia de la primera mitad del embarazo (< 22 sem) aborto,2020-02-01,4,0,4
51501,VILLAZON,salud sexual y reproductiva,hemorragia de la primera mitad del embarazo (< 22 sem) aborto,2020-02-01,20,0,20
30904,VINTO,salud sexual y reproductiva,hemorragia de la primera mitad del embarazo (< 22 sem) aborto,2020-02-01,3,0,3
50602,VITICHI,salud sexual y reproductiva,hemorragia de la primera mitad del embarazo (< 22 sem) aborto,2020-02-01,0,1,1
70201,WARNES,salud sexual y reproductiva,hemorragia de la primera mitad del embarazo (< 22 sem) aborto,2020-02-01,1,8,9
60301,YACUIBA,salud sexual y reproductiva,hemorragia de la primera mitad del embarazo (< 22 sem) aborto,2020-02-01,2,0,2
70403,YAPACANI,salud sexual y reproductiva,hemorragia de la primera mitad del embarazo (< 22 sem) aborto,2020-02-01,13,0,13
10102,YOTALA,salud sexual y reproductiva,hemorragia de la primera mitad del embarazo (< 22 sem) aborto,2020-02-01,0,1,1
51302,ACACIO,salud sexual y reproductiva,hemorragia de la primera mitad del embarazo (< 22 sem) aborto,2020-03-01,2,0,2
20201,ACHACACHI,salud sexual y reproductiva,hemorragia de la primera mitad del embarazo (< 22 sem) aborto,2020-03-01,1,0,1
30201,AIQUILE,salud sexual y reproductiva,hemorragia de la primera mitad del embarazo (< 22 sem) aborto,2020-03-01,1,0,1
30403,ARBIETO,salud sexual y reproductiva,hemorragia de la primera mitad del embarazo (< 22 sem) aborto,2020-03-01,1,0,1
30601,ARQUE,salud sexual y reproductiva,hemorragia de la primera mitad del embarazo (< 22 sem) aborto,2020-03-01,0,1,1
71501,ASCENCION DE GUARAYOS,salud sexual y reproductiva,hemorragia de la primera mitad del embarazo (< 22 sem) aborto,2020-03-01,0,1,1
20503,AUCAPATA,salud sexual y reproductiva,hemorragia de la primera mitad del embarazo (< 22 sem) aborto,2020-03-01,1,0,1
30301,AYOPAYA (V. DE INDEPENDENCIA),salud sexual y reproductiva,hemorragia de la primera mitad del embarazo (< 22 sem) aborto,2020-03-01,1,0,1
60202,BERMEJO,salud sexual y reproductiva,hemorragia de la primera mitad del embarazo (< 22 sem) aborto,2020-03-01,3,0,3
10701,CAMARGO,salud sexual y reproductiva,hemorragia de la primera mitad del embarazo (< 22 sem) aborto,2020-03-01,0,2,2
70706,CAMIRI,salud sexual y reproductiva,hemorragia de la primera mitad del embarazo (< 22 sem) aborto,2020-03-01,7,1,8
30701,CAPINOTA,salud sexual y reproductiva,hemorragia de la primera mitad del embarazo (< 22 sem) aborto,2020-03-01,2,0,2
40102,CARACOLLO,salud sexual y reproductiva,hemorragia de la primera mitad del embarazo (< 22 sem) aborto,2020-03-01,1,0,1
22001,CARANAVI,salud sexual y reproductiva,hemorragia de la primera mitad del embarazo (< 22 sem) aborto,2020-03-01,13,0,13
60302,CARAPARI,salud sexual y reproductiva,hemorragia de la primera mitad del embarazo (< 22 sem) aborto,2020-03-01,1,0,1
50702,CARIPUYO,salud sexual y reproductiva,hemorragia de la primera mitad del embarazo (< 22 sem) aborto,2020-03-01,0,1,1
50302,CHAQUI,salud sexual y reproductiva,hemorragia de la primera mitad del embarazo (< 22 sem) aborto,2020-03-01,2,0,2
70702,CHARAGUA,salud sexual y reproductiva,hemorragia de la primera mitad del embarazo (< 22 sem) aborto,2020-03-01,2,0,2
50202,CHAYANTA,salud sexual y reproductiva,hemorragia de la primera mitad del embarazo (< 22 sem) aborto,2020-03-01,0,1,1
31204,CHIMORE,salud sexual y reproductiva,hemorragia de la primera mitad del embarazo (< 22 sem) aborto,2020-03-01,0,1,1
21101,CHULUMANI (V. DE LA LIBERTAD),salud sexual y reproductiva,hemorragia de la primera mitad del embarazo (< 22 sem) aborto,2020-03-01,1,0,1
30801,CLIZA,salud sexual y reproductiva,hemorragia de la primera mitad del embarazo (< 22 sem) aborto,2020-03-01,7,2,9
90101,COBIJA,salud sexual y reproductiva,hemorragia de la primera mitad del embarazo (< 22 sem) aborto,2020-03-01,14,1,15
30101,COCHABAMBA,salud sexual y reproductiva,hemorragia de la primera mitad del embarazo (< 22 sem) aborto,2020-03-01,132,12,144
30905,COLCAPIRHUA,salud sexual y reproductiva,hemorragia de la primera mitad del embarazo (< 22 sem) aborto,2020-03-01,5,1,6
31002,COLOMI,salud sexual y reproductiva,hemorragia de la primera mitad del embarazo (< 22 sem) aborto,2020-03-01,1,0,1
71101,CONCEPCION,salud sexual y reproductiva,hemorragia de la primera mitad del embarazo (< 22 sem) aborto,2020-03-01,5,0,5
21402,CORIPATA,salud sexual y reproductiva,hemorragia de la primera mitad del embarazo (< 22 sem) aborto,2020-03-01,0,1,1
21401,COROICO,salud sexual y reproductiva,hemorragia de la primera mitad del embarazo (< 22 sem) aborto,2020-03-01,2,0,2
50601,COTAGAITA,salud sexual y reproductiva,hemorragia de la primera mitad del embarazo (< 22 sem) aborto,2020-03-01,0,1,1
70102,COTOCA,salud sexual y reproductiva,hemorragia de la primera mitad del embarazo (< 22 sem) aborto,2020-03-01,3,0,3
10902,CULPINA,salud sexual y reproductiva,hemorragia de la primera mitad del embarazo (< 22 sem) aborto,2020-03-01,0,1,1
20105,EL ALTO,salud sexual y reproductiva,hemorragia de la primera mitad del embarazo (< 22 sem) aborto,2020-03-01,94,1,95
70105,EL TORNO,salud sexual y reproductiva,hemorragia de la primera mitad del embarazo (< 22 sem) aborto,2020-03-01,11,0,11
10405,EL VILLAR,salud sexual y reproductiva,hemorragia de la primera mitad del embarazo (< 22 sem) aborto,2020-03-01,1,0,1
31206,ENTRE RIOS CBBA,salud sexual y reproductiva,hemorragia de la primera mitad del embarazo (< 22 sem) aborto,2020-03-01,8,0,8
20405,ESCOMA,salud sexual y reproductiva,hemorragia de la primera mitad del embarazo (< 22 sem) aborto,2020-03-01,1,0,1
41101,EUCALIPTUS,salud sexual y reproductiva,hemorragia de la primera mitad del embarazo (< 22 sem) aborto,2020-03-01,1,0,1
21102,IRUPANA (VILLA DE LANZA),salud sexual y reproductiva,hemorragia de la primera mitad del embarazo (< 22 sem) aborto,2020-03-01,1,0,1
20806,JESUS DE MACHACA,salud sexual y reproductiva,hemorragia de la primera mitad del embarazo (< 22 sem) aborto,2020-03-01,1,0,1
21105,LA ASUNTA,salud sexual y reproductiva,hemorragia de la primera mitad del embarazo (< 22 sem) aborto,2020-03-01,0,1,1
70104,LA GUARDIA,salud sexual y reproductiva,hemorragia de la primera mitad del embarazo (< 22 sem) aborto,2020-03-01,2,0,2
20101,LA PAZ,salud sexual y reproductiva,hemorragia de la primera mitad del embarazo (< 22 sem) aborto,2020-03-01,102,1,103
80801,MAGDALENA,salud sexual y reproductiva,hemorragia de la primera mitad del embarazo (< 22 sem) aborto,2020-03-01,0,1,1
70903,MAIRANA,salud sexual y reproductiva,hemorragia de la primera mitad del embarazo (< 22 sem) aborto,2020-03-01,5,0,5
10501,MONTEAGUDO,salud sexual y reproductiva,hemorragia de la primera mitad del embarazo (< 22 sem) aborto,2020-03-01,1,0,1
71001,MONTERO,salud sexual y reproductiva,hemorragia de la primera mitad del embarazo (< 22 sem) aborto,2020-03-01,8,0,8
30302,MOROCHATA,salud sexual y reproductiva,hemorragia de la primera mitad del embarazo (< 22 sem) aborto,2020-03-01,1,0,1
90501,NUEVO MANOA (NUEVA ESPERANZA),salud sexual y reproductiva,hemorragia de la primera mitad del embarazo (< 22 sem) aborto,2020-03-01,1,0,1
50404,OCURI,salud sexual y reproductiva,hemorragia de la primera mitad del embarazo (< 22 sem) aborto,2020-03-01,1,0,1
40101,ORURO,salud sexual y reproductiva,hemorragia de la primera mitad del embarazo (< 22 sem) aborto,2020-03-01,56,0,56
10401,PADILLA,salud sexual y reproductiva,hemorragia de la primera mitad del embarazo (< 22 sem) aborto,2020-03-01,8,0,8
70502,PAILON,salud sexual y reproductiva,hemorragia de la primera mitad del embarazo (< 22 sem) aborto,2020-03-01,5,0,5
20102,PALCA,salud sexual y reproductiva,hemorragia de la primera mitad del embarazo (< 22 sem) aborto,2020-03-01,1,0,1
31203,POCONA,salud sexual y reproductiva,hemorragia de la primera mitad del embarazo (< 22 sem) aborto,2020-03-01,1,0,1
40601,POOPO,salud sexual y reproductiva,hemorragia de la primera mitad del embarazo (< 22 sem) aborto,2020-03-01,0,1,1
70103,PORONGO,salud sexual y reproductiva,hemorragia de la primera mitad del embarazo (< 22 sem) aborto,2020-03-01,1,0,1
50101,POTOSI,salud sexual y reproductiva,hemorragia de la primera mitad del embarazo (< 22 sem) aborto,2020-03-01,13,2,15
90301,PUERTO GONZALO MORENO,salud sexual y reproductiva,hemorragia de la primera mitad del embarazo (< 22 sem) aborto,2020-03-01,0,1,1
90201,PUERTO RICO,salud sexual y reproductiva,hemorragia de la primera mitad del embarazo (< 22 sem) aborto,2020-03-01,1,0,1
31205,PUERTO VILLARROEL,salud sexual y reproductiva,hemorragia de la primera mitad del embarazo (< 22 sem) aborto,2020-03-01,25,0,25
31401,PUNATA,salud sexual y reproductiva,hemorragia de la primera mitad del embarazo (< 22 sem) aborto,2020-03-01,24,0,24
30901,QUILLACOLLO,salud sexual y reproductiva,hemorragia de la primera mitad del embarazo (< 22 sem) aborto,2020-03-01,7,0,7
80201,RIBERALTA,salud sexual y reproductiva,hemorragia de la primera mitad del embarazo (< 22 sem) aborto,2020-03-01,10,0,10
70503,ROBORE,salud sexual y reproductiva,hemorragia de la primera mitad del embarazo (< 22 sem) aborto,2020-03-01,1,0,1
80304,RURRENABAQUE,salud sexual y reproductiva,hemorragia de la primera mitad del embarazo (< 22 sem) aborto,2020-03-01,1,0,1
31001,SACABA,salud sexual y reproductiva,hemorragia de la primera mitad del embarazo (< 22 sem) aborto,2020-03-01,34,19,53
80302,SAN BORJA,salud sexual y reproductiva,hemorragia de la primera mitad del embarazo (< 22 sem) aborto,2020-03-01,8,0,8
21502,SAN BUENA VENTURA,salud sexual y reproductiva,hemorragia de la primera mitad del embarazo (< 22 sem) aborto,2020-03-01,4,1,5
70402,SAN CARLOS,salud sexual y reproductiva,hemorragia de la primera mitad del embarazo (< 22 sem) aborto,2020-03-01,1,0,1
70301,SAN IGNACIO DE VELASCO,salud sexual y reproductiva,hemorragia de la primera mitad del embarazo (< 22 sem) aborto,2020-03-01,12,0,12
71104,SAN JULIAN,salud sexual y reproductiva,hemorragia de la primera mitad del embarazo (< 22 sem) aborto,2020-03-01,4,0,4
60501,SAN LORENZO(TJA),salud sexual y reproductiva,hemorragia de la primera mitad del embarazo (< 22 sem) aborto,2020-03-01,2,0,2
10702,SAN LUCAS,salud sexual y reproductiva,hemorragia de la primera mitad del embarazo (< 22 sem) aborto,2020-03-01,0,1,1
71201,SAN MATIAS,salud sexual y reproductiva,hemorragia de la primera mitad del embarazo (< 22 sem) aborto,2020-03-01,0,2,2
71005,SAN PEDRO,salud sexual y reproductiva,hemorragia de la primera mitad del embarazo (< 22 sem) aborto,2020-03-01,1,0,1
21702,SAN PEDRO DE TIQUINA,salud sexual y reproductiva,hemorragia de la primera mitad del embarazo (< 22 sem) aborto,2020-03-01,0,2,2
70101,SANTA CRUZ DE LA SIERRA,salud sexual y reproductiva,hemorragia de la primera mitad del embarazo (< 22 sem) aborto,2020-03-01,215,56,271
31602,SHINAOTA,salud sexual y reproductiva,hemorragia de la primera mitad del embarazo (< 22 sem) aborto,2020-03-01,10,0,10
30902,SIPE SIPE,salud sexual y reproductiva,hemorragia de la primera mitad del embarazo (< 22 sem) aborto,2020-03-01,2,0,2
10101,SUCRE,salud sexual y reproductiva,hemorragia de la primera mitad del embarazo (< 22 sem) aborto,2020-03-01,48,5,53
50303,TACOBAMBA,salud sexual y reproductiva,hemorragia de la primera mitad del embarazo (< 22 sem) aborto,2020-03-01,0,2,2
10601,TARABUCO,salud sexual y reproductiva,hemorragia de la primera mitad del embarazo (< 22 sem) aborto,2020-03-01,1,1,2
30401,TARATA,salud sexual y reproductiva,hemorragia de la primera mitad del embarazo (< 22 sem) aborto,2020-03-01,2,0,2
60101,TARIJA,salud sexual y reproductiva,hemorragia de la primera mitad del embarazo (< 22 sem) aborto,2020-03-01,60,0,60
10202,TARVITA,salud sexual y reproductiva,hemorragia de la primera mitad del embarazo (< 22 sem) aborto,2020-03-01,0,1,1
20608,TEOPONTE,salud sexual y reproductiva,hemorragia de la primera mitad del embarazo (< 22 sem) aborto,2020-03-01,1,0,1
20606,TIPUANI,salud sexual y reproductiva,hemorragia de la primera mitad del embarazo (< 22 sem) aborto,2020-03-01,0,1,1
30903,TIQUIPAYA,salud sexual y reproductiva,hemorragia de la primera mitad del embarazo (< 22 sem) aborto,2020-03-01,6,0,6
10402,TOMINA,salud sexual y reproductiva,hemorragia de la primera mitad del embarazo (< 22 sem) aborto,2020-03-01,2,0,2
31201,TOTORA(CBBA),salud sexual y reproductiva,hemorragia de la primera mitad del embarazo (< 22 sem) aborto,2020-03-01,1,0,1
80101,TRINIDAD,salud sexual y reproductiva,hemorragia de la primera mitad del embarazo (< 22 sem) aborto,2020-03-01,32,0,32
50801,TUPIZA,salud sexual y reproductiva,hemorragia de la primera mitad del embarazo (< 22 sem) aborto,2020-03-01,5,0,5
51201,UYUNI,salud sexual y reproductiva,hemorragia de la primera mitad del embarazo (< 22 sem) aborto,2020-03-01,8,0,8
70801,VALLEGRANDE,salud sexual y reproductiva,hemorragia de la primera mitad del embarazo (< 22 sem) aborto,2020-03-01,1,0,1
31003,VILLA TUNARI,salud sexual y reproductiva,hemorragia de la primera mitad del embarazo (< 22 sem) aborto,2020-03-01,10,0,10
51501,VILLAZON,salud sexual y reproductiva,hemorragia de la primera mitad del embarazo (< 22 sem) aborto,2020-03-01,11,0,11
70201,WARNES,salud sexual y reproductiva,hemorragia de la primera mitad del embarazo (< 22 sem) aborto,2020-03-01,0,17,17
60301,YACUIBA,salud sexual y reproductiva,hemorragia de la primera mitad del embarazo (< 22 sem) aborto,2020-03-01,6,0,6
70403,YAPACANI,salud sexual y reproductiva,hemorragia de la primera mitad del embarazo (< 22 sem) aborto,2020-03-01,13,4,17
20201,ACHACACHI,salud sexual y reproductiva,hemorragia de la primera mitad del embarazo (< 22 sem) aborto,2020-04-01,5,0,5
30201,AIQUILE,salud sexual y reproductiva,hemorragia de la primera mitad del embarazo (< 22 sem) aborto,2020-04-01,7,0,7
30403,ARBIETO,salud sexual y reproductiva,hemorragia de la primera mitad del embarazo (< 22 sem) aborto,2020-04-01,1,0,1
20502,AYATA,salud sexual y reproductiva,hemorragia de la primera mitad del embarazo (< 22 sem) aborto,2020-04-01,1,0,1
30301,AYOPAYA (V. DE INDEPENDENCIA),salud sexual y reproductiva,hemorragia de la primera mitad del embarazo (< 22 sem) aborto,2020-04-01,1,0,1
10201,AZURDUY,salud sexual y reproductiva,hemorragia de la primera mitad del embarazo (< 22 sem) aborto,2020-04-01,0,1,1
21203,BATALLAS,salud sexual y reproductiva,hemorragia de la primera mitad del embarazo (< 22 sem) aborto,2020-04-01,2,0,2
60202,BERMEJO,salud sexual y reproductiva,hemorragia de la primera mitad del embarazo (< 22 sem) aborto,2020-04-01,3,0,3
21003,CAJUATA,salud sexual y reproductiva,hemorragia de la primera mitad del embarazo (< 22 sem) aborto,2020-04-01,1,0,1
20303,CALACOTO,salud sexual y reproductiva,hemorragia de la primera mitad del embarazo (< 22 sem) aborto,2020-04-01,0,1,1
10701,CAMARGO,salud sexual y reproductiva,hemorragia de la primera mitad del embarazo (< 22 sem) aborto,2020-04-01,0,5,5
70706,CAMIRI,salud sexual y reproductiva,hemorragia de la primera mitad del embarazo (< 22 sem) aborto,2020-04-01,5,2,7
30701,CAPINOTA,salud sexual y reproductiva,hemorragia de la primera mitad del embarazo (< 22 sem) aborto,2020-04-01,1,0,1
40102,CARACOLLO,salud sexual y reproductiva,hemorragia de la primera mitad del embarazo (< 22 sem) aborto,2020-04-01,3,0,3
22001,CARANAVI,salud sexual y reproductiva,hemorragia de la primera mitad del embarazo (< 22 sem) aborto,2020-04-01,2,1,3
60302,CARAPARI,salud sexual y reproductiva,hemorragia de la primera mitad del embarazo (< 22 sem) aborto,2020-04-01,3,0,3
50702,CARIPUYO,salud sexual y reproductiva,hemorragia de la primera mitad del embarazo (< 22 sem) aborto,2020-04-01,2,0,2
40201,CHALLAPATA,salud sexual y reproductiva,hemorragia de la primera mitad del embarazo (< 22 sem) aborto,2020-04-01,5,0,5
70702,CHARAGUA,salud sexual y reproductiva,hemorragia de la primera mitad del embarazo (< 22 sem) aborto,2020-04-01,3,0,3
20203,CHUA COCANI,salud sexual y reproductiva,hemorragia de la primera mitad del embarazo (< 22 sem) aborto,2020-04-01,3,0,3
21101,CHULUMANI (V. DE LA LIBERTAD),salud sexual y reproductiva,hemorragia de la primera mitad del embarazo (< 22 sem) aborto,2020-04-01,2,0,2
51103,CKOCHAS,salud sexual y reproductiva,hemorragia de la primera mitad del embarazo (< 22 sem) aborto,2020-04-01,1,0,1
30801,CLIZA,salud sexual y reproductiva,hemorragia de la primera mitad del embarazo (< 22 sem) aborto,2020-04-01,6,0,6
90101,COBIJA,salud sexual y reproductiva,hemorragia de la primera mitad del embarazo (< 22 sem) aborto,2020-04-01,16,0,16
30303,COCAPATA,salud sexual y reproductiva,hemorragia de la primera mitad del embarazo (< 22 sem) aborto,2020-04-01,0,1,1
30101,COCHABAMBA,salud sexual y reproductiva,hemorragia de la primera mitad del embarazo (< 22 sem) aborto,2020-04-01,52,80,132
30905,COLCAPIRHUA,salud sexual y reproductiva,hemorragia de la primera mitad del embarazo (< 22 sem) aborto,2020-04-01,3,0,3
31002,COLOMI,salud sexual y reproductiva,hemorragia de la primera mitad del embarazo (< 22 sem) aborto,2020-04-01,2,0,2
20304,COMANCHE,salud sexual y reproductiva,hemorragia de la primera mitad del embarazo (< 22 sem) aborto,2020-04-01,1,0,1
71301,COMARAPA,salud sexual y reproductiva,hemorragia de la primera mitad del embarazo (< 22 sem) aborto,2020-04-01,0,2,2
71101,CONCEPCION,salud sexual y reproductiva,hemorragia de la primera mitad del embarazo (< 22 sem) aborto,2020-04-01,5,0,5
21401,COROICO,salud sexual y reproductiva,hemorragia de la primera mitad del embarazo (< 22 sem) aborto,2020-04-01,7,0,7
10902,CULPINA,salud sexual y reproductiva,hemorragia de la primera mitad del embarazo (< 22 sem) aborto,2020-04-01,0,7,7
40401,CURAHUARA DE CARANGAS,salud sexual y reproductiva,hemorragia de la primera mitad del embarazo (< 22 sem) aborto,2020-04-01,0,1,1
20105,EL ALTO,salud sexual y reproductiva,hemorragia de la primera mitad del embarazo (< 22 sem) aborto,2020-04-01,80,11,91
70105,EL TORNO,salud sexual y reproductiva,hemorragia de la primera mitad del embarazo (< 22 sem) aborto,2020-04-01,15,0,15
31206,ENTRE RIOS CBBA,salud sexual y reproductiva,hemorragia de la primera mitad del embarazo (< 22 sem) aborto,2020-04-01,20,0,20
20405,ESCOMA,salud sexual y reproductiva,hemorragia de la primera mitad del embarazo (< 22 sem) aborto,2020-04-01,2,0,2
21601,GRAL. J.J. PEREZ (CHARAZANI),salud sexual y reproductiva,hemorragia de la primera mitad del embarazo (< 22 sem) aborto,2020-04-01,1,0,1
80202,GUAYARAMERIN,salud sexual y reproductiva,hemorragia de la primera mitad del embarazo (< 22 sem) aborto,2020-04-01,2,0,2
40701,HUANUNI,salud sexual y reproductiva,hemorragia de la primera mitad del embarazo (< 22 sem) aborto,2020-04-01,4,0,4
21001,INQUISIVI,salud sexual y reproductiva,hemorragia de la primera mitad del embarazo (< 22 sem) aborto,2020-04-01,0,1,1
21102,IRUPANA (VILLA DE LANZA),salud sexual y reproductiva,hemorragia de la primera mitad del embarazo (< 22 sem) aborto,2020-04-01,3,0,3
20806,JESUS DE MACHACA,salud sexual y reproductiva,hemorragia de la primera mitad del embarazo (< 22 sem) aborto,2020-04-01,1,0,1
21105,LA ASUNTA,salud sexual y reproductiva,hemorragia de la primera mitad del embarazo (< 22 sem) aborto,2020-04-01,1,0,1
70104,LA GUARDIA,salud sexual y reproductiva,hemorragia de la primera mitad del embarazo (< 22 sem) aborto,2020-04-01,0,5,5
20101,LA PAZ,salud sexual y reproductiva,hemorragia de la primera mitad del embarazo (< 22 sem) aborto,2020-04-01,100,7,107
70903,MAIRANA,salud sexual y reproductiva,hemorragia de la primera mitad del embarazo (< 22 sem) aborto,2020-04-01,4,0,4
31301,MIZQUE,salud sexual y reproductiva,hemorragia de la primera mitad del embarazo (< 22 sem) aborto,2020-04-01,2,0,2
10501,MONTEAGUDO,salud sexual y reproductiva,hemorragia de la primera mitad del embarazo (< 22 sem) aborto,2020-04-01,1,1,2
71001,MONTERO,salud sexual y reproductiva,hemorragia de la primera mitad del embarazo (< 22 sem) aborto,2020-04-01,1,0,1
90401,NACEBE (SANTA ROSA DEL ABUNA),salud sexual y reproductiva,hemorragia de la primera mitad del embarazo (< 22 sem) aborto,2020-04-01,0,2,2
20307,NAZACARA DE PACAJES,salud sexual y reproductiva,hemorragia de la primera mitad del embarazo (< 22 sem) aborto,2020-04-01,1,0,1
50404,OCURI,salud sexual y reproductiva,hemorragia de la primera mitad del embarazo (< 22 sem) aborto,2020-04-01,2,0,2
40101,ORURO,salud sexual y reproductiva,hemorragia de la primera mitad del embarazo (< 22 sem) aborto,2020-04-01,46,2,48
10401,PADILLA,salud sexual y reproductiva,hemorragia de la primera mitad del embarazo (< 22 sem) aborto,2020-04-01,4,0,4
70502,PAILON,salud sexual y reproductiva,hemorragia de la primera mitad del embarazo (< 22 sem) aborto,2020-04-01,1,0,1
10103,POROMA,salud sexual y reproductiva,hemorragia de la primera mitad del embarazo (< 22 sem) aborto,2020-04-01,0,1,1
50101,POTOSI,salud sexual y reproductiva,hemorragia de la primera mitad del embarazo (< 22 sem) aborto,2020-04-01,14,6,20
90301,PUERTO GONZALO MORENO,salud sexual y reproductiva,hemorragia de la primera mitad del embarazo (< 22 sem) aborto,2020-04-01,1,0,1
31205,PUERTO VILLARROEL,salud sexual y reproductiva,hemorragia de la primera mitad del embarazo (< 22 sem) aborto,2020-04-01,40,0,40
31401,PUNATA,salud sexual y reproductiva,hemorragia de la primera mitad del embarazo (< 22 sem) aborto,2020-04-01,17,0,17
30901,QUILLACOLLO,salud sexual y reproductiva,hemorragia de la primera mitad del embarazo (< 22 sem) aborto,2020-04-01,10,0,10
31304,RAQAYPAMPA(ETA),salud sexual y reproductiva,hemorragia de la primera mitad del embarazo (< 22 sem) aborto,2020-04-01,1,1,2
80201,RIBERALTA,salud sexual y reproductiva,hemorragia de la primera mitad del embarazo (< 22 sem) aborto,2020-04-01,13,0,13
70503,ROBORE,salud sexual y reproductiva,hemorragia de la primera mitad del embarazo (< 22 sem) aborto,2020-04-01,2,0,2
80304,RURRENABAQUE,salud sexual y reproductiva,hemorragia de la primera mitad del embarazo (< 22 sem) aborto,2020-04-01,3,0,3
31001,SACABA,salud sexual y reproductiva,hemorragia de la primera mitad del embarazo (< 22 sem) aborto,2020-04-01,40,0,40
40801,SALINAS DE GARCI MENDOZA,salud sexual y reproductiva,hemorragia de la primera mitad del embarazo (< 22 sem) aborto,2020-04-01,2,0,2
80302,SAN BORJA,salud sexual y reproductiva,hemorragia de la primera mitad del embarazo (< 22 sem) aborto,2020-04-01,5,0,5
21502,SAN BUENA VENTURA,salud sexual y reproductiva,hemorragia de la primera mitad del embarazo (< 22 sem) aborto,2020-04-01,2,0,2
70402,SAN CARLOS,salud sexual y reproductiva,hemorragia de la primera mitad del embarazo (< 22 sem) aborto,2020-04-01,2,0,2
70301,SAN IGNACIO DE VELASCO,salud sexual y reproductiva,hemorragia de la primera mitad del embarazo (< 22 sem) aborto,2020-04-01,7,0,7
70501,SAN JOSE DE CHIQUITOS,salud sexual y reproductiva,hemorragia de la primera mitad del embarazo (< 22 sem) aborto,2020-04-01,7,0,7
71104,SAN JULIAN,salud sexual y reproductiva,hemorragia de la primera mitad del embarazo (< 22 sem) aborto,2020-04-01,8,0,8
60501,SAN LORENZO(TJA),salud sexual y reproductiva,hemorragia de la primera mitad del embarazo (< 22 sem) aborto,2020-04-01,1,0,1
10702,SAN LUCAS,salud sexual y reproductiva,hemorragia de la primera mitad del embarazo (< 22 sem) aborto,2020-04-01,0,1,1
71201,SAN MATIAS,salud sexual y reproductiva,hemorragia de la primera mitad del embarazo (< 22 sem) aborto,2020-04-01,1,0,1
70302,SAN MIGUEL DE VELASCO,salud sexual y reproductiva,hemorragia de la primera mitad del embarazo (< 22 sem) aborto,2020-04-01,5,0,5
80702,SAN RAMON BENI,salud sexual y reproductiva,hemorragia de la primera mitad del embarazo (< 22 sem) aborto,2020-04-01,1,0,1
80401,SANTA ANA,salud sexual y reproductiva,hemorragia de la primera mitad del embarazo (< 22 sem) aborto,2020-04-01,8,0,8
70101,SANTA CRUZ DE LA SIERRA,salud sexual y reproductiva,hemorragia de la primera mitad del embarazo (< 22 sem) aborto,2020-04-01,138,58,196
90303,SENA,salud sexual y reproductiva,hemorragia de la primera mitad del embarazo (< 22 sem) aborto,2020-04-01,0,3,3
31602,SHINAOTA,salud sexual y reproductiva,hemorragia de la primera mitad del embarazo (< 22 sem) aborto,2020-04-01,1,0,1
30703,SICAYA,salud sexual y reproductiva,hemorragia de la primera mitad del embarazo (< 22 sem) aborto,2020-04-01,0,1,1
30902,SIPE SIPE,salud sexual y reproductiva,hemorragia de la primera mitad del embarazo (< 22 sem) aborto,2020-04-01,5,0,5
10101,SUCRE,salud sexual y reproductiva,hemorragia de la primera mitad del embarazo (< 22 sem) aborto,2020-04-01,54,0,54
20603,TACACOMA,salud sexual y reproductiva,hemorragia de la primera mitad del embarazo (< 22 sem) aborto,2020-04-01,0,1,1
10601,TARABUCO,salud sexual y reproductiva,hemorragia de la primera mitad del embarazo (< 22 sem) aborto,2020-04-01,2,0,2
60101,TARIJA,salud sexual y reproductiva,hemorragia de la primera mitad del embarazo (< 22 sem) aborto,2020-04-01,48,0,48
10202,TARVITA,salud sexual y reproductiva,hemorragia de la primera mitad del embarazo (< 22 sem) aborto,2020-04-01,1,1,2
20606,TIPUANI,salud sexual y reproductiva,hemorragia de la primera mitad del embarazo (< 22 sem) aborto,2020-04-01,1,0,1
30903,TIQUIPAYA,salud sexual y reproductiva,hemorragia de la primera mitad del embarazo (< 22 sem) aborto,2020-04-01,5,0,5
31201,TOTORA(CBBA),salud sexual y reproductiva,hemorragia de la primera mitad del embarazo (< 22 sem) aborto,2020-04-01,3,0,3
80101,TRINIDAD,salud sexual y reproductiva,hemorragia de la primera mitad del embarazo (< 22 sem) aborto,2020-04-01,23,1,24
50801,TUPIZA,salud sexual y reproductiva,hemorragia de la primera mitad del embarazo (< 22 sem) aborto,2020-04-01,10,0,10
40402,TURCO,salud sexual y reproductiva,hemorragia de la primera mitad del embarazo (< 22 sem) aborto,2020-04-01,0,1,1
50201,UNCIA,salud sexual y reproductiva,hemorragia de la primera mitad del embarazo (< 22 sem) aborto,2020-04-01,0,1,1
51201,UYUNI,salud sexual y reproductiva,hemorragia de la primera mitad del embarazo (< 22 sem) aborto,2020-04-01,10,0,10
60303,VILLA MONTES,salud sexual y reproductiva,hemorragia de la primera mitad del embarazo (< 22 sem) aborto,2020-04-01,0,6,6
31003,VILLA TUNARI,salud sexual y reproductiva,hemorragia de la primera mitad del embarazo (< 22 sem) aborto,2020-04-01,11,0,11
51501,VILLAZON,salud sexual y reproductiva,hemorragia de la primera mitad del embarazo (< 22 sem) aborto,2020-04-01,18,0,18
30904,VINTO,salud sexual y reproductiva,hemorragia de la primera mitad del embarazo (< 22 sem) aborto,2020-04-01,15,0,15
50602,VITICHI,salud sexual y reproductiva,hemorragia de la primera mitad del embarazo (< 22 sem) aborto,2020-04-01,3,0,3
70201,WARNES,salud sexual y reproductiva,hemorragia de la primera mitad del embarazo (< 22 sem) aborto,2020-04-01,0,12,12
60301,YACUIBA,salud sexual y reproductiva,hemorragia de la primera mitad del embarazo (< 22 sem) aborto,2020-04-01,13,0,13
70403,YAPACANI,salud sexual y reproductiva,hemorragia de la primera mitad del embarazo (< 22 sem) aborto,2020-04-01,12,2,14
20201,ACHACACHI,salud sexual y reproductiva,hemorragia de la primera mitad del embarazo (< 22 sem) aborto,2020-05-01,4,0,4
30201,AIQUILE,salud sexual y reproductiva,hemorragia de la primera mitad del embarazo (< 22 sem) aborto,2020-05-01,3,0,3
30301,AYOPAYA (V. DE INDEPENDENCIA),salud sexual y reproductiva,hemorragia de la primera mitad del embarazo (< 22 sem) aborto,2020-05-01,1,0,1
60202,BERMEJO,salud sexual y reproductiva,hemorragia de la primera mitad del embarazo (< 22 sem) aborto,2020-05-01,1,0,1
20905,CAIROMA,salud sexual y reproductiva,hemorragia de la primera mitad del embarazo (< 22 sem) aborto,2020-05-01,1,0,1
10701,CAMARGO,salud sexual y reproductiva,hemorragia de la primera mitad del embarazo (< 22 sem) aborto,2020-05-01,0,3,3
70706,CAMIRI,salud sexual y reproductiva,hemorragia de la primera mitad del embarazo (< 22 sem) aborto,2020-05-01,5,0,5
30701,CAPINOTA,salud sexual y reproductiva,hemorragia de la primera mitad del embarazo (< 22 sem) aborto,2020-05-01,5,0,5
40102,CARACOLLO,salud sexual y reproductiva,hemorragia de la primera mitad del embarazo (< 22 sem) aborto,2020-05-01,4,0,4
22001,CARANAVI,salud sexual y reproductiva,hemorragia de la primera mitad del embarazo (< 22 sem) aborto,2020-05-01,9,0,9
40201,CHALLAPATA,salud sexual y reproductiva,hemorragia de la primera mitad del embarazo (< 22 sem) aborto,2020-05-01,1,0,1
21101,CHULUMANI (V. DE LA LIBERTAD),salud sexual y reproductiva,hemorragia de la primera mitad del embarazo (< 22 sem) aborto,2020-05-01,1,0,1
30801,CLIZA,salud sexual y reproductiva,hemorragia de la primera mitad del embarazo (< 22 sem) aborto,2020-05-01,3,0,3
90101,COBIJA,salud sexual y reproductiva,hemorragia de la primera mitad del embarazo (< 22 sem) aborto,2020-05-01,14,0,14
30101,COCHABAMBA,salud sexual y reproductiva,hemorragia de la primera mitad del embarazo (< 22 sem) aborto,2020-05-01,91,79,170
30905,COLCAPIRHUA,salud sexual y reproductiva,hemorragia de la primera mitad del embarazo (< 22 sem) aborto,2020-05-01,1,0,1
50401,COLQUECHACA,salud sexual y reproductiva,hemorragia de la primera mitad del embarazo (< 22 sem) aborto,2020-05-01,1,1,2
71301,COMARAPA,salud sexual y reproductiva,hemorragia de la primera mitad del embarazo (< 22 sem) aborto,2020-05-01,0,3,3
71101,CONCEPCION,salud sexual y reproductiva,hemorragia de la primera mitad del embarazo (< 22 sem) aborto,2020-05-01,4,0,4
21401,COROICO,salud sexual y reproductiva,hemorragia de la primera mitad del embarazo (< 22 sem) aborto,2020-05-01,8,0,8
10902,CULPINA,salud sexual y reproductiva,hemorragia de la primera mitad del embarazo (< 22 sem) aborto,2020-05-01,0,6,6
20105,EL ALTO,salud sexual y reproductiva,hemorragia de la primera mitad del embarazo (< 22 sem) aborto,2020-05-01,83,2,85
70105,EL TORNO,salud sexual y reproductiva,hemorragia de la primera mitad del embarazo (< 22 sem) aborto,2020-05-01,7,0,7
31206,ENTRE RIOS CBBA,salud sexual y reproductiva,hemorragia de la primera mitad del embarazo (< 22 sem) aborto,2020-05-01,7,0,7
80202,GUAYARAMERIN,salud sexual y reproductiva,hemorragia de la primera mitad del embarazo (< 22 sem) aborto,2020-05-01,1,0,1
40701,HUANUNI,salud sexual y reproductiva,hemorragia de la primera mitad del embarazo (< 22 sem) aborto,2020-05-01,3,0,3
10703,INCAHUASI,salud sexual y reproductiva,hemorragia de la primera mitad del embarazo (< 22 sem) aborto,2020-05-01,2,0,2
21102,IRUPANA (VILLA DE LANZA),salud sexual y reproductiva,hemorragia de la primera mitad del embarazo (< 22 sem) aborto,2020-05-01,1,0,1
20806,JESUS DE MACHACA,salud sexual y reproductiva,hemorragia de la primera mitad del embarazo (< 22 sem) aborto,2020-05-01,0,1,1
70104,LA GUARDIA,salud sexual y reproductiva,hemorragia de la primera mitad del embarazo (< 22 sem) aborto,2020-05-01,8,3,11
20101,LA PAZ,salud sexual y reproductiva,hemorragia de la primera mitad del embarazo (< 22 sem) aborto,2020-05-01,73,0,73
51401,LLICA,salud sexual y reproductiva,hemorragia de la primera mitad del embarazo (< 22 sem) aborto,2020-05-01,1,0,1
11003,MACHARETI,salud sexual y reproductiva,hemorragia de la primera mitad del embarazo (< 22 sem) aborto,2020-05-01,1,1,2
31301,MIZQUE,salud sexual y reproductiva,hemorragia de la primera mitad del embarazo (< 22 sem) aborto,2020-05-01,1,0,1
10501,MONTEAGUDO,salud sexual y reproductiva,hemorragia de la primera mitad del embarazo (< 22 sem) aborto,2020-05-01,8,0,8
71001,MONTERO,salud sexual y reproductiva,hemorragia de la primera mitad del embarazo (< 22 sem) aborto,2020-05-01,2,0,2
30302,MOROCHATA,salud sexual y reproductiva,hemorragia de la primera mitad del embarazo (< 22 sem) aborto,2020-05-01,1,0,1
50404,OCURI,salud sexual y reproductiva,hemorragia de la primera mitad del embarazo (< 22 sem) aborto,2020-05-01,1,0,1
40101,ORURO,salud sexual y reproductiva,hemorragia de la primera mitad del embarazo (< 22 sem) aborto,2020-05-01,39,0,39
10401,PADILLA,salud sexual y reproductiva,hemorragia de la primera mitad del embarazo (< 22 sem) aborto,2020-05-01,2,0,2
70502,PAILON,salud sexual y reproductiva,hemorragia de la primera mitad del embarazo (< 22 sem) aborto,2020-05-01,1,0,1
21104,PALOS BLANCOS,salud sexual y reproductiva,hemorragia de la primera mitad del embarazo (< 22 sem) aborto,2020-05-01,0,1,1
21305,PATACAMAYA,salud sexual y reproductiva,hemorragia de la primera mitad del embarazo (< 22 sem) aborto,2020-05-01,1,0,1
31203,POCONA,salud sexual y reproductiva,hemorragia de la primera mitad del embarazo (< 22 sem) aborto,2020-05-01,1,0,1
50101,POTOSI,salud sexual y reproductiva,hemorragia de la primera mitad del embarazo (< 22 sem) aborto,2020-05-01,13,13,26
10302,PRESTO,salud sexual y reproductiva,hemorragia de la primera mitad del embarazo (< 22 sem) aborto,2020-05-01,1,0,1
31205,PUERTO VILLARROEL,salud sexual y reproductiva,hemorragia de la primera mitad del embarazo (< 22 sem) aborto,2020-05-01,10,0,10
31401,PUNATA,salud sexual y reproductiva,hemorragia de la primera mitad del embarazo (< 22 sem) aborto,2020-05-01,14,0,14
30901,QUILLACOLLO,salud sexual y reproductiva,hemorragia de la primera mitad del embarazo (< 22 sem) aborto,2020-05-01,7,0,7
50402,RAVELO,salud sexual y reproductiva,hemorragia de la primera mitad del embarazo (< 22 sem) aborto,2020-05-01,1,0,1
80201,RIBERALTA,salud sexual y reproductiva,hemorragia de la primera mitad del embarazo (< 22 sem) aborto,2020-05-01,12,0,12
70503,ROBORE,salud sexual y reproductiva,hemorragia de la primera mitad del embarazo (< 22 sem) aborto,2020-05-01,1,0,1
80304,RURRENABAQUE,salud sexual y reproductiva,hemorragia de la primera mitad del embarazo (< 22 sem) aborto,2020-05-01,2,0,2
31001,SACABA,salud sexual y reproductiva,hemorragia de la primera mitad del embarazo (< 22 sem) aborto,2020-05-01,37,1,38
80302,SAN BORJA,salud sexual y reproductiva,hemorragia de la primera mitad del embarazo (< 22 sem) aborto,2020-05-01,4,0,4
70402,SAN CARLOS,salud sexual y reproductiva,hemorragia de la primera mitad del embarazo (< 22 sem) aborto,2020-05-01,5,1,6
80501,SAN IGNACIO,salud sexual y reproductiva,hemorragia de la primera mitad del embarazo (< 22 sem) aborto,2020-05-01,2,0,2
70301,SAN IGNACIO DE VELASCO,salud sexual y reproductiva,hemorragia de la primera mitad del embarazo (< 22 sem) aborto,2020-05-01,8,0,8
71102,SAN JAVIER(STC),salud sexual y reproductiva,hemorragia de la primera mitad del embarazo (< 22 sem) aborto,2020-05-01,1,0,1
70501,SAN JOSE DE CHIQUITOS,salud sexual y reproductiva,hemorragia de la primera mitad del embarazo (< 22 sem) aborto,2020-05-01,3,0,3
60501,SAN LORENZO(TJA),salud sexual y reproductiva,hemorragia de la primera mitad del embarazo (< 22 sem) aborto,2020-05-01,1,0,1
10702,SAN LUCAS,salud sexual y reproductiva,hemorragia de la primera mitad del embarazo (< 22 sem) aborto,2020-05-01,0,1,1
71201,SAN MATIAS,salud sexual y reproductiva,hemorragia de la primera mitad del embarazo (< 22 sem) aborto,2020-05-01,0,3,3
70302,SAN MIGUEL DE VELASCO,salud sexual y reproductiva,hemorragia de la primera mitad del embarazo (< 22 sem) aborto,2020-05-01,2,0,2
70101,SANTA CRUZ DE LA SIERRA,salud sexual y reproductiva,hemorragia de la primera mitad del embarazo (< 22 sem) aborto,2020-05-01,102,49,151
90303,SENA,salud sexual y reproductiva,hemorragia de la primera mitad del embarazo (< 22 sem) aborto,2020-05-01,0,1,1
31602,SHINAOTA,salud sexual y reproductiva,hemorragia de la primera mitad del embarazo (< 22 sem) aborto,2020-05-01,3,0,3
21301,SICA SICA (VILLA AROMA),salud sexual y reproductiva,hemorragia de la primera mitad del embarazo (< 22 sem) aborto,2020-05-01,2,0,2
30902,SIPE SIPE,salud sexual y reproductiva,hemorragia de la primera mitad del embarazo (< 22 sem) aborto,2020-05-01,1,0,1
20601,SORATA,salud sexual y reproductiva,hemorragia de la primera mitad del embarazo (< 22 sem) aborto,2020-05-01,1,0,1
10101,SUCRE,salud sexual y reproductiva,hemorragia de la primera mitad del embarazo (< 22 sem) aborto,2020-05-01,50,9,59
50303,TACOBAMBA,salud sexual y reproductiva,hemorragia de la primera mitad del embarazo (< 22 sem) aborto,2020-05-01,1,0,1
10601,TARABUCO,salud sexual y reproductiva,hemorragia de la primera mitad del embarazo (< 22 sem) aborto,2020-05-01,1,0,1
30401,TARATA,salud sexual y reproductiva,hemorragia de la primera mitad del embarazo (< 22 sem) aborto,2020-05-01,2,0,2
60101,TARIJA,salud sexual y reproductiva,hemorragia de la primera mitad del embarazo (< 22 sem) aborto,2020-05-01,40,0,40
20803,TIAHUANACU,salud sexual y reproductiva,hemorragia de la primera mitad del embarazo (< 22 sem) aborto,2020-05-01,1,0,1
30903,TIQUIPAYA,salud sexual y reproductiva,hemorragia de la primera mitad del embarazo (< 22 sem) aborto,2020-05-01,5,0,5
21703,TITO YUPANQUI (PARQUIPUJIO),salud sexual y reproductiva,hemorragia de la primera mitad del embarazo (< 22 sem) aborto,2020-05-01,1,0,1
30802,TOCO,salud sexual y reproductiva,hemorragia de la primera mitad del embarazo (< 22 sem) aborto,2020-05-01,1,0,1
30803,TOLATA,salud sexual y reproductiva,hemorragia de la primera mitad del embarazo (< 22 sem) aborto,2020-05-01,0,1,1
31201,TOTORA(CBBA),salud sexual y reproductiva,hemorragia de la primera mitad del embarazo (< 22 sem) aborto,2020-05-01,4,0,4
80101,TRINIDAD,salud sexual y reproductiva,hemorragia de la primera mitad del embarazo (< 22 sem) aborto,2020-05-01,14,0,14
50801,TUPIZA,salud sexual y reproductiva,hemorragia de la primera mitad del embarazo (< 22 sem) aborto,2020-05-01,11,0,11
51201,UYUNI,salud sexual y reproductiva,hemorragia de la primera mitad del embarazo (< 22 sem) aborto,2020-05-01,6,0,6
20801,VIACHA,salud sexual y reproductiva,hemorragia de la primera mitad del embarazo (< 22 sem) aborto,2020-05-01,1,0,1
60303,VILLA MONTES,salud sexual y reproductiva,hemorragia de la primera mitad del embarazo (< 22 sem) aborto,2020-05-01,1,2,3
31003,VILLA TUNARI,salud sexual y reproductiva,hemorragia de la primera mitad del embarazo (< 22 sem) aborto,2020-05-01,10,0,10
51501,VILLAZON,salud sexual y reproductiva,hemorragia de la primera mitad del embarazo (< 22 sem) aborto,2020-05-01,13,0,13
30904,VINTO,salud sexual y reproductiva,hemorragia de la primera mitad del embarazo (< 22 sem) aborto,2020-05-01,4,0,4
50602,VITICHI,salud sexual y reproductiva,hemorragia de la primera mitad del embarazo (< 22 sem) aborto,2020-05-01,1,0,1
70201,WARNES,salud sexual y reproductiva,hemorragia de la primera mitad del embarazo (< 22 sem) aborto,2020-05-01,0,9,9
60301,YACUIBA,salud sexual y reproductiva,hemorragia de la primera mitad del embarazo (< 22 sem) aborto,2020-05-01,2,0,2
70403,YAPACANI,salud sexual y reproductiva,hemorragia de la primera mitad del embarazo (< 22 sem) aborto,2020-05-01,6,0,6
10102,YOTALA,salud sexual y reproductiva,hemorragia de la primera mitad del embarazo (< 22 sem) aborto,2020-05-01,0,1,1
20201,ACHACACHI,salud sexual y reproductiva,hemorragia de la primera mitad del embarazo (< 22 sem) aborto,2020-06-01,2,0,2
30201,AIQUILE,salud sexual y reproductiva,hemorragia de la primera mitad del embarazo (< 22 sem) aborto,2020-06-01,5,0,5
30403,ARBIETO,salud sexual y reproductiva,hemorragia de la primera mitad del embarazo (< 22 sem) aborto,2020-06-01,1,0,1
30601,ARQUE,salud sexual y reproductiva,hemorragia de la primera mitad del embarazo (< 22 sem) aborto,2020-06-01,0,1,1
20502,AYATA,salud sexual y reproductiva,hemorragia de la primera mitad del embarazo (< 22 sem) aborto,2020-06-01,0,1,1
30301,AYOPAYA (V. DE INDEPENDENCIA),salud sexual y reproductiva,hemorragia de la primera mitad del embarazo (< 22 sem) aborto,2020-06-01,1,0,1
21203,BATALLAS,salud sexual y reproductiva,hemorragia de la primera mitad del embarazo (< 22 sem) aborto,2020-06-01,1,0,1
60202,BERMEJO,salud sexual y reproductiva,hemorragia de la primera mitad del embarazo (< 22 sem) aborto,2020-06-01,6,0,6
20905,CAIROMA,salud sexual y reproductiva,hemorragia de la primera mitad del embarazo (< 22 sem) aborto,2020-06-01,1,0,1
21003,CAJUATA,salud sexual y reproductiva,hemorragia de la primera mitad del embarazo (< 22 sem) aborto,2020-06-01,0,1,1
10701,CAMARGO,salud sexual y reproductiva,hemorragia de la primera mitad del embarazo (< 22 sem) aborto,2020-06-01,0,6,6
70706,CAMIRI,salud sexual y reproductiva,hemorragia de la primera mitad del embarazo (< 22 sem) aborto,2020-06-01,6,0,6
30701,CAPINOTA,salud sexual y reproductiva,hemorragia de la primera mitad del embarazo (< 22 sem) aborto,2020-06-01,3,0,3
40102,CARACOLLO,salud sexual y reproductiva,hemorragia de la primera mitad del embarazo (< 22 sem) aborto,2020-06-01,3,0,3
22001,CARANAVI,salud sexual y reproductiva,hemorragia de la primera mitad del embarazo (< 22 sem) aborto,2020-06-01,18,0,18
60302,CARAPARI,salud sexual y reproductiva,hemorragia de la primera mitad del embarazo (< 22 sem) aborto,2020-06-01,2,0,2
50702,CARIPUYO,salud sexual y reproductiva,hemorragia de la primera mitad del embarazo (< 22 sem) aborto,2020-06-01,2,0,2
21902,CATACORA,salud sexual y reproductiva,hemorragia de la primera mitad del embarazo (< 22 sem) aborto,2020-06-01,0,1,1
40201,CHALLAPATA,salud sexual y reproductiva,hemorragia de la primera mitad del embarazo (< 22 sem) aborto,2020-06-01,1,0,1
70702,CHARAGUA,salud sexual y reproductiva,hemorragia de la primera mitad del embarazo (< 22 sem) aborto,2020-06-01,1,0,1
50202,CHAYANTA,salud sexual y reproductiva,hemorragia de la primera mitad del embarazo (< 22 sem) aborto,2020-06-01,0,1,1
30801,CLIZA,salud sexual y reproductiva,hemorragia de la primera mitad del embarazo (< 22 sem) aborto,2020-06-01,12,0,12
90101,COBIJA,salud sexual y reproductiva,hemorragia de la primera mitad del embarazo (< 22 sem) aborto,2020-06-01,10,0,10
30101,COCHABAMBA,salud sexual y reproductiva,hemorragia de la primera mitad del embarazo (< 22 sem) aborto,2020-06-01,91,1,92
30905,COLCAPIRHUA,salud sexual y reproductiva,hemorragia de la primera mitad del embarazo (< 22 sem) aborto,2020-06-01,4,1,5
50401,COLQUECHACA,salud sexual y reproductiva,hemorragia de la primera mitad del embarazo (< 22 sem) aborto,2020-06-01,3,0,3
71301,COMARAPA,salud sexual y reproductiva,hemorragia de la primera mitad del embarazo (< 22 sem) aborto,2020-06-01,0,1,1
71101,CONCEPCION,salud sexual y reproductiva,hemorragia de la primera mitad del embarazo (< 22 sem) aborto,2020-06-01,6,0,6
21401,COROICO,salud sexual y reproductiva,hemorragia de la primera mitad del embarazo (< 22 sem) aborto,2020-06-01,2,0,2
50601,COTAGAITA,salud sexual y reproductiva,hemorragia de la primera mitad del embarazo (< 22 sem) aborto,2020-06-01,1,1,2
10902,CULPINA,salud sexual y reproductiva,hemorragia de la primera mitad del embarazo (< 22 sem) aborto,2020-06-01,0,2,2
20105,EL ALTO,salud sexual y reproductiva,hemorragia de la primera mitad del embarazo (< 22 sem) aborto,2020-06-01,81,6,87
70105,EL TORNO,salud sexual y reproductiva,hemorragia de la primera mitad del embarazo (< 22 sem) aborto,2020-06-01,8,0,8
31206,ENTRE RIOS CBBA,salud sexual y reproductiva,hemorragia de la primera mitad del embarazo (< 22 sem) aborto,2020-06-01,2,0,2
20602,GUANAY,salud sexual y reproductiva,hemorragia de la primera mitad del embarazo (< 22 sem) aborto,2020-06-01,1,0,1
80202,GUAYARAMERIN,salud sexual y reproductiva,hemorragia de la primera mitad del embarazo (< 22 sem) aborto,2020-06-01,0,1,1
40701,HUANUNI,salud sexual y reproductiva,hemorragia de la primera mitad del embarazo (< 22 sem) aborto,2020-06-01,5,0,5
10304,ICLA,salud sexual y reproductiva,hemorragia de la primera mitad del embarazo (< 22 sem) aborto,2020-06-01,1,0,1
21102,IRUPANA (VILLA DE LANZA),salud sexual y reproductiva,hemorragia de la primera mitad del embarazo (< 22 sem) aborto,2020-06-01,5,0,5
70104,LA GUARDIA,salud sexual y reproductiva,hemorragia de la primera mitad del embarazo (< 22 sem) aborto,2020-06-01,5,3,8
20101,LA PAZ,salud sexual y reproductiva,hemorragia de la primera mitad del embarazo (< 22 sem) aborto,2020-06-01,145,0,145
70903,MAIRANA,salud sexual y reproductiva,hemorragia de la primera mitad del embarazo (< 22 sem) aborto,2020-06-01,3,0,3
20607,MAPIRI,salud sexual y reproductiva,hemorragia de la primera mitad del embarazo (< 22 sem) aborto,2020-06-01,0,1,1
31301,MIZQUE,salud sexual y reproductiva,hemorragia de la primera mitad del embarazo (< 22 sem) aborto,2020-06-01,1,0,1
10501,MONTEAGUDO,salud sexual y reproductiva,hemorragia de la primera mitad del embarazo (< 22 sem) aborto,2020-06-01,4,0,4
71001,MONTERO,salud sexual y reproductiva,hemorragia de la primera mitad del embarazo (< 22 sem) aborto,2020-06-01,1,0,1
50404,OCURI,salud sexual y reproductiva,hemorragia de la primera mitad del embarazo (< 22 sem) aborto,2020-06-01,2,0,2
30203,OMEREQUE,salud sexual y reproductiva,hemorragia de la primera mitad del embarazo (< 22 sem) aborto,2020-06-01,1,0,1
40101,ORURO,salud sexual y reproductiva,hemorragia de la primera mitad del embarazo (< 22 sem) aborto,2020-06-01,56,0,56
10401,PADILLA,salud sexual y reproductiva,hemorragia de la primera mitad del embarazo (< 22 sem) aborto,2020-06-01,9,0,9
21305,PATACAMAYA,salud sexual y reproductiva,hemorragia de la primera mitad del embarazo (< 22 sem) aborto,2020-06-01,4,0,4
31203,POCONA,salud sexual y reproductiva,hemorragia de la primera mitad del embarazo (< 22 sem) aborto,2020-06-01,2,0,2
31202,POJO (CBBA),salud sexual y reproductiva,hemorragia de la primera mitad del embarazo (< 22 sem) aborto,2020-06-01,1,0,1
10103,POROMA,salud sexual y reproductiva,hemorragia de la primera mitad del embarazo (< 22 sem) aborto,2020-06-01,0,1,1
50101,POTOSI,salud sexual y reproductiva,hemorragia de la primera mitad del embarazo (< 22 sem) aborto,2020-06-01,3,4,7
31205,PUERTO VILLARROEL,salud sexual y reproductiva,hemorragia de la primera mitad del embarazo (< 22 sem) aborto,2020-06-01,18,0,18
51101,PUNA,salud sexual y reproductiva,hemorragia de la primera mitad del embarazo (< 22 sem) aborto,2020-06-01,1,0,1
31401,PUNATA,salud sexual y reproductiva,hemorragia de la primera mitad del embarazo (< 22 sem) aborto,2020-06-01,15,0,15
30901,QUILLACOLLO,salud sexual y reproductiva,hemorragia de la primera mitad del embarazo (< 22 sem) aborto,2020-06-01,12,0,12
31304,RAQAYPAMPA(ETA),salud sexual y reproductiva,hemorragia de la primera mitad del embarazo (< 22 sem) aborto,2020-06-01,1,0,1
80201,RIBERALTA,salud sexual y reproductiva,hemorragia de la primera mitad del embarazo (< 22 sem) aborto,2020-06-01,7,1,8
70503,ROBORE,salud sexual y reproductiva,hemorragia de la primera mitad del embarazo (< 22 sem) aborto,2020-06-01,2,0,2
80304,RURRENABAQUE,salud sexual y reproductiva,hemorragia de la primera mitad del embarazo (< 22 sem) aborto,2020-06-01,4,0,4
31001,SACABA,salud sexual y reproductiva,hemorragia de la primera mitad del embarazo (< 22 sem) aborto,2020-06-01,48,0,48
80302,SAN BORJA,salud sexual y reproductiva,hemorragia de la primera mitad del embarazo (< 22 sem) aborto,2020-06-01,4,0,4
70402,SAN CARLOS,salud sexual y reproductiva,hemorragia de la primera mitad del embarazo (< 22 sem) aborto,2020-06-01,1,0,1
80501,SAN IGNACIO,salud sexual y reproductiva,hemorragia de la primera mitad del embarazo (< 22 sem) aborto,2020-06-01,2,0,2
70301,SAN IGNACIO DE VELASCO,salud sexual y reproductiva,hemorragia de la primera mitad del embarazo (< 22 sem) aborto,2020-06-01,3,0,3
71104,SAN JULIAN,salud sexual y reproductiva,hemorragia de la primera mitad del embarazo (< 22 sem) aborto,2020-06-01,2,0,2
10702,SAN LUCAS,salud sexual y reproductiva,hemorragia de la primera mitad del embarazo (< 22 sem) aborto,2020-06-01,4,1,5
71201,SAN MATIAS,salud sexual y reproductiva,hemorragia de la primera mitad del embarazo (< 22 sem) aborto,2020-06-01,1,2,3
70101,SANTA CRUZ DE LA SIERRA,salud sexual y reproductiva,hemorragia de la primera mitad del embarazo (< 22 sem) aborto,2020-06-01,130,34,164
31602,SHINAOTA,salud sexual y reproductiva,hemorragia de la primera mitad del embarazo (< 22 sem) aborto,2020-06-01,8,0,8
30902,SIPE SIPE,salud sexual y reproductiva,hemorragia de la primera mitad del embarazo (< 22 sem) aborto,2020-06-01,3,1,4
10403,SOPACHUY,salud sexual y reproductiva,hemorragia de la primera mitad del embarazo (< 22 sem) aborto,2020-06-01,1,0,1
10101,SUCRE,salud sexual y reproductiva,hemorragia de la primera mitad del embarazo (< 22 sem) aborto,2020-06-01,47,1,48
50303,TACOBAMBA,salud sexual y reproductiva,hemorragia de la primera mitad del embarazo (< 22 sem) aborto,2020-06-01,0,1,1
10601,TARABUCO,salud sexual y reproductiva,hemorragia de la primera mitad del embarazo (< 22 sem) aborto,2020-06-01,2,0,2
30401,TARATA,salud sexual y reproductiva,hemorragia de la primera mitad del embarazo (< 22 sem) aborto,2020-06-01,3,0,3
60101,TARIJA,salud sexual y reproductiva,hemorragia de la primera mitad del embarazo (< 22 sem) aborto,2020-06-01,21,2,23
10202,TARVITA,salud sexual y reproductiva,hemorragia de la primera mitad del embarazo (< 22 sem) aborto,2020-06-01,0,1,1
20608,TEOPONTE,salud sexual y reproductiva,hemorragia de la primera mitad del embarazo (< 22 sem) aborto,2020-06-01,1,0,1
50102,TINGUIPAYA,salud sexual y reproductiva,hemorragia de la primera mitad del embarazo (< 22 sem) aborto,2020-06-01,3,1,4
20606,TIPUANI,salud sexual y reproductiva,hemorragia de la primera mitad del embarazo (< 22 sem) aborto,2020-06-01,2,0,2
30903,TIQUIPAYA,salud sexual y reproductiva,hemorragia de la primera mitad del embarazo (< 22 sem) aborto,2020-06-01,7,0,7
31601,TIRAQUE (CBBA),salud sexual y reproductiva,hemorragia de la primera mitad del embarazo (< 22 sem) aborto,2020-06-01,1,0,1
10402,TOMINA,salud sexual y reproductiva,hemorragia de la primera mitad del embarazo (< 22 sem) aborto,2020-06-01,0,1,1
31201,TOTORA(CBBA),salud sexual y reproductiva,hemorragia de la primera mitad del embarazo (< 22 sem) aborto,2020-06-01,2,0,2
80101,TRINIDAD,salud sexual y reproductiva,hemorragia de la primera mitad del embarazo (< 22 sem) aborto,2020-06-01,24,0,24
50801,TUPIZA,salud sexual y reproductiva,hemorragia de la primera mitad del embarazo (< 22 sem) aborto,2020-06-01,8,0,8
60401,URIONDO (A. CONCEPCION),salud sexual y reproductiva,hemorragia de la primera mitad del embarazo (< 22 sem) aborto,2020-06-01,1,0,1
51201,UYUNI,salud sexual y reproductiva,hemorragia de la primera mitad del embarazo (< 22 sem) aborto,2020-06-01,12,0,12
70801,VALLEGRANDE,salud sexual y reproductiva,hemorragia de la primera mitad del embarazo (< 22 sem) aborto,2020-06-01,1,0,1
20801,VIACHA,salud sexual y reproductiva,hemorragia de la primera mitad del embarazo (< 22 sem) aborto,2020-06-01,3,0,3
60303,VILLA MONTES,salud sexual y reproductiva,hemorragia de la primera mitad del embarazo (< 22 sem) aborto,2020-06-01,2,8,10
31003,VILLA TUNARI,salud sexual y reproductiva,hemorragia de la primera mitad del embarazo (< 22 sem) aborto,2020-06-01,6,0,6
51501,VILLAZON,salud sexual y reproductiva,hemorragia de la primera mitad del embarazo (< 22 sem) aborto,2020-06-01,5,0,5
30904,VINTO,salud sexual y reproductiva,hemorragia de la primera mitad del embarazo (< 22 sem) aborto,2020-06-01,11,0,11
70201,WARNES,salud sexual y reproductiva,hemorragia de la primera mitad del embarazo (< 22 sem) aborto,2020-06-01,0,10,10
20903,YACO,salud sexual y reproductiva,hemorragia de la primera mitad del embarazo (< 22 sem) aborto,2020-06-01,2,0,2
60301,YACUIBA,salud sexual y reproductiva,hemorragia de la primera mitad del embarazo (< 22 sem) aborto,2020-06-01,3,0,3
70403,YAPACANI,salud sexual y reproductiva,hemorragia de la primera mitad del embarazo (< 22 sem) aborto,2020-06-01,1,0,1
20201,ACHACACHI,salud sexual y reproductiva,hemorragia de la primera mitad del embarazo (< 22 sem) aborto,2020-07-01,1,0,1
30201,AIQUILE,salud sexual y reproductiva,hemorragia de la primera mitad del embarazo (< 22 sem) aborto,2020-07-01,5,0,5
30501,ARANI,salud sexual y reproductiva,hemorragia de la primera mitad del embarazo (< 22 sem) aborto,2020-07-01,2,0,2
71501,ASCENCION DE GUARAYOS,salud sexual y reproductiva,hemorragia de la primera mitad del embarazo (< 22 sem) aborto,2020-07-01,5,0,5
50802,ATOCHA,salud sexual y reproductiva,hemorragia de la primera mitad del embarazo (< 22 sem) aborto,2020-07-01,0,1,1
30301,AYOPAYA (V. DE INDEPENDENCIA),salud sexual y reproductiva,hemorragia de la primera mitad del embarazo (< 22 sem) aborto,2020-07-01,2,0,2
60202,BERMEJO,salud sexual y reproductiva,hemorragia de la primera mitad del embarazo (< 22 sem) aborto,2020-07-01,6,0,6
31501,BOLIVAR,salud sexual y reproductiva,hemorragia de la primera mitad del embarazo (< 22 sem) aborto,2020-07-01,0,1,1
70706,CAMIRI,salud sexual y reproductiva,hemorragia de la primera mitad del embarazo (< 22 sem) aborto,2020-07-01,8,0,8
30701,CAPINOTA,salud sexual y reproductiva,hemorragia de la primera mitad del embarazo (< 22 sem) aborto,2020-07-01,4,0,4
22001,CARANAVI,salud sexual y reproductiva,hemorragia de la primera mitad del embarazo (< 22 sem) aborto,2020-07-01,3,0,3
60302,CARAPARI,salud sexual y reproductiva,hemorragia de la primera mitad del embarazo (< 22 sem) aborto,2020-07-01,1,0,1
70702,CHARAGUA,salud sexual y reproductiva,hemorragia de la primera mitad del embarazo (< 22 sem) aborto,2020-07-01,5,0,5
31204,CHIMORE,salud sexual y reproductiva,hemorragia de la primera mitad del embarazo (< 22 sem) aborto,2020-07-01,1,0,1
30801,CLIZA,salud sexual y reproductiva,hemorragia de la primera mitad del embarazo (< 22 sem) aborto,2020-07-01,7,0,7
90101,COBIJA,salud sexual y reproductiva,hemorragia de la primera mitad del embarazo (< 22 sem) aborto,2020-07-01,11,1,12
30303,COCAPATA,salud sexual y reproductiva,hemorragia de la primera mitad del embarazo (< 22 sem) aborto,2020-07-01,1,1,2
30101,COCHABAMBA,salud sexual y reproductiva,hemorragia de la primera mitad del embarazo (< 22 sem) aborto,2020-07-01,67,33,100
30905,COLCAPIRHUA,salud sexual y reproductiva,hemorragia de la primera mitad del embarazo (< 22 sem) aborto,2020-07-01,2,0,2
50401,COLQUECHACA,salud sexual y reproductiva,hemorragia de la primera mitad del embarazo (< 22 sem) aborto,2020-07-01,2,0,2
21004,COLQUIRI,salud sexual y reproductiva,hemorragia de la primera mitad del embarazo (< 22 sem) aborto,2020-07-01,1,0,1
71301,COMARAPA,salud sexual y reproductiva,hemorragia de la primera mitad del embarazo (< 22 sem) aborto,2020-07-01,0,1,1
71101,CONCEPCION,salud sexual y reproductiva,hemorragia de la primera mitad del embarazo (< 22 sem) aborto,2020-07-01,8,0,8
50601,COTAGAITA,salud sexual y reproductiva,hemorragia de la primera mitad del embarazo (< 22 sem) aborto,2020-07-01,0,1,1
70102,COTOCA,salud sexual y reproductiva,hemorragia de la primera mitad del embarazo (< 22 sem) aborto,2020-07-01,2,0,2
10902,CULPINA,salud sexual y reproductiva,hemorragia de la primera mitad del embarazo (< 22 sem) aborto,2020-07-01,0,5,5
20105,EL ALTO,salud sexual y reproductiva,hemorragia de la primera mitad del embarazo (< 22 sem) aborto,2020-07-01,50,6,56
70105,EL TORNO,salud sexual y reproductiva,hemorragia de la primera mitad del embarazo (< 22 sem) aborto,2020-07-01,14,0,14
31206,ENTRE RIOS CBBA,salud sexual y reproductiva,hemorragia de la primera mitad del embarazo (< 22 sem) aborto,2020-07-01,8,0,8
80202,GUAYARAMERIN,salud sexual y reproductiva,hemorragia de la primera mitad del embarazo (< 22 sem) aborto,2020-07-01,1,0,1
21102,IRUPANA (VILLA DE LANZA),salud sexual y reproductiva,hemorragia de la primera mitad del embarazo (< 22 sem) aborto,2020-07-01,4,0,4
70104,LA GUARDIA,salud sexual y reproductiva,hemorragia de la primera mitad del embarazo (< 22 sem) aborto,2020-07-01,3,2,5
20101,LA PAZ,salud sexual y reproductiva,hemorragia de la primera mitad del embarazo (< 22 sem) aborto,2020-07-01,106,0,106
11003,MACHARETI,salud sexual y reproductiva,hemorragia de la primera mitad del embarazo (< 22 sem) aborto,2020-07-01,2,0,2
70903,MAIRANA,salud sexual y reproductiva,hemorragia de la primera mitad del embarazo (< 22 sem) aborto,2020-07-01,3,0,3
31301,MIZQUE,salud sexual y reproductiva,hemorragia de la primera mitad del embarazo (< 22 sem) aborto,2020-07-01,7,0,7
10501,MONTEAGUDO,salud sexual y reproductiva,hemorragia de la primera mitad del embarazo (< 22 sem) aborto,2020-07-01,2,0,2
71001,MONTERO,salud sexual y reproductiva,hemorragia de la primera mitad del embarazo (< 22 sem) aborto,2020-07-01,7,1,8
50404,OCURI,salud sexual y reproductiva,hemorragia de la primera mitad del embarazo (< 22 sem) aborto,2020-07-01,1,0,1
40101,ORURO,salud sexual y reproductiva,hemorragia de la primera mitad del embarazo (< 22 sem) aborto,2020-07-01,58,2,60
10401,PADILLA,salud sexual y reproductiva,hemorragia de la primera mitad del embarazo (< 22 sem) aborto,2020-07-01,8,0,8
21104,PALOS BLANCOS,salud sexual y reproductiva,hemorragia de la primera mitad del embarazo (< 22 sem) aborto,2020-07-01,0,1,1
21305,PATACAMAYA,salud sexual y reproductiva,hemorragia de la primera mitad del embarazo (< 22 sem) aborto,2020-07-01,2,0,2
31203,POCONA,salud sexual y reproductiva,hemorragia de la primera mitad del embarazo (< 22 sem) aborto,2020-07-01,2,0,2
50101,POTOSI,salud sexual y reproductiva,hemorragia de la primera mitad del embarazo (< 22 sem) aborto,2020-07-01,1,1,2
10302,PRESTO,salud sexual y reproductiva,hemorragia de la primera mitad del embarazo (< 22 sem) aborto,2020-07-01,1,0,1
90201,PUERTO RICO,salud sexual y reproductiva,hemorragia de la primera mitad del embarazo (< 22 sem) aborto,2020-07-01,1,0,1
31205,PUERTO VILLARROEL,salud sexual y reproductiva,hemorragia de la primera mitad del embarazo (< 22 sem) aborto,2020-07-01,30,0,30
31401,PUNATA,salud sexual y reproductiva,hemorragia de la primera mitad del embarazo (< 22 sem) aborto,2020-07-01,16,0,16
30901,QUILLACOLLO,salud sexual y reproductiva,hemorragia de la primera mitad del embarazo (< 22 sem) aborto,2020-07-01,9,0,9
80201,RIBERALTA,salud sexual y reproductiva,hemorragia de la primera mitad del embarazo (< 22 sem) aborto,2020-07-01,25,0,25
70503,ROBORE,salud sexual y reproductiva,hemorragia de la primera mitad del embarazo (< 22 sem) aborto,2020-07-01,1,0,1
80304,RURRENABAQUE,salud sexual y reproductiva,hemorragia de la primera mitad del embarazo (< 22 sem) aborto,2020-07-01,1,0,1
31001,SACABA,salud sexual y reproductiva,hemorragia de la primera mitad del embarazo (< 22 sem) aborto,2020-07-01,45,0,45
80302,SAN BORJA,salud sexual y reproductiva,hemorragia de la primera mitad del embarazo (< 22 sem) aborto,2020-07-01,5,1,6
70402,SAN CARLOS,salud sexual y reproductiva,hemorragia de la primera mitad del embarazo (< 22 sem) aborto,2020-07-01,1,2,3
70301,SAN IGNACIO DE VELASCO,salud sexual y reproductiva,hemorragia de la primera mitad del embarazo (< 22 sem) aborto,2020-07-01,4,1,5
70501,SAN JOSE DE CHIQUITOS,salud sexual y reproductiva,hemorragia de la primera mitad del embarazo (< 22 sem) aborto,2020-07-01,3,0,3
71104,SAN JULIAN,salud sexual y reproductiva,hemorragia de la primera mitad del embarazo (< 22 sem) aborto,2020-07-01,9,0,9
60501,SAN LORENZO(TJA),salud sexual y reproductiva,hemorragia de la primera mitad del embarazo (< 22 sem) aborto,2020-07-01,0,1,1
10702,SAN LUCAS,salud sexual y reproductiva,hemorragia de la primera mitad del embarazo (< 22 sem) aborto,2020-07-01,0,1,1
71201,SAN MATIAS,salud sexual y reproductiva,hemorragia de la primera mitad del embarazo (< 22 sem) aborto,2020-07-01,2,1,3
80702,SAN RAMON BENI,salud sexual y reproductiva,hemorragia de la primera mitad del embarazo (< 22 sem) aborto,2020-07-01,1,1,2
70101,SANTA CRUZ DE LA SIERRA,salud sexual y reproductiva,hemorragia de la primera mitad del embarazo (< 22 sem) aborto,2020-07-01,230,55,285
31602,SHINAOTA,salud sexual y reproductiva,hemorragia de la primera mitad del embarazo (< 22 sem) aborto,2020-07-01,5,0,5
30902,SIPE SIPE,salud sexual y reproductiva,hemorragia de la primera mitad del embarazo (< 22 sem) aborto,2020-07-01,6,1,7
10101,SUCRE,salud sexual y reproductiva,hemorragia de la primera mitad del embarazo (< 22 sem) aborto,2020-07-01,38,2,40
20603,TACACOMA,salud sexual y reproductiva,hemorragia de la primera mitad del embarazo (< 22 sem) aborto,2020-07-01,2,0,2
10601,TARABUCO,salud sexual y reproductiva,hemorragia de la primera mitad del embarazo (< 22 sem) aborto,2020-07-01,2,0,2
60101,TARIJA,salud sexual y reproductiva,hemorragia de la primera mitad del embarazo (< 22 sem) aborto,2020-07-01,30,7,37
20803,TIAHUANACU,salud sexual y reproductiva,hemorragia de la primera mitad del embarazo (< 22 sem) aborto,2020-07-01,2,0,2
20606,TIPUANI,salud sexual y reproductiva,hemorragia de la primera mitad del embarazo (< 22 sem) aborto,2020-07-01,2,0,2
30903,TIQUIPAYA,salud sexual y reproductiva,hemorragia de la primera mitad del embarazo (< 22 sem) aborto,2020-07-01,8,0,8
31601,TIRAQUE (CBBA),salud sexual y reproductiva,hemorragia de la primera mitad del embarazo (< 22 sem) aborto,2020-07-01,1,0,1
10402,TOMINA,salud sexual y reproductiva,hemorragia de la primera mitad del embarazo (< 22 sem) aborto,2020-07-01,1,1,2
31201,TOTORA(CBBA),salud sexual y reproductiva,hemorragia de la primera mitad del embarazo (< 22 sem) aborto,2020-07-01,4,0,4
80101,TRINIDAD,salud sexual y reproductiva,hemorragia de la primera mitad del embarazo (< 22 sem) aborto,2020-07-01,43,0,43
50801,TUPIZA,salud sexual y reproductiva,hemorragia de la primera mitad del embarazo (< 22 sem) aborto,2020-07-01,18,0,18
51201,UYUNI,salud sexual y reproductiva,hemorragia de la primera mitad del embarazo (< 22 sem) aborto,2020-07-01,7,0,7
30502,VACAS,salud sexual y reproductiva,hemorragia de la primera mitad del embarazo (< 22 sem) aborto,2020-07-01,1,0,1
70801,VALLEGRANDE,salud sexual y reproductiva,hemorragia de la primera mitad del embarazo (< 22 sem) aborto,2020-07-01,0,1,1
20801,VIACHA,salud sexual y reproductiva,hemorragia de la primera mitad del embarazo (< 22 sem) aborto,2020-07-01,2,0,2
10704,VILLA CHARCAS,salud sexual y reproductiva,hemorragia de la primera mitad del embarazo (< 22 sem) aborto,2020-07-01,0,1,1
60303,VILLA MONTES,salud sexual y reproductiva,hemorragia de la primera mitad del embarazo (< 22 sem) aborto,2020-07-01,5,8,13
31003,VILLA TUNARI,salud sexual y reproductiva,hemorragia de la primera mitad del embarazo (< 22 sem) aborto,2020-07-01,4,0,4
51501,VILLAZON,salud sexual y reproductiva,hemorragia de la primera mitad del embarazo (< 22 sem) aborto,2020-07-01,20,1,21
30904,VINTO,salud sexual y reproductiva,hemorragia de la primera mitad del embarazo (< 22 sem) aborto,2020-07-01,12,0,12
50602,VITICHI,salud sexual y reproductiva,hemorragia de la primera mitad del embarazo (< 22 sem) aborto,2020-07-01,1,0,1
70201,WARNES,salud sexual y reproductiva,hemorragia de la primera mitad del embarazo (< 22 sem) aborto,2020-07-01,0,6,6
60301,YACUIBA,salud sexual y reproductiva,hemorragia de la primera mitad del embarazo (< 22 sem) aborto,2020-07-01,5,1,6
70403,YAPACANI,salud sexual y reproductiva,hemorragia de la primera mitad del embarazo (< 22 sem) aborto,2020-07-01,13,0,13
10102,YOTALA,salud sexual y reproductiva,hemorragia de la primera mitad del embarazo (< 22 sem) aborto,2020-07-01,1,0,1
30201,AIQUILE,salud sexual y reproductiva,hemorragia de la primera mitad del embarazo (< 22 sem) aborto,2020-08-01,2,0,2
30403,ARBIETO,salud sexual y reproductiva,hemorragia de la primera mitad del embarazo (< 22 sem) aborto,2020-08-01,2,0,2
71501,ASCENCION DE GUARAYOS,salud sexual y reproductiva,hemorragia de la primera mitad del embarazo (< 22 sem) aborto,2020-08-01,3,0,3
30301,AYOPAYA (V. DE INDEPENDENCIA),salud sexual y reproductiva,hemorragia de la primera mitad del embarazo (< 22 sem) aborto,2020-08-01,1,0,1
60202,BERMEJO,salud sexual y reproductiva,hemorragia de la primera mitad del embarazo (< 22 sem) aborto,2020-08-01,3,0,3
50301,BETANZOS,salud sexual y reproductiva,hemorragia de la primera mitad del embarazo (< 22 sem) aborto,2020-08-01,1,0,1
10701,CAMARGO,salud sexual y reproductiva,hemorragia de la primera mitad del embarazo (< 22 sem) aborto,2020-08-01,0,2,2
70706,CAMIRI,salud sexual y reproductiva,hemorragia de la primera mitad del embarazo (< 22 sem) aborto,2020-08-01,5,0,5
30701,CAPINOTA,salud sexual y reproductiva,hemorragia de la primera mitad del embarazo (< 22 sem) aborto,2020-08-01,9,0,9
40102,CARACOLLO,salud sexual y reproductiva,hemorragia de la primera mitad del embarazo (< 22 sem) aborto,2020-08-01,6,0,6
22001,CARANAVI,salud sexual y reproductiva,hemorragia de la primera mitad del embarazo (< 22 sem) aborto,2020-08-01,1,0,1
60302,CARAPARI,salud sexual y reproductiva,hemorragia de la primera mitad del embarazo (< 22 sem) aborto,2020-08-01,2,0,2
40201,CHALLAPATA,salud sexual y reproductiva,hemorragia de la primera mitad del embarazo (< 22 sem) aborto,2020-08-01,1,0,1
70702,CHARAGUA,salud sexual y reproductiva,hemorragia de la primera mitad del embarazo (< 22 sem) aborto,2020-08-01,1,0,1
21101,CHULUMANI (V. DE LA LIBERTAD),salud sexual y reproductiva,hemorragia de la primera mitad del embarazo (< 22 sem) aborto,2020-08-01,1,0,1
51103,CKOCHAS,salud sexual y reproductiva,hemorragia de la primera mitad del embarazo (< 22 sem) aborto,2020-08-01,0,1,1
90101,COBIJA,salud sexual y reproductiva,hemorragia de la primera mitad del embarazo (< 22 sem) aborto,2020-08-01,12,0,12
30303,COCAPATA,salud sexual y reproductiva,hemorragia de la primera mitad del embarazo (< 22 sem) aborto,2020-08-01,0,1,1
30101,COCHABAMBA,salud sexual y reproductiva,hemorragia de la primera mitad del embarazo (< 22 sem) aborto,2020-08-01,49,48,97
30905,COLCAPIRHUA,salud sexual y reproductiva,hemorragia de la primera mitad del embarazo (< 22 sem) aborto,2020-08-01,3,0,3
50401,COLQUECHACA,salud sexual y reproductiva,hemorragia de la primera mitad del embarazo (< 22 sem) aborto,2020-08-01,1,0,1
71301,COMARAPA,salud sexual y reproductiva,hemorragia de la primera mitad del embarazo (< 22 sem) aborto,2020-08-01,0,2,2
71101,CONCEPCION,salud sexual y reproductiva,hemorragia de la primera mitad del embarazo (< 22 sem) aborto,2020-08-01,2,0,2
21401,COROICO,salud sexual y reproductiva,hemorragia de la primera mitad del embarazo (< 22 sem) aborto,2020-08-01,3,0,3
50601,COTAGAITA,salud sexual y reproductiva,hemorragia de la primera mitad del embarazo (< 22 sem) aborto,2020-08-01,1,0,1
70102,COTOCA,salud sexual y reproductiva,hemorragia de la primera mitad del embarazo (< 22 sem) aborto,2020-08-01,0,2,2
20105,EL ALTO,salud sexual y reproductiva,hemorragia de la primera mitad del embarazo (< 22 sem) aborto,2020-08-01,20,4,24
70105,EL TORNO,salud sexual y reproductiva,hemorragia de la primera mitad del embarazo (< 22 sem) aborto,2020-08-01,9,0,9
31206,ENTRE RIOS CBBA,salud sexual y reproductiva,hemorragia de la primera mitad del embarazo (< 22 sem) aborto,2020-08-01,12,0,12
40701,HUANUNI,salud sexual y reproductiva,hemorragia de la primera mitad del embarazo (< 22 sem) aborto,2020-08-01,2,0,2
21105,LA ASUNTA,salud sexual y reproductiva,hemorragia de la primera mitad del embarazo (< 22 sem) aborto,2020-08-01,0,3,3
70104,LA GUARDIA,salud sexual y reproductiva,hemorragia de la primera mitad del embarazo (< 22 sem) aborto,2020-08-01,5,0,5
20101,LA PAZ,salud sexual y reproductiva,hemorragia de la primera mitad del embarazo (< 22 sem) aborto,2020-08-01,80,1,81
80801,MAGDALENA,salud sexual y reproductiva,hemorragia de la primera mitad del embarazo (< 22 sem) aborto,2020-08-01,0,1,1
70903,MAIRANA,salud sexual y reproductiva,hemorragia de la primera mitad del embarazo (< 22 sem) aborto,2020-08-01,3,0,3
20607,MAPIRI,salud sexual y reproductiva,hemorragia de la primera mitad del embarazo (< 22 sem) aborto,2020-08-01,2,0,2
71003,MINEROS,salud sexual y reproductiva,hemorragia de la primera mitad del embarazo (< 22 sem) aborto,2020-08-01,1,0,1
31301,MIZQUE,salud sexual y reproductiva,hemorragia de la primera mitad del embarazo (< 22 sem) aborto,2020-08-01,1,0,1
10501,MONTEAGUDO,salud sexual y reproductiva,hemorragia de la primera mitad del embarazo (< 22 sem) aborto,2020-08-01,5,0,5
71001,MONTERO,salud sexual y reproductiva,hemorragia de la primera mitad del embarazo (< 22 sem) aborto,2020-08-01,14,0,14
40101,ORURO,salud sexual y reproductiva,hemorragia de la primera mitad del embarazo (< 22 sem) aborto,2020-08-01,29,0,29
10401,PADILLA,salud sexual y reproductiva,hemorragia de la primera mitad del embarazo (< 22 sem) aborto,2020-08-01,3,0,3
70502,PAILON,salud sexual y reproductiva,hemorragia de la primera mitad del embarazo (< 22 sem) aborto,2020-08-01,2,0,2
21802,PAPEL PAMPA,salud sexual y reproductiva,hemorragia de la primera mitad del embarazo (< 22 sem) aborto,2020-08-01,1,0,1
21305,PATACAMAYA,salud sexual y reproductiva,hemorragia de la primera mitad del embarazo (< 22 sem) aborto,2020-08-01,5,0,5
50403,POCOATA,salud sexual y reproductiva,hemorragia de la primera mitad del embarazo (< 22 sem) aborto,2020-08-01,1,0,1
31203,POCONA,salud sexual y reproductiva,hemorragia de la primera mitad del embarazo (< 22 sem) aborto,2020-08-01,1,1,2
10103,POROMA,salud sexual y reproductiva,hemorragia de la primera mitad del embarazo (< 22 sem) aborto,2020-08-01,0,1,1
70103,PORONGO,salud sexual y reproductiva,hemorragia de la primera mitad del embarazo (< 22 sem) aborto,2020-08-01,1,0,1
50101,POTOSI,salud sexual y reproductiva,hemorragia de la primera mitad del embarazo (< 22 sem) aborto,2020-08-01,6,2,8
90301,PUERTO GONZALO MORENO,salud sexual y reproductiva,hemorragia de la primera mitad del embarazo (< 22 sem) aborto,2020-08-01,2,0,2
71401,PUERTO SUAREZ,salud sexual y reproductiva,hemorragia de la primera mitad del embarazo (< 22 sem) aborto,2020-08-01,1,0,1
31205,PUERTO VILLARROEL,salud sexual y reproductiva,hemorragia de la primera mitad del embarazo (< 22 sem) aborto,2020-08-01,26,0,26
51101,PUNA,salud sexual y reproductiva,hemorragia de la primera mitad del embarazo (< 22 sem) aborto,2020-08-01,1,0,1
31401,PUNATA,salud sexual y reproductiva,hemorragia de la primera mitad del embarazo (< 22 sem) aborto,2020-08-01,4,0,4
30901,QUILLACOLLO,salud sexual y reproductiva,hemorragia de la primera mitad del embarazo (< 22 sem) aborto,2020-08-01,4,0,4
80201,RIBERALTA,salud sexual y reproductiva,hemorragia de la primera mitad del embarazo (< 22 sem) aborto,2020-08-01,20,0,20
31001,SACABA,salud sexual y reproductiva,hemorragia de la primera mitad del embarazo (< 22 sem) aborto,2020-08-01,29,6,35
31403,SAN BENITO,salud sexual y reproductiva,hemorragia de la primera mitad del embarazo (< 22 sem) aborto,2020-08-01,1,0,1
80302,SAN BORJA,salud sexual y reproductiva,hemorragia de la primera mitad del embarazo (< 22 sem) aborto,2020-08-01,10,0,10
21502,SAN BUENA VENTURA,salud sexual y reproductiva,hemorragia de la primera mitad del embarazo (< 22 sem) aborto,2020-08-01,1,0,1
70301,SAN IGNACIO DE VELASCO,salud sexual y reproductiva,hemorragia de la primera mitad del embarazo (< 22 sem) aborto,2020-08-01,8,0,8
70501,SAN JOSE DE CHIQUITOS,salud sexual y reproductiva,hemorragia de la primera mitad del embarazo (< 22 sem) aborto,2020-08-01,2,0,2
71104,SAN JULIAN,salud sexual y reproductiva,hemorragia de la primera mitad del embarazo (< 22 sem) aborto,2020-08-01,9,0,9
10702,SAN LUCAS,salud sexual y reproductiva,hemorragia de la primera mitad del embarazo (< 22 sem) aborto,2020-08-01,0,1,1
70302,SAN MIGUEL DE VELASCO,salud sexual y reproductiva,hemorragia de la primera mitad del embarazo (< 22 sem) aborto,2020-08-01,1,0,1
71005,SAN PEDRO,salud sexual y reproductiva,hemorragia de la primera mitad del embarazo (< 22 sem) aborto,2020-08-01,1,0,1
70101,SANTA CRUZ DE LA SIERRA,salud sexual y reproductiva,hemorragia de la primera mitad del embarazo (< 22 sem) aborto,2020-08-01,149,48,197
90303,SENA,salud sexual y reproductiva,hemorragia de la primera mitad del embarazo (< 22 sem) aborto,2020-08-01,0,1,1
31602,SHINAOTA,salud sexual y reproductiva,hemorragia de la primera mitad del embarazo (< 22 sem) aborto,2020-08-01,8,0,8
30703,SICAYA,salud sexual y reproductiva,hemorragia de la primera mitad del embarazo (< 22 sem) aborto,2020-08-01,0,1,1
30902,SIPE SIPE,salud sexual y reproductiva,hemorragia de la primera mitad del embarazo (< 22 sem) aborto,2020-08-01,3,0,3
10101,SUCRE,salud sexual y reproductiva,hemorragia de la primera mitad del embarazo (< 22 sem) aborto,2020-08-01,35,1,36
10601,TARABUCO,salud sexual y reproductiva,hemorragia de la primera mitad del embarazo (< 22 sem) aborto,2020-08-01,2,0,2
60101,TARIJA,salud sexual y reproductiva,hemorragia de la primera mitad del embarazo (< 22 sem) aborto,2020-08-01,21,4,25
10202,TARVITA,salud sexual y reproductiva,hemorragia de la primera mitad del embarazo (< 22 sem) aborto,2020-08-01,1,0,1
20608,TEOPONTE,salud sexual y reproductiva,hemorragia de la primera mitad del embarazo (< 22 sem) aborto,2020-08-01,1,0,1
50102,TINGUIPAYA,salud sexual y reproductiva,hemorragia de la primera mitad del embarazo (< 22 sem) aborto,2020-08-01,1,1,2
20606,TIPUANI,salud sexual y reproductiva,hemorragia de la primera mitad del embarazo (< 22 sem) aborto,2020-08-01,1,0,1
30903,TIQUIPAYA,salud sexual y reproductiva,hemorragia de la primera mitad del embarazo (< 22 sem) aborto,2020-08-01,6,0,6
30803,TOLATA,salud sexual y reproductiva,hemorragia de la primera mitad del embarazo (< 22 sem) aborto,2020-08-01,1,0,1
51202,TOMAVE,salud sexual y reproductiva,hemorragia de la primera mitad del embarazo (< 22 sem) aborto,2020-08-01,0,1,1
80101,TRINIDAD,salud sexual y reproductiva,hemorragia de la primera mitad del embarazo (< 22 sem) aborto,2020-08-01,24,2,26
50801,TUPIZA,salud sexual y reproductiva,hemorragia de la primera mitad del embarazo (< 22 sem) aborto,2020-08-01,3,0,3
51201,UYUNI,salud sexual y reproductiva,hemorragia de la primera mitad del embarazo (< 22 sem) aborto,2020-08-01,5,0,5
60303,VILLA MONTES,salud sexual y reproductiva,hemorragia de la primera mitad del embarazo (< 22 sem) aborto,2020-08-01,0,6,6
31003,VILLA TUNARI,salud sexual y reproductiva,hemorragia de la primera mitad del embarazo (< 22 sem) aborto,2020-08-01,12,1,13
51501,VILLAZON,salud sexual y reproductiva,hemorragia de la primera mitad del embarazo (< 22 sem) aborto,2020-08-01,3,0,3
30904,VINTO,salud sexual y reproductiva,hemorragia de la primera mitad del embarazo (< 22 sem) aborto,2020-08-01,8,0,8
50602,VITICHI,salud sexual y reproductiva,hemorragia de la primera mitad del embarazo (< 22 sem) aborto,2020-08-01,1,0,1
70201,WARNES,salud sexual y reproductiva,hemorragia de la primera mitad del embarazo (< 22 sem) aborto,2020-08-01,0,16,16
60301,YACUIBA,salud sexual y reproductiva,hemorragia de la primera mitad del embarazo (< 22 sem) aborto,2020-08-01,11,0,11
70403,YAPACANI,salud sexual y reproductiva,hemorragia de la primera mitad del embarazo (< 22 sem) aborto,2020-08-01,21,0,21
10102,YOTALA,salud sexual y reproductiva,hemorragia de la primera mitad del embarazo (< 22 sem) aborto,2020-08-01,2,0,2
20201,ACHACACHI,salud sexual y reproductiva,hemorragia de la primera mitad del embarazo (< 22 sem) aborto,2020-09-01,1,0,1
30201,AIQUILE,salud sexual y reproductiva,hemorragia de la primera mitad del embarazo (< 22 sem) aborto,2020-09-01,8,0,8
10404,ALCALA,salud sexual y reproductiva,hemorragia de la primera mitad del embarazo (< 22 sem) aborto,2020-09-01,0,1,1
30402,ANZALDO,salud sexual y reproductiva,hemorragia de la primera mitad del embarazo (< 22 sem) aborto,2020-09-01,1,0,1
30501,ARANI,salud sexual y reproductiva,hemorragia de la primera mitad del embarazo (< 22 sem) aborto,2020-09-01,1,0,1
30403,ARBIETO,salud sexual y reproductiva,hemorragia de la primera mitad del embarazo (< 22 sem) aborto,2020-09-01,1,0,1
71501,ASCENCION DE GUARAYOS,salud sexual y reproductiva,hemorragia de la primera mitad del embarazo (< 22 sem) aborto,2020-09-01,9,0,9
50802,ATOCHA,salud sexual y reproductiva,hemorragia de la primera mitad del embarazo (< 22 sem) aborto,2020-09-01,1,0,1
30301,AYOPAYA (V. DE INDEPENDENCIA),salud sexual y reproductiva,hemorragia de la primera mitad del embarazo (< 22 sem) aborto,2020-09-01,3,0,3
21203,BATALLAS,salud sexual y reproductiva,hemorragia de la primera mitad del embarazo (< 22 sem) aborto,2020-09-01,1,0,1
90104,BELLA FLOR,salud sexual y reproductiva,hemorragia de la primera mitad del embarazo (< 22 sem) aborto,2020-09-01,1,0,1
60202,BERMEJO,salud sexual y reproductiva,hemorragia de la primera mitad del embarazo (< 22 sem) aborto,2020-09-01,2,0,2
10701,CAMARGO,salud sexual y reproductiva,hemorragia de la primera mitad del embarazo (< 22 sem) aborto,2020-09-01,0,1,1
70706,CAMIRI,salud sexual y reproductiva,hemorragia de la primera mitad del embarazo (< 22 sem) aborto,2020-09-01,8,0,8
30701,CAPINOTA,salud sexual y reproductiva,hemorragia de la primera mitad del embarazo (< 22 sem) aborto,2020-09-01,8,0,8
40102,CARACOLLO,salud sexual y reproductiva,hemorragia de la primera mitad del embarazo (< 22 sem) aborto,2020-09-01,3,0,3
22001,CARANAVI,salud sexual y reproductiva,hemorragia de la primera mitad del embarazo (< 22 sem) aborto,2020-09-01,13,0,13
60302,CARAPARI,salud sexual y reproductiva,hemorragia de la primera mitad del embarazo (< 22 sem) aborto,2020-09-01,2,0,2
50702,CARIPUYO,salud sexual y reproductiva,hemorragia de la primera mitad del embarazo (< 22 sem) aborto,2020-09-01,0,1,1
40201,CHALLAPATA,salud sexual y reproductiva,hemorragia de la primera mitad del embarazo (< 22 sem) aborto,2020-09-01,1,0,1
50302,CHAQUI,salud sexual y reproductiva,hemorragia de la primera mitad del embarazo (< 22 sem) aborto,2020-09-01,1,0,1
31204,CHIMORE,salud sexual y reproductiva,hemorragia de la primera mitad del embarazo (< 22 sem) aborto,2020-09-01,2,0,2
51103,CKOCHAS,salud sexual y reproductiva,hemorragia de la primera mitad del embarazo (< 22 sem) aborto,2020-09-01,0,1,1
30801,CLIZA,salud sexual y reproductiva,hemorragia de la primera mitad del embarazo (< 22 sem) aborto,2020-09-01,8,0,8
90101,COBIJA,salud sexual y reproductiva,hemorragia de la primera mitad del embarazo (< 22 sem) aborto,2020-09-01,18,1,19
30303,COCAPATA,salud sexual y reproductiva,hemorragia de la primera mitad del embarazo (< 22 sem) aborto,2020-09-01,0,1,1
30101,COCHABAMBA,salud sexual y reproductiva,hemorragia de la primera mitad del embarazo (< 22 sem) aborto,2020-09-01,86,63,149
30905,COLCAPIRHUA,salud sexual y reproductiva,hemorragia de la primera mitad del embarazo (< 22 sem) aborto,2020-09-01,3,1,4
50401,COLQUECHACA,salud sexual y reproductiva,hemorragia de la primera mitad del embarazo (< 22 sem) aborto,2020-09-01,3,0,3
21306,COLQUENCHA,salud sexual y reproductiva,hemorragia de la primera mitad del embarazo (< 22 sem) aborto,2020-09-01,1,0,1
71301,COMARAPA,salud sexual y reproductiva,hemorragia de la primera mitad del embarazo (< 22 sem) aborto,2020-09-01,0,2,2
71101,CONCEPCION,salud sexual y reproductiva,hemorragia de la primera mitad del embarazo (< 22 sem) aborto,2020-09-01,4,0,4
21402,CORIPATA,salud sexual y reproductiva,hemorragia de la primera mitad del embarazo (< 22 sem) aborto,2020-09-01,1,0,1
21401,COROICO,salud sexual y reproductiva,hemorragia de la primera mitad del embarazo (< 22 sem) aborto,2020-09-01,4,0,4
70102,COTOCA,salud sexual y reproductiva,hemorragia de la primera mitad del embarazo (< 22 sem) aborto,2020-09-01,1,0,1
10902,CULPINA,salud sexual y reproductiva,hemorragia de la primera mitad del embarazo (< 22 sem) aborto,2020-09-01,0,2,2
20105,EL ALTO,salud sexual y reproductiva,hemorragia de la primera mitad del embarazo (< 22 sem) aborto,2020-09-01,68,6,74
70105,EL TORNO,salud sexual y reproductiva,hemorragia de la primera mitad del embarazo (< 22 sem) aborto,2020-09-01,11,0,11
31206,ENTRE RIOS CBBA,salud sexual y reproductiva,hemorragia de la primera mitad del embarazo (< 22 sem) aborto,2020-09-01,28,0,28
20405,ESCOMA,salud sexual y reproductiva,hemorragia de la primera mitad del embarazo (< 22 sem) aborto,2020-09-01,2,0,2
21601,GRAL. J.J. PEREZ (CHARAZANI),salud sexual y reproductiva,hemorragia de la primera mitad del embarazo (< 22 sem) aborto,2020-09-01,1,1,2
40701,HUANUNI,salud sexual y reproductiva,hemorragia de la primera mitad del embarazo (< 22 sem) aborto,2020-09-01,4,0,4
80803,HUARACAJE,salud sexual y reproductiva,hemorragia de la primera mitad del embarazo (< 22 sem) aborto,2020-09-01,1,0,1
20204,HUARINA,salud sexual y reproductiva,hemorragia de la primera mitad del embarazo (< 22 sem) aborto,2020-09-01,1,0,1
10703,INCAHUASI,salud sexual y reproductiva,hemorragia de la primera mitad del embarazo (< 22 sem) aborto,2020-09-01,0,2,2
21102,IRUPANA (VILLA DE LANZA),salud sexual y reproductiva,hemorragia de la primera mitad del embarazo (< 22 sem) aborto,2020-09-01,3,0,3
20806,JESUS DE MACHACA,salud sexual y reproductiva,hemorragia de la primera mitad del embarazo (< 22 sem) aborto,2020-09-01,1,0,1
70104,LA GUARDIA,salud sexual y reproductiva,hemorragia de la primera mitad del embarazo (< 22 sem) aborto,2020-09-01,11,1,12
20101,LA PAZ,salud sexual y reproductiva,hemorragia de la primera mitad del embarazo (< 22 sem) aborto,2020-09-01,89,2,91
21202,LAJA,salud sexual y reproductiva,hemorragia de la primera mitad del embarazo (< 22 sem) aborto,2020-09-01,1,0,1
70903,MAIRANA,salud sexual y reproductiva,hemorragia de la primera mitad del embarazo (< 22 sem) aborto,2020-09-01,3,0,3
10501,MONTEAGUDO,salud sexual y reproductiva,hemorragia de la primera mitad del embarazo (< 22 sem) aborto,2020-09-01,11,0,11
71001,MONTERO,salud sexual y reproductiva,hemorragia de la primera mitad del embarazo (< 22 sem) aborto,2020-09-01,9,0,9
20307,NAZACARA DE PACAJES,salud sexual y reproductiva,hemorragia de la primera mitad del embarazo (< 22 sem) aborto,2020-09-01,1,0,1
50404,OCURI,salud sexual y reproductiva,hemorragia de la primera mitad del embarazo (< 22 sem) aborto,2020-09-01,2,0,2
40101,ORURO,salud sexual y reproductiva,hemorragia de la primera mitad del embarazo (< 22 sem) aborto,2020-09-01,40,0,40
10401,PADILLA,salud sexual y reproductiva,hemorragia de la primera mitad del embarazo (< 22 sem) aborto,2020-09-01,7,0,7
70502,PAILON,salud sexual y reproductiva,hemorragia de la primera mitad del embarazo (< 22 sem) aborto,2020-09-01,2,0,2
21305,PATACAMAYA,salud sexual y reproductiva,hemorragia de la primera mitad del embarazo (< 22 sem) aborto,2020-09-01,6,0,6
31203,POCONA,salud sexual y reproductiva,hemorragia de la primera mitad del embarazo (< 22 sem) aborto,2020-09-01,1,0,1
70103,PORONGO,salud sexual y reproductiva,hemorragia de la primera mitad del embarazo (< 22 sem) aborto,2020-09-01,1,0,1
50101,POTOSI,salud sexual y reproductiva,hemorragia de la primera mitad del embarazo (< 22 sem) aborto,2020-09-01,13,3,16
90301,PUERTO GONZALO MORENO,salud sexual y reproductiva,hemorragia de la primera mitad del embarazo (< 22 sem) aborto,2020-09-01,0,1,1
90201,PUERTO RICO,salud sexual y reproductiva,hemorragia de la primera mitad del embarazo (< 22 sem) aborto,2020-09-01,0,1,1
31205,PUERTO VILLARROEL,salud sexual y reproductiva,hemorragia de la primera mitad del embarazo (< 22 sem) aborto,2020-09-01,45,0,45
31401,PUNATA,salud sexual y reproductiva,hemorragia de la primera mitad del embarazo (< 22 sem) aborto,2020-09-01,16,0,16
30901,QUILLACOLLO,salud sexual y reproductiva,hemorragia de la primera mitad del embarazo (< 22 sem) aborto,2020-09-01,5,0,5
80201,RIBERALTA,salud sexual y reproductiva,hemorragia de la primera mitad del embarazo (< 22 sem) aborto,2020-09-01,24,1,25
70503,ROBORE,salud sexual y reproductiva,hemorragia de la primera mitad del embarazo (< 22 sem) aborto,2020-09-01,7,0,7
80304,RURRENABAQUE,salud sexual y reproductiva,hemorragia de la primera mitad del embarazo (< 22 sem) aborto,2020-09-01,2,0,2
31001,SACABA,salud sexual y reproductiva,hemorragia de la primera mitad del embarazo (< 22 sem) aborto,2020-09-01,44,5,49
40801,SALINAS DE GARCI MENDOZA,salud sexual y reproductiva,hemorragia de la primera mitad del embarazo (< 22 sem) aborto,2020-09-01,0,2,2
80302,SAN BORJA,salud sexual y reproductiva,hemorragia de la primera mitad del embarazo (< 22 sem) aborto,2020-09-01,5,0,5
70402,SAN CARLOS,salud sexual y reproductiva,hemorragia de la primera mitad del embarazo (< 22 sem) aborto,2020-09-01,1,0,1
70301,SAN IGNACIO DE VELASCO,salud sexual y reproductiva,hemorragia de la primera mitad del embarazo (< 22 sem) aborto,2020-09-01,9,0,9
70501,SAN JOSE DE CHIQUITOS,salud sexual y reproductiva,hemorragia de la primera mitad del embarazo (< 22 sem) aborto,2020-09-01,7,0,7
71104,SAN JULIAN,salud sexual y reproductiva,hemorragia de la primera mitad del embarazo (< 22 sem) aborto,2020-09-01,4,0,4
10702,SAN LUCAS,salud sexual y reproductiva,hemorragia de la primera mitad del embarazo (< 22 sem) aborto,2020-09-01,0,2,2
70302,SAN MIGUEL DE VELASCO,salud sexual y reproductiva,hemorragia de la primera mitad del embarazo (< 22 sem) aborto,2020-09-01,3,0,3
51001,SAN PABLO DE LIPEZ,salud sexual y reproductiva,hemorragia de la primera mitad del embarazo (< 22 sem) aborto,2020-09-01,1,0,1
70101,SANTA CRUZ DE LA SIERRA,salud sexual y reproductiva,hemorragia de la primera mitad del embarazo (< 22 sem) aborto,2020-09-01,201,49,250
90303,SENA,salud sexual y reproductiva,hemorragia de la primera mitad del embarazo (< 22 sem) aborto,2020-09-01,0,2,2
31602,SHINAOTA,salud sexual y reproductiva,hemorragia de la primera mitad del embarazo (< 22 sem) aborto,2020-09-01,12,0,12
30703,SICAYA,salud sexual y reproductiva,hemorragia de la primera mitad del embarazo (< 22 sem) aborto,2020-09-01,1,0,1
30902,SIPE SIPE,salud sexual y reproductiva,hemorragia de la primera mitad del embarazo (< 22 sem) aborto,2020-09-01,5,1,6
10101,SUCRE,salud sexual y reproductiva,hemorragia de la primera mitad del embarazo (< 22 sem) aborto,2020-09-01,55,1,56
30602,TACOPAYA,salud sexual y reproductiva,hemorragia de la primera mitad del embarazo (< 22 sem) aborto,2020-09-01,0,1,1
30401,TARATA,salud sexual y reproductiva,hemorragia de la primera mitad del embarazo (< 22 sem) aborto,2020-09-01,1,0,1
60101,TARIJA,salud sexual y reproductiva,hemorragia de la primera mitad del embarazo (< 22 sem) aborto,2020-09-01,29,1,30
50102,TINGUIPAYA,salud sexual y reproductiva,hemorragia de la primera mitad del embarazo (< 22 sem) aborto,2020-09-01,0,1,1
30903,TIQUIPAYA,salud sexual y reproductiva,hemorragia de la primera mitad del embarazo (< 22 sem) aborto,2020-09-01,6,0,6
31601,TIRAQUE (CBBA),salud sexual y reproductiva,hemorragia de la primera mitad del embarazo (< 22 sem) aborto,2020-09-01,1,0,1
10402,TOMINA,salud sexual y reproductiva,hemorragia de la primera mitad del embarazo (< 22 sem) aborto,2020-09-01,1,1,2
31201,TOTORA(CBBA),salud sexual y reproductiva,hemorragia de la primera mitad del embarazo (< 22 sem) aborto,2020-09-01,2,1,3
80101,TRINIDAD,salud sexual y reproductiva,hemorragia de la primera mitad del embarazo (< 22 sem) aborto,2020-09-01,35,2,37
50801,TUPIZA,salud sexual y reproductiva,hemorragia de la primera mitad del embarazo (< 22 sem) aborto,2020-09-01,13,0,13
51201,UYUNI,salud sexual y reproductiva,hemorragia de la primera mitad del embarazo (< 22 sem) aborto,2020-09-01,3,0,3
30502,VACAS,salud sexual y reproductiva,hemorragia de la primera mitad del embarazo (< 22 sem) aborto,2020-09-01,2,0,2
20801,VIACHA,salud sexual y reproductiva,hemorragia de la primera mitad del embarazo (< 22 sem) aborto,2020-09-01,1,0,1
60303,VILLA MONTES,salud sexual y reproductiva,hemorragia de la primera mitad del embarazo (< 22 sem) aborto,2020-09-01,4,10,14
31003,VILLA TUNARI,salud sexual y reproductiva,hemorragia de la primera mitad del embarazo (< 22 sem) aborto,2020-09-01,11,0,11
51501,VILLAZON,salud sexual y reproductiva,hemorragia de la primera mitad del embarazo (< 22 sem) aborto,2020-09-01,2,0,2
30904,VINTO,salud sexual y reproductiva,hemorragia de la primera mitad del embarazo (< 22 sem) aborto,2020-09-01,8,0,8
70201,WARNES,salud sexual y reproductiva,hemorragia de la primera mitad del embarazo (< 22 sem) aborto,2020-09-01,0,27,27
60301,YACUIBA,salud sexual y reproductiva,hemorragia de la primera mitad del embarazo (< 22 sem) aborto,2020-09-01,11,0,11
70403,YAPACANI,salud sexual y reproductiva,hemorragia de la primera mitad del embarazo (< 22 sem) aborto,2020-09-01,22,0,22
10102,YOTALA,salud sexual y reproductiva,hemorragia de la primera mitad del embarazo (< 22 sem) aborto,2020-09-01,1,0,1
20201,ACHACACHI,salud sexual y reproductiva,hemorragia de la primera mitad del embarazo (< 22 sem) aborto,2020-10-01,1,0,1
30201,AIQUILE,salud sexual y reproductiva,hemorragia de la primera mitad del embarazo (< 22 sem) aborto,2020-10-01,5,0,5
30402,ANZALDO,salud sexual y reproductiva,hemorragia de la primera mitad del embarazo (< 22 sem) aborto,2020-10-01,1,0,1
30501,ARANI,salud sexual y reproductiva,hemorragia de la primera mitad del embarazo (< 22 sem) aborto,2020-10-01,1,0,1
71501,ASCENCION DE GUARAYOS,salud sexual y reproductiva,hemorragia de la primera mitad del embarazo (< 22 sem) aborto,2020-10-01,4,0,4
30301,AYOPAYA (V. DE INDEPENDENCIA),salud sexual y reproductiva,hemorragia de la primera mitad del embarazo (< 22 sem) aborto,2020-10-01,1,0,1
10701,CAMARGO,salud sexual y reproductiva,hemorragia de la primera mitad del embarazo (< 22 sem) aborto,2020-10-01,0,2,2
70706,CAMIRI,salud sexual y reproductiva,hemorragia de la primera mitad del embarazo (< 22 sem) aborto,2020-10-01,5,0,5
30701,CAPINOTA,salud sexual y reproductiva,hemorragia de la primera mitad del embarazo (< 22 sem) aborto,2020-10-01,10,0,10
40102,CARACOLLO,salud sexual y reproductiva,hemorragia de la primera mitad del embarazo (< 22 sem) aborto,2020-10-01,2,0,2
22001,CARANAVI,salud sexual y reproductiva,hemorragia de la primera mitad del embarazo (< 22 sem) aborto,2020-10-01,8,0,8
60302,CARAPARI,salud sexual y reproductiva,hemorragia de la primera mitad del embarazo (< 22 sem) aborto,2020-10-01,1,0,1
40201,CHALLAPATA,salud sexual y reproductiva,hemorragia de la primera mitad del embarazo (< 22 sem) aborto,2020-10-01,4,0,4
70702,CHARAGUA,salud sexual y reproductiva,hemorragia de la primera mitad del embarazo (< 22 sem) aborto,2020-10-01,3,0,3
51103,CKOCHAS,salud sexual y reproductiva,hemorragia de la primera mitad del embarazo (< 22 sem) aborto,2020-10-01,0,1,1
30801,CLIZA,salud sexual y reproductiva,hemorragia de la primera mitad del embarazo (< 22 sem) aborto,2020-10-01,6,0,6
90101,COBIJA,salud sexual y reproductiva,hemorragia de la primera mitad del embarazo (< 22 sem) aborto,2020-10-01,12,0,12
30303,COCAPATA,salud sexual y reproductiva,hemorragia de la primera mitad del embarazo (< 22 sem) aborto,2020-10-01,0,1,1
30101,COCHABAMBA,salud sexual y reproductiva,hemorragia de la primera mitad del embarazo (< 22 sem) aborto,2020-10-01,103,4,107
30905,COLCAPIRHUA,salud sexual y reproductiva,hemorragia de la primera mitad del embarazo (< 22 sem) aborto,2020-10-01,8,1,9
50401,COLQUECHACA,salud sexual y reproductiva,hemorragia de la primera mitad del embarazo (< 22 sem) aborto,2020-10-01,1,0,1
71301,COMARAPA,salud sexual y reproductiva,hemorragia de la primera mitad del embarazo (< 22 sem) aborto,2020-10-01,0,2,2
71101,CONCEPCION,salud sexual y reproductiva,hemorragia de la primera mitad del embarazo (< 22 sem) aborto,2020-10-01,5,0,5
21401,COROICO,salud sexual y reproductiva,hemorragia de la primera mitad del embarazo (< 22 sem) aborto,2020-10-01,8,0,8
50601,COTAGAITA,salud sexual y reproductiva,hemorragia de la primera mitad del embarazo (< 22 sem) aborto,2020-10-01,0,2,2
70102,COTOCA,salud sexual y reproductiva,hemorragia de la primera mitad del embarazo (< 22 sem) aborto,2020-10-01,9,5,14
10902,CULPINA,salud sexual y reproductiva,hemorragia de la primera mitad del embarazo (< 22 sem) aborto,2020-10-01,0,1,1
40401,CURAHUARA DE CARANGAS,salud sexual y reproductiva,hemorragia de la primera mitad del embarazo (< 22 sem) aborto,2020-10-01,0,1,1
20105,EL ALTO,salud sexual y reproductiva,hemorragia de la primera mitad del embarazo (< 22 sem) aborto,2020-10-01,67,8,75
70105,EL TORNO,salud sexual y reproductiva,hemorragia de la primera mitad del embarazo (< 22 sem) aborto,2020-10-01,8,0,8
31206,ENTRE RIOS CBBA,salud sexual y reproductiva,hemorragia de la primera mitad del embarazo (< 22 sem) aborto,2020-10-01,13,0,13
20405,ESCOMA,salud sexual y reproductiva,hemorragia de la primera mitad del embarazo (< 22 sem) aborto,2020-10-01,1,0,1
20602,GUANAY,salud sexual y reproductiva,hemorragia de la primera mitad del embarazo (< 22 sem) aborto,2020-10-01,3,0,3
40701,HUANUNI,salud sexual y reproductiva,hemorragia de la primera mitad del embarazo (< 22 sem) aborto,2020-10-01,7,0,7
21102,IRUPANA (VILLA DE LANZA),salud sexual y reproductiva,hemorragia de la primera mitad del embarazo (< 22 sem) aborto,2020-10-01,2,0,2
70104,LA GUARDIA,salud sexual y reproductiva,hemorragia de la primera mitad del embarazo (< 22 sem) aborto,2020-10-01,8,1,9
20101,LA PAZ,salud sexual y reproductiva,hemorragia de la primera mitad del embarazo (< 22 sem) aborto,2020-10-01,100,2,102
80801,MAGDALENA,salud sexual y reproductiva,hemorragia de la primera mitad del embarazo (< 22 sem) aborto,2020-10-01,1,0,1
70903,MAIRANA,salud sexual y reproductiva,hemorragia de la primera mitad del embarazo (< 22 sem) aborto,2020-10-01,6,0,6
71003,MINEROS,salud sexual y reproductiva,hemorragia de la primera mitad del embarazo (< 22 sem) aborto,2020-10-01,1,0,1
31301,MIZQUE,salud sexual y reproductiva,hemorragia de la primera mitad del embarazo (< 22 sem) aborto,2020-10-01,3,0,3
10501,MONTEAGUDO,salud sexual y reproductiva,hemorragia de la primera mitad del embarazo (< 22 sem) aborto,2020-10-01,4,0,4
40101,ORURO,salud sexual y reproductiva,hemorragia de la primera mitad del embarazo (< 22 sem) aborto,2020-10-01,38,0,38
10401,PADILLA,salud sexual y reproductiva,hemorragia de la primera mitad del embarazo (< 22 sem) aborto,2020-10-01,4,0,4
70502,PAILON,salud sexual y reproductiva,hemorragia de la primera mitad del embarazo (< 22 sem) aborto,2020-10-01,9,1,10
21104,PALOS BLANCOS,salud sexual y reproductiva,hemorragia de la primera mitad del embarazo (< 22 sem) aborto,2020-10-01,1,0,1
30202,PASORAPA,salud sexual y reproductiva,hemorragia de la primera mitad del embarazo (< 22 sem) aborto,2020-10-01,1,0,1
21305,PATACAMAYA,salud sexual y reproductiva,hemorragia de la primera mitad del embarazo (< 22 sem) aborto,2020-10-01,3,0,3
10103,POROMA,salud sexual y reproductiva,hemorragia de la primera mitad del embarazo (< 22 sem) aborto,2020-10-01,0,1,1
50101,POTOSI,salud sexual y reproductiva,hemorragia de la primera mitad del embarazo (< 22 sem) aborto,2020-10-01,17,2,19
71401,PUERTO SUAREZ,salud sexual y reproductiva,hemorragia de la primera mitad del embarazo (< 22 sem) aborto,2020-10-01,5,0,5
31205,PUERTO VILLARROEL,salud sexual y reproductiva,hemorragia de la primera mitad del embarazo (< 22 sem) aborto,2020-10-01,33,2,35
31401,PUNATA,salud sexual y reproductiva,hemorragia de la primera mitad del embarazo (< 22 sem) aborto,2020-10-01,14,0,14
30901,QUILLACOLLO,salud sexual y reproductiva,hemorragia de la primera mitad del embarazo (< 22 sem) aborto,2020-10-01,14,0,14
80201,RIBERALTA,salud sexual y reproductiva,hemorragia de la primera mitad del embarazo (< 22 sem) aborto,2020-10-01,13,0,13
70503,ROBORE,salud sexual y reproductiva,hemorragia de la primera mitad del embarazo (< 22 sem) aborto,2020-10-01,3,0,3
31001,SACABA,salud sexual y reproductiva,hemorragia de la primera mitad del embarazo (< 22 sem) aborto,2020-10-01,63,2,65
80302,SAN BORJA,salud sexual y reproductiva,hemorragia de la primera mitad del embarazo (< 22 sem) aborto,2020-10-01,8,0,8
70402,SAN CARLOS,salud sexual y reproductiva,hemorragia de la primera mitad del embarazo (< 22 sem) aborto,2020-10-01,2,3,5
70301,SAN IGNACIO DE VELASCO,salud sexual y reproductiva,hemorragia de la primera mitad del embarazo (< 22 sem) aborto,2020-10-01,15,0,15
70501,SAN JOSE DE CHIQUITOS,salud sexual y reproductiva,hemorragia de la primera mitad del embarazo (< 22 sem) aborto,2020-10-01,10,0,10
71104,SAN JULIAN,salud sexual y reproductiva,hemorragia de la primera mitad del embarazo (< 22 sem) aborto,2020-10-01,2,0,2
60501,SAN LORENZO(TJA),salud sexual y reproductiva,hemorragia de la primera mitad del embarazo (< 22 sem) aborto,2020-10-01,1,0,1
10702,SAN LUCAS,salud sexual y reproductiva,hemorragia de la primera mitad del embarazo (< 22 sem) aborto,2020-10-01,0,1,1
71201,SAN MATIAS,salud sexual y reproductiva,hemorragia de la primera mitad del embarazo (< 22 sem) aborto,2020-10-01,0,2,2
70101,SANTA CRUZ DE LA SIERRA,salud sexual y reproductiva,hemorragia de la primera mitad del embarazo (< 22 sem) aborto,2020-10-01,214,10,224
20902,SAPAHAQUI,salud sexual y reproductiva,hemorragia de la primera mitad del embarazo (< 22 sem) aborto,2020-10-01,0,1,1
31602,SHINAOTA,salud sexual y reproductiva,hemorragia de la primera mitad del embarazo (< 22 sem) aborto,2020-10-01,6,0,6
30902,SIPE SIPE,salud sexual y reproductiva,hemorragia de la primera mitad del embarazo (< 22 sem) aborto,2020-10-01,2,0,2
10403,SOPACHUY,salud sexual y reproductiva,hemorragia de la primera mitad del embarazo (< 22 sem) aborto,2020-10-01,1,0,1
10101,SUCRE,salud sexual y reproductiva,hemorragia de la primera mitad del embarazo (< 22 sem) aborto,2020-10-01,31,9,40
30602,TACOPAYA,salud sexual y reproductiva,hemorragia de la primera mitad del embarazo (< 22 sem) aborto,2020-10-01,1,0,1
31101,TAPACARI,salud sexual y reproductiva,hemorragia de la primera mitad del embarazo (< 22 sem) aborto,2020-10-01,1,0,1
30401,TARATA,salud sexual y reproductiva,hemorragia de la primera mitad del embarazo (< 22 sem) aborto,2020-10-01,3,0,3
60101,TARIJA,salud sexual y reproductiva,hemorragia de la primera mitad del embarazo (< 22 sem) aborto,2020-10-01,31,1,32
10202,TARVITA,salud sexual y reproductiva,hemorragia de la primera mitad del embarazo (< 22 sem) aborto,2020-10-01,2,0,2
30903,TIQUIPAYA,salud sexual y reproductiva,hemorragia de la primera mitad del embarazo (< 22 sem) aborto,2020-10-01,9,0,9
31601,TIRAQUE (CBBA),salud sexual y reproductiva,hemorragia de la primera mitad del embarazo (< 22 sem) aborto,2020-10-01,1,0,1
31201,TOTORA(CBBA),salud sexual y reproductiva,hemorragia de la primera mitad del embarazo (< 22 sem) aborto,2020-10-01,1,0,1
80101,TRINIDAD,salud sexual y reproductiva,hemorragia de la primera mitad del embarazo (< 22 sem) aborto,2020-10-01,54,2,56
50801,TUPIZA,salud sexual y reproductiva,hemorragia de la primera mitad del embarazo (< 22 sem) aborto,2020-10-01,13,0,13
51201,UYUNI,salud sexual y reproductiva,hemorragia de la primera mitad del embarazo (< 22 sem) aborto,2020-10-01,9,0,9
30502,VACAS,salud sexual y reproductiva,hemorragia de la primera mitad del embarazo (< 22 sem) aborto,2020-10-01,1,0,1
70801,VALLEGRANDE,salud sexual y reproductiva,hemorragia de la primera mitad del embarazo (< 22 sem) aborto,2020-10-01,1,0,1
60303,VILLA MONTES,salud sexual y reproductiva,hemorragia de la primera mitad del embarazo (< 22 sem) aborto,2020-10-01,1,8,9
31003,VILLA TUNARI,salud sexual y reproductiva,hemorragia de la primera mitad del embarazo (< 22 sem) aborto,2020-10-01,13,0,13
51501,VILLAZON,salud sexual y reproductiva,hemorragia de la primera mitad del embarazo (< 22 sem) aborto,2020-10-01,10,0,10
30904,VINTO,salud sexual y reproductiva,hemorragia de la primera mitad del embarazo (< 22 sem) aborto,2020-10-01,16,0,16
70201,WARNES,salud sexual y reproductiva,hemorragia de la primera mitad del embarazo (< 22 sem) aborto,2020-10-01,0,10,10
60301,YACUIBA,salud sexual y reproductiva,hemorragia de la primera mitad del embarazo (< 22 sem) aborto,2020-10-01,9,2,11
70403,YAPACANI,salud sexual y reproductiva,hemorragia de la primera mitad del embarazo (< 22 sem) aborto,2020-10-01,21,0,21
30201,AIQUILE,salud sexual y reproductiva,hemorragia de la primera mitad del embarazo (< 22 sem) aborto,2020-11-01,9,0,9
30403,ARBIETO,salud sexual y reproductiva,hemorragia de la primera mitad del embarazo (< 22 sem) aborto,2020-11-01,1,0,1
71501,ASCENCION DE GUARAYOS,salud sexual y reproductiva,hemorragia de la primera mitad del embarazo (< 22 sem) aborto,2020-11-01,4,0,4
30301,AYOPAYA (V. DE INDEPENDENCIA),salud sexual y reproductiva,hemorragia de la primera mitad del embarazo (< 22 sem) aborto,2020-11-01,2,0,2
21203,BATALLAS,salud sexual y reproductiva,hemorragia de la primera mitad del embarazo (< 22 sem) aborto,2020-11-01,1,0,1
60202,BERMEJO,salud sexual y reproductiva,hemorragia de la primera mitad del embarazo (< 22 sem) aborto,2020-11-01,5,0,5
20905,CAIROMA,salud sexual y reproductiva,hemorragia de la primera mitad del embarazo (< 22 sem) aborto,2020-11-01,1,0,1
10701,CAMARGO,salud sexual y reproductiva,hemorragia de la primera mitad del embarazo (< 22 sem) aborto,2020-11-01,0,4,4
70706,CAMIRI,salud sexual y reproductiva,hemorragia de la primera mitad del embarazo (< 22 sem) aborto,2020-11-01,6,0,6
30701,CAPINOTA,salud sexual y reproductiva,hemorragia de la primera mitad del embarazo (< 22 sem) aborto,2020-11-01,1,1,2
40102,CARACOLLO,salud sexual y reproductiva,hemorragia de la primera mitad del embarazo (< 22 sem) aborto,2020-11-01,4,0,4
22001,CARANAVI,salud sexual y reproductiva,hemorragia de la primera mitad del embarazo (< 22 sem) aborto,2020-11-01,24,0,24
60302,CARAPARI,salud sexual y reproductiva,hemorragia de la primera mitad del embarazo (< 22 sem) aborto,2020-11-01,1,0,1
40201,CHALLAPATA,salud sexual y reproductiva,hemorragia de la primera mitad del embarazo (< 22 sem) aborto,2020-11-01,2,0,2
70702,CHARAGUA,salud sexual y reproductiva,hemorragia de la primera mitad del embarazo (< 22 sem) aborto,2020-11-01,4,0,4
21101,CHULUMANI (V. DE LA LIBERTAD),salud sexual y reproductiva,hemorragia de la primera mitad del embarazo (< 22 sem) aborto,2020-11-01,6,0,6
30801,CLIZA,salud sexual y reproductiva,hemorragia de la primera mitad del embarazo (< 22 sem) aborto,2020-11-01,4,0,4
90101,COBIJA,salud sexual y reproductiva,hemorragia de la primera mitad del embarazo (< 22 sem) aborto,2020-11-01,14,0,14
30101,COCHABAMBA,salud sexual y reproductiva,hemorragia de la primera mitad del embarazo (< 22 sem) aborto,2020-11-01,107,5,112
30905,COLCAPIRHUA,salud sexual y reproductiva,hemorragia de la primera mitad del embarazo (< 22 sem) aborto,2020-11-01,9,4,13
71301,COMARAPA,salud sexual y reproductiva,hemorragia de la primera mitad del embarazo (< 22 sem) aborto,2020-11-01,0,3,3
71101,CONCEPCION,salud sexual y reproductiva,hemorragia de la primera mitad del embarazo (< 22 sem) aborto,2020-11-01,2,3,5
21401,COROICO,salud sexual y reproductiva,hemorragia de la primera mitad del embarazo (< 22 sem) aborto,2020-11-01,11,0,11
50601,COTAGAITA,salud sexual y reproductiva,hemorragia de la primera mitad del embarazo (< 22 sem) aborto,2020-11-01,1,0,1
70102,COTOCA,salud sexual y reproductiva,hemorragia de la primera mitad del embarazo (< 22 sem) aborto,2020-11-01,6,2,8
10902,CULPINA,salud sexual y reproductiva,hemorragia de la primera mitad del embarazo (< 22 sem) aborto,2020-11-01,0,2,2
20105,EL ALTO,salud sexual y reproductiva,hemorragia de la primera mitad del embarazo (< 22 sem) aborto,2020-11-01,56,7,63
60502,EL PUENTE(TJA),salud sexual y reproductiva,hemorragia de la primera mitad del embarazo (< 22 sem) aborto,2020-11-01,1,0,1
70105,EL TORNO,salud sexual y reproductiva,hemorragia de la primera mitad del embarazo (< 22 sem) aborto,2020-11-01,22,0,22
31206,ENTRE RIOS CBBA,salud sexual y reproductiva,hemorragia de la primera mitad del embarazo (< 22 sem) aborto,2020-11-01,7,0,7
40701,HUANUNI,salud sexual y reproductiva,hemorragia de la primera mitad del embarazo (< 22 sem) aborto,2020-11-01,3,0,3
21102,IRUPANA (VILLA DE LANZA),salud sexual y reproductiva,hemorragia de la primera mitad del embarazo (< 22 sem) aborto,2020-11-01,3,0,3
20806,JESUS DE MACHACA,salud sexual y reproductiva,hemorragia de la primera mitad del embarazo (< 22 sem) aborto,2020-11-01,1,0,1
70104,LA GUARDIA,salud sexual y reproductiva,hemorragia de la primera mitad del embarazo (< 22 sem) aborto,2020-11-01,7,1,8
20101,LA PAZ,salud sexual y reproductiva,hemorragia de la primera mitad del embarazo (< 22 sem) aborto,2020-11-01,147,5,152
70903,MAIRANA,salud sexual y reproductiva,hemorragia de la primera mitad del embarazo (< 22 sem) aborto,2020-11-01,6,0,6
20607,MAPIRI,salud sexual y reproductiva,hemorragia de la primera mitad del embarazo (< 22 sem) aborto,2020-11-01,0,1,1
20103,MECAPACA,salud sexual y reproductiva,hemorragia de la primera mitad del embarazo (< 22 sem) aborto,2020-11-01,0,1,1
31301,MIZQUE,salud sexual y reproductiva,hemorragia de la primera mitad del embarazo (< 22 sem) aborto,2020-11-01,2,0,2
10501,MONTEAGUDO,salud sexual y reproductiva,hemorragia de la primera mitad del embarazo (< 22 sem) aborto,2020-11-01,8,0,8
71001,MONTERO,salud sexual y reproductiva,hemorragia de la primera mitad del embarazo (< 22 sem) aborto,2020-11-01,6,1,7
30302,MOROCHATA,salud sexual y reproductiva,hemorragia de la primera mitad del embarazo (< 22 sem) aborto,2020-11-01,0,1,1
50404,OCURI,salud sexual y reproductiva,hemorragia de la primera mitad del embarazo (< 22 sem) aborto,2020-11-01,1,1,2
40101,ORURO,salud sexual y reproductiva,hemorragia de la primera mitad del embarazo (< 22 sem) aborto,2020-11-01,23,0,23
10401,PADILLA,salud sexual y reproductiva,hemorragia de la primera mitad del embarazo (< 22 sem) aborto,2020-11-01,0,4,4
70502,PAILON,salud sexual y reproductiva,hemorragia de la primera mitad del embarazo (< 22 sem) aborto,2020-11-01,4,0,4
21104,PALOS BLANCOS,salud sexual y reproductiva,hemorragia de la primera mitad del embarazo (< 22 sem) aborto,2020-11-01,2,0,2
21305,PATACAMAYA,salud sexual y reproductiva,hemorragia de la primera mitad del embarazo (< 22 sem) aborto,2020-11-01,10,0,10
31203,POCONA,salud sexual y reproductiva,hemorragia de la primera mitad del embarazo (< 22 sem) aborto,2020-11-01,2,0,2
70103,PORONGO,salud sexual y reproductiva,hemorragia de la primera mitad del embarazo (< 22 sem) aborto,2020-11-01,3,0,3
50101,POTOSI,salud sexual y reproductiva,hemorragia de la primera mitad del embarazo (< 22 sem) aborto,2020-11-01,12,6,18
90201,PUERTO RICO,salud sexual y reproductiva,hemorragia de la primera mitad del embarazo (< 22 sem) aborto,2020-11-01,0,1,1
71401,PUERTO SUAREZ,salud sexual y reproductiva,hemorragia de la primera mitad del embarazo (< 22 sem) aborto,2020-11-01,3,0,3
31205,PUERTO VILLARROEL,salud sexual y reproductiva,hemorragia de la primera mitad del embarazo (< 22 sem) aborto,2020-11-01,48,0,48
31401,PUNATA,salud sexual y reproductiva,hemorragia de la primera mitad del embarazo (< 22 sem) aborto,2020-11-01,17,0,17
30901,QUILLACOLLO,salud sexual y reproductiva,hemorragia de la primera mitad del embarazo (< 22 sem) aborto,2020-11-01,14,0,14
31304,RAQAYPAMPA(ETA),salud sexual y reproductiva,hemorragia de la primera mitad del embarazo (< 22 sem) aborto,2020-11-01,1,0,1
80201,RIBERALTA,salud sexual y reproductiva,hemorragia de la primera mitad del embarazo (< 22 sem) aborto,2020-11-01,15,1,16
70503,ROBORE,salud sexual y reproductiva,hemorragia de la primera mitad del embarazo (< 22 sem) aborto,2020-11-01,0,1,1
80304,RURRENABAQUE,salud sexual y reproductiva,hemorragia de la primera mitad del embarazo (< 22 sem) aborto,2020-11-01,0,3,3
31001,SACABA,salud sexual y reproductiva,hemorragia de la primera mitad del embarazo (< 22 sem) aborto,2020-11-01,25,20,45
50701,SACACA,salud sexual y reproductiva,hemorragia de la primera mitad del embarazo (< 22 sem) aborto,2020-11-01,0,1,1
80302,SAN BORJA,salud sexual y reproductiva,hemorragia de la primera mitad del embarazo (< 22 sem) aborto,2020-11-01,13,0,13
70402,SAN CARLOS,salud sexual y reproductiva,hemorragia de la primera mitad del embarazo (< 22 sem) aborto,2020-11-01,0,1,1
80501,SAN IGNACIO,salud sexual y reproductiva,hemorragia de la primera mitad del embarazo (< 22 sem) aborto,2020-11-01,3,0,3
70301,SAN IGNACIO DE VELASCO,salud sexual y reproductiva,hemorragia de la primera mitad del embarazo (< 22 sem) aborto,2020-11-01,15,0,15
71102,SAN JAVIER(STC),salud sexual y reproductiva,hemorragia de la primera mitad del embarazo (< 22 sem) aborto,2020-11-01,1,0,1
70501,SAN JOSE DE CHIQUITOS,salud sexual y reproductiva,hemorragia de la primera mitad del embarazo (< 22 sem) aborto,2020-11-01,2,0,2
71104,SAN JULIAN,salud sexual y reproductiva,hemorragia de la primera mitad del embarazo (< 22 sem) aborto,2020-11-01,3,0,3
71201,SAN MATIAS,salud sexual y reproductiva,hemorragia de la primera mitad del embarazo (< 22 sem) aborto,2020-11-01,0,1,1
70302,SAN MIGUEL DE VELASCO,salud sexual y reproductiva,hemorragia de la primera mitad del embarazo (< 22 sem) aborto,2020-11-01,2,0,2
80702,SAN RAMON BENI,salud sexual y reproductiva,hemorragia de la primera mitad del embarazo (< 22 sem) aborto,2020-11-01,1,0,1
70101,SANTA CRUZ DE LA SIERRA,salud sexual y reproductiva,hemorragia de la primera mitad del embarazo (< 22 sem) aborto,2020-11-01,276,9,285
31602,SHINAOTA,salud sexual y reproductiva,hemorragia de la primera mitad del embarazo (< 22 sem) aborto,2020-11-01,11,0,11
30902,SIPE SIPE,salud sexual y reproductiva,hemorragia de la primera mitad del embarazo (< 22 sem) aborto,2020-11-01,4,1,5
10101,SUCRE,salud sexual y reproductiva,hemorragia de la primera mitad del embarazo (< 22 sem) aborto,2020-11-01,52,2,54
10601,TARABUCO,salud sexual y reproductiva,hemorragia de la primera mitad del embarazo (< 22 sem) aborto,2020-11-01,2,0,2
60101,TARIJA,salud sexual y reproductiva,hemorragia de la primera mitad del embarazo (< 22 sem) aborto,2020-11-01,31,2,33
20606,TIPUANI,salud sexual y reproductiva,hemorragia de la primera mitad del embarazo (< 22 sem) aborto,2020-11-01,1,0,1
30903,TIQUIPAYA,salud sexual y reproductiva,hemorragia de la primera mitad del embarazo (< 22 sem) aborto,2020-11-01,13,0,13
80101,TRINIDAD,salud sexual y reproductiva,hemorragia de la primera mitad del embarazo (< 22 sem) aborto,2020-11-01,20,2,22
50801,TUPIZA,salud sexual y reproductiva,hemorragia de la primera mitad del embarazo (< 22 sem) aborto,2020-11-01,2,0,2
51201,UYUNI,salud sexual y reproductiva,hemorragia de la primera mitad del embarazo (< 22 sem) aborto,2020-11-01,5,1,6
30502,VACAS,salud sexual y reproductiva,hemorragia de la primera mitad del embarazo (< 22 sem) aborto,2020-11-01,1,0,1
70801,VALLEGRANDE,salud sexual y reproductiva,hemorragia de la primera mitad del embarazo (< 22 sem) aborto,2020-11-01,3,1,4
20801,VIACHA,salud sexual y reproductiva,hemorragia de la primera mitad del embarazo (< 22 sem) aborto,2020-11-01,1,0,1
60303,VILLA MONTES,salud sexual y reproductiva,hemorragia de la primera mitad del embarazo (< 22 sem) aborto,2020-11-01,7,9,16
10801,VILLA SERRANO,salud sexual y reproductiva,hemorragia de la primera mitad del embarazo (< 22 sem) aborto,2020-11-01,1,0,1
31003,VILLA TUNARI,salud sexual y reproductiva,hemorragia de la primera mitad del embarazo (< 22 sem) aborto,2020-11-01,7,0,7
11001,VILLA VACA GUZMAN (MUYUPAMPA),salud sexual y reproductiva,hemorragia de la primera mitad del embarazo (< 22 sem) aborto,2020-11-01,1,0,1
51501,VILLAZON,salud sexual y reproductiva,hemorragia de la primera mitad del embarazo (< 22 sem) aborto,2020-11-01,2,0,2
30904,VINTO,salud sexual y reproductiva,hemorragia de la primera mitad del embarazo (< 22 sem) aborto,2020-11-01,11,0,11
70201,WARNES,salud sexual y reproductiva,hemorragia de la primera mitad del embarazo (< 22 sem) aborto,2020-11-01,0,16,16
60301,YACUIBA,salud sexual y reproductiva,hemorragia de la primera mitad del embarazo (< 22 sem) aborto,2020-11-01,7,0,7
70403,YAPACANI,salud sexual y reproductiva,hemorragia de la primera mitad del embarazo (< 22 sem) aborto,2020-11-01,13,1,14
10102,YOTALA,salud sexual y reproductiva,hemorragia de la primera mitad del embarazo (< 22 sem) aborto,2020-11-01,4,0,4
20201,ACHACACHI,salud sexual y reproductiva,hemorragia de la primera mitad del embarazo (< 22 sem) aborto,2020-12-01,3,0,3
30201,AIQUILE,salud sexual y reproductiva,hemorragia de la primera mitad del embarazo (< 22 sem) aborto,2020-12-01,5,0,5
10404,ALCALA,salud sexual y reproductiva,hemorragia de la primera mitad del embarazo (< 22 sem) aborto,2020-12-01,0,1,1
71501,ASCENCION DE GUARAYOS,salud sexual y reproductiva,hemorragia de la primera mitad del embarazo (< 22 sem) aborto,2020-12-01,5,1,6
30301,AYOPAYA (V. DE INDEPENDENCIA),salud sexual y reproductiva,hemorragia de la primera mitad del embarazo (< 22 sem) aborto,2020-12-01,2,0,2
21203,BATALLAS,salud sexual y reproductiva,hemorragia de la primera mitad del embarazo (< 22 sem) aborto,2020-12-01,2,0,2
60202,BERMEJO,salud sexual y reproductiva,hemorragia de la primera mitad del embarazo (< 22 sem) aborto,2020-12-01,4,0,4
31501,BOLIVAR,salud sexual y reproductiva,hemorragia de la primera mitad del embarazo (< 22 sem) aborto,2020-12-01,0,1,1
10701,CAMARGO,salud sexual y reproductiva,hemorragia de la primera mitad del embarazo (< 22 sem) aborto,2020-12-01,0,1,1
70706,CAMIRI,salud sexual y reproductiva,hemorragia de la primera mitad del embarazo (< 22 sem) aborto,2020-12-01,6,0,6
30701,CAPINOTA,salud sexual y reproductiva,hemorragia de la primera mitad del embarazo (< 22 sem) aborto,2020-12-01,5,0,5
40102,CARACOLLO,salud sexual y reproductiva,hemorragia de la primera mitad del embarazo (< 22 sem) aborto,2020-12-01,5,0,5
22001,CARANAVI,salud sexual y reproductiva,hemorragia de la primera mitad del embarazo (< 22 sem) aborto,2020-12-01,28,0,28
40201,CHALLAPATA,salud sexual y reproductiva,hemorragia de la primera mitad del embarazo (< 22 sem) aborto,2020-12-01,8,0,8
70702,CHARAGUA,salud sexual y reproductiva,hemorragia de la primera mitad del embarazo (< 22 sem) aborto,2020-12-01,4,0,4
21101,CHULUMANI (V. DE LA LIBERTAD),salud sexual y reproductiva,hemorragia de la primera mitad del embarazo (< 22 sem) aborto,2020-12-01,1,0,1
30801,CLIZA,salud sexual y reproductiva,hemorragia de la primera mitad del embarazo (< 22 sem) aborto,2020-12-01,6,0,6
90101,COBIJA,salud sexual y reproductiva,hemorragia de la primera mitad del embarazo (< 22 sem) aborto,2020-12-01,14,0,14
30101,COCHABAMBA,salud sexual y reproductiva,hemorragia de la primera mitad del embarazo (< 22 sem) aborto,2020-12-01,118,9,127
30905,COLCAPIRHUA,salud sexual y reproductiva,hemorragia de la primera mitad del embarazo (< 22 sem) aborto,2020-12-01,13,3,16
31002,COLOMI,salud sexual y reproductiva,hemorragia de la primera mitad del embarazo (< 22 sem) aborto,2020-12-01,2,0,2
50401,COLQUECHACA,salud sexual y reproductiva,hemorragia de la primera mitad del embarazo (< 22 sem) aborto,2020-12-01,1,0,1
71101,CONCEPCION,salud sexual y reproductiva,hemorragia de la primera mitad del embarazo (< 22 sem) aborto,2020-12-01,13,0,13
21401,COROICO,salud sexual y reproductiva,hemorragia de la primera mitad del embarazo (< 22 sem) aborto,2020-12-01,6,0,6
70102,COTOCA,salud sexual y reproductiva,hemorragia de la primera mitad del embarazo (< 22 sem) aborto,2020-12-01,12,0,12
10902,CULPINA,salud sexual y reproductiva,hemorragia de la primera mitad del embarazo (< 22 sem) aborto,2020-12-01,0,3,3
20105,EL ALTO,salud sexual y reproductiva,hemorragia de la primera mitad del embarazo (< 22 sem) aborto,2020-12-01,69,4,73
70105,EL TORNO,salud sexual y reproductiva,hemorragia de la primera mitad del embarazo (< 22 sem) aborto,2020-12-01,16,1,17
60601,ENTRE RIOS TRJ,salud sexual y reproductiva,hemorragia de la primera mitad del embarazo (< 22 sem) aborto,2020-12-01,0,2,2
31206,ENTRE RIOS CBBA,salud sexual y reproductiva,hemorragia de la primera mitad del embarazo (< 22 sem) aborto,2020-12-01,15,0,15
90203,FILADELFIA,salud sexual y reproductiva,hemorragia de la primera mitad del embarazo (< 22 sem) aborto,2020-12-01,0,2,2
80202,GUAYARAMERIN,salud sexual y reproductiva,hemorragia de la primera mitad del embarazo (< 22 sem) aborto,2020-12-01,2,0,2
40701,HUANUNI,salud sexual y reproductiva,hemorragia de la primera mitad del embarazo (< 22 sem) aborto,2020-12-01,6,0,6
21102,IRUPANA (VILLA DE LANZA),salud sexual y reproductiva,hemorragia de la primera mitad del embarazo (< 22 sem) aborto,2020-12-01,1,0,1
21105,LA ASUNTA,salud sexual y reproductiva,hemorragia de la primera mitad del embarazo (< 22 sem) aborto,2020-12-01,1,0,1
70104,LA GUARDIA,salud sexual y reproductiva,hemorragia de la primera mitad del embarazo (< 22 sem) aborto,2020-12-01,3,0,3
20101,LA PAZ,salud sexual y reproductiva,hemorragia de la primera mitad del embarazo (< 22 sem) aborto,2020-12-01,161,0,161
70903,MAIRANA,salud sexual y reproductiva,hemorragia de la primera mitad del embarazo (< 22 sem) aborto,2020-12-01,3,0,3
31301,MIZQUE,salud sexual y reproductiva,hemorragia de la primera mitad del embarazo (< 22 sem) aborto,2020-12-01,3,0,3
10501,MONTEAGUDO,salud sexual y reproductiva,hemorragia de la primera mitad del embarazo (< 22 sem) aborto,2020-12-01,9,0,9
71001,MONTERO,salud sexual y reproductiva,hemorragia de la primera mitad del embarazo (< 22 sem) aborto,2020-12-01,5,0,5
30302,MOROCHATA,salud sexual y reproductiva,hemorragia de la primera mitad del embarazo (< 22 sem) aborto,2020-12-01,0,1,1
50404,OCURI,salud sexual y reproductiva,hemorragia de la primera mitad del embarazo (< 22 sem) aborto,2020-12-01,1,1,2
40101,ORURO,salud sexual y reproductiva,hemorragia de la primera mitad del embarazo (< 22 sem) aborto,2020-12-01,36,6,42
60201,PADCAYA,salud sexual y reproductiva,hemorragia de la primera mitad del embarazo (< 22 sem) aborto,2020-12-01,0,1,1
10401,PADILLA,salud sexual y reproductiva,hemorragia de la primera mitad del embarazo (< 22 sem) aborto,2020-12-01,2,0,2
70502,PAILON,salud sexual y reproductiva,hemorragia de la primera mitad del embarazo (< 22 sem) aborto,2020-12-01,1,0,1
30202,PASORAPA,salud sexual y reproductiva,hemorragia de la primera mitad del embarazo (< 22 sem) aborto,2020-12-01,1,0,1
21305,PATACAMAYA,salud sexual y reproductiva,hemorragia de la primera mitad del embarazo (< 22 sem) aborto,2020-12-01,7,0,7
50101,POTOSI,salud sexual y reproductiva,hemorragia de la primera mitad del embarazo (< 22 sem) aborto,2020-12-01,23,1,24
71401,PUERTO SUAREZ,salud sexual y reproductiva,hemorragia de la primera mitad del embarazo (< 22 sem) aborto,2020-12-01,3,0,3
31205,PUERTO VILLARROEL,salud sexual y reproductiva,hemorragia de la primera mitad del embarazo (< 22 sem) aborto,2020-12-01,49,1,50
31401,PUNATA,salud sexual y reproductiva,hemorragia de la primera mitad del embarazo (< 22 sem) aborto,2020-12-01,14,0,14
30901,QUILLACOLLO,salud sexual y reproductiva,hemorragia de la primera mitad del embarazo (< 22 sem) aborto,2020-12-01,28,0,28
80201,RIBERALTA,salud sexual y reproductiva,hemorragia de la primera mitad del embarazo (< 22 sem) aborto,2020-12-01,7,0,7
31001,SACABA,salud sexual y reproductiva,hemorragia de la primera mitad del embarazo (< 22 sem) aborto,2020-12-01,42,1,43
80302,SAN BORJA,salud sexual y reproductiva,hemorragia de la primera mitad del embarazo (< 22 sem) aborto,2020-12-01,9,0,9
70402,SAN CARLOS,salud sexual y reproductiva,hemorragia de la primera mitad del embarazo (< 22 sem) aborto,2020-12-01,4,0,4
80501,SAN IGNACIO,salud sexual y reproductiva,hemorragia de la primera mitad del embarazo (< 22 sem) aborto,2020-12-01,1,0,1
70301,SAN IGNACIO DE VELASCO,salud sexual y reproductiva,hemorragia de la primera mitad del embarazo (< 22 sem) aborto,2020-12-01,10,0,10
71104,SAN JULIAN,salud sexual y reproductiva,hemorragia de la primera mitad del embarazo (< 22 sem) aborto,2020-12-01,7,0,7
60501,SAN LORENZO(TJA),salud sexual y reproductiva,hemorragia de la primera mitad del embarazo (< 22 sem) aborto,2020-12-01,0,1,1
10702,SAN LUCAS,salud sexual y reproductiva,hemorragia de la primera mitad del embarazo (< 22 sem) aborto,2020-12-01,0,1,1
70302,SAN MIGUEL DE VELASCO,salud sexual y reproductiva,hemorragia de la primera mitad del embarazo (< 22 sem) aborto,2020-12-01,1,0,1
80401,SANTA ANA,salud sexual y reproductiva,hemorragia de la primera mitad del embarazo (< 22 sem) aborto,2020-12-01,2,0,2
70101,SANTA CRUZ DE LA SIERRA,salud sexual y reproductiva,hemorragia de la primera mitad del embarazo (< 22 sem) aborto,2020-12-01,277,7,284
20902,SAPAHAQUI,salud sexual y reproductiva,hemorragia de la primera mitad del embarazo (< 22 sem) aborto,2020-12-01,0,1,1
90303,SENA,salud sexual y reproductiva,hemorragia de la primera mitad del embarazo (< 22 sem) aborto,2020-12-01,1,0,1
31602,SHINAOTA,salud sexual y reproductiva,hemorragia de la primera mitad del embarazo (< 22 sem) aborto,2020-12-01,7,0,7
30902,SIPE SIPE,salud sexual y reproductiva,hemorragia de la primera mitad del embarazo (< 22 sem) aborto,2020-12-01,7,1,8
10403,SOPACHUY,salud sexual y reproductiva,hemorragia de la primera mitad del embarazo (< 22 sem) aborto,2020-12-01,0,5,5
10101,SUCRE,salud sexual y reproductiva,hemorragia de la primera mitad del embarazo (< 22 sem) aborto,2020-12-01,47,1,48
10601,TARABUCO,salud sexual y reproductiva,hemorragia de la primera mitad del embarazo (< 22 sem) aborto,2020-12-01,5,0,5
30401,TARATA,salud sexual y reproductiva,hemorragia de la primera mitad del embarazo (< 22 sem) aborto,2020-12-01,3,0,3
60101,TARIJA,salud sexual y reproductiva,hemorragia de la primera mitad del embarazo (< 22 sem) aborto,2020-12-01,33,9,42
10202,TARVITA,salud sexual y reproductiva,hemorragia de la primera mitad del embarazo (< 22 sem) aborto,2020-12-01,0,2,2
50102,TINGUIPAYA,salud sexual y reproductiva,hemorragia de la primera mitad del embarazo (< 22 sem) aborto,2020-12-01,1,2,3
20606,TIPUANI,salud sexual y reproductiva,hemorragia de la primera mitad del embarazo (< 22 sem) aborto,2020-12-01,1,0,1
30903,TIQUIPAYA,salud sexual y reproductiva,hemorragia de la primera mitad del embarazo (< 22 sem) aborto,2020-12-01,14,0,14
31601,TIRAQUE (CBBA),salud sexual y reproductiva,hemorragia de la primera mitad del embarazo (< 22 sem) aborto,2020-12-01,1,0,1
50502,TORO TORO,salud sexual y reproductiva,hemorragia de la primera mitad del embarazo (< 22 sem) aborto,2020-12-01,3,0,3
31201,TOTORA(CBBA),salud sexual y reproductiva,hemorragia de la primera mitad del embarazo (< 22 sem) aborto,2020-12-01,1,0,1
80101,TRINIDAD,salud sexual y reproductiva,hemorragia de la primera mitad del embarazo (< 22 sem) aborto,2020-12-01,30,2,32
50801,TUPIZA,salud sexual y reproductiva,hemorragia de la primera mitad del embarazo (< 22 sem) aborto,2020-12-01,5,0,5
51201,UYUNI,salud sexual y reproductiva,hemorragia de la primera mitad del embarazo (< 22 sem) aborto,2020-12-01,15,0,15
70801,VALLEGRANDE,salud sexual y reproductiva,hemorragia de la primera mitad del embarazo (< 22 sem) aborto,2020-12-01,1,0,1
60303,VILLA MONTES,salud sexual y reproductiva,hemorragia de la primera mitad del embarazo (< 22 sem) aborto,2020-12-01,5,4,9
31003,VILLA TUNARI,salud sexual y reproductiva,hemorragia de la primera mitad del embarazo (< 22 sem) aborto,2020-12-01,12,0,12
51501,VILLAZON,salud sexual y reproductiva,hemorragia de la primera mitad del embarazo (< 22 sem) aborto,2020-12-01,3,0,3
30904,VINTO,salud sexual y reproductiva,hemorragia de la primera mitad del embarazo (< 22 sem) aborto,2020-12-01,17,0,17
70201,WARNES,salud sexual y reproductiva,hemorragia de la primera mitad del embarazo (< 22 sem) aborto,2020-12-01,0,17,17
60301,YACUIBA,salud sexual y reproductiva,hemorragia de la primera mitad del embarazo (< 22 sem) aborto,2020-12-01,11,1,12
70403,YAPACANI,salud sexual y reproductiva,hemorragia de la primera mitad del embarazo (< 22 sem) aborto,2020-12-01,19,0,19
10102,YOTALA,salud sexual y reproductiva,hemorragia de la primera mitad del embarazo (< 22 sem) aborto,2020-12-01,2,0,2
