codigo_municipio,municipio,grupo,variable,mes,dentro de establecimientos total,fuera de establecimientos total,total
20104,ACHOCALLA,salud sexual y reproductiva,hemorragia de la primera mitad del embarazo (< 22 sem) aborto,2018-01-01,0,1,1
30201,AIQUILE,salud sexual y reproductiva,hemorragia de la primera mitad del embarazo (< 22 sem) aborto,2018-01-01,8,1,9
41201,ANDAMARCA,salud sexual y reproductiva,hemorragia de la primera mitad del embarazo (< 22 sem) aborto,2018-01-01,0,1,1
30501,ARANI,salud sexual y reproductiva,hemorragia de la primera mitad del embarazo (< 22 sem) aborto,2018-01-01,2,0,2
71501,ASCENCION DE GUARAYOS,salud sexual y reproductiva,hemorragia de la primera mitad del embarazo (< 22 sem) aborto,2018-01-01,8,9,17
30301,AYOPAYA (V. DE INDEPENDENCIA),salud sexual y reproductiva,hemorragia de la primera mitad del embarazo (< 22 sem) aborto,2018-01-01,1,0,1
10201,AZURDUY,salud sexual y reproductiva,hemorragia de la primera mitad del embarazo (< 22 sem) aborto,2018-01-01,1,0,1
60202,BERMEJO,salud sexual y reproductiva,hemorragia de la primera mitad del embarazo (< 22 sem) aborto,2018-01-01,1,0,1
50301,BETANZOS,salud sexual y reproductiva,hemorragia de la primera mitad del embarazo (< 22 sem) aborto,2018-01-01,7,0,7
70706,CAMIRI,salud sexual y reproductiva,hemorragia de la primera mitad del embarazo (< 22 sem) aborto,2018-01-01,15,0,15
30701,CAPINOTA,salud sexual y reproductiva,hemorragia de la primera mitad del embarazo (< 22 sem) aborto,2018-01-01,5,0,5
22001,CARANAVI,salud sexual y reproductiva,hemorragia de la primera mitad del embarazo (< 22 sem) aborto,2018-01-01,16,0,16
60302,CARAPARI,salud sexual y reproductiva,hemorragia de la primera mitad del embarazo (< 22 sem) aborto,2018-01-01,0,1,1
70702,CHARAGUA,salud sexual y reproductiva,hemorragia de la primera mitad del embarazo (< 22 sem) aborto,2018-01-01,3,0,3
50202,CHAYANTA,salud sexual y reproductiva,hemorragia de la primera mitad del embarazo (< 22 sem) aborto,2018-01-01,1,0,1
31204,CHIMORE,salud sexual y reproductiva,hemorragia de la primera mitad del embarazo (< 22 sem) aborto,2018-01-01,2,0,2
20203,CHUA COCANI,salud sexual y reproductiva,hemorragia de la primera mitad del embarazo (< 22 sem) aborto,2018-01-01,0,1,1
21101,CHULUMANI (V. DE LA LIBERTAD),salud sexual y reproductiva,hemorragia de la primera mitad del embarazo (< 22 sem) aborto,2018-01-01,0,18,18
51103,CKOCHAS,salud sexual y reproductiva,hemorragia de la primera mitad del embarazo (< 22 sem) aborto,2018-01-01,1,0,1
30801,CLIZA,salud sexual y reproductiva,hemorragia de la primera mitad del embarazo (< 22 sem) aborto,2018-01-01,7,0,7
90101,COBIJA,salud sexual y reproductiva,hemorragia de la primera mitad del embarazo (< 22 sem) aborto,2018-01-01,24,0,24
30303,COCAPATA,salud sexual y reproductiva,hemorragia de la primera mitad del embarazo (< 22 sem) aborto,2018-01-01,1,0,1
30101,COCHABAMBA,salud sexual y reproductiva,hemorragia de la primera mitad del embarazo (< 22 sem) aborto,2018-01-01,249,6,255
30905,COLCAPIRHUA,salud sexual y reproductiva,hemorragia de la primera mitad del embarazo (< 22 sem) aborto,2018-01-01,2,0,2
50401,COLQUECHACA,salud sexual y reproductiva,hemorragia de la primera mitad del embarazo (< 22 sem) aborto,2018-01-01,0,1,1
71301,COMARAPA,salud sexual y reproductiva,hemorragia de la primera mitad del embarazo (< 22 sem) aborto,2018-01-01,3,0,3
71101,CONCEPCION,salud sexual y reproductiva,hemorragia de la primera mitad del embarazo (< 22 sem) aborto,2018-01-01,2,0,2
21402,CORIPATA,salud sexual y reproductiva,hemorragia de la primera mitad del embarazo (< 22 sem) aborto,2018-01-01,1,0,1
21401,COROICO,salud sexual y reproductiva,hemorragia de la primera mitad del embarazo (< 22 sem) aborto,2018-01-01,1,0,1
40301,CORQUE,salud sexual y reproductiva,hemorragia de la primera mitad del embarazo (< 22 sem) aborto,2018-01-01,0,1,1
70102,COTOCA,salud sexual y reproductiva,hemorragia de la primera mitad del embarazo (< 22 sem) aborto,2018-01-01,2,0,2
71106,CUATRO CAÃ‘ADAS,salud sexual y reproductiva,hemorragia de la primera mitad del embarazo (< 22 sem) aborto,2018-01-01,4,0,4
10902,CULPINA,salud sexual y reproductiva,hemorragia de la primera mitad del embarazo (< 22 sem) aborto,2018-01-01,3,0,3
20105,EL ALTO,salud sexual y reproductiva,hemorragia de la primera mitad del embarazo (< 22 sem) aborto,2018-01-01,190,26,216
71503,EL PUENTE(STC),salud sexual y reproductiva,hemorragia de la primera mitad del embarazo (< 22 sem) aborto,2018-01-01,0,2,2
70105,EL TORNO,salud sexual y reproductiva,hemorragia de la primera mitad del embarazo (< 22 sem) aborto,2018-01-01,19,0,19
31206,ENTRE RIOS CBBA,salud sexual y reproductiva,hemorragia de la primera mitad del embarazo (< 22 sem) aborto,2018-01-01,3,0,3
80202,GUAYARAMERIN,salud sexual y reproductiva,hemorragia de la primera mitad del embarazo (< 22 sem) aborto,2018-01-01,5,0,5
10502,HUACARETA,salud sexual y reproductiva,hemorragia de la primera mitad del embarazo (< 22 sem) aborto,2018-01-01,1,0,1
40701,HUANUNI,salud sexual y reproductiva,hemorragia de la primera mitad del embarazo (< 22 sem) aborto,2018-01-01,3,0,3
10703,INCAHUASI,salud sexual y reproductiva,hemorragia de la primera mitad del embarazo (< 22 sem) aborto,2018-01-01,1,0,1
21102,IRUPANA (VILLA DE LANZA),salud sexual y reproductiva,hemorragia de la primera mitad del embarazo (< 22 sem) aborto,2018-01-01,1,0,1
21105,LA ASUNTA,salud sexual y reproductiva,hemorragia de la primera mitad del embarazo (< 22 sem) aborto,2018-01-01,0,1,1
70104,LA GUARDIA,salud sexual y reproductiva,hemorragia de la primera mitad del embarazo (< 22 sem) aborto,2018-01-01,0,3,3
20101,LA PAZ,salud sexual y reproductiva,hemorragia de la primera mitad del embarazo (< 22 sem) aborto,2018-01-01,243,31,274
11003,MACHARETI,salud sexual y reproductiva,hemorragia de la primera mitad del embarazo (< 22 sem) aborto,2018-01-01,1,0,1
31301,MIZQUE,salud sexual y reproductiva,hemorragia de la primera mitad del embarazo (< 22 sem) aborto,2018-01-01,1,0,1
50404,OCURI,salud sexual y reproductiva,hemorragia de la primera mitad del embarazo (< 22 sem) aborto,2018-01-01,1,0,1
40101,ORURO,salud sexual y reproductiva,hemorragia de la primera mitad del embarazo (< 22 sem) aborto,2018-01-01,44,20,64
10401,PADILLA,salud sexual y reproductiva,hemorragia de la primera mitad del embarazo (< 22 sem) aborto,2018-01-01,7,0,7
21305,PATACAMAYA,salud sexual y reproductiva,hemorragia de la primera mitad del embarazo (< 22 sem) aborto,2018-01-01,3,0,3
50403,POCOATA,salud sexual y reproductiva,hemorragia de la primera mitad del embarazo (< 22 sem) aborto,2018-01-01,0,1,1
31202,POJO (CBBA),salud sexual y reproductiva,hemorragia de la primera mitad del embarazo (< 22 sem) aborto,2018-01-01,2,0,2
50101,POTOSI,salud sexual y reproductiva,hemorragia de la primera mitad del embarazo (< 22 sem) aborto,2018-01-01,29,0,29
10302,PRESTO,salud sexual y reproductiva,hemorragia de la primera mitad del embarazo (< 22 sem) aborto,2018-01-01,0,1,1
90301,PUERTO GONZALO MORENO,salud sexual y reproductiva,hemorragia de la primera mitad del embarazo (< 22 sem) aborto,2018-01-01,1,0,1
90201,PUERTO RICO,salud sexual y reproductiva,hemorragia de la primera mitad del embarazo (< 22 sem) aborto,2018-01-01,0,1,1
71401,PUERTO SUAREZ,salud sexual y reproductiva,hemorragia de la primera mitad del embarazo (< 22 sem) aborto,2018-01-01,3,0,3
31205,PUERTO VILLARROEL,salud sexual y reproductiva,hemorragia de la primera mitad del embarazo (< 22 sem) aborto,2018-01-01,27,2,29
31401,PUNATA,salud sexual y reproductiva,hemorragia de la primera mitad del embarazo (< 22 sem) aborto,2018-01-01,11,0,11
30901,QUILLACOLLO,salud sexual y reproductiva,hemorragia de la primera mitad del embarazo (< 22 sem) aborto,2018-01-01,53,0,53
80201,RIBERALTA,salud sexual y reproductiva,hemorragia de la primera mitad del embarazo (< 22 sem) aborto,2018-01-01,3,2,5
70503,ROBORE,salud sexual y reproductiva,hemorragia de la primera mitad del embarazo (< 22 sem) aborto,2018-01-01,2,0,2
31001,SACABA,salud sexual y reproductiva,hemorragia de la primera mitad del embarazo (< 22 sem) aborto,2018-01-01,61,1,62
80302,SAN BORJA,salud sexual y reproductiva,hemorragia de la primera mitad del embarazo (< 22 sem) aborto,2018-01-01,12,0,12
70402,SAN CARLOS,salud sexual y reproductiva,hemorragia de la primera mitad del embarazo (< 22 sem) aborto,2018-01-01,11,0,11
70301,SAN IGNACIO DE VELASCO,salud sexual y reproductiva,hemorragia de la primera mitad del embarazo (< 22 sem) aborto,2018-01-01,9,0,9
70501,SAN JOSE DE CHIQUITOS,salud sexual y reproductiva,hemorragia de la primera mitad del embarazo (< 22 sem) aborto,2018-01-01,5,0,5
71104,SAN JULIAN,salud sexual y reproductiva,hemorragia de la primera mitad del embarazo (< 22 sem) aborto,2018-01-01,2,0,2
10702,SAN LUCAS,salud sexual y reproductiva,hemorragia de la primera mitad del embarazo (< 22 sem) aborto,2018-01-01,4,3,7
71201,SAN MATIAS,salud sexual y reproductiva,hemorragia de la primera mitad del embarazo (< 22 sem) aborto,2018-01-01,0,6,6
70302,SAN MIGUEL DE VELASCO,salud sexual y reproductiva,hemorragia de la primera mitad del embarazo (< 22 sem) aborto,2018-01-01,1,0,1
50501,SAN PEDRO DE BUENA VISTA,salud sexual y reproductiva,hemorragia de la primera mitad del embarazo (< 22 sem) aborto,2018-01-01,0,1,1
80702,SAN RAMON BENI,salud sexual y reproductiva,hemorragia de la primera mitad del embarazo (< 22 sem) aborto,2018-01-01,1,0,1
71103,SAN RAMON SCZ,salud sexual y reproductiva,hemorragia de la primera mitad del embarazo (< 22 sem) aborto,2018-01-01,1,0,1
80401,SANTA ANA,salud sexual y reproductiva,hemorragia de la primera mitad del embarazo (< 22 sem) aborto,2018-01-01,4,0,4
70101,SANTA CRUZ DE LA SIERRA,salud sexual y reproductiva,hemorragia de la primera mitad del embarazo (< 22 sem) aborto,2018-01-01,528,167,695
70602,SANTA ROSA DEL SARA,salud sexual y reproductiva,hemorragia de la primera mitad del embarazo (< 22 sem) aborto,2018-01-01,0,1,1
31602,SHINAOTA,salud sexual y reproductiva,hemorragia de la primera mitad del embarazo (< 22 sem) aborto,2018-01-01,6,2,8
30703,SICAYA,salud sexual y reproductiva,hemorragia de la primera mitad del embarazo (< 22 sem) aborto,2018-01-01,1,0,1
30902,SIPE SIPE,salud sexual y reproductiva,hemorragia de la primera mitad del embarazo (< 22 sem) aborto,2018-01-01,4,0,4
10403,SOPACHUY,salud sexual y reproductiva,hemorragia de la primera mitad del embarazo (< 22 sem) aborto,2018-01-01,0,2,2
10101,SUCRE,salud sexual y reproductiva,hemorragia de la primera mitad del embarazo (< 22 sem) aborto,2018-01-01,71,13,84
50303,TACOBAMBA,salud sexual y reproductiva,hemorragia de la primera mitad del embarazo (< 22 sem) aborto,2018-01-01,0,1,1
10601,TARABUCO,salud sexual y reproductiva,hemorragia de la primera mitad del embarazo (< 22 sem) aborto,2018-01-01,2,4,6
30401,TARATA,salud sexual y reproductiva,hemorragia de la primera mitad del embarazo (< 22 sem) aborto,2018-01-01,1,0,1
60101,TARIJA,salud sexual y reproductiva,hemorragia de la primera mitad del embarazo (< 22 sem) aborto,2018-01-01,87,0,87
20606,TIPUANI,salud sexual y reproductiva,hemorragia de la primera mitad del embarazo (< 22 sem) aborto,2018-01-01,0,1,1
31601,TIRAQUE (CBBA),salud sexual y reproductiva,hemorragia de la primera mitad del embarazo (< 22 sem) aborto,2018-01-01,3,0,3
31201,TOTORA(CBBA),salud sexual y reproductiva,hemorragia de la primera mitad del embarazo (< 22 sem) aborto,2018-01-01,7,0,7
80101,TRINIDAD,salud sexual y reproductiva,hemorragia de la primera mitad del embarazo (< 22 sem) aborto,2018-01-01,63,1,64
50801,TUPIZA,salud sexual y reproductiva,hemorragia de la primera mitad del embarazo (< 22 sem) aborto,2018-01-01,18,0,18
60401,URIONDO (A. CONCEPCION),salud sexual y reproductiva,hemorragia de la primera mitad del embarazo (< 22 sem) aborto,2018-01-01,1,0,1
51201,UYUNI,salud sexual y reproductiva,hemorragia de la primera mitad del embarazo (< 22 sem) aborto,2018-01-01,6,0,6
30502,VACAS,salud sexual y reproductiva,hemorragia de la primera mitad del embarazo (< 22 sem) aborto,2018-01-01,1,0,1
20801,VIACHA,salud sexual y reproductiva,hemorragia de la primera mitad del embarazo (< 22 sem) aborto,2018-01-01,1,0,1
10801,VILLA SERRANO,salud sexual y reproductiva,hemorragia de la primera mitad del embarazo (< 22 sem) aborto,2018-01-01,0,1,1
31003,VILLA TUNARI,salud sexual y reproductiva,hemorragia de la primera mitad del embarazo (< 22 sem) aborto,2018-01-01,9,0,9
11001,VILLA VACA GUZMAN (MUYUPAMPA),salud sexual y reproductiva,hemorragia de la primera mitad del embarazo (< 22 sem) aborto,2018-01-01,2,0,2
51501,VILLAZON,salud sexual y reproductiva,hemorragia de la primera mitad del embarazo (< 22 sem) aborto,2018-01-01,11,3,14
30904,VINTO,salud sexual y reproductiva,hemorragia de la primera mitad del embarazo (< 22 sem) aborto,2018-01-01,6,0,6
50602,VITICHI,salud sexual y reproductiva,hemorragia de la primera mitad del embarazo (< 22 sem) aborto,2018-01-01,0,1,1
20306,WALDO BALLIVIAN,salud sexual y reproductiva,hemorragia de la primera mitad del embarazo (< 22 sem) aborto,2018-01-01,0,1,1
70201,WARNES,salud sexual y reproductiva,hemorragia de la primera mitad del embarazo (< 22 sem) aborto,2018-01-01,0,16,16
60301,YACUIBA,salud sexual y reproductiva,hemorragia de la primera mitad del embarazo (< 22 sem) aborto,2018-01-01,1,0,1
21103,YANACACHI,salud sexual y reproductiva,hemorragia de la primera mitad del embarazo (< 22 sem) aborto,2018-01-01,0,1,1
70403,YAPACANI,salud sexual y reproductiva,hemorragia de la primera mitad del embarazo (< 22 sem) aborto,2018-01-01,12,0,12
20104,ACHOCALLA,salud sexual y reproductiva,hemorragia de la primera mitad del embarazo (< 22 sem) aborto,2018-02-01,1,0,1
30201,AIQUILE,salud sexual y reproductiva,hemorragia de la primera mitad del embarazo (< 22 sem) aborto,2018-02-01,7,0,7
20202,ANCORAIMES,salud sexual y reproductiva,hemorragia de la primera mitad del embarazo (< 22 sem) aborto,2018-02-01,1,0,1
30402,ANZALDO,salud sexual y reproductiva,hemorragia de la primera mitad del embarazo (< 22 sem) aborto,2018-02-01,1,0,1
30403,ARBIETO,salud sexual y reproductiva,hemorragia de la primera mitad del embarazo (< 22 sem) aborto,2018-02-01,1,0,1
71501,ASCENCION DE GUARAYOS,salud sexual y reproductiva,hemorragia de la primera mitad del embarazo (< 22 sem) aborto,2018-02-01,3,8,11
30301,AYOPAYA (V. DE INDEPENDENCIA),salud sexual y reproductiva,hemorragia de la primera mitad del embarazo (< 22 sem) aborto,2018-02-01,2,0,2
80802,BAURES,salud sexual y reproductiva,hemorragia de la primera mitad del embarazo (< 22 sem) aborto,2018-02-01,0,1,1
60202,BERMEJO,salud sexual y reproductiva,hemorragia de la primera mitad del embarazo (< 22 sem) aborto,2018-02-01,1,0,1
50301,BETANZOS,salud sexual y reproductiva,hemorragia de la primera mitad del embarazo (< 22 sem) aborto,2018-02-01,6,0,6
10701,CAMARGO,salud sexual y reproductiva,hemorragia de la primera mitad del embarazo (< 22 sem) aborto,2018-02-01,2,1,3
70706,CAMIRI,salud sexual y reproductiva,hemorragia de la primera mitad del embarazo (< 22 sem) aborto,2018-02-01,12,0,12
30701,CAPINOTA,salud sexual y reproductiva,hemorragia de la primera mitad del embarazo (< 22 sem) aborto,2018-02-01,5,0,5
40102,CARACOLLO,salud sexual y reproductiva,hemorragia de la primera mitad del embarazo (< 22 sem) aborto,2018-02-01,2,0,2
22001,CARANAVI,salud sexual y reproductiva,hemorragia de la primera mitad del embarazo (< 22 sem) aborto,2018-02-01,27,1,28
70702,CHARAGUA,salud sexual y reproductiva,hemorragia de la primera mitad del embarazo (< 22 sem) aborto,2018-02-01,2,0,2
31204,CHIMORE,salud sexual y reproductiva,hemorragia de la primera mitad del embarazo (< 22 sem) aborto,2018-02-01,1,0,1
21101,CHULUMANI (V. DE LA LIBERTAD),salud sexual y reproductiva,hemorragia de la primera mitad del embarazo (< 22 sem) aborto,2018-02-01,1,2,3
51103,CKOCHAS,salud sexual y reproductiva,hemorragia de la primera mitad del embarazo (< 22 sem) aborto,2018-02-01,0,1,1
30801,CLIZA,salud sexual y reproductiva,hemorragia de la primera mitad del embarazo (< 22 sem) aborto,2018-02-01,9,1,10
90101,COBIJA,salud sexual y reproductiva,hemorragia de la primera mitad del embarazo (< 22 sem) aborto,2018-02-01,17,0,17
30101,COCHABAMBA,salud sexual y reproductiva,hemorragia de la primera mitad del embarazo (< 22 sem) aborto,2018-02-01,177,3,180
30905,COLCAPIRHUA,salud sexual y reproductiva,hemorragia de la primera mitad del embarazo (< 22 sem) aborto,2018-02-01,1,3,4
71301,COMARAPA,salud sexual y reproductiva,hemorragia de la primera mitad del embarazo (< 22 sem) aborto,2018-02-01,6,0,6
50601,COTAGAITA,salud sexual y reproductiva,hemorragia de la primera mitad del embarazo (< 22 sem) aborto,2018-02-01,1,0,1
70102,COTOCA,salud sexual y reproductiva,hemorragia de la primera mitad del embarazo (< 22 sem) aborto,2018-02-01,6,0,6
71106,CUATRO CAÃ‘ADAS,salud sexual y reproductiva,hemorragia de la primera mitad del embarazo (< 22 sem) aborto,2018-02-01,2,0,2
20105,EL ALTO,salud sexual y reproductiva,hemorragia de la primera mitad del embarazo (< 22 sem) aborto,2018-02-01,120,10,130
70105,EL TORNO,salud sexual y reproductiva,hemorragia de la primera mitad del embarazo (< 22 sem) aborto,2018-02-01,7,4,11
31206,ENTRE RIOS CBBA,salud sexual y reproductiva,hemorragia de la primera mitad del embarazo (< 22 sem) aborto,2018-02-01,1,0,1
71004,FERNANDEZ ALONSO,salud sexual y reproductiva,hemorragia de la primera mitad del embarazo (< 22 sem) aborto,2018-02-01,1,0,1
80202,GUAYARAMERIN,salud sexual y reproductiva,hemorragia de la primera mitad del embarazo (< 22 sem) aborto,2018-02-01,1,1,2
40701,HUANUNI,salud sexual y reproductiva,hemorragia de la primera mitad del embarazo (< 22 sem) aborto,2018-02-01,5,2,7
21001,INQUISIVI,salud sexual y reproductiva,hemorragia de la primera mitad del embarazo (< 22 sem) aborto,2018-02-01,0,1,1
21105,LA ASUNTA,salud sexual y reproductiva,hemorragia de la primera mitad del embarazo (< 22 sem) aborto,2018-02-01,1,0,1
20101,LA PAZ,salud sexual y reproductiva,hemorragia de la primera mitad del embarazo (< 22 sem) aborto,2018-02-01,125,34,159
11003,MACHARETI,salud sexual y reproductiva,hemorragia de la primera mitad del embarazo (< 22 sem) aborto,2018-02-01,1,1,2
70903,MAIRANA,salud sexual y reproductiva,hemorragia de la primera mitad del embarazo (< 22 sem) aborto,2018-02-01,3,0,3
20607,MAPIRI,salud sexual y reproductiva,hemorragia de la primera mitad del embarazo (< 22 sem) aborto,2018-02-01,1,0,1
31301,MIZQUE,salud sexual y reproductiva,hemorragia de la primera mitad del embarazo (< 22 sem) aborto,2018-02-01,1,0,1
20402,MOCOMOCO,salud sexual y reproductiva,hemorragia de la primera mitad del embarazo (< 22 sem) aborto,2018-02-01,0,1,1
10501,MONTEAGUDO,salud sexual y reproductiva,hemorragia de la primera mitad del embarazo (< 22 sem) aborto,2018-02-01,4,0,4
71001,MONTERO,salud sexual y reproductiva,hemorragia de la primera mitad del embarazo (< 22 sem) aborto,2018-02-01,0,1,1
40101,ORURO,salud sexual y reproductiva,hemorragia de la primera mitad del embarazo (< 22 sem) aborto,2018-02-01,56,0,56
10401,PADILLA,salud sexual y reproductiva,hemorragia de la primera mitad del embarazo (< 22 sem) aborto,2018-02-01,4,1,5
21104,PALOS BLANCOS,salud sexual y reproductiva,hemorragia de la primera mitad del embarazo (< 22 sem) aborto,2018-02-01,1,0,1
40802,PAMPA AULLAGAS,salud sexual y reproductiva,hemorragia de la primera mitad del embarazo (< 22 sem) aborto,2018-02-01,1,0,1
50101,POTOSI,salud sexual y reproductiva,hemorragia de la primera mitad del embarazo (< 22 sem) aborto,2018-02-01,13,0,13
71401,PUERTO SUAREZ,salud sexual y reproductiva,hemorragia de la primera mitad del embarazo (< 22 sem) aborto,2018-02-01,4,0,4
31205,PUERTO VILLARROEL,salud sexual y reproductiva,hemorragia de la primera mitad del embarazo (< 22 sem) aborto,2018-02-01,32,1,33
51101,PUNA,salud sexual y reproductiva,hemorragia de la primera mitad del embarazo (< 22 sem) aborto,2018-02-01,0,1,1
31401,PUNATA,salud sexual y reproductiva,hemorragia de la primera mitad del embarazo (< 22 sem) aborto,2018-02-01,10,0,10
30901,QUILLACOLLO,salud sexual y reproductiva,hemorragia de la primera mitad del embarazo (< 22 sem) aborto,2018-02-01,44,1,45
50402,RAVELO,salud sexual y reproductiva,hemorragia de la primera mitad del embarazo (< 22 sem) aborto,2018-02-01,0,2,2
80201,RIBERALTA,salud sexual y reproductiva,hemorragia de la primera mitad del embarazo (< 22 sem) aborto,2018-02-01,4,0,4
70503,ROBORE,salud sexual y reproductiva,hemorragia de la primera mitad del embarazo (< 22 sem) aborto,2018-02-01,2,0,2
31001,SACABA,salud sexual y reproductiva,hemorragia de la primera mitad del embarazo (< 22 sem) aborto,2018-02-01,55,0,55
80302,SAN BORJA,salud sexual y reproductiva,hemorragia de la primera mitad del embarazo (< 22 sem) aborto,2018-02-01,15,0,15
70402,SAN CARLOS,salud sexual y reproductiva,hemorragia de la primera mitad del embarazo (< 22 sem) aborto,2018-02-01,4,0,4
70301,SAN IGNACIO DE VELASCO,salud sexual y reproductiva,hemorragia de la primera mitad del embarazo (< 22 sem) aborto,2018-02-01,10,0,10
71102,SAN JAVIER(STC),salud sexual y reproductiva,hemorragia de la primera mitad del embarazo (< 22 sem) aborto,2018-02-01,4,0,4
70501,SAN JOSE DE CHIQUITOS,salud sexual y reproductiva,hemorragia de la primera mitad del embarazo (< 22 sem) aborto,2018-02-01,8,0,8
71104,SAN JULIAN,salud sexual y reproductiva,hemorragia de la primera mitad del embarazo (< 22 sem) aborto,2018-02-01,10,0,10
10702,SAN LUCAS,salud sexual y reproductiva,hemorragia de la primera mitad del embarazo (< 22 sem) aborto,2018-02-01,0,3,3
71201,SAN MATIAS,salud sexual y reproductiva,hemorragia de la primera mitad del embarazo (< 22 sem) aborto,2018-02-01,0,2,2
71103,SAN RAMON SCZ,salud sexual y reproductiva,hemorragia de la primera mitad del embarazo (< 22 sem) aborto,2018-02-01,0,1,1
80401,SANTA ANA,salud sexual y reproductiva,hemorragia de la primera mitad del embarazo (< 22 sem) aborto,2018-02-01,4,0,4
70101,SANTA CRUZ DE LA SIERRA,salud sexual y reproductiva,hemorragia de la primera mitad del embarazo (< 22 sem) aborto,2018-02-01,405,120,525
70602,SANTA ROSA DEL SARA,salud sexual y reproductiva,hemorragia de la primera mitad del embarazo (< 22 sem) aborto,2018-02-01,1,1,2
90303,SENA,salud sexual y reproductiva,hemorragia de la primera mitad del embarazo (< 22 sem) aborto,2018-02-01,0,1,1
31602,SHINAOTA,salud sexual y reproductiva,hemorragia de la primera mitad del embarazo (< 22 sem) aborto,2018-02-01,13,0,13
30902,SIPE SIPE,salud sexual y reproductiva,hemorragia de la primera mitad del embarazo (< 22 sem) aborto,2018-02-01,3,0,3
20601,SORATA,salud sexual y reproductiva,hemorragia de la primera mitad del embarazo (< 22 sem) aborto,2018-02-01,1,0,1
10101,SUCRE,salud sexual y reproductiva,hemorragia de la primera mitad del embarazo (< 22 sem) aborto,2018-02-01,67,9,76
20603,TACACOMA,salud sexual y reproductiva,hemorragia de la primera mitad del embarazo (< 22 sem) aborto,2018-02-01,1,0,1
50303,TACOBAMBA,salud sexual y reproductiva,hemorragia de la primera mitad del embarazo (< 22 sem) aborto,2018-02-01,0,2,2
30401,TARATA,salud sexual y reproductiva,hemorragia de la primera mitad del embarazo (< 22 sem) aborto,2018-02-01,2,0,2
60101,TARIJA,salud sexual y reproductiva,hemorragia de la primera mitad del embarazo (< 22 sem) aborto,2018-02-01,67,15,82
10202,TARVITA,salud sexual y reproductiva,hemorragia de la primera mitad del embarazo (< 22 sem) aborto,2018-02-01,2,2,4
31601,TIRAQUE (CBBA),salud sexual y reproductiva,hemorragia de la primera mitad del embarazo (< 22 sem) aborto,2018-02-01,3,0,3
30802,TOCO,salud sexual y reproductiva,hemorragia de la primera mitad del embarazo (< 22 sem) aborto,2018-02-01,0,1,1
31201,TOTORA(CBBA),salud sexual y reproductiva,hemorragia de la primera mitad del embarazo (< 22 sem) aborto,2018-02-01,3,0,3
80101,TRINIDAD,salud sexual y reproductiva,hemorragia de la primera mitad del embarazo (< 22 sem) aborto,2018-02-01,40,3,43
50801,TUPIZA,salud sexual y reproductiva,hemorragia de la primera mitad del embarazo (< 22 sem) aborto,2018-02-01,12,0,12
51201,UYUNI,salud sexual y reproductiva,hemorragia de la primera mitad del embarazo (< 22 sem) aborto,2018-02-01,7,0,7
30502,VACAS,salud sexual y reproductiva,hemorragia de la primera mitad del embarazo (< 22 sem) aborto,2018-02-01,1,0,1
70801,VALLEGRANDE,salud sexual y reproductiva,hemorragia de la primera mitad del embarazo (< 22 sem) aborto,2018-02-01,1,0,1
20801,VIACHA,salud sexual y reproductiva,hemorragia de la primera mitad del embarazo (< 22 sem) aborto,2018-02-01,1,0,1
31003,VILLA TUNARI,salud sexual y reproductiva,hemorragia de la primera mitad del embarazo (< 22 sem) aborto,2018-02-01,8,0,8
51501,VILLAZON,salud sexual y reproductiva,hemorragia de la primera mitad del embarazo (< 22 sem) aborto,2018-02-01,12,0,12
30904,VINTO,salud sexual y reproductiva,hemorragia de la primera mitad del embarazo (< 22 sem) aborto,2018-02-01,6,0,6
70201,WARNES,salud sexual y reproductiva,hemorragia de la primera mitad del embarazo (< 22 sem) aborto,2018-02-01,9,17,26
60301,YACUIBA,salud sexual y reproductiva,hemorragia de la primera mitad del embarazo (< 22 sem) aborto,2018-02-01,2,2,4
70403,YAPACANI,salud sexual y reproductiva,hemorragia de la primera mitad del embarazo (< 22 sem) aborto,2018-02-01,33,0,33
10102,YOTALA,salud sexual y reproductiva,hemorragia de la primera mitad del embarazo (< 22 sem) aborto,2018-02-01,2,0,2
30201,AIQUILE,salud sexual y reproductiva,hemorragia de la primera mitad del embarazo (< 22 sem) aborto,2018-03-01,2,4,6
30403,ARBIETO,salud sexual y reproductiva,hemorragia de la primera mitad del embarazo (< 22 sem) aborto,2018-03-01,2,0,2
71501,ASCENCION DE GUARAYOS,salud sexual y reproductiva,hemorragia de la primera mitad del embarazo (< 22 sem) aborto,2018-03-01,3,1,4
10201,AZURDUY,salud sexual y reproductiva,hemorragia de la primera mitad del embarazo (< 22 sem) aborto,2018-03-01,0,1,1
60202,BERMEJO,salud sexual y reproductiva,hemorragia de la primera mitad del embarazo (< 22 sem) aborto,2018-03-01,0,2,2
50301,BETANZOS,salud sexual y reproductiva,hemorragia de la primera mitad del embarazo (< 22 sem) aborto,2018-03-01,4,0,4
10701,CAMARGO,salud sexual y reproductiva,hemorragia de la primera mitad del embarazo (< 22 sem) aborto,2018-03-01,1,1,2
70706,CAMIRI,salud sexual y reproductiva,hemorragia de la primera mitad del embarazo (< 22 sem) aborto,2018-03-01,12,0,12
30701,CAPINOTA,salud sexual y reproductiva,hemorragia de la primera mitad del embarazo (< 22 sem) aborto,2018-03-01,4,0,4
40102,CARACOLLO,salud sexual y reproductiva,hemorragia de la primera mitad del embarazo (< 22 sem) aborto,2018-03-01,1,0,1
22001,CARANAVI,salud sexual y reproductiva,hemorragia de la primera mitad del embarazo (< 22 sem) aborto,2018-03-01,22,0,22
50302,CHAQUI,salud sexual y reproductiva,hemorragia de la primera mitad del embarazo (< 22 sem) aborto,2018-03-01,1,0,1
70702,CHARAGUA,salud sexual y reproductiva,hemorragia de la primera mitad del embarazo (< 22 sem) aborto,2018-03-01,6,0,6
31204,CHIMORE,salud sexual y reproductiva,hemorragia de la primera mitad del embarazo (< 22 sem) aborto,2018-03-01,1,0,1
21101,CHULUMANI (V. DE LA LIBERTAD),salud sexual y reproductiva,hemorragia de la primera mitad del embarazo (< 22 sem) aborto,2018-03-01,0,12,12
30801,CLIZA,salud sexual y reproductiva,hemorragia de la primera mitad del embarazo (< 22 sem) aborto,2018-03-01,10,0,10
90101,COBIJA,salud sexual y reproductiva,hemorragia de la primera mitad del embarazo (< 22 sem) aborto,2018-03-01,14,1,15
30101,COCHABAMBA,salud sexual y reproductiva,hemorragia de la primera mitad del embarazo (< 22 sem) aborto,2018-03-01,216,0,216
31002,COLOMI,salud sexual y reproductiva,hemorragia de la primera mitad del embarazo (< 22 sem) aborto,2018-03-01,1,1,2
71301,COMARAPA,salud sexual y reproductiva,hemorragia de la primera mitad del embarazo (< 22 sem) aborto,2018-03-01,4,0,4
71101,CONCEPCION,salud sexual y reproductiva,hemorragia de la primera mitad del embarazo (< 22 sem) aborto,2018-03-01,3,0,3
21402,CORIPATA,salud sexual y reproductiva,hemorragia de la primera mitad del embarazo (< 22 sem) aborto,2018-03-01,1,1,2
21401,COROICO,salud sexual y reproductiva,hemorragia de la primera mitad del embarazo (< 22 sem) aborto,2018-03-01,2,0,2
70102,COTOCA,salud sexual y reproductiva,hemorragia de la primera mitad del embarazo (< 22 sem) aborto,2018-03-01,16,0,16
71106,CUATRO CAÃ‘ADAS,salud sexual y reproductiva,hemorragia de la primera mitad del embarazo (< 22 sem) aborto,2018-03-01,5,0,5
10902,CULPINA,salud sexual y reproductiva,hemorragia de la primera mitad del embarazo (< 22 sem) aborto,2018-03-01,4,0,4
20105,EL ALTO,salud sexual y reproductiva,hemorragia de la primera mitad del embarazo (< 22 sem) aborto,2018-03-01,169,3,172
70105,EL TORNO,salud sexual y reproductiva,hemorragia de la primera mitad del embarazo (< 22 sem) aborto,2018-03-01,15,0,15
31206,ENTRE RIOS CBBA,salud sexual y reproductiva,hemorragia de la primera mitad del embarazo (< 22 sem) aborto,2018-03-01,3,0,3
80202,GUAYARAMERIN,salud sexual y reproductiva,hemorragia de la primera mitad del embarazo (< 22 sem) aborto,2018-03-01,4,0,4
40701,HUANUNI,salud sexual y reproductiva,hemorragia de la primera mitad del embarazo (< 22 sem) aborto,2018-03-01,4,1,5
20101,LA PAZ,salud sexual y reproductiva,hemorragia de la primera mitad del embarazo (< 22 sem) aborto,2018-03-01,131,13,144
21202,LAJA,salud sexual y reproductiva,hemorragia de la primera mitad del embarazo (< 22 sem) aborto,2018-03-01,1,0,1
70903,MAIRANA,salud sexual y reproductiva,hemorragia de la primera mitad del embarazo (< 22 sem) aborto,2018-03-01,2,0,2
10501,MONTEAGUDO,salud sexual y reproductiva,hemorragia de la primera mitad del embarazo (< 22 sem) aborto,2018-03-01,4,1,5
71001,MONTERO,salud sexual y reproductiva,hemorragia de la primera mitad del embarazo (< 22 sem) aborto,2018-03-01,1,1,2
50404,OCURI,salud sexual y reproductiva,hemorragia de la primera mitad del embarazo (< 22 sem) aborto,2018-03-01,2,0,2
40101,ORURO,salud sexual y reproductiva,hemorragia de la primera mitad del embarazo (< 22 sem) aborto,2018-03-01,87,0,87
10401,PADILLA,salud sexual y reproductiva,hemorragia de la primera mitad del embarazo (< 22 sem) aborto,2018-03-01,6,0,6
70502,PAILON,salud sexual y reproductiva,hemorragia de la primera mitad del embarazo (< 22 sem) aborto,2018-03-01,0,1,1
40802,PAMPA AULLAGAS,salud sexual y reproductiva,hemorragia de la primera mitad del embarazo (< 22 sem) aborto,2018-03-01,1,0,1
21305,PATACAMAYA,salud sexual y reproductiva,hemorragia de la primera mitad del embarazo (< 22 sem) aborto,2018-03-01,4,0,4
31203,POCONA,salud sexual y reproductiva,hemorragia de la primera mitad del embarazo (< 22 sem) aborto,2018-03-01,2,1,3
10103,POROMA,salud sexual y reproductiva,hemorragia de la primera mitad del embarazo (< 22 sem) aborto,2018-03-01,2,0,2
50101,POTOSI,salud sexual y reproductiva,hemorragia de la primera mitad del embarazo (< 22 sem) aborto,2018-03-01,19,0,19
90301,PUERTO GONZALO MORENO,salud sexual y reproductiva,hemorragia de la primera mitad del embarazo (< 22 sem) aborto,2018-03-01,0,2,2
90201,PUERTO RICO,salud sexual y reproductiva,hemorragia de la primera mitad del embarazo (< 22 sem) aborto,2018-03-01,0,2,2
31205,PUERTO VILLARROEL,salud sexual y reproductiva,hemorragia de la primera mitad del embarazo (< 22 sem) aborto,2018-03-01,38,0,38
31401,PUNATA,salud sexual y reproductiva,hemorragia de la primera mitad del embarazo (< 22 sem) aborto,2018-03-01,20,4,24
30901,QUILLACOLLO,salud sexual y reproductiva,hemorragia de la primera mitad del embarazo (< 22 sem) aborto,2018-03-01,69,0,69
31304,RAQAYPAMPA(ETA),salud sexual y reproductiva,hemorragia de la primera mitad del embarazo (< 22 sem) aborto,2018-03-01,1,0,1
70503,ROBORE,salud sexual y reproductiva,hemorragia de la primera mitad del embarazo (< 22 sem) aborto,2018-03-01,4,0,4
31001,SACABA,salud sexual y reproductiva,hemorragia de la primera mitad del embarazo (< 22 sem) aborto,2018-03-01,53,0,53
50701,SACACA,salud sexual y reproductiva,hemorragia de la primera mitad del embarazo (< 22 sem) aborto,2018-03-01,0,1,1
31403,SAN BENITO,salud sexual y reproductiva,hemorragia de la primera mitad del embarazo (< 22 sem) aborto,2018-03-01,1,0,1
80302,SAN BORJA,salud sexual y reproductiva,hemorragia de la primera mitad del embarazo (< 22 sem) aborto,2018-03-01,18,0,18
70402,SAN CARLOS,salud sexual y reproductiva,hemorragia de la primera mitad del embarazo (< 22 sem) aborto,2018-03-01,4,0,4
80501,SAN IGNACIO,salud sexual y reproductiva,hemorragia de la primera mitad del embarazo (< 22 sem) aborto,2018-03-01,3,0,3
70301,SAN IGNACIO DE VELASCO,salud sexual y reproductiva,hemorragia de la primera mitad del embarazo (< 22 sem) aborto,2018-03-01,6,0,6
70501,SAN JOSE DE CHIQUITOS,salud sexual y reproductiva,hemorragia de la primera mitad del embarazo (< 22 sem) aborto,2018-03-01,2,0,2
71104,SAN JULIAN,salud sexual y reproductiva,hemorragia de la primera mitad del embarazo (< 22 sem) aborto,2018-03-01,10,0,10
60501,SAN LORENZO(TJA),salud sexual y reproductiva,hemorragia de la primera mitad del embarazo (< 22 sem) aborto,2018-03-01,1,0,1
10702,SAN LUCAS,salud sexual y reproductiva,hemorragia de la primera mitad del embarazo (< 22 sem) aborto,2018-03-01,1,2,3
71201,SAN MATIAS,salud sexual y reproductiva,hemorragia de la primera mitad del embarazo (< 22 sem) aborto,2018-03-01,0,6,6
50501,SAN PEDRO DE BUENA VISTA,salud sexual y reproductiva,hemorragia de la primera mitad del embarazo (< 22 sem) aborto,2018-03-01,1,1,2
80401,SANTA ANA,salud sexual y reproductiva,hemorragia de la primera mitad del embarazo (< 22 sem) aborto,2018-03-01,8,0,8
70101,SANTA CRUZ DE LA SIERRA,salud sexual y reproductiva,hemorragia de la primera mitad del embarazo (< 22 sem) aborto,2018-03-01,362,74,436
70602,SANTA ROSA DEL SARA,salud sexual y reproductiva,hemorragia de la primera mitad del embarazo (< 22 sem) aborto,2018-03-01,1,0,1
90303,SENA,salud sexual y reproductiva,hemorragia de la primera mitad del embarazo (< 22 sem) aborto,2018-03-01,0,1,1
31602,SHINAOTA,salud sexual y reproductiva,hemorragia de la primera mitad del embarazo (< 22 sem) aborto,2018-03-01,3,0,3
30902,SIPE SIPE,salud sexual y reproductiva,hemorragia de la primera mitad del embarazo (< 22 sem) aborto,2018-03-01,7,0,7
20601,SORATA,salud sexual y reproductiva,hemorragia de la primera mitad del embarazo (< 22 sem) aborto,2018-03-01,1,0,1
10101,SUCRE,salud sexual y reproductiva,hemorragia de la primera mitad del embarazo (< 22 sem) aborto,2018-03-01,59,41,100
50303,TACOBAMBA,salud sexual y reproductiva,hemorragia de la primera mitad del embarazo (< 22 sem) aborto,2018-03-01,1,0,1
10601,TARABUCO,salud sexual y reproductiva,hemorragia de la primera mitad del embarazo (< 22 sem) aborto,2018-03-01,0,1,1
30401,TARATA,salud sexual y reproductiva,hemorragia de la primera mitad del embarazo (< 22 sem) aborto,2018-03-01,2,0,2
60101,TARIJA,salud sexual y reproductiva,hemorragia de la primera mitad del embarazo (< 22 sem) aborto,2018-03-01,46,9,55
30903,TIQUIPAYA,salud sexual y reproductiva,hemorragia de la primera mitad del embarazo (< 22 sem) aborto,2018-03-01,0,1,1
31601,TIRAQUE (CBBA),salud sexual y reproductiva,hemorragia de la primera mitad del embarazo (< 22 sem) aborto,2018-03-01,1,0,1
31201,TOTORA(CBBA),salud sexual y reproductiva,hemorragia de la primera mitad del embarazo (< 22 sem) aborto,2018-03-01,3,0,3
80101,TRINIDAD,salud sexual y reproductiva,hemorragia de la primera mitad del embarazo (< 22 sem) aborto,2018-03-01,67,2,69
50801,TUPIZA,salud sexual y reproductiva,hemorragia de la primera mitad del embarazo (< 22 sem) aborto,2018-03-01,13,0,13
60401,URIONDO (A. CONCEPCION),salud sexual y reproductiva,hemorragia de la primera mitad del embarazo (< 22 sem) aborto,2018-03-01,1,1,2
51201,UYUNI,salud sexual y reproductiva,hemorragia de la primera mitad del embarazo (< 22 sem) aborto,2018-03-01,12,0,12
70801,VALLEGRANDE,salud sexual y reproductiva,hemorragia de la primera mitad del embarazo (< 22 sem) aborto,2018-03-01,2,0,2
20801,VIACHA,salud sexual y reproductiva,hemorragia de la primera mitad del embarazo (< 22 sem) aborto,2018-03-01,0,2,2
10801,VILLA SERRANO,salud sexual y reproductiva,hemorragia de la primera mitad del embarazo (< 22 sem) aborto,2018-03-01,0,3,3
31003,VILLA TUNARI,salud sexual y reproductiva,hemorragia de la primera mitad del embarazo (< 22 sem) aborto,2018-03-01,6,0,6
11001,VILLA VACA GUZMAN (MUYUPAMPA),salud sexual y reproductiva,hemorragia de la primera mitad del embarazo (< 22 sem) aborto,2018-03-01,0,2,2
51501,VILLAZON,salud sexual y reproductiva,hemorragia de la primera mitad del embarazo (< 22 sem) aborto,2018-03-01,9,0,9
30904,VINTO,salud sexual y reproductiva,hemorragia de la primera mitad del embarazo (< 22 sem) aborto,2018-03-01,7,0,7
50602,VITICHI,salud sexual y reproductiva,hemorragia de la primera mitad del embarazo (< 22 sem) aborto,2018-03-01,1,0,1
70201,WARNES,salud sexual y reproductiva,hemorragia de la primera mitad del embarazo (< 22 sem) aborto,2018-03-01,0,14,14
60301,YACUIBA,salud sexual y reproductiva,hemorragia de la primera mitad del embarazo (< 22 sem) aborto,2018-03-01,0,1,1
70403,YAPACANI,salud sexual y reproductiva,hemorragia de la primera mitad del embarazo (< 22 sem) aborto,2018-03-01,10,0,10
20201,ACHACACHI,salud sexual y reproductiva,hemorragia de la primera mitad del embarazo (< 22 sem) aborto,2018-04-01,1,1,2
30201,AIQUILE,salud sexual y reproductiva,hemorragia de la primera mitad del embarazo (< 22 sem) aborto,2018-04-01,0,7,7
30403,ARBIETO,salud sexual y reproductiva,hemorragia de la primera mitad del embarazo (< 22 sem) aborto,2018-04-01,6,0,6
30601,ARQUE,salud sexual y reproductiva,hemorragia de la primera mitad del embarazo (< 22 sem) aborto,2018-04-01,1,0,1
71501,ASCENCION DE GUARAYOS,salud sexual y reproductiva,hemorragia de la primera mitad del embarazo (< 22 sem) aborto,2018-04-01,5,0,5
50802,ATOCHA,salud sexual y reproductiva,hemorragia de la primera mitad del embarazo (< 22 sem) aborto,2018-04-01,0,2,2
21203,BATALLAS,salud sexual y reproductiva,hemorragia de la primera mitad del embarazo (< 22 sem) aborto,2018-04-01,1,0,1
50301,BETANZOS,salud sexual y reproductiva,hemorragia de la primera mitad del embarazo (< 22 sem) aborto,2018-04-01,4,0,4
20905,CAIROMA,salud sexual y reproductiva,hemorragia de la primera mitad del embarazo (< 22 sem) aborto,2018-04-01,0,1,1
70706,CAMIRI,salud sexual y reproductiva,hemorragia de la primera mitad del embarazo (< 22 sem) aborto,2018-04-01,20,0,20
30701,CAPINOTA,salud sexual y reproductiva,hemorragia de la primera mitad del embarazo (< 22 sem) aborto,2018-04-01,6,0,6
40102,CARACOLLO,salud sexual y reproductiva,hemorragia de la primera mitad del embarazo (< 22 sem) aborto,2018-04-01,3,0,3
22001,CARANAVI,salud sexual y reproductiva,hemorragia de la primera mitad del embarazo (< 22 sem) aborto,2018-04-01,21,0,21
40201,CHALLAPATA,salud sexual y reproductiva,hemorragia de la primera mitad del embarazo (< 22 sem) aborto,2018-04-01,2,0,2
70702,CHARAGUA,salud sexual y reproductiva,hemorragia de la primera mitad del embarazo (< 22 sem) aborto,2018-04-01,3,0,3
31204,CHIMORE,salud sexual y reproductiva,hemorragia de la primera mitad del embarazo (< 22 sem) aborto,2018-04-01,4,0,4
21101,CHULUMANI (V. DE LA LIBERTAD),salud sexual y reproductiva,hemorragia de la primera mitad del embarazo (< 22 sem) aborto,2018-04-01,0,8,8
30801,CLIZA,salud sexual y reproductiva,hemorragia de la primera mitad del embarazo (< 22 sem) aborto,2018-04-01,10,0,10
90101,COBIJA,salud sexual y reproductiva,hemorragia de la primera mitad del embarazo (< 22 sem) aborto,2018-04-01,13,0,13
30303,COCAPATA,salud sexual y reproductiva,hemorragia de la primera mitad del embarazo (< 22 sem) aborto,2018-04-01,0,2,2
30101,COCHABAMBA,salud sexual y reproductiva,hemorragia de la primera mitad del embarazo (< 22 sem) aborto,2018-04-01,219,7,226
30905,COLCAPIRHUA,salud sexual y reproductiva,hemorragia de la primera mitad del embarazo (< 22 sem) aborto,2018-04-01,3,0,3
31002,COLOMI,salud sexual y reproductiva,hemorragia de la primera mitad del embarazo (< 22 sem) aborto,2018-04-01,3,0,3
71301,COMARAPA,salud sexual y reproductiva,hemorragia de la primera mitad del embarazo (< 22 sem) aborto,2018-04-01,2,0,2
71101,CONCEPCION,salud sexual y reproductiva,hemorragia de la primera mitad del embarazo (< 22 sem) aborto,2018-04-01,2,0,2
21402,CORIPATA,salud sexual y reproductiva,hemorragia de la primera mitad del embarazo (< 22 sem) aborto,2018-04-01,0,1,1
21401,COROICO,salud sexual y reproductiva,hemorragia de la primera mitad del embarazo (< 22 sem) aborto,2018-04-01,6,0,6
70102,COTOCA,salud sexual y reproductiva,hemorragia de la primera mitad del embarazo (< 22 sem) aborto,2018-04-01,7,0,7
71106,CUATRO CAÃ‘ADAS,salud sexual y reproductiva,hemorragia de la primera mitad del embarazo (< 22 sem) aborto,2018-04-01,2,0,2
10902,CULPINA,salud sexual y reproductiva,hemorragia de la primera mitad del embarazo (< 22 sem) aborto,2018-04-01,6,0,6
20105,EL ALTO,salud sexual y reproductiva,hemorragia de la primera mitad del embarazo (< 22 sem) aborto,2018-04-01,194,15,209
70105,EL TORNO,salud sexual y reproductiva,hemorragia de la primera mitad del embarazo (< 22 sem) aborto,2018-04-01,17,0,17
31206,ENTRE RIOS CBBA,salud sexual y reproductiva,hemorragia de la primera mitad del embarazo (< 22 sem) aborto,2018-04-01,7,0,7
80202,GUAYARAMERIN,salud sexual y reproductiva,hemorragia de la primera mitad del embarazo (< 22 sem) aborto,2018-04-01,1,0,1
40701,HUANUNI,salud sexual y reproductiva,hemorragia de la primera mitad del embarazo (< 22 sem) aborto,2018-04-01,2,0,2
10304,ICLA,salud sexual y reproductiva,hemorragia de la primera mitad del embarazo (< 22 sem) aborto,2018-04-01,0,1,1
10703,INCAHUASI,salud sexual y reproductiva,hemorragia de la primera mitad del embarazo (< 22 sem) aborto,2018-04-01,3,0,3
21001,INQUISIVI,salud sexual y reproductiva,hemorragia de la primera mitad del embarazo (< 22 sem) aborto,2018-04-01,1,0,1
21105,LA ASUNTA,salud sexual y reproductiva,hemorragia de la primera mitad del embarazo (< 22 sem) aborto,2018-04-01,0,2,2
70104,LA GUARDIA,salud sexual y reproductiva,hemorragia de la primera mitad del embarazo (< 22 sem) aborto,2018-04-01,0,2,2
20101,LA PAZ,salud sexual y reproductiva,hemorragia de la primera mitad del embarazo (< 22 sem) aborto,2018-04-01,134,8,142
11003,MACHARETI,salud sexual y reproductiva,hemorragia de la primera mitad del embarazo (< 22 sem) aborto,2018-04-01,0,2,2
80801,MAGDALENA,salud sexual y reproductiva,hemorragia de la primera mitad del embarazo (< 22 sem) aborto,2018-04-01,0,3,3
70903,MAIRANA,salud sexual y reproductiva,hemorragia de la primera mitad del embarazo (< 22 sem) aborto,2018-04-01,3,0,3
20607,MAPIRI,salud sexual y reproductiva,hemorragia de la primera mitad del embarazo (< 22 sem) aborto,2018-04-01,1,1,2
71001,MONTERO,salud sexual y reproductiva,hemorragia de la primera mitad del embarazo (< 22 sem) aborto,2018-04-01,2,0,2
30302,MOROCHATA,salud sexual y reproductiva,hemorragia de la primera mitad del embarazo (< 22 sem) aborto,2018-04-01,0,1,1
40101,ORURO,salud sexual y reproductiva,hemorragia de la primera mitad del embarazo (< 22 sem) aborto,2018-04-01,96,1,97
10401,PADILLA,salud sexual y reproductiva,hemorragia de la primera mitad del embarazo (< 22 sem) aborto,2018-04-01,7,0,7
20102,PALCA,salud sexual y reproductiva,hemorragia de la primera mitad del embarazo (< 22 sem) aborto,2018-04-01,1,0,1
21104,PALOS BLANCOS,salud sexual y reproductiva,hemorragia de la primera mitad del embarazo (< 22 sem) aborto,2018-04-01,2,0,2
21305,PATACAMAYA,salud sexual y reproductiva,hemorragia de la primera mitad del embarazo (< 22 sem) aborto,2018-04-01,2,0,2
31203,POCONA,salud sexual y reproductiva,hemorragia de la primera mitad del embarazo (< 22 sem) aborto,2018-04-01,2,0,2
50101,POTOSI,salud sexual y reproductiva,hemorragia de la primera mitad del embarazo (< 22 sem) aborto,2018-04-01,23,0,23
90301,PUERTO GONZALO MORENO,salud sexual y reproductiva,hemorragia de la primera mitad del embarazo (< 22 sem) aborto,2018-04-01,2,1,3
90201,PUERTO RICO,salud sexual y reproductiva,hemorragia de la primera mitad del embarazo (< 22 sem) aborto,2018-04-01,0,3,3
71401,PUERTO SUAREZ,salud sexual y reproductiva,hemorragia de la primera mitad del embarazo (< 22 sem) aborto,2018-04-01,6,0,6
31205,PUERTO VILLARROEL,salud sexual y reproductiva,hemorragia de la primera mitad del embarazo (< 22 sem) aborto,2018-04-01,44,0,44
31401,PUNATA,salud sexual y reproductiva,hemorragia de la primera mitad del embarazo (< 22 sem) aborto,2018-04-01,16,0,16
30901,QUILLACOLLO,salud sexual y reproductiva,hemorragia de la primera mitad del embarazo (< 22 sem) aborto,2018-04-01,54,0,54
80201,RIBERALTA,salud sexual y reproductiva,hemorragia de la primera mitad del embarazo (< 22 sem) aborto,2018-04-01,1,0,1
70503,ROBORE,salud sexual y reproductiva,hemorragia de la primera mitad del embarazo (< 22 sem) aborto,2018-04-01,4,0,4
31001,SACABA,salud sexual y reproductiva,hemorragia de la primera mitad del embarazo (< 22 sem) aborto,2018-04-01,53,0,53
50701,SACACA,salud sexual y reproductiva,hemorragia de la primera mitad del embarazo (< 22 sem) aborto,2018-04-01,1,0,1
31403,SAN BENITO,salud sexual y reproductiva,hemorragia de la primera mitad del embarazo (< 22 sem) aborto,2018-04-01,2,0,2
80302,SAN BORJA,salud sexual y reproductiva,hemorragia de la primera mitad del embarazo (< 22 sem) aborto,2018-04-01,10,0,10
70402,SAN CARLOS,salud sexual y reproductiva,hemorragia de la primera mitad del embarazo (< 22 sem) aborto,2018-04-01,9,0,9
80501,SAN IGNACIO,salud sexual y reproductiva,hemorragia de la primera mitad del embarazo (< 22 sem) aborto,2018-04-01,2,0,2
70301,SAN IGNACIO DE VELASCO,salud sexual y reproductiva,hemorragia de la primera mitad del embarazo (< 22 sem) aborto,2018-04-01,12,0,12
71102,SAN JAVIER(STC),salud sexual y reproductiva,hemorragia de la primera mitad del embarazo (< 22 sem) aborto,2018-04-01,4,0,4
70501,SAN JOSE DE CHIQUITOS,salud sexual y reproductiva,hemorragia de la primera mitad del embarazo (< 22 sem) aborto,2018-04-01,10,0,10
71104,SAN JULIAN,salud sexual y reproductiva,hemorragia de la primera mitad del embarazo (< 22 sem) aborto,2018-04-01,14,0,14
90302,SAN LORENZO(PND),salud sexual y reproductiva,hemorragia de la primera mitad del embarazo (< 22 sem) aborto,2018-04-01,0,1,1
10702,SAN LUCAS,salud sexual y reproductiva,hemorragia de la primera mitad del embarazo (< 22 sem) aborto,2018-04-01,0,1,1
70302,SAN MIGUEL DE VELASCO,salud sexual y reproductiva,hemorragia de la primera mitad del embarazo (< 22 sem) aborto,2018-04-01,1,0,1
71005,SAN PEDRO,salud sexual y reproductiva,hemorragia de la primera mitad del embarazo (< 22 sem) aborto,2018-04-01,1,0,1
50501,SAN PEDRO DE BUENA VISTA,salud sexual y reproductiva,hemorragia de la primera mitad del embarazo (< 22 sem) aborto,2018-04-01,2,1,3
80401,SANTA ANA,salud sexual y reproductiva,hemorragia de la primera mitad del embarazo (< 22 sem) aborto,2018-04-01,2,0,2
70101,SANTA CRUZ DE LA SIERRA,salud sexual y reproductiva,hemorragia de la primera mitad del embarazo (< 22 sem) aborto,2018-04-01,287,151,438
90303,SENA,salud sexual y reproductiva,hemorragia de la primera mitad del embarazo (< 22 sem) aborto,2018-04-01,0,4,4
31602,SHINAOTA,salud sexual y reproductiva,hemorragia de la primera mitad del embarazo (< 22 sem) aborto,2018-04-01,13,0,13
30902,SIPE SIPE,salud sexual y reproductiva,hemorragia de la primera mitad del embarazo (< 22 sem) aborto,2018-04-01,10,0,10
10101,SUCRE,salud sexual y reproductiva,hemorragia de la primera mitad del embarazo (< 22 sem) aborto,2018-04-01,99,22,121
20603,TACACOMA,salud sexual y reproductiva,hemorragia de la primera mitad del embarazo (< 22 sem) aborto,2018-04-01,1,0,1
50303,TACOBAMBA,salud sexual y reproductiva,hemorragia de la primera mitad del embarazo (< 22 sem) aborto,2018-04-01,0,1,1
30602,TACOPAYA,salud sexual y reproductiva,hemorragia de la primera mitad del embarazo (< 22 sem) aborto,2018-04-01,0,1,1
31101,TAPACARI,salud sexual y reproductiva,hemorragia de la primera mitad del embarazo (< 22 sem) aborto,2018-04-01,0,2,2
10601,TARABUCO,salud sexual y reproductiva,hemorragia de la primera mitad del embarazo (< 22 sem) aborto,2018-04-01,0,1,1
30401,TARATA,salud sexual y reproductiva,hemorragia de la primera mitad del embarazo (< 22 sem) aborto,2018-04-01,2,0,2
60101,TARIJA,salud sexual y reproductiva,hemorragia de la primera mitad del embarazo (< 22 sem) aborto,2018-04-01,42,6,48
10202,TARVITA,salud sexual y reproductiva,hemorragia de la primera mitad del embarazo (< 22 sem) aborto,2018-04-01,1,4,5
20803,TIAWANACU,salud sexual y reproductiva,hemorragia de la primera mitad del embarazo (< 22 sem) aborto,2018-04-01,0,2,2
20606,TIPUANI,salud sexual y reproductiva,hemorragia de la primera mitad del embarazo (< 22 sem) aborto,2018-04-01,1,0,1
31601,TIRAQUE (CBBA),salud sexual y reproductiva,hemorragia de la primera mitad del embarazo (< 22 sem) aborto,2018-04-01,3,0,3
30802,TOCO,salud sexual y reproductiva,hemorragia de la primera mitad del embarazo (< 22 sem) aborto,2018-04-01,1,0,1
31201,TOTORA(CBBA),salud sexual y reproductiva,hemorragia de la primera mitad del embarazo (< 22 sem) aborto,2018-04-01,4,0,4
80101,TRINIDAD,salud sexual y reproductiva,hemorragia de la primera mitad del embarazo (< 22 sem) aborto,2018-04-01,63,1,64
50801,TUPIZA,salud sexual y reproductiva,hemorragia de la primera mitad del embarazo (< 22 sem) aborto,2018-04-01,14,0,14
51201,UYUNI,salud sexual y reproductiva,hemorragia de la primera mitad del embarazo (< 22 sem) aborto,2018-04-01,5,0,5
30502,VACAS,salud sexual y reproductiva,hemorragia de la primera mitad del embarazo (< 22 sem) aborto,2018-04-01,2,0,2
70801,VALLEGRANDE,salud sexual y reproductiva,hemorragia de la primera mitad del embarazo (< 22 sem) aborto,2018-04-01,1,0,1
20801,VIACHA,salud sexual y reproductiva,hemorragia de la primera mitad del embarazo (< 22 sem) aborto,2018-04-01,5,0,5
31003,VILLA TUNARI,salud sexual y reproductiva,hemorragia de la primera mitad del embarazo (< 22 sem) aborto,2018-04-01,10,0,10
11001,VILLA VACA GUZMAN (MUYUPAMPA),salud sexual y reproductiva,hemorragia de la primera mitad del embarazo (< 22 sem) aborto,2018-04-01,1,0,1
51501,VILLAZON,salud sexual y reproductiva,hemorragia de la primera mitad del embarazo (< 22 sem) aborto,2018-04-01,13,0,13
30904,VINTO,salud sexual y reproductiva,hemorragia de la primera mitad del embarazo (< 22 sem) aborto,2018-04-01,1,2,3
70201,WARNES,salud sexual y reproductiva,hemorragia de la primera mitad del embarazo (< 22 sem) aborto,2018-04-01,7,24,31
60301,YACUIBA,salud sexual y reproductiva,hemorragia de la primera mitad del embarazo (< 22 sem) aborto,2018-04-01,2,0,2
70403,YAPACANI,salud sexual y reproductiva,hemorragia de la primera mitad del embarazo (< 22 sem) aborto,2018-04-01,7,0,7
30201,AIQUILE,salud sexual y reproductiva,hemorragia de la primera mitad del embarazo (< 22 sem) aborto,2018-05-01,0,6,6
30402,ANZALDO,salud sexual y reproductiva,hemorragia de la primera mitad del embarazo (< 22 sem) aborto,2018-05-01,2,0,2
71501,ASCENCION DE GUARAYOS,salud sexual y reproductiva,hemorragia de la primera mitad del embarazo (< 22 sem) aborto,2018-05-01,7,0,7
50802,ATOCHA,salud sexual y reproductiva,hemorragia de la primera mitad del embarazo (< 22 sem) aborto,2018-05-01,0,1,1
30301,AYOPAYA (V. DE INDEPENDENCIA),salud sexual y reproductiva,hemorragia de la primera mitad del embarazo (< 22 sem) aborto,2018-05-01,1,0,1
21203,BATALLAS,salud sexual y reproductiva,hemorragia de la primera mitad del embarazo (< 22 sem) aborto,2018-05-01,0,1,1
50301,BETANZOS,salud sexual y reproductiva,hemorragia de la primera mitad del embarazo (< 22 sem) aborto,2018-05-01,1,1,2
20905,CAIROMA,salud sexual y reproductiva,hemorragia de la primera mitad del embarazo (< 22 sem) aborto,2018-05-01,1,0,1
21304,CALAMARCA,salud sexual y reproductiva,hemorragia de la primera mitad del embarazo (< 22 sem) aborto,2018-05-01,0,1,1
10701,CAMARGO,salud sexual y reproductiva,hemorragia de la primera mitad del embarazo (< 22 sem) aborto,2018-05-01,1,0,1
70706,CAMIRI,salud sexual y reproductiva,hemorragia de la primera mitad del embarazo (< 22 sem) aborto,2018-05-01,17,0,17
30701,CAPINOTA,salud sexual y reproductiva,hemorragia de la primera mitad del embarazo (< 22 sem) aborto,2018-05-01,3,0,3
22001,CARANAVI,salud sexual y reproductiva,hemorragia de la primera mitad del embarazo (< 22 sem) aborto,2018-05-01,19,0,19
70702,CHARAGUA,salud sexual y reproductiva,hemorragia de la primera mitad del embarazo (< 22 sem) aborto,2018-05-01,7,0,7
31204,CHIMORE,salud sexual y reproductiva,hemorragia de la primera mitad del embarazo (< 22 sem) aborto,2018-05-01,8,0,8
21101,CHULUMANI (V. DE LA LIBERTAD),salud sexual y reproductiva,hemorragia de la primera mitad del embarazo (< 22 sem) aborto,2018-05-01,0,9,9
30801,CLIZA,salud sexual y reproductiva,hemorragia de la primera mitad del embarazo (< 22 sem) aborto,2018-05-01,10,0,10
90101,COBIJA,salud sexual y reproductiva,hemorragia de la primera mitad del embarazo (< 22 sem) aborto,2018-05-01,20,1,21
30101,COCHABAMBA,salud sexual y reproductiva,hemorragia de la primera mitad del embarazo (< 22 sem) aborto,2018-05-01,193,5,198
50901,"COLCHA ""K""",salud sexual y reproductiva,hemorragia de la primera mitad del embarazo (< 22 sem) aborto,2018-05-01,0,1,1
71301,COMARAPA,salud sexual y reproductiva,hemorragia de la primera mitad del embarazo (< 22 sem) aborto,2018-05-01,8,0,8
21401,COROICO,salud sexual y reproductiva,hemorragia de la primera mitad del embarazo (< 22 sem) aborto,2018-05-01,0,1,1
70102,COTOCA,salud sexual y reproductiva,hemorragia de la primera mitad del embarazo (< 22 sem) aborto,2018-05-01,13,1,14
71106,CUATRO CAÃ‘ADAS,salud sexual y reproductiva,hemorragia de la primera mitad del embarazo (< 22 sem) aborto,2018-05-01,1,0,1
10902,CULPINA,salud sexual y reproductiva,hemorragia de la primera mitad del embarazo (< 22 sem) aborto,2018-05-01,3,0,3
20105,EL ALTO,salud sexual y reproductiva,hemorragia de la primera mitad del embarazo (< 22 sem) aborto,2018-05-01,180,9,189
70105,EL TORNO,salud sexual y reproductiva,hemorragia de la primera mitad del embarazo (< 22 sem) aborto,2018-05-01,19,0,19
31206,ENTRE RIOS CBBA,salud sexual y reproductiva,hemorragia de la primera mitad del embarazo (< 22 sem) aborto,2018-05-01,5,0,5
40701,HUANUNI,salud sexual y reproductiva,hemorragia de la primera mitad del embarazo (< 22 sem) aborto,2018-05-01,2,0,2
10703,INCAHUASI,salud sexual y reproductiva,hemorragia de la primera mitad del embarazo (< 22 sem) aborto,2018-05-01,2,0,2
21102,IRUPANA (VILLA DE LANZA),salud sexual y reproductiva,hemorragia de la primera mitad del embarazo (< 22 sem) aborto,2018-05-01,0,1,1
20806,JESUS DE MACHACA,salud sexual y reproductiva,hemorragia de la primera mitad del embarazo (< 22 sem) aborto,2018-05-01,0,1,1
20101,LA PAZ,salud sexual y reproductiva,hemorragia de la primera mitad del embarazo (< 22 sem) aborto,2018-05-01,135,5,140
50203,LLALLAGUA,salud sexual y reproductiva,hemorragia de la primera mitad del embarazo (< 22 sem) aborto,2018-05-01,1,0,1
40702,MACHACAMARCA,salud sexual y reproductiva,hemorragia de la primera mitad del embarazo (< 22 sem) aborto,2018-05-01,1,0,1
80801,MAGDALENA,salud sexual y reproductiva,hemorragia de la primera mitad del embarazo (< 22 sem) aborto,2018-05-01,0,1,1
70903,MAIRANA,salud sexual y reproductiva,hemorragia de la primera mitad del embarazo (< 22 sem) aborto,2018-05-01,4,0,4
31301,MIZQUE,salud sexual y reproductiva,hemorragia de la primera mitad del embarazo (< 22 sem) aborto,2018-05-01,1,0,1
10501,MONTEAGUDO,salud sexual y reproductiva,hemorragia de la primera mitad del embarazo (< 22 sem) aborto,2018-05-01,2,0,2
71001,MONTERO,salud sexual y reproductiva,hemorragia de la primera mitad del embarazo (< 22 sem) aborto,2018-05-01,2,2,4
30302,MOROCHATA,salud sexual y reproductiva,hemorragia de la primera mitad del embarazo (< 22 sem) aborto,2018-05-01,0,1,1
50404,OCURI,salud sexual y reproductiva,hemorragia de la primera mitad del embarazo (< 22 sem) aborto,2018-05-01,2,0,2
40101,ORURO,salud sexual y reproductiva,hemorragia de la primera mitad del embarazo (< 22 sem) aborto,2018-05-01,56,2,58
10401,PADILLA,salud sexual y reproductiva,hemorragia de la primera mitad del embarazo (< 22 sem) aborto,2018-05-01,3,1,4
70502,PAILON,salud sexual y reproductiva,hemorragia de la primera mitad del embarazo (< 22 sem) aborto,2018-05-01,3,0,3
21104,PALOS BLANCOS,salud sexual y reproductiva,hemorragia de la primera mitad del embarazo (< 22 sem) aborto,2018-05-01,4,0,4
40802,PAMPA AULLAGAS,salud sexual y reproductiva,hemorragia de la primera mitad del embarazo (< 22 sem) aborto,2018-05-01,1,0,1
21305,PATACAMAYA,salud sexual y reproductiva,hemorragia de la primera mitad del embarazo (< 22 sem) aborto,2018-05-01,1,0,1
31203,POCONA,salud sexual y reproductiva,hemorragia de la primera mitad del embarazo (< 22 sem) aborto,2018-05-01,1,1,2
31202,POJO (CBBA),salud sexual y reproductiva,hemorragia de la primera mitad del embarazo (< 22 sem) aborto,2018-05-01,1,0,1
51203,PORCO,salud sexual y reproductiva,hemorragia de la primera mitad del embarazo (< 22 sem) aborto,2018-05-01,1,0,1
50101,POTOSI,salud sexual y reproductiva,hemorragia de la primera mitad del embarazo (< 22 sem) aborto,2018-05-01,39,0,39
90201,PUERTO RICO,salud sexual y reproductiva,hemorragia de la primera mitad del embarazo (< 22 sem) aborto,2018-05-01,1,1,2
71401,PUERTO SUAREZ,salud sexual y reproductiva,hemorragia de la primera mitad del embarazo (< 22 sem) aborto,2018-05-01,1,0,1
31205,PUERTO VILLARROEL,salud sexual y reproductiva,hemorragia de la primera mitad del embarazo (< 22 sem) aborto,2018-05-01,29,1,30
31401,PUNATA,salud sexual y reproductiva,hemorragia de la primera mitad del embarazo (< 22 sem) aborto,2018-05-01,15,0,15
30901,QUILLACOLLO,salud sexual y reproductiva,hemorragia de la primera mitad del embarazo (< 22 sem) aborto,2018-05-01,71,0,71
31304,RAQAYPAMPA(ETA),salud sexual y reproductiva,hemorragia de la primera mitad del embarazo (< 22 sem) aborto,2018-05-01,1,0,1
80201,RIBERALTA,salud sexual y reproductiva,hemorragia de la primera mitad del embarazo (< 22 sem) aborto,2018-05-01,3,0,3
70503,ROBORE,salud sexual y reproductiva,hemorragia de la primera mitad del embarazo (< 22 sem) aborto,2018-05-01,2,0,2
80304,RURRENABAQUE,salud sexual y reproductiva,hemorragia de la primera mitad del embarazo (< 22 sem) aborto,2018-05-01,1,0,1
31001,SACABA,salud sexual y reproductiva,hemorragia de la primera mitad del embarazo (< 22 sem) aborto,2018-05-01,87,3,90
30404,SACABAMBA,salud sexual y reproductiva,hemorragia de la primera mitad del embarazo (< 22 sem) aborto,2018-05-01,1,0,1
71302,SAIPINA,salud sexual y reproductiva,hemorragia de la primera mitad del embarazo (< 22 sem) aborto,2018-05-01,1,0,1
80302,SAN BORJA,salud sexual y reproductiva,hemorragia de la primera mitad del embarazo (< 22 sem) aborto,2018-05-01,16,0,16
21502,SAN BUENA VENTURA,salud sexual y reproductiva,hemorragia de la primera mitad del embarazo (< 22 sem) aborto,2018-05-01,6,0,6
70402,SAN CARLOS,salud sexual y reproductiva,hemorragia de la primera mitad del embarazo (< 22 sem) aborto,2018-05-01,12,0,12
70301,SAN IGNACIO DE VELASCO,salud sexual y reproductiva,hemorragia de la primera mitad del embarazo (< 22 sem) aborto,2018-05-01,11,0,11
70501,SAN JOSE DE CHIQUITOS,salud sexual y reproductiva,hemorragia de la primera mitad del embarazo (< 22 sem) aborto,2018-05-01,3,2,5
71104,SAN JULIAN,salud sexual y reproductiva,hemorragia de la primera mitad del embarazo (< 22 sem) aborto,2018-05-01,7,0,7
10702,SAN LUCAS,salud sexual y reproductiva,hemorragia de la primera mitad del embarazo (< 22 sem) aborto,2018-05-01,2,0,2
71005,SAN PEDRO,salud sexual y reproductiva,hemorragia de la primera mitad del embarazo (< 22 sem) aborto,2018-05-01,1,0,1
50501,SAN PEDRO DE BUENA VISTA,salud sexual y reproductiva,hemorragia de la primera mitad del embarazo (< 22 sem) aborto,2018-05-01,2,0,2
21702,SAN PEDRO DE TIQUINA,salud sexual y reproductiva,hemorragia de la primera mitad del embarazo (< 22 sem) aborto,2018-05-01,1,0,1
80401,SANTA ANA,salud sexual y reproductiva,hemorragia de la primera mitad del embarazo (< 22 sem) aborto,2018-05-01,10,0,10
70101,SANTA CRUZ DE LA SIERRA,salud sexual y reproductiva,hemorragia de la primera mitad del embarazo (< 22 sem) aborto,2018-05-01,341,151,492
20902,SAPAHAQUI,salud sexual y reproductiva,hemorragia de la primera mitad del embarazo (< 22 sem) aborto,2018-05-01,0,1,1
31602,SHINAOTA,salud sexual y reproductiva,hemorragia de la primera mitad del embarazo (< 22 sem) aborto,2018-05-01,5,0,5
30703,SICAYA,salud sexual y reproductiva,hemorragia de la primera mitad del embarazo (< 22 sem) aborto,2018-05-01,1,0,1
30902,SIPE SIPE,salud sexual y reproductiva,hemorragia de la primera mitad del embarazo (< 22 sem) aborto,2018-05-01,1,1,2
10403,SOPACHUY,salud sexual y reproductiva,hemorragia de la primera mitad del embarazo (< 22 sem) aborto,2018-05-01,0,1,1
10101,SUCRE,salud sexual y reproductiva,hemorragia de la primera mitad del embarazo (< 22 sem) aborto,2018-05-01,101,34,135
10601,TARABUCO,salud sexual y reproductiva,hemorragia de la primera mitad del embarazo (< 22 sem) aborto,2018-05-01,0,5,5
30401,TARATA,salud sexual y reproductiva,hemorragia de la primera mitad del embarazo (< 22 sem) aborto,2018-05-01,1,0,1
60101,TARIJA,salud sexual y reproductiva,hemorragia de la primera mitad del embarazo (< 22 sem) aborto,2018-05-01,59,18,77
10202,TARVITA,salud sexual y reproductiva,hemorragia de la primera mitad del embarazo (< 22 sem) aborto,2018-05-01,0,1,1
20608,TEOPONTE,salud sexual y reproductiva,hemorragia de la primera mitad del embarazo (< 22 sem) aborto,2018-05-01,1,0,1
20606,TIPUANI,salud sexual y reproductiva,hemorragia de la primera mitad del embarazo (< 22 sem) aborto,2018-05-01,1,0,1
21703,TITO YUPANQUI (PARQUIPUJIO),salud sexual y reproductiva,hemorragia de la primera mitad del embarazo (< 22 sem) aborto,2018-05-01,1,0,1
10402,TOMINA,salud sexual y reproductiva,hemorragia de la primera mitad del embarazo (< 22 sem) aborto,2018-05-01,2,0,2
31201,TOTORA(CBBA),salud sexual y reproductiva,hemorragia de la primera mitad del embarazo (< 22 sem) aborto,2018-05-01,3,1,4
80101,TRINIDAD,salud sexual y reproductiva,hemorragia de la primera mitad del embarazo (< 22 sem) aborto,2018-05-01,41,1,42
50801,TUPIZA,salud sexual y reproductiva,hemorragia de la primera mitad del embarazo (< 22 sem) aborto,2018-05-01,17,0,17
51201,UYUNI,salud sexual y reproductiva,hemorragia de la primera mitad del embarazo (< 22 sem) aborto,2018-05-01,2,0,2
30502,VACAS,salud sexual y reproductiva,hemorragia de la primera mitad del embarazo (< 22 sem) aborto,2018-05-01,1,0,1
70801,VALLEGRANDE,salud sexual y reproductiva,hemorragia de la primera mitad del embarazo (< 22 sem) aborto,2018-05-01,1,0,1
20801,VIACHA,salud sexual y reproductiva,hemorragia de la primera mitad del embarazo (< 22 sem) aborto,2018-05-01,3,0,3
60303,VILLA MONTES,salud sexual y reproductiva,hemorragia de la primera mitad del embarazo (< 22 sem) aborto,2018-05-01,7,0,7
31003,VILLA TUNARI,salud sexual y reproductiva,hemorragia de la primera mitad del embarazo (< 22 sem) aborto,2018-05-01,10,0,10
11001,VILLA VACA GUZMAN (MUYUPAMPA),salud sexual y reproductiva,hemorragia de la primera mitad del embarazo (< 22 sem) aborto,2018-05-01,3,0,3
51501,VILLAZON,salud sexual y reproductiva,hemorragia de la primera mitad del embarazo (< 22 sem) aborto,2018-05-01,8,0,8
30904,VINTO,salud sexual y reproductiva,hemorragia de la primera mitad del embarazo (< 22 sem) aborto,2018-05-01,5,6,11
70201,WARNES,salud sexual y reproductiva,hemorragia de la primera mitad del embarazo (< 22 sem) aborto,2018-05-01,0,25,25
60301,YACUIBA,salud sexual y reproductiva,hemorragia de la primera mitad del embarazo (< 22 sem) aborto,2018-05-01,1,0,1
70403,YAPACANI,salud sexual y reproductiva,hemorragia de la primera mitad del embarazo (< 22 sem) aborto,2018-05-01,13,0,13
10102,YOTALA,salud sexual y reproductiva,hemorragia de la primera mitad del embarazo (< 22 sem) aborto,2018-05-01,3,0,3
20201,ACHACACHI,salud sexual y reproductiva,hemorragia de la primera mitad del embarazo (< 22 sem) aborto,2018-06-01,0,2,2
20104,ACHOCALLA,salud sexual y reproductiva,hemorragia de la primera mitad del embarazo (< 22 sem) aborto,2018-06-01,1,0,1
30201,AIQUILE,salud sexual y reproductiva,hemorragia de la primera mitad del embarazo (< 22 sem) aborto,2018-06-01,0,11,11
10404,ALCALA,salud sexual y reproductiva,hemorragia de la primera mitad del embarazo (< 22 sem) aborto,2018-06-01,0,2,2
71501,ASCENCION DE GUARAYOS,salud sexual y reproductiva,hemorragia de la primera mitad del embarazo (< 22 sem) aborto,2018-06-01,9,1,10
30301,AYOPAYA (V. DE INDEPENDENCIA),salud sexual y reproductiva,hemorragia de la primera mitad del embarazo (< 22 sem) aborto,2018-06-01,1,0,1
60202,BERMEJO,salud sexual y reproductiva,hemorragia de la primera mitad del embarazo (< 22 sem) aborto,2018-06-01,0,2,2
50301,BETANZOS,salud sexual y reproductiva,hemorragia de la primera mitad del embarazo (< 22 sem) aborto,2018-06-01,1,0,1
31501,BOLIVAR,salud sexual y reproductiva,hemorragia de la primera mitad del embarazo (< 22 sem) aborto,2018-06-01,0,1,1
10701,CAMARGO,salud sexual y reproductiva,hemorragia de la primera mitad del embarazo (< 22 sem) aborto,2018-06-01,1,1,2
70706,CAMIRI,salud sexual y reproductiva,hemorragia de la primera mitad del embarazo (< 22 sem) aborto,2018-06-01,12,0,12
30701,CAPINOTA,salud sexual y reproductiva,hemorragia de la primera mitad del embarazo (< 22 sem) aborto,2018-06-01,3,0,3
22001,CARANAVI,salud sexual y reproductiva,hemorragia de la primera mitad del embarazo (< 22 sem) aborto,2018-06-01,12,0,12
70702,CHARAGUA,salud sexual y reproductiva,hemorragia de la primera mitad del embarazo (< 22 sem) aborto,2018-06-01,2,0,2
31204,CHIMORE,salud sexual y reproductiva,hemorragia de la primera mitad del embarazo (< 22 sem) aborto,2018-06-01,0,2,2
21101,CHULUMANI (V. DE LA LIBERTAD),salud sexual y reproductiva,hemorragia de la primera mitad del embarazo (< 22 sem) aborto,2018-06-01,0,6,6
51103,CKOCHAS,salud sexual y reproductiva,hemorragia de la primera mitad del embarazo (< 22 sem) aborto,2018-06-01,1,1,2
30801,CLIZA,salud sexual y reproductiva,hemorragia de la primera mitad del embarazo (< 22 sem) aborto,2018-06-01,6,0,6
90101,COBIJA,salud sexual y reproductiva,hemorragia de la primera mitad del embarazo (< 22 sem) aborto,2018-06-01,13,0,13
30101,COCHABAMBA,salud sexual y reproductiva,hemorragia de la primera mitad del embarazo (< 22 sem) aborto,2018-06-01,178,2,180
31002,COLOMI,salud sexual y reproductiva,hemorragia de la primera mitad del embarazo (< 22 sem) aborto,2018-06-01,2,0,2
50401,COLQUECHACA,salud sexual y reproductiva,hemorragia de la primera mitad del embarazo (< 22 sem) aborto,2018-06-01,0,1,1
71301,COMARAPA,salud sexual y reproductiva,hemorragia de la primera mitad del embarazo (< 22 sem) aborto,2018-06-01,3,5,8
71101,CONCEPCION,salud sexual y reproductiva,hemorragia de la primera mitad del embarazo (< 22 sem) aborto,2018-06-01,1,0,1
70102,COTOCA,salud sexual y reproductiva,hemorragia de la primera mitad del embarazo (< 22 sem) aborto,2018-06-01,13,0,13
71106,CUATRO CAÃ‘ADAS,salud sexual y reproductiva,hemorragia de la primera mitad del embarazo (< 22 sem) aborto,2018-06-01,0,1,1
10902,CULPINA,salud sexual y reproductiva,hemorragia de la primera mitad del embarazo (< 22 sem) aborto,2018-06-01,0,5,5
40401,CURAHUARA DE CARANGAS,salud sexual y reproductiva,hemorragia de la primera mitad del embarazo (< 22 sem) aborto,2018-06-01,0,1,1
20105,EL ALTO,salud sexual y reproductiva,hemorragia de la primera mitad del embarazo (< 22 sem) aborto,2018-06-01,158,4,162
70105,EL TORNO,salud sexual y reproductiva,hemorragia de la primera mitad del embarazo (< 22 sem) aborto,2018-06-01,14,0,14
31206,ENTRE RIOS CBBA,salud sexual y reproductiva,hemorragia de la primera mitad del embarazo (< 22 sem) aborto,2018-06-01,2,1,3
80402,EXALTACION,salud sexual y reproductiva,hemorragia de la primera mitad del embarazo (< 22 sem) aborto,2018-06-01,0,1,1
80202,GUAYARAMERIN,salud sexual y reproductiva,hemorragia de la primera mitad del embarazo (< 22 sem) aborto,2018-06-01,1,0,1
40701,HUANUNI,salud sexual y reproductiva,hemorragia de la primera mitad del embarazo (< 22 sem) aborto,2018-06-01,3,1,4
21102,IRUPANA (VILLA DE LANZA),salud sexual y reproductiva,hemorragia de la primera mitad del embarazo (< 22 sem) aborto,2018-06-01,3,0,3
20806,JESUS DE MACHACA,salud sexual y reproductiva,hemorragia de la primera mitad del embarazo (< 22 sem) aborto,2018-06-01,1,0,1
20101,LA PAZ,salud sexual y reproductiva,hemorragia de la primera mitad del embarazo (< 22 sem) aborto,2018-06-01,86,6,92
70903,MAIRANA,salud sexual y reproductiva,hemorragia de la primera mitad del embarazo (< 22 sem) aborto,2018-06-01,4,0,4
71001,MONTERO,salud sexual y reproductiva,hemorragia de la primera mitad del embarazo (< 22 sem) aborto,2018-06-01,2,2,4
30302,MOROCHATA,salud sexual y reproductiva,hemorragia de la primera mitad del embarazo (< 22 sem) aborto,2018-06-01,2,0,2
50404,OCURI,salud sexual y reproductiva,hemorragia de la primera mitad del embarazo (< 22 sem) aborto,2018-06-01,2,1,3
40101,ORURO,salud sexual y reproductiva,hemorragia de la primera mitad del embarazo (< 22 sem) aborto,2018-06-01,66,1,67
60201,PADCAYA,salud sexual y reproductiva,hemorragia de la primera mitad del embarazo (< 22 sem) aborto,2018-06-01,1,0,1
10401,PADILLA,salud sexual y reproductiva,hemorragia de la primera mitad del embarazo (< 22 sem) aborto,2018-06-01,4,0,4
70502,PAILON,salud sexual y reproductiva,hemorragia de la primera mitad del embarazo (< 22 sem) aborto,2018-06-01,2,0,2
50403,POCOATA,salud sexual y reproductiva,hemorragia de la primera mitad del embarazo (< 22 sem) aborto,2018-06-01,1,0,1
51203,PORCO,salud sexual y reproductiva,hemorragia de la primera mitad del embarazo (< 22 sem) aborto,2018-06-01,2,0,2
50101,POTOSI,salud sexual y reproductiva,hemorragia de la primera mitad del embarazo (< 22 sem) aborto,2018-06-01,34,4,38
90301,PUERTO GONZALO MORENO,salud sexual y reproductiva,hemorragia de la primera mitad del embarazo (< 22 sem) aborto,2018-06-01,1,0,1
90201,PUERTO RICO,salud sexual y reproductiva,hemorragia de la primera mitad del embarazo (< 22 sem) aborto,2018-06-01,1,0,1
71401,PUERTO SUAREZ,salud sexual y reproductiva,hemorragia de la primera mitad del embarazo (< 22 sem) aborto,2018-06-01,5,0,5
31205,PUERTO VILLARROEL,salud sexual y reproductiva,hemorragia de la primera mitad del embarazo (< 22 sem) aborto,2018-06-01,27,0,27
31401,PUNATA,salud sexual y reproductiva,hemorragia de la primera mitad del embarazo (< 22 sem) aborto,2018-06-01,12,0,12
30901,QUILLACOLLO,salud sexual y reproductiva,hemorragia de la primera mitad del embarazo (< 22 sem) aborto,2018-06-01,55,0,55
80201,RIBERALTA,salud sexual y reproductiva,hemorragia de la primera mitad del embarazo (< 22 sem) aborto,2018-06-01,1,0,1
70503,ROBORE,salud sexual y reproductiva,hemorragia de la primera mitad del embarazo (< 22 sem) aborto,2018-06-01,3,0,3
31001,SACABA,salud sexual y reproductiva,hemorragia de la primera mitad del embarazo (< 22 sem) aborto,2018-06-01,63,0,63
80302,SAN BORJA,salud sexual y reproductiva,hemorragia de la primera mitad del embarazo (< 22 sem) aborto,2018-06-01,10,0,10
21502,SAN BUENA VENTURA,salud sexual y reproductiva,hemorragia de la primera mitad del embarazo (< 22 sem) aborto,2018-06-01,5,0,5
70402,SAN CARLOS,salud sexual y reproductiva,hemorragia de la primera mitad del embarazo (< 22 sem) aborto,2018-06-01,2,0,2
70301,SAN IGNACIO DE VELASCO,salud sexual y reproductiva,hemorragia de la primera mitad del embarazo (< 22 sem) aborto,2018-06-01,6,0,6
71102,SAN JAVIER(STC),salud sexual y reproductiva,hemorragia de la primera mitad del embarazo (< 22 sem) aborto,2018-06-01,2,0,2
71104,SAN JULIAN,salud sexual y reproductiva,hemorragia de la primera mitad del embarazo (< 22 sem) aborto,2018-06-01,7,0,7
10702,SAN LUCAS,salud sexual y reproductiva,hemorragia de la primera mitad del embarazo (< 22 sem) aborto,2018-06-01,9,4,13
71201,SAN MATIAS,salud sexual y reproductiva,hemorragia de la primera mitad del embarazo (< 22 sem) aborto,2018-06-01,0,5,5
70302,SAN MIGUEL DE VELASCO,salud sexual y reproductiva,hemorragia de la primera mitad del embarazo (< 22 sem) aborto,2018-06-01,2,0,2
71005,SAN PEDRO,salud sexual y reproductiva,hemorragia de la primera mitad del embarazo (< 22 sem) aborto,2018-06-01,0,1,1
50501,SAN PEDRO DE BUENA VISTA,salud sexual y reproductiva,hemorragia de la primera mitad del embarazo (< 22 sem) aborto,2018-06-01,1,2,3
80401,SANTA ANA,salud sexual y reproductiva,hemorragia de la primera mitad del embarazo (< 22 sem) aborto,2018-06-01,5,0,5
70101,SANTA CRUZ DE LA SIERRA,salud sexual y reproductiva,hemorragia de la primera mitad del embarazo (< 22 sem) aborto,2018-06-01,275,105,380
90303,SENA,salud sexual y reproductiva,hemorragia de la primera mitad del embarazo (< 22 sem) aborto,2018-06-01,0,1,1
31602,SHINAOTA,salud sexual y reproductiva,hemorragia de la primera mitad del embarazo (< 22 sem) aborto,2018-06-01,2,0,2
30902,SIPE SIPE,salud sexual y reproductiva,hemorragia de la primera mitad del embarazo (< 22 sem) aborto,2018-06-01,3,0,3
10403,SOPACHUY,salud sexual y reproductiva,hemorragia de la primera mitad del embarazo (< 22 sem) aborto,2018-06-01,0,3,3
10101,SUCRE,salud sexual y reproductiva,hemorragia de la primera mitad del embarazo (< 22 sem) aborto,2018-06-01,88,21,109
10601,TARABUCO,salud sexual y reproductiva,hemorragia de la primera mitad del embarazo (< 22 sem) aborto,2018-06-01,0,1,1
30401,TARATA,salud sexual y reproductiva,hemorragia de la primera mitad del embarazo (< 22 sem) aborto,2018-06-01,1,0,1
60101,TARIJA,salud sexual y reproductiva,hemorragia de la primera mitad del embarazo (< 22 sem) aborto,2018-06-01,43,6,49
10202,TARVITA,salud sexual y reproductiva,hemorragia de la primera mitad del embarazo (< 22 sem) aborto,2018-06-01,0,1,1
20606,TIPUANI,salud sexual y reproductiva,hemorragia de la primera mitad del embarazo (< 22 sem) aborto,2018-06-01,1,0,1
30903,TIQUIPAYA,salud sexual y reproductiva,hemorragia de la primera mitad del embarazo (< 22 sem) aborto,2018-06-01,1,0,1
31601,TIRAQUE (CBBA),salud sexual y reproductiva,hemorragia de la primera mitad del embarazo (< 22 sem) aborto,2018-06-01,1,0,1
80101,TRINIDAD,salud sexual y reproductiva,hemorragia de la primera mitad del embarazo (< 22 sem) aborto,2018-06-01,42,1,43
50801,TUPIZA,salud sexual y reproductiva,hemorragia de la primera mitad del embarazo (< 22 sem) aborto,2018-06-01,14,0,14
51201,UYUNI,salud sexual y reproductiva,hemorragia de la primera mitad del embarazo (< 22 sem) aborto,2018-06-01,7,0,7
30502,VACAS,salud sexual y reproductiva,hemorragia de la primera mitad del embarazo (< 22 sem) aborto,2018-06-01,1,0,1
70801,VALLEGRANDE,salud sexual y reproductiva,hemorragia de la primera mitad del embarazo (< 22 sem) aborto,2018-06-01,2,0,2
60303,VILLA MONTES,salud sexual y reproductiva,hemorragia de la primera mitad del embarazo (< 22 sem) aborto,2018-06-01,10,0,10
31003,VILLA TUNARI,salud sexual y reproductiva,hemorragia de la primera mitad del embarazo (< 22 sem) aborto,2018-06-01,7,0,7
51501,VILLAZON,salud sexual y reproductiva,hemorragia de la primera mitad del embarazo (< 22 sem) aborto,2018-06-01,5,1,6
30904,VINTO,salud sexual y reproductiva,hemorragia de la primera mitad del embarazo (< 22 sem) aborto,2018-06-01,9,0,9
50602,VITICHI,salud sexual y reproductiva,hemorragia de la primera mitad del embarazo (< 22 sem) aborto,2018-06-01,0,1,1
70201,WARNES,salud sexual y reproductiva,hemorragia de la primera mitad del embarazo (< 22 sem) aborto,2018-06-01,1,21,22
60301,YACUIBA,salud sexual y reproductiva,hemorragia de la primera mitad del embarazo (< 22 sem) aborto,2018-06-01,2,0,2
21103,YANACACHI,salud sexual y reproductiva,hemorragia de la primera mitad del embarazo (< 22 sem) aborto,2018-06-01,1,0,1
70403,YAPACANI,salud sexual y reproductiva,hemorragia de la primera mitad del embarazo (< 22 sem) aborto,2018-06-01,26,0,26
10102,YOTALA,salud sexual y reproductiva,hemorragia de la primera mitad del embarazo (< 22 sem) aborto,2018-06-01,1,0,1
20201,ACHACACHI,salud sexual y reproductiva,hemorragia de la primera mitad del embarazo (< 22 sem) aborto,2018-07-01,0,1,1
20104,ACHOCALLA,salud sexual y reproductiva,hemorragia de la primera mitad del embarazo (< 22 sem) aborto,2018-07-01,1,0,1
30201,AIQUILE,salud sexual y reproductiva,hemorragia de la primera mitad del embarazo (< 22 sem) aborto,2018-07-01,0,9,9
30403,ARBIETO,salud sexual y reproductiva,hemorragia de la primera mitad del embarazo (< 22 sem) aborto,2018-07-01,3,0,3
30601,ARQUE,salud sexual y reproductiva,hemorragia de la primera mitad del embarazo (< 22 sem) aborto,2018-07-01,0,1,1
71501,ASCENCION DE GUARAYOS,salud sexual y reproductiva,hemorragia de la primera mitad del embarazo (< 22 sem) aborto,2018-07-01,10,0,10
30301,AYOPAYA (V. DE INDEPENDENCIA),salud sexual y reproductiva,hemorragia de la primera mitad del embarazo (< 22 sem) aborto,2018-07-01,1,0,1
70703,CABEZAS,salud sexual y reproductiva,hemorragia de la primera mitad del embarazo (< 22 sem) aborto,2018-07-01,2,0,2
10701,CAMARGO,salud sexual y reproductiva,hemorragia de la primera mitad del embarazo (< 22 sem) aborto,2018-07-01,3,4,7
70706,CAMIRI,salud sexual y reproductiva,hemorragia de la primera mitad del embarazo (< 22 sem) aborto,2018-07-01,8,0,8
30701,CAPINOTA,salud sexual y reproductiva,hemorragia de la primera mitad del embarazo (< 22 sem) aborto,2018-07-01,5,0,5
22001,CARANAVI,salud sexual y reproductiva,hemorragia de la primera mitad del embarazo (< 22 sem) aborto,2018-07-01,10,0,10
50302,CHAQUI,salud sexual y reproductiva,hemorragia de la primera mitad del embarazo (< 22 sem) aborto,2018-07-01,1,0,1
70702,CHARAGUA,salud sexual y reproductiva,hemorragia de la primera mitad del embarazo (< 22 sem) aborto,2018-07-01,1,0,1
31204,CHIMORE,salud sexual y reproductiva,hemorragia de la primera mitad del embarazo (< 22 sem) aborto,2018-07-01,4,0,4
21101,CHULUMANI (V. DE LA LIBERTAD),salud sexual y reproductiva,hemorragia de la primera mitad del embarazo (< 22 sem) aborto,2018-07-01,1,8,9
51103,CKOCHAS,salud sexual y reproductiva,hemorragia de la primera mitad del embarazo (< 22 sem) aborto,2018-07-01,0,1,1
30801,CLIZA,salud sexual y reproductiva,hemorragia de la primera mitad del embarazo (< 22 sem) aborto,2018-07-01,6,0,6
90101,COBIJA,salud sexual y reproductiva,hemorragia de la primera mitad del embarazo (< 22 sem) aborto,2018-07-01,7,0,7
30101,COCHABAMBA,salud sexual y reproductiva,hemorragia de la primera mitad del embarazo (< 22 sem) aborto,2018-07-01,194,4,198
30905,COLCAPIRHUA,salud sexual y reproductiva,hemorragia de la primera mitad del embarazo (< 22 sem) aborto,2018-07-01,6,2,8
50901,"COLCHA ""K""",salud sexual y reproductiva,hemorragia de la primera mitad del embarazo (< 22 sem) aborto,2018-07-01,0,1,1
31002,COLOMI,salud sexual y reproductiva,hemorragia de la primera mitad del embarazo (< 22 sem) aborto,2018-07-01,2,0,2
21306,COLQUENCHA,salud sexual y reproductiva,hemorragia de la primera mitad del embarazo (< 22 sem) aborto,2018-07-01,1,0,1
71301,COMARAPA,salud sexual y reproductiva,hemorragia de la primera mitad del embarazo (< 22 sem) aborto,2018-07-01,5,0,5
20605,COMBAYA,salud sexual y reproductiva,hemorragia de la primera mitad del embarazo (< 22 sem) aborto,2018-07-01,1,0,1
71101,CONCEPCION,salud sexual y reproductiva,hemorragia de la primera mitad del embarazo (< 22 sem) aborto,2018-07-01,2,0,2
50601,COTAGAITA,salud sexual y reproductiva,hemorragia de la primera mitad del embarazo (< 22 sem) aborto,2018-07-01,0,2,2
70102,COTOCA,salud sexual y reproductiva,hemorragia de la primera mitad del embarazo (< 22 sem) aborto,2018-07-01,2,8,10
71106,CUATRO CAÃ‘ADAS,salud sexual y reproductiva,hemorragia de la primera mitad del embarazo (< 22 sem) aborto,2018-07-01,0,1,1
10902,CULPINA,salud sexual y reproductiva,hemorragia de la primera mitad del embarazo (< 22 sem) aborto,2018-07-01,6,0,6
20105,EL ALTO,salud sexual y reproductiva,hemorragia de la primera mitad del embarazo (< 22 sem) aborto,2018-07-01,138,6,144
71503,EL PUENTE(STC),salud sexual y reproductiva,hemorragia de la primera mitad del embarazo (< 22 sem) aborto,2018-07-01,0,1,1
70105,EL TORNO,salud sexual y reproductiva,hemorragia de la primera mitad del embarazo (< 22 sem) aborto,2018-07-01,14,0,14
31206,ENTRE RIOS CBBA,salud sexual y reproductiva,hemorragia de la primera mitad del embarazo (< 22 sem) aborto,2018-07-01,6,1,7
80202,GUAYARAMERIN,salud sexual y reproductiva,hemorragia de la primera mitad del embarazo (< 22 sem) aborto,2018-07-01,2,0,2
70705,GUTIERREZ,salud sexual y reproductiva,hemorragia de la primera mitad del embarazo (< 22 sem) aborto,2018-07-01,1,0,1
40701,HUANUNI,salud sexual y reproductiva,hemorragia de la primera mitad del embarazo (< 22 sem) aborto,2018-07-01,4,0,4
21102,IRUPANA (VILLA DE LANZA),salud sexual y reproductiva,hemorragia de la primera mitad del embarazo (< 22 sem) aborto,2018-07-01,1,0,1
20101,LA PAZ,salud sexual y reproductiva,hemorragia de la primera mitad del embarazo (< 22 sem) aborto,2018-07-01,122,6,128
70903,MAIRANA,salud sexual y reproductiva,hemorragia de la primera mitad del embarazo (< 22 sem) aborto,2018-07-01,4,0,4
71003,MINEROS,salud sexual y reproductiva,hemorragia de la primera mitad del embarazo (< 22 sem) aborto,2018-07-01,1,0,1
31301,MIZQUE,salud sexual y reproductiva,hemorragia de la primera mitad del embarazo (< 22 sem) aborto,2018-07-01,1,0,1
40101,ORURO,salud sexual y reproductiva,hemorragia de la primera mitad del embarazo (< 22 sem) aborto,2018-07-01,91,0,91
10401,PADILLA,salud sexual y reproductiva,hemorragia de la primera mitad del embarazo (< 22 sem) aborto,2018-07-01,5,1,6
70502,PAILON,salud sexual y reproductiva,hemorragia de la primera mitad del embarazo (< 22 sem) aborto,2018-07-01,1,0,1
31203,POCONA,salud sexual y reproductiva,hemorragia de la primera mitad del embarazo (< 22 sem) aborto,2018-07-01,1,0,1
31202,POJO (CBBA),salud sexual y reproductiva,hemorragia de la primera mitad del embarazo (< 22 sem) aborto,2018-07-01,1,0,1
51203,PORCO,salud sexual y reproductiva,hemorragia de la primera mitad del embarazo (< 22 sem) aborto,2018-07-01,2,0,2
50101,POTOSI,salud sexual y reproductiva,hemorragia de la primera mitad del embarazo (< 22 sem) aborto,2018-07-01,19,5,24
90201,PUERTO RICO,salud sexual y reproductiva,hemorragia de la primera mitad del embarazo (< 22 sem) aborto,2018-07-01,2,0,2
71401,PUERTO SUAREZ,salud sexual y reproductiva,hemorragia de la primera mitad del embarazo (< 22 sem) aborto,2018-07-01,3,0,3
31205,PUERTO VILLARROEL,salud sexual y reproductiva,hemorragia de la primera mitad del embarazo (< 22 sem) aborto,2018-07-01,52,0,52
51101,PUNA,salud sexual y reproductiva,hemorragia de la primera mitad del embarazo (< 22 sem) aborto,2018-07-01,2,0,2
31401,PUNATA,salud sexual y reproductiva,hemorragia de la primera mitad del embarazo (< 22 sem) aborto,2018-07-01,15,0,15
30901,QUILLACOLLO,salud sexual y reproductiva,hemorragia de la primera mitad del embarazo (< 22 sem) aborto,2018-07-01,45,1,46
50402,RAVELO,salud sexual y reproductiva,hemorragia de la primera mitad del embarazo (< 22 sem) aborto,2018-07-01,1,0,1
80201,RIBERALTA,salud sexual y reproductiva,hemorragia de la primera mitad del embarazo (< 22 sem) aborto,2018-07-01,2,0,2
70503,ROBORE,salud sexual y reproductiva,hemorragia de la primera mitad del embarazo (< 22 sem) aborto,2018-07-01,2,0,2
80304,RURRENABAQUE,salud sexual y reproductiva,hemorragia de la primera mitad del embarazo (< 22 sem) aborto,2018-07-01,0,1,1
31001,SACABA,salud sexual y reproductiva,hemorragia de la primera mitad del embarazo (< 22 sem) aborto,2018-07-01,43,2,45
80602,SAN ANDRES,salud sexual y reproductiva,hemorragia de la primera mitad del embarazo (< 22 sem) aborto,2018-07-01,1,0,1
80302,SAN BORJA,salud sexual y reproductiva,hemorragia de la primera mitad del embarazo (< 22 sem) aborto,2018-07-01,9,0,9
21502,SAN BUENA VENTURA,salud sexual y reproductiva,hemorragia de la primera mitad del embarazo (< 22 sem) aborto,2018-07-01,3,0,3
70402,SAN CARLOS,salud sexual y reproductiva,hemorragia de la primera mitad del embarazo (< 22 sem) aborto,2018-07-01,5,0,5
70301,SAN IGNACIO DE VELASCO,salud sexual y reproductiva,hemorragia de la primera mitad del embarazo (< 22 sem) aborto,2018-07-01,6,0,6
80102,SAN JAVIER(BNI),salud sexual y reproductiva,hemorragia de la primera mitad del embarazo (< 22 sem) aborto,2018-07-01,0,2,2
71102,SAN JAVIER(STC),salud sexual y reproductiva,hemorragia de la primera mitad del embarazo (< 22 sem) aborto,2018-07-01,2,0,2
70501,SAN JOSE DE CHIQUITOS,salud sexual y reproductiva,hemorragia de la primera mitad del embarazo (< 22 sem) aborto,2018-07-01,3,0,3
71104,SAN JULIAN,salud sexual y reproductiva,hemorragia de la primera mitad del embarazo (< 22 sem) aborto,2018-07-01,12,0,12
10702,SAN LUCAS,salud sexual y reproductiva,hemorragia de la primera mitad del embarazo (< 22 sem) aborto,2018-07-01,3,1,4
70302,SAN MIGUEL DE VELASCO,salud sexual y reproductiva,hemorragia de la primera mitad del embarazo (< 22 sem) aborto,2018-07-01,3,0,3
51001,SAN PABLO DE LIPEZ,salud sexual y reproductiva,hemorragia de la primera mitad del embarazo (< 22 sem) aborto,2018-07-01,0,1,1
50501,SAN PEDRO DE BUENA VISTA,salud sexual y reproductiva,hemorragia de la primera mitad del embarazo (< 22 sem) aborto,2018-07-01,1,0,1
80401,SANTA ANA,salud sexual y reproductiva,hemorragia de la primera mitad del embarazo (< 22 sem) aborto,2018-07-01,5,0,5
70101,SANTA CRUZ DE LA SIERRA,salud sexual y reproductiva,hemorragia de la primera mitad del embarazo (< 22 sem) aborto,2018-07-01,274,103,377
20902,SAPAHAQUI,salud sexual y reproductiva,hemorragia de la primera mitad del embarazo (< 22 sem) aborto,2018-07-01,1,0,1
31602,SHINAOTA,salud sexual y reproductiva,hemorragia de la primera mitad del embarazo (< 22 sem) aborto,2018-07-01,6,0,6
30902,SIPE SIPE,salud sexual y reproductiva,hemorragia de la primera mitad del embarazo (< 22 sem) aborto,2018-07-01,2,0,2
10101,SUCRE,salud sexual y reproductiva,hemorragia de la primera mitad del embarazo (< 22 sem) aborto,2018-07-01,82,23,105
31101,TAPACARI,salud sexual y reproductiva,hemorragia de la primera mitad del embarazo (< 22 sem) aborto,2018-07-01,3,0,3
30401,TARATA,salud sexual y reproductiva,hemorragia de la primera mitad del embarazo (< 22 sem) aborto,2018-07-01,1,0,1
60101,TARIJA,salud sexual y reproductiva,hemorragia de la primera mitad del embarazo (< 22 sem) aborto,2018-07-01,42,13,55
20606,TIPUANI,salud sexual y reproductiva,hemorragia de la primera mitad del embarazo (< 22 sem) aborto,2018-07-01,1,1,2
30903,TIQUIPAYA,salud sexual y reproductiva,hemorragia de la primera mitad del embarazo (< 22 sem) aborto,2018-07-01,0,1,1
31601,TIRAQUE (CBBA),salud sexual y reproductiva,hemorragia de la primera mitad del embarazo (< 22 sem) aborto,2018-07-01,3,0,3
31201,TOTORA(CBBA),salud sexual y reproductiva,hemorragia de la primera mitad del embarazo (< 22 sem) aborto,2018-07-01,2,0,2
80101,TRINIDAD,salud sexual y reproductiva,hemorragia de la primera mitad del embarazo (< 22 sem) aborto,2018-07-01,67,2,69
50801,TUPIZA,salud sexual y reproductiva,hemorragia de la primera mitad del embarazo (< 22 sem) aborto,2018-07-01,10,0,10
51201,UYUNI,salud sexual y reproductiva,hemorragia de la primera mitad del embarazo (< 22 sem) aborto,2018-07-01,5,0,5
10704,VILLA CHARCAS,salud sexual y reproductiva,hemorragia de la primera mitad del embarazo (< 22 sem) aborto,2018-07-01,1,0,1
31003,VILLA TUNARI,salud sexual y reproductiva,hemorragia de la primera mitad del embarazo (< 22 sem) aborto,2018-07-01,8,1,9
51501,VILLAZON,salud sexual y reproductiva,hemorragia de la primera mitad del embarazo (< 22 sem) aborto,2018-07-01,8,0,8
30904,VINTO,salud sexual y reproductiva,hemorragia de la primera mitad del embarazo (< 22 sem) aborto,2018-07-01,10,0,10
70201,WARNES,salud sexual y reproductiva,hemorragia de la primera mitad del embarazo (< 22 sem) aborto,2018-07-01,1,4,5
60301,YACUIBA,salud sexual y reproductiva,hemorragia de la primera mitad del embarazo (< 22 sem) aborto,2018-07-01,2,0,2
70403,YAPACANI,salud sexual y reproductiva,hemorragia de la primera mitad del embarazo (< 22 sem) aborto,2018-07-01,4,0,4
10102,YOTALA,salud sexual y reproductiva,hemorragia de la primera mitad del embarazo (< 22 sem) aborto,2018-07-01,1,0,1
10301,ZUDAÃ‘EZ,salud sexual y reproductiva,hemorragia de la primera mitad del embarazo (< 22 sem) aborto,2018-07-01,0,1,1
20201,ACHACACHI,salud sexual y reproductiva,hemorragia de la primera mitad del embarazo (< 22 sem) aborto,2018-08-01,1,1,2
30201,AIQUILE,salud sexual y reproductiva,hemorragia de la primera mitad del embarazo (< 22 sem) aborto,2018-08-01,0,12,12
30402,ANZALDO,salud sexual y reproductiva,hemorragia de la primera mitad del embarazo (< 22 sem) aborto,2018-08-01,2,0,2
30501,ARANI,salud sexual y reproductiva,hemorragia de la primera mitad del embarazo (< 22 sem) aborto,2018-08-01,1,0,1
30601,ARQUE,salud sexual y reproductiva,hemorragia de la primera mitad del embarazo (< 22 sem) aborto,2018-08-01,0,1,1
71501,ASCENCION DE GUARAYOS,salud sexual y reproductiva,hemorragia de la primera mitad del embarazo (< 22 sem) aborto,2018-08-01,3,2,5
50802,ATOCHA,salud sexual y reproductiva,hemorragia de la primera mitad del embarazo (< 22 sem) aborto,2018-08-01,0,1,1
30301,AYOPAYA (V. DE INDEPENDENCIA),salud sexual y reproductiva,hemorragia de la primera mitad del embarazo (< 22 sem) aborto,2018-08-01,1,0,1
21203,BATALLAS,salud sexual y reproductiva,hemorragia de la primera mitad del embarazo (< 22 sem) aborto,2018-08-01,1,0,1
90104,BELLA FLOR,salud sexual y reproductiva,hemorragia de la primera mitad del embarazo (< 22 sem) aborto,2018-08-01,1,0,1
60202,BERMEJO,salud sexual y reproductiva,hemorragia de la primera mitad del embarazo (< 22 sem) aborto,2018-08-01,0,1,1
70703,CABEZAS,salud sexual y reproductiva,hemorragia de la primera mitad del embarazo (< 22 sem) aborto,2018-08-01,1,0,1
20905,CAIROMA,salud sexual y reproductiva,hemorragia de la primera mitad del embarazo (< 22 sem) aborto,2018-08-01,0,1,1
21003,CAJUATA,salud sexual y reproductiva,hemorragia de la primera mitad del embarazo (< 22 sem) aborto,2018-08-01,0,1,1
10701,CAMARGO,salud sexual y reproductiva,hemorragia de la primera mitad del embarazo (< 22 sem) aborto,2018-08-01,1,3,4
70706,CAMIRI,salud sexual y reproductiva,hemorragia de la primera mitad del embarazo (< 22 sem) aborto,2018-08-01,14,0,14
22001,CARANAVI,salud sexual y reproductiva,hemorragia de la primera mitad del embarazo (< 22 sem) aborto,2018-08-01,20,0,20
50302,CHAQUI,salud sexual y reproductiva,hemorragia de la primera mitad del embarazo (< 22 sem) aborto,2018-08-01,0,1,1
70702,CHARAGUA,salud sexual y reproductiva,hemorragia de la primera mitad del embarazo (< 22 sem) aborto,2018-08-01,1,0,1
50202,CHAYANTA,salud sexual y reproductiva,hemorragia de la primera mitad del embarazo (< 22 sem) aborto,2018-08-01,1,1,2
31204,CHIMORE,salud sexual y reproductiva,hemorragia de la primera mitad del embarazo (< 22 sem) aborto,2018-08-01,1,0,1
21101,CHULUMANI (V. DE LA LIBERTAD),salud sexual y reproductiva,hemorragia de la primera mitad del embarazo (< 22 sem) aborto,2018-08-01,0,9,9
30801,CLIZA,salud sexual y reproductiva,hemorragia de la primera mitad del embarazo (< 22 sem) aborto,2018-08-01,0,7,7
90101,COBIJA,salud sexual y reproductiva,hemorragia de la primera mitad del embarazo (< 22 sem) aborto,2018-08-01,21,0,21
30303,COCAPATA,salud sexual y reproductiva,hemorragia de la primera mitad del embarazo (< 22 sem) aborto,2018-08-01,1,0,1
30101,COCHABAMBA,salud sexual y reproductiva,hemorragia de la primera mitad del embarazo (< 22 sem) aborto,2018-08-01,231,11,242
30905,COLCAPIRHUA,salud sexual y reproductiva,hemorragia de la primera mitad del embarazo (< 22 sem) aborto,2018-08-01,7,3,10
31002,COLOMI,salud sexual y reproductiva,hemorragia de la primera mitad del embarazo (< 22 sem) aborto,2018-08-01,5,0,5
50401,COLQUECHACA,salud sexual y reproductiva,hemorragia de la primera mitad del embarazo (< 22 sem) aborto,2018-08-01,0,1,1
21306,COLQUENCHA,salud sexual y reproductiva,hemorragia de la primera mitad del embarazo (< 22 sem) aborto,2018-08-01,0,1,1
20304,COMANCHE,salud sexual y reproductiva,hemorragia de la primera mitad del embarazo (< 22 sem) aborto,2018-08-01,1,0,1
71301,COMARAPA,salud sexual y reproductiva,hemorragia de la primera mitad del embarazo (< 22 sem) aborto,2018-08-01,8,0,8
71101,CONCEPCION,salud sexual y reproductiva,hemorragia de la primera mitad del embarazo (< 22 sem) aborto,2018-08-01,1,0,1
50601,COTAGAITA,salud sexual y reproductiva,hemorragia de la primera mitad del embarazo (< 22 sem) aborto,2018-08-01,2,1,3
70102,COTOCA,salud sexual y reproductiva,hemorragia de la primera mitad del embarazo (< 22 sem) aborto,2018-08-01,8,0,8
10902,CULPINA,salud sexual y reproductiva,hemorragia de la primera mitad del embarazo (< 22 sem) aborto,2018-08-01,0,6,6
20105,EL ALTO,salud sexual y reproductiva,hemorragia de la primera mitad del embarazo (< 22 sem) aborto,2018-08-01,163,8,171
70105,EL TORNO,salud sexual y reproductiva,hemorragia de la primera mitad del embarazo (< 22 sem) aborto,2018-08-01,20,0,20
60601,ENTRE RIOS TRJ,salud sexual y reproductiva,hemorragia de la primera mitad del embarazo (< 22 sem) aborto,2018-08-01,0,2,2
31206,ENTRE RIOS CBBA,salud sexual y reproductiva,hemorragia de la primera mitad del embarazo (< 22 sem) aborto,2018-08-01,4,1,5
71004,FERNANDEZ ALONSO,salud sexual y reproductiva,hemorragia de la primera mitad del embarazo (< 22 sem) aborto,2018-08-01,1,0,1
40701,HUANUNI,salud sexual y reproductiva,hemorragia de la primera mitad del embarazo (< 22 sem) aborto,2018-08-01,4,0,4
20204,HUARINA,salud sexual y reproductiva,hemorragia de la primera mitad del embarazo (< 22 sem) aborto,2018-08-01,0,1,1
21001,INQUISIVI,salud sexual y reproductiva,hemorragia de la primera mitad del embarazo (< 22 sem) aborto,2018-08-01,1,0,1
21102,IRUPANA (VILLA DE LANZA),salud sexual y reproductiva,hemorragia de la primera mitad del embarazo (< 22 sem) aborto,2018-08-01,2,1,3
21105,LA ASUNTA,salud sexual y reproductiva,hemorragia de la primera mitad del embarazo (< 22 sem) aborto,2018-08-01,1,0,1
70104,LA GUARDIA,salud sexual y reproductiva,hemorragia de la primera mitad del embarazo (< 22 sem) aborto,2018-08-01,0,2,2
20101,LA PAZ,salud sexual y reproductiva,hemorragia de la primera mitad del embarazo (< 22 sem) aborto,2018-08-01,131,6,137
70701,LAGUNILLAS,salud sexual y reproductiva,hemorragia de la primera mitad del embarazo (< 22 sem) aborto,2018-08-01,0,2,2
20901,LURIBAY,salud sexual y reproductiva,hemorragia de la primera mitad del embarazo (< 22 sem) aborto,2018-08-01,0,1,1
70903,MAIRANA,salud sexual y reproductiva,hemorragia de la primera mitad del embarazo (< 22 sem) aborto,2018-08-01,2,0,2
20607,MAPIRI,salud sexual y reproductiva,hemorragia de la primera mitad del embarazo (< 22 sem) aborto,2018-08-01,1,0,1
31301,MIZQUE,salud sexual y reproductiva,hemorragia de la primera mitad del embarazo (< 22 sem) aborto,2018-08-01,4,0,4
71001,MONTERO,salud sexual y reproductiva,hemorragia de la primera mitad del embarazo (< 22 sem) aborto,2018-08-01,4,1,5
30302,MOROCHATA,salud sexual y reproductiva,hemorragia de la primera mitad del embarazo (< 22 sem) aborto,2018-08-01,1,1,2
50404,OCURI,salud sexual y reproductiva,hemorragia de la primera mitad del embarazo (< 22 sem) aborto,2018-08-01,2,0,2
40101,ORURO,salud sexual y reproductiva,hemorragia de la primera mitad del embarazo (< 22 sem) aborto,2018-08-01,105,0,105
10401,PADILLA,salud sexual y reproductiva,hemorragia de la primera mitad del embarazo (< 22 sem) aborto,2018-08-01,15,0,15
70502,PAILON,salud sexual y reproductiva,hemorragia de la primera mitad del embarazo (< 22 sem) aborto,2018-08-01,2,0,2
21104,PALOS BLANCOS,salud sexual y reproductiva,hemorragia de la primera mitad del embarazo (< 22 sem) aborto,2018-08-01,3,0,3
31203,POCONA,salud sexual y reproductiva,hemorragia de la primera mitad del embarazo (< 22 sem) aborto,2018-08-01,1,0,1
31202,POJO (CBBA),salud sexual y reproductiva,hemorragia de la primera mitad del embarazo (< 22 sem) aborto,2018-08-01,3,0,3
90102,PORVENIR,salud sexual y reproductiva,hemorragia de la primera mitad del embarazo (< 22 sem) aborto,2018-08-01,1,0,1
50101,POTOSI,salud sexual y reproductiva,hemorragia de la primera mitad del embarazo (< 22 sem) aborto,2018-08-01,18,23,41
71401,PUERTO SUAREZ,salud sexual y reproductiva,hemorragia de la primera mitad del embarazo (< 22 sem) aborto,2018-08-01,4,0,4
31205,PUERTO VILLARROEL,salud sexual y reproductiva,hemorragia de la primera mitad del embarazo (< 22 sem) aborto,2018-08-01,45,1,46
51101,PUNA,salud sexual y reproductiva,hemorragia de la primera mitad del embarazo (< 22 sem) aborto,2018-08-01,1,0,1
31401,PUNATA,salud sexual y reproductiva,hemorragia de la primera mitad del embarazo (< 22 sem) aborto,2018-08-01,0,9,9
30901,QUILLACOLLO,salud sexual y reproductiva,hemorragia de la primera mitad del embarazo (< 22 sem) aborto,2018-08-01,86,0,86
31304,RAQAYPAMPA(ETA),salud sexual y reproductiva,hemorragia de la primera mitad del embarazo (< 22 sem) aborto,2018-08-01,0,1,1
80201,RIBERALTA,salud sexual y reproductiva,hemorragia de la primera mitad del embarazo (< 22 sem) aborto,2018-08-01,13,0,13
31001,SACABA,salud sexual y reproductiva,hemorragia de la primera mitad del embarazo (< 22 sem) aborto,2018-08-01,77,1,78
31403,SAN BENITO,salud sexual y reproductiva,hemorragia de la primera mitad del embarazo (< 22 sem) aborto,2018-08-01,1,0,1
80302,SAN BORJA,salud sexual y reproductiva,hemorragia de la primera mitad del embarazo (< 22 sem) aborto,2018-08-01,13,0,13
21502,SAN BUENA VENTURA,salud sexual y reproductiva,hemorragia de la primera mitad del embarazo (< 22 sem) aborto,2018-08-01,4,0,4
70402,SAN CARLOS,salud sexual y reproductiva,hemorragia de la primera mitad del embarazo (< 22 sem) aborto,2018-08-01,7,0,7
70301,SAN IGNACIO DE VELASCO,salud sexual y reproductiva,hemorragia de la primera mitad del embarazo (< 22 sem) aborto,2018-08-01,13,0,13
71102,SAN JAVIER(STC),salud sexual y reproductiva,hemorragia de la primera mitad del embarazo (< 22 sem) aborto,2018-08-01,3,0,3
70501,SAN JOSE DE CHIQUITOS,salud sexual y reproductiva,hemorragia de la primera mitad del embarazo (< 22 sem) aborto,2018-08-01,1,3,4
71104,SAN JULIAN,salud sexual y reproductiva,hemorragia de la primera mitad del embarazo (< 22 sem) aborto,2018-08-01,17,0,17
90302,SAN LORENZO(PND),salud sexual y reproductiva,hemorragia de la primera mitad del embarazo (< 22 sem) aborto,2018-08-01,1,0,1
10702,SAN LUCAS,salud sexual y reproductiva,hemorragia de la primera mitad del embarazo (< 22 sem) aborto,2018-08-01,0,1,1
71201,SAN MATIAS,salud sexual y reproductiva,hemorragia de la primera mitad del embarazo (< 22 sem) aborto,2018-08-01,0,2,2
70302,SAN MIGUEL DE VELASCO,salud sexual y reproductiva,hemorragia de la primera mitad del embarazo (< 22 sem) aborto,2018-08-01,4,0,4
50501,SAN PEDRO DE BUENA VISTA,salud sexual y reproductiva,hemorragia de la primera mitad del embarazo (< 22 sem) aborto,2018-08-01,0,2,2
80401,SANTA ANA,salud sexual y reproductiva,hemorragia de la primera mitad del embarazo (< 22 sem) aborto,2018-08-01,7,0,7
70101,SANTA CRUZ DE LA SIERRA,salud sexual y reproductiva,hemorragia de la primera mitad del embarazo (< 22 sem) aborto,2018-08-01,389,125,514
90303,SENA,salud sexual y reproductiva,hemorragia de la primera mitad del embarazo (< 22 sem) aborto,2018-08-01,1,1,2
31602,SHINAOTA,salud sexual y reproductiva,hemorragia de la primera mitad del embarazo (< 22 sem) aborto,2018-08-01,6,1,7
10403,SOPACHUY,salud sexual y reproductiva,hemorragia de la primera mitad del embarazo (< 22 sem) aborto,2018-08-01,0,3,3
10101,SUCRE,salud sexual y reproductiva,hemorragia de la primera mitad del embarazo (< 22 sem) aborto,2018-08-01,110,38,148
50303,TACOBAMBA,salud sexual y reproductiva,hemorragia de la primera mitad del embarazo (< 22 sem) aborto,2018-08-01,1,0,1
30401,TARATA,salud sexual y reproductiva,hemorragia de la primera mitad del embarazo (< 22 sem) aborto,2018-08-01,1,1,2
60101,TARIJA,salud sexual y reproductiva,hemorragia de la primera mitad del embarazo (< 22 sem) aborto,2018-08-01,62,13,75
20803,TIAWANACU,salud sexual y reproductiva,hemorragia de la primera mitad del embarazo (< 22 sem) aborto,2018-08-01,0,1,1
20606,TIPUANI,salud sexual y reproductiva,hemorragia de la primera mitad del embarazo (< 22 sem) aborto,2018-08-01,2,0,2
31601,TIRAQUE (CBBA),salud sexual y reproductiva,hemorragia de la primera mitad del embarazo (< 22 sem) aborto,2018-08-01,5,0,5
10402,TOMINA,salud sexual y reproductiva,hemorragia de la primera mitad del embarazo (< 22 sem) aborto,2018-08-01,2,0,2
31201,TOTORA(CBBA),salud sexual y reproductiva,hemorragia de la primera mitad del embarazo (< 22 sem) aborto,2018-08-01,5,0,5
80101,TRINIDAD,salud sexual y reproductiva,hemorragia de la primera mitad del embarazo (< 22 sem) aborto,2018-08-01,30,0,30
50801,TUPIZA,salud sexual y reproductiva,hemorragia de la primera mitad del embarazo (< 22 sem) aborto,2018-08-01,11,0,11
51201,UYUNI,salud sexual y reproductiva,hemorragia de la primera mitad del embarazo (< 22 sem) aborto,2018-08-01,10,0,10
70801,VALLEGRANDE,salud sexual y reproductiva,hemorragia de la primera mitad del embarazo (< 22 sem) aborto,2018-08-01,1,0,1
20801,VIACHA,salud sexual y reproductiva,hemorragia de la primera mitad del embarazo (< 22 sem) aborto,2018-08-01,1,0,1
31003,VILLA TUNARI,salud sexual y reproductiva,hemorragia de la primera mitad del embarazo (< 22 sem) aborto,2018-08-01,10,0,10
51501,VILLAZON,salud sexual y reproductiva,hemorragia de la primera mitad del embarazo (< 22 sem) aborto,2018-08-01,8,0,8
30904,VINTO,salud sexual y reproductiva,hemorragia de la primera mitad del embarazo (< 22 sem) aborto,2018-08-01,18,0,18
70201,WARNES,salud sexual y reproductiva,hemorragia de la primera mitad del embarazo (< 22 sem) aborto,2018-08-01,1,34,35
60301,YACUIBA,salud sexual y reproductiva,hemorragia de la primera mitad del embarazo (< 22 sem) aborto,2018-08-01,3,2,5
21103,YANACACHI,salud sexual y reproductiva,hemorragia de la primera mitad del embarazo (< 22 sem) aborto,2018-08-01,0,1,1
70403,YAPACANI,salud sexual y reproductiva,hemorragia de la primera mitad del embarazo (< 22 sem) aborto,2018-08-01,24,12,36
50103,YOCALLA,salud sexual y reproductiva,hemorragia de la primera mitad del embarazo (< 22 sem) aborto,2018-08-01,0,1,1
30201,AIQUILE,salud sexual y reproductiva,hemorragia de la primera mitad del embarazo (< 22 sem) aborto,2018-09-01,0,7,7
30403,ARBIETO,salud sexual y reproductiva,hemorragia de la primera mitad del embarazo (< 22 sem) aborto,2018-09-01,4,0,4
71501,ASCENCION DE GUARAYOS,salud sexual y reproductiva,hemorragia de la primera mitad del embarazo (< 22 sem) aborto,2018-09-01,9,0,9
30301,AYOPAYA (V. DE INDEPENDENCIA),salud sexual y reproductiva,hemorragia de la primera mitad del embarazo (< 22 sem) aborto,2018-09-01,2,0,2
50301,BETANZOS,salud sexual y reproductiva,hemorragia de la primera mitad del embarazo (< 22 sem) aborto,2018-09-01,1,0,1
31501,BOLIVAR,salud sexual y reproductiva,hemorragia de la primera mitad del embarazo (< 22 sem) aborto,2018-09-01,1,0,1
10701,CAMARGO,salud sexual y reproductiva,hemorragia de la primera mitad del embarazo (< 22 sem) aborto,2018-09-01,5,1,6
70706,CAMIRI,salud sexual y reproductiva,hemorragia de la primera mitad del embarazo (< 22 sem) aborto,2018-09-01,14,5,19
22001,CARANAVI,salud sexual y reproductiva,hemorragia de la primera mitad del embarazo (< 22 sem) aborto,2018-09-01,17,0,17
70702,CHARAGUA,salud sexual y reproductiva,hemorragia de la primera mitad del embarazo (< 22 sem) aborto,2018-09-01,5,0,5
21101,CHULUMANI (V. DE LA LIBERTAD),salud sexual y reproductiva,hemorragia de la primera mitad del embarazo (< 22 sem) aborto,2018-09-01,1,7,8
30801,CLIZA,salud sexual y reproductiva,hemorragia de la primera mitad del embarazo (< 22 sem) aborto,2018-09-01,0,2,2
90101,COBIJA,salud sexual y reproductiva,hemorragia de la primera mitad del embarazo (< 22 sem) aborto,2018-09-01,22,0,22
30303,COCAPATA,salud sexual y reproductiva,hemorragia de la primera mitad del embarazo (< 22 sem) aborto,2018-09-01,1,0,1
30101,COCHABAMBA,salud sexual y reproductiva,hemorragia de la primera mitad del embarazo (< 22 sem) aborto,2018-09-01,91,5,96
30905,COLCAPIRHUA,salud sexual y reproductiva,hemorragia de la primera mitad del embarazo (< 22 sem) aborto,2018-09-01,7,1,8
31002,COLOMI,salud sexual y reproductiva,hemorragia de la primera mitad del embarazo (< 22 sem) aborto,2018-09-01,1,0,1
71301,COMARAPA,salud sexual y reproductiva,hemorragia de la primera mitad del embarazo (< 22 sem) aborto,2018-09-01,4,0,4
71101,CONCEPCION,salud sexual y reproductiva,hemorragia de la primera mitad del embarazo (< 22 sem) aborto,2018-09-01,1,0,1
21401,COROICO,salud sexual y reproductiva,hemorragia de la primera mitad del embarazo (< 22 sem) aborto,2018-09-01,1,0,1
50601,COTAGAITA,salud sexual y reproductiva,hemorragia de la primera mitad del embarazo (< 22 sem) aborto,2018-09-01,0,3,3
70102,COTOCA,salud sexual y reproductiva,hemorragia de la primera mitad del embarazo (< 22 sem) aborto,2018-09-01,11,0,11
10902,CULPINA,salud sexual y reproductiva,hemorragia de la primera mitad del embarazo (< 22 sem) aborto,2018-09-01,0,2,2
20105,EL ALTO,salud sexual y reproductiva,hemorragia de la primera mitad del embarazo (< 22 sem) aborto,2018-09-01,142,16,158
70105,EL TORNO,salud sexual y reproductiva,hemorragia de la primera mitad del embarazo (< 22 sem) aborto,2018-09-01,20,0,20
60601,ENTRE RIOS TRJ,salud sexual y reproductiva,hemorragia de la primera mitad del embarazo (< 22 sem) aborto,2018-09-01,0,1,1
31206,ENTRE RIOS CBBA,salud sexual y reproductiva,hemorragia de la primera mitad del embarazo (< 22 sem) aborto,2018-09-01,6,0,6
40701,HUANUNI,salud sexual y reproductiva,hemorragia de la primera mitad del embarazo (< 22 sem) aborto,2018-09-01,1,0,1
10703,INCAHUASI,salud sexual y reproductiva,hemorragia de la primera mitad del embarazo (< 22 sem) aborto,2018-09-01,0,2,2
21102,IRUPANA (VILLA DE LANZA),salud sexual y reproductiva,hemorragia de la primera mitad del embarazo (< 22 sem) aborto,2018-09-01,4,0,4
20806,JESUS DE MACHACA,salud sexual y reproductiva,hemorragia de la primera mitad del embarazo (< 22 sem) aborto,2018-09-01,0,1,1
21105,LA ASUNTA,salud sexual y reproductiva,hemorragia de la primera mitad del embarazo (< 22 sem) aborto,2018-09-01,0,1,1
70104,LA GUARDIA,salud sexual y reproductiva,hemorragia de la primera mitad del embarazo (< 22 sem) aborto,2018-09-01,0,2,2
20101,LA PAZ,salud sexual y reproductiva,hemorragia de la primera mitad del embarazo (< 22 sem) aborto,2018-09-01,173,5,178
70903,MAIRANA,salud sexual y reproductiva,hemorragia de la primera mitad del embarazo (< 22 sem) aborto,2018-09-01,3,0,3
31301,MIZQUE,salud sexual y reproductiva,hemorragia de la primera mitad del embarazo (< 22 sem) aborto,2018-09-01,1,0,1
30302,MOROCHATA,salud sexual y reproductiva,hemorragia de la primera mitad del embarazo (< 22 sem) aborto,2018-09-01,0,1,1
40101,ORURO,salud sexual y reproductiva,hemorragia de la primera mitad del embarazo (< 22 sem) aborto,2018-09-01,80,0,80
10401,PADILLA,salud sexual y reproductiva,hemorragia de la primera mitad del embarazo (< 22 sem) aborto,2018-09-01,4,0,4
21104,PALOS BLANCOS,salud sexual y reproductiva,hemorragia de la primera mitad del embarazo (< 22 sem) aborto,2018-09-01,1,0,1
21305,PATACAMAYA,salud sexual y reproductiva,hemorragia de la primera mitad del embarazo (< 22 sem) aborto,2018-09-01,1,0,1
50403,POCOATA,salud sexual y reproductiva,hemorragia de la primera mitad del embarazo (< 22 sem) aborto,2018-09-01,0,1,1
31203,POCONA,salud sexual y reproductiva,hemorragia de la primera mitad del embarazo (< 22 sem) aborto,2018-09-01,3,0,3
51203,PORCO,salud sexual y reproductiva,hemorragia de la primera mitad del embarazo (< 22 sem) aborto,2018-09-01,3,0,3
50101,POTOSI,salud sexual y reproductiva,hemorragia de la primera mitad del embarazo (< 22 sem) aborto,2018-09-01,8,7,15
21201,PUCARANI,salud sexual y reproductiva,hemorragia de la primera mitad del embarazo (< 22 sem) aborto,2018-09-01,0,2,2
90301,PUERTO GONZALO MORENO,salud sexual y reproductiva,hemorragia de la primera mitad del embarazo (< 22 sem) aborto,2018-09-01,1,0,1
71401,PUERTO SUAREZ,salud sexual y reproductiva,hemorragia de la primera mitad del embarazo (< 22 sem) aborto,2018-09-01,7,0,7
31205,PUERTO VILLARROEL,salud sexual y reproductiva,hemorragia de la primera mitad del embarazo (< 22 sem) aborto,2018-09-01,29,0,29
51101,PUNA,salud sexual y reproductiva,hemorragia de la primera mitad del embarazo (< 22 sem) aborto,2018-09-01,2,0,2
31401,PUNATA,salud sexual y reproductiva,hemorragia de la primera mitad del embarazo (< 22 sem) aborto,2018-09-01,18,0,18
30901,QUILLACOLLO,salud sexual y reproductiva,hemorragia de la primera mitad del embarazo (< 22 sem) aborto,2018-09-01,70,0,70
80301,REYES,salud sexual y reproductiva,hemorragia de la primera mitad del embarazo (< 22 sem) aborto,2018-09-01,0,1,1
80201,RIBERALTA,salud sexual y reproductiva,hemorragia de la primera mitad del embarazo (< 22 sem) aborto,2018-09-01,10,0,10
70503,ROBORE,salud sexual y reproductiva,hemorragia de la primera mitad del embarazo (< 22 sem) aborto,2018-09-01,4,0,4
80304,RURRENABAQUE,salud sexual y reproductiva,hemorragia de la primera mitad del embarazo (< 22 sem) aborto,2018-09-01,0,1,1
31001,SACABA,salud sexual y reproductiva,hemorragia de la primera mitad del embarazo (< 22 sem) aborto,2018-09-01,50,0,50
40801,SALINAS DE GARCI MENDOZA,salud sexual y reproductiva,hemorragia de la primera mitad del embarazo (< 22 sem) aborto,2018-09-01,0,1,1
31403,SAN BENITO,salud sexual y reproductiva,hemorragia de la primera mitad del embarazo (< 22 sem) aborto,2018-09-01,1,0,1
80302,SAN BORJA,salud sexual y reproductiva,hemorragia de la primera mitad del embarazo (< 22 sem) aborto,2018-09-01,13,0,13
21502,SAN BUENA VENTURA,salud sexual y reproductiva,hemorragia de la primera mitad del embarazo (< 22 sem) aborto,2018-09-01,6,0,6
70402,SAN CARLOS,salud sexual y reproductiva,hemorragia de la primera mitad del embarazo (< 22 sem) aborto,2018-09-01,8,2,10
70301,SAN IGNACIO DE VELASCO,salud sexual y reproductiva,hemorragia de la primera mitad del embarazo (< 22 sem) aborto,2018-09-01,3,0,3
71102,SAN JAVIER(STC),salud sexual y reproductiva,hemorragia de la primera mitad del embarazo (< 22 sem) aborto,2018-09-01,1,0,1
70501,SAN JOSE DE CHIQUITOS,salud sexual y reproductiva,hemorragia de la primera mitad del embarazo (< 22 sem) aborto,2018-09-01,0,1,1
71104,SAN JULIAN,salud sexual y reproductiva,hemorragia de la primera mitad del embarazo (< 22 sem) aborto,2018-09-01,7,0,7
60501,SAN LORENZO(TJA),salud sexual y reproductiva,hemorragia de la primera mitad del embarazo (< 22 sem) aborto,2018-09-01,1,0,1
10702,SAN LUCAS,salud sexual y reproductiva,hemorragia de la primera mitad del embarazo (< 22 sem) aborto,2018-09-01,4,1,5
71201,SAN MATIAS,salud sexual y reproductiva,hemorragia de la primera mitad del embarazo (< 22 sem) aborto,2018-09-01,2,2,4
71005,SAN PEDRO,salud sexual y reproductiva,hemorragia de la primera mitad del embarazo (< 22 sem) aborto,2018-09-01,1,0,1
50501,SAN PEDRO DE BUENA VISTA,salud sexual y reproductiva,hemorragia de la primera mitad del embarazo (< 22 sem) aborto,2018-09-01,2,2,4
80401,SANTA ANA,salud sexual y reproductiva,hemorragia de la primera mitad del embarazo (< 22 sem) aborto,2018-09-01,2,0,2
70101,SANTA CRUZ DE LA SIERRA,salud sexual y reproductiva,hemorragia de la primera mitad del embarazo (< 22 sem) aborto,2018-09-01,293,92,385
20902,SAPAHAQUI,salud sexual y reproductiva,hemorragia de la primera mitad del embarazo (< 22 sem) aborto,2018-09-01,1,0,1
31602,SHINAOTA,salud sexual y reproductiva,hemorragia de la primera mitad del embarazo (< 22 sem) aborto,2018-09-01,10,0,10
30902,SIPE SIPE,salud sexual y reproductiva,hemorragia de la primera mitad del embarazo (< 22 sem) aborto,2018-09-01,3,0,3
10403,SOPACHUY,salud sexual y reproductiva,hemorragia de la primera mitad del embarazo (< 22 sem) aborto,2018-09-01,0,4,4
10101,SUCRE,salud sexual y reproductiva,hemorragia de la primera mitad del embarazo (< 22 sem) aborto,2018-09-01,71,10,81
31101,TAPACARI,salud sexual y reproductiva,hemorragia de la primera mitad del embarazo (< 22 sem) aborto,2018-09-01,0,1,1
30401,TARATA,salud sexual y reproductiva,hemorragia de la primera mitad del embarazo (< 22 sem) aborto,2018-09-01,1,0,1
60101,TARIJA,salud sexual y reproductiva,hemorragia de la primera mitad del embarazo (< 22 sem) aborto,2018-09-01,58,0,58
20803,TIAWANACU,salud sexual y reproductiva,hemorragia de la primera mitad del embarazo (< 22 sem) aborto,2018-09-01,0,1,1
50102,TINGUIPAYA,salud sexual y reproductiva,hemorragia de la primera mitad del embarazo (< 22 sem) aborto,2018-09-01,0,1,1
20606,TIPUANI,salud sexual y reproductiva,hemorragia de la primera mitad del embarazo (< 22 sem) aborto,2018-09-01,1,0,1
31601,TIRAQUE (CBBA),salud sexual y reproductiva,hemorragia de la primera mitad del embarazo (< 22 sem) aborto,2018-09-01,1,0,1
30802,TOCO,salud sexual y reproductiva,hemorragia de la primera mitad del embarazo (< 22 sem) aborto,2018-09-01,1,0,1
31201,TOTORA(CBBA),salud sexual y reproductiva,hemorragia de la primera mitad del embarazo (< 22 sem) aborto,2018-09-01,2,0,2
80101,TRINIDAD,salud sexual y reproductiva,hemorragia de la primera mitad del embarazo (< 22 sem) aborto,2018-09-01,64,1,65
50801,TUPIZA,salud sexual y reproductiva,hemorragia de la primera mitad del embarazo (< 22 sem) aborto,2018-09-01,13,0,13
60401,URIONDO (A. CONCEPCION),salud sexual y reproductiva,hemorragia de la primera mitad del embarazo (< 22 sem) aborto,2018-09-01,1,0,1
51201,UYUNI,salud sexual y reproductiva,hemorragia de la primera mitad del embarazo (< 22 sem) aborto,2018-09-01,10,0,10
70801,VALLEGRANDE,salud sexual y reproductiva,hemorragia de la primera mitad del embarazo (< 22 sem) aborto,2018-09-01,2,0,2
60303,VILLA MONTES,salud sexual y reproductiva,hemorragia de la primera mitad del embarazo (< 22 sem) aborto,2018-09-01,5,0,5
31003,VILLA TUNARI,salud sexual y reproductiva,hemorragia de la primera mitad del embarazo (< 22 sem) aborto,2018-09-01,12,0,12
11001,VILLA VACA GUZMAN (MUYUPAMPA),salud sexual y reproductiva,hemorragia de la primera mitad del embarazo (< 22 sem) aborto,2018-09-01,1,0,1
51501,VILLAZON,salud sexual y reproductiva,hemorragia de la primera mitad del embarazo (< 22 sem) aborto,2018-09-01,6,0,6
30904,VINTO,salud sexual y reproductiva,hemorragia de la primera mitad del embarazo (< 22 sem) aborto,2018-09-01,23,5,28
70201,WARNES,salud sexual y reproductiva,hemorragia de la primera mitad del embarazo (< 22 sem) aborto,2018-09-01,1,24,25
20903,YACO,salud sexual y reproductiva,hemorragia de la primera mitad del embarazo (< 22 sem) aborto,2018-09-01,1,0,1
60301,YACUIBA,salud sexual y reproductiva,hemorragia de la primera mitad del embarazo (< 22 sem) aborto,2018-09-01,1,0,1
21103,YANACACHI,salud sexual y reproductiva,hemorragia de la primera mitad del embarazo (< 22 sem) aborto,2018-09-01,0,1,1
70403,YAPACANI,salud sexual y reproductiva,hemorragia de la primera mitad del embarazo (< 22 sem) aborto,2018-09-01,20,0,20
10301,ZUDAÃ‘EZ,salud sexual y reproductiva,hemorragia de la primera mitad del embarazo (< 22 sem) aborto,2018-09-01,0,1,1
30201,AIQUILE,salud sexual y reproductiva,hemorragia de la primera mitad del embarazo (< 22 sem) aborto,2018-10-01,4,4,8
10404,ALCALA,salud sexual y reproductiva,hemorragia de la primera mitad del embarazo (< 22 sem) aborto,2018-10-01,0,1,1
20701,APOLO,salud sexual y reproductiva,hemorragia de la primera mitad del embarazo (< 22 sem) aborto,2018-10-01,1,0,1
71501,ASCENCION DE GUARAYOS,salud sexual y reproductiva,hemorragia de la primera mitad del embarazo (< 22 sem) aborto,2018-10-01,12,0,12
50802,ATOCHA,salud sexual y reproductiva,hemorragia de la primera mitad del embarazo (< 22 sem) aborto,2018-10-01,0,1,1
90104,BELLA FLOR,salud sexual y reproductiva,hemorragia de la primera mitad del embarazo (< 22 sem) aborto,2018-10-01,2,0,2
60202,BERMEJO,salud sexual y reproductiva,hemorragia de la primera mitad del embarazo (< 22 sem) aborto,2018-10-01,1,1,2
50301,BETANZOS,salud sexual y reproductiva,hemorragia de la primera mitad del embarazo (< 22 sem) aborto,2018-10-01,1,1,2
10701,CAMARGO,salud sexual y reproductiva,hemorragia de la primera mitad del embarazo (< 22 sem) aborto,2018-10-01,0,2,2
70706,CAMIRI,salud sexual y reproductiva,hemorragia de la primera mitad del embarazo (< 22 sem) aborto,2018-10-01,19,0,19
20302,CAQUIAVIRI,salud sexual y reproductiva,hemorragia de la primera mitad del embarazo (< 22 sem) aborto,2018-10-01,1,0,1
22001,CARANAVI,salud sexual y reproductiva,hemorragia de la primera mitad del embarazo (< 22 sem) aborto,2018-10-01,11,0,11
40201,CHALLAPATA,salud sexual y reproductiva,hemorragia de la primera mitad del embarazo (< 22 sem) aborto,2018-10-01,1,0,1
70702,CHARAGUA,salud sexual y reproductiva,hemorragia de la primera mitad del embarazo (< 22 sem) aborto,2018-10-01,4,0,4
50202,CHAYANTA,salud sexual y reproductiva,hemorragia de la primera mitad del embarazo (< 22 sem) aborto,2018-10-01,3,2,5
31204,CHIMORE,salud sexual y reproductiva,hemorragia de la primera mitad del embarazo (< 22 sem) aborto,2018-10-01,2,0,2
21101,CHULUMANI (V. DE LA LIBERTAD),salud sexual y reproductiva,hemorragia de la primera mitad del embarazo (< 22 sem) aborto,2018-10-01,0,16,16
50204,CHUQUIHUTA AYLLU JUCUMANI,salud sexual y reproductiva,hemorragia de la primera mitad del embarazo (< 22 sem) aborto,2018-10-01,1,0,1
30801,CLIZA,salud sexual y reproductiva,hemorragia de la primera mitad del embarazo (< 22 sem) aborto,2018-10-01,11,0,11
90101,COBIJA,salud sexual y reproductiva,hemorragia de la primera mitad del embarazo (< 22 sem) aborto,2018-10-01,33,1,34
30303,COCAPATA,salud sexual y reproductiva,hemorragia de la primera mitad del embarazo (< 22 sem) aborto,2018-10-01,1,1,2
30101,COCHABAMBA,salud sexual y reproductiva,hemorragia de la primera mitad del embarazo (< 22 sem) aborto,2018-10-01,181,26,207
30905,COLCAPIRHUA,salud sexual y reproductiva,hemorragia de la primera mitad del embarazo (< 22 sem) aborto,2018-10-01,2,0,2
31002,COLOMI,salud sexual y reproductiva,hemorragia de la primera mitad del embarazo (< 22 sem) aborto,2018-10-01,4,0,4
71301,COMARAPA,salud sexual y reproductiva,hemorragia de la primera mitad del embarazo (< 22 sem) aborto,2018-10-01,10,0,10
71101,CONCEPCION,salud sexual y reproductiva,hemorragia de la primera mitad del embarazo (< 22 sem) aborto,2018-10-01,1,0,1
50601,COTAGAITA,salud sexual y reproductiva,hemorragia de la primera mitad del embarazo (< 22 sem) aborto,2018-10-01,0,1,1
70102,COTOCA,salud sexual y reproductiva,hemorragia de la primera mitad del embarazo (< 22 sem) aborto,2018-10-01,19,0,19
31405,CUCHUMUELA (V. G. VILLARROEL),salud sexual y reproductiva,hemorragia de la primera mitad del embarazo (< 22 sem) aborto,2018-10-01,0,1,1
10902,CULPINA,salud sexual y reproductiva,hemorragia de la primera mitad del embarazo (< 22 sem) aborto,2018-10-01,0,7,7
20105,EL ALTO,salud sexual y reproductiva,hemorragia de la primera mitad del embarazo (< 22 sem) aborto,2018-10-01,122,20,142
70105,EL TORNO,salud sexual y reproductiva,hemorragia de la primera mitad del embarazo (< 22 sem) aborto,2018-10-01,9,2,11
31206,ENTRE RIOS CBBA,salud sexual y reproductiva,hemorragia de la primera mitad del embarazo (< 22 sem) aborto,2018-10-01,4,0,4
90203,FILADELFIA,salud sexual y reproductiva,hemorragia de la primera mitad del embarazo (< 22 sem) aborto,2018-10-01,0,1,1
40701,HUANUNI,salud sexual y reproductiva,hemorragia de la primera mitad del embarazo (< 22 sem) aborto,2018-10-01,7,0,7
21102,IRUPANA (VILLA DE LANZA),salud sexual y reproductiva,hemorragia de la primera mitad del embarazo (< 22 sem) aborto,2018-10-01,1,0,1
21105,LA ASUNTA,salud sexual y reproductiva,hemorragia de la primera mitad del embarazo (< 22 sem) aborto,2018-10-01,1,0,1
70104,LA GUARDIA,salud sexual y reproductiva,hemorragia de la primera mitad del embarazo (< 22 sem) aborto,2018-10-01,1,0,1
20101,LA PAZ,salud sexual y reproductiva,hemorragia de la primera mitad del embarazo (< 22 sem) aborto,2018-10-01,201,8,209
70903,MAIRANA,salud sexual y reproductiva,hemorragia de la primera mitad del embarazo (< 22 sem) aborto,2018-10-01,4,0,4
71003,MINEROS,salud sexual y reproductiva,hemorragia de la primera mitad del embarazo (< 22 sem) aborto,2018-10-01,1,0,1
31301,MIZQUE,salud sexual y reproductiva,hemorragia de la primera mitad del embarazo (< 22 sem) aborto,2018-10-01,2,0,2
71001,MONTERO,salud sexual y reproductiva,hemorragia de la primera mitad del embarazo (< 22 sem) aborto,2018-10-01,1,1,2
30302,MOROCHATA,salud sexual y reproductiva,hemorragia de la primera mitad del embarazo (< 22 sem) aborto,2018-10-01,0,1,1
30203,OMEREQUE,salud sexual y reproductiva,hemorragia de la primera mitad del embarazo (< 22 sem) aborto,2018-10-01,2,0,2
40101,ORURO,salud sexual y reproductiva,hemorragia de la primera mitad del embarazo (< 22 sem) aborto,2018-10-01,83,0,83
10401,PADILLA,salud sexual y reproductiva,hemorragia de la primera mitad del embarazo (< 22 sem) aborto,2018-10-01,11,0,11
70502,PAILON,salud sexual y reproductiva,hemorragia de la primera mitad del embarazo (< 22 sem) aborto,2018-10-01,2,0,2
21104,PALOS BLANCOS,salud sexual y reproductiva,hemorragia de la primera mitad del embarazo (< 22 sem) aborto,2018-10-01,1,0,1
31203,POCONA,salud sexual y reproductiva,hemorragia de la primera mitad del embarazo (< 22 sem) aborto,2018-10-01,1,0,1
51203,PORCO,salud sexual y reproductiva,hemorragia de la primera mitad del embarazo (< 22 sem) aborto,2018-10-01,2,2,4
70103,PORONGO,salud sexual y reproductiva,hemorragia de la primera mitad del embarazo (< 22 sem) aborto,2018-10-01,0,2,2
50101,POTOSI,salud sexual y reproductiva,hemorragia de la primera mitad del embarazo (< 22 sem) aborto,2018-10-01,18,13,31
80703,PUERTO SILES,salud sexual y reproductiva,hemorragia de la primera mitad del embarazo (< 22 sem) aborto,2018-10-01,1,0,1
71401,PUERTO SUAREZ,salud sexual y reproductiva,hemorragia de la primera mitad del embarazo (< 22 sem) aborto,2018-10-01,10,0,10
31205,PUERTO VILLARROEL,salud sexual y reproductiva,hemorragia de la primera mitad del embarazo (< 22 sem) aborto,2018-10-01,39,1,40
51101,PUNA,salud sexual y reproductiva,hemorragia de la primera mitad del embarazo (< 22 sem) aborto,2018-10-01,2,0,2
31401,PUNATA,salud sexual y reproductiva,hemorragia de la primera mitad del embarazo (< 22 sem) aborto,2018-10-01,18,0,18
30901,QUILLACOLLO,salud sexual y reproductiva,hemorragia de la primera mitad del embarazo (< 22 sem) aborto,2018-10-01,67,0,67
31304,RAQAYPAMPA(ETA),salud sexual y reproductiva,hemorragia de la primera mitad del embarazo (< 22 sem) aborto,2018-10-01,0,1,1
80201,RIBERALTA,salud sexual y reproductiva,hemorragia de la primera mitad del embarazo (< 22 sem) aborto,2018-10-01,10,0,10
70503,ROBORE,salud sexual y reproductiva,hemorragia de la primera mitad del embarazo (< 22 sem) aborto,2018-10-01,3,0,3
31001,SACABA,salud sexual y reproductiva,hemorragia de la primera mitad del embarazo (< 22 sem) aborto,2018-10-01,66,0,66
80302,SAN BORJA,salud sexual y reproductiva,hemorragia de la primera mitad del embarazo (< 22 sem) aborto,2018-10-01,6,0,6
70402,SAN CARLOS,salud sexual y reproductiva,hemorragia de la primera mitad del embarazo (< 22 sem) aborto,2018-10-01,1,2,3
80501,SAN IGNACIO,salud sexual y reproductiva,hemorragia de la primera mitad del embarazo (< 22 sem) aborto,2018-10-01,2,0,2
70301,SAN IGNACIO DE VELASCO,salud sexual y reproductiva,hemorragia de la primera mitad del embarazo (< 22 sem) aborto,2018-10-01,16,1,17
71102,SAN JAVIER(STC),salud sexual y reproductiva,hemorragia de la primera mitad del embarazo (< 22 sem) aborto,2018-10-01,2,0,2
70501,SAN JOSE DE CHIQUITOS,salud sexual y reproductiva,hemorragia de la primera mitad del embarazo (< 22 sem) aborto,2018-10-01,1,2,3
71104,SAN JULIAN,salud sexual y reproductiva,hemorragia de la primera mitad del embarazo (< 22 sem) aborto,2018-10-01,16,0,16
90302,SAN LORENZO(PND),salud sexual y reproductiva,hemorragia de la primera mitad del embarazo (< 22 sem) aborto,2018-10-01,0,1,1
60501,SAN LORENZO(TJA),salud sexual y reproductiva,hemorragia de la primera mitad del embarazo (< 22 sem) aborto,2018-10-01,4,0,4
10702,SAN LUCAS,salud sexual y reproductiva,hemorragia de la primera mitad del embarazo (< 22 sem) aborto,2018-10-01,1,4,5
71201,SAN MATIAS,salud sexual y reproductiva,hemorragia de la primera mitad del embarazo (< 22 sem) aborto,2018-10-01,0,4,4
70302,SAN MIGUEL DE VELASCO,salud sexual y reproductiva,hemorragia de la primera mitad del embarazo (< 22 sem) aborto,2018-10-01,1,0,1
71005,SAN PEDRO,salud sexual y reproductiva,hemorragia de la primera mitad del embarazo (< 22 sem) aborto,2018-10-01,1,0,1
80401,SANTA ANA,salud sexual y reproductiva,hemorragia de la primera mitad del embarazo (< 22 sem) aborto,2018-10-01,7,1,8
70101,SANTA CRUZ DE LA SIERRA,salud sexual y reproductiva,hemorragia de la primera mitad del embarazo (< 22 sem) aborto,2018-10-01,350,152,502
41401,SANTIAGO DE HUARI,salud sexual y reproductiva,hemorragia de la primera mitad del embarazo (< 22 sem) aborto,2018-10-01,1,0,1
90303,SENA,salud sexual y reproductiva,hemorragia de la primera mitad del embarazo (< 22 sem) aborto,2018-10-01,0,1,1
31602,SHINAOTA,salud sexual y reproductiva,hemorragia de la primera mitad del embarazo (< 22 sem) aborto,2018-10-01,13,0,13
30902,SIPE SIPE,salud sexual y reproductiva,hemorragia de la primera mitad del embarazo (< 22 sem) aborto,2018-10-01,5,0,5
10403,SOPACHUY,salud sexual y reproductiva,hemorragia de la primera mitad del embarazo (< 22 sem) aborto,2018-10-01,0,3,3
10101,SUCRE,salud sexual y reproductiva,hemorragia de la primera mitad del embarazo (< 22 sem) aborto,2018-10-01,98,23,121
31101,TAPACARI,salud sexual y reproductiva,hemorragia de la primera mitad del embarazo (< 22 sem) aborto,2018-10-01,0,2,2
30401,TARATA,salud sexual y reproductiva,hemorragia de la primera mitad del embarazo (< 22 sem) aborto,2018-10-01,1,0,1
60101,TARIJA,salud sexual y reproductiva,hemorragia de la primera mitad del embarazo (< 22 sem) aborto,2018-10-01,61,16,77
10202,TARVITA,salud sexual y reproductiva,hemorragia de la primera mitad del embarazo (< 22 sem) aborto,2018-10-01,0,1,1
20803,TIAWANACU,salud sexual y reproductiva,hemorragia de la primera mitad del embarazo (< 22 sem) aborto,2018-10-01,1,0,1
50102,TINGUIPAYA,salud sexual y reproductiva,hemorragia de la primera mitad del embarazo (< 22 sem) aborto,2018-10-01,0,2,2
20606,TIPUANI,salud sexual y reproductiva,hemorragia de la primera mitad del embarazo (< 22 sem) aborto,2018-10-01,1,0,1
30903,TIQUIPAYA,salud sexual y reproductiva,hemorragia de la primera mitad del embarazo (< 22 sem) aborto,2018-10-01,2,2,4
31601,TIRAQUE (CBBA),salud sexual y reproductiva,hemorragia de la primera mitad del embarazo (< 22 sem) aborto,2018-10-01,3,0,3
10402,TOMINA,salud sexual y reproductiva,hemorragia de la primera mitad del embarazo (< 22 sem) aborto,2018-10-01,0,5,5
31201,TOTORA(CBBA),salud sexual y reproductiva,hemorragia de la primera mitad del embarazo (< 22 sem) aborto,2018-10-01,5,0,5
80101,TRINIDAD,salud sexual y reproductiva,hemorragia de la primera mitad del embarazo (< 22 sem) aborto,2018-10-01,72,0,72
50801,TUPIZA,salud sexual y reproductiva,hemorragia de la primera mitad del embarazo (< 22 sem) aborto,2018-10-01,11,0,11
51201,UYUNI,salud sexual y reproductiva,hemorragia de la primera mitad del embarazo (< 22 sem) aborto,2018-10-01,5,3,8
30502,VACAS,salud sexual y reproductiva,hemorragia de la primera mitad del embarazo (< 22 sem) aborto,2018-10-01,4,0,4
70801,VALLEGRANDE,salud sexual y reproductiva,hemorragia de la primera mitad del embarazo (< 22 sem) aborto,2018-10-01,5,0,5
20801,VIACHA,salud sexual y reproductiva,hemorragia de la primera mitad del embarazo (< 22 sem) aborto,2018-10-01,1,0,1
60303,VILLA MONTES,salud sexual y reproductiva,hemorragia de la primera mitad del embarazo (< 22 sem) aborto,2018-10-01,9,0,9
31003,VILLA TUNARI,salud sexual y reproductiva,hemorragia de la primera mitad del embarazo (< 22 sem) aborto,2018-10-01,12,0,12
51501,VILLAZON,salud sexual y reproductiva,hemorragia de la primera mitad del embarazo (< 22 sem) aborto,2018-10-01,15,0,15
30904,VINTO,salud sexual y reproductiva,hemorragia de la primera mitad del embarazo (< 22 sem) aborto,2018-10-01,15,7,22
70201,WARNES,salud sexual y reproductiva,hemorragia de la primera mitad del embarazo (< 22 sem) aborto,2018-10-01,3,22,25
60301,YACUIBA,salud sexual y reproductiva,hemorragia de la primera mitad del embarazo (< 22 sem) aborto,2018-10-01,1,0,1
21103,YANACACHI,salud sexual y reproductiva,hemorragia de la primera mitad del embarazo (< 22 sem) aborto,2018-10-01,1,0,1
70403,YAPACANI,salud sexual y reproductiva,hemorragia de la primera mitad del embarazo (< 22 sem) aborto,2018-10-01,21,0,21
60402,YUNCHARA,salud sexual y reproductiva,hemorragia de la primera mitad del embarazo (< 22 sem) aborto,2018-10-01,0,1,1
30201,AIQUILE,salud sexual y reproductiva,hemorragia de la primera mitad del embarazo (< 22 sem) aborto,2018-11-01,1,3,4
30403,ARBIETO,salud sexual y reproductiva,hemorragia de la primera mitad del embarazo (< 22 sem) aborto,2018-11-01,1,0,1
30601,ARQUE,salud sexual y reproductiva,hemorragia de la primera mitad del embarazo (< 22 sem) aborto,2018-11-01,1,0,1
71501,ASCENCION DE GUARAYOS,salud sexual y reproductiva,hemorragia de la primera mitad del embarazo (< 22 sem) aborto,2018-11-01,9,0,9
30301,AYOPAYA (V. DE INDEPENDENCIA),salud sexual y reproductiva,hemorragia de la primera mitad del embarazo (< 22 sem) aborto,2018-11-01,4,0,4
10201,AZURDUY,salud sexual y reproductiva,hemorragia de la primera mitad del embarazo (< 22 sem) aborto,2018-11-01,1,0,1
90104,BELLA FLOR,salud sexual y reproductiva,hemorragia de la primera mitad del embarazo (< 22 sem) aborto,2018-11-01,1,0,1
60202,BERMEJO,salud sexual y reproductiva,hemorragia de la primera mitad del embarazo (< 22 sem) aborto,2018-11-01,0,1,1
31501,BOLIVAR,salud sexual y reproductiva,hemorragia de la primera mitad del embarazo (< 22 sem) aborto,2018-11-01,1,0,1
70707,BOYUIBE,salud sexual y reproductiva,hemorragia de la primera mitad del embarazo (< 22 sem) aborto,2018-11-01,1,0,1
20905,CAIROMA,salud sexual y reproductiva,hemorragia de la primera mitad del embarazo (< 22 sem) aborto,2018-11-01,0,1,1
51102,"CAIZA ""D""",salud sexual y reproductiva,hemorragia de la primera mitad del embarazo (< 22 sem) aborto,2018-11-01,1,0,1
10701,CAMARGO,salud sexual y reproductiva,hemorragia de la primera mitad del embarazo (< 22 sem) aborto,2018-11-01,1,1,2
70706,CAMIRI,salud sexual y reproductiva,hemorragia de la primera mitad del embarazo (< 22 sem) aborto,2018-11-01,13,0,13
30701,CAPINOTA,salud sexual y reproductiva,hemorragia de la primera mitad del embarazo (< 22 sem) aborto,2018-11-01,0,1,1
22001,CARANAVI,salud sexual y reproductiva,hemorragia de la primera mitad del embarazo (< 22 sem) aborto,2018-11-01,11,0,11
70702,CHARAGUA,salud sexual y reproductiva,hemorragia de la primera mitad del embarazo (< 22 sem) aborto,2018-11-01,2,0,2
31204,CHIMORE,salud sexual y reproductiva,hemorragia de la primera mitad del embarazo (< 22 sem) aborto,2018-11-01,4,0,4
21101,CHULUMANI (V. DE LA LIBERTAD),salud sexual y reproductiva,hemorragia de la primera mitad del embarazo (< 22 sem) aborto,2018-11-01,10,0,10
30801,CLIZA,salud sexual y reproductiva,hemorragia de la primera mitad del embarazo (< 22 sem) aborto,2018-11-01,1,0,1
90101,COBIJA,salud sexual y reproductiva,hemorragia de la primera mitad del embarazo (< 22 sem) aborto,2018-11-01,29,0,29
30303,COCAPATA,salud sexual y reproductiva,hemorragia de la primera mitad del embarazo (< 22 sem) aborto,2018-11-01,2,0,2
30101,COCHABAMBA,salud sexual y reproductiva,hemorragia de la primera mitad del embarazo (< 22 sem) aborto,2018-11-01,214,17,231
30905,COLCAPIRHUA,salud sexual y reproductiva,hemorragia de la primera mitad del embarazo (< 22 sem) aborto,2018-11-01,3,1,4
31002,COLOMI,salud sexual y reproductiva,hemorragia de la primera mitad del embarazo (< 22 sem) aborto,2018-11-01,2,0,2
71301,COMARAPA,salud sexual y reproductiva,hemorragia de la primera mitad del embarazo (< 22 sem) aborto,2018-11-01,4,0,4
71101,CONCEPCION,salud sexual y reproductiva,hemorragia de la primera mitad del embarazo (< 22 sem) aborto,2018-11-01,8,0,8
21401,COROICO,salud sexual y reproductiva,hemorragia de la primera mitad del embarazo (< 22 sem) aborto,2018-11-01,1,0,1
70102,COTOCA,salud sexual y reproductiva,hemorragia de la primera mitad del embarazo (< 22 sem) aborto,2018-11-01,11,0,11
10902,CULPINA,salud sexual y reproductiva,hemorragia de la primera mitad del embarazo (< 22 sem) aborto,2018-11-01,0,9,9
20105,EL ALTO,salud sexual y reproductiva,hemorragia de la primera mitad del embarazo (< 22 sem) aborto,2018-11-01,146,8,154
70105,EL TORNO,salud sexual y reproductiva,hemorragia de la primera mitad del embarazo (< 22 sem) aborto,2018-11-01,4,0,4
31206,ENTRE RIOS CBBA,salud sexual y reproductiva,hemorragia de la primera mitad del embarazo (< 22 sem) aborto,2018-11-01,3,0,3
10703,INCAHUASI,salud sexual y reproductiva,hemorragia de la primera mitad del embarazo (< 22 sem) aborto,2018-11-01,0,1,1
21102,IRUPANA (VILLA DE LANZA),salud sexual y reproductiva,hemorragia de la primera mitad del embarazo (< 22 sem) aborto,2018-11-01,2,0,2
20101,LA PAZ,salud sexual y reproductiva,hemorragia de la primera mitad del embarazo (< 22 sem) aborto,2018-11-01,148,7,155
40702,MACHACAMARCA,salud sexual y reproductiva,hemorragia de la primera mitad del embarazo (< 22 sem) aborto,2018-11-01,1,0,1
70903,MAIRANA,salud sexual y reproductiva,hemorragia de la primera mitad del embarazo (< 22 sem) aborto,2018-11-01,6,0,6
31301,MIZQUE,salud sexual y reproductiva,hemorragia de la primera mitad del embarazo (< 22 sem) aborto,2018-11-01,6,0,6
10501,MONTEAGUDO,salud sexual y reproductiva,hemorragia de la primera mitad del embarazo (< 22 sem) aborto,2018-11-01,5,0,5
71001,MONTERO,salud sexual y reproductiva,hemorragia de la primera mitad del embarazo (< 22 sem) aborto,2018-11-01,1,7,8
90401,NACEBE (SANTA ROSA DEL ABUNA),salud sexual y reproductiva,hemorragia de la primera mitad del embarazo (< 22 sem) aborto,2018-11-01,0,1,1
50404,OCURI,salud sexual y reproductiva,hemorragia de la primera mitad del embarazo (< 22 sem) aborto,2018-11-01,1,0,1
40101,ORURO,salud sexual y reproductiva,hemorragia de la primera mitad del embarazo (< 22 sem) aborto,2018-11-01,67,0,67
10401,PADILLA,salud sexual y reproductiva,hemorragia de la primera mitad del embarazo (< 22 sem) aborto,2018-11-01,8,0,8
70502,PAILON,salud sexual y reproductiva,hemorragia de la primera mitad del embarazo (< 22 sem) aborto,2018-11-01,2,2,4
20702,PELECHUCO,salud sexual y reproductiva,hemorragia de la primera mitad del embarazo (< 22 sem) aborto,2018-11-01,0,1,1
31202,POJO (CBBA),salud sexual y reproductiva,hemorragia de la primera mitad del embarazo (< 22 sem) aborto,2018-11-01,1,0,1
51203,PORCO,salud sexual y reproductiva,hemorragia de la primera mitad del embarazo (< 22 sem) aborto,2018-11-01,0,1,1
70103,PORONGO,salud sexual y reproductiva,hemorragia de la primera mitad del embarazo (< 22 sem) aborto,2018-11-01,0,2,2
50101,POTOSI,salud sexual y reproductiva,hemorragia de la primera mitad del embarazo (< 22 sem) aborto,2018-11-01,13,6,19
21201,PUCARANI,salud sexual y reproductiva,hemorragia de la primera mitad del embarazo (< 22 sem) aborto,2018-11-01,0,1,1
90301,PUERTO GONZALO MORENO,salud sexual y reproductiva,hemorragia de la primera mitad del embarazo (< 22 sem) aborto,2018-11-01,1,0,1
90201,PUERTO RICO,salud sexual y reproductiva,hemorragia de la primera mitad del embarazo (< 22 sem) aborto,2018-11-01,1,0,1
71401,PUERTO SUAREZ,salud sexual y reproductiva,hemorragia de la primera mitad del embarazo (< 22 sem) aborto,2018-11-01,3,0,3
31205,PUERTO VILLARROEL,salud sexual y reproductiva,hemorragia de la primera mitad del embarazo (< 22 sem) aborto,2018-11-01,28,0,28
31401,PUNATA,salud sexual y reproductiva,hemorragia de la primera mitad del embarazo (< 22 sem) aborto,2018-11-01,21,0,21
30901,QUILLACOLLO,salud sexual y reproductiva,hemorragia de la primera mitad del embarazo (< 22 sem) aborto,2018-11-01,67,0,67
50402,RAVELO,salud sexual y reproductiva,hemorragia de la primera mitad del embarazo (< 22 sem) aborto,2018-11-01,1,0,1
80201,RIBERALTA,salud sexual y reproductiva,hemorragia de la primera mitad del embarazo (< 22 sem) aborto,2018-11-01,8,0,8
70503,ROBORE,salud sexual y reproductiva,hemorragia de la primera mitad del embarazo (< 22 sem) aborto,2018-11-01,4,0,4
80304,RURRENABAQUE,salud sexual y reproductiva,hemorragia de la primera mitad del embarazo (< 22 sem) aborto,2018-11-01,8,0,8
31001,SACABA,salud sexual y reproductiva,hemorragia de la primera mitad del embarazo (< 22 sem) aborto,2018-11-01,69,1,70
30404,SACABAMBA,salud sexual y reproductiva,hemorragia de la primera mitad del embarazo (< 22 sem) aborto,2018-11-01,1,0,1
31403,SAN BENITO,salud sexual y reproductiva,hemorragia de la primera mitad del embarazo (< 22 sem) aborto,2018-11-01,3,0,3
80302,SAN BORJA,salud sexual y reproductiva,hemorragia de la primera mitad del embarazo (< 22 sem) aborto,2018-11-01,7,0,7
70402,SAN CARLOS,salud sexual y reproductiva,hemorragia de la primera mitad del embarazo (< 22 sem) aborto,2018-11-01,9,0,9
70301,SAN IGNACIO DE VELASCO,salud sexual y reproductiva,hemorragia de la primera mitad del embarazo (< 22 sem) aborto,2018-11-01,7,0,7
70501,SAN JOSE DE CHIQUITOS,salud sexual y reproductiva,hemorragia de la primera mitad del embarazo (< 22 sem) aborto,2018-11-01,6,0,6
71104,SAN JULIAN,salud sexual y reproductiva,hemorragia de la primera mitad del embarazo (< 22 sem) aborto,2018-11-01,12,0,12
10702,SAN LUCAS,salud sexual y reproductiva,hemorragia de la primera mitad del embarazo (< 22 sem) aborto,2018-11-01,5,2,7
50501,SAN PEDRO DE BUENA VISTA,salud sexual y reproductiva,hemorragia de la primera mitad del embarazo (< 22 sem) aborto,2018-11-01,0,1,1
21702,SAN PEDRO DE TIQUINA,salud sexual y reproductiva,hemorragia de la primera mitad del embarazo (< 22 sem) aborto,2018-11-01,1,0,1
80401,SANTA ANA,salud sexual y reproductiva,hemorragia de la primera mitad del embarazo (< 22 sem) aborto,2018-11-01,1,0,1
70101,SANTA CRUZ DE LA SIERRA,salud sexual y reproductiva,hemorragia de la primera mitad del embarazo (< 22 sem) aborto,2018-11-01,278,124,402
20205,SANTIAGO DE HUATA,salud sexual y reproductiva,hemorragia de la primera mitad del embarazo (< 22 sem) aborto,2018-11-01,1,0,1
31602,SHINAOTA,salud sexual y reproductiva,hemorragia de la primera mitad del embarazo (< 22 sem) aborto,2018-11-01,8,0,8
30902,SIPE SIPE,salud sexual y reproductiva,hemorragia de la primera mitad del embarazo (< 22 sem) aborto,2018-11-01,8,0,8
10101,SUCRE,salud sexual y reproductiva,hemorragia de la primera mitad del embarazo (< 22 sem) aborto,2018-11-01,74,17,91
10601,TARABUCO,salud sexual y reproductiva,hemorragia de la primera mitad del embarazo (< 22 sem) aborto,2018-11-01,1,0,1
30401,TARATA,salud sexual y reproductiva,hemorragia de la primera mitad del embarazo (< 22 sem) aborto,2018-11-01,0,1,1
60101,TARIJA,salud sexual y reproductiva,hemorragia de la primera mitad del embarazo (< 22 sem) aborto,2018-11-01,49,4,53
10202,TARVITA,salud sexual y reproductiva,hemorragia de la primera mitad del embarazo (< 22 sem) aborto,2018-11-01,0,1,1
20606,TIPUANI,salud sexual y reproductiva,hemorragia de la primera mitad del embarazo (< 22 sem) aborto,2018-11-01,1,0,1
30903,TIQUIPAYA,salud sexual y reproductiva,hemorragia de la primera mitad del embarazo (< 22 sem) aborto,2018-11-01,0,1,1
31601,TIRAQUE (CBBA),salud sexual y reproductiva,hemorragia de la primera mitad del embarazo (< 22 sem) aborto,2018-11-01,2,0,2
10402,TOMINA,salud sexual y reproductiva,hemorragia de la primera mitad del embarazo (< 22 sem) aborto,2018-11-01,1,0,1
31201,TOTORA(CBBA),salud sexual y reproductiva,hemorragia de la primera mitad del embarazo (< 22 sem) aborto,2018-11-01,7,0,7
80101,TRINIDAD,salud sexual y reproductiva,hemorragia de la primera mitad del embarazo (< 22 sem) aborto,2018-11-01,47,1,48
50801,TUPIZA,salud sexual y reproductiva,hemorragia de la primera mitad del embarazo (< 22 sem) aborto,2018-11-01,5,0,5
60401,URIONDO (A. CONCEPCION),salud sexual y reproductiva,hemorragia de la primera mitad del embarazo (< 22 sem) aborto,2018-11-01,0,1,1
51201,UYUNI,salud sexual y reproductiva,hemorragia de la primera mitad del embarazo (< 22 sem) aborto,2018-11-01,12,0,12
70801,VALLEGRANDE,salud sexual y reproductiva,hemorragia de la primera mitad del embarazo (< 22 sem) aborto,2018-11-01,3,0,3
31302,VILA VILA,salud sexual y reproductiva,hemorragia de la primera mitad del embarazo (< 22 sem) aborto,2018-11-01,0,1,1
60303,VILLA MONTES,salud sexual y reproductiva,hemorragia de la primera mitad del embarazo (< 22 sem) aborto,2018-11-01,9,5,14
51501,VILLAZON,salud sexual y reproductiva,hemorragia de la primera mitad del embarazo (< 22 sem) aborto,2018-11-01,11,0,11
30904,VINTO,salud sexual y reproductiva,hemorragia de la primera mitad del embarazo (< 22 sem) aborto,2018-11-01,11,0,11
70201,WARNES,salud sexual y reproductiva,hemorragia de la primera mitad del embarazo (< 22 sem) aborto,2018-11-01,0,32,32
60301,YACUIBA,salud sexual y reproductiva,hemorragia de la primera mitad del embarazo (< 22 sem) aborto,2018-11-01,1,0,1
21103,YANACACHI,salud sexual y reproductiva,hemorragia de la primera mitad del embarazo (< 22 sem) aborto,2018-11-01,1,0,1
70403,YAPACANI,salud sexual y reproductiva,hemorragia de la primera mitad del embarazo (< 22 sem) aborto,2018-11-01,9,0,9
10102,YOTALA,salud sexual y reproductiva,hemorragia de la primera mitad del embarazo (< 22 sem) aborto,2018-11-01,1,0,1
30201,AIQUILE,salud sexual y reproductiva,hemorragia de la primera mitad del embarazo (< 22 sem) aborto,2018-12-01,1,0,1
30402,ANZALDO,salud sexual y reproductiva,hemorragia de la primera mitad del embarazo (< 22 sem) aborto,2018-12-01,1,0,1
30403,ARBIETO,salud sexual y reproductiva,hemorragia de la primera mitad del embarazo (< 22 sem) aborto,2018-12-01,1,1,2
71501,ASCENCION DE GUARAYOS,salud sexual y reproductiva,hemorragia de la primera mitad del embarazo (< 22 sem) aborto,2018-12-01,9,3,12
90104,BELLA FLOR,salud sexual y reproductiva,hemorragia de la primera mitad del embarazo (< 22 sem) aborto,2018-12-01,1,1,2
50301,BETANZOS,salud sexual y reproductiva,hemorragia de la primera mitad del embarazo (< 22 sem) aborto,2018-12-01,0,1,1
31501,BOLIVAR,salud sexual y reproductiva,hemorragia de la primera mitad del embarazo (< 22 sem) aborto,2018-12-01,0,1,1
10701,CAMARGO,salud sexual y reproductiva,hemorragia de la primera mitad del embarazo (< 22 sem) aborto,2018-12-01,5,1,6
70706,CAMIRI,salud sexual y reproductiva,hemorragia de la primera mitad del embarazo (< 22 sem) aborto,2018-12-01,16,0,16
30701,CAPINOTA,salud sexual y reproductiva,hemorragia de la primera mitad del embarazo (< 22 sem) aborto,2018-12-01,1,7,8
22001,CARANAVI,salud sexual y reproductiva,hemorragia de la primera mitad del embarazo (< 22 sem) aborto,2018-12-01,12,0,12
40201,CHALLAPATA,salud sexual y reproductiva,hemorragia de la primera mitad del embarazo (< 22 sem) aborto,2018-12-01,1,0,1
70702,CHARAGUA,salud sexual y reproductiva,hemorragia de la primera mitad del embarazo (< 22 sem) aborto,2018-12-01,3,0,3
50202,CHAYANTA,salud sexual y reproductiva,hemorragia de la primera mitad del embarazo (< 22 sem) aborto,2018-12-01,2,1,3
31204,CHIMORE,salud sexual y reproductiva,hemorragia de la primera mitad del embarazo (< 22 sem) aborto,2018-12-01,6,0,6
21101,CHULUMANI (V. DE LA LIBERTAD),salud sexual y reproductiva,hemorragia de la primera mitad del embarazo (< 22 sem) aborto,2018-12-01,2,0,2
30801,CLIZA,salud sexual y reproductiva,hemorragia de la primera mitad del embarazo (< 22 sem) aborto,2018-12-01,0,8,8
90101,COBIJA,salud sexual y reproductiva,hemorragia de la primera mitad del embarazo (< 22 sem) aborto,2018-12-01,12,0,12
30101,COCHABAMBA,salud sexual y reproductiva,hemorragia de la primera mitad del embarazo (< 22 sem) aborto,2018-12-01,195,7,202
30905,COLCAPIRHUA,salud sexual y reproductiva,hemorragia de la primera mitad del embarazo (< 22 sem) aborto,2018-12-01,3,1,4
31002,COLOMI,salud sexual y reproductiva,hemorragia de la primera mitad del embarazo (< 22 sem) aborto,2018-12-01,2,1,3
50401,COLQUECHACA,salud sexual y reproductiva,hemorragia de la primera mitad del embarazo (< 22 sem) aborto,2018-12-01,0,2,2
21004,COLQUIRI,salud sexual y reproductiva,hemorragia de la primera mitad del embarazo (< 22 sem) aborto,2018-12-01,0,1,1
71301,COMARAPA,salud sexual y reproductiva,hemorragia de la primera mitad del embarazo (< 22 sem) aborto,2018-12-01,4,0,4
71101,CONCEPCION,salud sexual y reproductiva,hemorragia de la primera mitad del embarazo (< 22 sem) aborto,2018-12-01,3,0,3
21401,COROICO,salud sexual y reproductiva,hemorragia de la primera mitad del embarazo (< 22 sem) aborto,2018-12-01,1,0,1
70102,COTOCA,salud sexual y reproductiva,hemorragia de la primera mitad del embarazo (< 22 sem) aborto,2018-12-01,9,0,9
31405,CUCHUMUELA (V. G. VILLARROEL),salud sexual y reproductiva,hemorragia de la primera mitad del embarazo (< 22 sem) aborto,2018-12-01,1,0,1
10902,CULPINA,salud sexual y reproductiva,hemorragia de la primera mitad del embarazo (< 22 sem) aborto,2018-12-01,0,4,4
20105,EL ALTO,salud sexual y reproductiva,hemorragia de la primera mitad del embarazo (< 22 sem) aborto,2018-12-01,129,3,132
71503,EL PUENTE(STC),salud sexual y reproductiva,hemorragia de la primera mitad del embarazo (< 22 sem) aborto,2018-12-01,1,0,1
70105,EL TORNO,salud sexual y reproductiva,hemorragia de la primera mitad del embarazo (< 22 sem) aborto,2018-12-01,9,0,9
31206,ENTRE RIOS CBBA,salud sexual y reproductiva,hemorragia de la primera mitad del embarazo (< 22 sem) aborto,2018-12-01,6,0,6
80202,GUAYARAMERIN,salud sexual y reproductiva,hemorragia de la primera mitad del embarazo (< 22 sem) aborto,2018-12-01,1,0,1
40701,HUANUNI,salud sexual y reproductiva,hemorragia de la primera mitad del embarazo (< 22 sem) aborto,2018-12-01,1,0,1
10703,INCAHUASI,salud sexual y reproductiva,hemorragia de la primera mitad del embarazo (< 22 sem) aborto,2018-12-01,0,1,1
21102,IRUPANA (VILLA DE LANZA),salud sexual y reproductiva,hemorragia de la primera mitad del embarazo (< 22 sem) aborto,2018-12-01,3,0,3
20101,LA PAZ,salud sexual y reproductiva,hemorragia de la primera mitad del embarazo (< 22 sem) aborto,2018-12-01,103,34,137
70903,MAIRANA,salud sexual y reproductiva,hemorragia de la primera mitad del embarazo (< 22 sem) aborto,2018-12-01,2,0,2
31301,MIZQUE,salud sexual y reproductiva,hemorragia de la primera mitad del embarazo (< 22 sem) aborto,2018-12-01,4,0,4
10501,MONTEAGUDO,salud sexual y reproductiva,hemorragia de la primera mitad del embarazo (< 22 sem) aborto,2018-12-01,2,0,2
71001,MONTERO,salud sexual y reproductiva,hemorragia de la primera mitad del embarazo (< 22 sem) aborto,2018-12-01,2,1,3
30302,MOROCHATA,salud sexual y reproductiva,hemorragia de la primera mitad del embarazo (< 22 sem) aborto,2018-12-01,1,0,1
90401,NACEBE (SANTA ROSA DEL ABUNA),salud sexual y reproductiva,hemorragia de la primera mitad del embarazo (< 22 sem) aborto,2018-12-01,0,1,1
40101,ORURO,salud sexual y reproductiva,hemorragia de la primera mitad del embarazo (< 22 sem) aborto,2018-12-01,47,0,47
60201,PADCAYA,salud sexual y reproductiva,hemorragia de la primera mitad del embarazo (< 22 sem) aborto,2018-12-01,0,1,1
10401,PADILLA,salud sexual y reproductiva,hemorragia de la primera mitad del embarazo (< 22 sem) aborto,2018-12-01,9,1,10
70502,PAILON,salud sexual y reproductiva,hemorragia de la primera mitad del embarazo (< 22 sem) aborto,2018-12-01,3,0,3
21104,PALOS BLANCOS,salud sexual y reproductiva,hemorragia de la primera mitad del embarazo (< 22 sem) aborto,2018-12-01,0,2,2
51203,PORCO,salud sexual y reproductiva,hemorragia de la primera mitad del embarazo (< 22 sem) aborto,2018-12-01,1,0,1
10103,POROMA,salud sexual y reproductiva,hemorragia de la primera mitad del embarazo (< 22 sem) aborto,2018-12-01,0,2,2
50101,POTOSI,salud sexual y reproductiva,hemorragia de la primera mitad del embarazo (< 22 sem) aborto,2018-12-01,11,4,15
20401,PUERTO ACOSTA,salud sexual y reproductiva,hemorragia de la primera mitad del embarazo (< 22 sem) aborto,2018-12-01,2,0,2
90201,PUERTO RICO,salud sexual y reproductiva,hemorragia de la primera mitad del embarazo (< 22 sem) aborto,2018-12-01,1,0,1
31205,PUERTO VILLARROEL,salud sexual y reproductiva,hemorragia de la primera mitad del embarazo (< 22 sem) aborto,2018-12-01,34,0,34
31401,PUNATA,salud sexual y reproductiva,hemorragia de la primera mitad del embarazo (< 22 sem) aborto,2018-12-01,18,0,18
30901,QUILLACOLLO,salud sexual y reproductiva,hemorragia de la primera mitad del embarazo (< 22 sem) aborto,2018-12-01,61,0,61
80201,RIBERALTA,salud sexual y reproductiva,hemorragia de la primera mitad del embarazo (< 22 sem) aborto,2018-12-01,3,1,4
70503,ROBORE,salud sexual y reproductiva,hemorragia de la primera mitad del embarazo (< 22 sem) aborto,2018-12-01,1,0,1
80304,RURRENABAQUE,salud sexual y reproductiva,hemorragia de la primera mitad del embarazo (< 22 sem) aborto,2018-12-01,6,0,6
31001,SACABA,salud sexual y reproductiva,hemorragia de la primera mitad del embarazo (< 22 sem) aborto,2018-12-01,42,0,42
31403,SAN BENITO,salud sexual y reproductiva,hemorragia de la primera mitad del embarazo (< 22 sem) aborto,2018-12-01,1,0,1
80302,SAN BORJA,salud sexual y reproductiva,hemorragia de la primera mitad del embarazo (< 22 sem) aborto,2018-12-01,8,0,8
21502,SAN BUENA VENTURA,salud sexual y reproductiva,hemorragia de la primera mitad del embarazo (< 22 sem) aborto,2018-12-01,2,0,2
70402,SAN CARLOS,salud sexual y reproductiva,hemorragia de la primera mitad del embarazo (< 22 sem) aborto,2018-12-01,4,2,6
80501,SAN IGNACIO,salud sexual y reproductiva,hemorragia de la primera mitad del embarazo (< 22 sem) aborto,2018-12-01,1,0,1
70301,SAN IGNACIO DE VELASCO,salud sexual y reproductiva,hemorragia de la primera mitad del embarazo (< 22 sem) aborto,2018-12-01,6,0,6
70501,SAN JOSE DE CHIQUITOS,salud sexual y reproductiva,hemorragia de la primera mitad del embarazo (< 22 sem) aborto,2018-12-01,3,0,3
71104,SAN JULIAN,salud sexual y reproductiva,hemorragia de la primera mitad del embarazo (< 22 sem) aborto,2018-12-01,18,0,18
10702,SAN LUCAS,salud sexual y reproductiva,hemorragia de la primera mitad del embarazo (< 22 sem) aborto,2018-12-01,4,0,4
70302,SAN MIGUEL DE VELASCO,salud sexual y reproductiva,hemorragia de la primera mitad del embarazo (< 22 sem) aborto,2018-12-01,2,0,2
70101,SANTA CRUZ DE LA SIERRA,salud sexual y reproductiva,hemorragia de la primera mitad del embarazo (< 22 sem) aborto,2018-12-01,246,55,301
31602,SHINAOTA,salud sexual y reproductiva,hemorragia de la primera mitad del embarazo (< 22 sem) aborto,2018-12-01,15,0,15
30902,SIPE SIPE,salud sexual y reproductiva,hemorragia de la primera mitad del embarazo (< 22 sem) aborto,2018-12-01,3,0,3
10101,SUCRE,salud sexual y reproductiva,hemorragia de la primera mitad del embarazo (< 22 sem) aborto,2018-12-01,65,10,75
31101,TAPACARI,salud sexual y reproductiva,hemorragia de la primera mitad del embarazo (< 22 sem) aborto,2018-12-01,0,1,1
30401,TARATA,salud sexual y reproductiva,hemorragia de la primera mitad del embarazo (< 22 sem) aborto,2018-12-01,2,0,2
60101,TARIJA,salud sexual y reproductiva,hemorragia de la primera mitad del embarazo (< 22 sem) aborto,2018-12-01,52,5,57
20608,TEOPONTE,salud sexual y reproductiva,hemorragia de la primera mitad del embarazo (< 22 sem) aborto,2018-12-01,1,0,1
50102,TINGUIPAYA,salud sexual y reproductiva,hemorragia de la primera mitad del embarazo (< 22 sem) aborto,2018-12-01,1,1,2
20606,TIPUANI,salud sexual y reproductiva,hemorragia de la primera mitad del embarazo (< 22 sem) aborto,2018-12-01,1,0,1
30903,TIQUIPAYA,salud sexual y reproductiva,hemorragia de la primera mitad del embarazo (< 22 sem) aborto,2018-12-01,2,0,2
31601,TIRAQUE (CBBA),salud sexual y reproductiva,hemorragia de la primera mitad del embarazo (< 22 sem) aborto,2018-12-01,1,0,1
10402,TOMINA,salud sexual y reproductiva,hemorragia de la primera mitad del embarazo (< 22 sem) aborto,2018-12-01,1,0,1
31201,TOTORA(CBBA),salud sexual y reproductiva,hemorragia de la primera mitad del embarazo (< 22 sem) aborto,2018-12-01,1,0,1
80101,TRINIDAD,salud sexual y reproductiva,hemorragia de la primera mitad del embarazo (< 22 sem) aborto,2018-12-01,19,0,19
50801,TUPIZA,salud sexual y reproductiva,hemorragia de la primera mitad del embarazo (< 22 sem) aborto,2018-12-01,11,0,11
51201,UYUNI,salud sexual y reproductiva,hemorragia de la primera mitad del embarazo (< 22 sem) aborto,2018-12-01,6,0,6
30502,VACAS,salud sexual y reproductiva,hemorragia de la primera mitad del embarazo (< 22 sem) aborto,2018-12-01,1,2,3
70801,VALLEGRANDE,salud sexual y reproductiva,hemorragia de la primera mitad del embarazo (< 22 sem) aborto,2018-12-01,1,0,1
60303,VILLA MONTES,salud sexual y reproductiva,hemorragia de la primera mitad del embarazo (< 22 sem) aborto,2018-12-01,0,6,6
31402,VILLA RIVERO,salud sexual y reproductiva,hemorragia de la primera mitad del embarazo (< 22 sem) aborto,2018-12-01,0,1,1
31003,VILLA TUNARI,salud sexual y reproductiva,hemorragia de la primera mitad del embarazo (< 22 sem) aborto,2018-12-01,11,0,11
51501,VILLAZON,salud sexual y reproductiva,hemorragia de la primera mitad del embarazo (< 22 sem) aborto,2018-12-01,15,0,15
30904,VINTO,salud sexual y reproductiva,hemorragia de la primera mitad del embarazo (< 22 sem) aborto,2018-12-01,6,0,6
70201,WARNES,salud sexual y reproductiva,hemorragia de la primera mitad del embarazo (< 22 sem) aborto,2018-12-01,0,18,18
70403,YAPACANI,salud sexual y reproductiva,hemorragia de la primera mitad del embarazo (< 22 sem) aborto,2018-12-01,11,0,11
10102,YOTALA,salud sexual y reproductiva,hemorragia de la primera mitad del embarazo (< 22 sem) aborto,2018-12-01,1,0,1
20201,ACHACACHI,salud sexual y reproductiva,hemorragia de la primera mitad del embarazo (< 22 sem) aborto,2019-01-01,1,1,2
20104,ACHOCALLA,salud sexual y reproductiva,hemorragia de la primera mitad del embarazo (< 22 sem) aborto,2019-01-01,1,0,1
30201,AIQUILE,salud sexual y reproductiva,hemorragia de la primera mitad del embarazo (< 22 sem) aborto,2019-01-01,8,0,8
30403,ARBIETO,salud sexual y reproductiva,hemorragia de la primera mitad del embarazo (< 22 sem) aborto,2019-01-01,1,0,1
71501,ASCENCION DE GUARAYOS,salud sexual y reproductiva,hemorragia de la primera mitad del embarazo (< 22 sem) aborto,2019-01-01,10,0,10
30301,AYOPAYA (V. DE INDEPENDENCIA),salud sexual y reproductiva,hemorragia de la primera mitad del embarazo (< 22 sem) aborto,2019-01-01,1,0,1
21203,BATALLAS,salud sexual y reproductiva,hemorragia de la primera mitad del embarazo (< 22 sem) aborto,2019-01-01,12,0,12
21003,CAJUATA,salud sexual y reproductiva,hemorragia de la primera mitad del embarazo (< 22 sem) aborto,2019-01-01,1,0,1
10701,CAMARGO,salud sexual y reproductiva,hemorragia de la primera mitad del embarazo (< 22 sem) aborto,2019-01-01,1,1,2
70706,CAMIRI,salud sexual y reproductiva,hemorragia de la primera mitad del embarazo (< 22 sem) aborto,2019-01-01,15,3,18
30701,CAPINOTA,salud sexual y reproductiva,hemorragia de la primera mitad del embarazo (< 22 sem) aborto,2019-01-01,3,0,3
22001,CARANAVI,salud sexual y reproductiva,hemorragia de la primera mitad del embarazo (< 22 sem) aborto,2019-01-01,25,0,25
40201,CHALLAPATA,salud sexual y reproductiva,hemorragia de la primera mitad del embarazo (< 22 sem) aborto,2019-01-01,3,0,3
70702,CHARAGUA,salud sexual y reproductiva,hemorragia de la primera mitad del embarazo (< 22 sem) aborto,2019-01-01,4,0,4
31204,CHIMORE,salud sexual y reproductiva,hemorragia de la primera mitad del embarazo (< 22 sem) aborto,2019-01-01,3,1,4
30801,CLIZA,salud sexual y reproductiva,hemorragia de la primera mitad del embarazo (< 22 sem) aborto,2019-01-01,3,0,3
90101,COBIJA,salud sexual y reproductiva,hemorragia de la primera mitad del embarazo (< 22 sem) aborto,2019-01-01,18,0,18
30101,COCHABAMBA,salud sexual y reproductiva,hemorragia de la primera mitad del embarazo (< 22 sem) aborto,2019-01-01,242,9,251
30905,COLCAPIRHUA,salud sexual y reproductiva,hemorragia de la primera mitad del embarazo (< 22 sem) aborto,2019-01-01,2,1,3
31002,COLOMI,salud sexual y reproductiva,hemorragia de la primera mitad del embarazo (< 22 sem) aborto,2019-01-01,4,0,4
71301,COMARAPA,salud sexual y reproductiva,hemorragia de la primera mitad del embarazo (< 22 sem) aborto,2019-01-01,5,0,5
71101,CONCEPCION,salud sexual y reproductiva,hemorragia de la primera mitad del embarazo (< 22 sem) aborto,2019-01-01,8,0,8
20301,CORO CORO,salud sexual y reproductiva,hemorragia de la primera mitad del embarazo (< 22 sem) aborto,2019-01-01,1,0,1
21401,COROICO,salud sexual y reproductiva,hemorragia de la primera mitad del embarazo (< 22 sem) aborto,2019-01-01,2,0,2
70102,COTOCA,salud sexual y reproductiva,hemorragia de la primera mitad del embarazo (< 22 sem) aborto,2019-01-01,15,0,15
31405,CUCHUMUELA (V. G. VILLARROEL),salud sexual y reproductiva,hemorragia de la primera mitad del embarazo (< 22 sem) aborto,2019-01-01,1,0,1
10902,CULPINA,salud sexual y reproductiva,hemorragia de la primera mitad del embarazo (< 22 sem) aborto,2019-01-01,0,5,5
20105,EL ALTO,salud sexual y reproductiva,hemorragia de la primera mitad del embarazo (< 22 sem) aborto,2019-01-01,157,2,159
70105,EL TORNO,salud sexual y reproductiva,hemorragia de la primera mitad del embarazo (< 22 sem) aborto,2019-01-01,9,0,9
31206,ENTRE RIOS CBBA,salud sexual y reproductiva,hemorragia de la primera mitad del embarazo (< 22 sem) aborto,2019-01-01,11,0,11
71004,FERNANDEZ ALONSO,salud sexual y reproductiva,hemorragia de la primera mitad del embarazo (< 22 sem) aborto,2019-01-01,0,1,1
20602,GUANAY,salud sexual y reproductiva,hemorragia de la primera mitad del embarazo (< 22 sem) aborto,2019-01-01,1,0,1
80202,GUAYARAMERIN,salud sexual y reproductiva,hemorragia de la primera mitad del embarazo (< 22 sem) aborto,2019-01-01,2,0,2
40701,HUANUNI,salud sexual y reproductiva,hemorragia de la primera mitad del embarazo (< 22 sem) aborto,2019-01-01,3,0,3
10703,INCAHUASI,salud sexual y reproductiva,hemorragia de la primera mitad del embarazo (< 22 sem) aborto,2019-01-01,0,1,1
20806,JESUS DE MACHACA,salud sexual y reproductiva,hemorragia de la primera mitad del embarazo (< 22 sem) aborto,2019-01-01,1,0,1
20101,LA PAZ,salud sexual y reproductiva,hemorragia de la primera mitad del embarazo (< 22 sem) aborto,2019-01-01,144,3,147
70903,MAIRANA,salud sexual y reproductiva,hemorragia de la primera mitad del embarazo (< 22 sem) aborto,2019-01-01,2,0,2
20607,MAPIRI,salud sexual y reproductiva,hemorragia de la primera mitad del embarazo (< 22 sem) aborto,2019-01-01,1,0,1
31301,MIZQUE,salud sexual y reproductiva,hemorragia de la primera mitad del embarazo (< 22 sem) aborto,2019-01-01,1,0,1
10501,MONTEAGUDO,salud sexual y reproductiva,hemorragia de la primera mitad del embarazo (< 22 sem) aborto,2019-01-01,1,0,1
71001,MONTERO,salud sexual y reproductiva,hemorragia de la primera mitad del embarazo (< 22 sem) aborto,2019-01-01,1,4,5
70803,MORO MORO,salud sexual y reproductiva,hemorragia de la primera mitad del embarazo (< 22 sem) aborto,2019-01-01,0,1,1
50404,OCURI,salud sexual y reproductiva,hemorragia de la primera mitad del embarazo (< 22 sem) aborto,2019-01-01,0,1,1
30203,OMEREQUE,salud sexual y reproductiva,hemorragia de la primera mitad del embarazo (< 22 sem) aborto,2019-01-01,0,1,1
40101,ORURO,salud sexual y reproductiva,hemorragia de la primera mitad del embarazo (< 22 sem) aborto,2019-01-01,71,0,71
10401,PADILLA,salud sexual y reproductiva,hemorragia de la primera mitad del embarazo (< 22 sem) aborto,2019-01-01,5,0,5
70502,PAILON,salud sexual y reproductiva,hemorragia de la primera mitad del embarazo (< 22 sem) aborto,2019-01-01,1,0,1
21104,PALOS BLANCOS,salud sexual y reproductiva,hemorragia de la primera mitad del embarazo (< 22 sem) aborto,2019-01-01,0,1,1
21305,PATACAMAYA,salud sexual y reproductiva,hemorragia de la primera mitad del embarazo (< 22 sem) aborto,2019-01-01,3,0,3
31203,POCONA,salud sexual y reproductiva,hemorragia de la primera mitad del embarazo (< 22 sem) aborto,2019-01-01,0,1,1
31202,POJO (CBBA),salud sexual y reproductiva,hemorragia de la primera mitad del embarazo (< 22 sem) aborto,2019-01-01,1,0,1
50101,POTOSI,salud sexual y reproductiva,hemorragia de la primera mitad del embarazo (< 22 sem) aborto,2019-01-01,6,12,18
10302,PRESTO,salud sexual y reproductiva,hemorragia de la primera mitad del embarazo (< 22 sem) aborto,2019-01-01,1,2,3
21201,PUCARANI,salud sexual y reproductiva,hemorragia de la primera mitad del embarazo (< 22 sem) aborto,2019-01-01,0,1,1
20401,PUERTO ACOSTA,salud sexual y reproductiva,hemorragia de la primera mitad del embarazo (< 22 sem) aborto,2019-01-01,0,1,1
90301,PUERTO GONZALO MORENO,salud sexual y reproductiva,hemorragia de la primera mitad del embarazo (< 22 sem) aborto,2019-01-01,1,0,1
90201,PUERTO RICO,salud sexual y reproductiva,hemorragia de la primera mitad del embarazo (< 22 sem) aborto,2019-01-01,1,0,1
71401,PUERTO SUAREZ,salud sexual y reproductiva,hemorragia de la primera mitad del embarazo (< 22 sem) aborto,2019-01-01,2,0,2
31205,PUERTO VILLARROEL,salud sexual y reproductiva,hemorragia de la primera mitad del embarazo (< 22 sem) aborto,2019-01-01,45,0,45
31401,PUNATA,salud sexual y reproductiva,hemorragia de la primera mitad del embarazo (< 22 sem) aborto,2019-01-01,28,0,28
30901,QUILLACOLLO,salud sexual y reproductiva,hemorragia de la primera mitad del embarazo (< 22 sem) aborto,2019-01-01,49,1,50
80201,RIBERALTA,salud sexual y reproductiva,hemorragia de la primera mitad del embarazo (< 22 sem) aborto,2019-01-01,3,0,3
70503,ROBORE,salud sexual y reproductiva,hemorragia de la primera mitad del embarazo (< 22 sem) aborto,2019-01-01,9,0,9
80304,RURRENABAQUE,salud sexual y reproductiva,hemorragia de la primera mitad del embarazo (< 22 sem) aborto,2019-01-01,4,0,4
31001,SACABA,salud sexual y reproductiva,hemorragia de la primera mitad del embarazo (< 22 sem) aborto,2019-01-01,92,1,93
31403,SAN BENITO,salud sexual y reproductiva,hemorragia de la primera mitad del embarazo (< 22 sem) aborto,2019-01-01,1,0,1
80302,SAN BORJA,salud sexual y reproductiva,hemorragia de la primera mitad del embarazo (< 22 sem) aborto,2019-01-01,11,0,11
21502,SAN BUENA VENTURA,salud sexual y reproductiva,hemorragia de la primera mitad del embarazo (< 22 sem) aborto,2019-01-01,2,0,2
70402,SAN CARLOS,salud sexual y reproductiva,hemorragia de la primera mitad del embarazo (< 22 sem) aborto,2019-01-01,2,0,2
70301,SAN IGNACIO DE VELASCO,salud sexual y reproductiva,hemorragia de la primera mitad del embarazo (< 22 sem) aborto,2019-01-01,9,0,9
71102,SAN JAVIER(STC),salud sexual y reproductiva,hemorragia de la primera mitad del embarazo (< 22 sem) aborto,2019-01-01,1,0,1
71104,SAN JULIAN,salud sexual y reproductiva,hemorragia de la primera mitad del embarazo (< 22 sem) aborto,2019-01-01,9,0,9
10702,SAN LUCAS,salud sexual y reproductiva,hemorragia de la primera mitad del embarazo (< 22 sem) aborto,2019-01-01,2,1,3
71201,SAN MATIAS,salud sexual y reproductiva,hemorragia de la primera mitad del embarazo (< 22 sem) aborto,2019-01-01,0,2,2
70302,SAN MIGUEL DE VELASCO,salud sexual y reproductiva,hemorragia de la primera mitad del embarazo (< 22 sem) aborto,2019-01-01,3,1,4
80401,SANTA ANA,salud sexual y reproductiva,hemorragia de la primera mitad del embarazo (< 22 sem) aborto,2019-01-01,4,0,4
70101,SANTA CRUZ DE LA SIERRA,salud sexual y reproductiva,hemorragia de la primera mitad del embarazo (< 22 sem) aborto,2019-01-01,419,140,559
90303,SENA,salud sexual y reproductiva,hemorragia de la primera mitad del embarazo (< 22 sem) aborto,2019-01-01,0,2,2
31602,SHINAOTA,salud sexual y reproductiva,hemorragia de la primera mitad del embarazo (< 22 sem) aborto,2019-01-01,9,0,9
30902,SIPE SIPE,salud sexual y reproductiva,hemorragia de la primera mitad del embarazo (< 22 sem) aborto,2019-01-01,7,1,8
10101,SUCRE,salud sexual y reproductiva,hemorragia de la primera mitad del embarazo (< 22 sem) aborto,2019-01-01,140,22,162
30401,TARATA,salud sexual y reproductiva,hemorragia de la primera mitad del embarazo (< 22 sem) aborto,2019-01-01,1,0,1
60101,TARIJA,salud sexual y reproductiva,hemorragia de la primera mitad del embarazo (< 22 sem) aborto,2019-01-01,53,17,70
10202,TARVITA,salud sexual y reproductiva,hemorragia de la primera mitad del embarazo (< 22 sem) aborto,2019-01-01,0,1,1
30903,TIQUIPAYA,salud sexual y reproductiva,hemorragia de la primera mitad del embarazo (< 22 sem) aborto,2019-01-01,3,0,3
31601,TIRAQUE (CBBA),salud sexual y reproductiva,hemorragia de la primera mitad del embarazo (< 22 sem) aborto,2019-01-01,4,0,4
30803,TOLATA,salud sexual y reproductiva,hemorragia de la primera mitad del embarazo (< 22 sem) aborto,2019-01-01,2,0,2
31201,TOTORA(CBBA),salud sexual y reproductiva,hemorragia de la primera mitad del embarazo (< 22 sem) aborto,2019-01-01,3,2,5
80101,TRINIDAD,salud sexual y reproductiva,hemorragia de la primera mitad del embarazo (< 22 sem) aborto,2019-01-01,42,1,43
50801,TUPIZA,salud sexual y reproductiva,hemorragia de la primera mitad del embarazo (< 22 sem) aborto,2019-01-01,13,0,13
21302,UMALA,salud sexual y reproductiva,hemorragia de la primera mitad del embarazo (< 22 sem) aborto,2019-01-01,1,0,1
50201,UNCIA,salud sexual y reproductiva,hemorragia de la primera mitad del embarazo (< 22 sem) aborto,2019-01-01,1,0,1
60401,URIONDO (A. CONCEPCION),salud sexual y reproductiva,hemorragia de la primera mitad del embarazo (< 22 sem) aborto,2019-01-01,0,1,1
51201,UYUNI,salud sexual y reproductiva,hemorragia de la primera mitad del embarazo (< 22 sem) aborto,2019-01-01,5,0,5
70801,VALLEGRANDE,salud sexual y reproductiva,hemorragia de la primera mitad del embarazo (< 22 sem) aborto,2019-01-01,1,1,2
20801,VIACHA,salud sexual y reproductiva,hemorragia de la primera mitad del embarazo (< 22 sem) aborto,2019-01-01,1,0,1
60303,VILLA MONTES,salud sexual y reproductiva,hemorragia de la primera mitad del embarazo (< 22 sem) aborto,2019-01-01,1,0,1
31003,VILLA TUNARI,salud sexual y reproductiva,hemorragia de la primera mitad del embarazo (< 22 sem) aborto,2019-01-01,11,0,11
11001,VILLA VACA GUZMAN (MUYUPAMPA),salud sexual y reproductiva,hemorragia de la primera mitad del embarazo (< 22 sem) aborto,2019-01-01,0,1,1
51501,VILLAZON,salud sexual y reproductiva,hemorragia de la primera mitad del embarazo (< 22 sem) aborto,2019-01-01,7,0,7
30904,VINTO,salud sexual y reproductiva,hemorragia de la primera mitad del embarazo (< 22 sem) aborto,2019-01-01,7,9,16
50602,VITICHI,salud sexual y reproductiva,hemorragia de la primera mitad del embarazo (< 22 sem) aborto,2019-01-01,0,1,1
70201,WARNES,salud sexual y reproductiva,hemorragia de la primera mitad del embarazo (< 22 sem) aborto,2019-01-01,1,20,21
60301,YACUIBA,salud sexual y reproductiva,hemorragia de la primera mitad del embarazo (< 22 sem) aborto,2019-01-01,2,0,2
70403,YAPACANI,salud sexual y reproductiva,hemorragia de la primera mitad del embarazo (< 22 sem) aborto,2019-01-01,4,0,4
10102,YOTALA,salud sexual y reproductiva,hemorragia de la primera mitad del embarazo (< 22 sem) aborto,2019-01-01,0,1,1
20201,ACHACACHI,salud sexual y reproductiva,hemorragia de la primera mitad del embarazo (< 22 sem) aborto,2019-02-01,1,0,1
20104,ACHOCALLA,salud sexual y reproductiva,hemorragia de la primera mitad del embarazo (< 22 sem) aborto,2019-02-01,1,0,1
30201,AIQUILE,salud sexual y reproductiva,hemorragia de la primera mitad del embarazo (< 22 sem) aborto,2019-02-01,12,1,13
31303,ALALAY,salud sexual y reproductiva,hemorragia de la primera mitad del embarazo (< 22 sem) aborto,2019-02-01,1,0,1
30402,ANZALDO,salud sexual y reproductiva,hemorragia de la primera mitad del embarazo (< 22 sem) aborto,2019-02-01,1,1,2
30403,ARBIETO,salud sexual y reproductiva,hemorragia de la primera mitad del embarazo (< 22 sem) aborto,2019-02-01,2,0,2
71501,ASCENCION DE GUARAYOS,salud sexual y reproductiva,hemorragia de la primera mitad del embarazo (< 22 sem) aborto,2019-02-01,16,0,16
90104,BELLA FLOR,salud sexual y reproductiva,hemorragia de la primera mitad del embarazo (< 22 sem) aborto,2019-02-01,3,0,3
31501,BOLIVAR,salud sexual y reproductiva,hemorragia de la primera mitad del embarazo (< 22 sem) aborto,2019-02-01,1,0,1
10701,CAMARGO,salud sexual y reproductiva,hemorragia de la primera mitad del embarazo (< 22 sem) aborto,2019-02-01,1,1,2
70706,CAMIRI,salud sexual y reproductiva,hemorragia de la primera mitad del embarazo (< 22 sem) aborto,2019-02-01,15,0,15
22001,CARANAVI,salud sexual y reproductiva,hemorragia de la primera mitad del embarazo (< 22 sem) aborto,2019-02-01,24,0,24
50302,CHAQUI,salud sexual y reproductiva,hemorragia de la primera mitad del embarazo (< 22 sem) aborto,2019-02-01,0,1,1
31204,CHIMORE,salud sexual y reproductiva,hemorragia de la primera mitad del embarazo (< 22 sem) aborto,2019-02-01,0,1,1
21101,CHULUMANI (V. DE LA LIBERTAD),salud sexual y reproductiva,hemorragia de la primera mitad del embarazo (< 22 sem) aborto,2019-02-01,12,0,12
30801,CLIZA,salud sexual y reproductiva,hemorragia de la primera mitad del embarazo (< 22 sem) aborto,2019-02-01,3,0,3
90101,COBIJA,salud sexual y reproductiva,hemorragia de la primera mitad del embarazo (< 22 sem) aborto,2019-02-01,16,0,16
30101,COCHABAMBA,salud sexual y reproductiva,hemorragia de la primera mitad del embarazo (< 22 sem) aborto,2019-02-01,91,8,99
30905,COLCAPIRHUA,salud sexual y reproductiva,hemorragia de la primera mitad del embarazo (< 22 sem) aborto,2019-02-01,3,1,4
31002,COLOMI,salud sexual y reproductiva,hemorragia de la primera mitad del embarazo (< 22 sem) aborto,2019-02-01,2,0,2
71301,COMARAPA,salud sexual y reproductiva,hemorragia de la primera mitad del embarazo (< 22 sem) aborto,2019-02-01,9,0,9
71101,CONCEPCION,salud sexual y reproductiva,hemorragia de la primera mitad del embarazo (< 22 sem) aborto,2019-02-01,9,0,9
50601,COTAGAITA,salud sexual y reproductiva,hemorragia de la primera mitad del embarazo (< 22 sem) aborto,2019-02-01,0,2,2
70102,COTOCA,salud sexual y reproductiva,hemorragia de la primera mitad del embarazo (< 22 sem) aborto,2019-02-01,6,0,6
71106,CUATRO CAÃ‘ADAS,salud sexual y reproductiva,hemorragia de la primera mitad del embarazo (< 22 sem) aborto,2019-02-01,2,0,2
10902,CULPINA,salud sexual y reproductiva,hemorragia de la primera mitad del embarazo (< 22 sem) aborto,2019-02-01,1,2,3
20105,EL ALTO,salud sexual y reproductiva,hemorragia de la primera mitad del embarazo (< 22 sem) aborto,2019-02-01,108,3,111
71503,EL PUENTE(STC),salud sexual y reproductiva,hemorragia de la primera mitad del embarazo (< 22 sem) aborto,2019-02-01,2,0,2
70105,EL TORNO,salud sexual y reproductiva,hemorragia de la primera mitad del embarazo (< 22 sem) aborto,2019-02-01,15,0,15
31206,ENTRE RIOS CBBA,salud sexual y reproductiva,hemorragia de la primera mitad del embarazo (< 22 sem) aborto,2019-02-01,8,0,8
20405,ESCOMA,salud sexual y reproductiva,hemorragia de la primera mitad del embarazo (< 22 sem) aborto,2019-02-01,1,0,1
80202,GUAYARAMERIN,salud sexual y reproductiva,hemorragia de la primera mitad del embarazo (< 22 sem) aborto,2019-02-01,3,0,3
40701,HUANUNI,salud sexual y reproductiva,hemorragia de la primera mitad del embarazo (< 22 sem) aborto,2019-02-01,2,0,2
10703,INCAHUASI,salud sexual y reproductiva,hemorragia de la primera mitad del embarazo (< 22 sem) aborto,2019-02-01,1,0,1
70104,LA GUARDIA,salud sexual y reproductiva,hemorragia de la primera mitad del embarazo (< 22 sem) aborto,2019-02-01,2,0,2
20101,LA PAZ,salud sexual y reproductiva,hemorragia de la primera mitad del embarazo (< 22 sem) aborto,2019-02-01,105,0,105
70903,MAIRANA,salud sexual y reproductiva,hemorragia de la primera mitad del embarazo (< 22 sem) aborto,2019-02-01,1,0,1
31301,MIZQUE,salud sexual y reproductiva,hemorragia de la primera mitad del embarazo (< 22 sem) aborto,2019-02-01,1,0,1
71001,MONTERO,salud sexual y reproductiva,hemorragia de la primera mitad del embarazo (< 22 sem) aborto,2019-02-01,0,4,4
50404,OCURI,salud sexual y reproductiva,hemorragia de la primera mitad del embarazo (< 22 sem) aborto,2019-02-01,1,0,1
40101,ORURO,salud sexual y reproductiva,hemorragia de la primera mitad del embarazo (< 22 sem) aborto,2019-02-01,68,0,68
10401,PADILLA,salud sexual y reproductiva,hemorragia de la primera mitad del embarazo (< 22 sem) aborto,2019-02-01,1,0,1
21104,PALOS BLANCOS,salud sexual y reproductiva,hemorragia de la primera mitad del embarazo (< 22 sem) aborto,2019-02-01,1,0,1
31203,POCONA,salud sexual y reproductiva,hemorragia de la primera mitad del embarazo (< 22 sem) aborto,2019-02-01,1,0,1
51203,PORCO,salud sexual y reproductiva,hemorragia de la primera mitad del embarazo (< 22 sem) aborto,2019-02-01,3,0,3
10103,POROMA,salud sexual y reproductiva,hemorragia de la primera mitad del embarazo (< 22 sem) aborto,2019-02-01,1,0,1
50101,POTOSI,salud sexual y reproductiva,hemorragia de la primera mitad del embarazo (< 22 sem) aborto,2019-02-01,13,4,17
21201,PUCARANI,salud sexual y reproductiva,hemorragia de la primera mitad del embarazo (< 22 sem) aborto,2019-02-01,3,0,3
90301,PUERTO GONZALO MORENO,salud sexual y reproductiva,hemorragia de la primera mitad del embarazo (< 22 sem) aborto,2019-02-01,1,0,1
71401,PUERTO SUAREZ,salud sexual y reproductiva,hemorragia de la primera mitad del embarazo (< 22 sem) aborto,2019-02-01,2,0,2
31205,PUERTO VILLARROEL,salud sexual y reproductiva,hemorragia de la primera mitad del embarazo (< 22 sem) aborto,2019-02-01,28,3,31
31401,PUNATA,salud sexual y reproductiva,hemorragia de la primera mitad del embarazo (< 22 sem) aborto,2019-02-01,27,0,27
30901,QUILLACOLLO,salud sexual y reproductiva,hemorragia de la primera mitad del embarazo (< 22 sem) aborto,2019-02-01,48,1,49
80201,RIBERALTA,salud sexual y reproductiva,hemorragia de la primera mitad del embarazo (< 22 sem) aborto,2019-02-01,3,0,3
70503,ROBORE,salud sexual y reproductiva,hemorragia de la primera mitad del embarazo (< 22 sem) aborto,2019-02-01,2,0,2
31001,SACABA,salud sexual y reproductiva,hemorragia de la primera mitad del embarazo (< 22 sem) aborto,2019-02-01,45,0,45
80302,SAN BORJA,salud sexual y reproductiva,hemorragia de la primera mitad del embarazo (< 22 sem) aborto,2019-02-01,12,0,12
21502,SAN BUENA VENTURA,salud sexual y reproductiva,hemorragia de la primera mitad del embarazo (< 22 sem) aborto,2019-02-01,1,0,1
70402,SAN CARLOS,salud sexual y reproductiva,hemorragia de la primera mitad del embarazo (< 22 sem) aborto,2019-02-01,6,0,6
80501,SAN IGNACIO,salud sexual y reproductiva,hemorragia de la primera mitad del embarazo (< 22 sem) aborto,2019-02-01,2,0,2
70301,SAN IGNACIO DE VELASCO,salud sexual y reproductiva,hemorragia de la primera mitad del embarazo (< 22 sem) aborto,2019-02-01,1,0,1
71102,SAN JAVIER(STC),salud sexual y reproductiva,hemorragia de la primera mitad del embarazo (< 22 sem) aborto,2019-02-01,2,0,2
71104,SAN JULIAN,salud sexual y reproductiva,hemorragia de la primera mitad del embarazo (< 22 sem) aborto,2019-02-01,14,1,15
10702,SAN LUCAS,salud sexual y reproductiva,hemorragia de la primera mitad del embarazo (< 22 sem) aborto,2019-02-01,4,3,7
71005,SAN PEDRO,salud sexual y reproductiva,hemorragia de la primera mitad del embarazo (< 22 sem) aborto,2019-02-01,1,0,1
80401,SANTA ANA,salud sexual y reproductiva,hemorragia de la primera mitad del embarazo (< 22 sem) aborto,2019-02-01,3,0,3
70101,SANTA CRUZ DE LA SIERRA,salud sexual y reproductiva,hemorragia de la primera mitad del embarazo (< 22 sem) aborto,2019-02-01,315,128,443
20902,SAPAHAQUI,salud sexual y reproductiva,hemorragia de la primera mitad del embarazo (< 22 sem) aborto,2019-02-01,0,1,1
31602,SHINAOTA,salud sexual y reproductiva,hemorragia de la primera mitad del embarazo (< 22 sem) aborto,2019-02-01,4,1,5
30902,SIPE SIPE,salud sexual y reproductiva,hemorragia de la primera mitad del embarazo (< 22 sem) aborto,2019-02-01,6,0,6
10403,SOPACHUY,salud sexual y reproductiva,hemorragia de la primera mitad del embarazo (< 22 sem) aborto,2019-02-01,0,1,1
10101,SUCRE,salud sexual y reproductiva,hemorragia de la primera mitad del embarazo (< 22 sem) aborto,2019-02-01,61,14,75
31101,TAPACARI,salud sexual y reproductiva,hemorragia de la primera mitad del embarazo (< 22 sem) aborto,2019-02-01,0,1,1
60101,TARIJA,salud sexual y reproductiva,hemorragia de la primera mitad del embarazo (< 22 sem) aborto,2019-02-01,34,15,49
50102,TINGUIPAYA,salud sexual y reproductiva,hemorragia de la primera mitad del embarazo (< 22 sem) aborto,2019-02-01,0,1,1
30903,TIQUIPAYA,salud sexual y reproductiva,hemorragia de la primera mitad del embarazo (< 22 sem) aborto,2019-02-01,2,0,2
30802,TOCO,salud sexual y reproductiva,hemorragia de la primera mitad del embarazo (< 22 sem) aborto,2019-02-01,1,0,1
30803,TOLATA,salud sexual y reproductiva,hemorragia de la primera mitad del embarazo (< 22 sem) aborto,2019-02-01,2,0,2
80101,TRINIDAD,salud sexual y reproductiva,hemorragia de la primera mitad del embarazo (< 22 sem) aborto,2019-02-01,29,0,29
50801,TUPIZA,salud sexual y reproductiva,hemorragia de la primera mitad del embarazo (< 22 sem) aborto,2019-02-01,11,0,11
21302,UMALA,salud sexual y reproductiva,hemorragia de la primera mitad del embarazo (< 22 sem) aborto,2019-02-01,0,1,1
50201,UNCIA,salud sexual y reproductiva,hemorragia de la primera mitad del embarazo (< 22 sem) aborto,2019-02-01,1,0,1
51201,UYUNI,salud sexual y reproductiva,hemorragia de la primera mitad del embarazo (< 22 sem) aborto,2019-02-01,4,1,5
30502,VACAS,salud sexual y reproductiva,hemorragia de la primera mitad del embarazo (< 22 sem) aborto,2019-02-01,1,0,1
70801,VALLEGRANDE,salud sexual y reproductiva,hemorragia de la primera mitad del embarazo (< 22 sem) aborto,2019-02-01,3,0,3
60303,VILLA MONTES,salud sexual y reproductiva,hemorragia de la primera mitad del embarazo (< 22 sem) aborto,2019-02-01,1,0,1
31003,VILLA TUNARI,salud sexual y reproductiva,hemorragia de la primera mitad del embarazo (< 22 sem) aborto,2019-02-01,4,0,4
51501,VILLAZON,salud sexual y reproductiva,hemorragia de la primera mitad del embarazo (< 22 sem) aborto,2019-02-01,10,0,10
30904,VINTO,salud sexual y reproductiva,hemorragia de la primera mitad del embarazo (< 22 sem) aborto,2019-02-01,0,16,16
70201,WARNES,salud sexual y reproductiva,hemorragia de la primera mitad del embarazo (< 22 sem) aborto,2019-02-01,2,14,16
60301,YACUIBA,salud sexual y reproductiva,hemorragia de la primera mitad del embarazo (< 22 sem) aborto,2019-02-01,1,0,1
70403,YAPACANI,salud sexual y reproductiva,hemorragia de la primera mitad del embarazo (< 22 sem) aborto,2019-02-01,9,0,9
10102,YOTALA,salud sexual y reproductiva,hemorragia de la primera mitad del embarazo (< 22 sem) aborto,2019-02-01,1,0,1
10301,ZUDAÃ‘EZ,salud sexual y reproductiva,hemorragia de la primera mitad del embarazo (< 22 sem) aborto,2019-02-01,0,2,2
30201,AIQUILE,salud sexual y reproductiva,hemorragia de la primera mitad del embarazo (< 22 sem) aborto,2019-03-01,1,0,1
10404,ALCALA,salud sexual y reproductiva,hemorragia de la primera mitad del embarazo (< 22 sem) aborto,2019-03-01,0,1,1
30402,ANZALDO,salud sexual y reproductiva,hemorragia de la primera mitad del embarazo (< 22 sem) aborto,2019-03-01,3,0,3
30403,ARBIETO,salud sexual y reproductiva,hemorragia de la primera mitad del embarazo (< 22 sem) aborto,2019-03-01,2,0,2
30601,ARQUE,salud sexual y reproductiva,hemorragia de la primera mitad del embarazo (< 22 sem) aborto,2019-03-01,0,1,1
71501,ASCENCION DE GUARAYOS,salud sexual y reproductiva,hemorragia de la primera mitad del embarazo (< 22 sem) aborto,2019-03-01,18,0,18
30301,AYOPAYA (V. DE INDEPENDENCIA),salud sexual y reproductiva,hemorragia de la primera mitad del embarazo (< 22 sem) aborto,2019-03-01,2,0,2
90104,BELLA FLOR,salud sexual y reproductiva,hemorragia de la primera mitad del embarazo (< 22 sem) aborto,2019-03-01,0,1,1
31501,BOLIVAR,salud sexual y reproductiva,hemorragia de la primera mitad del embarazo (< 22 sem) aborto,2019-03-01,1,0,1
20905,CAIROMA,salud sexual y reproductiva,hemorragia de la primera mitad del embarazo (< 22 sem) aborto,2019-03-01,0,1,1
21003,CAJUATA,salud sexual y reproductiva,hemorragia de la primera mitad del embarazo (< 22 sem) aborto,2019-03-01,1,0,1
10701,CAMARGO,salud sexual y reproductiva,hemorragia de la primera mitad del embarazo (< 22 sem) aborto,2019-03-01,3,0,3
70706,CAMIRI,salud sexual y reproductiva,hemorragia de la primera mitad del embarazo (< 22 sem) aborto,2019-03-01,10,0,10
30701,CAPINOTA,salud sexual y reproductiva,hemorragia de la primera mitad del embarazo (< 22 sem) aborto,2019-03-01,3,0,3
20302,CAQUIAVIRI,salud sexual y reproductiva,hemorragia de la primera mitad del embarazo (< 22 sem) aborto,2019-03-01,1,1,2
22001,CARANAVI,salud sexual y reproductiva,hemorragia de la primera mitad del embarazo (< 22 sem) aborto,2019-03-01,3,0,3
50202,CHAYANTA,salud sexual y reproductiva,hemorragia de la primera mitad del embarazo (< 22 sem) aborto,2019-03-01,0,1,1
31204,CHIMORE,salud sexual y reproductiva,hemorragia de la primera mitad del embarazo (< 22 sem) aborto,2019-03-01,2,0,2
21101,CHULUMANI (V. DE LA LIBERTAD),salud sexual y reproductiva,hemorragia de la primera mitad del embarazo (< 22 sem) aborto,2019-03-01,9,0,9
30801,CLIZA,salud sexual y reproductiva,hemorragia de la primera mitad del embarazo (< 22 sem) aborto,2019-03-01,1,0,1
90101,COBIJA,salud sexual y reproductiva,hemorragia de la primera mitad del embarazo (< 22 sem) aborto,2019-03-01,29,0,29
30101,COCHABAMBA,salud sexual y reproductiva,hemorragia de la primera mitad del embarazo (< 22 sem) aborto,2019-03-01,170,5,175
50401,COLQUECHACA,salud sexual y reproductiva,hemorragia de la primera mitad del embarazo (< 22 sem) aborto,2019-03-01,0,1,1
71301,COMARAPA,salud sexual y reproductiva,hemorragia de la primera mitad del embarazo (< 22 sem) aborto,2019-03-01,4,0,4
71101,CONCEPCION,salud sexual y reproductiva,hemorragia de la primera mitad del embarazo (< 22 sem) aborto,2019-03-01,3,0,3
21401,COROICO,salud sexual y reproductiva,hemorragia de la primera mitad del embarazo (< 22 sem) aborto,2019-03-01,2,0,2
70102,COTOCA,salud sexual y reproductiva,hemorragia de la primera mitad del embarazo (< 22 sem) aborto,2019-03-01,5,0,5
71106,CUATRO CAÃ‘ADAS,salud sexual y reproductiva,hemorragia de la primera mitad del embarazo (< 22 sem) aborto,2019-03-01,5,0,5
10902,CULPINA,salud sexual y reproductiva,hemorragia de la primera mitad del embarazo (< 22 sem) aborto,2019-03-01,0,3,3
20105,EL ALTO,salud sexual y reproductiva,hemorragia de la primera mitad del embarazo (< 22 sem) aborto,2019-03-01,98,0,98
70105,EL TORNO,salud sexual y reproductiva,hemorragia de la primera mitad del embarazo (< 22 sem) aborto,2019-03-01,10,0,10
31206,ENTRE RIOS CBBA,salud sexual y reproductiva,hemorragia de la primera mitad del embarazo (< 22 sem) aborto,2019-03-01,3,0,3
40505,ESMERALDA,salud sexual y reproductiva,hemorragia de la primera mitad del embarazo (< 22 sem) aborto,2019-03-01,1,0,1
40701,HUANUNI,salud sexual y reproductiva,hemorragia de la primera mitad del embarazo (< 22 sem) aborto,2019-03-01,2,0,2
21105,LA ASUNTA,salud sexual y reproductiva,hemorragia de la primera mitad del embarazo (< 22 sem) aborto,2019-03-01,1,0,1
70104,LA GUARDIA,salud sexual y reproductiva,hemorragia de la primera mitad del embarazo (< 22 sem) aborto,2019-03-01,1,0,1
20101,LA PAZ,salud sexual y reproductiva,hemorragia de la primera mitad del embarazo (< 22 sem) aborto,2019-03-01,96,2,98
40702,MACHACAMARCA,salud sexual y reproductiva,hemorragia de la primera mitad del embarazo (< 22 sem) aborto,2019-03-01,1,0,1
70903,MAIRANA,salud sexual y reproductiva,hemorragia de la primera mitad del embarazo (< 22 sem) aborto,2019-03-01,1,0,1
71003,MINEROS,salud sexual y reproductiva,hemorragia de la primera mitad del embarazo (< 22 sem) aborto,2019-03-01,1,0,1
10501,MONTEAGUDO,salud sexual y reproductiva,hemorragia de la primera mitad del embarazo (< 22 sem) aborto,2019-03-01,1,0,1
71001,MONTERO,salud sexual y reproductiva,hemorragia de la primera mitad del embarazo (< 22 sem) aborto,2019-03-01,5,5,10
50404,OCURI,salud sexual y reproductiva,hemorragia de la primera mitad del embarazo (< 22 sem) aborto,2019-03-01,0,1,1
40101,ORURO,salud sexual y reproductiva,hemorragia de la primera mitad del embarazo (< 22 sem) aborto,2019-03-01,59,0,59
10401,PADILLA,salud sexual y reproductiva,hemorragia de la primera mitad del embarazo (< 22 sem) aborto,2019-03-01,5,0,5
70502,PAILON,salud sexual y reproductiva,hemorragia de la primera mitad del embarazo (< 22 sem) aborto,2019-03-01,1,0,1
21305,PATACAMAYA,salud sexual y reproductiva,hemorragia de la primera mitad del embarazo (< 22 sem) aborto,2019-03-01,1,0,1
31203,POCONA,salud sexual y reproductiva,hemorragia de la primera mitad del embarazo (< 22 sem) aborto,2019-03-01,1,0,1
51203,PORCO,salud sexual y reproductiva,hemorragia de la primera mitad del embarazo (< 22 sem) aborto,2019-03-01,1,1,2
70103,PORONGO,salud sexual y reproductiva,hemorragia de la primera mitad del embarazo (< 22 sem) aborto,2019-03-01,1,0,1
50101,POTOSI,salud sexual y reproductiva,hemorragia de la primera mitad del embarazo (< 22 sem) aborto,2019-03-01,6,3,9
21201,PUCARANI,salud sexual y reproductiva,hemorragia de la primera mitad del embarazo (< 22 sem) aborto,2019-03-01,1,0,1
31205,PUERTO VILLARROEL,salud sexual y reproductiva,hemorragia de la primera mitad del embarazo (< 22 sem) aborto,2019-03-01,23,0,23
31401,PUNATA,salud sexual y reproductiva,hemorragia de la primera mitad del embarazo (< 22 sem) aborto,2019-03-01,11,0,11
30901,QUILLACOLLO,salud sexual y reproductiva,hemorragia de la primera mitad del embarazo (< 22 sem) aborto,2019-03-01,1,0,1
80201,RIBERALTA,salud sexual y reproductiva,hemorragia de la primera mitad del embarazo (< 22 sem) aborto,2019-03-01,5,0,5
70503,ROBORE,salud sexual y reproductiva,hemorragia de la primera mitad del embarazo (< 22 sem) aborto,2019-03-01,1,0,1
80304,RURRENABAQUE,salud sexual y reproductiva,hemorragia de la primera mitad del embarazo (< 22 sem) aborto,2019-03-01,2,0,2
31001,SACABA,salud sexual y reproductiva,hemorragia de la primera mitad del embarazo (< 22 sem) aborto,2019-03-01,73,1,74
80302,SAN BORJA,salud sexual y reproductiva,hemorragia de la primera mitad del embarazo (< 22 sem) aborto,2019-03-01,11,0,11
70402,SAN CARLOS,salud sexual y reproductiva,hemorragia de la primera mitad del embarazo (< 22 sem) aborto,2019-03-01,8,1,9
80501,SAN IGNACIO,salud sexual y reproductiva,hemorragia de la primera mitad del embarazo (< 22 sem) aborto,2019-03-01,4,0,4
70301,SAN IGNACIO DE VELASCO,salud sexual y reproductiva,hemorragia de la primera mitad del embarazo (< 22 sem) aborto,2019-03-01,7,0,7
70404,SAN JUAN DE YAPACANI,salud sexual y reproductiva,hemorragia de la primera mitad del embarazo (< 22 sem) aborto,2019-03-01,0,1,1
71104,SAN JULIAN,salud sexual y reproductiva,hemorragia de la primera mitad del embarazo (< 22 sem) aborto,2019-03-01,6,0,6
10702,SAN LUCAS,salud sexual y reproductiva,hemorragia de la primera mitad del embarazo (< 22 sem) aborto,2019-03-01,5,3,8
70302,SAN MIGUEL DE VELASCO,salud sexual y reproductiva,hemorragia de la primera mitad del embarazo (< 22 sem) aborto,2019-03-01,2,0,2
71005,SAN PEDRO,salud sexual y reproductiva,hemorragia de la primera mitad del embarazo (< 22 sem) aborto,2019-03-01,1,0,1
21702,SAN PEDRO DE TIQUINA,salud sexual y reproductiva,hemorragia de la primera mitad del embarazo (< 22 sem) aborto,2019-03-01,0,1,1
80401,SANTA ANA,salud sexual y reproductiva,hemorragia de la primera mitad del embarazo (< 22 sem) aborto,2019-03-01,5,0,5
70101,SANTA CRUZ DE LA SIERRA,salud sexual y reproductiva,hemorragia de la primera mitad del embarazo (< 22 sem) aborto,2019-03-01,279,115,394
31602,SHINAOTA,salud sexual y reproductiva,hemorragia de la primera mitad del embarazo (< 22 sem) aborto,2019-03-01,4,0,4
30703,SICAYA,salud sexual y reproductiva,hemorragia de la primera mitad del embarazo (< 22 sem) aborto,2019-03-01,1,0,1
30902,SIPE SIPE,salud sexual y reproductiva,hemorragia de la primera mitad del embarazo (< 22 sem) aborto,2019-03-01,4,0,4
10403,SOPACHUY,salud sexual y reproductiva,hemorragia de la primera mitad del embarazo (< 22 sem) aborto,2019-03-01,1,0,1
10101,SUCRE,salud sexual y reproductiva,hemorragia de la primera mitad del embarazo (< 22 sem) aborto,2019-03-01,117,5,122
30602,TACOPAYA,salud sexual y reproductiva,hemorragia de la primera mitad del embarazo (< 22 sem) aborto,2019-03-01,0,1,1
10601,TARABUCO,salud sexual y reproductiva,hemorragia de la primera mitad del embarazo (< 22 sem) aborto,2019-03-01,1,0,1
60101,TARIJA,salud sexual y reproductiva,hemorragia de la primera mitad del embarazo (< 22 sem) aborto,2019-03-01,46,1,47
20803,TIAHUANACU,salud sexual y reproductiva,hemorragia de la primera mitad del embarazo (< 22 sem) aborto,2019-03-01,1,0,1
50102,TINGUIPAYA,salud sexual y reproductiva,hemorragia de la primera mitad del embarazo (< 22 sem) aborto,2019-03-01,0,1,1
30903,TIQUIPAYA,salud sexual y reproductiva,hemorragia de la primera mitad del embarazo (< 22 sem) aborto,2019-03-01,1,1,2
31601,TIRAQUE (CBBA),salud sexual y reproductiva,hemorragia de la primera mitad del embarazo (< 22 sem) aborto,2019-03-01,1,0,1
21703,TITO YUPANQUI (PARQUIPUJIO),salud sexual y reproductiva,hemorragia de la primera mitad del embarazo (< 22 sem) aborto,2019-03-01,1,0,1
30802,TOCO,salud sexual y reproductiva,hemorragia de la primera mitad del embarazo (< 22 sem) aborto,2019-03-01,2,0,2
30803,TOLATA,salud sexual y reproductiva,hemorragia de la primera mitad del embarazo (< 22 sem) aborto,2019-03-01,1,0,1
10402,TOMINA,salud sexual y reproductiva,hemorragia de la primera mitad del embarazo (< 22 sem) aborto,2019-03-01,1,0,1
31201,TOTORA(CBBA),salud sexual y reproductiva,hemorragia de la primera mitad del embarazo (< 22 sem) aborto,2019-03-01,2,0,2
80101,TRINIDAD,salud sexual y reproductiva,hemorragia de la primera mitad del embarazo (< 22 sem) aborto,2019-03-01,43,2,45
50801,TUPIZA,salud sexual y reproductiva,hemorragia de la primera mitad del embarazo (< 22 sem) aborto,2019-03-01,13,0,13
60401,URIONDO (A. CONCEPCION),salud sexual y reproductiva,hemorragia de la primera mitad del embarazo (< 22 sem) aborto,2019-03-01,1,1,2
51201,UYUNI,salud sexual y reproductiva,hemorragia de la primera mitad del embarazo (< 22 sem) aborto,2019-03-01,12,0,12
70801,VALLEGRANDE,salud sexual y reproductiva,hemorragia de la primera mitad del embarazo (< 22 sem) aborto,2019-03-01,2,0,2
60303,VILLA MONTES,salud sexual y reproductiva,hemorragia de la primera mitad del embarazo (< 22 sem) aborto,2019-03-01,0,8,8
31003,VILLA TUNARI,salud sexual y reproductiva,hemorragia de la primera mitad del embarazo (< 22 sem) aborto,2019-03-01,11,0,11
11001,VILLA VACA GUZMAN (MUYUPAMPA),salud sexual y reproductiva,hemorragia de la primera mitad del embarazo (< 22 sem) aborto,2019-03-01,1,1,2
51501,VILLAZON,salud sexual y reproductiva,hemorragia de la primera mitad del embarazo (< 22 sem) aborto,2019-03-01,7,0,7
30904,VINTO,salud sexual y reproductiva,hemorragia de la primera mitad del embarazo (< 22 sem) aborto,2019-03-01,14,0,14
70201,WARNES,salud sexual y reproductiva,hemorragia de la primera mitad del embarazo (< 22 sem) aborto,2019-03-01,1,20,21
60301,YACUIBA,salud sexual y reproductiva,hemorragia de la primera mitad del embarazo (< 22 sem) aborto,2019-03-01,1,0,1
70403,YAPACANI,salud sexual y reproductiva,hemorragia de la primera mitad del embarazo (< 22 sem) aborto,2019-03-01,12,0,12
30201,AIQUILE,salud sexual y reproductiva,hemorragia de la primera mitad del embarazo (< 22 sem) aborto,2019-04-01,6,0,6
30501,ARANI,salud sexual y reproductiva,hemorragia de la primera mitad del embarazo (< 22 sem) aborto,2019-04-01,1,0,1
30403,ARBIETO,salud sexual y reproductiva,hemorragia de la primera mitad del embarazo (< 22 sem) aborto,2019-04-01,3,0,3
71501,ASCENCION DE GUARAYOS,salud sexual y reproductiva,hemorragia de la primera mitad del embarazo (< 22 sem) aborto,2019-04-01,10,0,10
50802,ATOCHA,salud sexual y reproductiva,hemorragia de la primera mitad del embarazo (< 22 sem) aborto,2019-04-01,0,1,1
60202,BERMEJO,salud sexual y reproductiva,hemorragia de la primera mitad del embarazo (< 22 sem) aborto,2019-04-01,4,0,4
21003,CAJUATA,salud sexual y reproductiva,hemorragia de la primera mitad del embarazo (< 22 sem) aborto,2019-04-01,1,0,1
70706,CAMIRI,salud sexual y reproductiva,hemorragia de la primera mitad del embarazo (< 22 sem) aborto,2019-04-01,17,0,17
30701,CAPINOTA,salud sexual y reproductiva,hemorragia de la primera mitad del embarazo (< 22 sem) aborto,2019-04-01,3,0,3
22001,CARANAVI,salud sexual y reproductiva,hemorragia de la primera mitad del embarazo (< 22 sem) aborto,2019-04-01,25,0,25
70702,CHARAGUA,salud sexual y reproductiva,hemorragia de la primera mitad del embarazo (< 22 sem) aborto,2019-04-01,4,0,4
31204,CHIMORE,salud sexual y reproductiva,hemorragia de la primera mitad del embarazo (< 22 sem) aborto,2019-04-01,1,0,1
21101,CHULUMANI (V. DE LA LIBERTAD),salud sexual y reproductiva,hemorragia de la primera mitad del embarazo (< 22 sem) aborto,2019-04-01,8,0,8
30801,CLIZA,salud sexual y reproductiva,hemorragia de la primera mitad del embarazo (< 22 sem) aborto,2019-04-01,11,0,11
90101,COBIJA,salud sexual y reproductiva,hemorragia de la primera mitad del embarazo (< 22 sem) aborto,2019-04-01,13,0,13
30101,COCHABAMBA,salud sexual y reproductiva,hemorragia de la primera mitad del embarazo (< 22 sem) aborto,2019-04-01,162,8,170
30905,COLCAPIRHUA,salud sexual y reproductiva,hemorragia de la primera mitad del embarazo (< 22 sem) aborto,2019-04-01,3,0,3
31002,COLOMI,salud sexual y reproductiva,hemorragia de la primera mitad del embarazo (< 22 sem) aborto,2019-04-01,0,1,1
71101,CONCEPCION,salud sexual y reproductiva,hemorragia de la primera mitad del embarazo (< 22 sem) aborto,2019-04-01,4,0,4
21701,COPACABANA,salud sexual y reproductiva,hemorragia de la primera mitad del embarazo (< 22 sem) aborto,2019-04-01,1,0,1
21402,CORIPATA,salud sexual y reproductiva,hemorragia de la primera mitad del embarazo (< 22 sem) aborto,2019-04-01,0,1,1
21401,COROICO,salud sexual y reproductiva,hemorragia de la primera mitad del embarazo (< 22 sem) aborto,2019-04-01,1,0,1
70102,COTOCA,salud sexual y reproductiva,hemorragia de la primera mitad del embarazo (< 22 sem) aborto,2019-04-01,12,0,12
71106,CUATRO CAÃ‘ADAS,salud sexual y reproductiva,hemorragia de la primera mitad del embarazo (< 22 sem) aborto,2019-04-01,3,0,3
10902,CULPINA,salud sexual y reproductiva,hemorragia de la primera mitad del embarazo (< 22 sem) aborto,2019-04-01,0,1,1
20105,EL ALTO,salud sexual y reproductiva,hemorragia de la primera mitad del embarazo (< 22 sem) aborto,2019-04-01,103,3,106
70105,EL TORNO,salud sexual y reproductiva,hemorragia de la primera mitad del embarazo (< 22 sem) aborto,2019-04-01,10,0,10
31206,ENTRE RIOS CBBA,salud sexual y reproductiva,hemorragia de la primera mitad del embarazo (< 22 sem) aborto,2019-04-01,3,0,3
40701,HUANUNI,salud sexual y reproductiva,hemorragia de la primera mitad del embarazo (< 22 sem) aborto,2019-04-01,1,0,1
10703,INCAHUASI,salud sexual y reproductiva,hemorragia de la primera mitad del embarazo (< 22 sem) aborto,2019-04-01,2,1,3
21102,IRUPANA (VILLA DE LANZA),salud sexual y reproductiva,hemorragia de la primera mitad del embarazo (< 22 sem) aborto,2019-04-01,3,0,3
70104,LA GUARDIA,salud sexual y reproductiva,hemorragia de la primera mitad del embarazo (< 22 sem) aborto,2019-04-01,1,0,1
20101,LA PAZ,salud sexual y reproductiva,hemorragia de la primera mitad del embarazo (< 22 sem) aborto,2019-04-01,85,1,86
51401,LLICA,salud sexual y reproductiva,hemorragia de la primera mitad del embarazo (< 22 sem) aborto,2019-04-01,1,0,1
70903,MAIRANA,salud sexual y reproductiva,hemorragia de la primera mitad del embarazo (< 22 sem) aborto,2019-04-01,1,0,1
71003,MINEROS,salud sexual y reproductiva,hemorragia de la primera mitad del embarazo (< 22 sem) aborto,2019-04-01,0,1,1
31301,MIZQUE,salud sexual y reproductiva,hemorragia de la primera mitad del embarazo (< 22 sem) aborto,2019-04-01,5,0,5
10501,MONTEAGUDO,salud sexual y reproductiva,hemorragia de la primera mitad del embarazo (< 22 sem) aborto,2019-04-01,3,0,3
71001,MONTERO,salud sexual y reproductiva,hemorragia de la primera mitad del embarazo (< 22 sem) aborto,2019-04-01,2,0,2
30302,MOROCHATA,salud sexual y reproductiva,hemorragia de la primera mitad del embarazo (< 22 sem) aborto,2019-04-01,1,0,1
40101,ORURO,salud sexual y reproductiva,hemorragia de la primera mitad del embarazo (< 22 sem) aborto,2019-04-01,89,1,90
10401,PADILLA,salud sexual y reproductiva,hemorragia de la primera mitad del embarazo (< 22 sem) aborto,2019-04-01,2,0,2
31203,POCONA,salud sexual y reproductiva,hemorragia de la primera mitad del embarazo (< 22 sem) aborto,2019-04-01,1,0,1
51203,PORCO,salud sexual y reproductiva,hemorragia de la primera mitad del embarazo (< 22 sem) aborto,2019-04-01,0,7,7
50101,POTOSI,salud sexual y reproductiva,hemorragia de la primera mitad del embarazo (< 22 sem) aborto,2019-04-01,8,11,19
71401,PUERTO SUAREZ,salud sexual y reproductiva,hemorragia de la primera mitad del embarazo (< 22 sem) aborto,2019-04-01,7,0,7
31205,PUERTO VILLARROEL,salud sexual y reproductiva,hemorragia de la primera mitad del embarazo (< 22 sem) aborto,2019-04-01,30,0,30
31401,PUNATA,salud sexual y reproductiva,hemorragia de la primera mitad del embarazo (< 22 sem) aborto,2019-04-01,5,0,5
30901,QUILLACOLLO,salud sexual y reproductiva,hemorragia de la primera mitad del embarazo (< 22 sem) aborto,2019-04-01,9,1,10
80201,RIBERALTA,salud sexual y reproductiva,hemorragia de la primera mitad del embarazo (< 22 sem) aborto,2019-04-01,1,0,1
70503,ROBORE,salud sexual y reproductiva,hemorragia de la primera mitad del embarazo (< 22 sem) aborto,2019-04-01,5,0,5
31001,SACABA,salud sexual y reproductiva,hemorragia de la primera mitad del embarazo (< 22 sem) aborto,2019-04-01,66,0,66
30404,SACABAMBA,salud sexual y reproductiva,hemorragia de la primera mitad del embarazo (< 22 sem) aborto,2019-04-01,1,0,1
80302,SAN BORJA,salud sexual y reproductiva,hemorragia de la primera mitad del embarazo (< 22 sem) aborto,2019-04-01,12,0,12
21502,SAN BUENA VENTURA,salud sexual y reproductiva,hemorragia de la primera mitad del embarazo (< 22 sem) aborto,2019-04-01,3,0,3
70402,SAN CARLOS,salud sexual y reproductiva,hemorragia de la primera mitad del embarazo (< 22 sem) aborto,2019-04-01,10,0,10
70301,SAN IGNACIO DE VELASCO,salud sexual y reproductiva,hemorragia de la primera mitad del embarazo (< 22 sem) aborto,2019-04-01,8,1,9
71102,SAN JAVIER(STC),salud sexual y reproductiva,hemorragia de la primera mitad del embarazo (< 22 sem) aborto,2019-04-01,5,0,5
70501,SAN JOSE DE CHIQUITOS,salud sexual y reproductiva,hemorragia de la primera mitad del embarazo (< 22 sem) aborto,2019-04-01,4,0,4
71104,SAN JULIAN,salud sexual y reproductiva,hemorragia de la primera mitad del embarazo (< 22 sem) aborto,2019-04-01,1,0,1
90302,SAN LORENZO(PND),salud sexual y reproductiva,hemorragia de la primera mitad del embarazo (< 22 sem) aborto,2019-04-01,0,1,1
10702,SAN LUCAS,salud sexual y reproductiva,hemorragia de la primera mitad del embarazo (< 22 sem) aborto,2019-04-01,0,1,1
80401,SANTA ANA,salud sexual y reproductiva,hemorragia de la primera mitad del embarazo (< 22 sem) aborto,2019-04-01,8,0,8
70101,SANTA CRUZ DE LA SIERRA,salud sexual y reproductiva,hemorragia de la primera mitad del embarazo (< 22 sem) aborto,2019-04-01,298,127,425
31602,SHINAOTA,salud sexual y reproductiva,hemorragia de la primera mitad del embarazo (< 22 sem) aborto,2019-04-01,8,0,8
30902,SIPE SIPE,salud sexual y reproductiva,hemorragia de la primera mitad del embarazo (< 22 sem) aborto,2019-04-01,10,0,10
10403,SOPACHUY,salud sexual y reproductiva,hemorragia de la primera mitad del embarazo (< 22 sem) aborto,2019-04-01,1,2,3
10101,SUCRE,salud sexual y reproductiva,hemorragia de la primera mitad del embarazo (< 22 sem) aborto,2019-04-01,144,6,150
50303,TACOBAMBA,salud sexual y reproductiva,hemorragia de la primera mitad del embarazo (< 22 sem) aborto,2019-04-01,0,1,1
10601,TARABUCO,salud sexual y reproductiva,hemorragia de la primera mitad del embarazo (< 22 sem) aborto,2019-04-01,1,0,1
60101,TARIJA,salud sexual y reproductiva,hemorragia de la primera mitad del embarazo (< 22 sem) aborto,2019-04-01,50,1,51
10202,TARVITA,salud sexual y reproductiva,hemorragia de la primera mitad del embarazo (< 22 sem) aborto,2019-04-01,0,1,1
20803,TIAHUANACU,salud sexual y reproductiva,hemorragia de la primera mitad del embarazo (< 22 sem) aborto,2019-04-01,1,2,3
50102,TINGUIPAYA,salud sexual y reproductiva,hemorragia de la primera mitad del embarazo (< 22 sem) aborto,2019-04-01,0,1,1
30903,TIQUIPAYA,salud sexual y reproductiva,hemorragia de la primera mitad del embarazo (< 22 sem) aborto,2019-04-01,5,0,5
31601,TIRAQUE (CBBA),salud sexual y reproductiva,hemorragia de la primera mitad del embarazo (< 22 sem) aborto,2019-04-01,3,0,3
30803,TOLATA,salud sexual y reproductiva,hemorragia de la primera mitad del embarazo (< 22 sem) aborto,2019-04-01,3,0,3
10402,TOMINA,salud sexual y reproductiva,hemorragia de la primera mitad del embarazo (< 22 sem) aborto,2019-04-01,0,1,1
31201,TOTORA(CBBA),salud sexual y reproductiva,hemorragia de la primera mitad del embarazo (< 22 sem) aborto,2019-04-01,1,0,1
80101,TRINIDAD,salud sexual y reproductiva,hemorragia de la primera mitad del embarazo (< 22 sem) aborto,2019-04-01,40,1,41
50801,TUPIZA,salud sexual y reproductiva,hemorragia de la primera mitad del embarazo (< 22 sem) aborto,2019-04-01,12,0,12
50201,UNCIA,salud sexual y reproductiva,hemorragia de la primera mitad del embarazo (< 22 sem) aborto,2019-04-01,0,1,1
60401,URIONDO (A. CONCEPCION),salud sexual y reproductiva,hemorragia de la primera mitad del embarazo (< 22 sem) aborto,2019-04-01,1,0,1
51201,UYUNI,salud sexual y reproductiva,hemorragia de la primera mitad del embarazo (< 22 sem) aborto,2019-04-01,5,4,9
70801,VALLEGRANDE,salud sexual y reproductiva,hemorragia de la primera mitad del embarazo (< 22 sem) aborto,2019-04-01,4,0,4
20801,VIACHA,salud sexual y reproductiva,hemorragia de la primera mitad del embarazo (< 22 sem) aborto,2019-04-01,0,1,1
60303,VILLA MONTES,salud sexual y reproductiva,hemorragia de la primera mitad del embarazo (< 22 sem) aborto,2019-04-01,0,2,2
31003,VILLA TUNARI,salud sexual y reproductiva,hemorragia de la primera mitad del embarazo (< 22 sem) aborto,2019-04-01,7,1,8
51501,VILLAZON,salud sexual y reproductiva,hemorragia de la primera mitad del embarazo (< 22 sem) aborto,2019-04-01,7,0,7
30904,VINTO,salud sexual y reproductiva,hemorragia de la primera mitad del embarazo (< 22 sem) aborto,2019-04-01,8,0,8
70201,WARNES,salud sexual y reproductiva,hemorragia de la primera mitad del embarazo (< 22 sem) aborto,2019-04-01,2,17,19
70403,YAPACANI,salud sexual y reproductiva,hemorragia de la primera mitad del embarazo (< 22 sem) aborto,2019-04-01,10,0,10
20201,ACHACACHI,salud sexual y reproductiva,hemorragia de la primera mitad del embarazo (< 22 sem) aborto,2019-05-01,1,0,1
30201,AIQUILE,salud sexual y reproductiva,hemorragia de la primera mitad del embarazo (< 22 sem) aborto,2019-05-01,7,0,7
30402,ANZALDO,salud sexual y reproductiva,hemorragia de la primera mitad del embarazo (< 22 sem) aborto,2019-05-01,1,0,1
30403,ARBIETO,salud sexual y reproductiva,hemorragia de la primera mitad del embarazo (< 22 sem) aborto,2019-05-01,3,0,3
71501,ASCENCION DE GUARAYOS,salud sexual y reproductiva,hemorragia de la primera mitad del embarazo (< 22 sem) aborto,2019-05-01,2,0,2
50802,ATOCHA,salud sexual y reproductiva,hemorragia de la primera mitad del embarazo (< 22 sem) aborto,2019-05-01,0,3,3
30301,AYOPAYA (V. DE INDEPENDENCIA),salud sexual y reproductiva,hemorragia de la primera mitad del embarazo (< 22 sem) aborto,2019-05-01,1,0,1
60202,BERMEJO,salud sexual y reproductiva,hemorragia de la primera mitad del embarazo (< 22 sem) aborto,2019-05-01,1,0,1
50301,BETANZOS,salud sexual y reproductiva,hemorragia de la primera mitad del embarazo (< 22 sem) aborto,2019-05-01,0,1,1
51102,"CAIZA ""D""",salud sexual y reproductiva,hemorragia de la primera mitad del embarazo (< 22 sem) aborto,2019-05-01,0,1,1
10701,CAMARGO,salud sexual y reproductiva,hemorragia de la primera mitad del embarazo (< 22 sem) aborto,2019-05-01,1,0,1
70706,CAMIRI,salud sexual y reproductiva,hemorragia de la primera mitad del embarazo (< 22 sem) aborto,2019-05-01,14,0,14
30701,CAPINOTA,salud sexual y reproductiva,hemorragia de la primera mitad del embarazo (< 22 sem) aborto,2019-05-01,4,0,4
22001,CARANAVI,salud sexual y reproductiva,hemorragia de la primera mitad del embarazo (< 22 sem) aborto,2019-05-01,22,0,22
50302,CHAQUI,salud sexual y reproductiva,hemorragia de la primera mitad del embarazo (< 22 sem) aborto,2019-05-01,1,0,1
31204,CHIMORE,salud sexual y reproductiva,hemorragia de la primera mitad del embarazo (< 22 sem) aborto,2019-05-01,4,0,4
21101,CHULUMANI (V. DE LA LIBERTAD),salud sexual y reproductiva,hemorragia de la primera mitad del embarazo (< 22 sem) aborto,2019-05-01,4,0,4
30801,CLIZA,salud sexual y reproductiva,hemorragia de la primera mitad del embarazo (< 22 sem) aborto,2019-05-01,11,0,11
90101,COBIJA,salud sexual y reproductiva,hemorragia de la primera mitad del embarazo (< 22 sem) aborto,2019-05-01,16,0,16
30303,COCAPATA,salud sexual y reproductiva,hemorragia de la primera mitad del embarazo (< 22 sem) aborto,2019-05-01,0,1,1
30101,COCHABAMBA,salud sexual y reproductiva,hemorragia de la primera mitad del embarazo (< 22 sem) aborto,2019-05-01,202,4,206
30905,COLCAPIRHUA,salud sexual y reproductiva,hemorragia de la primera mitad del embarazo (< 22 sem) aborto,2019-05-01,4,0,4
50901,"COLCHA ""K""",salud sexual y reproductiva,hemorragia de la primera mitad del embarazo (< 22 sem) aborto,2019-05-01,1,0,1
31002,COLOMI,salud sexual y reproductiva,hemorragia de la primera mitad del embarazo (< 22 sem) aborto,2019-05-01,3,1,4
21004,COLQUIRI,salud sexual y reproductiva,hemorragia de la primera mitad del embarazo (< 22 sem) aborto,2019-05-01,1,0,1
71301,COMARAPA,salud sexual y reproductiva,hemorragia de la primera mitad del embarazo (< 22 sem) aborto,2019-05-01,5,1,6
71101,CONCEPCION,salud sexual y reproductiva,hemorragia de la primera mitad del embarazo (< 22 sem) aborto,2019-05-01,7,0,7
21401,COROICO,salud sexual y reproductiva,hemorragia de la primera mitad del embarazo (< 22 sem) aborto,2019-05-01,2,0,2
70102,COTOCA,salud sexual y reproductiva,hemorragia de la primera mitad del embarazo (< 22 sem) aborto,2019-05-01,5,0,5
71106,CUATRO CAÃ‘ADAS,salud sexual y reproductiva,hemorragia de la primera mitad del embarazo (< 22 sem) aborto,2019-05-01,3,0,3
10902,CULPINA,salud sexual y reproductiva,hemorragia de la primera mitad del embarazo (< 22 sem) aborto,2019-05-01,0,1,1
20804,DESAGUADERO,salud sexual y reproductiva,hemorragia de la primera mitad del embarazo (< 22 sem) aborto,2019-05-01,0,1,1
20105,EL ALTO,salud sexual y reproductiva,hemorragia de la primera mitad del embarazo (< 22 sem) aborto,2019-05-01,164,10,174
70105,EL TORNO,salud sexual y reproductiva,hemorragia de la primera mitad del embarazo (< 22 sem) aborto,2019-05-01,21,0,21
31206,ENTRE RIOS CBBA,salud sexual y reproductiva,hemorragia de la primera mitad del embarazo (< 22 sem) aborto,2019-05-01,4,0,4
40701,HUANUNI,salud sexual y reproductiva,hemorragia de la primera mitad del embarazo (< 22 sem) aborto,2019-05-01,4,0,4
10703,INCAHUASI,salud sexual y reproductiva,hemorragia de la primera mitad del embarazo (< 22 sem) aborto,2019-05-01,1,1,2
70104,LA GUARDIA,salud sexual y reproductiva,hemorragia de la primera mitad del embarazo (< 22 sem) aborto,2019-05-01,3,2,5
20101,LA PAZ,salud sexual y reproductiva,hemorragia de la primera mitad del embarazo (< 22 sem) aborto,2019-05-01,152,9,161
40702,MACHACAMARCA,salud sexual y reproductiva,hemorragia de la primera mitad del embarazo (< 22 sem) aborto,2019-05-01,2,0,2
31301,MIZQUE,salud sexual y reproductiva,hemorragia de la primera mitad del embarazo (< 22 sem) aborto,2019-05-01,4,0,4
10501,MONTEAGUDO,salud sexual y reproductiva,hemorragia de la primera mitad del embarazo (< 22 sem) aborto,2019-05-01,5,0,5
71001,MONTERO,salud sexual y reproductiva,hemorragia de la primera mitad del embarazo (< 22 sem) aborto,2019-05-01,5,2,7
30203,OMEREQUE,salud sexual y reproductiva,hemorragia de la primera mitad del embarazo (< 22 sem) aborto,2019-05-01,1,0,1
40101,ORURO,salud sexual y reproductiva,hemorragia de la primera mitad del embarazo (< 22 sem) aborto,2019-05-01,55,8,63
10401,PADILLA,salud sexual y reproductiva,hemorragia de la primera mitad del embarazo (< 22 sem) aborto,2019-05-01,7,0,7
70502,PAILON,salud sexual y reproductiva,hemorragia de la primera mitad del embarazo (< 22 sem) aborto,2019-05-01,0,1,1
21104,PALOS BLANCOS,salud sexual y reproductiva,hemorragia de la primera mitad del embarazo (< 22 sem) aborto,2019-05-01,2,0,2
31202,POJO (CBBA),salud sexual y reproductiva,hemorragia de la primera mitad del embarazo (< 22 sem) aborto,2019-05-01,0,1,1
50101,POTOSI,salud sexual y reproductiva,hemorragia de la primera mitad del embarazo (< 22 sem) aborto,2019-05-01,17,2,19
90201,PUERTO RICO,salud sexual y reproductiva,hemorragia de la primera mitad del embarazo (< 22 sem) aborto,2019-05-01,1,0,1
71401,PUERTO SUAREZ,salud sexual y reproductiva,hemorragia de la primera mitad del embarazo (< 22 sem) aborto,2019-05-01,5,0,5
31205,PUERTO VILLARROEL,salud sexual y reproductiva,hemorragia de la primera mitad del embarazo (< 22 sem) aborto,2019-05-01,3,1,4
31401,PUNATA,salud sexual y reproductiva,hemorragia de la primera mitad del embarazo (< 22 sem) aborto,2019-05-01,13,0,13
30901,QUILLACOLLO,salud sexual y reproductiva,hemorragia de la primera mitad del embarazo (< 22 sem) aborto,2019-05-01,11,0,11
80201,RIBERALTA,salud sexual y reproductiva,hemorragia de la primera mitad del embarazo (< 22 sem) aborto,2019-05-01,4,0,4
70503,ROBORE,salud sexual y reproductiva,hemorragia de la primera mitad del embarazo (< 22 sem) aborto,2019-05-01,3,0,3
31001,SACABA,salud sexual y reproductiva,hemorragia de la primera mitad del embarazo (< 22 sem) aborto,2019-05-01,65,4,69
40801,SALINAS DE GARCI MENDOZA,salud sexual y reproductiva,hemorragia de la primera mitad del embarazo (< 22 sem) aborto,2019-05-01,1,0,1
31403,SAN BENITO,salud sexual y reproductiva,hemorragia de la primera mitad del embarazo (< 22 sem) aborto,2019-05-01,1,0,1
80302,SAN BORJA,salud sexual y reproductiva,hemorragia de la primera mitad del embarazo (< 22 sem) aborto,2019-05-01,10,0,10
21502,SAN BUENA VENTURA,salud sexual y reproductiva,hemorragia de la primera mitad del embarazo (< 22 sem) aborto,2019-05-01,1,0,1
70402,SAN CARLOS,salud sexual y reproductiva,hemorragia de la primera mitad del embarazo (< 22 sem) aborto,2019-05-01,7,0,7
80501,SAN IGNACIO,salud sexual y reproductiva,hemorragia de la primera mitad del embarazo (< 22 sem) aborto,2019-05-01,1,0,1
70301,SAN IGNACIO DE VELASCO,salud sexual y reproductiva,hemorragia de la primera mitad del embarazo (< 22 sem) aborto,2019-05-01,8,0,8
71102,SAN JAVIER(STC),salud sexual y reproductiva,hemorragia de la primera mitad del embarazo (< 22 sem) aborto,2019-05-01,2,0,2
70501,SAN JOSE DE CHIQUITOS,salud sexual y reproductiva,hemorragia de la primera mitad del embarazo (< 22 sem) aborto,2019-05-01,4,0,4
71104,SAN JULIAN,salud sexual y reproductiva,hemorragia de la primera mitad del embarazo (< 22 sem) aborto,2019-05-01,4,0,4
10702,SAN LUCAS,salud sexual y reproductiva,hemorragia de la primera mitad del embarazo (< 22 sem) aborto,2019-05-01,0,2,2
71201,SAN MATIAS,salud sexual y reproductiva,hemorragia de la primera mitad del embarazo (< 22 sem) aborto,2019-05-01,0,2,2
80702,SAN RAMON BENI,salud sexual y reproductiva,hemorragia de la primera mitad del embarazo (< 22 sem) aborto,2019-05-01,1,0,1
80401,SANTA ANA,salud sexual y reproductiva,hemorragia de la primera mitad del embarazo (< 22 sem) aborto,2019-05-01,7,0,7
70101,SANTA CRUZ DE LA SIERRA,salud sexual y reproductiva,hemorragia de la primera mitad del embarazo (< 22 sem) aborto,2019-05-01,371,133,504
41401,SANTIAGO DE HUARI,salud sexual y reproductiva,hemorragia de la primera mitad del embarazo (< 22 sem) aborto,2019-05-01,0,1,1
20902,SAPAHAQUI,salud sexual y reproductiva,hemorragia de la primera mitad del embarazo (< 22 sem) aborto,2019-05-01,1,0,1
31602,SHINAOTA,salud sexual y reproductiva,hemorragia de la primera mitad del embarazo (< 22 sem) aborto,2019-05-01,10,0,10
30902,SIPE SIPE,salud sexual y reproductiva,hemorragia de la primera mitad del embarazo (< 22 sem) aborto,2019-05-01,11,0,11
10101,SUCRE,salud sexual y reproductiva,hemorragia de la primera mitad del embarazo (< 22 sem) aborto,2019-05-01,148,14,162
50303,TACOBAMBA,salud sexual y reproductiva,hemorragia de la primera mitad del embarazo (< 22 sem) aborto,2019-05-01,0,1,1
10601,TARABUCO,salud sexual y reproductiva,hemorragia de la primera mitad del embarazo (< 22 sem) aborto,2019-05-01,1,0,1
30401,TARATA,salud sexual y reproductiva,hemorragia de la primera mitad del embarazo (< 22 sem) aborto,2019-05-01,1,0,1
60101,TARIJA,salud sexual y reproductiva,hemorragia de la primera mitad del embarazo (< 22 sem) aborto,2019-05-01,64,1,65
10202,TARVITA,salud sexual y reproductiva,hemorragia de la primera mitad del embarazo (< 22 sem) aborto,2019-05-01,0,1,1
50102,TINGUIPAYA,salud sexual y reproductiva,hemorragia de la primera mitad del embarazo (< 22 sem) aborto,2019-05-01,0,1,1
30903,TIQUIPAYA,salud sexual y reproductiva,hemorragia de la primera mitad del embarazo (< 22 sem) aborto,2019-05-01,3,0,3
10402,TOMINA,salud sexual y reproductiva,hemorragia de la primera mitad del embarazo (< 22 sem) aborto,2019-05-01,1,0,1
31201,TOTORA(CBBA),salud sexual y reproductiva,hemorragia de la primera mitad del embarazo (< 22 sem) aborto,2019-05-01,0,2,2
80101,TRINIDAD,salud sexual y reproductiva,hemorragia de la primera mitad del embarazo (< 22 sem) aborto,2019-05-01,52,0,52
50801,TUPIZA,salud sexual y reproductiva,hemorragia de la primera mitad del embarazo (< 22 sem) aborto,2019-05-01,19,0,19
50201,UNCIA,salud sexual y reproductiva,hemorragia de la primera mitad del embarazo (< 22 sem) aborto,2019-05-01,0,1,1
51201,UYUNI,salud sexual y reproductiva,hemorragia de la primera mitad del embarazo (< 22 sem) aborto,2019-05-01,9,0,9
70801,VALLEGRANDE,salud sexual y reproductiva,hemorragia de la primera mitad del embarazo (< 22 sem) aborto,2019-05-01,1,0,1
60303,VILLA MONTES,salud sexual y reproductiva,hemorragia de la primera mitad del embarazo (< 22 sem) aborto,2019-05-01,0,8,8
31003,VILLA TUNARI,salud sexual y reproductiva,hemorragia de la primera mitad del embarazo (< 22 sem) aborto,2019-05-01,6,0,6
51501,VILLAZON,salud sexual y reproductiva,hemorragia de la primera mitad del embarazo (< 22 sem) aborto,2019-05-01,14,0,14
30904,VINTO,salud sexual y reproductiva,hemorragia de la primera mitad del embarazo (< 22 sem) aborto,2019-05-01,3,6,9
70201,WARNES,salud sexual y reproductiva,hemorragia de la primera mitad del embarazo (< 22 sem) aborto,2019-05-01,0,19,19
70403,YAPACANI,salud sexual y reproductiva,hemorragia de la primera mitad del embarazo (< 22 sem) aborto,2019-05-01,17,0,17
10102,YOTALA,salud sexual y reproductiva,hemorragia de la primera mitad del embarazo (< 22 sem) aborto,2019-05-01,2,0,2
20201,ACHACACHI,salud sexual y reproductiva,hemorragia de la primera mitad del embarazo (< 22 sem) aborto,2019-06-01,1,0,1
30201,AIQUILE,salud sexual y reproductiva,hemorragia de la primera mitad del embarazo (< 22 sem) aborto,2019-06-01,7,0,7
30403,ARBIETO,salud sexual y reproductiva,hemorragia de la primera mitad del embarazo (< 22 sem) aborto,2019-06-01,1,0,1
71501,ASCENCION DE GUARAYOS,salud sexual y reproductiva,hemorragia de la primera mitad del embarazo (< 22 sem) aborto,2019-06-01,17,0,17
30301,AYOPAYA (V. DE INDEPENDENCIA),salud sexual y reproductiva,hemorragia de la primera mitad del embarazo (< 22 sem) aborto,2019-06-01,2,0,2
21003,CAJUATA,salud sexual y reproductiva,hemorragia de la primera mitad del embarazo (< 22 sem) aborto,2019-06-01,1,0,1
10701,CAMARGO,salud sexual y reproductiva,hemorragia de la primera mitad del embarazo (< 22 sem) aborto,2019-06-01,2,0,2
70706,CAMIRI,salud sexual y reproductiva,hemorragia de la primera mitad del embarazo (< 22 sem) aborto,2019-06-01,6,0,6
30701,CAPINOTA,salud sexual y reproductiva,hemorragia de la primera mitad del embarazo (< 22 sem) aborto,2019-06-01,6,0,6
22001,CARANAVI,salud sexual y reproductiva,hemorragia de la primera mitad del embarazo (< 22 sem) aborto,2019-06-01,21,0,21
50702,CARIPUYO,salud sexual y reproductiva,hemorragia de la primera mitad del embarazo (< 22 sem) aborto,2019-06-01,0,1,1
40201,CHALLAPATA,salud sexual y reproductiva,hemorragia de la primera mitad del embarazo (< 22 sem) aborto,2019-06-01,1,0,1
50302,CHAQUI,salud sexual y reproductiva,hemorragia de la primera mitad del embarazo (< 22 sem) aborto,2019-06-01,1,0,1
70702,CHARAGUA,salud sexual y reproductiva,hemorragia de la primera mitad del embarazo (< 22 sem) aborto,2019-06-01,1,0,1
31204,CHIMORE,salud sexual y reproductiva,hemorragia de la primera mitad del embarazo (< 22 sem) aborto,2019-06-01,4,1,5
30801,CLIZA,salud sexual y reproductiva,hemorragia de la primera mitad del embarazo (< 22 sem) aborto,2019-06-01,12,0,12
90101,COBIJA,salud sexual y reproductiva,hemorragia de la primera mitad del embarazo (< 22 sem) aborto,2019-06-01,16,0,16
30101,COCHABAMBA,salud sexual y reproductiva,hemorragia de la primera mitad del embarazo (< 22 sem) aborto,2019-06-01,174,8,182
30905,COLCAPIRHUA,salud sexual y reproductiva,hemorragia de la primera mitad del embarazo (< 22 sem) aborto,2019-06-01,2,0,2
31002,COLOMI,salud sexual y reproductiva,hemorragia de la primera mitad del embarazo (< 22 sem) aborto,2019-06-01,2,0,2
21004,COLQUIRI,salud sexual y reproductiva,hemorragia de la primera mitad del embarazo (< 22 sem) aborto,2019-06-01,1,0,1
71301,COMARAPA,salud sexual y reproductiva,hemorragia de la primera mitad del embarazo (< 22 sem) aborto,2019-06-01,0,3,3
71101,CONCEPCION,salud sexual y reproductiva,hemorragia de la primera mitad del embarazo (< 22 sem) aborto,2019-06-01,3,0,3
21401,COROICO,salud sexual y reproductiva,hemorragia de la primera mitad del embarazo (< 22 sem) aborto,2019-06-01,1,0,1
70102,COTOCA,salud sexual y reproductiva,hemorragia de la primera mitad del embarazo (< 22 sem) aborto,2019-06-01,11,0,11
71106,CUATRO CAÃ‘ADAS,salud sexual y reproductiva,hemorragia de la primera mitad del embarazo (< 22 sem) aborto,2019-06-01,1,1,2
10902,CULPINA,salud sexual y reproductiva,hemorragia de la primera mitad del embarazo (< 22 sem) aborto,2019-06-01,0,2,2
20105,EL ALTO,salud sexual y reproductiva,hemorragia de la primera mitad del embarazo (< 22 sem) aborto,2019-06-01,112,3,115
71503,EL PUENTE(STC),salud sexual y reproductiva,hemorragia de la primera mitad del embarazo (< 22 sem) aborto,2019-06-01,1,0,1
70105,EL TORNO,salud sexual y reproductiva,hemorragia de la primera mitad del embarazo (< 22 sem) aborto,2019-06-01,17,0,17
31206,ENTRE RIOS CBBA,salud sexual y reproductiva,hemorragia de la primera mitad del embarazo (< 22 sem) aborto,2019-06-01,3,0,3
80202,GUAYARAMERIN,salud sexual y reproductiva,hemorragia de la primera mitad del embarazo (< 22 sem) aborto,2019-06-01,1,0,1
40701,HUANUNI,salud sexual y reproductiva,hemorragia de la primera mitad del embarazo (< 22 sem) aborto,2019-06-01,1,0,1
21001,INQUISIVI,salud sexual y reproductiva,hemorragia de la primera mitad del embarazo (< 22 sem) aborto,2019-06-01,1,0,1
21102,IRUPANA (VILLA DE LANZA),salud sexual y reproductiva,hemorragia de la primera mitad del embarazo (< 22 sem) aborto,2019-06-01,1,2,3
70104,LA GUARDIA,salud sexual y reproductiva,hemorragia de la primera mitad del embarazo (< 22 sem) aborto,2019-06-01,3,0,3
20101,LA PAZ,salud sexual y reproductiva,hemorragia de la primera mitad del embarazo (< 22 sem) aborto,2019-06-01,120,3,123
11003,MACHARETI,salud sexual y reproductiva,hemorragia de la primera mitad del embarazo (< 22 sem) aborto,2019-06-01,1,0,1
70903,MAIRANA,salud sexual y reproductiva,hemorragia de la primera mitad del embarazo (< 22 sem) aborto,2019-06-01,1,0,1
31301,MIZQUE,salud sexual y reproductiva,hemorragia de la primera mitad del embarazo (< 22 sem) aborto,2019-06-01,2,0,2
10501,MONTEAGUDO,salud sexual y reproductiva,hemorragia de la primera mitad del embarazo (< 22 sem) aborto,2019-06-01,3,0,3
71001,MONTERO,salud sexual y reproductiva,hemorragia de la primera mitad del embarazo (< 22 sem) aborto,2019-06-01,0,5,5
40101,ORURO,salud sexual y reproductiva,hemorragia de la primera mitad del embarazo (< 22 sem) aborto,2019-06-01,60,1,61
10401,PADILLA,salud sexual y reproductiva,hemorragia de la primera mitad del embarazo (< 22 sem) aborto,2019-06-01,4,0,4
70502,PAILON,salud sexual y reproductiva,hemorragia de la primera mitad del embarazo (< 22 sem) aborto,2019-06-01,4,0,4
21104,PALOS BLANCOS,salud sexual y reproductiva,hemorragia de la primera mitad del embarazo (< 22 sem) aborto,2019-06-01,1,1,2
51203,PORCO,salud sexual y reproductiva,hemorragia de la primera mitad del embarazo (< 22 sem) aborto,2019-06-01,1,0,1
50101,POTOSI,salud sexual y reproductiva,hemorragia de la primera mitad del embarazo (< 22 sem) aborto,2019-06-01,16,0,16
31205,PUERTO VILLARROEL,salud sexual y reproductiva,hemorragia de la primera mitad del embarazo (< 22 sem) aborto,2019-06-01,17,0,17
31401,PUNATA,salud sexual y reproductiva,hemorragia de la primera mitad del embarazo (< 22 sem) aborto,2019-06-01,19,0,19
30901,QUILLACOLLO,salud sexual y reproductiva,hemorragia de la primera mitad del embarazo (< 22 sem) aborto,2019-06-01,10,0,10
80201,RIBERALTA,salud sexual y reproductiva,hemorragia de la primera mitad del embarazo (< 22 sem) aborto,2019-06-01,1,0,1
70503,ROBORE,salud sexual y reproductiva,hemorragia de la primera mitad del embarazo (< 22 sem) aborto,2019-06-01,2,0,2
80304,RURRENABAQUE,salud sexual y reproductiva,hemorragia de la primera mitad del embarazo (< 22 sem) aborto,2019-06-01,0,6,6
31001,SACABA,salud sexual y reproductiva,hemorragia de la primera mitad del embarazo (< 22 sem) aborto,2019-06-01,63,3,66
80302,SAN BORJA,salud sexual y reproductiva,hemorragia de la primera mitad del embarazo (< 22 sem) aborto,2019-06-01,13,0,13
21502,SAN BUENA VENTURA,salud sexual y reproductiva,hemorragia de la primera mitad del embarazo (< 22 sem) aborto,2019-06-01,2,0,2
70402,SAN CARLOS,salud sexual y reproductiva,hemorragia de la primera mitad del embarazo (< 22 sem) aborto,2019-06-01,3,0,3
70301,SAN IGNACIO DE VELASCO,salud sexual y reproductiva,hemorragia de la primera mitad del embarazo (< 22 sem) aborto,2019-06-01,6,0,6
71102,SAN JAVIER(STC),salud sexual y reproductiva,hemorragia de la primera mitad del embarazo (< 22 sem) aborto,2019-06-01,4,0,4
70501,SAN JOSE DE CHIQUITOS,salud sexual y reproductiva,hemorragia de la primera mitad del embarazo (< 22 sem) aborto,2019-06-01,3,0,3
71104,SAN JULIAN,salud sexual y reproductiva,hemorragia de la primera mitad del embarazo (< 22 sem) aborto,2019-06-01,5,0,5
60501,SAN LORENZO(TJA),salud sexual y reproductiva,hemorragia de la primera mitad del embarazo (< 22 sem) aborto,2019-06-01,1,0,1
71201,SAN MATIAS,salud sexual y reproductiva,hemorragia de la primera mitad del embarazo (< 22 sem) aborto,2019-06-01,0,3,3
71005,SAN PEDRO,salud sexual y reproductiva,hemorragia de la primera mitad del embarazo (< 22 sem) aborto,2019-06-01,2,0,2
80401,SANTA ANA,salud sexual y reproductiva,hemorragia de la primera mitad del embarazo (< 22 sem) aborto,2019-06-01,5,0,5
70101,SANTA CRUZ DE LA SIERRA,salud sexual y reproductiva,hemorragia de la primera mitad del embarazo (< 22 sem) aborto,2019-06-01,307,49,356
90303,SENA,salud sexual y reproductiva,hemorragia de la primera mitad del embarazo (< 22 sem) aborto,2019-06-01,0,1,1
31602,SHINAOTA,salud sexual y reproductiva,hemorragia de la primera mitad del embarazo (< 22 sem) aborto,2019-06-01,12,0,12
30902,SIPE SIPE,salud sexual y reproductiva,hemorragia de la primera mitad del embarazo (< 22 sem) aborto,2019-06-01,2,0,2
10403,SOPACHUY,salud sexual y reproductiva,hemorragia de la primera mitad del embarazo (< 22 sem) aborto,2019-06-01,1,0,1
40104,SORACACHI,salud sexual y reproductiva,hemorragia de la primera mitad del embarazo (< 22 sem) aborto,2019-06-01,1,0,1
10101,SUCRE,salud sexual y reproductiva,hemorragia de la primera mitad del embarazo (< 22 sem) aborto,2019-06-01,127,5,132
60101,TARIJA,salud sexual y reproductiva,hemorragia de la primera mitad del embarazo (< 22 sem) aborto,2019-06-01,55,0,55
30903,TIQUIPAYA,salud sexual y reproductiva,hemorragia de la primera mitad del embarazo (< 22 sem) aborto,2019-06-01,3,0,3
31601,TIRAQUE (CBBA),salud sexual y reproductiva,hemorragia de la primera mitad del embarazo (< 22 sem) aborto,2019-06-01,1,0,1
31201,TOTORA(CBBA),salud sexual y reproductiva,hemorragia de la primera mitad del embarazo (< 22 sem) aborto,2019-06-01,5,0,5
80101,TRINIDAD,salud sexual y reproductiva,hemorragia de la primera mitad del embarazo (< 22 sem) aborto,2019-06-01,33,2,35
50801,TUPIZA,salud sexual y reproductiva,hemorragia de la primera mitad del embarazo (< 22 sem) aborto,2019-06-01,19,0,19
40402,TURCO,salud sexual y reproductiva,hemorragia de la primera mitad del embarazo (< 22 sem) aborto,2019-06-01,1,0,1
50201,UNCIA,salud sexual y reproductiva,hemorragia de la primera mitad del embarazo (< 22 sem) aborto,2019-06-01,1,0,1
60401,URIONDO (A. CONCEPCION),salud sexual y reproductiva,hemorragia de la primera mitad del embarazo (< 22 sem) aborto,2019-06-01,1,0,1
51201,UYUNI,salud sexual y reproductiva,hemorragia de la primera mitad del embarazo (< 22 sem) aborto,2019-06-01,3,2,5
30502,VACAS,salud sexual y reproductiva,hemorragia de la primera mitad del embarazo (< 22 sem) aborto,2019-06-01,1,0,1
70801,VALLEGRANDE,salud sexual y reproductiva,hemorragia de la primera mitad del embarazo (< 22 sem) aborto,2019-06-01,4,0,4
20801,VIACHA,salud sexual y reproductiva,hemorragia de la primera mitad del embarazo (< 22 sem) aborto,2019-06-01,2,1,3
60303,VILLA MONTES,salud sexual y reproductiva,hemorragia de la primera mitad del embarazo (< 22 sem) aborto,2019-06-01,0,7,7
31003,VILLA TUNARI,salud sexual y reproductiva,hemorragia de la primera mitad del embarazo (< 22 sem) aborto,2019-06-01,5,0,5
51501,VILLAZON,salud sexual y reproductiva,hemorragia de la primera mitad del embarazo (< 22 sem) aborto,2019-06-01,7,0,7
30904,VINTO,salud sexual y reproductiva,hemorragia de la primera mitad del embarazo (< 22 sem) aborto,2019-06-01,0,3,3
70201,WARNES,salud sexual y reproductiva,hemorragia de la primera mitad del embarazo (< 22 sem) aborto,2019-06-01,0,23,23
60301,YACUIBA,salud sexual y reproductiva,hemorragia de la primera mitad del embarazo (< 22 sem) aborto,2019-06-01,2,0,2
70403,YAPACANI,salud sexual y reproductiva,hemorragia de la primera mitad del embarazo (< 22 sem) aborto,2019-06-01,17,0,17
20201,ACHACACHI,salud sexual y reproductiva,hemorragia de la primera mitad del embarazo (< 22 sem) aborto,2019-07-01,2,0,2
20104,ACHOCALLA,salud sexual y reproductiva,hemorragia de la primera mitad del embarazo (< 22 sem) aborto,2019-07-01,0,1,1
30201,AIQUILE,salud sexual y reproductiva,hemorragia de la primera mitad del embarazo (< 22 sem) aborto,2019-07-01,8,0,8
30403,ARBIETO,salud sexual y reproductiva,hemorragia de la primera mitad del embarazo (< 22 sem) aborto,2019-07-01,1,0,1
71501,ASCENCION DE GUARAYOS,salud sexual y reproductiva,hemorragia de la primera mitad del embarazo (< 22 sem) aborto,2019-07-01,10,0,10
20503,AUCAPATA,salud sexual y reproductiva,hemorragia de la primera mitad del embarazo (< 22 sem) aborto,2019-07-01,0,1,1
30301,AYOPAYA (V. DE INDEPENDENCIA),salud sexual y reproductiva,hemorragia de la primera mitad del embarazo (< 22 sem) aborto,2019-07-01,2,0,2
60202,BERMEJO,salud sexual y reproductiva,hemorragia de la primera mitad del embarazo (< 22 sem) aborto,2019-07-01,1,0,1
50301,BETANZOS,salud sexual y reproductiva,hemorragia de la primera mitad del embarazo (< 22 sem) aborto,2019-07-01,1,0,1
20905,CAIROMA,salud sexual y reproductiva,hemorragia de la primera mitad del embarazo (< 22 sem) aborto,2019-07-01,1,0,1
21003,CAJUATA,salud sexual y reproductiva,hemorragia de la primera mitad del embarazo (< 22 sem) aborto,2019-07-01,1,0,1
10701,CAMARGO,salud sexual y reproductiva,hemorragia de la primera mitad del embarazo (< 22 sem) aborto,2019-07-01,4,0,4
70706,CAMIRI,salud sexual y reproductiva,hemorragia de la primera mitad del embarazo (< 22 sem) aborto,2019-07-01,16,0,16
30701,CAPINOTA,salud sexual y reproductiva,hemorragia de la primera mitad del embarazo (< 22 sem) aborto,2019-07-01,7,0,7
22001,CARANAVI,salud sexual y reproductiva,hemorragia de la primera mitad del embarazo (< 22 sem) aborto,2019-07-01,27,0,27
40201,CHALLAPATA,salud sexual y reproductiva,hemorragia de la primera mitad del embarazo (< 22 sem) aborto,2019-07-01,1,0,1
70702,CHARAGUA,salud sexual y reproductiva,hemorragia de la primera mitad del embarazo (< 22 sem) aborto,2019-07-01,5,0,5
31204,CHIMORE,salud sexual y reproductiva,hemorragia de la primera mitad del embarazo (< 22 sem) aborto,2019-07-01,4,0,4
21101,CHULUMANI (V. DE LA LIBERTAD),salud sexual y reproductiva,hemorragia de la primera mitad del embarazo (< 22 sem) aborto,2019-07-01,3,0,3
30801,CLIZA,salud sexual y reproductiva,hemorragia de la primera mitad del embarazo (< 22 sem) aborto,2019-07-01,2,0,2
90101,COBIJA,salud sexual y reproductiva,hemorragia de la primera mitad del embarazo (< 22 sem) aborto,2019-07-01,12,0,12
30303,COCAPATA,salud sexual y reproductiva,hemorragia de la primera mitad del embarazo (< 22 sem) aborto,2019-07-01,0,1,1
30101,COCHABAMBA,salud sexual y reproductiva,hemorragia de la primera mitad del embarazo (< 22 sem) aborto,2019-07-01,109,8,117
30905,COLCAPIRHUA,salud sexual y reproductiva,hemorragia de la primera mitad del embarazo (< 22 sem) aborto,2019-07-01,3,1,4
31002,COLOMI,salud sexual y reproductiva,hemorragia de la primera mitad del embarazo (< 22 sem) aborto,2019-07-01,0,1,1
71301,COMARAPA,salud sexual y reproductiva,hemorragia de la primera mitad del embarazo (< 22 sem) aborto,2019-07-01,4,0,4
71101,CONCEPCION,salud sexual y reproductiva,hemorragia de la primera mitad del embarazo (< 22 sem) aborto,2019-07-01,8,0,8
21401,COROICO,salud sexual y reproductiva,hemorragia de la primera mitad del embarazo (< 22 sem) aborto,2019-07-01,1,0,1
70102,COTOCA,salud sexual y reproductiva,hemorragia de la primera mitad del embarazo (< 22 sem) aborto,2019-07-01,11,0,11
20105,EL ALTO,salud sexual y reproductiva,hemorragia de la primera mitad del embarazo (< 22 sem) aborto,2019-07-01,137,13,150
70105,EL TORNO,salud sexual y reproductiva,hemorragia de la primera mitad del embarazo (< 22 sem) aborto,2019-07-01,10,2,12
31206,ENTRE RIOS CBBA,salud sexual y reproductiva,hemorragia de la primera mitad del embarazo (< 22 sem) aborto,2019-07-01,10,0,10
21601,GRAL. J.J. PEREZ (CHARAZANI),salud sexual y reproductiva,hemorragia de la primera mitad del embarazo (< 22 sem) aborto,2019-07-01,1,0,1
80202,GUAYARAMERIN,salud sexual y reproductiva,hemorragia de la primera mitad del embarazo (< 22 sem) aborto,2019-07-01,2,0,2
40701,HUANUNI,salud sexual y reproductiva,hemorragia de la primera mitad del embarazo (< 22 sem) aborto,2019-07-01,3,0,3
21102,IRUPANA (VILLA DE LANZA),salud sexual y reproductiva,hemorragia de la primera mitad del embarazo (< 22 sem) aborto,2019-07-01,0,1,1
70104,LA GUARDIA,salud sexual y reproductiva,hemorragia de la primera mitad del embarazo (< 22 sem) aborto,2019-07-01,3,0,3
20101,LA PAZ,salud sexual y reproductiva,hemorragia de la primera mitad del embarazo (< 22 sem) aborto,2019-07-01,105,16,121
11003,MACHARETI,salud sexual y reproductiva,hemorragia de la primera mitad del embarazo (< 22 sem) aborto,2019-07-01,0,1,1
70903,MAIRANA,salud sexual y reproductiva,hemorragia de la primera mitad del embarazo (< 22 sem) aborto,2019-07-01,2,0,2
31301,MIZQUE,salud sexual y reproductiva,hemorragia de la primera mitad del embarazo (< 22 sem) aborto,2019-07-01,7,0,7
10501,MONTEAGUDO,salud sexual y reproductiva,hemorragia de la primera mitad del embarazo (< 22 sem) aborto,2019-07-01,2,0,2
71001,MONTERO,salud sexual y reproductiva,hemorragia de la primera mitad del embarazo (< 22 sem) aborto,2019-07-01,2,5,7
50404,OCURI,salud sexual y reproductiva,hemorragia de la primera mitad del embarazo (< 22 sem) aborto,2019-07-01,3,0,3
40101,ORURO,salud sexual y reproductiva,hemorragia de la primera mitad del embarazo (< 22 sem) aborto,2019-07-01,63,1,64
10401,PADILLA,salud sexual y reproductiva,hemorragia de la primera mitad del embarazo (< 22 sem) aborto,2019-07-01,13,0,13
70502,PAILON,salud sexual y reproductiva,hemorragia de la primera mitad del embarazo (< 22 sem) aborto,2019-07-01,3,0,3
21104,PALOS BLANCOS,salud sexual y reproductiva,hemorragia de la primera mitad del embarazo (< 22 sem) aborto,2019-07-01,0,1,1
31203,POCONA,salud sexual y reproductiva,hemorragia de la primera mitad del embarazo (< 22 sem) aborto,2019-07-01,3,0,3
51203,PORCO,salud sexual y reproductiva,hemorragia de la primera mitad del embarazo (< 22 sem) aborto,2019-07-01,1,1,2
50101,POTOSI,salud sexual y reproductiva,hemorragia de la primera mitad del embarazo (< 22 sem) aborto,2019-07-01,22,1,23
71401,PUERTO SUAREZ,salud sexual y reproductiva,hemorragia de la primera mitad del embarazo (< 22 sem) aborto,2019-07-01,5,0,5
31205,PUERTO VILLARROEL,salud sexual y reproductiva,hemorragia de la primera mitad del embarazo (< 22 sem) aborto,2019-07-01,43,0,43
51101,PUNA,salud sexual y reproductiva,hemorragia de la primera mitad del embarazo (< 22 sem) aborto,2019-07-01,2,0,2
31401,PUNATA,salud sexual y reproductiva,hemorragia de la primera mitad del embarazo (< 22 sem) aborto,2019-07-01,18,0,18
30901,QUILLACOLLO,salud sexual y reproductiva,hemorragia de la primera mitad del embarazo (< 22 sem) aborto,2019-07-01,10,1,11
80201,RIBERALTA,salud sexual y reproductiva,hemorragia de la primera mitad del embarazo (< 22 sem) aborto,2019-07-01,1,0,1
70503,ROBORE,salud sexual y reproductiva,hemorragia de la primera mitad del embarazo (< 22 sem) aborto,2019-07-01,4,0,4
80304,RURRENABAQUE,salud sexual y reproductiva,hemorragia de la primera mitad del embarazo (< 22 sem) aborto,2019-07-01,4,3,7
31001,SACABA,salud sexual y reproductiva,hemorragia de la primera mitad del embarazo (< 22 sem) aborto,2019-07-01,55,14,69
80302,SAN BORJA,salud sexual y reproductiva,hemorragia de la primera mitad del embarazo (< 22 sem) aborto,2019-07-01,7,0,7
21502,SAN BUENA VENTURA,salud sexual y reproductiva,hemorragia de la primera mitad del embarazo (< 22 sem) aborto,2019-07-01,1,0,1
70402,SAN CARLOS,salud sexual y reproductiva,hemorragia de la primera mitad del embarazo (< 22 sem) aborto,2019-07-01,7,1,8
80501,SAN IGNACIO,salud sexual y reproductiva,hemorragia de la primera mitad del embarazo (< 22 sem) aborto,2019-07-01,2,0,2
70301,SAN IGNACIO DE VELASCO,salud sexual y reproductiva,hemorragia de la primera mitad del embarazo (< 22 sem) aborto,2019-07-01,12,0,12
71102,SAN JAVIER(STC),salud sexual y reproductiva,hemorragia de la primera mitad del embarazo (< 22 sem) aborto,2019-07-01,2,0,2
70501,SAN JOSE DE CHIQUITOS,salud sexual y reproductiva,hemorragia de la primera mitad del embarazo (< 22 sem) aborto,2019-07-01,7,0,7
71104,SAN JULIAN,salud sexual y reproductiva,hemorragia de la primera mitad del embarazo (< 22 sem) aborto,2019-07-01,13,0,13
90302,SAN LORENZO(PND),salud sexual y reproductiva,hemorragia de la primera mitad del embarazo (< 22 sem) aborto,2019-07-01,0,1,1
10702,SAN LUCAS,salud sexual y reproductiva,hemorragia de la primera mitad del embarazo (< 22 sem) aborto,2019-07-01,0,1,1
71201,SAN MATIAS,salud sexual y reproductiva,hemorragia de la primera mitad del embarazo (< 22 sem) aborto,2019-07-01,0,5,5
70302,SAN MIGUEL DE VELASCO,salud sexual y reproductiva,hemorragia de la primera mitad del embarazo (< 22 sem) aborto,2019-07-01,4,0,4
80401,SANTA ANA,salud sexual y reproductiva,hemorragia de la primera mitad del embarazo (< 22 sem) aborto,2019-07-01,3,1,4
70101,SANTA CRUZ DE LA SIERRA,salud sexual y reproductiva,hemorragia de la primera mitad del embarazo (< 22 sem) aborto,2019-07-01,313,113,426
31602,SHINAOTA,salud sexual y reproductiva,hemorragia de la primera mitad del embarazo (< 22 sem) aborto,2019-07-01,5,0,5
30902,SIPE SIPE,salud sexual y reproductiva,hemorragia de la primera mitad del embarazo (< 22 sem) aborto,2019-07-01,5,0,5
10403,SOPACHUY,salud sexual y reproductiva,hemorragia de la primera mitad del embarazo (< 22 sem) aborto,2019-07-01,1,0,1
10101,SUCRE,salud sexual y reproductiva,hemorragia de la primera mitad del embarazo (< 22 sem) aborto,2019-07-01,172,6,178
50303,TACOBAMBA,salud sexual y reproductiva,hemorragia de la primera mitad del embarazo (< 22 sem) aborto,2019-07-01,0,1,1
30401,TARATA,salud sexual y reproductiva,hemorragia de la primera mitad del embarazo (< 22 sem) aborto,2019-07-01,2,0,2
60101,TARIJA,salud sexual y reproductiva,hemorragia de la primera mitad del embarazo (< 22 sem) aborto,2019-07-01,60,0,60
20803,TIAHUANACU,salud sexual y reproductiva,hemorragia de la primera mitad del embarazo (< 22 sem) aborto,2019-07-01,0,1,1
30903,TIQUIPAYA,salud sexual y reproductiva,hemorragia de la primera mitad del embarazo (< 22 sem) aborto,2019-07-01,3,0,3
31601,TIRAQUE (CBBA),salud sexual y reproductiva,hemorragia de la primera mitad del embarazo (< 22 sem) aborto,2019-07-01,2,0,2
21703,TITO YUPANQUI (PARQUIPUJIO),salud sexual y reproductiva,hemorragia de la primera mitad del embarazo (< 22 sem) aborto,2019-07-01,1,0,1
30803,TOLATA,salud sexual y reproductiva,hemorragia de la primera mitad del embarazo (< 22 sem) aborto,2019-07-01,1,0,1
31201,TOTORA(CBBA),salud sexual y reproductiva,hemorragia de la primera mitad del embarazo (< 22 sem) aborto,2019-07-01,1,0,1
80101,TRINIDAD,salud sexual y reproductiva,hemorragia de la primera mitad del embarazo (< 22 sem) aborto,2019-07-01,52,0,52
50801,TUPIZA,salud sexual y reproductiva,hemorragia de la primera mitad del embarazo (< 22 sem) aborto,2019-07-01,19,0,19
51201,UYUNI,salud sexual y reproductiva,hemorragia de la primera mitad del embarazo (< 22 sem) aborto,2019-07-01,10,0,10
70801,VALLEGRANDE,salud sexual y reproductiva,hemorragia de la primera mitad del embarazo (< 22 sem) aborto,2019-07-01,3,2,5
20801,VIACHA,salud sexual y reproductiva,hemorragia de la primera mitad del embarazo (< 22 sem) aborto,2019-07-01,2,0,2
60303,VILLA MONTES,salud sexual y reproductiva,hemorragia de la primera mitad del embarazo (< 22 sem) aborto,2019-07-01,0,12,12
31003,VILLA TUNARI,salud sexual y reproductiva,hemorragia de la primera mitad del embarazo (< 22 sem) aborto,2019-07-01,2,0,2
51501,VILLAZON,salud sexual y reproductiva,hemorragia de la primera mitad del embarazo (< 22 sem) aborto,2019-07-01,13,0,13
30904,VINTO,salud sexual y reproductiva,hemorragia de la primera mitad del embarazo (< 22 sem) aborto,2019-07-01,8,6,14
70201,WARNES,salud sexual y reproductiva,hemorragia de la primera mitad del embarazo (< 22 sem) aborto,2019-07-01,0,22,22
60301,YACUIBA,salud sexual y reproductiva,hemorragia de la primera mitad del embarazo (< 22 sem) aborto,2019-07-01,1,1,2
70403,YAPACANI,salud sexual y reproductiva,hemorragia de la primera mitad del embarazo (< 22 sem) aborto,2019-07-01,20,0,20
10301,ZUDAÃ‘EZ,salud sexual y reproductiva,hemorragia de la primera mitad del embarazo (< 22 sem) aborto,2019-07-01,1,0,1
20201,ACHACACHI,salud sexual y reproductiva,hemorragia de la primera mitad del embarazo (< 22 sem) aborto,2019-08-01,1,0,1
30201,AIQUILE,salud sexual y reproductiva,hemorragia de la primera mitad del embarazo (< 22 sem) aborto,2019-08-01,7,0,7
31303,ALALAY,salud sexual y reproductiva,hemorragia de la primera mitad del embarazo (< 22 sem) aborto,2019-08-01,0,1,1
30402,ANZALDO,salud sexual y reproductiva,hemorragia de la primera mitad del embarazo (< 22 sem) aborto,2019-08-01,1,1,2
30403,ARBIETO,salud sexual y reproductiva,hemorragia de la primera mitad del embarazo (< 22 sem) aborto,2019-08-01,1,0,1
71501,ASCENCION DE GUARAYOS,salud sexual y reproductiva,hemorragia de la primera mitad del embarazo (< 22 sem) aborto,2019-08-01,13,0,13
50802,ATOCHA,salud sexual y reproductiva,hemorragia de la primera mitad del embarazo (< 22 sem) aborto,2019-08-01,0,1,1
20503,AUCAPATA,salud sexual y reproductiva,hemorragia de la primera mitad del embarazo (< 22 sem) aborto,2019-08-01,0,1,1
20502,AYATA,salud sexual y reproductiva,hemorragia de la primera mitad del embarazo (< 22 sem) aborto,2019-08-01,1,0,1
30301,AYOPAYA (V. DE INDEPENDENCIA),salud sexual y reproductiva,hemorragia de la primera mitad del embarazo (< 22 sem) aborto,2019-08-01,3,0,3
60202,BERMEJO,salud sexual y reproductiva,hemorragia de la primera mitad del embarazo (< 22 sem) aborto,2019-08-01,1,0,1
21003,CAJUATA,salud sexual y reproductiva,hemorragia de la primera mitad del embarazo (< 22 sem) aborto,2019-08-01,0,1,1
10701,CAMARGO,salud sexual y reproductiva,hemorragia de la primera mitad del embarazo (< 22 sem) aborto,2019-08-01,1,1,2
70706,CAMIRI,salud sexual y reproductiva,hemorragia de la primera mitad del embarazo (< 22 sem) aborto,2019-08-01,11,0,11
30701,CAPINOTA,salud sexual y reproductiva,hemorragia de la primera mitad del embarazo (< 22 sem) aborto,2019-08-01,3,0,3
20302,CAQUIAVIRI,salud sexual y reproductiva,hemorragia de la primera mitad del embarazo (< 22 sem) aborto,2019-08-01,0,1,1
22001,CARANAVI,salud sexual y reproductiva,hemorragia de la primera mitad del embarazo (< 22 sem) aborto,2019-08-01,19,0,19
70702,CHARAGUA,salud sexual y reproductiva,hemorragia de la primera mitad del embarazo (< 22 sem) aborto,2019-08-01,5,0,5
31204,CHIMORE,salud sexual y reproductiva,hemorragia de la primera mitad del embarazo (< 22 sem) aborto,2019-08-01,3,0,3
51103,CKOCHAS,salud sexual y reproductiva,hemorragia de la primera mitad del embarazo (< 22 sem) aborto,2019-08-01,0,2,2
30801,CLIZA,salud sexual y reproductiva,hemorragia de la primera mitad del embarazo (< 22 sem) aborto,2019-08-01,7,0,7
90101,COBIJA,salud sexual y reproductiva,hemorragia de la primera mitad del embarazo (< 22 sem) aborto,2019-08-01,17,0,17
30101,COCHABAMBA,salud sexual y reproductiva,hemorragia de la primera mitad del embarazo (< 22 sem) aborto,2019-08-01,74,69,143
50901,"COLCHA ""K""",salud sexual y reproductiva,hemorragia de la primera mitad del embarazo (< 22 sem) aborto,2019-08-01,0,1,1
71301,COMARAPA,salud sexual y reproductiva,hemorragia de la primera mitad del embarazo (< 22 sem) aborto,2019-08-01,2,0,2
71101,CONCEPCION,salud sexual y reproductiva,hemorragia de la primera mitad del embarazo (< 22 sem) aborto,2019-08-01,5,0,5
21401,COROICO,salud sexual y reproductiva,hemorragia de la primera mitad del embarazo (< 22 sem) aborto,2019-08-01,2,0,2
50601,COTAGAITA,salud sexual y reproductiva,hemorragia de la primera mitad del embarazo (< 22 sem) aborto,2019-08-01,0,1,1
70102,COTOCA,salud sexual y reproductiva,hemorragia de la primera mitad del embarazo (< 22 sem) aborto,2019-08-01,10,0,10
10902,CULPINA,salud sexual y reproductiva,hemorragia de la primera mitad del embarazo (< 22 sem) aborto,2019-08-01,0,3,3
20105,EL ALTO,salud sexual y reproductiva,hemorragia de la primera mitad del embarazo (< 22 sem) aborto,2019-08-01,107,1,108
70105,EL TORNO,salud sexual y reproductiva,hemorragia de la primera mitad del embarazo (< 22 sem) aborto,2019-08-01,14,0,14
31206,ENTRE RIOS CBBA,salud sexual y reproductiva,hemorragia de la primera mitad del embarazo (< 22 sem) aborto,2019-08-01,6,0,6
20405,ESCOMA,salud sexual y reproductiva,hemorragia de la primera mitad del embarazo (< 22 sem) aborto,2019-08-01,1,0,1
40701,HUANUNI,salud sexual y reproductiva,hemorragia de la primera mitad del embarazo (< 22 sem) aborto,2019-08-01,2,0,2
21102,IRUPANA (VILLA DE LANZA),salud sexual y reproductiva,hemorragia de la primera mitad del embarazo (< 22 sem) aborto,2019-08-01,2,1,3
21105,LA ASUNTA,salud sexual y reproductiva,hemorragia de la primera mitad del embarazo (< 22 sem) aborto,2019-08-01,1,0,1
70104,LA GUARDIA,salud sexual y reproductiva,hemorragia de la primera mitad del embarazo (< 22 sem) aborto,2019-08-01,7,1,8
20101,LA PAZ,salud sexual y reproductiva,hemorragia de la primera mitad del embarazo (< 22 sem) aborto,2019-08-01,106,1,107
70903,MAIRANA,salud sexual y reproductiva,hemorragia de la primera mitad del embarazo (< 22 sem) aborto,2019-08-01,2,0,2
71003,MINEROS,salud sexual y reproductiva,hemorragia de la primera mitad del embarazo (< 22 sem) aborto,2019-08-01,2,0,2
31301,MIZQUE,salud sexual y reproductiva,hemorragia de la primera mitad del embarazo (< 22 sem) aborto,2019-08-01,1,0,1
71001,MONTERO,salud sexual y reproductiva,hemorragia de la primera mitad del embarazo (< 22 sem) aborto,2019-08-01,1,5,6
50404,OCURI,salud sexual y reproductiva,hemorragia de la primera mitad del embarazo (< 22 sem) aborto,2019-08-01,1,0,1
40101,ORURO,salud sexual y reproductiva,hemorragia de la primera mitad del embarazo (< 22 sem) aborto,2019-08-01,60,0,60
10401,PADILLA,salud sexual y reproductiva,hemorragia de la primera mitad del embarazo (< 22 sem) aborto,2019-08-01,5,0,5
70502,PAILON,salud sexual y reproductiva,hemorragia de la primera mitad del embarazo (< 22 sem) aborto,2019-08-01,2,0,2
20102,PALCA,salud sexual y reproductiva,hemorragia de la primera mitad del embarazo (< 22 sem) aborto,2019-08-01,1,0,1
51203,PORCO,salud sexual y reproductiva,hemorragia de la primera mitad del embarazo (< 22 sem) aborto,2019-08-01,0,1,1
50101,POTOSI,salud sexual y reproductiva,hemorragia de la primera mitad del embarazo (< 22 sem) aborto,2019-08-01,32,1,33
71401,PUERTO SUAREZ,salud sexual y reproductiva,hemorragia de la primera mitad del embarazo (< 22 sem) aborto,2019-08-01,6,0,6
31205,PUERTO VILLARROEL,salud sexual y reproductiva,hemorragia de la primera mitad del embarazo (< 22 sem) aborto,2019-08-01,51,0,51
31401,PUNATA,salud sexual y reproductiva,hemorragia de la primera mitad del embarazo (< 22 sem) aborto,2019-08-01,18,0,18
30901,QUILLACOLLO,salud sexual y reproductiva,hemorragia de la primera mitad del embarazo (< 22 sem) aborto,2019-08-01,5,2,7
80201,RIBERALTA,salud sexual y reproductiva,hemorragia de la primera mitad del embarazo (< 22 sem) aborto,2019-08-01,4,0,4
70503,ROBORE,salud sexual y reproductiva,hemorragia de la primera mitad del embarazo (< 22 sem) aborto,2019-08-01,4,0,4
40901,SABAYA,salud sexual y reproductiva,hemorragia de la primera mitad del embarazo (< 22 sem) aborto,2019-08-01,1,0,1
31001,SACABA,salud sexual y reproductiva,hemorragia de la primera mitad del embarazo (< 22 sem) aborto,2019-08-01,56,9,65
40801,SALINAS DE GARCI MENDOZA,salud sexual y reproductiva,hemorragia de la primera mitad del embarazo (< 22 sem) aborto,2019-08-01,0,2,2
31403,SAN BENITO,salud sexual y reproductiva,hemorragia de la primera mitad del embarazo (< 22 sem) aborto,2019-08-01,1,0,1
80302,SAN BORJA,salud sexual y reproductiva,hemorragia de la primera mitad del embarazo (< 22 sem) aborto,2019-08-01,18,0,18
21502,SAN BUENA VENTURA,salud sexual y reproductiva,hemorragia de la primera mitad del embarazo (< 22 sem) aborto,2019-08-01,4,0,4
80501,SAN IGNACIO,salud sexual y reproductiva,hemorragia de la primera mitad del embarazo (< 22 sem) aborto,2019-08-01,1,0,1
70301,SAN IGNACIO DE VELASCO,salud sexual y reproductiva,hemorragia de la primera mitad del embarazo (< 22 sem) aborto,2019-08-01,10,0,10
71102,SAN JAVIER(STC),salud sexual y reproductiva,hemorragia de la primera mitad del embarazo (< 22 sem) aborto,2019-08-01,2,0,2
70501,SAN JOSE DE CHIQUITOS,salud sexual y reproductiva,hemorragia de la primera mitad del embarazo (< 22 sem) aborto,2019-08-01,6,0,6
71104,SAN JULIAN,salud sexual y reproductiva,hemorragia de la primera mitad del embarazo (< 22 sem) aborto,2019-08-01,15,0,15
60501,SAN LORENZO(TJA),salud sexual y reproductiva,hemorragia de la primera mitad del embarazo (< 22 sem) aborto,2019-08-01,0,1,1
10702,SAN LUCAS,salud sexual y reproductiva,hemorragia de la primera mitad del embarazo (< 22 sem) aborto,2019-08-01,0,2,2
71201,SAN MATIAS,salud sexual y reproductiva,hemorragia de la primera mitad del embarazo (< 22 sem) aborto,2019-08-01,0,1,1
70302,SAN MIGUEL DE VELASCO,salud sexual y reproductiva,hemorragia de la primera mitad del embarazo (< 22 sem) aborto,2019-08-01,4,0,4
80401,SANTA ANA,salud sexual y reproductiva,hemorragia de la primera mitad del embarazo (< 22 sem) aborto,2019-08-01,5,3,8
70101,SANTA CRUZ DE LA SIERRA,salud sexual y reproductiva,hemorragia de la primera mitad del embarazo (< 22 sem) aborto,2019-08-01,293,56,349
90303,SENA,salud sexual y reproductiva,hemorragia de la primera mitad del embarazo (< 22 sem) aborto,2019-08-01,1,0,1
31602,SHINAOTA,salud sexual y reproductiva,hemorragia de la primera mitad del embarazo (< 22 sem) aborto,2019-08-01,5,0,5
30902,SIPE SIPE,salud sexual y reproductiva,hemorragia de la primera mitad del embarazo (< 22 sem) aborto,2019-08-01,1,3,4
10101,SUCRE,salud sexual y reproductiva,hemorragia de la primera mitad del embarazo (< 22 sem) aborto,2019-08-01,143,13,156
50303,TACOBAMBA,salud sexual y reproductiva,hemorragia de la primera mitad del embarazo (< 22 sem) aborto,2019-08-01,0,1,1
10601,TARABUCO,salud sexual y reproductiva,hemorragia de la primera mitad del embarazo (< 22 sem) aborto,2019-08-01,1,0,1
30401,TARATA,salud sexual y reproductiva,hemorragia de la primera mitad del embarazo (< 22 sem) aborto,2019-08-01,4,0,4
60101,TARIJA,salud sexual y reproductiva,hemorragia de la primera mitad del embarazo (< 22 sem) aborto,2019-08-01,24,37,61
50102,TINGUIPAYA,salud sexual y reproductiva,hemorragia de la primera mitad del embarazo (< 22 sem) aborto,2019-08-01,0,1,1
20606,TIPUANI,salud sexual y reproductiva,hemorragia de la primera mitad del embarazo (< 22 sem) aborto,2019-08-01,1,0,1
30903,TIQUIPAYA,salud sexual y reproductiva,hemorragia de la primera mitad del embarazo (< 22 sem) aborto,2019-08-01,1,1,2
31601,TIRAQUE (CBBA),salud sexual y reproductiva,hemorragia de la primera mitad del embarazo (< 22 sem) aborto,2019-08-01,1,0,1
30803,TOLATA,salud sexual y reproductiva,hemorragia de la primera mitad del embarazo (< 22 sem) aborto,2019-08-01,0,1,1
10402,TOMINA,salud sexual y reproductiva,hemorragia de la primera mitad del embarazo (< 22 sem) aborto,2019-08-01,0,1,1
31201,TOTORA(CBBA),salud sexual y reproductiva,hemorragia de la primera mitad del embarazo (< 22 sem) aborto,2019-08-01,3,0,3
80101,TRINIDAD,salud sexual y reproductiva,hemorragia de la primera mitad del embarazo (< 22 sem) aborto,2019-08-01,28,2,30
50801,TUPIZA,salud sexual y reproductiva,hemorragia de la primera mitad del embarazo (< 22 sem) aborto,2019-08-01,9,0,9
50201,UNCIA,salud sexual y reproductiva,hemorragia de la primera mitad del embarazo (< 22 sem) aborto,2019-08-01,0,1,1
60401,URIONDO (A. CONCEPCION),salud sexual y reproductiva,hemorragia de la primera mitad del embarazo (< 22 sem) aborto,2019-08-01,1,0,1
51201,UYUNI,salud sexual y reproductiva,hemorragia de la primera mitad del embarazo (< 22 sem) aborto,2019-08-01,12,0,12
70801,VALLEGRANDE,salud sexual y reproductiva,hemorragia de la primera mitad del embarazo (< 22 sem) aborto,2019-08-01,3,0,3
60303,VILLA MONTES,salud sexual y reproductiva,hemorragia de la primera mitad del embarazo (< 22 sem) aborto,2019-08-01,0,12,12
31003,VILLA TUNARI,salud sexual y reproductiva,hemorragia de la primera mitad del embarazo (< 22 sem) aborto,2019-08-01,9,0,9
51501,VILLAZON,salud sexual y reproductiva,hemorragia de la primera mitad del embarazo (< 22 sem) aborto,2019-08-01,12,0,12
70201,WARNES,salud sexual y reproductiva,hemorragia de la primera mitad del embarazo (< 22 sem) aborto,2019-08-01,1,25,26
60301,YACUIBA,salud sexual y reproductiva,hemorragia de la primera mitad del embarazo (< 22 sem) aborto,2019-08-01,1,0,1
70403,YAPACANI,salud sexual y reproductiva,hemorragia de la primera mitad del embarazo (< 22 sem) aborto,2019-08-01,10,0,10
10102,YOTALA,salud sexual y reproductiva,hemorragia de la primera mitad del embarazo (< 22 sem) aborto,2019-08-01,1,0,1
20201,ACHACACHI,salud sexual y reproductiva,hemorragia de la primera mitad del embarazo (< 22 sem) aborto,2019-09-01,1,0,1
30201,AIQUILE,salud sexual y reproductiva,hemorragia de la primera mitad del embarazo (< 22 sem) aborto,2019-09-01,10,0,10
30402,ANZALDO,salud sexual y reproductiva,hemorragia de la primera mitad del embarazo (< 22 sem) aborto,2019-09-01,1,0,1
30403,ARBIETO,salud sexual y reproductiva,hemorragia de la primera mitad del embarazo (< 22 sem) aborto,2019-09-01,3,0,3
30601,ARQUE,salud sexual y reproductiva,hemorragia de la primera mitad del embarazo (< 22 sem) aborto,2019-09-01,0,2,2
71501,ASCENCION DE GUARAYOS,salud sexual y reproductiva,hemorragia de la primera mitad del embarazo (< 22 sem) aborto,2019-09-01,25,0,25
30301,AYOPAYA (V. DE INDEPENDENCIA),salud sexual y reproductiva,hemorragia de la primera mitad del embarazo (< 22 sem) aborto,2019-09-01,1,0,1
60202,BERMEJO,salud sexual y reproductiva,hemorragia de la primera mitad del embarazo (< 22 sem) aborto,2019-09-01,1,0,1
21003,CAJUATA,salud sexual y reproductiva,hemorragia de la primera mitad del embarazo (< 22 sem) aborto,2019-09-01,1,0,1
10701,CAMARGO,salud sexual y reproductiva,hemorragia de la primera mitad del embarazo (< 22 sem) aborto,2019-09-01,4,1,5
70706,CAMIRI,salud sexual y reproductiva,hemorragia de la primera mitad del embarazo (< 22 sem) aborto,2019-09-01,14,0,14
30701,CAPINOTA,salud sexual y reproductiva,hemorragia de la primera mitad del embarazo (< 22 sem) aborto,2019-09-01,8,0,8
22001,CARANAVI,salud sexual y reproductiva,hemorragia de la primera mitad del embarazo (< 22 sem) aborto,2019-09-01,26,0,26
40201,CHALLAPATA,salud sexual y reproductiva,hemorragia de la primera mitad del embarazo (< 22 sem) aborto,2019-09-01,2,0,2
70702,CHARAGUA,salud sexual y reproductiva,hemorragia de la primera mitad del embarazo (< 22 sem) aborto,2019-09-01,3,0,3
31204,CHIMORE,salud sexual y reproductiva,hemorragia de la primera mitad del embarazo (< 22 sem) aborto,2019-09-01,1,0,1
21101,CHULUMANI (V. DE LA LIBERTAD),salud sexual y reproductiva,hemorragia de la primera mitad del embarazo (< 22 sem) aborto,2019-09-01,1,0,1
51103,CKOCHAS,salud sexual y reproductiva,hemorragia de la primera mitad del embarazo (< 22 sem) aborto,2019-09-01,1,0,1
30801,CLIZA,salud sexual y reproductiva,hemorragia de la primera mitad del embarazo (< 22 sem) aborto,2019-09-01,10,2,12
90101,COBIJA,salud sexual y reproductiva,hemorragia de la primera mitad del embarazo (< 22 sem) aborto,2019-09-01,19,0,19
30101,COCHABAMBA,salud sexual y reproductiva,hemorragia de la primera mitad del embarazo (< 22 sem) aborto,2019-09-01,174,7,181
50901,"COLCHA ""K""",salud sexual y reproductiva,hemorragia de la primera mitad del embarazo (< 22 sem) aborto,2019-09-01,0,1,1
71301,COMARAPA,salud sexual y reproductiva,hemorragia de la primera mitad del embarazo (< 22 sem) aborto,2019-09-01,2,0,2
71101,CONCEPCION,salud sexual y reproductiva,hemorragia de la primera mitad del embarazo (< 22 sem) aborto,2019-09-01,9,0,9
70102,COTOCA,salud sexual y reproductiva,hemorragia de la primera mitad del embarazo (< 22 sem) aborto,2019-09-01,5,0,5
20105,EL ALTO,salud sexual y reproductiva,hemorragia de la primera mitad del embarazo (< 22 sem) aborto,2019-09-01,81,15,96
70105,EL TORNO,salud sexual y reproductiva,hemorragia de la primera mitad del embarazo (< 22 sem) aborto,2019-09-01,13,3,16
31206,ENTRE RIOS CBBA,salud sexual y reproductiva,hemorragia de la primera mitad del embarazo (< 22 sem) aborto,2019-09-01,6,0,6
20405,ESCOMA,salud sexual y reproductiva,hemorragia de la primera mitad del embarazo (< 22 sem) aborto,2019-09-01,1,0,1
40701,HUANUNI,salud sexual y reproductiva,hemorragia de la primera mitad del embarazo (< 22 sem) aborto,2019-09-01,1,0,1
41601,HUAYLLAMARCA,salud sexual y reproductiva,hemorragia de la primera mitad del embarazo (< 22 sem) aborto,2019-09-01,1,0,1
10304,ICLA,salud sexual y reproductiva,hemorragia de la primera mitad del embarazo (< 22 sem) aborto,2019-09-01,1,0,1
70104,LA GUARDIA,salud sexual y reproductiva,hemorragia de la primera mitad del embarazo (< 22 sem) aborto,2019-09-01,9,3,12
20101,LA PAZ,salud sexual y reproductiva,hemorragia de la primera mitad del embarazo (< 22 sem) aborto,2019-09-01,159,9,168
11003,MACHARETI,salud sexual y reproductiva,hemorragia de la primera mitad del embarazo (< 22 sem) aborto,2019-09-01,2,0,2
10501,MONTEAGUDO,salud sexual y reproductiva,hemorragia de la primera mitad del embarazo (< 22 sem) aborto,2019-09-01,4,0,4
71001,MONTERO,salud sexual y reproductiva,hemorragia de la primera mitad del embarazo (< 22 sem) aborto,2019-09-01,0,5,5
50404,OCURI,salud sexual y reproductiva,hemorragia de la primera mitad del embarazo (< 22 sem) aborto,2019-09-01,1,0,1
40101,ORURO,salud sexual y reproductiva,hemorragia de la primera mitad del embarazo (< 22 sem) aborto,2019-09-01,59,0,59
60201,PADCAYA,salud sexual y reproductiva,hemorragia de la primera mitad del embarazo (< 22 sem) aborto,2019-09-01,1,0,1
10401,PADILLA,salud sexual y reproductiva,hemorragia de la primera mitad del embarazo (< 22 sem) aborto,2019-09-01,1,0,1
21305,PATACAMAYA,salud sexual y reproductiva,hemorragia de la primera mitad del embarazo (< 22 sem) aborto,2019-09-01,1,0,1
31202,POJO (CBBA),salud sexual y reproductiva,hemorragia de la primera mitad del embarazo (< 22 sem) aborto,2019-09-01,1,0,1
50101,POTOSI,salud sexual y reproductiva,hemorragia de la primera mitad del embarazo (< 22 sem) aborto,2019-09-01,22,5,27
71401,PUERTO SUAREZ,salud sexual y reproductiva,hemorragia de la primera mitad del embarazo (< 22 sem) aborto,2019-09-01,4,0,4
31205,PUERTO VILLARROEL,salud sexual y reproductiva,hemorragia de la primera mitad del embarazo (< 22 sem) aborto,2019-09-01,56,0,56
31401,PUNATA,salud sexual y reproductiva,hemorragia de la primera mitad del embarazo (< 22 sem) aborto,2019-09-01,12,0,12
30901,QUILLACOLLO,salud sexual y reproductiva,hemorragia de la primera mitad del embarazo (< 22 sem) aborto,2019-09-01,10,2,12
80201,RIBERALTA,salud sexual y reproductiva,hemorragia de la primera mitad del embarazo (< 22 sem) aborto,2019-09-01,8,0,8
70503,ROBORE,salud sexual y reproductiva,hemorragia de la primera mitad del embarazo (< 22 sem) aborto,2019-09-01,4,0,4
80304,RURRENABAQUE,salud sexual y reproductiva,hemorragia de la primera mitad del embarazo (< 22 sem) aborto,2019-09-01,2,0,2
31001,SACABA,salud sexual y reproductiva,hemorragia de la primera mitad del embarazo (< 22 sem) aborto,2019-09-01,57,8,65
80302,SAN BORJA,salud sexual y reproductiva,hemorragia de la primera mitad del embarazo (< 22 sem) aborto,2019-09-01,16,0,16
21502,SAN BUENA VENTURA,salud sexual y reproductiva,hemorragia de la primera mitad del embarazo (< 22 sem) aborto,2019-09-01,4,0,4
70402,SAN CARLOS,salud sexual y reproductiva,hemorragia de la primera mitad del embarazo (< 22 sem) aborto,2019-09-01,1,2,3
80501,SAN IGNACIO,salud sexual y reproductiva,hemorragia de la primera mitad del embarazo (< 22 sem) aborto,2019-09-01,1,0,1
70301,SAN IGNACIO DE VELASCO,salud sexual y reproductiva,hemorragia de la primera mitad del embarazo (< 22 sem) aborto,2019-09-01,5,0,5
71102,SAN JAVIER(STC),salud sexual y reproductiva,hemorragia de la primera mitad del embarazo (< 22 sem) aborto,2019-09-01,2,0,2
70501,SAN JOSE DE CHIQUITOS,salud sexual y reproductiva,hemorragia de la primera mitad del embarazo (< 22 sem) aborto,2019-09-01,3,0,3
71104,SAN JULIAN,salud sexual y reproductiva,hemorragia de la primera mitad del embarazo (< 22 sem) aborto,2019-09-01,17,1,18
10702,SAN LUCAS,salud sexual y reproductiva,hemorragia de la primera mitad del embarazo (< 22 sem) aborto,2019-09-01,0,2,2
71201,SAN MATIAS,salud sexual y reproductiva,hemorragia de la primera mitad del embarazo (< 22 sem) aborto,2019-09-01,0,1,1
80702,SAN RAMON BENI,salud sexual y reproductiva,hemorragia de la primera mitad del embarazo (< 22 sem) aborto,2019-09-01,0,1,1
80401,SANTA ANA,salud sexual y reproductiva,hemorragia de la primera mitad del embarazo (< 22 sem) aborto,2019-09-01,4,0,4
70101,SANTA CRUZ DE LA SIERRA,salud sexual y reproductiva,hemorragia de la primera mitad del embarazo (< 22 sem) aborto,2019-09-01,298,11,309
31602,SHINAOTA,salud sexual y reproductiva,hemorragia de la primera mitad del embarazo (< 22 sem) aborto,2019-09-01,8,0,8
30902,SIPE SIPE,salud sexual y reproductiva,hemorragia de la primera mitad del embarazo (< 22 sem) aborto,2019-09-01,7,0,7
10101,SUCRE,salud sexual y reproductiva,hemorragia de la primera mitad del embarazo (< 22 sem) aborto,2019-09-01,125,7,132
30602,TACOPAYA,salud sexual y reproductiva,hemorragia de la primera mitad del embarazo (< 22 sem) aborto,2019-09-01,2,0,2
10601,TARABUCO,salud sexual y reproductiva,hemorragia de la primera mitad del embarazo (< 22 sem) aborto,2019-09-01,1,0,1
30401,TARATA,salud sexual y reproductiva,hemorragia de la primera mitad del embarazo (< 22 sem) aborto,2019-09-01,2,0,2
60101,TARIJA,salud sexual y reproductiva,hemorragia de la primera mitad del embarazo (< 22 sem) aborto,2019-09-01,55,0,55
10202,TARVITA,salud sexual y reproductiva,hemorragia de la primera mitad del embarazo (< 22 sem) aborto,2019-09-01,2,0,2
20606,TIPUANI,salud sexual y reproductiva,hemorragia de la primera mitad del embarazo (< 22 sem) aborto,2019-09-01,1,0,1
30903,TIQUIPAYA,salud sexual y reproductiva,hemorragia de la primera mitad del embarazo (< 22 sem) aborto,2019-09-01,1,1,2
31201,TOTORA(CBBA),salud sexual y reproductiva,hemorragia de la primera mitad del embarazo (< 22 sem) aborto,2019-09-01,1,0,1
80101,TRINIDAD,salud sexual y reproductiva,hemorragia de la primera mitad del embarazo (< 22 sem) aborto,2019-09-01,44,1,45
50801,TUPIZA,salud sexual y reproductiva,hemorragia de la primera mitad del embarazo (< 22 sem) aborto,2019-09-01,16,0,16
51201,UYUNI,salud sexual y reproductiva,hemorragia de la primera mitad del embarazo (< 22 sem) aborto,2019-09-01,2,7,9
70801,VALLEGRANDE,salud sexual y reproductiva,hemorragia de la primera mitad del embarazo (< 22 sem) aborto,2019-09-01,2,0,2
20801,VIACHA,salud sexual y reproductiva,hemorragia de la primera mitad del embarazo (< 22 sem) aborto,2019-09-01,4,0,4
60303,VILLA MONTES,salud sexual y reproductiva,hemorragia de la primera mitad del embarazo (< 22 sem) aborto,2019-09-01,0,13,13
31003,VILLA TUNARI,salud sexual y reproductiva,hemorragia de la primera mitad del embarazo (< 22 sem) aborto,2019-09-01,11,0,11
51501,VILLAZON,salud sexual y reproductiva,hemorragia de la primera mitad del embarazo (< 22 sem) aborto,2019-09-01,8,0,8
30904,VINTO,salud sexual y reproductiva,hemorragia de la primera mitad del embarazo (< 22 sem) aborto,2019-09-01,0,5,5
70201,WARNES,salud sexual y reproductiva,hemorragia de la primera mitad del embarazo (< 22 sem) aborto,2019-09-01,0,25,25
60301,YACUIBA,salud sexual y reproductiva,hemorragia de la primera mitad del embarazo (< 22 sem) aborto,2019-09-01,2,0,2
70403,YAPACANI,salud sexual y reproductiva,hemorragia de la primera mitad del embarazo (< 22 sem) aborto,2019-09-01,17,0,17
20201,ACHACACHI,salud sexual y reproductiva,hemorragia de la primera mitad del embarazo (< 22 sem) aborto,2019-10-01,4,0,4
30201,AIQUILE,salud sexual y reproductiva,hemorragia de la primera mitad del embarazo (< 22 sem) aborto,2019-10-01,9,0,9
30402,ANZALDO,salud sexual y reproductiva,hemorragia de la primera mitad del embarazo (< 22 sem) aborto,2019-10-01,2,1,3
30501,ARANI,salud sexual y reproductiva,hemorragia de la primera mitad del embarazo (< 22 sem) aborto,2019-10-01,2,0,2
30403,ARBIETO,salud sexual y reproductiva,hemorragia de la primera mitad del embarazo (< 22 sem) aborto,2019-10-01,2,0,2
71501,ASCENCION DE GUARAYOS,salud sexual y reproductiva,hemorragia de la primera mitad del embarazo (< 22 sem) aborto,2019-10-01,14,0,14
20503,AUCAPATA,salud sexual y reproductiva,hemorragia de la primera mitad del embarazo (< 22 sem) aborto,2019-10-01,1,0,1
30301,AYOPAYA (V. DE INDEPENDENCIA),salud sexual y reproductiva,hemorragia de la primera mitad del embarazo (< 22 sem) aborto,2019-10-01,2,0,2
21203,BATALLAS,salud sexual y reproductiva,hemorragia de la primera mitad del embarazo (< 22 sem) aborto,2019-10-01,1,0,1
41202,BELEN DE ANDAMARCA,salud sexual y reproductiva,hemorragia de la primera mitad del embarazo (< 22 sem) aborto,2019-10-01,0,2,2
60202,BERMEJO,salud sexual y reproductiva,hemorragia de la primera mitad del embarazo (< 22 sem) aborto,2019-10-01,2,0,2
50301,BETANZOS,salud sexual y reproductiva,hemorragia de la primera mitad del embarazo (< 22 sem) aborto,2019-10-01,2,0,2
21003,CAJUATA,salud sexual y reproductiva,hemorragia de la primera mitad del embarazo (< 22 sem) aborto,2019-10-01,1,0,1
10701,CAMARGO,salud sexual y reproductiva,hemorragia de la primera mitad del embarazo (< 22 sem) aborto,2019-10-01,2,0,2
70706,CAMIRI,salud sexual y reproductiva,hemorragia de la primera mitad del embarazo (< 22 sem) aborto,2019-10-01,9,0,9
30701,CAPINOTA,salud sexual y reproductiva,hemorragia de la primera mitad del embarazo (< 22 sem) aborto,2019-10-01,4,0,4
40102,CARACOLLO,salud sexual y reproductiva,hemorragia de la primera mitad del embarazo (< 22 sem) aborto,2019-10-01,2,0,2
22001,CARANAVI,salud sexual y reproductiva,hemorragia de la primera mitad del embarazo (< 22 sem) aborto,2019-10-01,25,0,25
40201,CHALLAPATA,salud sexual y reproductiva,hemorragia de la primera mitad del embarazo (< 22 sem) aborto,2019-10-01,1,1,2
70702,CHARAGUA,salud sexual y reproductiva,hemorragia de la primera mitad del embarazo (< 22 sem) aborto,2019-10-01,8,1,9
50202,CHAYANTA,salud sexual y reproductiva,hemorragia de la primera mitad del embarazo (< 22 sem) aborto,2019-10-01,0,1,1
31204,CHIMORE,salud sexual y reproductiva,hemorragia de la primera mitad del embarazo (< 22 sem) aborto,2019-10-01,2,0,2
51103,CKOCHAS,salud sexual y reproductiva,hemorragia de la primera mitad del embarazo (< 22 sem) aborto,2019-10-01,0,1,1
30801,CLIZA,salud sexual y reproductiva,hemorragia de la primera mitad del embarazo (< 22 sem) aborto,2019-10-01,4,9,13
90101,COBIJA,salud sexual y reproductiva,hemorragia de la primera mitad del embarazo (< 22 sem) aborto,2019-10-01,15,0,15
30101,COCHABAMBA,salud sexual y reproductiva,hemorragia de la primera mitad del embarazo (< 22 sem) aborto,2019-10-01,180,2,182
30905,COLCAPIRHUA,salud sexual y reproductiva,hemorragia de la primera mitad del embarazo (< 22 sem) aborto,2019-10-01,7,0,7
21004,COLQUIRI,salud sexual y reproductiva,hemorragia de la primera mitad del embarazo (< 22 sem) aborto,2019-10-01,1,0,1
71301,COMARAPA,salud sexual y reproductiva,hemorragia de la primera mitad del embarazo (< 22 sem) aborto,2019-10-01,3,3,6
71101,CONCEPCION,salud sexual y reproductiva,hemorragia de la primera mitad del embarazo (< 22 sem) aborto,2019-10-01,5,0,5
21401,COROICO,salud sexual y reproductiva,hemorragia de la primera mitad del embarazo (< 22 sem) aborto,2019-10-01,2,0,2
50601,COTAGAITA,salud sexual y reproductiva,hemorragia de la primera mitad del embarazo (< 22 sem) aborto,2019-10-01,0,1,1
10902,CULPINA,salud sexual y reproductiva,hemorragia de la primera mitad del embarazo (< 22 sem) aborto,2019-10-01,0,1,1
20105,EL ALTO,salud sexual y reproductiva,hemorragia de la primera mitad del embarazo (< 22 sem) aborto,2019-10-01,122,14,136
70105,EL TORNO,salud sexual y reproductiva,hemorragia de la primera mitad del embarazo (< 22 sem) aborto,2019-10-01,16,0,16
31206,ENTRE RIOS CBBA,salud sexual y reproductiva,hemorragia de la primera mitad del embarazo (< 22 sem) aborto,2019-10-01,12,0,12
20405,ESCOMA,salud sexual y reproductiva,hemorragia de la primera mitad del embarazo (< 22 sem) aborto,2019-10-01,3,0,3
40701,HUANUNI,salud sexual y reproductiva,hemorragia de la primera mitad del embarazo (< 22 sem) aborto,2019-10-01,3,0,3
10703,INCAHUASI,salud sexual y reproductiva,hemorragia de la primera mitad del embarazo (< 22 sem) aborto,2019-10-01,0,2,2
21102,IRUPANA (VILLA DE LANZA),salud sexual y reproductiva,hemorragia de la primera mitad del embarazo (< 22 sem) aborto,2019-10-01,3,0,3
20806,JESUS DE MACHACA,salud sexual y reproductiva,hemorragia de la primera mitad del embarazo (< 22 sem) aborto,2019-10-01,1,1,2
70104,LA GUARDIA,salud sexual y reproductiva,hemorragia de la primera mitad del embarazo (< 22 sem) aborto,2019-10-01,5,1,6
20101,LA PAZ,salud sexual y reproductiva,hemorragia de la primera mitad del embarazo (< 22 sem) aborto,2019-10-01,181,4,185
70903,MAIRANA,salud sexual y reproductiva,hemorragia de la primera mitad del embarazo (< 22 sem) aborto,2019-10-01,4,0,4
31301,MIZQUE,salud sexual y reproductiva,hemorragia de la primera mitad del embarazo (< 22 sem) aborto,2019-10-01,2,0,2
10501,MONTEAGUDO,salud sexual y reproductiva,hemorragia de la primera mitad del embarazo (< 22 sem) aborto,2019-10-01,3,1,4
71001,MONTERO,salud sexual y reproductiva,hemorragia de la primera mitad del embarazo (< 22 sem) aborto,2019-10-01,0,4,4
50404,OCURI,salud sexual y reproductiva,hemorragia de la primera mitad del embarazo (< 22 sem) aborto,2019-10-01,2,0,2
40101,ORURO,salud sexual y reproductiva,hemorragia de la primera mitad del embarazo (< 22 sem) aborto,2019-10-01,73,11,84
10401,PADILLA,salud sexual y reproductiva,hemorragia de la primera mitad del embarazo (< 22 sem) aborto,2019-10-01,2,0,2
20102,PALCA,salud sexual y reproductiva,hemorragia de la primera mitad del embarazo (< 22 sem) aborto,2019-10-01,0,2,2
21305,PATACAMAYA,salud sexual y reproductiva,hemorragia de la primera mitad del embarazo (< 22 sem) aborto,2019-10-01,1,0,1
31203,POCONA,salud sexual y reproductiva,hemorragia de la primera mitad del embarazo (< 22 sem) aborto,2019-10-01,2,0,2
50101,POTOSI,salud sexual y reproductiva,hemorragia de la primera mitad del embarazo (< 22 sem) aborto,2019-10-01,12,1,13
90201,PUERTO RICO,salud sexual y reproductiva,hemorragia de la primera mitad del embarazo (< 22 sem) aborto,2019-10-01,2,0,2
71401,PUERTO SUAREZ,salud sexual y reproductiva,hemorragia de la primera mitad del embarazo (< 22 sem) aborto,2019-10-01,7,0,7
31205,PUERTO VILLARROEL,salud sexual y reproductiva,hemorragia de la primera mitad del embarazo (< 22 sem) aborto,2019-10-01,49,0,49
51101,PUNA,salud sexual y reproductiva,hemorragia de la primera mitad del embarazo (< 22 sem) aborto,2019-10-01,0,1,1
31401,PUNATA,salud sexual y reproductiva,hemorragia de la primera mitad del embarazo (< 22 sem) aborto,2019-10-01,17,0,17
30901,QUILLACOLLO,salud sexual y reproductiva,hemorragia de la primera mitad del embarazo (< 22 sem) aborto,2019-10-01,19,0,19
80201,RIBERALTA,salud sexual y reproductiva,hemorragia de la primera mitad del embarazo (< 22 sem) aborto,2019-10-01,6,0,6
70503,ROBORE,salud sexual y reproductiva,hemorragia de la primera mitad del embarazo (< 22 sem) aborto,2019-10-01,3,0,3
80304,RURRENABAQUE,salud sexual y reproductiva,hemorragia de la primera mitad del embarazo (< 22 sem) aborto,2019-10-01,0,2,2
40901,SABAYA,salud sexual y reproductiva,hemorragia de la primera mitad del embarazo (< 22 sem) aborto,2019-10-01,1,1,2
31001,SACABA,salud sexual y reproductiva,hemorragia de la primera mitad del embarazo (< 22 sem) aborto,2019-10-01,80,4,84
20805,SAN ANDRES DE MACHACA,salud sexual y reproductiva,hemorragia de la primera mitad del embarazo (< 22 sem) aborto,2019-10-01,0,2,2
80302,SAN BORJA,salud sexual y reproductiva,hemorragia de la primera mitad del embarazo (< 22 sem) aborto,2019-10-01,11,0,11
21502,SAN BUENA VENTURA,salud sexual y reproductiva,hemorragia de la primera mitad del embarazo (< 22 sem) aborto,2019-10-01,2,2,4
70402,SAN CARLOS,salud sexual y reproductiva,hemorragia de la primera mitad del embarazo (< 22 sem) aborto,2019-10-01,6,0,6
80501,SAN IGNACIO,salud sexual y reproductiva,hemorragia de la primera mitad del embarazo (< 22 sem) aborto,2019-10-01,2,0,2
70301,SAN IGNACIO DE VELASCO,salud sexual y reproductiva,hemorragia de la primera mitad del embarazo (< 22 sem) aborto,2019-10-01,9,0,9
71102,SAN JAVIER(STC),salud sexual y reproductiva,hemorragia de la primera mitad del embarazo (< 22 sem) aborto,2019-10-01,1,0,1
70501,SAN JOSE DE CHIQUITOS,salud sexual y reproductiva,hemorragia de la primera mitad del embarazo (< 22 sem) aborto,2019-10-01,0,15,15
71104,SAN JULIAN,salud sexual y reproductiva,hemorragia de la primera mitad del embarazo (< 22 sem) aborto,2019-10-01,20,0,20
90302,SAN LORENZO(PND),salud sexual y reproductiva,hemorragia de la primera mitad del embarazo (< 22 sem) aborto,2019-10-01,0,1,1
10702,SAN LUCAS,salud sexual y reproductiva,hemorragia de la primera mitad del embarazo (< 22 sem) aborto,2019-10-01,1,3,4
71201,SAN MATIAS,salud sexual y reproductiva,hemorragia de la primera mitad del embarazo (< 22 sem) aborto,2019-10-01,0,4,4
70302,SAN MIGUEL DE VELASCO,salud sexual y reproductiva,hemorragia de la primera mitad del embarazo (< 22 sem) aborto,2019-10-01,1,0,1
80702,SAN RAMON BENI,salud sexual y reproductiva,hemorragia de la primera mitad del embarazo (< 22 sem) aborto,2019-10-01,2,2,4
80401,SANTA ANA,salud sexual y reproductiva,hemorragia de la primera mitad del embarazo (< 22 sem) aborto,2019-10-01,3,0,3
70101,SANTA CRUZ DE LA SIERRA,salud sexual y reproductiva,hemorragia de la primera mitad del embarazo (< 22 sem) aborto,2019-10-01,341,4,345
80303,SANTA ROSA,salud sexual y reproductiva,hemorragia de la primera mitad del embarazo (< 22 sem) aborto,2019-10-01,0,1,1
90303,SENA,salud sexual y reproductiva,hemorragia de la primera mitad del embarazo (< 22 sem) aborto,2019-10-01,1,0,1
31602,SHINAOTA,salud sexual y reproductiva,hemorragia de la primera mitad del embarazo (< 22 sem) aborto,2019-10-01,7,0,7
30902,SIPE SIPE,salud sexual y reproductiva,hemorragia de la primera mitad del embarazo (< 22 sem) aborto,2019-10-01,3,0,3
10403,SOPACHUY,salud sexual y reproductiva,hemorragia de la primera mitad del embarazo (< 22 sem) aborto,2019-10-01,1,1,2
10101,SUCRE,salud sexual y reproductiva,hemorragia de la primera mitad del embarazo (< 22 sem) aborto,2019-10-01,166,6,172
50303,TACOBAMBA,salud sexual y reproductiva,hemorragia de la primera mitad del embarazo (< 22 sem) aborto,2019-10-01,0,1,1
30401,TARATA,salud sexual y reproductiva,hemorragia de la primera mitad del embarazo (< 22 sem) aborto,2019-10-01,2,1,3
60101,TARIJA,salud sexual y reproductiva,hemorragia de la primera mitad del embarazo (< 22 sem) aborto,2019-10-01,67,0,67
10202,TARVITA,salud sexual y reproductiva,hemorragia de la primera mitad del embarazo (< 22 sem) aborto,2019-10-01,0,2,2
20606,TIPUANI,salud sexual y reproductiva,hemorragia de la primera mitad del embarazo (< 22 sem) aborto,2019-10-01,2,0,2
30903,TIQUIPAYA,salud sexual y reproductiva,hemorragia de la primera mitad del embarazo (< 22 sem) aborto,2019-10-01,4,0,4
31201,TOTORA(CBBA),salud sexual y reproductiva,hemorragia de la primera mitad del embarazo (< 22 sem) aborto,2019-10-01,3,0,3
80101,TRINIDAD,salud sexual y reproductiva,hemorragia de la primera mitad del embarazo (< 22 sem) aborto,2019-10-01,54,4,58
50801,TUPIZA,salud sexual y reproductiva,hemorragia de la primera mitad del embarazo (< 22 sem) aborto,2019-10-01,18,0,18
50201,UNCIA,salud sexual y reproductiva,hemorragia de la primera mitad del embarazo (< 22 sem) aborto,2019-10-01,1,0,1
60401,URIONDO (A. CONCEPCION),salud sexual y reproductiva,hemorragia de la primera mitad del embarazo (< 22 sem) aborto,2019-10-01,1,0,1
51201,UYUNI,salud sexual y reproductiva,hemorragia de la primera mitad del embarazo (< 22 sem) aborto,2019-10-01,16,0,16
70801,VALLEGRANDE,salud sexual y reproductiva,hemorragia de la primera mitad del embarazo (< 22 sem) aborto,2019-10-01,4,0,4
20801,VIACHA,salud sexual y reproductiva,hemorragia de la primera mitad del embarazo (< 22 sem) aborto,2019-10-01,3,0,3
60303,VILLA MONTES,salud sexual y reproductiva,hemorragia de la primera mitad del embarazo (< 22 sem) aborto,2019-10-01,0,12,12
31003,VILLA TUNARI,salud sexual y reproductiva,hemorragia de la primera mitad del embarazo (< 22 sem) aborto,2019-10-01,12,0,12
51501,VILLAZON,salud sexual y reproductiva,hemorragia de la primera mitad del embarazo (< 22 sem) aborto,2019-10-01,9,0,9
30904,VINTO,salud sexual y reproductiva,hemorragia de la primera mitad del embarazo (< 22 sem) aborto,2019-10-01,1,7,8
70201,WARNES,salud sexual y reproductiva,hemorragia de la primera mitad del embarazo (< 22 sem) aborto,2019-10-01,4,2,6
60301,YACUIBA,salud sexual y reproductiva,hemorragia de la primera mitad del embarazo (< 22 sem) aborto,2019-10-01,1,0,1
70403,YAPACANI,salud sexual y reproductiva,hemorragia de la primera mitad del embarazo (< 22 sem) aborto,2019-10-01,17,0,17
10102,YOTALA,salud sexual y reproductiva,hemorragia de la primera mitad del embarazo (< 22 sem) aborto,2019-10-01,1,1,2
30201,AIQUILE,salud sexual y reproductiva,hemorragia de la primera mitad del embarazo (< 22 sem) aborto,2019-11-01,8,0,8
30403,ARBIETO,salud sexual y reproductiva,hemorragia de la primera mitad del embarazo (< 22 sem) aborto,2019-11-01,1,0,1
71501,ASCENCION DE GUARAYOS,salud sexual y reproductiva,hemorragia de la primera mitad del embarazo (< 22 sem) aborto,2019-11-01,9,0,9
60202,BERMEJO,salud sexual y reproductiva,hemorragia de la primera mitad del embarazo (< 22 sem) aborto,2019-11-01,1,0,1
50301,BETANZOS,salud sexual y reproductiva,hemorragia de la primera mitad del embarazo (< 22 sem) aborto,2019-11-01,1,0,1
21003,CAJUATA,salud sexual y reproductiva,hemorragia de la primera mitad del embarazo (< 22 sem) aborto,2019-11-01,1,1,2
70706,CAMIRI,salud sexual y reproductiva,hemorragia de la primera mitad del embarazo (< 22 sem) aborto,2019-11-01,18,0,18
40102,CARACOLLO,salud sexual y reproductiva,hemorragia de la primera mitad del embarazo (< 22 sem) aborto,2019-11-01,2,0,2
22001,CARANAVI,salud sexual y reproductiva,hemorragia de la primera mitad del embarazo (< 22 sem) aborto,2019-11-01,21,11,32
50302,CHAQUI,salud sexual y reproductiva,hemorragia de la primera mitad del embarazo (< 22 sem) aborto,2019-11-01,1,0,1
31204,CHIMORE,salud sexual y reproductiva,hemorragia de la primera mitad del embarazo (< 22 sem) aborto,2019-11-01,1,0,1
21101,CHULUMANI (V. DE LA LIBERTAD),salud sexual y reproductiva,hemorragia de la primera mitad del embarazo (< 22 sem) aborto,2019-11-01,2,0,2
30801,CLIZA,salud sexual y reproductiva,hemorragia de la primera mitad del embarazo (< 22 sem) aborto,2019-11-01,4,0,4
90101,COBIJA,salud sexual y reproductiva,hemorragia de la primera mitad del embarazo (< 22 sem) aborto,2019-11-01,17,0,17
30303,COCAPATA,salud sexual y reproductiva,hemorragia de la primera mitad del embarazo (< 22 sem) aborto,2019-11-01,0,2,2
30101,COCHABAMBA,salud sexual y reproductiva,hemorragia de la primera mitad del embarazo (< 22 sem) aborto,2019-11-01,138,1,139
30905,COLCAPIRHUA,salud sexual y reproductiva,hemorragia de la primera mitad del embarazo (< 22 sem) aborto,2019-11-01,1,1,2
71301,COMARAPA,salud sexual y reproductiva,hemorragia de la primera mitad del embarazo (< 22 sem) aborto,2019-11-01,3,1,4
71101,CONCEPCION,salud sexual y reproductiva,hemorragia de la primera mitad del embarazo (< 22 sem) aborto,2019-11-01,8,0,8
21701,COPACABANA,salud sexual y reproductiva,hemorragia de la primera mitad del embarazo (< 22 sem) aborto,2019-11-01,1,0,1
20301,CORO CORO,salud sexual y reproductiva,hemorragia de la primera mitad del embarazo (< 22 sem) aborto,2019-11-01,1,0,1
21401,COROICO,salud sexual y reproductiva,hemorragia de la primera mitad del embarazo (< 22 sem) aborto,2019-11-01,1,0,1
70102,COTOCA,salud sexual y reproductiva,hemorragia de la primera mitad del embarazo (< 22 sem) aborto,2019-11-01,1,0,1
10902,CULPINA,salud sexual y reproductiva,hemorragia de la primera mitad del embarazo (< 22 sem) aborto,2019-11-01,0,4,4
40401,CURAHUARA DE CARANGAS,salud sexual y reproductiva,hemorragia de la primera mitad del embarazo (< 22 sem) aborto,2019-11-01,1,0,1
20105,EL ALTO,salud sexual y reproductiva,hemorragia de la primera mitad del embarazo (< 22 sem) aborto,2019-11-01,84,7,91
70105,EL TORNO,salud sexual y reproductiva,hemorragia de la primera mitad del embarazo (< 22 sem) aborto,2019-11-01,15,0,15
31206,ENTRE RIOS CBBA,salud sexual y reproductiva,hemorragia de la primera mitad del embarazo (< 22 sem) aborto,2019-11-01,6,0,6
40701,HUANUNI,salud sexual y reproductiva,hemorragia de la primera mitad del embarazo (< 22 sem) aborto,2019-11-01,2,0,2
21102,IRUPANA (VILLA DE LANZA),salud sexual y reproductiva,hemorragia de la primera mitad del embarazo (< 22 sem) aborto,2019-11-01,3,1,4
20806,JESUS DE MACHACA,salud sexual y reproductiva,hemorragia de la primera mitad del embarazo (< 22 sem) aborto,2019-11-01,0,3,3
21105,LA ASUNTA,salud sexual y reproductiva,hemorragia de la primera mitad del embarazo (< 22 sem) aborto,2019-11-01,1,0,1
70104,LA GUARDIA,salud sexual y reproductiva,hemorragia de la primera mitad del embarazo (< 22 sem) aborto,2019-11-01,8,7,15
20101,LA PAZ,salud sexual y reproductiva,hemorragia de la primera mitad del embarazo (< 22 sem) aborto,2019-11-01,138,1,139
70903,MAIRANA,salud sexual y reproductiva,hemorragia de la primera mitad del embarazo (< 22 sem) aborto,2019-11-01,4,0,4
71003,MINEROS,salud sexual y reproductiva,hemorragia de la primera mitad del embarazo (< 22 sem) aborto,2019-11-01,1,0,1
31301,MIZQUE,salud sexual y reproductiva,hemorragia de la primera mitad del embarazo (< 22 sem) aborto,2019-11-01,2,0,2
10501,MONTEAGUDO,salud sexual y reproductiva,hemorragia de la primera mitad del embarazo (< 22 sem) aborto,2019-11-01,2,0,2
71001,MONTERO,salud sexual y reproductiva,hemorragia de la primera mitad del embarazo (< 22 sem) aborto,2019-11-01,0,5,5
50404,OCURI,salud sexual y reproductiva,hemorragia de la primera mitad del embarazo (< 22 sem) aborto,2019-11-01,2,0,2
30203,OMEREQUE,salud sexual y reproductiva,hemorragia de la primera mitad del embarazo (< 22 sem) aborto,2019-11-01,1,0,1
40101,ORURO,salud sexual y reproductiva,hemorragia de la primera mitad del embarazo (< 22 sem) aborto,2019-11-01,58,10,68
10401,PADILLA,salud sexual y reproductiva,hemorragia de la primera mitad del embarazo (< 22 sem) aborto,2019-11-01,6,0,6
21104,PALOS BLANCOS,salud sexual y reproductiva,hemorragia de la primera mitad del embarazo (< 22 sem) aborto,2019-11-01,0,1,1
51203,PORCO,salud sexual y reproductiva,hemorragia de la primera mitad del embarazo (< 22 sem) aborto,2019-11-01,0,1,1
50101,POTOSI,salud sexual y reproductiva,hemorragia de la primera mitad del embarazo (< 22 sem) aborto,2019-11-01,13,2,15
10302,PRESTO,salud sexual y reproductiva,hemorragia de la primera mitad del embarazo (< 22 sem) aborto,2019-11-01,1,0,1
71401,PUERTO SUAREZ,salud sexual y reproductiva,hemorragia de la primera mitad del embarazo (< 22 sem) aborto,2019-11-01,6,0,6
31205,PUERTO VILLARROEL,salud sexual y reproductiva,hemorragia de la primera mitad del embarazo (< 22 sem) aborto,2019-11-01,29,0,29
31401,PUNATA,salud sexual y reproductiva,hemorragia de la primera mitad del embarazo (< 22 sem) aborto,2019-11-01,24,0,24
30901,QUILLACOLLO,salud sexual y reproductiva,hemorragia de la primera mitad del embarazo (< 22 sem) aborto,2019-11-01,15,1,16
80201,RIBERALTA,salud sexual y reproductiva,hemorragia de la primera mitad del embarazo (< 22 sem) aborto,2019-11-01,4,0,4
70503,ROBORE,salud sexual y reproductiva,hemorragia de la primera mitad del embarazo (< 22 sem) aborto,2019-11-01,4,0,4
80304,RURRENABAQUE,salud sexual y reproductiva,hemorragia de la primera mitad del embarazo (< 22 sem) aborto,2019-11-01,6,2,8
31001,SACABA,salud sexual y reproductiva,hemorragia de la primera mitad del embarazo (< 22 sem) aborto,2019-11-01,51,14,65
31403,SAN BENITO,salud sexual y reproductiva,hemorragia de la primera mitad del embarazo (< 22 sem) aborto,2019-11-01,2,0,2
80302,SAN BORJA,salud sexual y reproductiva,hemorragia de la primera mitad del embarazo (< 22 sem) aborto,2019-11-01,16,0,16
21502,SAN BUENA VENTURA,salud sexual y reproductiva,hemorragia de la primera mitad del embarazo (< 22 sem) aborto,2019-11-01,2,1,3
70402,SAN CARLOS,salud sexual y reproductiva,hemorragia de la primera mitad del embarazo (< 22 sem) aborto,2019-11-01,1,0,1
80501,SAN IGNACIO,salud sexual y reproductiva,hemorragia de la primera mitad del embarazo (< 22 sem) aborto,2019-11-01,3,0,3
70301,SAN IGNACIO DE VELASCO,salud sexual y reproductiva,hemorragia de la primera mitad del embarazo (< 22 sem) aborto,2019-11-01,10,0,10
70501,SAN JOSE DE CHIQUITOS,salud sexual y reproductiva,hemorragia de la primera mitad del embarazo (< 22 sem) aborto,2019-11-01,1,4,5
71104,SAN JULIAN,salud sexual y reproductiva,hemorragia de la primera mitad del embarazo (< 22 sem) aborto,2019-11-01,8,0,8
10702,SAN LUCAS,salud sexual y reproductiva,hemorragia de la primera mitad del embarazo (< 22 sem) aborto,2019-11-01,0,1,1
71201,SAN MATIAS,salud sexual y reproductiva,hemorragia de la primera mitad del embarazo (< 22 sem) aborto,2019-11-01,0,2,2
70302,SAN MIGUEL DE VELASCO,salud sexual y reproductiva,hemorragia de la primera mitad del embarazo (< 22 sem) aborto,2019-11-01,3,0,3
80702,SAN RAMON BENI,salud sexual y reproductiva,hemorragia de la primera mitad del embarazo (< 22 sem) aborto,2019-11-01,1,0,1
80401,SANTA ANA,salud sexual y reproductiva,hemorragia de la primera mitad del embarazo (< 22 sem) aborto,2019-11-01,5,0,5
70101,SANTA CRUZ DE LA SIERRA,salud sexual y reproductiva,hemorragia de la primera mitad del embarazo (< 22 sem) aborto,2019-11-01,280,16,296
20205,SANTIAGO DE HUATA,salud sexual y reproductiva,hemorragia de la primera mitad del embarazo (< 22 sem) aborto,2019-11-01,0,1,1
31602,SHINAOTA,salud sexual y reproductiva,hemorragia de la primera mitad del embarazo (< 22 sem) aborto,2019-11-01,4,0,4
30902,SIPE SIPE,salud sexual y reproductiva,hemorragia de la primera mitad del embarazo (< 22 sem) aborto,2019-11-01,5,0,5
10101,SUCRE,salud sexual y reproductiva,hemorragia de la primera mitad del embarazo (< 22 sem) aborto,2019-11-01,123,7,130
20603,TACACOMA,salud sexual y reproductiva,hemorragia de la primera mitad del embarazo (< 22 sem) aborto,2019-11-01,1,0,1
10601,TARABUCO,salud sexual y reproductiva,hemorragia de la primera mitad del embarazo (< 22 sem) aborto,2019-11-01,1,0,1
30401,TARATA,salud sexual y reproductiva,hemorragia de la primera mitad del embarazo (< 22 sem) aborto,2019-11-01,2,0,2
60101,TARIJA,salud sexual y reproductiva,hemorragia de la primera mitad del embarazo (< 22 sem) aborto,2019-11-01,48,0,48
50102,TINGUIPAYA,salud sexual y reproductiva,hemorragia de la primera mitad del embarazo (< 22 sem) aborto,2019-11-01,1,0,1
30903,TIQUIPAYA,salud sexual y reproductiva,hemorragia de la primera mitad del embarazo (< 22 sem) aborto,2019-11-01,1,0,1
31601,TIRAQUE (CBBA),salud sexual y reproductiva,hemorragia de la primera mitad del embarazo (< 22 sem) aborto,2019-11-01,1,0,1
30803,TOLATA,salud sexual y reproductiva,hemorragia de la primera mitad del embarazo (< 22 sem) aborto,2019-11-01,1,0,1
31201,TOTORA(CBBA),salud sexual y reproductiva,hemorragia de la primera mitad del embarazo (< 22 sem) aborto,2019-11-01,4,0,4
80101,TRINIDAD,salud sexual y reproductiva,hemorragia de la primera mitad del embarazo (< 22 sem) aborto,2019-11-01,27,0,27
50801,TUPIZA,salud sexual y reproductiva,hemorragia de la primera mitad del embarazo (< 22 sem) aborto,2019-11-01,13,0,13
51201,UYUNI,salud sexual y reproductiva,hemorragia de la primera mitad del embarazo (< 22 sem) aborto,2019-11-01,11,0,11
20801,VIACHA,salud sexual y reproductiva,hemorragia de la primera mitad del embarazo (< 22 sem) aborto,2019-11-01,0,1,1
60303,VILLA MONTES,salud sexual y reproductiva,hemorragia de la primera mitad del embarazo (< 22 sem) aborto,2019-11-01,0,4,4
31003,VILLA TUNARI,salud sexual y reproductiva,hemorragia de la primera mitad del embarazo (< 22 sem) aborto,2019-11-01,4,0,4
51501,VILLAZON,salud sexual y reproductiva,hemorragia de la primera mitad del embarazo (< 22 sem) aborto,2019-11-01,6,1,7
30904,VINTO,salud sexual y reproductiva,hemorragia de la primera mitad del embarazo (< 22 sem) aborto,2019-11-01,9,12,21
50602,VITICHI,salud sexual y reproductiva,hemorragia de la primera mitad del embarazo (< 22 sem) aborto,2019-11-01,1,1,2
70201,WARNES,salud sexual y reproductiva,hemorragia de la primera mitad del embarazo (< 22 sem) aborto,2019-11-01,0,10,10
60301,YACUIBA,salud sexual y reproductiva,hemorragia de la primera mitad del embarazo (< 22 sem) aborto,2019-11-01,3,0,3
70403,YAPACANI,salud sexual y reproductiva,hemorragia de la primera mitad del embarazo (< 22 sem) aborto,2019-11-01,1,0,1
20201,ACHACACHI,salud sexual y reproductiva,hemorragia de la primera mitad del embarazo (< 22 sem) aborto,2019-12-01,2,0,2
30201,AIQUILE,salud sexual y reproductiva,hemorragia de la primera mitad del embarazo (< 22 sem) aborto,2019-12-01,4,0,4
30501,ARANI,salud sexual y reproductiva,hemorragia de la primera mitad del embarazo (< 22 sem) aborto,2019-12-01,1,1,2
30403,ARBIETO,salud sexual y reproductiva,hemorragia de la primera mitad del embarazo (< 22 sem) aborto,2019-12-01,4,0,4
30601,ARQUE,salud sexual y reproductiva,hemorragia de la primera mitad del embarazo (< 22 sem) aborto,2019-12-01,0,1,1
71501,ASCENCION DE GUARAYOS,salud sexual y reproductiva,hemorragia de la primera mitad del embarazo (< 22 sem) aborto,2019-12-01,17,0,17
30301,AYOPAYA (V. DE INDEPENDENCIA),salud sexual y reproductiva,hemorragia de la primera mitad del embarazo (< 22 sem) aborto,2019-12-01,3,1,4
10701,CAMARGO,salud sexual y reproductiva,hemorragia de la primera mitad del embarazo (< 22 sem) aborto,2019-12-01,1,2,3
70706,CAMIRI,salud sexual y reproductiva,hemorragia de la primera mitad del embarazo (< 22 sem) aborto,2019-12-01,14,5,19
30701,CAPINOTA,salud sexual y reproductiva,hemorragia de la primera mitad del embarazo (< 22 sem) aborto,2019-12-01,10,0,10
40102,CARACOLLO,salud sexual y reproductiva,hemorragia de la primera mitad del embarazo (< 22 sem) aborto,2019-12-01,1,0,1
22001,CARANAVI,salud sexual y reproductiva,hemorragia de la primera mitad del embarazo (< 22 sem) aborto,2019-12-01,25,0,25
70702,CHARAGUA,salud sexual y reproductiva,hemorragia de la primera mitad del embarazo (< 22 sem) aborto,2019-12-01,1,0,1
31204,CHIMORE,salud sexual y reproductiva,hemorragia de la primera mitad del embarazo (< 22 sem) aborto,2019-12-01,1,0,1
21101,CHULUMANI (V. DE LA LIBERTAD),salud sexual y reproductiva,hemorragia de la primera mitad del embarazo (< 22 sem) aborto,2019-12-01,1,0,1
30801,CLIZA,salud sexual y reproductiva,hemorragia de la primera mitad del embarazo (< 22 sem) aborto,2019-12-01,8,0,8
90101,COBIJA,salud sexual y reproductiva,hemorragia de la primera mitad del embarazo (< 22 sem) aborto,2019-12-01,8,0,8
30303,COCAPATA,salud sexual y reproductiva,hemorragia de la primera mitad del embarazo (< 22 sem) aborto,2019-12-01,0,1,1
30101,COCHABAMBA,salud sexual y reproductiva,hemorragia de la primera mitad del embarazo (< 22 sem) aborto,2019-12-01,153,1,154
30905,COLCAPIRHUA,salud sexual y reproductiva,hemorragia de la primera mitad del embarazo (< 22 sem) aborto,2019-12-01,2,0,2
31002,COLOMI,salud sexual y reproductiva,hemorragia de la primera mitad del embarazo (< 22 sem) aborto,2019-12-01,3,0,3
71301,COMARAPA,salud sexual y reproductiva,hemorragia de la primera mitad del embarazo (< 22 sem) aborto,2019-12-01,2,4,6
71101,CONCEPCION,salud sexual y reproductiva,hemorragia de la primera mitad del embarazo (< 22 sem) aborto,2019-12-01,3,0,3
20301,CORO CORO,salud sexual y reproductiva,hemorragia de la primera mitad del embarazo (< 22 sem) aborto,2019-12-01,0,1,1
21401,COROICO,salud sexual y reproductiva,hemorragia de la primera mitad del embarazo (< 22 sem) aborto,2019-12-01,1,0,1
70102,COTOCA,salud sexual y reproductiva,hemorragia de la primera mitad del embarazo (< 22 sem) aborto,2019-12-01,12,0,12
10902,CULPINA,salud sexual y reproductiva,hemorragia de la primera mitad del embarazo (< 22 sem) aborto,2019-12-01,0,5,5
20105,EL ALTO,salud sexual y reproductiva,hemorragia de la primera mitad del embarazo (< 22 sem) aborto,2019-12-01,98,1,99
71503,EL PUENTE(STC),salud sexual y reproductiva,hemorragia de la primera mitad del embarazo (< 22 sem) aborto,2019-12-01,1,0,1
70105,EL TORNO,salud sexual y reproductiva,hemorragia de la primera mitad del embarazo (< 22 sem) aborto,2019-12-01,6,0,6
31206,ENTRE RIOS CBBA,salud sexual y reproductiva,hemorragia de la primera mitad del embarazo (< 22 sem) aborto,2019-12-01,6,0,6
80202,GUAYARAMERIN,salud sexual y reproductiva,hemorragia de la primera mitad del embarazo (< 22 sem) aborto,2019-12-01,1,0,1
40701,HUANUNI,salud sexual y reproductiva,hemorragia de la primera mitad del embarazo (< 22 sem) aborto,2019-12-01,1,0,1
20204,HUARINA,salud sexual y reproductiva,hemorragia de la primera mitad del embarazo (< 22 sem) aborto,2019-12-01,1,0,1
10304,ICLA,salud sexual y reproductiva,hemorragia de la primera mitad del embarazo (< 22 sem) aborto,2019-12-01,0,1,1
21105,LA ASUNTA,salud sexual y reproductiva,hemorragia de la primera mitad del embarazo (< 22 sem) aborto,2019-12-01,1,0,1
70104,LA GUARDIA,salud sexual y reproductiva,hemorragia de la primera mitad del embarazo (< 22 sem) aborto,2019-12-01,1,3,4
20101,LA PAZ,salud sexual y reproductiva,hemorragia de la primera mitad del embarazo (< 22 sem) aborto,2019-12-01,232,2,234
70903,MAIRANA,salud sexual y reproductiva,hemorragia de la primera mitad del embarazo (< 22 sem) aborto,2019-12-01,2,1,3
31301,MIZQUE,salud sexual y reproductiva,hemorragia de la primera mitad del embarazo (< 22 sem) aborto,2019-12-01,4,0,4
10501,MONTEAGUDO,salud sexual y reproductiva,hemorragia de la primera mitad del embarazo (< 22 sem) aborto,2019-12-01,1,0,1
71001,MONTERO,salud sexual y reproductiva,hemorragia de la primera mitad del embarazo (< 22 sem) aborto,2019-12-01,0,1,1
30302,MOROCHATA,salud sexual y reproductiva,hemorragia de la primera mitad del embarazo (< 22 sem) aborto,2019-12-01,1,0,1
50404,OCURI,salud sexual y reproductiva,hemorragia de la primera mitad del embarazo (< 22 sem) aborto,2019-12-01,2,0,2
40101,ORURO,salud sexual y reproductiva,hemorragia de la primera mitad del embarazo (< 22 sem) aborto,2019-12-01,50,7,57
10401,PADILLA,salud sexual y reproductiva,hemorragia de la primera mitad del embarazo (< 22 sem) aborto,2019-12-01,3,0,3
50403,POCOATA,salud sexual y reproductiva,hemorragia de la primera mitad del embarazo (< 22 sem) aborto,2019-12-01,2,0,2
31203,POCONA,salud sexual y reproductiva,hemorragia de la primera mitad del embarazo (< 22 sem) aborto,2019-12-01,2,0,2
31202,POJO (CBBA),salud sexual y reproductiva,hemorragia de la primera mitad del embarazo (< 22 sem) aborto,2019-12-01,0,1,1
10103,POROMA,salud sexual y reproductiva,hemorragia de la primera mitad del embarazo (< 22 sem) aborto,2019-12-01,0,2,2
50101,POTOSI,salud sexual y reproductiva,hemorragia de la primera mitad del embarazo (< 22 sem) aborto,2019-12-01,12,0,12
90301,PUERTO GONZALO MORENO,salud sexual y reproductiva,hemorragia de la primera mitad del embarazo (< 22 sem) aborto,2019-12-01,1,0,1
80703,PUERTO SILES,salud sexual y reproductiva,hemorragia de la primera mitad del embarazo (< 22 sem) aborto,2019-12-01,1,0,1
31205,PUERTO VILLARROEL,salud sexual y reproductiva,hemorragia de la primera mitad del embarazo (< 22 sem) aborto,2019-12-01,35,0,35
31401,PUNATA,salud sexual y reproductiva,hemorragia de la primera mitad del embarazo (< 22 sem) aborto,2019-12-01,17,0,17
30901,QUILLACOLLO,salud sexual y reproductiva,hemorragia de la primera mitad del embarazo (< 22 sem) aborto,2019-12-01,5,0,5
80201,RIBERALTA,salud sexual y reproductiva,hemorragia de la primera mitad del embarazo (< 22 sem) aborto,2019-12-01,3,0,3
80304,RURRENABAQUE,salud sexual y reproductiva,hemorragia de la primera mitad del embarazo (< 22 sem) aborto,2019-12-01,3,0,3
31001,SACABA,salud sexual y reproductiva,hemorragia de la primera mitad del embarazo (< 22 sem) aborto,2019-12-01,55,9,64
80302,SAN BORJA,salud sexual y reproductiva,hemorragia de la primera mitad del embarazo (< 22 sem) aborto,2019-12-01,12,0,12
21502,SAN BUENA VENTURA,salud sexual y reproductiva,hemorragia de la primera mitad del embarazo (< 22 sem) aborto,2019-12-01,1,0,1
70402,SAN CARLOS,salud sexual y reproductiva,hemorragia de la primera mitad del embarazo (< 22 sem) aborto,2019-12-01,3,1,4
80501,SAN IGNACIO,salud sexual y reproductiva,hemorragia de la primera mitad del embarazo (< 22 sem) aborto,2019-12-01,1,0,1
70301,SAN IGNACIO DE VELASCO,salud sexual y reproductiva,hemorragia de la primera mitad del embarazo (< 22 sem) aborto,2019-12-01,9,0,9
70501,SAN JOSE DE CHIQUITOS,salud sexual y reproductiva,hemorragia de la primera mitad del embarazo (< 22 sem) aborto,2019-12-01,4,0,4
71104,SAN JULIAN,salud sexual y reproductiva,hemorragia de la primera mitad del embarazo (< 22 sem) aborto,2019-12-01,9,0,9
71201,SAN MATIAS,salud sexual y reproductiva,hemorragia de la primera mitad del embarazo (< 22 sem) aborto,2019-12-01,0,1,1
70302,SAN MIGUEL DE VELASCO,salud sexual y reproductiva,hemorragia de la primera mitad del embarazo (< 22 sem) aborto,2019-12-01,3,0,3
90202,SAN PEDRO(PND),salud sexual y reproductiva,hemorragia de la primera mitad del embarazo (< 22 sem) aborto,2019-12-01,0,1,1
71103,SAN RAMON SCZ,salud sexual y reproductiva,hemorragia de la primera mitad del embarazo (< 22 sem) aborto,2019-12-01,1,0,1
80401,SANTA ANA,salud sexual y reproductiva,hemorragia de la primera mitad del embarazo (< 22 sem) aborto,2019-12-01,2,3,5
70101,SANTA CRUZ DE LA SIERRA,salud sexual y reproductiva,hemorragia de la primera mitad del embarazo (< 22 sem) aborto,2019-12-01,255,52,307
90303,SENA,salud sexual y reproductiva,hemorragia de la primera mitad del embarazo (< 22 sem) aborto,2019-12-01,0,2,2
31602,SHINAOTA,salud sexual y reproductiva,hemorragia de la primera mitad del embarazo (< 22 sem) aborto,2019-12-01,7,0,7
30902,SIPE SIPE,salud sexual y reproductiva,hemorragia de la primera mitad del embarazo (< 22 sem) aborto,2019-12-01,1,0,1
40104,SORACACHI,salud sexual y reproductiva,hemorragia de la primera mitad del embarazo (< 22 sem) aborto,2019-12-01,1,0,1
10101,SUCRE,salud sexual y reproductiva,hemorragia de la primera mitad del embarazo (< 22 sem) aborto,2019-12-01,75,6,81
30401,TARATA,salud sexual y reproductiva,hemorragia de la primera mitad del embarazo (< 22 sem) aborto,2019-12-01,2,0,2
60101,TARIJA,salud sexual y reproductiva,hemorragia de la primera mitad del embarazo (< 22 sem) aborto,2019-12-01,51,0,51
30903,TIQUIPAYA,salud sexual y reproductiva,hemorragia de la primera mitad del embarazo (< 22 sem) aborto,2019-12-01,4,0,4
31601,TIRAQUE (CBBA),salud sexual y reproductiva,hemorragia de la primera mitad del embarazo (< 22 sem) aborto,2019-12-01,1,0,1
31201,TOTORA(CBBA),salud sexual y reproductiva,hemorragia de la primera mitad del embarazo (< 22 sem) aborto,2019-12-01,2,0,2
80101,TRINIDAD,salud sexual y reproductiva,hemorragia de la primera mitad del embarazo (< 22 sem) aborto,2019-12-01,33,0,33
50801,TUPIZA,salud sexual y reproductiva,hemorragia de la primera mitad del embarazo (< 22 sem) aborto,2019-12-01,3,0,3
40402,TURCO,salud sexual y reproductiva,hemorragia de la primera mitad del embarazo (< 22 sem) aborto,2019-12-01,0,1,1
21302,UMALA,salud sexual y reproductiva,hemorragia de la primera mitad del embarazo (< 22 sem) aborto,2019-12-01,0,1,1
50201,UNCIA,salud sexual y reproductiva,hemorragia de la primera mitad del embarazo (< 22 sem) aborto,2019-12-01,1,0,1
51201,UYUNI,salud sexual y reproductiva,hemorragia de la primera mitad del embarazo (< 22 sem) aborto,2019-12-01,6,0,6
70801,VALLEGRANDE,salud sexual y reproductiva,hemorragia de la primera mitad del embarazo (< 22 sem) aborto,2019-12-01,3,0,3
60303,VILLA MONTES,salud sexual y reproductiva,hemorragia de la primera mitad del embarazo (< 22 sem) aborto,2019-12-01,0,1,1
31003,VILLA TUNARI,salud sexual y reproductiva,hemorragia de la primera mitad del embarazo (< 22 sem) aborto,2019-12-01,4,0,4
51501,VILLAZON,salud sexual y reproductiva,hemorragia de la primera mitad del embarazo (< 22 sem) aborto,2019-12-01,5,0,5
30904,VINTO,salud sexual y reproductiva,hemorragia de la primera mitad del embarazo (< 22 sem) aborto,2019-12-01,19,0,19
70201,WARNES,salud sexual y reproductiva,hemorragia de la primera mitad del embarazo (< 22 sem) aborto,2019-12-01,0,15,15
20903,YACO,salud sexual y reproductiva,hemorragia de la primera mitad del embarazo (< 22 sem) aborto,2019-12-01,0,2,2
70403,YAPACANI,salud sexual y reproductiva,hemorragia de la primera mitad del embarazo (< 22 sem) aborto,2019-12-01,15,0,15
10102,YOTALA,salud sexual y reproductiva,hemorragia de la primera mitad del embarazo (< 22 sem) aborto,2019-12-01,0,1,1
20201,ACHACACHI,salud sexual y reproductiva,hemorragia de la primera mitad del embarazo (< 22 sem) aborto,2020-01-01,2,0,2
30402,ANZALDO,salud sexual y reproductiva,hemorragia de la primera mitad del embarazo (< 22 sem) aborto,2020-01-01,1,0,1
30403,ARBIETO,salud sexual y reproductiva,hemorragia de la primera mitad del embarazo (< 22 sem) aborto,2020-01-01,3,0,3
71501,ASCENCION DE GUARAYOS,salud sexual y reproductiva,hemorragia de la primera mitad del embarazo (< 22 sem) aborto,2020-01-01,7,0,7
30301,AYOPAYA (V. DE INDEPENDENCIA),salud sexual y reproductiva,hemorragia de la primera mitad del embarazo (< 22 sem) aborto,2020-01-01,3,0,3
60202,BERMEJO,salud sexual y reproductiva,hemorragia de la primera mitad del embarazo (< 22 sem) aborto,2020-01-01,4,0,4
31501,BOLIVAR,salud sexual y reproductiva,hemorragia de la primera mitad del embarazo (< 22 sem) aborto,2020-01-01,0,1,1
10701,CAMARGO,salud sexual y reproductiva,hemorragia de la primera mitad del embarazo (< 22 sem) aborto,2020-01-01,0,1,1
70706,CAMIRI,salud sexual y reproductiva,hemorragia de la primera mitad del embarazo (< 22 sem) aborto,2020-01-01,16,3,19
30701,CAPINOTA,salud sexual y reproductiva,hemorragia de la primera mitad del embarazo (< 22 sem) aborto,2020-01-01,2,0,2
40102,CARACOLLO,salud sexual y reproductiva,hemorragia de la primera mitad del embarazo (< 22 sem) aborto,2020-01-01,2,0,2
22001,CARANAVI,salud sexual y reproductiva,hemorragia de la primera mitad del embarazo (< 22 sem) aborto,2020-01-01,25,0,25
40201,CHALLAPATA,salud sexual y reproductiva,hemorragia de la primera mitad del embarazo (< 22 sem) aborto,2020-01-01,3,0,3
50202,CHAYANTA,salud sexual y reproductiva,hemorragia de la primera mitad del embarazo (< 22 sem) aborto,2020-01-01,0,1,1
31204,CHIMORE,salud sexual y reproductiva,hemorragia de la primera mitad del embarazo (< 22 sem) aborto,2020-01-01,2,0,2
21101,CHULUMANI (V. DE LA LIBERTAD),salud sexual y reproductiva,hemorragia de la primera mitad del embarazo (< 22 sem) aborto,2020-01-01,5,0,5
30801,CLIZA,salud sexual y reproductiva,hemorragia de la primera mitad del embarazo (< 22 sem) aborto,2020-01-01,9,0,9
90101,COBIJA,salud sexual y reproductiva,hemorragia de la primera mitad del embarazo (< 22 sem) aborto,2020-01-01,17,0,17
30101,COCHABAMBA,salud sexual y reproductiva,hemorragia de la primera mitad del embarazo (< 22 sem) aborto,2020-01-01,185,4,189
30905,COLCAPIRHUA,salud sexual y reproductiva,hemorragia de la primera mitad del embarazo (< 22 sem) aborto,2020-01-01,7,0,7
71301,COMARAPA,salud sexual y reproductiva,hemorragia de la primera mitad del embarazo (< 22 sem) aborto,2020-01-01,0,6,6
71101,CONCEPCION,salud sexual y reproductiva,hemorragia de la primera mitad del embarazo (< 22 sem) aborto,2020-01-01,9,0,9
21401,COROICO,salud sexual y reproductiva,hemorragia de la primera mitad del embarazo (< 22 sem) aborto,2020-01-01,1,0,1
70102,COTOCA,salud sexual y reproductiva,hemorragia de la primera mitad del embarazo (< 22 sem) aborto,2020-01-01,15,0,15
71106,CUATRO CAÃ‘ADAS,salud sexual y reproductiva,hemorragia de la primera mitad del embarazo (< 22 sem) aborto,2020-01-01,2,0,2
10902,CULPINA,salud sexual y reproductiva,hemorragia de la primera mitad del embarazo (< 22 sem) aborto,2020-01-01,0,4,4
20105,EL ALTO,salud sexual y reproductiva,hemorragia de la primera mitad del embarazo (< 22 sem) aborto,2020-01-01,129,5,134
70105,EL TORNO,salud sexual y reproductiva,hemorragia de la primera mitad del embarazo (< 22 sem) aborto,2020-01-01,14,0,14
10405,EL VILLAR,salud sexual y reproductiva,hemorragia de la primera mitad del embarazo (< 22 sem) aborto,2020-01-01,0,1,1
31206,ENTRE RIOS CBBA,salud sexual y reproductiva,hemorragia de la primera mitad del embarazo (< 22 sem) aborto,2020-01-01,1,0,1
80202,GUAYARAMERIN,salud sexual y reproductiva,hemorragia de la primera mitad del embarazo (< 22 sem) aborto,2020-01-01,1,0,1
40701,HUANUNI,salud sexual y reproductiva,hemorragia de la primera mitad del embarazo (< 22 sem) aborto,2020-01-01,5,0,5
21102,IRUPANA (VILLA DE LANZA),salud sexual y reproductiva,hemorragia de la primera mitad del embarazo (< 22 sem) aborto,2020-01-01,2,0,2
70104,LA GUARDIA,salud sexual y reproductiva,hemorragia de la primera mitad del embarazo (< 22 sem) aborto,2020-01-01,9,5,14
20101,LA PAZ,salud sexual y reproductiva,hemorragia de la primera mitad del embarazo (< 22 sem) aborto,2020-01-01,191,59,250
11003,MACHARETI,salud sexual y reproductiva,hemorragia de la primera mitad del embarazo (< 22 sem) aborto,2020-01-01,1,0,1
80801,MAGDALENA,salud sexual y reproductiva,hemorragia de la primera mitad del embarazo (< 22 sem) aborto,2020-01-01,0,1,1
70903,MAIRANA,salud sexual y reproductiva,hemorragia de la primera mitad del embarazo (< 22 sem) aborto,2020-01-01,3,0,3
20607,MAPIRI,salud sexual y reproductiva,hemorragia de la primera mitad del embarazo (< 22 sem) aborto,2020-01-01,2,0,2
10303,MOJOCOYA,salud sexual y reproductiva,hemorragia de la primera mitad del embarazo (< 22 sem) aborto,2020-01-01,1,0,1
10501,MONTEAGUDO,salud sexual y reproductiva,hemorragia de la primera mitad del embarazo (< 22 sem) aborto,2020-01-01,3,0,3
71001,MONTERO,salud sexual y reproductiva,hemorragia de la primera mitad del embarazo (< 22 sem) aborto,2020-01-01,4,3,7
50404,OCURI,salud sexual y reproductiva,hemorragia de la primera mitad del embarazo (< 22 sem) aborto,2020-01-01,1,1,2
40101,ORURO,salud sexual y reproductiva,hemorragia de la primera mitad del embarazo (< 22 sem) aborto,2020-01-01,113,15,128
10401,PADILLA,salud sexual y reproductiva,hemorragia de la primera mitad del embarazo (< 22 sem) aborto,2020-01-01,3,0,3
70502,PAILON,salud sexual y reproductiva,hemorragia de la primera mitad del embarazo (< 22 sem) aborto,2020-01-01,1,0,1
21104,PALOS BLANCOS,salud sexual y reproductiva,hemorragia de la primera mitad del embarazo (< 22 sem) aborto,2020-01-01,1,0,1
50403,POCOATA,salud sexual y reproductiva,hemorragia de la primera mitad del embarazo (< 22 sem) aborto,2020-01-01,0,1,1
10103,POROMA,salud sexual y reproductiva,hemorragia de la primera mitad del embarazo (< 22 sem) aborto,2020-01-01,1,0,1
50101,POTOSI,salud sexual y reproductiva,hemorragia de la primera mitad del embarazo (< 22 sem) aborto,2020-01-01,20,3,23
90201,PUERTO RICO,salud sexual y reproductiva,hemorragia de la primera mitad del embarazo (< 22 sem) aborto,2020-01-01,1,0,1
31205,PUERTO VILLARROEL,salud sexual y reproductiva,hemorragia de la primera mitad del embarazo (< 22 sem) aborto,2020-01-01,42,0,42
31401,PUNATA,salud sexual y reproductiva,hemorragia de la primera mitad del embarazo (< 22 sem) aborto,2020-01-01,12,0,12
30901,QUILLACOLLO,salud sexual y reproductiva,hemorragia de la primera mitad del embarazo (< 22 sem) aborto,2020-01-01,23,1,24
80201,RIBERALTA,salud sexual y reproductiva,hemorragia de la primera mitad del embarazo (< 22 sem) aborto,2020-01-01,7,0,7
70503,ROBORE,salud sexual y reproductiva,hemorragia de la primera mitad del embarazo (< 22 sem) aborto,2020-01-01,1,0,1
80304,RURRENABAQUE,salud sexual y reproductiva,hemorragia de la primera mitad del embarazo (< 22 sem) aborto,2020-01-01,2,0,2
31001,SACABA,salud sexual y reproductiva,hemorragia de la primera mitad del embarazo (< 22 sem) aborto,2020-01-01,59,16,75
80302,SAN BORJA,salud sexual y reproductiva,hemorragia de la primera mitad del embarazo (< 22 sem) aborto,2020-01-01,9,1,10
70402,SAN CARLOS,salud sexual y reproductiva,hemorragia de la primera mitad del embarazo (< 22 sem) aborto,2020-01-01,4,1,5
80501,SAN IGNACIO,salud sexual y reproductiva,hemorragia de la primera mitad del embarazo (< 22 sem) aborto,2020-01-01,1,0,1
70301,SAN IGNACIO DE VELASCO,salud sexual y reproductiva,hemorragia de la primera mitad del embarazo (< 22 sem) aborto,2020-01-01,6,0,6
71104,SAN JULIAN,salud sexual y reproductiva,hemorragia de la primera mitad del embarazo (< 22 sem) aborto,2020-01-01,6,0,6
60501,SAN LORENZO(TJA),salud sexual y reproductiva,hemorragia de la primera mitad del embarazo (< 22 sem) aborto,2020-01-01,1,1,2
71201,SAN MATIAS,salud sexual y reproductiva,hemorragia de la primera mitad del embarazo (< 22 sem) aborto,2020-01-01,1,2,3
70302,SAN MIGUEL DE VELASCO,salud sexual y reproductiva,hemorragia de la primera mitad del embarazo (< 22 sem) aborto,2020-01-01,3,0,3
70303,SAN RAFAEL,salud sexual y reproductiva,hemorragia de la primera mitad del embarazo (< 22 sem) aborto,2020-01-01,0,1,1
80401,SANTA ANA,salud sexual y reproductiva,hemorragia de la primera mitad del embarazo (< 22 sem) aborto,2020-01-01,0,1,1
70101,SANTA CRUZ DE LA SIERRA,salud sexual y reproductiva,hemorragia de la primera mitad del embarazo (< 22 sem) aborto,2020-01-01,309,119,428
20902,SAPAHAQUI,salud sexual y reproductiva,hemorragia de la primera mitad del embarazo (< 22 sem) aborto,2020-01-01,1,0,1
90303,SENA,salud sexual y reproductiva,hemorragia de la primera mitad del embarazo (< 22 sem) aborto,2020-01-01,0,2,2
31602,SHINAOTA,salud sexual y reproductiva,hemorragia de la primera mitad del embarazo (< 22 sem) aborto,2020-01-01,2,0,2
30902,SIPE SIPE,salud sexual y reproductiva,hemorragia de la primera mitad del embarazo (< 22 sem) aborto,2020-01-01,10,1,11
10101,SUCRE,salud sexual y reproductiva,hemorragia de la primera mitad del embarazo (< 22 sem) aborto,2020-01-01,98,0,98
30602,TACOPAYA,salud sexual y reproductiva,hemorragia de la primera mitad del embarazo (< 22 sem) aborto,2020-01-01,0,2,2
10601,TARABUCO,salud sexual y reproductiva,hemorragia de la primera mitad del embarazo (< 22 sem) aborto,2020-01-01,2,0,2
30401,TARATA,salud sexual y reproductiva,hemorragia de la primera mitad del embarazo (< 22 sem) aborto,2020-01-01,2,0,2
60101,TARIJA,salud sexual y reproductiva,hemorragia de la primera mitad del embarazo (< 22 sem) aborto,2020-01-01,70,0,70
30903,TIQUIPAYA,salud sexual y reproductiva,hemorragia de la primera mitad del embarazo (< 22 sem) aborto,2020-01-01,9,1,10
31601,TIRAQUE (CBBA),salud sexual y reproductiva,hemorragia de la primera mitad del embarazo (< 22 sem) aborto,2020-01-01,1,0,1
30803,TOLATA,salud sexual y reproductiva,hemorragia de la primera mitad del embarazo (< 22 sem) aborto,2020-01-01,2,0,2
10402,TOMINA,salud sexual y reproductiva,hemorragia de la primera mitad del embarazo (< 22 sem) aborto,2020-01-01,0,1,1
31201,TOTORA(CBBA),salud sexual y reproductiva,hemorragia de la primera mitad del embarazo (< 22 sem) aborto,2020-01-01,7,0,7
80101,TRINIDAD,salud sexual y reproductiva,hemorragia de la primera mitad del embarazo (< 22 sem) aborto,2020-01-01,50,0,50
50801,TUPIZA,salud sexual y reproductiva,hemorragia de la primera mitad del embarazo (< 22 sem) aborto,2020-01-01,18,0,18
51201,UYUNI,salud sexual y reproductiva,hemorragia de la primera mitad del embarazo (< 22 sem) aborto,2020-01-01,10,0,10
70801,VALLEGRANDE,salud sexual y reproductiva,hemorragia de la primera mitad del embarazo (< 22 sem) aborto,2020-01-01,2,0,2
20801,VIACHA,salud sexual y reproductiva,hemorragia de la primera mitad del embarazo (< 22 sem) aborto,2020-01-01,2,0,2
60303,VILLA MONTES,salud sexual y reproductiva,hemorragia de la primera mitad del embarazo (< 22 sem) aborto,2020-01-01,2,9,11
31402,VILLA RIVERO,salud sexual y reproductiva,hemorragia de la primera mitad del embarazo (< 22 sem) aborto,2020-01-01,1,0,1
31003,VILLA TUNARI,salud sexual y reproductiva,hemorragia de la primera mitad del embarazo (< 22 sem) aborto,2020-01-01,7,0,7
51501,VILLAZON,salud sexual y reproductiva,hemorragia de la primera mitad del embarazo (< 22 sem) aborto,2020-01-01,14,0,14
30904,VINTO,salud sexual y reproductiva,hemorragia de la primera mitad del embarazo (< 22 sem) aborto,2020-01-01,18,2,20
50602,VITICHI,salud sexual y reproductiva,hemorragia de la primera mitad del embarazo (< 22 sem) aborto,2020-01-01,0,1,1
70201,WARNES,salud sexual y reproductiva,hemorragia de la primera mitad del embarazo (< 22 sem) aborto,2020-01-01,0,21,21
20903,YACO,salud sexual y reproductiva,hemorragia de la primera mitad del embarazo (< 22 sem) aborto,2020-01-01,0,1,1
60301,YACUIBA,salud sexual y reproductiva,hemorragia de la primera mitad del embarazo (< 22 sem) aborto,2020-01-01,7,0,7
70403,YAPACANI,salud sexual y reproductiva,hemorragia de la primera mitad del embarazo (< 22 sem) aborto,2020-01-01,18,0,18
20201,ACHACACHI,salud sexual y reproductiva,hemorragia de la primera mitad del embarazo (< 22 sem) aborto,2020-02-01,3,0,3
30201,AIQUILE,salud sexual y reproductiva,hemorragia de la primera mitad del embarazo (< 22 sem) aborto,2020-02-01,10,0,10
30501,ARANI,salud sexual y reproductiva,hemorragia de la primera mitad del embarazo (< 22 sem) aborto,2020-02-01,1,0,1
30403,ARBIETO,salud sexual y reproductiva,hemorragia de la primera mitad del embarazo (< 22 sem) aborto,2020-02-01,3,0,3
71501,ASCENCION DE GUARAYOS,salud sexual y reproductiva,hemorragia de la primera mitad del embarazo (< 22 sem) aborto,2020-02-01,7,0,7
20503,AUCAPATA,salud sexual y reproductiva,hemorragia de la primera mitad del embarazo (< 22 sem) aborto,2020-02-01,1,0,1
30301,AYOPAYA (V. DE INDEPENDENCIA),salud sexual y reproductiva,hemorragia de la primera mitad del embarazo (< 22 sem) aborto,2020-02-01,1,0,1
60202,BERMEJO,salud sexual y reproductiva,hemorragia de la primera mitad del embarazo (< 22 sem) aborto,2020-02-01,1,0,1
50301,BETANZOS,salud sexual y reproductiva,hemorragia de la primera mitad del embarazo (< 22 sem) aborto,2020-02-01,1,0,1
10701,CAMARGO,salud sexual y reproductiva,hemorragia de la primera mitad del embarazo (< 22 sem) aborto,2020-02-01,5,1,6
70706,CAMIRI,salud sexual y reproductiva,hemorragia de la primera mitad del embarazo (< 22 sem) aborto,2020-02-01,8,2,10
22001,CARANAVI,salud sexual y reproductiva,hemorragia de la primera mitad del embarazo (< 22 sem) aborto,2020-02-01,26,0,26
60302,CARAPARI,salud sexual y reproductiva,hemorragia de la primera mitad del embarazo (< 22 sem) aborto,2020-02-01,1,0,1
21803,CHACARILLA,salud sexual y reproductiva,hemorragia de la primera mitad del embarazo (< 22 sem) aborto,2020-02-01,1,0,1
40201,CHALLAPATA,salud sexual y reproductiva,hemorragia de la primera mitad del embarazo (< 22 sem) aborto,2020-02-01,3,0,3
70702,CHARAGUA,salud sexual y reproductiva,hemorragia de la primera mitad del embarazo (< 22 sem) aborto,2020-02-01,2,0,2
21101,CHULUMANI (V. DE LA LIBERTAD),salud sexual y reproductiva,hemorragia de la primera mitad del embarazo (< 22 sem) aborto,2020-02-01,1,0,1
30801,CLIZA,salud sexual y reproductiva,hemorragia de la primera mitad del embarazo (< 22 sem) aborto,2020-02-01,7,0,7
90101,COBIJA,salud sexual y reproductiva,hemorragia de la primera mitad del embarazo (< 22 sem) aborto,2020-02-01,18,0,18
30101,COCHABAMBA,salud sexual y reproductiva,hemorragia de la primera mitad del embarazo (< 22 sem) aborto,2020-02-01,166,3,169
30905,COLCAPIRHUA,salud sexual y reproductiva,hemorragia de la primera mitad del embarazo (< 22 sem) aborto,2020-02-01,2,0,2
31002,COLOMI,salud sexual y reproductiva,hemorragia de la primera mitad del embarazo (< 22 sem) aborto,2020-02-01,3,0,3
71301,COMARAPA,salud sexual y reproductiva,hemorragia de la primera mitad del embarazo (< 22 sem) aborto,2020-02-01,0,4,4
71101,CONCEPCION,salud sexual y reproductiva,hemorragia de la primera mitad del embarazo (< 22 sem) aborto,2020-02-01,1,0,1
21401,COROICO,salud sexual y reproductiva,hemorragia de la primera mitad del embarazo (< 22 sem) aborto,2020-02-01,1,0,1
50601,COTAGAITA,salud sexual y reproductiva,hemorragia de la primera mitad del embarazo (< 22 sem) aborto,2020-02-01,1,0,1
70102,COTOCA,salud sexual y reproductiva,hemorragia de la primera mitad del embarazo (< 22 sem) aborto,2020-02-01,3,0,3
71106,CUATRO CAÃ‘ADAS,salud sexual y reproductiva,hemorragia de la primera mitad del embarazo (< 22 sem) aborto,2020-02-01,1,0,1
10902,CULPINA,salud sexual y reproductiva,hemorragia de la primera mitad del embarazo (< 22 sem) aborto,2020-02-01,0,6,6
20105,EL ALTO,salud sexual y reproductiva,hemorragia de la primera mitad del embarazo (< 22 sem) aborto,2020-02-01,109,8,117
70105,EL TORNO,salud sexual y reproductiva,hemorragia de la primera mitad del embarazo (< 22 sem) aborto,2020-02-01,10,0,10
31206,ENTRE RIOS CBBA,salud sexual y reproductiva,hemorragia de la primera mitad del embarazo (< 22 sem) aborto,2020-02-01,1,0,1
10502,HUACARETA,salud sexual y reproductiva,hemorragia de la primera mitad del embarazo (< 22 sem) aborto,2020-02-01,1,0,1
10703,INCAHUASI,salud sexual y reproductiva,hemorragia de la primera mitad del embarazo (< 22 sem) aborto,2020-02-01,0,1,1
21102,IRUPANA (VILLA DE LANZA),salud sexual y reproductiva,hemorragia de la primera mitad del embarazo (< 22 sem) aborto,2020-02-01,1,0,1
21105,LA ASUNTA,salud sexual y reproductiva,hemorragia de la primera mitad del embarazo (< 22 sem) aborto,2020-02-01,0,1,1
70104,LA GUARDIA,salud sexual y reproductiva,hemorragia de la primera mitad del embarazo (< 22 sem) aborto,2020-02-01,5,1,6
20101,LA PAZ,salud sexual y reproductiva,hemorragia de la primera mitad del embarazo (< 22 sem) aborto,2020-02-01,129,2,131
31301,MIZQUE,salud sexual y reproductiva,hemorragia de la primera mitad del embarazo (< 22 sem) aborto,2020-02-01,1,0,1
71001,MONTERO,salud sexual y reproductiva,hemorragia de la primera mitad del embarazo (< 22 sem) aborto,2020-02-01,2,0,2
50404,OCURI,salud sexual y reproductiva,hemorragia de la primera mitad del embarazo (< 22 sem) aborto,2020-02-01,1,0,1
40101,ORURO,salud sexual y reproductiva,hemorragia de la primera mitad del embarazo (< 22 sem) aborto,2020-02-01,89,8,97
10401,PADILLA,salud sexual y reproductiva,hemorragia de la primera mitad del embarazo (< 22 sem) aborto,2020-02-01,4,0,4
21104,PALOS BLANCOS,salud sexual y reproductiva,hemorragia de la primera mitad del embarazo (< 22 sem) aborto,2020-02-01,0,1,1
21305,PATACAMAYA,salud sexual y reproductiva,hemorragia de la primera mitad del embarazo (< 22 sem) aborto,2020-02-01,1,0,1
40602,PAZÃ‘A,salud sexual y reproductiva,hemorragia de la primera mitad del embarazo (< 22 sem) aborto,2020-02-01,1,0,1
31202,POJO (CBBA),salud sexual y reproductiva,hemorragia de la primera mitad del embarazo (< 22 sem) aborto,2020-02-01,0,1,1
51203,PORCO,salud sexual y reproductiva,hemorragia de la primera mitad del embarazo (< 22 sem) aborto,2020-02-01,1,0,1
50101,POTOSI,salud sexual y reproductiva,hemorragia de la primera mitad del embarazo (< 22 sem) aborto,2020-02-01,8,5,13
31205,PUERTO VILLARROEL,salud sexual y reproductiva,hemorragia de la primera mitad del embarazo (< 22 sem) aborto,2020-02-01,25,0,25
31401,PUNATA,salud sexual y reproductiva,hemorragia de la primera mitad del embarazo (< 22 sem) aborto,2020-02-01,16,0,16
30901,QUILLACOLLO,salud sexual y reproductiva,hemorragia de la primera mitad del embarazo (< 22 sem) aborto,2020-02-01,16,0,16
80201,RIBERALTA,salud sexual y reproductiva,hemorragia de la primera mitad del embarazo (< 22 sem) aborto,2020-02-01,9,0,9
70503,ROBORE,salud sexual y reproductiva,hemorragia de la primera mitad del embarazo (< 22 sem) aborto,2020-02-01,1,0,1
80304,RURRENABAQUE,salud sexual y reproductiva,hemorragia de la primera mitad del embarazo (< 22 sem) aborto,2020-02-01,2,0,2
31001,SACABA,salud sexual y reproductiva,hemorragia de la primera mitad del embarazo (< 22 sem) aborto,2020-02-01,35,11,46
70901,SAMAIPATA,salud sexual y reproductiva,hemorragia de la primera mitad del embarazo (< 22 sem) aborto,2020-02-01,1,0,1
80302,SAN BORJA,salud sexual y reproductiva,hemorragia de la primera mitad del embarazo (< 22 sem) aborto,2020-02-01,6,0,6
21502,SAN BUENA VENTURA,salud sexual y reproductiva,hemorragia de la primera mitad del embarazo (< 22 sem) aborto,2020-02-01,3,0,3
70402,SAN CARLOS,salud sexual y reproductiva,hemorragia de la primera mitad del embarazo (< 22 sem) aborto,2020-02-01,0,4,4
80501,SAN IGNACIO,salud sexual y reproductiva,hemorragia de la primera mitad del embarazo (< 22 sem) aborto,2020-02-01,1,0,1
70301,SAN IGNACIO DE VELASCO,salud sexual y reproductiva,hemorragia de la primera mitad del embarazo (< 22 sem) aborto,2020-02-01,6,0,6
70501,SAN JOSE DE CHIQUITOS,salud sexual y reproductiva,hemorragia de la primera mitad del embarazo (< 22 sem) aborto,2020-02-01,0,1,1
71104,SAN JULIAN,salud sexual y reproductiva,hemorragia de la primera mitad del embarazo (< 22 sem) aborto,2020-02-01,3,0,3
60501,SAN LORENZO(TJA),salud sexual y reproductiva,hemorragia de la primera mitad del embarazo (< 22 sem) aborto,2020-02-01,1,0,1
10702,SAN LUCAS,salud sexual y reproductiva,hemorragia de la primera mitad del embarazo (< 22 sem) aborto,2020-02-01,0,1,1
71201,SAN MATIAS,salud sexual y reproductiva,hemorragia de la primera mitad del embarazo (< 22 sem) aborto,2020-02-01,1,0,1
70302,SAN MIGUEL DE VELASCO,salud sexual y reproductiva,hemorragia de la primera mitad del embarazo (< 22 sem) aborto,2020-02-01,2,0,2
70303,SAN RAFAEL,salud sexual y reproductiva,hemorragia de la primera mitad del embarazo (< 22 sem) aborto,2020-02-01,0,1,1
80702,SAN RAMON BENI,salud sexual y reproductiva,hemorragia de la primera mitad del embarazo (< 22 sem) aborto,2020-02-01,1,0,1
70101,SANTA CRUZ DE LA SIERRA,salud sexual y reproductiva,hemorragia de la primera mitad del embarazo (< 22 sem) aborto,2020-02-01,193,93,286
31602,SHINAOTA,salud sexual y reproductiva,hemorragia de la primera mitad del embarazo (< 22 sem) aborto,2020-02-01,8,0,8
30902,SIPE SIPE,salud sexual y reproductiva,hemorragia de la primera mitad del embarazo (< 22 sem) aborto,2020-02-01,4,1,5
10101,SUCRE,salud sexual y reproductiva,hemorragia de la primera mitad del embarazo (< 22 sem) aborto,2020-02-01,57,0,57
10601,TARABUCO,salud sexual y reproductiva,hemorragia de la primera mitad del embarazo (< 22 sem) aborto,2020-02-01,3,0,3
30401,TARATA,salud sexual y reproductiva,hemorragia de la primera mitad del embarazo (< 22 sem) aborto,2020-02-01,1,0,1
60101,TARIJA,salud sexual y reproductiva,hemorragia de la primera mitad del embarazo (< 22 sem) aborto,2020-02-01,55,0,55
20608,TEOPONTE,salud sexual y reproductiva,hemorragia de la primera mitad del embarazo (< 22 sem) aborto,2020-02-01,0,1,1
30903,TIQUIPAYA,salud sexual y reproductiva,hemorragia de la primera mitad del embarazo (< 22 sem) aborto,2020-02-01,3,0,3
31601,TIRAQUE (CBBA),salud sexual y reproductiva,hemorragia de la primera mitad del embarazo (< 22 sem) aborto,2020-02-01,1,0,1
21703,TITO YUPANQUI (PARQUIPUJIO),salud sexual y reproductiva,hemorragia de la primera mitad del embarazo (< 22 sem) aborto,2020-02-01,1,0,1
30802,TOCO,salud sexual y reproductiva,hemorragia de la primera mitad del embarazo (< 22 sem) aborto,2020-02-01,2,0,2
31201,TOTORA(CBBA),salud sexual y reproductiva,hemorragia de la primera mitad del embarazo (< 22 sem) aborto,2020-02-01,2,0,2
80101,TRINIDAD,salud sexual y reproductiva,hemorragia de la primera mitad del embarazo (< 22 sem) aborto,2020-02-01,32,0,32
50801,TUPIZA,salud sexual y reproductiva,hemorragia de la primera mitad del embarazo (< 22 sem) aborto,2020-02-01,11,0,11
50201,UNCIA,salud sexual y reproductiva,hemorragia de la primera mitad del embarazo (< 22 sem) aborto,2020-02-01,2,0,2
51201,UYUNI,salud sexual y reproductiva,hemorragia de la primera mitad del embarazo (< 22 sem) aborto,2020-02-01,7,0,7
70801,VALLEGRANDE,salud sexual y reproductiva,hemorragia de la primera mitad del embarazo (< 22 sem) aborto,2020-02-01,4,0,4
20801,VIACHA,salud sexual y reproductiva,hemorragia de la primera mitad del embarazo (< 22 sem) aborto,2020-02-01,1,0,1
60303,VILLA MONTES,salud sexual y reproductiva,hemorragia de la primera mitad del embarazo (< 22 sem) aborto,2020-02-01,0,8,8
31003,VILLA TUNARI,salud sexual y reproductiva,hemorragia de la primera mitad del embarazo (< 22 sem) aborto,2020-02-01,4,0,4
51501,VILLAZON,salud sexual y reproductiva,hemorragia de la primera mitad del embarazo (< 22 sem) aborto,2020-02-01,20,0,20
30904,VINTO,salud sexual y reproductiva,hemorragia de la primera mitad del embarazo (< 22 sem) aborto,2020-02-01,3,0,3
50602,VITICHI,salud sexual y reproductiva,hemorragia de la primera mitad del embarazo (< 22 sem) aborto,2020-02-01,0,1,1
70201,WARNES,salud sexual y reproductiva,hemorragia de la primera mitad del embarazo (< 22 sem) aborto,2020-02-01,1,8,9
60301,YACUIBA,salud sexual y reproductiva,hemorragia de la primera mitad del embarazo (< 22 sem) aborto,2020-02-01,2,0,2
70403,YAPACANI,salud sexual y reproductiva,hemorragia de la primera mitad del embarazo (< 22 sem) aborto,2020-02-01,13,0,13
10102,YOTALA,salud sexual y reproductiva,hemorragia de la primera mitad del embarazo (< 22 sem) aborto,2020-02-01,0,1,1
51302,ACACIO,salud sexual y reproductiva,hemorragia de la primera mitad del embarazo (< 22 sem) aborto,2020-03-01,2,0,2
20201,ACHACACHI,salud sexual y reproductiva,hemorragia de la primera mitad del embarazo (< 22 sem) aborto,2020-03-01,1,0,1
30201,AIQUILE,salud sexual y reproductiva,hemorragia de la primera mitad del embarazo (< 22 sem) aborto,2020-03-01,1,0,1
30403,ARBIETO,salud sexual y reproductiva,hemorragia de la primera mitad del embarazo (< 22 sem) aborto,2020-03-01,1,0,1
30601,ARQUE,salud sexual y reproductiva,hemorragia de la primera mitad del embarazo (< 22 sem) aborto,2020-03-01,0,1,1
71501,ASCENCION DE GUARAYOS,salud sexual y reproductiva,hemorragia de la primera mitad del embarazo (< 22 sem) aborto,2020-03-01,0,1,1
20503,AUCAPATA,salud sexual y reproductiva,hemorragia de la primera mitad del embarazo (< 22 sem) aborto,2020-03-01,1,0,1
30301,AYOPAYA (V. DE INDEPENDENCIA),salud sexual y reproductiva,hemorragia de la primera mitad del embarazo (< 22 sem) aborto,2020-03-01,1,0,1
60202,BERMEJO,salud sexual y reproductiva,hemorragia de la primera mitad del embarazo (< 22 sem) aborto,2020-03-01,3,0,3
10701,CAMARGO,salud sexual y reproductiva,hemorragia de la primera mitad del embarazo (< 22 sem) aborto,2020-03-01,0,2,2
70706,CAMIRI,salud sexual y reproductiva,hemorragia de la primera mitad del embarazo (< 22 sem) aborto,2020-03-01,7,1,8
30701,CAPINOTA,salud sexual y reproductiva,hemorragia de la primera mitad del embarazo (< 22 sem) aborto,2020-03-01,2,0,2
40102,CARACOLLO,salud sexual y reproductiva,hemorragia de la primera mitad del embarazo (< 22 sem) aborto,2020-03-01,1,0,1
22001,CARANAVI,salud sexual y reproductiva,hemorragia de la primera mitad del embarazo (< 22 sem) aborto,2020-03-01,13,0,13
60302,CARAPARI,salud sexual y reproductiva,hemorragia de la primera mitad del embarazo (< 22 sem) aborto,2020-03-01,1,0,1
50702,CARIPUYO,salud sexual y reproductiva,hemorragia de la primera mitad del embarazo (< 22 sem) aborto,2020-03-01,0,1,1
50302,CHAQUI,salud sexual y reproductiva,hemorragia de la primera mitad del embarazo (< 22 sem) aborto,2020-03-01,2,0,2
70702,CHARAGUA,salud sexual y reproductiva,hemorragia de la primera mitad del embarazo (< 22 sem) aborto,2020-03-01,2,0,2
50202,CHAYANTA,salud sexual y reproductiva,hemorragia de la primera mitad del embarazo (< 22 sem) aborto,2020-03-01,0,1,1
31204,CHIMORE,salud sexual y reproductiva,hemorragia de la primera mitad del embarazo (< 22 sem) aborto,2020-03-01,0,1,1
21101,CHULUMANI (V. DE LA LIBERTAD),salud sexual y reproductiva,hemorragia de la primera mitad del embarazo (< 22 sem) aborto,2020-03-01,1,0,1
30801,CLIZA,salud sexual y reproductiva,hemorragia de la primera mitad del embarazo (< 22 sem) aborto,2020-03-01,7,2,9
90101,COBIJA,salud sexual y reproductiva,hemorragia de la primera mitad del embarazo (< 22 sem) aborto,2020-03-01,14,1,15
30101,COCHABAMBA,salud sexual y reproductiva,hemorragia de la primera mitad del embarazo (< 22 sem) aborto,2020-03-01,132,12,144
30905,COLCAPIRHUA,salud sexual y reproductiva,hemorragia de la primera mitad del embarazo (< 22 sem) aborto,2020-03-01,5,1,6
31002,COLOMI,salud sexual y reproductiva,hemorragia de la primera mitad del embarazo (< 22 sem) aborto,2020-03-01,1,0,1
71101,CONCEPCION,salud sexual y reproductiva,hemorragia de la primera mitad del embarazo (< 22 sem) aborto,2020-03-01,5,0,5
21402,CORIPATA,salud sexual y reproductiva,hemorragia de la primera mitad del embarazo (< 22 sem) aborto,2020-03-01,0,1,1
21401,COROICO,salud sexual y reproductiva,hemorragia de la primera mitad del embarazo (< 22 sem) aborto,2020-03-01,2,0,2
50601,COTAGAITA,salud sexual y reproductiva,hemorragia de la primera mitad del embarazo (< 22 sem) aborto,2020-03-01,0,1,1
70102,COTOCA,salud sexual y reproductiva,hemorragia de la primera mitad del embarazo (< 22 sem) aborto,2020-03-01,3,0,3
10902,CULPINA,salud sexual y reproductiva,hemorragia de la primera mitad del embarazo (< 22 sem) aborto,2020-03-01,0,1,1
20105,EL ALTO,salud sexual y reproductiva,hemorragia de la primera mitad del embarazo (< 22 sem) aborto,2020-03-01,94,1,95
70105,EL TORNO,salud sexual y reproductiva,hemorragia de la primera mitad del embarazo (< 22 sem) aborto,2020-03-01,11,0,11
10405,EL VILLAR,salud sexual y reproductiva,hemorragia de la primera mitad del embarazo (< 22 sem) aborto,2020-03-01,1,0,1
31206,ENTRE RIOS CBBA,salud sexual y reproductiva,hemorragia de la primera mitad del embarazo (< 22 sem) aborto,2020-03-01,8,0,8
20405,ESCOMA,salud sexual y reproductiva,hemorragia de la primera mitad del embarazo (< 22 sem) aborto,2020-03-01,1,0,1
41101,EUCALIPTUS,salud sexual y reproductiva,hemorragia de la primera mitad del embarazo (< 22 sem) aborto,2020-03-01,1,0,1
21102,IRUPANA (VILLA DE LANZA),salud sexual y reproductiva,hemorragia de la primera mitad del embarazo (< 22 sem) aborto,2020-03-01,1,0,1
20806,JESUS DE MACHACA,salud sexual y reproductiva,hemorragia de la primera mitad del embarazo (< 22 sem) aborto,2020-03-01,1,0,1
21105,LA ASUNTA,salud sexual y reproductiva,hemorragia de la primera mitad del embarazo (< 22 sem) aborto,2020-03-01,0,1,1
70104,LA GUARDIA,salud sexual y reproductiva,hemorragia de la primera mitad del embarazo (< 22 sem) aborto,2020-03-01,2,0,2
20101,LA PAZ,salud sexual y reproductiva,hemorragia de la primera mitad del embarazo (< 22 sem) aborto,2020-03-01,102,1,103
80801,MAGDALENA,salud sexual y reproductiva,hemorragia de la primera mitad del embarazo (< 22 sem) aborto,2020-03-01,0,1,1
70903,MAIRANA,salud sexual y reproductiva,hemorragia de la primera mitad del embarazo (< 22 sem) aborto,2020-03-01,5,0,5
10501,MONTEAGUDO,salud sexual y reproductiva,hemorragia de la primera mitad del embarazo (< 22 sem) aborto,2020-03-01,1,0,1
71001,MONTERO,salud sexual y reproductiva,hemorragia de la primera mitad del embarazo (< 22 sem) aborto,2020-03-01,8,0,8
30302,MOROCHATA,salud sexual y reproductiva,hemorragia de la primera mitad del embarazo (< 22 sem) aborto,2020-03-01,1,0,1
90501,NUEVO MANOA (NUEVA ESPERANZA),salud sexual y reproductiva,hemorragia de la primera mitad del embarazo (< 22 sem) aborto,2020-03-01,1,0,1
50404,OCURI,salud sexual y reproductiva,hemorragia de la primera mitad del embarazo (< 22 sem) aborto,2020-03-01,1,0,1
40101,ORURO,salud sexual y reproductiva,hemorragia de la primera mitad del embarazo (< 22 sem) aborto,2020-03-01,56,0,56
10401,PADILLA,salud sexual y reproductiva,hemorragia de la primera mitad del embarazo (< 22 sem) aborto,2020-03-01,8,0,8
70502,PAILON,salud sexual y reproductiva,hemorragia de la primera mitad del embarazo (< 22 sem) aborto,2020-03-01,5,0,5
20102,PALCA,salud sexual y reproductiva,hemorragia de la primera mitad del embarazo (< 22 sem) aborto,2020-03-01,1,0,1
31203,POCONA,salud sexual y reproductiva,hemorragia de la primera mitad del embarazo (< 22 sem) aborto,2020-03-01,1,0,1
40601,POOPO,salud sexual y reproductiva,hemorragia de la primera mitad del embarazo (< 22 sem) aborto,2020-03-01,0,1,1
70103,PORONGO,salud sexual y reproductiva,hemorragia de la primera mitad del embarazo (< 22 sem) aborto,2020-03-01,1,0,1
50101,POTOSI,salud sexual y reproductiva,hemorragia de la primera mitad del embarazo (< 22 sem) aborto,2020-03-01,13,2,15
90301,PUERTO GONZALO MORENO,salud sexual y reproductiva,hemorragia de la primera mitad del embarazo (< 22 sem) aborto,2020-03-01,0,1,1
90201,PUERTO RICO,salud sexual y reproductiva,hemorragia de la primera mitad del embarazo (< 22 sem) aborto,2020-03-01,1,0,1
31205,PUERTO VILLARROEL,salud sexual y reproductiva,hemorragia de la primera mitad del embarazo (< 22 sem) aborto,2020-03-01,25,0,25
31401,PUNATA,salud sexual y reproductiva,hemorragia de la primera mitad del embarazo (< 22 sem) aborto,2020-03-01,24,0,24
30901,QUILLACOLLO,salud sexual y reproductiva,hemorragia de la primera mitad del embarazo (< 22 sem) aborto,2020-03-01,7,0,7
80201,RIBERALTA,salud sexual y reproductiva,hemorragia de la primera mitad del embarazo (< 22 sem) aborto,2020-03-01,10,0,10
70503,ROBORE,salud sexual y reproductiva,hemorragia de la primera mitad del embarazo (< 22 sem) aborto,2020-03-01,1,0,1
80304,RURRENABAQUE,salud sexual y reproductiva,hemorragia de la primera mitad del embarazo (< 22 sem) aborto,2020-03-01,1,0,1
31001,SACABA,salud sexual y reproductiva,hemorragia de la primera mitad del embarazo (< 22 sem) aborto,2020-03-01,34,19,53
80302,SAN BORJA,salud sexual y reproductiva,hemorragia de la primera mitad del embarazo (< 22 sem) aborto,2020-03-01,8,0,8
21502,SAN BUENA VENTURA,salud sexual y reproductiva,hemorragia de la primera mitad del embarazo (< 22 sem) aborto,2020-03-01,4,1,5
70402,SAN CARLOS,salud sexual y reproductiva,hemorragia de la primera mitad del embarazo (< 22 sem) aborto,2020-03-01,1,0,1
70301,SAN IGNACIO DE VELASCO,salud sexual y reproductiva,hemorragia de la primera mitad del embarazo (< 22 sem) aborto,2020-03-01,12,0,12
71104,SAN JULIAN,salud sexual y reproductiva,hemorragia de la primera mitad del embarazo (< 22 sem) aborto,2020-03-01,4,0,4
60501,SAN LORENZO(TJA),salud sexual y reproductiva,hemorragia de la primera mitad del embarazo (< 22 sem) aborto,2020-03-01,2,0,2
10702,SAN LUCAS,salud sexual y reproductiva,hemorragia de la primera mitad del embarazo (< 22 sem) aborto,2020-03-01,0,1,1
71201,SAN MATIAS,salud sexual y reproductiva,hemorragia de la primera mitad del embarazo (< 22 sem) aborto,2020-03-01,0,2,2
71005,SAN PEDRO,salud sexual y reproductiva,hemorragia de la primera mitad del embarazo (< 22 sem) aborto,2020-03-01,1,0,1
21702,SAN PEDRO DE TIQUINA,salud sexual y reproductiva,hemorragia de la primera mitad del embarazo (< 22 sem) aborto,2020-03-01,0,2,2
70101,SANTA CRUZ DE LA SIERRA,salud sexual y reproductiva,hemorragia de la primera mitad del embarazo (< 22 sem) aborto,2020-03-01,215,56,271
31602,SHINAOTA,salud sexual y reproductiva,hemorragia de la primera mitad del embarazo (< 22 sem) aborto,2020-03-01,10,0,10
30902,SIPE SIPE,salud sexual y reproductiva,hemorragia de la primera mitad del embarazo (< 22 sem) aborto,2020-03-01,2,0,2
10101,SUCRE,salud sexual y reproductiva,hemorragia de la primera mitad del embarazo (< 22 sem) aborto,2020-03-01,48,5,53
50303,TACOBAMBA,salud sexual y reproductiva,hemorragia de la primera mitad del embarazo (< 22 sem) aborto,2020-03-01,0,2,2
10601,TARABUCO,salud sexual y reproductiva,hemorragia de la primera mitad del embarazo (< 22 sem) aborto,2020-03-01,1,1,2
30401,TARATA,salud sexual y reproductiva,hemorragia de la primera mitad del embarazo (< 22 sem) aborto,2020-03-01,2,0,2
60101,TARIJA,salud sexual y reproductiva,hemorragia de la primera mitad del embarazo (< 22 sem) aborto,2020-03-01,60,0,60
10202,TARVITA,salud sexual y reproductiva,hemorragia de la primera mitad del embarazo (< 22 sem) aborto,2020-03-01,0,1,1
20608,TEOPONTE,salud sexual y reproductiva,hemorragia de la primera mitad del embarazo (< 22 sem) aborto,2020-03-01,1,0,1
20606,TIPUANI,salud sexual y reproductiva,hemorragia de la primera mitad del embarazo (< 22 sem) aborto,2020-03-01,0,1,1
30903,TIQUIPAYA,salud sexual y reproductiva,hemorragia de la primera mitad del embarazo (< 22 sem) aborto,2020-03-01,6,0,6
10402,TOMINA,salud sexual y reproductiva,hemorragia de la primera mitad del embarazo (< 22 sem) aborto,2020-03-01,2,0,2
31201,TOTORA(CBBA),salud sexual y reproductiva,hemorragia de la primera mitad del embarazo (< 22 sem) aborto,2020-03-01,1,0,1
80101,TRINIDAD,salud sexual y reproductiva,hemorragia de la primera mitad del embarazo (< 22 sem) aborto,2020-03-01,32,0,32
50801,TUPIZA,salud sexual y reproductiva,hemorragia de la primera mitad del embarazo (< 22 sem) aborto,2020-03-01,5,0,5
51201,UYUNI,salud sexual y reproductiva,hemorragia de la primera mitad del embarazo (< 22 sem) aborto,2020-03-01,8,0,8
70801,VALLEGRANDE,salud sexual y reproductiva,hemorragia de la primera mitad del embarazo (< 22 sem) aborto,2020-03-01,1,0,1
31003,VILLA TUNARI,salud sexual y reproductiva,hemorragia de la primera mitad del embarazo (< 22 sem) aborto,2020-03-01,10,0,10
51501,VILLAZON,salud sexual y reproductiva,hemorragia de la primera mitad del embarazo (< 22 sem) aborto,2020-03-01,11,0,11
70201,WARNES,salud sexual y reproductiva,hemorragia de la primera mitad del embarazo (< 22 sem) aborto,2020-03-01,0,17,17
60301,YACUIBA,salud sexual y reproductiva,hemorragia de la primera mitad del embarazo (< 22 sem) aborto,2020-03-01,6,0,6
70403,YAPACANI,salud sexual y reproductiva,hemorragia de la primera mitad del embarazo (< 22 sem) aborto,2020-03-01,13,4,17
20201,ACHACACHI,salud sexual y reproductiva,hemorragia de la primera mitad del embarazo (< 22 sem) aborto,2020-04-01,5,0,5
30201,AIQUILE,salud sexual y reproductiva,hemorragia de la primera mitad del embarazo (< 22 sem) aborto,2020-04-01,7,0,7
30403,ARBIETO,salud sexual y reproductiva,hemorragia de la primera mitad del embarazo (< 22 sem) aborto,2020-04-01,1,0,1
20502,AYATA,salud sexual y reproductiva,hemorragia de la primera mitad del embarazo (< 22 sem) aborto,2020-04-01,1,0,1
30301,AYOPAYA (V. DE INDEPENDENCIA),salud sexual y reproductiva,hemorragia de la primera mitad del embarazo (< 22 sem) aborto,2020-04-01,1,0,1
10201,AZURDUY,salud sexual y reproductiva,hemorragia de la primera mitad del embarazo (< 22 sem) aborto,2020-04-01,0,1,1
21203,BATALLAS,salud sexual y reproductiva,hemorragia de la primera mitad del embarazo (< 22 sem) aborto,2020-04-01,2,0,2
60202,BERMEJO,salud sexual y reproductiva,hemorragia de la primera mitad del embarazo (< 22 sem) aborto,2020-04-01,3,0,3
21003,CAJUATA,salud sexual y reproductiva,hemorragia de la primera mitad del embarazo (< 22 sem) aborto,2020-04-01,1,0,1
20303,CALACOTO,salud sexual y reproductiva,hemorragia de la primera mitad del embarazo (< 22 sem) aborto,2020-04-01,0,1,1
10701,CAMARGO,salud sexual y reproductiva,hemorragia de la primera mitad del embarazo (< 22 sem) aborto,2020-04-01,0,5,5
70706,CAMIRI,salud sexual y reproductiva,hemorragia de la primera mitad del embarazo (< 22 sem) aborto,2020-04-01,5,2,7
30701,CAPINOTA,salud sexual y reproductiva,hemorragia de la primera mitad del embarazo (< 22 sem) aborto,2020-04-01,1,0,1
40102,CARACOLLO,salud sexual y reproductiva,hemorragia de la primera mitad del embarazo (< 22 sem) aborto,2020-04-01,3,0,3
22001,CARANAVI,salud sexual y reproductiva,hemorragia de la primera mitad del embarazo (< 22 sem) aborto,2020-04-01,2,1,3
60302,CARAPARI,salud sexual y reproductiva,hemorragia de la primera mitad del embarazo (< 22 sem) aborto,2020-04-01,3,0,3
50702,CARIPUYO,salud sexual y reproductiva,hemorragia de la primera mitad del embarazo (< 22 sem) aborto,2020-04-01,2,0,2
40201,CHALLAPATA,salud sexual y reproductiva,hemorragia de la primera mitad del embarazo (< 22 sem) aborto,2020-04-01,5,0,5
70702,CHARAGUA,salud sexual y reproductiva,hemorragia de la primera mitad del embarazo (< 22 sem) aborto,2020-04-01,3,0,3
20203,CHUA COCANI,salud sexual y reproductiva,hemorragia de la primera mitad del embarazo (< 22 sem) aborto,2020-04-01,3,0,3
21101,CHULUMANI (V. DE LA LIBERTAD),salud sexual y reproductiva,hemorragia de la primera mitad del embarazo (< 22 sem) aborto,2020-04-01,2,0,2
51103,CKOCHAS,salud sexual y reproductiva,hemorragia de la primera mitad del embarazo (< 22 sem) aborto,2020-04-01,1,0,1
30801,CLIZA,salud sexual y reproductiva,hemorragia de la primera mitad del embarazo (< 22 sem) aborto,2020-04-01,6,0,6
90101,COBIJA,salud sexual y reproductiva,hemorragia de la primera mitad del embarazo (< 22 sem) aborto,2020-04-01,16,0,16
30303,COCAPATA,salud sexual y reproductiva,hemorragia de la primera mitad del embarazo (< 22 sem) aborto,2020-04-01,0,1,1
30101,COCHABAMBA,salud sexual y reproductiva,hemorragia de la primera mitad del embarazo (< 22 sem) aborto,2020-04-01,52,80,132
30905,COLCAPIRHUA,salud sexual y reproductiva,hemorragia de la primera mitad del embarazo (< 22 sem) aborto,2020-04-01,3,0,3
31002,COLOMI,salud sexual y reproductiva,hemorragia de la primera mitad del embarazo (< 22 sem) aborto,2020-04-01,2,0,2
20304,COMANCHE,salud sexual y reproductiva,hemorragia de la primera mitad del embarazo (< 22 sem) aborto,2020-04-01,1,0,1
71301,COMARAPA,salud sexual y reproductiva,hemorragia de la primera mitad del embarazo (< 22 sem) aborto,2020-04-01,0,2,2
71101,CONCEPCION,salud sexual y reproductiva,hemorragia de la primera mitad del embarazo (< 22 sem) aborto,2020-04-01,5,0,5
21401,COROICO,salud sexual y reproductiva,hemorragia de la primera mitad del embarazo (< 22 sem) aborto,2020-04-01,7,0,7
10902,CULPINA,salud sexual y reproductiva,hemorragia de la primera mitad del embarazo (< 22 sem) aborto,2020-04-01,0,7,7
40401,CURAHUARA DE CARANGAS,salud sexual y reproductiva,hemorragia de la primera mitad del embarazo (< 22 sem) aborto,2020-04-01,0,1,1
20105,EL ALTO,salud sexual y reproductiva,hemorragia de la primera mitad del embarazo (< 22 sem) aborto,2020-04-01,80,11,91
70105,EL TORNO,salud sexual y reproductiva,hemorragia de la primera mitad del embarazo (< 22 sem) aborto,2020-04-01,15,0,15
31206,ENTRE RIOS CBBA,salud sexual y reproductiva,hemorragia de la primera mitad del embarazo (< 22 sem) aborto,2020-04-01,20,0,20
20405,ESCOMA,salud sexual y reproductiva,hemorragia de la primera mitad del embarazo (< 22 sem) aborto,2020-04-01,2,0,2
21601,GRAL. J.J. PEREZ (CHARAZANI),salud sexual y reproductiva,hemorragia de la primera mitad del embarazo (< 22 sem) aborto,2020-04-01,1,0,1
80202,GUAYARAMERIN,salud sexual y reproductiva,hemorragia de la primera mitad del embarazo (< 22 sem) aborto,2020-04-01,2,0,2
40701,HUANUNI,salud sexual y reproductiva,hemorragia de la primera mitad del embarazo (< 22 sem) aborto,2020-04-01,4,0,4
21001,INQUISIVI,salud sexual y reproductiva,hemorragia de la primera mitad del embarazo (< 22 sem) aborto,2020-04-01,0,1,1
21102,IRUPANA (VILLA DE LANZA),salud sexual y reproductiva,hemorragia de la primera mitad del embarazo (< 22 sem) aborto,2020-04-01,3,0,3
20806,JESUS DE MACHACA,salud sexual y reproductiva,hemorragia de la primera mitad del embarazo (< 22 sem) aborto,2020-04-01,1,0,1
21105,LA ASUNTA,salud sexual y reproductiva,hemorragia de la primera mitad del embarazo (< 22 sem) aborto,2020-04-01,1,0,1
70104,LA GUARDIA,salud sexual y reproductiva,hemorragia de la primera mitad del embarazo (< 22 sem) aborto,2020-04-01,0,5,5
20101,LA PAZ,salud sexual y reproductiva,hemorragia de la primera mitad del embarazo (< 22 sem) aborto,2020-04-01,100,7,107
70903,MAIRANA,salud sexual y reproductiva,hemorragia de la primera mitad del embarazo (< 22 sem) aborto,2020-04-01,4,0,4
31301,MIZQUE,salud sexual y reproductiva,hemorragia de la primera mitad del embarazo (< 22 sem) aborto,2020-04-01,2,0,2
10501,MONTEAGUDO,salud sexual y reproductiva,hemorragia de la primera mitad del embarazo (< 22 sem) aborto,2020-04-01,1,1,2
71001,MONTERO,salud sexual y reproductiva,hemorragia de la primera mitad del embarazo (< 22 sem) aborto,2020-04-01,1,0,1
90401,NACEBE (SANTA ROSA DEL ABUNA),salud sexual y reproductiva,hemorragia de la primera mitad del embarazo (< 22 sem) aborto,2020-04-01,0,2,2
20307,NAZACARA DE PACAJES,salud sexual y reproductiva,hemorragia de la primera mitad del embarazo (< 22 sem) aborto,2020-04-01,1,0,1
50404,OCURI,salud sexual y reproductiva,hemorragia de la primera mitad del embarazo (< 22 sem) aborto,2020-04-01,2,0,2
40101,ORURO,salud sexual y reproductiva,hemorragia de la primera mitad del embarazo (< 22 sem) aborto,2020-04-01,46,2,48
10401,PADILLA,salud sexual y reproductiva,hemorragia de la primera mitad del embarazo (< 22 sem) aborto,2020-04-01,4,0,4
70502,PAILON,salud sexual y reproductiva,hemorragia de la primera mitad del embarazo (< 22 sem) aborto,2020-04-01,1,0,1
10103,POROMA,salud sexual y reproductiva,hemorragia de la primera mitad del embarazo (< 22 sem) aborto,2020-04-01,0,1,1
50101,POTOSI,salud sexual y reproductiva,hemorragia de la primera mitad del embarazo (< 22 sem) aborto,2020-04-01,14,6,20
90301,PUERTO GONZALO MORENO,salud sexual y reproductiva,hemorragia de la primera mitad del embarazo (< 22 sem) aborto,2020-04-01,1,0,1
31205,PUERTO VILLARROEL,salud sexual y reproductiva,hemorragia de la primera mitad del embarazo (< 22 sem) aborto,2020-04-01,40,0,40
31401,PUNATA,salud sexual y reproductiva,hemorragia de la primera mitad del embarazo (< 22 sem) aborto,2020-04-01,17,0,17
30901,QUILLACOLLO,salud sexual y reproductiva,hemorragia de la primera mitad del embarazo (< 22 sem) aborto,2020-04-01,10,0,10
31304,RAQAYPAMPA(ETA),salud sexual y reproductiva,hemorragia de la primera mitad del embarazo (< 22 sem) aborto,2020-04-01,1,1,2
80201,RIBERALTA,salud sexual y reproductiva,hemorragia de la primera mitad del embarazo (< 22 sem) aborto,2020-04-01,13,0,13
70503,ROBORE,salud sexual y reproductiva,hemorragia de la primera mitad del embarazo (< 22 sem) aborto,2020-04-01,2,0,2
80304,RURRENABAQUE,salud sexual y reproductiva,hemorragia de la primera mitad del embarazo (< 22 sem) aborto,2020-04-01,3,0,3
31001,SACABA,salud sexual y reproductiva,hemorragia de la primera mitad del embarazo (< 22 sem) aborto,2020-04-01,40,0,40
40801,SALINAS DE GARCI MENDOZA,salud sexual y reproductiva,hemorragia de la primera mitad del embarazo (< 22 sem) aborto,2020-04-01,2,0,2
80302,SAN BORJA,salud sexual y reproductiva,hemorragia de la primera mitad del embarazo (< 22 sem) aborto,2020-04-01,5,0,5
21502,SAN BUENA VENTURA,salud sexual y reproductiva,hemorragia de la primera mitad del embarazo (< 22 sem) aborto,2020-04-01,2,0,2
70402,SAN CARLOS,salud sexual y reproductiva,hemorragia de la primera mitad del embarazo (< 22 sem) aborto,2020-04-01,2,0,2
70301,SAN IGNACIO DE VELASCO,salud sexual y reproductiva,hemorragia de la primera mitad del embarazo (< 22 sem) aborto,2020-04-01,7,0,7
70501,SAN JOSE DE CHIQUITOS,salud sexual y reproductiva,hemorragia de la primera mitad del embarazo (< 22 sem) aborto,2020-04-01,7,0,7
71104,SAN JULIAN,salud sexual y reproductiva,hemorragia de la primera mitad del embarazo (< 22 sem) aborto,2020-04-01,8,0,8
60501,SAN LORENZO(TJA),salud sexual y reproductiva,hemorragia de la primera mitad del embarazo (< 22 sem) aborto,2020-04-01,1,0,1
10702,SAN LUCAS,salud sexual y reproductiva,hemorragia de la primera mitad del embarazo (< 22 sem) aborto,2020-04-01,0,1,1
71201,SAN MATIAS,salud sexual y reproductiva,hemorragia de la primera mitad del embarazo (< 22 sem) aborto,2020-04-01,1,0,1
70302,SAN MIGUEL DE VELASCO,salud sexual y reproductiva,hemorragia de la primera mitad del embarazo (< 22 sem) aborto,2020-04-01,5,0,5
80702,SAN RAMON BENI,salud sexual y reproductiva,hemorragia de la primera mitad del embarazo (< 22 sem) aborto,2020-04-01,1,0,1
80401,SANTA ANA,salud sexual y reproductiva,hemorragia de la primera mitad del embarazo (< 22 sem) aborto,2020-04-01,8,0,8
70101,SANTA CRUZ DE LA SIERRA,salud sexual y reproductiva,hemorragia de la primera mitad del embarazo (< 22 sem) aborto,2020-04-01,138,58,196
90303,SENA,salud sexual y reproductiva,hemorragia de la primera mitad del embarazo (< 22 sem) aborto,2020-04-01,0,3,3
31602,SHINAOTA,salud sexual y reproductiva,hemorragia de la primera mitad del embarazo (< 22 sem) aborto,2020-04-01,1,0,1
30703,SICAYA,salud sexual y reproductiva,hemorragia de la primera mitad del embarazo (< 22 sem) aborto,2020-04-01,0,1,1
30902,SIPE SIPE,salud sexual y reproductiva,hemorragia de la primera mitad del embarazo (< 22 sem) aborto,2020-04-01,5,0,5
10101,SUCRE,salud sexual y reproductiva,hemorragia de la primera mitad del embarazo (< 22 sem) aborto,2020-04-01,54,0,54
20603,TACACOMA,salud sexual y reproductiva,hemorragia de la primera mitad del embarazo (< 22 sem) aborto,2020-04-01,0,1,1
10601,TARABUCO,salud sexual y reproductiva,hemorragia de la primera mitad del embarazo (< 22 sem) aborto,2020-04-01,2,0,2
60101,TARIJA,salud sexual y reproductiva,hemorragia de la primera mitad del embarazo (< 22 sem) aborto,2020-04-01,48,0,48
10202,TARVITA,salud sexual y reproductiva,hemorragia de la primera mitad del embarazo (< 22 sem) aborto,2020-04-01,1,1,2
20606,TIPUANI,salud sexual y reproductiva,hemorragia de la primera mitad del embarazo (< 22 sem) aborto,2020-04-01,1,0,1
30903,TIQUIPAYA,salud sexual y reproductiva,hemorragia de la primera mitad del embarazo (< 22 sem) aborto,2020-04-01,5,0,5
31201,TOTORA(CBBA),salud sexual y reproductiva,hemorragia de la primera mitad del embarazo (< 22 sem) aborto,2020-04-01,3,0,3
80101,TRINIDAD,salud sexual y reproductiva,hemorragia de la primera mitad del embarazo (< 22 sem) aborto,2020-04-01,23,1,24
50801,TUPIZA,salud sexual y reproductiva,hemorragia de la primera mitad del embarazo (< 22 sem) aborto,2020-04-01,10,0,10
40402,TURCO,salud sexual y reproductiva,hemorragia de la primera mitad del embarazo (< 22 sem) aborto,2020-04-01,0,1,1
50201,UNCIA,salud sexual y reproductiva,hemorragia de la primera mitad del embarazo (< 22 sem) aborto,2020-04-01,0,1,1
51201,UYUNI,salud sexual y reproductiva,hemorragia de la primera mitad del embarazo (< 22 sem) aborto,2020-04-01,10,0,10
60303,VILLA MONTES,salud sexual y reproductiva,hemorragia de la primera mitad del embarazo (< 22 sem) aborto,2020-04-01,0,6,6
31003,VILLA TUNARI,salud sexual y reproductiva,hemorragia de la primera mitad del embarazo (< 22 sem) aborto,2020-04-01,11,0,11
51501,VILLAZON,salud sexual y reproductiva,hemorragia de la primera mitad del embarazo (< 22 sem) aborto,2020-04-01,18,0,18
30904,VINTO,salud sexual y reproductiva,hemorragia de la primera mitad del embarazo (< 22 sem) aborto,2020-04-01,15,0,15
50602,VITICHI,salud sexual y reproductiva,hemorragia de la primera mitad del embarazo (< 22 sem) aborto,2020-04-01,3,0,3
70201,WARNES,salud sexual y reproductiva,hemorragia de la primera mitad del embarazo (< 22 sem) aborto,2020-04-01,0,12,12
60301,YACUIBA,salud sexual y reproductiva,hemorragia de la primera mitad del embarazo (< 22 sem) aborto,2020-04-01,13,0,13
70403,YAPACANI,salud sexual y reproductiva,hemorragia de la primera mitad del embarazo (< 22 sem) aborto,2020-04-01,12,2,14
20201,ACHACACHI,salud sexual y reproductiva,hemorragia de la primera mitad del embarazo (< 22 sem) aborto,2020-05-01,4,0,4
30201,AIQUILE,salud sexual y reproductiva,hemorragia de la primera mitad del embarazo (< 22 sem) aborto,2020-05-01,3,0,3
30301,AYOPAYA (V. DE INDEPENDENCIA),salud sexual y reproductiva,hemorragia de la primera mitad del embarazo (< 22 sem) aborto,2020-05-01,1,0,1
60202,BERMEJO,salud sexual y reproductiva,hemorragia de la primera mitad del embarazo (< 22 sem) aborto,2020-05-01,1,0,1
20905,CAIROMA,salud sexual y reproductiva,hemorragia de la primera mitad del embarazo (< 22 sem) aborto,2020-05-01,1,0,1
10701,CAMARGO,salud sexual y reproductiva,hemorragia de la primera mitad del embarazo (< 22 sem) aborto,2020-05-01,0,3,3
70706,CAMIRI,salud sexual y reproductiva,hemorragia de la primera mitad del embarazo (< 22 sem) aborto,2020-05-01,5,0,5
30701,CAPINOTA,salud sexual y reproductiva,hemorragia de la primera mitad del embarazo (< 22 sem) aborto,2020-05-01,5,0,5
40102,CARACOLLO,salud sexual y reproductiva,hemorragia de la primera mitad del embarazo (< 22 sem) aborto,2020-05-01,4,0,4
22001,CARANAVI,salud sexual y reproductiva,hemorragia de la primera mitad del embarazo (< 22 sem) aborto,2020-05-01,9,0,9
40201,CHALLAPATA,salud sexual y reproductiva,hemorragia de la primera mitad del embarazo (< 22 sem) aborto,2020-05-01,1,0,1
21101,CHULUMANI (V. DE LA LIBERTAD),salud sexual y reproductiva,hemorragia de la primera mitad del embarazo (< 22 sem) aborto,2020-05-01,1,0,1
30801,CLIZA,salud sexual y reproductiva,hemorragia de la primera mitad del embarazo (< 22 sem) aborto,2020-05-01,3,0,3
90101,COBIJA,salud sexual y reproductiva,hemorragia de la primera mitad del embarazo (< 22 sem) aborto,2020-05-01,14,0,14
30101,COCHABAMBA,salud sexual y reproductiva,hemorragia de la primera mitad del embarazo (< 22 sem) aborto,2020-05-01,91,79,170
30905,COLCAPIRHUA,salud sexual y reproductiva,hemorragia de la primera mitad del embarazo (< 22 sem) aborto,2020-05-01,1,0,1
50401,COLQUECHACA,salud sexual y reproductiva,hemorragia de la primera mitad del embarazo (< 22 sem) aborto,2020-05-01,1,1,2
71301,COMARAPA,salud sexual y reproductiva,hemorragia de la primera mitad del embarazo (< 22 sem) aborto,2020-05-01,0,3,3
71101,CONCEPCION,salud sexual y reproductiva,hemorragia de la primera mitad del embarazo (< 22 sem) aborto,2020-05-01,4,0,4
21401,COROICO,salud sexual y reproductiva,hemorragia de la primera mitad del embarazo (< 22 sem) aborto,2020-05-01,8,0,8
10902,CULPINA,salud sexual y reproductiva,hemorragia de la primera mitad del embarazo (< 22 sem) aborto,2020-05-01,0,6,6
20105,EL ALTO,salud sexual y reproductiva,hemorragia de la primera mitad del embarazo (< 22 sem) aborto,2020-05-01,83,2,85
70105,EL TORNO,salud sexual y reproductiva,hemorragia de la primera mitad del embarazo (< 22 sem) aborto,2020-05-01,7,0,7
31206,ENTRE RIOS CBBA,salud sexual y reproductiva,hemorragia de la primera mitad del embarazo (< 22 sem) aborto,2020-05-01,7,0,7
80202,GUAYARAMERIN,salud sexual y reproductiva,hemorragia de la primera mitad del embarazo (< 22 sem) aborto,2020-05-01,1,0,1
40701,HUANUNI,salud sexual y reproductiva,hemorragia de la primera mitad del embarazo (< 22 sem) aborto,2020-05-01,3,0,3
10703,INCAHUASI,salud sexual y reproductiva,hemorragia de la primera mitad del embarazo (< 22 sem) aborto,2020-05-01,2,0,2
21102,IRUPANA (VILLA DE LANZA),salud sexual y reproductiva,hemorragia de la primera mitad del embarazo (< 22 sem) aborto,2020-05-01,1,0,1
20806,JESUS DE MACHACA,salud sexual y reproductiva,hemorragia de la primera mitad del embarazo (< 22 sem) aborto,2020-05-01,0,1,1
70104,LA GUARDIA,salud sexual y reproductiva,hemorragia de la primera mitad del embarazo (< 22 sem) aborto,2020-05-01,8,3,11
20101,LA PAZ,salud sexual y reproductiva,hemorragia de la primera mitad del embarazo (< 22 sem) aborto,2020-05-01,73,0,73
51401,LLICA,salud sexual y reproductiva,hemorragia de la primera mitad del embarazo (< 22 sem) aborto,2020-05-01,1,0,1
11003,MACHARETI,salud sexual y reproductiva,hemorragia de la primera mitad del embarazo (< 22 sem) aborto,2020-05-01,1,1,2
31301,MIZQUE,salud sexual y reproductiva,hemorragia de la primera mitad del embarazo (< 22 sem) aborto,2020-05-01,1,0,1
10501,MONTEAGUDO,salud sexual y reproductiva,hemorragia de la primera mitad del embarazo (< 22 sem) aborto,2020-05-01,8,0,8
71001,MONTERO,salud sexual y reproductiva,hemorragia de la primera mitad del embarazo (< 22 sem) aborto,2020-05-01,2,0,2
30302,MOROCHATA,salud sexual y reproductiva,hemorragia de la primera mitad del embarazo (< 22 sem) aborto,2020-05-01,1,0,1
50404,OCURI,salud sexual y reproductiva,hemorragia de la primera mitad del embarazo (< 22 sem) aborto,2020-05-01,1,0,1
40101,ORURO,salud sexual y reproductiva,hemorragia de la primera mitad del embarazo (< 22 sem) aborto,2020-05-01,39,0,39
10401,PADILLA,salud sexual y reproductiva,hemorragia de la primera mitad del embarazo (< 22 sem) aborto,2020-05-01,2,0,2
70502,PAILON,salud sexual y reproductiva,hemorragia de la primera mitad del embarazo (< 22 sem) aborto,2020-05-01,1,0,1
21104,PALOS BLANCOS,salud sexual y reproductiva,hemorragia de la primera mitad del embarazo (< 22 sem) aborto,2020-05-01,0,1,1
21305,PATACAMAYA,salud sexual y reproductiva,hemorragia de la primera mitad del embarazo (< 22 sem) aborto,2020-05-01,1,0,1
31203,POCONA,salud sexual y reproductiva,hemorragia de la primera mitad del embarazo (< 22 sem) aborto,2020-05-01,1,0,1
50101,POTOSI,salud sexual y reproductiva,hemorragia de la primera mitad del embarazo (< 22 sem) aborto,2020-05-01,13,13,26
10302,PRESTO,salud sexual y reproductiva,hemorragia de la primera mitad del embarazo (< 22 sem) aborto,2020-05-01,1,0,1
31205,PUERTO VILLARROEL,salud sexual y reproductiva,hemorragia de la primera mitad del embarazo (< 22 sem) aborto,2020-05-01,10,0,10
31401,PUNATA,salud sexual y reproductiva,hemorragia de la primera mitad del embarazo (< 22 sem) aborto,2020-05-01,14,0,14
30901,QUILLACOLLO,salud sexual y reproductiva,hemorragia de la primera mitad del embarazo (< 22 sem) aborto,2020-05-01,7,0,7
50402,RAVELO,salud sexual y reproductiva,hemorragia de la primera mitad del embarazo (< 22 sem) aborto,2020-05-01,1,0,1
80201,RIBERALTA,salud sexual y reproductiva,hemorragia de la primera mitad del embarazo (< 22 sem) aborto,2020-05-01,12,0,12
70503,ROBORE,salud sexual y reproductiva,hemorragia de la primera mitad del embarazo (< 22 sem) aborto,2020-05-01,1,0,1
80304,RURRENABAQUE,salud sexual y reproductiva,hemorragia de la primera mitad del embarazo (< 22 sem) aborto,2020-05-01,2,0,2
31001,SACABA,salud sexual y reproductiva,hemorragia de la primera mitad del embarazo (< 22 sem) aborto,2020-05-01,37,1,38
80302,SAN BORJA,salud sexual y reproductiva,hemorragia de la primera mitad del embarazo (< 22 sem) aborto,2020-05-01,4,0,4
70402,SAN CARLOS,salud sexual y reproductiva,hemorragia de la primera mitad del embarazo (< 22 sem) aborto,2020-05-01,5,1,6
80501,SAN IGNACIO,salud sexual y reproductiva,hemorragia de la primera mitad del embarazo (< 22 sem) aborto,2020-05-01,2,0,2
70301,SAN IGNACIO DE VELASCO,salud sexual y reproductiva,hemorragia de la primera mitad del embarazo (< 22 sem) aborto,2020-05-01,8,0,8
71102,SAN JAVIER(STC),salud sexual y reproductiva,hemorragia de la primera mitad del embarazo (< 22 sem) aborto,2020-05-01,1,0,1
70501,SAN JOSE DE CHIQUITOS,salud sexual y reproductiva,hemorragia de la primera mitad del embarazo (< 22 sem) aborto,2020-05-01,3,0,3
60501,SAN LORENZO(TJA),salud sexual y reproductiva,hemorragia de la primera mitad del embarazo (< 22 sem) aborto,2020-05-01,1,0,1
10702,SAN LUCAS,salud sexual y reproductiva,hemorragia de la primera mitad del embarazo (< 22 sem) aborto,2020-05-01,0,1,1
71201,SAN MATIAS,salud sexual y reproductiva,hemorragia de la primera mitad del embarazo (< 22 sem) aborto,2020-05-01,0,3,3
70302,SAN MIGUEL DE VELASCO,salud sexual y reproductiva,hemorragia de la primera mitad del embarazo (< 22 sem) aborto,2020-05-01,2,0,2
70101,SANTA CRUZ DE LA SIERRA,salud sexual y reproductiva,hemorragia de la primera mitad del embarazo (< 22 sem) aborto,2020-05-01,102,49,151
90303,SENA,salud sexual y reproductiva,hemorragia de la primera mitad del embarazo (< 22 sem) aborto,2020-05-01,0,1,1
31602,SHINAOTA,salud sexual y reproductiva,hemorragia de la primera mitad del embarazo (< 22 sem) aborto,2020-05-01,3,0,3
21301,SICA SICA (VILLA AROMA),salud sexual y reproductiva,hemorragia de la primera mitad del embarazo (< 22 sem) aborto,2020-05-01,2,0,2
30902,SIPE SIPE,salud sexual y reproductiva,hemorragia de la primera mitad del embarazo (< 22 sem) aborto,2020-05-01,1,0,1
20601,SORATA,salud sexual y reproductiva,hemorragia de la primera mitad del embarazo (< 22 sem) aborto,2020-05-01,1,0,1
10101,SUCRE,salud sexual y reproductiva,hemorragia de la primera mitad del embarazo (< 22 sem) aborto,2020-05-01,50,9,59
50303,TACOBAMBA,salud sexual y reproductiva,hemorragia de la primera mitad del embarazo (< 22 sem) aborto,2020-05-01,1,0,1
10601,TARABUCO,salud sexual y reproductiva,hemorragia de la primera mitad del embarazo (< 22 sem) aborto,2020-05-01,1,0,1
30401,TARATA,salud sexual y reproductiva,hemorragia de la primera mitad del embarazo (< 22 sem) aborto,2020-05-01,2,0,2
60101,TARIJA,salud sexual y reproductiva,hemorragia de la primera mitad del embarazo (< 22 sem) aborto,2020-05-01,40,0,40
20803,TIAHUANACU,salud sexual y reproductiva,hemorragia de la primera mitad del embarazo (< 22 sem) aborto,2020-05-01,1,0,1
30903,TIQUIPAYA,salud sexual y reproductiva,hemorragia de la primera mitad del embarazo (< 22 sem) aborto,2020-05-01,5,0,5
21703,TITO YUPANQUI (PARQUIPUJIO),salud sexual y reproductiva,hemorragia de la primera mitad del embarazo (< 22 sem) aborto,2020-05-01,1,0,1
30802,TOCO,salud sexual y reproductiva,hemorragia de la primera mitad del embarazo (< 22 sem) aborto,2020-05-01,1,0,1
30803,TOLATA,salud sexual y reproductiva,hemorragia de la primera mitad del embarazo (< 22 sem) aborto,2020-05-01,0,1,1
31201,TOTORA(CBBA),salud sexual y reproductiva,hemorragia de la primera mitad del embarazo (< 22 sem) aborto,2020-05-01,4,0,4
80101,TRINIDAD,salud sexual y reproductiva,hemorragia de la primera mitad del embarazo (< 22 sem) aborto,2020-05-01,14,0,14
50801,TUPIZA,salud sexual y reproductiva,hemorragia de la primera mitad del embarazo (< 22 sem) aborto,2020-05-01,11,0,11
51201,UYUNI,salud sexual y reproductiva,hemorragia de la primera mitad del embarazo (< 22 sem) aborto,2020-05-01,6,0,6
20801,VIACHA,salud sexual y reproductiva,hemorragia de la primera mitad del embarazo (< 22 sem) aborto,2020-05-01,1,0,1
60303,VILLA MONTES,salud sexual y reproductiva,hemorragia de la primera mitad del embarazo (< 22 sem) aborto,2020-05-01,1,2,3
31003,VILLA TUNARI,salud sexual y reproductiva,hemorragia de la primera mitad del embarazo (< 22 sem) aborto,2020-05-01,10,0,10
51501,VILLAZON,salud sexual y reproductiva,hemorragia de la primera mitad del embarazo (< 22 sem) aborto,2020-05-01,13,0,13
30904,VINTO,salud sexual y reproductiva,hemorragia de la primera mitad del embarazo (< 22 sem) aborto,2020-05-01,4,0,4
50602,VITICHI,salud sexual y reproductiva,hemorragia de la primera mitad del embarazo (< 22 sem) aborto,2020-05-01,1,0,1
70201,WARNES,salud sexual y reproductiva,hemorragia de la primera mitad del embarazo (< 22 sem) aborto,2020-05-01,0,9,9
60301,YACUIBA,salud sexual y reproductiva,hemorragia de la primera mitad del embarazo (< 22 sem) aborto,2020-05-01,2,0,2
70403,YAPACANI,salud sexual y reproductiva,hemorragia de la primera mitad del embarazo (< 22 sem) aborto,2020-05-01,6,0,6
10102,YOTALA,salud sexual y reproductiva,hemorragia de la primera mitad del embarazo (< 22 sem) aborto,2020-05-01,0,1,1
20201,ACHACACHI,salud sexual y reproductiva,hemorragia de la primera mitad del embarazo (< 22 sem) aborto,2020-06-01,2,0,2
30201,AIQUILE,salud sexual y reproductiva,hemorragia de la primera mitad del embarazo (< 22 sem) aborto,2020-06-01,5,0,5
30403,ARBIETO,salud sexual y reproductiva,hemorragia de la primera mitad del embarazo (< 22 sem) aborto,2020-06-01,1,0,1
30601,ARQUE,salud sexual y reproductiva,hemorragia de la primera mitad del embarazo (< 22 sem) aborto,2020-06-01,0,1,1
20502,AYATA,salud sexual y reproductiva,hemorragia de la primera mitad del embarazo (< 22 sem) aborto,2020-06-01,0,1,1
30301,AYOPAYA (V. DE INDEPENDENCIA),salud sexual y reproductiva,hemorragia de la primera mitad del embarazo (< 22 sem) aborto,2020-06-01,1,0,1
21203,BATALLAS,salud sexual y reproductiva,hemorragia de la primera mitad del embarazo (< 22 sem) aborto,2020-06-01,1,0,1
60202,BERMEJO,salud sexual y reproductiva,hemorragia de la primera mitad del embarazo (< 22 sem) aborto,2020-06-01,6,0,6
20905,CAIROMA,salud sexual y reproductiva,hemorragia de la primera mitad del embarazo (< 22 sem) aborto,2020-06-01,1,0,1
21003,CAJUATA,salud sexual y reproductiva,hemorragia de la primera mitad del embarazo (< 22 sem) aborto,2020-06-01,0,1,1
10701,CAMARGO,salud sexual y reproductiva,hemorragia de la primera mitad del embarazo (< 22 sem) aborto,2020-06-01,0,6,6
70706,CAMIRI,salud sexual y reproductiva,hemorragia de la primera mitad del embarazo (< 22 sem) aborto,2020-06-01,6,0,6
30701,CAPINOTA,salud sexual y reproductiva,hemorragia de la primera mitad del embarazo (< 22 sem) aborto,2020-06-01,3,0,3
40102,CARACOLLO,salud sexual y reproductiva,hemorragia de la primera mitad del embarazo (< 22 sem) aborto,2020-06-01,3,0,3
22001,CARANAVI,salud sexual y reproductiva,hemorragia de la primera mitad del embarazo (< 22 sem) aborto,2020-06-01,18,0,18
60302,CARAPARI,salud sexual y reproductiva,hemorragia de la primera mitad del embarazo (< 22 sem) aborto,2020-06-01,2,0,2
50702,CARIPUYO,salud sexual y reproductiva,hemorragia de la primera mitad del embarazo (< 22 sem) aborto,2020-06-01,2,0,2
21902,CATACORA,salud sexual y reproductiva,hemorragia de la primera mitad del embarazo (< 22 sem) aborto,2020-06-01,0,1,1
40201,CHALLAPATA,salud sexual y reproductiva,hemorragia de la primera mitad del embarazo (< 22 sem) aborto,2020-06-01,1,0,1
70702,CHARAGUA,salud sexual y reproductiva,hemorragia de la primera mitad del embarazo (< 22 sem) aborto,2020-06-01,1,0,1
50202,CHAYANTA,salud sexual y reproductiva,hemorragia de la primera mitad del embarazo (< 22 sem) aborto,2020-06-01,0,1,1
30801,CLIZA,salud sexual y reproductiva,hemorragia de la primera mitad del embarazo (< 22 sem) aborto,2020-06-01,12,0,12
90101,COBIJA,salud sexual y reproductiva,hemorragia de la primera mitad del embarazo (< 22 sem) aborto,2020-06-01,10,0,10
30101,COCHABAMBA,salud sexual y reproductiva,hemorragia de la primera mitad del embarazo (< 22 sem) aborto,2020-06-01,91,1,92
30905,COLCAPIRHUA,salud sexual y reproductiva,hemorragia de la primera mitad del embarazo (< 22 sem) aborto,2020-06-01,4,1,5
50401,COLQUECHACA,salud sexual y reproductiva,hemorragia de la primera mitad del embarazo (< 22 sem) aborto,2020-06-01,3,0,3
71301,COMARAPA,salud sexual y reproductiva,hemorragia de la primera mitad del embarazo (< 22 sem) aborto,2020-06-01,0,1,1
71101,CONCEPCION,salud sexual y reproductiva,hemorragia de la primera mitad del embarazo (< 22 sem) aborto,2020-06-01,6,0,6
21401,COROICO,salud sexual y reproductiva,hemorragia de la primera mitad del embarazo (< 22 sem) aborto,2020-06-01,2,0,2
50601,COTAGAITA,salud sexual y reproductiva,hemorragia de la primera mitad del embarazo (< 22 sem) aborto,2020-06-01,1,1,2
10902,CULPINA,salud sexual y reproductiva,hemorragia de la primera mitad del embarazo (< 22 sem) aborto,2020-06-01,0,2,2
20105,EL ALTO,salud sexual y reproductiva,hemorragia de la primera mitad del embarazo (< 22 sem) aborto,2020-06-01,81,6,87
70105,EL TORNO,salud sexual y reproductiva,hemorragia de la primera mitad del embarazo (< 22 sem) aborto,2020-06-01,8,0,8
31206,ENTRE RIOS CBBA,salud sexual y reproductiva,hemorragia de la primera mitad del embarazo (< 22 sem) aborto,2020-06-01,2,0,2
20602,GUANAY,salud sexual y reproductiva,hemorragia de la primera mitad del embarazo (< 22 sem) aborto,2020-06-01,1,0,1
80202,GUAYARAMERIN,salud sexual y reproductiva,hemorragia de la primera mitad del embarazo (< 22 sem) aborto,2020-06-01,0,1,1
40701,HUANUNI,salud sexual y reproductiva,hemorragia de la primera mitad del embarazo (< 22 sem) aborto,2020-06-01,5,0,5
10304,ICLA,salud sexual y reproductiva,hemorragia de la primera mitad del embarazo (< 22 sem) aborto,2020-06-01,1,0,1
21102,IRUPANA (VILLA DE LANZA),salud sexual y reproductiva,hemorragia de la primera mitad del embarazo (< 22 sem) aborto,2020-06-01,5,0,5
70104,LA GUARDIA,salud sexual y reproductiva,hemorragia de la primera mitad del embarazo (< 22 sem) aborto,2020-06-01,5,3,8
20101,LA PAZ,salud sexual y reproductiva,hemorragia de la primera mitad del embarazo (< 22 sem) aborto,2020-06-01,145,0,145
70903,MAIRANA,salud sexual y reproductiva,hemorragia de la primera mitad del embarazo (< 22 sem) aborto,2020-06-01,3,0,3
20607,MAPIRI,salud sexual y reproductiva,hemorragia de la primera mitad del embarazo (< 22 sem) aborto,2020-06-01,0,1,1
31301,MIZQUE,salud sexual y reproductiva,hemorragia de la primera mitad del embarazo (< 22 sem) aborto,2020-06-01,1,0,1
10501,MONTEAGUDO,salud sexual y reproductiva,hemorragia de la primera mitad del embarazo (< 22 sem) aborto,2020-06-01,4,0,4
71001,MONTERO,salud sexual y reproductiva,hemorragia de la primera mitad del embarazo (< 22 sem) aborto,2020-06-01,1,0,1
50404,OCURI,salud sexual y reproductiva,hemorragia de la primera mitad del embarazo (< 22 sem) aborto,2020-06-01,2,0,2
30203,OMEREQUE,salud sexual y reproductiva,hemorragia de la primera mitad del embarazo (< 22 sem) aborto,2020-06-01,1,0,1
40101,ORURO,salud sexual y reproductiva,hemorragia de la primera mitad del embarazo (< 22 sem) aborto,2020-06-01,56,0,56
10401,PADILLA,salud sexual y reproductiva,hemorragia de la primera mitad del embarazo (< 22 sem) aborto,2020-06-01,9,0,9
21305,PATACAMAYA,salud sexual y reproductiva,hemorragia de la primera mitad del embarazo (< 22 sem) aborto,2020-06-01,4,0,4
31203,POCONA,salud sexual y reproductiva,hemorragia de la primera mitad del embarazo (< 22 sem) aborto,2020-06-01,2,0,2
31202,POJO (CBBA),salud sexual y reproductiva,hemorragia de la primera mitad del embarazo (< 22 sem) aborto,2020-06-01,1,0,1
10103,POROMA,salud sexual y reproductiva,hemorragia de la primera mitad del embarazo (< 22 sem) aborto,2020-06-01,0,1,1
50101,POTOSI,salud sexual y reproductiva,hemorragia de la primera mitad del embarazo (< 22 sem) aborto,2020-06-01,3,4,7
31205,PUERTO VILLARROEL,salud sexual y reproductiva,hemorragia de la primera mitad del embarazo (< 22 sem) aborto,2020-06-01,18,0,18
51101,PUNA,salud sexual y reproductiva,hemorragia de la primera mitad del embarazo (< 22 sem) aborto,2020-06-01,1,0,1
31401,PUNATA,salud sexual y reproductiva,hemorragia de la primera mitad del embarazo (< 22 sem) aborto,2020-06-01,15,0,15
30901,QUILLACOLLO,salud sexual y reproductiva,hemorragia de la primera mitad del embarazo (< 22 sem) aborto,2020-06-01,12,0,12
31304,RAQAYPAMPA(ETA),salud sexual y reproductiva,hemorragia de la primera mitad del embarazo (< 22 sem) aborto,2020-06-01,1,0,1
80201,RIBERALTA,salud sexual y reproductiva,hemorragia de la primera mitad del embarazo (< 22 sem) aborto,2020-06-01,7,1,8
70503,ROBORE,salud sexual y reproductiva,hemorragia de la primera mitad del embarazo (< 22 sem) aborto,2020-06-01,2,0,2
80304,RURRENABAQUE,salud sexual y reproductiva,hemorragia de la primera mitad del embarazo (< 22 sem) aborto,2020-06-01,4,0,4
31001,SACABA,salud sexual y reproductiva,hemorragia de la primera mitad del embarazo (< 22 sem) aborto,2020-06-01,48,0,48
80302,SAN BORJA,salud sexual y reproductiva,hemorragia de la primera mitad del embarazo (< 22 sem) aborto,2020-06-01,4,0,4
70402,SAN CARLOS,salud sexual y reproductiva,hemorragia de la primera mitad del embarazo (< 22 sem) aborto,2020-06-01,1,0,1
80501,SAN IGNACIO,salud sexual y reproductiva,hemorragia de la primera mitad del embarazo (< 22 sem) aborto,2020-06-01,2,0,2
70301,SAN IGNACIO DE VELASCO,salud sexual y reproductiva,hemorragia de la primera mitad del embarazo (< 22 sem) aborto,2020-06-01,3,0,3
71104,SAN JULIAN,salud sexual y reproductiva,hemorragia de la primera mitad del embarazo (< 22 sem) aborto,2020-06-01,2,0,2
10702,SAN LUCAS,salud sexual y reproductiva,hemorragia de la primera mitad del embarazo (< 22 sem) aborto,2020-06-01,4,1,5
71201,SAN MATIAS,salud sexual y reproductiva,hemorragia de la primera mitad del embarazo (< 22 sem) aborto,2020-06-01,1,2,3
70101,SANTA CRUZ DE LA SIERRA,salud sexual y reproductiva,hemorragia de la primera mitad del embarazo (< 22 sem) aborto,2020-06-01,130,34,164
31602,SHINAOTA,salud sexual y reproductiva,hemorragia de la primera mitad del embarazo (< 22 sem) aborto,2020-06-01,8,0,8
30902,SIPE SIPE,salud sexual y reproductiva,hemorragia de la primera mitad del embarazo (< 22 sem) aborto,2020-06-01,3,1,4
10403,SOPACHUY,salud sexual y reproductiva,hemorragia de la primera mitad del embarazo (< 22 sem) aborto,2020-06-01,1,0,1
10101,SUCRE,salud sexual y reproductiva,hemorragia de la primera mitad del embarazo (< 22 sem) aborto,2020-06-01,47,1,48
50303,TACOBAMBA,salud sexual y reproductiva,hemorragia de la primera mitad del embarazo (< 22 sem) aborto,2020-06-01,0,1,1
10601,TARABUCO,salud sexual y reproductiva,hemorragia de la primera mitad del embarazo (< 22 sem) aborto,2020-06-01,2,0,2
30401,TARATA,salud sexual y reproductiva,hemorragia de la primera mitad del embarazo (< 22 sem) aborto,2020-06-01,3,0,3
60101,TARIJA,salud sexual y reproductiva,hemorragia de la primera mitad del embarazo (< 22 sem) aborto,2020-06-01,21,2,23
10202,TARVITA,salud sexual y reproductiva,hemorragia de la primera mitad del embarazo (< 22 sem) aborto,2020-06-01,0,1,1
20608,TEOPONTE,salud sexual y reproductiva,hemorragia de la primera mitad del embarazo (< 22 sem) aborto,2020-06-01,1,0,1
50102,TINGUIPAYA,salud sexual y reproductiva,hemorragia de la primera mitad del embarazo (< 22 sem) aborto,2020-06-01,3,1,4
20606,TIPUANI,salud sexual y reproductiva,hemorragia de la primera mitad del embarazo (< 22 sem) aborto,2020-06-01,2,0,2
30903,TIQUIPAYA,salud sexual y reproductiva,hemorragia de la primera mitad del embarazo (< 22 sem) aborto,2020-06-01,7,0,7
31601,TIRAQUE (CBBA),salud sexual y reproductiva,hemorragia de la primera mitad del embarazo (< 22 sem) aborto,2020-06-01,1,0,1
10402,TOMINA,salud sexual y reproductiva,hemorragia de la primera mitad del embarazo (< 22 sem) aborto,2020-06-01,0,1,1
31201,TOTORA(CBBA),salud sexual y reproductiva,hemorragia de la primera mitad del embarazo (< 22 sem) aborto,2020-06-01,2,0,2
80101,TRINIDAD,salud sexual y reproductiva,hemorragia de la primera mitad del embarazo (< 22 sem) aborto,2020-06-01,24,0,24
50801,TUPIZA,salud sexual y reproductiva,hemorragia de la primera mitad del embarazo (< 22 sem) aborto,2020-06-01,8,0,8
60401,URIONDO (A. CONCEPCION),salud sexual y reproductiva,hemorragia de la primera mitad del embarazo (< 22 sem) aborto,2020-06-01,1,0,1
51201,UYUNI,salud sexual y reproductiva,hemorragia de la primera mitad del embarazo (< 22 sem) aborto,2020-06-01,12,0,12
70801,VALLEGRANDE,salud sexual y reproductiva,hemorragia de la primera mitad del embarazo (< 22 sem) aborto,2020-06-01,1,0,1
20801,VIACHA,salud sexual y reproductiva,hemorragia de la primera mitad del embarazo (< 22 sem) aborto,2020-06-01,3,0,3
60303,VILLA MONTES,salud sexual y reproductiva,hemorragia de la primera mitad del embarazo (< 22 sem) aborto,2020-06-01,2,8,10
31003,VILLA TUNARI,salud sexual y reproductiva,hemorragia de la primera mitad del embarazo (< 22 sem) aborto,2020-06-01,6,0,6
51501,VILLAZON,salud sexual y reproductiva,hemorragia de la primera mitad del embarazo (< 22 sem) aborto,2020-06-01,5,0,5
30904,VINTO,salud sexual y reproductiva,hemorragia de la primera mitad del embarazo (< 22 sem) aborto,2020-06-01,11,0,11
70201,WARNES,salud sexual y reproductiva,hemorragia de la primera mitad del embarazo (< 22 sem) aborto,2020-06-01,0,10,10
20903,YACO,salud sexual y reproductiva,hemorragia de la primera mitad del embarazo (< 22 sem) aborto,2020-06-01,2,0,2
60301,YACUIBA,salud sexual y reproductiva,hemorragia de la primera mitad del embarazo (< 22 sem) aborto,2020-06-01,3,0,3
70403,YAPACANI,salud sexual y reproductiva,hemorragia de la primera mitad del embarazo (< 22 sem) aborto,2020-06-01,1,0,1
20201,ACHACACHI,salud sexual y reproductiva,hemorragia de la primera mitad del embarazo (< 22 sem) aborto,2020-07-01,1,0,1
30201,AIQUILE,salud sexual y reproductiva,hemorragia de la primera mitad del embarazo (< 22 sem) aborto,2020-07-01,5,0,5
30501,ARANI,salud sexual y reproductiva,hemorragia de la primera mitad del embarazo (< 22 sem) aborto,2020-07-01,2,0,2
71501,ASCENCION DE GUARAYOS,salud sexual y reproductiva,hemorragia de la primera mitad del embarazo (< 22 sem) aborto,2020-07-01,5,0,5
50802,ATOCHA,salud sexual y reproductiva,hemorragia de la primera mitad del embarazo (< 22 sem) aborto,2020-07-01,0,1,1
30301,AYOPAYA (V. DE INDEPENDENCIA),salud sexual y reproductiva,hemorragia de la primera mitad del embarazo (< 22 sem) aborto,2020-07-01,2,0,2
60202,BERMEJO,salud sexual y reproductiva,hemorragia de la primera mitad del embarazo (< 22 sem) aborto,2020-07-01,6,0,6
31501,BOLIVAR,salud sexual y reproductiva,hemorragia de la primera mitad del embarazo (< 22 sem) aborto,2020-07-01,0,1,1
70706,CAMIRI,salud sexual y reproductiva,hemorragia de la primera mitad del embarazo (< 22 sem) aborto,2020-07-01,8,0,8
30701,CAPINOTA,salud sexual y reproductiva,hemorragia de la primera mitad del embarazo (< 22 sem) aborto,2020-07-01,4,0,4
22001,CARANAVI,salud sexual y reproductiva,hemorragia de la primera mitad del embarazo (< 22 sem) aborto,2020-07-01,3,0,3
60302,CARAPARI,salud sexual y reproductiva,hemorragia de la primera mitad del embarazo (< 22 sem) aborto,2020-07-01,1,0,1
70702,CHARAGUA,salud sexual y reproductiva,hemorragia de la primera mitad del embarazo (< 22 sem) aborto,2020-07-01,5,0,5
31204,CHIMORE,salud sexual y reproductiva,hemorragia de la primera mitad del embarazo (< 22 sem) aborto,2020-07-01,1,0,1
30801,CLIZA,salud sexual y reproductiva,hemorragia de la primera mitad del embarazo (< 22 sem) aborto,2020-07-01,7,0,7
90101,COBIJA,salud sexual y reproductiva,hemorragia de la primera mitad del embarazo (< 22 sem) aborto,2020-07-01,11,1,12
30303,COCAPATA,salud sexual y reproductiva,hemorragia de la primera mitad del embarazo (< 22 sem) aborto,2020-07-01,1,1,2
30101,COCHABAMBA,salud sexual y reproductiva,hemorragia de la primera mitad del embarazo (< 22 sem) aborto,2020-07-01,67,33,100
30905,COLCAPIRHUA,salud sexual y reproductiva,hemorragia de la primera mitad del embarazo (< 22 sem) aborto,2020-07-01,2,0,2
50401,COLQUECHACA,salud sexual y reproductiva,hemorragia de la primera mitad del embarazo (< 22 sem) aborto,2020-07-01,2,0,2
21004,COLQUIRI,salud sexual y reproductiva,hemorragia de la primera mitad del embarazo (< 22 sem) aborto,2020-07-01,1,0,1
71301,COMARAPA,salud sexual y reproductiva,hemorragia de la primera mitad del embarazo (< 22 sem) aborto,2020-07-01,0,1,1
71101,CONCEPCION,salud sexual y reproductiva,hemorragia de la primera mitad del embarazo (< 22 sem) aborto,2020-07-01,8,0,8
50601,COTAGAITA,salud sexual y reproductiva,hemorragia de la primera mitad del embarazo (< 22 sem) aborto,2020-07-01,0,1,1
70102,COTOCA,salud sexual y reproductiva,hemorragia de la primera mitad del embarazo (< 22 sem) aborto,2020-07-01,2,0,2
10902,CULPINA,salud sexual y reproductiva,hemorragia de la primera mitad del embarazo (< 22 sem) aborto,2020-07-01,0,5,5
20105,EL ALTO,salud sexual y reproductiva,hemorragia de la primera mitad del embarazo (< 22 sem) aborto,2020-07-01,50,6,56
70105,EL TORNO,salud sexual y reproductiva,hemorragia de la primera mitad del embarazo (< 22 sem) aborto,2020-07-01,14,0,14
31206,ENTRE RIOS CBBA,salud sexual y reproductiva,hemorragia de la primera mitad del embarazo (< 22 sem) aborto,2020-07-01,8,0,8
80202,GUAYARAMERIN,salud sexual y reproductiva,hemorragia de la primera mitad del embarazo (< 22 sem) aborto,2020-07-01,1,0,1
21102,IRUPANA (VILLA DE LANZA),salud sexual y reproductiva,hemorragia de la primera mitad del embarazo (< 22 sem) aborto,2020-07-01,4,0,4
70104,LA GUARDIA,salud sexual y reproductiva,hemorragia de la primera mitad del embarazo (< 22 sem) aborto,2020-07-01,3,2,5
20101,LA PAZ,salud sexual y reproductiva,hemorragia de la primera mitad del embarazo (< 22 sem) aborto,2020-07-01,106,0,106
11003,MACHARETI,salud sexual y reproductiva,hemorragia de la primera mitad del embarazo (< 22 sem) aborto,2020-07-01,2,0,2
70903,MAIRANA,salud sexual y reproductiva,hemorragia de la primera mitad del embarazo (< 22 sem) aborto,2020-07-01,3,0,3
31301,MIZQUE,salud sexual y reproductiva,hemorragia de la primera mitad del embarazo (< 22 sem) aborto,2020-07-01,7,0,7
10501,MONTEAGUDO,salud sexual y reproductiva,hemorragia de la primera mitad del embarazo (< 22 sem) aborto,2020-07-01,2,0,2
71001,MONTERO,salud sexual y reproductiva,hemorragia de la primera mitad del embarazo (< 22 sem) aborto,2020-07-01,7,1,8
50404,OCURI,salud sexual y reproductiva,hemorragia de la primera mitad del embarazo (< 22 sem) aborto,2020-07-01,1,0,1
40101,ORURO,salud sexual y reproductiva,hemorragia de la primera mitad del embarazo (< 22 sem) aborto,2020-07-01,58,2,60
10401,PADILLA,salud sexual y reproductiva,hemorragia de la primera mitad del embarazo (< 22 sem) aborto,2020-07-01,8,0,8
21104,PALOS BLANCOS,salud sexual y reproductiva,hemorragia de la primera mitad del embarazo (< 22 sem) aborto,2020-07-01,0,1,1
21305,PATACAMAYA,salud sexual y reproductiva,hemorragia de la primera mitad del embarazo (< 22 sem) aborto,2020-07-01,2,0,2
31203,POCONA,salud sexual y reproductiva,hemorragia de la primera mitad del embarazo (< 22 sem) aborto,2020-07-01,2,0,2
50101,POTOSI,salud sexual y reproductiva,hemorragia de la primera mitad del embarazo (< 22 sem) aborto,2020-07-01,1,1,2
10302,PRESTO,salud sexual y reproductiva,hemorragia de la primera mitad del embarazo (< 22 sem) aborto,2020-07-01,1,0,1
90201,PUERTO RICO,salud sexual y reproductiva,hemorragia de la primera mitad del embarazo (< 22 sem) aborto,2020-07-01,1,0,1
31205,PUERTO VILLARROEL,salud sexual y reproductiva,hemorragia de la primera mitad del embarazo (< 22 sem) aborto,2020-07-01,30,0,30
31401,PUNATA,salud sexual y reproductiva,hemorragia de la primera mitad del embarazo (< 22 sem) aborto,2020-07-01,16,0,16
30901,QUILLACOLLO,salud sexual y reproductiva,hemorragia de la primera mitad del embarazo (< 22 sem) aborto,2020-07-01,9,0,9
80201,RIBERALTA,salud sexual y reproductiva,hemorragia de la primera mitad del embarazo (< 22 sem) aborto,2020-07-01,25,0,25
70503,ROBORE,salud sexual y reproductiva,hemorragia de la primera mitad del embarazo (< 22 sem) aborto,2020-07-01,1,0,1
80304,RURRENABAQUE,salud sexual y reproductiva,hemorragia de la primera mitad del embarazo (< 22 sem) aborto,2020-07-01,1,0,1
31001,SACABA,salud sexual y reproductiva,hemorragia de la primera mitad del embarazo (< 22 sem) aborto,2020-07-01,45,0,45
80302,SAN BORJA,salud sexual y reproductiva,hemorragia de la primera mitad del embarazo (< 22 sem) aborto,2020-07-01,5,1,6
70402,SAN CARLOS,salud sexual y reproductiva,hemorragia de la primera mitad del embarazo (< 22 sem) aborto,2020-07-01,1,2,3
70301,SAN IGNACIO DE VELASCO,salud sexual y reproductiva,hemorragia de la primera mitad del embarazo (< 22 sem) aborto,2020-07-01,4,1,5
70501,SAN JOSE DE CHIQUITOS,salud sexual y reproductiva,hemorragia de la primera mitad del embarazo (< 22 sem) aborto,2020-07-01,3,0,3
71104,SAN JULIAN,salud sexual y reproductiva,hemorragia de la primera mitad del embarazo (< 22 sem) aborto,2020-07-01,9,0,9
60501,SAN LORENZO(TJA),salud sexual y reproductiva,hemorragia de la primera mitad del embarazo (< 22 sem) aborto,2020-07-01,0,1,1
10702,SAN LUCAS,salud sexual y reproductiva,hemorragia de la primera mitad del embarazo (< 22 sem) aborto,2020-07-01,0,1,1
71201,SAN MATIAS,salud sexual y reproductiva,hemorragia de la primera mitad del embarazo (< 22 sem) aborto,2020-07-01,2,1,3
80702,SAN RAMON BENI,salud sexual y reproductiva,hemorragia de la primera mitad del embarazo (< 22 sem) aborto,2020-07-01,1,1,2
70101,SANTA CRUZ DE LA SIERRA,salud sexual y reproductiva,hemorragia de la primera mitad del embarazo (< 22 sem) aborto,2020-07-01,230,55,285
31602,SHINAOTA,salud sexual y reproductiva,hemorragia de la primera mitad del embarazo (< 22 sem) aborto,2020-07-01,5,0,5
30902,SIPE SIPE,salud sexual y reproductiva,hemorragia de la primera mitad del embarazo (< 22 sem) aborto,2020-07-01,6,1,7
10101,SUCRE,salud sexual y reproductiva,hemorragia de la primera mitad del embarazo (< 22 sem) aborto,2020-07-01,38,2,40
20603,TACACOMA,salud sexual y reproductiva,hemorragia de la primera mitad del embarazo (< 22 sem) aborto,2020-07-01,2,0,2
10601,TARABUCO,salud sexual y reproductiva,hemorragia de la primera mitad del embarazo (< 22 sem) aborto,2020-07-01,2,0,2
60101,TARIJA,salud sexual y reproductiva,hemorragia de la primera mitad del embarazo (< 22 sem) aborto,2020-07-01,30,7,37
20803,TIAHUANACU,salud sexual y reproductiva,hemorragia de la primera mitad del embarazo (< 22 sem) aborto,2020-07-01,2,0,2
20606,TIPUANI,salud sexual y reproductiva,hemorragia de la primera mitad del embarazo (< 22 sem) aborto,2020-07-01,2,0,2
30903,TIQUIPAYA,salud sexual y reproductiva,hemorragia de la primera mitad del embarazo (< 22 sem) aborto,2020-07-01,8,0,8
31601,TIRAQUE (CBBA),salud sexual y reproductiva,hemorragia de la primera mitad del embarazo (< 22 sem) aborto,2020-07-01,1,0,1
10402,TOMINA,salud sexual y reproductiva,hemorragia de la primera mitad del embarazo (< 22 sem) aborto,2020-07-01,1,1,2
31201,TOTORA(CBBA),salud sexual y reproductiva,hemorragia de la primera mitad del embarazo (< 22 sem) aborto,2020-07-01,4,0,4
80101,TRINIDAD,salud sexual y reproductiva,hemorragia de la primera mitad del embarazo (< 22 sem) aborto,2020-07-01,43,0,43
50801,TUPIZA,salud sexual y reproductiva,hemorragia de la primera mitad del embarazo (< 22 sem) aborto,2020-07-01,18,0,18
51201,UYUNI,salud sexual y reproductiva,hemorragia de la primera mitad del embarazo (< 22 sem) aborto,2020-07-01,7,0,7
30502,VACAS,salud sexual y reproductiva,hemorragia de la primera mitad del embarazo (< 22 sem) aborto,2020-07-01,1,0,1
70801,VALLEGRANDE,salud sexual y reproductiva,hemorragia de la primera mitad del embarazo (< 22 sem) aborto,2020-07-01,0,1,1
20801,VIACHA,salud sexual y reproductiva,hemorragia de la primera mitad del embarazo (< 22 sem) aborto,2020-07-01,2,0,2
10704,VILLA CHARCAS,salud sexual y reproductiva,hemorragia de la primera mitad del embarazo (< 22 sem) aborto,2020-07-01,0,1,1
60303,VILLA MONTES,salud sexual y reproductiva,hemorragia de la primera mitad del embarazo (< 22 sem) aborto,2020-07-01,5,8,13
31003,VILLA TUNARI,salud sexual y reproductiva,hemorragia de la primera mitad del embarazo (< 22 sem) aborto,2020-07-01,4,0,4
51501,VILLAZON,salud sexual y reproductiva,hemorragia de la primera mitad del embarazo (< 22 sem) aborto,2020-07-01,20,1,21
30904,VINTO,salud sexual y reproductiva,hemorragia de la primera mitad del embarazo (< 22 sem) aborto,2020-07-01,12,0,12
50602,VITICHI,salud sexual y reproductiva,hemorragia de la primera mitad del embarazo (< 22 sem) aborto,2020-07-01,1,0,1
70201,WARNES,salud sexual y reproductiva,hemorragia de la primera mitad del embarazo (< 22 sem) aborto,2020-07-01,0,6,6
60301,YACUIBA,salud sexual y reproductiva,hemorragia de la primera mitad del embarazo (< 22 sem) aborto,2020-07-01,5,1,6
70403,YAPACANI,salud sexual y reproductiva,hemorragia de la primera mitad del embarazo (< 22 sem) aborto,2020-07-01,13,0,13
10102,YOTALA,salud sexual y reproductiva,hemorragia de la primera mitad del embarazo (< 22 sem) aborto,2020-07-01,1,0,1
30201,AIQUILE,salud sexual y reproductiva,hemorragia de la primera mitad del embarazo (< 22 sem) aborto,2020-08-01,2,0,2
30403,ARBIETO,salud sexual y reproductiva,hemorragia de la primera mitad del embarazo (< 22 sem) aborto,2020-08-01,2,0,2
71501,ASCENCION DE GUARAYOS,salud sexual y reproductiva,hemorragia de la primera mitad del embarazo (< 22 sem) aborto,2020-08-01,3,0,3
30301,AYOPAYA (V. DE INDEPENDENCIA),salud sexual y reproductiva,hemorragia de la primera mitad del embarazo (< 22 sem) aborto,2020-08-01,1,0,1
60202,BERMEJO,salud sexual y reproductiva,hemorragia de la primera mitad del embarazo (< 22 sem) aborto,2020-08-01,3,0,3
50301,BETANZOS,salud sexual y reproductiva,hemorragia de la primera mitad del embarazo (< 22 sem) aborto,2020-08-01,1,0,1
10701,CAMARGO,salud sexual y reproductiva,hemorragia de la primera mitad del embarazo (< 22 sem) aborto,2020-08-01,0,2,2
70706,CAMIRI,salud sexual y reproductiva,hemorragia de la primera mitad del embarazo (< 22 sem) aborto,2020-08-01,5,0,5
30701,CAPINOTA,salud sexual y reproductiva,hemorragia de la primera mitad del embarazo (< 22 sem) aborto,2020-08-01,9,0,9
40102,CARACOLLO,salud sexual y reproductiva,hemorragia de la primera mitad del embarazo (< 22 sem) aborto,2020-08-01,6,0,6
22001,CARANAVI,salud sexual y reproductiva,hemorragia de la primera mitad del embarazo (< 22 sem) aborto,2020-08-01,1,0,1
60302,CARAPARI,salud sexual y reproductiva,hemorragia de la primera mitad del embarazo (< 22 sem) aborto,2020-08-01,2,0,2
40201,CHALLAPATA,salud sexual y reproductiva,hemorragia de la primera mitad del embarazo (< 22 sem) aborto,2020-08-01,1,0,1
70702,CHARAGUA,salud sexual y reproductiva,hemorragia de la primera mitad del embarazo (< 22 sem) aborto,2020-08-01,1,0,1
21101,CHULUMANI (V. DE LA LIBERTAD),salud sexual y reproductiva,hemorragia de la primera mitad del embarazo (< 22 sem) aborto,2020-08-01,1,0,1
51103,CKOCHAS,salud sexual y reproductiva,hemorragia de la primera mitad del embarazo (< 22 sem) aborto,2020-08-01,0,1,1
90101,COBIJA,salud sexual y reproductiva,hemorragia de la primera mitad del embarazo (< 22 sem) aborto,2020-08-01,12,0,12
30303,COCAPATA,salud sexual y reproductiva,hemorragia de la primera mitad del embarazo (< 22 sem) aborto,2020-08-01,0,1,1
30101,COCHABAMBA,salud sexual y reproductiva,hemorragia de la primera mitad del embarazo (< 22 sem) aborto,2020-08-01,49,48,97
30905,COLCAPIRHUA,salud sexual y reproductiva,hemorragia de la primera mitad del embarazo (< 22 sem) aborto,2020-08-01,3,0,3
50401,COLQUECHACA,salud sexual y reproductiva,hemorragia de la primera mitad del embarazo (< 22 sem) aborto,2020-08-01,1,0,1
71301,COMARAPA,salud sexual y reproductiva,hemorragia de la primera mitad del embarazo (< 22 sem) aborto,2020-08-01,0,2,2
71101,CONCEPCION,salud sexual y reproductiva,hemorragia de la primera mitad del embarazo (< 22 sem) aborto,2020-08-01,2,0,2
21401,COROICO,salud sexual y reproductiva,hemorragia de la primera mitad del embarazo (< 22 sem) aborto,2020-08-01,3,0,3
50601,COTAGAITA,salud sexual y reproductiva,hemorragia de la primera mitad del embarazo (< 22 sem) aborto,2020-08-01,1,0,1
70102,COTOCA,salud sexual y reproductiva,hemorragia de la primera mitad del embarazo (< 22 sem) aborto,2020-08-01,0,2,2
20105,EL ALTO,salud sexual y reproductiva,hemorragia de la primera mitad del embarazo (< 22 sem) aborto,2020-08-01,20,4,24
70105,EL TORNO,salud sexual y reproductiva,hemorragia de la primera mitad del embarazo (< 22 sem) aborto,2020-08-01,9,0,9
31206,ENTRE RIOS CBBA,salud sexual y reproductiva,hemorragia de la primera mitad del embarazo (< 22 sem) aborto,2020-08-01,12,0,12
40701,HUANUNI,salud sexual y reproductiva,hemorragia de la primera mitad del embarazo (< 22 sem) aborto,2020-08-01,2,0,2
21105,LA ASUNTA,salud sexual y reproductiva,hemorragia de la primera mitad del embarazo (< 22 sem) aborto,2020-08-01,0,3,3
70104,LA GUARDIA,salud sexual y reproductiva,hemorragia de la primera mitad del embarazo (< 22 sem) aborto,2020-08-01,5,0,5
20101,LA PAZ,salud sexual y reproductiva,hemorragia de la primera mitad del embarazo (< 22 sem) aborto,2020-08-01,80,1,81
80801,MAGDALENA,salud sexual y reproductiva,hemorragia de la primera mitad del embarazo (< 22 sem) aborto,2020-08-01,0,1,1
70903,MAIRANA,salud sexual y reproductiva,hemorragia de la primera mitad del embarazo (< 22 sem) aborto,2020-08-01,3,0,3
20607,MAPIRI,salud sexual y reproductiva,hemorragia de la primera mitad del embarazo (< 22 sem) aborto,2020-08-01,2,0,2
71003,MINEROS,salud sexual y reproductiva,hemorragia de la primera mitad del embarazo (< 22 sem) aborto,2020-08-01,1,0,1
31301,MIZQUE,salud sexual y reproductiva,hemorragia de la primera mitad del embarazo (< 22 sem) aborto,2020-08-01,1,0,1
10501,MONTEAGUDO,salud sexual y reproductiva,hemorragia de la primera mitad del embarazo (< 22 sem) aborto,2020-08-01,5,0,5
71001,MONTERO,salud sexual y reproductiva,hemorragia de la primera mitad del embarazo (< 22 sem) aborto,2020-08-01,14,0,14
40101,ORURO,salud sexual y reproductiva,hemorragia de la primera mitad del embarazo (< 22 sem) aborto,2020-08-01,29,0,29
10401,PADILLA,salud sexual y reproductiva,hemorragia de la primera mitad del embarazo (< 22 sem) aborto,2020-08-01,3,0,3
70502,PAILON,salud sexual y reproductiva,hemorragia de la primera mitad del embarazo (< 22 sem) aborto,2020-08-01,2,0,2
21802,PAPEL PAMPA,salud sexual y reproductiva,hemorragia de la primera mitad del embarazo (< 22 sem) aborto,2020-08-01,1,0,1
21305,PATACAMAYA,salud sexual y reproductiva,hemorragia de la primera mitad del embarazo (< 22 sem) aborto,2020-08-01,5,0,5
50403,POCOATA,salud sexual y reproductiva,hemorragia de la primera mitad del embarazo (< 22 sem) aborto,2020-08-01,1,0,1
31203,POCONA,salud sexual y reproductiva,hemorragia de la primera mitad del embarazo (< 22 sem) aborto,2020-08-01,1,1,2
10103,POROMA,salud sexual y reproductiva,hemorragia de la primera mitad del embarazo (< 22 sem) aborto,2020-08-01,0,1,1
70103,PORONGO,salud sexual y reproductiva,hemorragia de la primera mitad del embarazo (< 22 sem) aborto,2020-08-01,1,0,1
50101,POTOSI,salud sexual y reproductiva,hemorragia de la primera mitad del embarazo (< 22 sem) aborto,2020-08-01,6,2,8
90301,PUERTO GONZALO MORENO,salud sexual y reproductiva,hemorragia de la primera mitad del embarazo (< 22 sem) aborto,2020-08-01,2,0,2
71401,PUERTO SUAREZ,salud sexual y reproductiva,hemorragia de la primera mitad del embarazo (< 22 sem) aborto,2020-08-01,1,0,1
31205,PUERTO VILLARROEL,salud sexual y reproductiva,hemorragia de la primera mitad del embarazo (< 22 sem) aborto,2020-08-01,26,0,26
51101,PUNA,salud sexual y reproductiva,hemorragia de la primera mitad del embarazo (< 22 sem) aborto,2020-08-01,1,0,1
31401,PUNATA,salud sexual y reproductiva,hemorragia de la primera mitad del embarazo (< 22 sem) aborto,2020-08-01,4,0,4
30901,QUILLACOLLO,salud sexual y reproductiva,hemorragia de la primera mitad del embarazo (< 22 sem) aborto,2020-08-01,4,0,4
80201,RIBERALTA,salud sexual y reproductiva,hemorragia de la primera mitad del embarazo (< 22 sem) aborto,2020-08-01,20,0,20
31001,SACABA,salud sexual y reproductiva,hemorragia de la primera mitad del embarazo (< 22 sem) aborto,2020-08-01,29,6,35
31403,SAN BENITO,salud sexual y reproductiva,hemorragia de la primera mitad del embarazo (< 22 sem) aborto,2020-08-01,1,0,1
80302,SAN BORJA,salud sexual y reproductiva,hemorragia de la primera mitad del embarazo (< 22 sem) aborto,2020-08-01,10,0,10
21502,SAN BUENA VENTURA,salud sexual y reproductiva,hemorragia de la primera mitad del embarazo (< 22 sem) aborto,2020-08-01,1,0,1
70301,SAN IGNACIO DE VELASCO,salud sexual y reproductiva,hemorragia de la primera mitad del embarazo (< 22 sem) aborto,2020-08-01,8,0,8
70501,SAN JOSE DE CHIQUITOS,salud sexual y reproductiva,hemorragia de la primera mitad del embarazo (< 22 sem) aborto,2020-08-01,2,0,2
71104,SAN JULIAN,salud sexual y reproductiva,hemorragia de la primera mitad del embarazo (< 22 sem) aborto,2020-08-01,9,0,9
10702,SAN LUCAS,salud sexual y reproductiva,hemorragia de la primera mitad del embarazo (< 22 sem) aborto,2020-08-01,0,1,1
70302,SAN MIGUEL DE VELASCO,salud sexual y reproductiva,hemorragia de la primera mitad del embarazo (< 22 sem) aborto,2020-08-01,1,0,1
71005,SAN PEDRO,salud sexual y reproductiva,hemorragia de la primera mitad del embarazo (< 22 sem) aborto,2020-08-01,1,0,1
70101,SANTA CRUZ DE LA SIERRA,salud sexual y reproductiva,hemorragia de la primera mitad del embarazo (< 22 sem) aborto,2020-08-01,149,48,197
90303,SENA,salud sexual y reproductiva,hemorragia de la primera mitad del embarazo (< 22 sem) aborto,2020-08-01,0,1,1
31602,SHINAOTA,salud sexual y reproductiva,hemorragia de la primera mitad del embarazo (< 22 sem) aborto,2020-08-01,8,0,8
30703,SICAYA,salud sexual y reproductiva,hemorragia de la primera mitad del embarazo (< 22 sem) aborto,2020-08-01,0,1,1
30902,SIPE SIPE,salud sexual y reproductiva,hemorragia de la primera mitad del embarazo (< 22 sem) aborto,2020-08-01,3,0,3
10101,SUCRE,salud sexual y reproductiva,hemorragia de la primera mitad del embarazo (< 22 sem) aborto,2020-08-01,35,1,36
10601,TARABUCO,salud sexual y reproductiva,hemorragia de la primera mitad del embarazo (< 22 sem) aborto,2020-08-01,2,0,2
60101,TARIJA,salud sexual y reproductiva,hemorragia de la primera mitad del embarazo (< 22 sem) aborto,2020-08-01,21,4,25
10202,TARVITA,salud sexual y reproductiva,hemorragia de la primera mitad del embarazo (< 22 sem) aborto,2020-08-01,1,0,1
20608,TEOPONTE,salud sexual y reproductiva,hemorragia de la primera mitad del embarazo (< 22 sem) aborto,2020-08-01,1,0,1
50102,TINGUIPAYA,salud sexual y reproductiva,hemorragia de la primera mitad del embarazo (< 22 sem) aborto,2020-08-01,1,1,2
20606,TIPUANI,salud sexual y reproductiva,hemorragia de la primera mitad del embarazo (< 22 sem) aborto,2020-08-01,1,0,1
30903,TIQUIPAYA,salud sexual y reproductiva,hemorragia de la primera mitad del embarazo (< 22 sem) aborto,2020-08-01,6,0,6
30803,TOLATA,salud sexual y reproductiva,hemorragia de la primera mitad del embarazo (< 22 sem) aborto,2020-08-01,1,0,1
51202,TOMAVE,salud sexual y reproductiva,hemorragia de la primera mitad del embarazo (< 22 sem) aborto,2020-08-01,0,1,1
80101,TRINIDAD,salud sexual y reproductiva,hemorragia de la primera mitad del embarazo (< 22 sem) aborto,2020-08-01,24,2,26
50801,TUPIZA,salud sexual y reproductiva,hemorragia de la primera mitad del embarazo (< 22 sem) aborto,2020-08-01,3,0,3
51201,UYUNI,salud sexual y reproductiva,hemorragia de la primera mitad del embarazo (< 22 sem) aborto,2020-08-01,5,0,5
60303,VILLA MONTES,salud sexual y reproductiva,hemorragia de la primera mitad del embarazo (< 22 sem) aborto,2020-08-01,0,6,6
31003,VILLA TUNARI,salud sexual y reproductiva,hemorragia de la primera mitad del embarazo (< 22 sem) aborto,2020-08-01,12,1,13
51501,VILLAZON,salud sexual y reproductiva,hemorragia de la primera mitad del embarazo (< 22 sem) aborto,2020-08-01,3,0,3
30904,VINTO,salud sexual y reproductiva,hemorragia de la primera mitad del embarazo (< 22 sem) aborto,2020-08-01,8,0,8
50602,VITICHI,salud sexual y reproductiva,hemorragia de la primera mitad del embarazo (< 22 sem) aborto,2020-08-01,1,0,1
70201,WARNES,salud sexual y reproductiva,hemorragia de la primera mitad del embarazo (< 22 sem) aborto,2020-08-01,0,16,16
60301,YACUIBA,salud sexual y reproductiva,hemorragia de la primera mitad del embarazo (< 22 sem) aborto,2020-08-01,11,0,11
70403,YAPACANI,salud sexual y reproductiva,hemorragia de la primera mitad del embarazo (< 22 sem) aborto,2020-08-01,21,0,21
10102,YOTALA,salud sexual y reproductiva,hemorragia de la primera mitad del embarazo (< 22 sem) aborto,2020-08-01,2,0,2
20201,ACHACACHI,salud sexual y reproductiva,hemorragia de la primera mitad del embarazo (< 22 sem) aborto,2020-09-01,1,0,1
30201,AIQUILE,salud sexual y reproductiva,hemorragia de la primera mitad del embarazo (< 22 sem) aborto,2020-09-01,8,0,8
10404,ALCALA,salud sexual y reproductiva,hemorragia de la primera mitad del embarazo (< 22 sem) aborto,2020-09-01,0,1,1
30402,ANZALDO,salud sexual y reproductiva,hemorragia de la primera mitad del embarazo (< 22 sem) aborto,2020-09-01,1,0,1
30501,ARANI,salud sexual y reproductiva,hemorragia de la primera mitad del embarazo (< 22 sem) aborto,2020-09-01,1,0,1
30403,ARBIETO,salud sexual y reproductiva,hemorragia de la primera mitad del embarazo (< 22 sem) aborto,2020-09-01,1,0,1
71501,ASCENCION DE GUARAYOS,salud sexual y reproductiva,hemorragia de la primera mitad del embarazo (< 22 sem) aborto,2020-09-01,9,0,9
50802,ATOCHA,salud sexual y reproductiva,hemorragia de la primera mitad del embarazo (< 22 sem) aborto,2020-09-01,1,0,1
30301,AYOPAYA (V. DE INDEPENDENCIA),salud sexual y reproductiva,hemorragia de la primera mitad del embarazo (< 22 sem) aborto,2020-09-01,3,0,3
21203,BATALLAS,salud sexual y reproductiva,hemorragia de la primera mitad del embarazo (< 22 sem) aborto,2020-09-01,1,0,1
90104,BELLA FLOR,salud sexual y reproductiva,hemorragia de la primera mitad del embarazo (< 22 sem) aborto,2020-09-01,1,0,1
60202,BERMEJO,salud sexual y reproductiva,hemorragia de la primera mitad del embarazo (< 22 sem) aborto,2020-09-01,2,0,2
10701,CAMARGO,salud sexual y reproductiva,hemorragia de la primera mitad del embarazo (< 22 sem) aborto,2020-09-01,0,1,1
70706,CAMIRI,salud sexual y reproductiva,hemorragia de la primera mitad del embarazo (< 22 sem) aborto,2020-09-01,8,0,8
30701,CAPINOTA,salud sexual y reproductiva,hemorragia de la primera mitad del embarazo (< 22 sem) aborto,2020-09-01,8,0,8
40102,CARACOLLO,salud sexual y reproductiva,hemorragia de la primera mitad del embarazo (< 22 sem) aborto,2020-09-01,3,0,3
22001,CARANAVI,salud sexual y reproductiva,hemorragia de la primera mitad del embarazo (< 22 sem) aborto,2020-09-01,13,0,13
60302,CARAPARI,salud sexual y reproductiva,hemorragia de la primera mitad del embarazo (< 22 sem) aborto,2020-09-01,2,0,2
50702,CARIPUYO,salud sexual y reproductiva,hemorragia de la primera mitad del embarazo (< 22 sem) aborto,2020-09-01,0,1,1
40201,CHALLAPATA,salud sexual y reproductiva,hemorragia de la primera mitad del embarazo (< 22 sem) aborto,2020-09-01,1,0,1
50302,CHAQUI,salud sexual y reproductiva,hemorragia de la primera mitad del embarazo (< 22 sem) aborto,2020-09-01,1,0,1
31204,CHIMORE,salud sexual y reproductiva,hemorragia de la primera mitad del embarazo (< 22 sem) aborto,2020-09-01,2,0,2
51103,CKOCHAS,salud sexual y reproductiva,hemorragia de la primera mitad del embarazo (< 22 sem) aborto,2020-09-01,0,1,1
30801,CLIZA,salud sexual y reproductiva,hemorragia de la primera mitad del embarazo (< 22 sem) aborto,2020-09-01,8,0,8
90101,COBIJA,salud sexual y reproductiva,hemorragia de la primera mitad del embarazo (< 22 sem) aborto,2020-09-01,18,1,19
30303,COCAPATA,salud sexual y reproductiva,hemorragia de la primera mitad del embarazo (< 22 sem) aborto,2020-09-01,0,1,1
30101,COCHABAMBA,salud sexual y reproductiva,hemorragia de la primera mitad del embarazo (< 22 sem) aborto,2020-09-01,86,63,149
30905,COLCAPIRHUA,salud sexual y reproductiva,hemorragia de la primera mitad del embarazo (< 22 sem) aborto,2020-09-01,3,1,4
50401,COLQUECHACA,salud sexual y reproductiva,hemorragia de la primera mitad del embarazo (< 22 sem) aborto,2020-09-01,3,0,3
21306,COLQUENCHA,salud sexual y reproductiva,hemorragia de la primera mitad del embarazo (< 22 sem) aborto,2020-09-01,1,0,1
71301,COMARAPA,salud sexual y reproductiva,hemorragia de la primera mitad del embarazo (< 22 sem) aborto,2020-09-01,0,2,2
71101,CONCEPCION,salud sexual y reproductiva,hemorragia de la primera mitad del embarazo (< 22 sem) aborto,2020-09-01,4,0,4
21402,CORIPATA,salud sexual y reproductiva,hemorragia de la primera mitad del embarazo (< 22 sem) aborto,2020-09-01,1,0,1
21401,COROICO,salud sexual y reproductiva,hemorragia de la primera mitad del embarazo (< 22 sem) aborto,2020-09-01,4,0,4
70102,COTOCA,salud sexual y reproductiva,hemorragia de la primera mitad del embarazo (< 22 sem) aborto,2020-09-01,1,0,1
10902,CULPINA,salud sexual y reproductiva,hemorragia de la primera mitad del embarazo (< 22 sem) aborto,2020-09-01,0,2,2
20105,EL ALTO,salud sexual y reproductiva,hemorragia de la primera mitad del embarazo (< 22 sem) aborto,2020-09-01,68,6,74
70105,EL TORNO,salud sexual y reproductiva,hemorragia de la primera mitad del embarazo (< 22 sem) aborto,2020-09-01,11,0,11
31206,ENTRE RIOS CBBA,salud sexual y reproductiva,hemorragia de la primera mitad del embarazo (< 22 sem) aborto,2020-09-01,28,0,28
20405,ESCOMA,salud sexual y reproductiva,hemorragia de la primera mitad del embarazo (< 22 sem) aborto,2020-09-01,2,0,2
21601,GRAL. J.J. PEREZ (CHARAZANI),salud sexual y reproductiva,hemorragia de la primera mitad del embarazo (< 22 sem) aborto,2020-09-01,1,1,2
40701,HUANUNI,salud sexual y reproductiva,hemorragia de la primera mitad del embarazo (< 22 sem) aborto,2020-09-01,4,0,4
80803,HUARACAJE,salud sexual y reproductiva,hemorragia de la primera mitad del embarazo (< 22 sem) aborto,2020-09-01,1,0,1
20204,HUARINA,salud sexual y reproductiva,hemorragia de la primera mitad del embarazo (< 22 sem) aborto,2020-09-01,1,0,1
10703,INCAHUASI,salud sexual y reproductiva,hemorragia de la primera mitad del embarazo (< 22 sem) aborto,2020-09-01,0,2,2
21102,IRUPANA (VILLA DE LANZA),salud sexual y reproductiva,hemorragia de la primera mitad del embarazo (< 22 sem) aborto,2020-09-01,3,0,3
20806,JESUS DE MACHACA,salud sexual y reproductiva,hemorragia de la primera mitad del embarazo (< 22 sem) aborto,2020-09-01,1,0,1
70104,LA GUARDIA,salud sexual y reproductiva,hemorragia de la primera mitad del embarazo (< 22 sem) aborto,2020-09-01,11,1,12
20101,LA PAZ,salud sexual y reproductiva,hemorragia de la primera mitad del embarazo (< 22 sem) aborto,2020-09-01,89,2,91
21202,LAJA,salud sexual y reproductiva,hemorragia de la primera mitad del embarazo (< 22 sem) aborto,2020-09-01,1,0,1
70903,MAIRANA,salud sexual y reproductiva,hemorragia de la primera mitad del embarazo (< 22 sem) aborto,2020-09-01,3,0,3
10501,MONTEAGUDO,salud sexual y reproductiva,hemorragia de la primera mitad del embarazo (< 22 sem) aborto,2020-09-01,11,0,11
71001,MONTERO,salud sexual y reproductiva,hemorragia de la primera mitad del embarazo (< 22 sem) aborto,2020-09-01,9,0,9
20307,NAZACARA DE PACAJES,salud sexual y reproductiva,hemorragia de la primera mitad del embarazo (< 22 sem) aborto,2020-09-01,1,0,1
50404,OCURI,salud sexual y reproductiva,hemorragia de la primera mitad del embarazo (< 22 sem) aborto,2020-09-01,2,0,2
40101,ORURO,salud sexual y reproductiva,hemorragia de la primera mitad del embarazo (< 22 sem) aborto,2020-09-01,40,0,40
10401,PADILLA,salud sexual y reproductiva,hemorragia de la primera mitad del embarazo (< 22 sem) aborto,2020-09-01,7,0,7
70502,PAILON,salud sexual y reproductiva,hemorragia de la primera mitad del embarazo (< 22 sem) aborto,2020-09-01,2,0,2
21305,PATACAMAYA,salud sexual y reproductiva,hemorragia de la primera mitad del embarazo (< 22 sem) aborto,2020-09-01,6,0,6
31203,POCONA,salud sexual y reproductiva,hemorragia de la primera mitad del embarazo (< 22 sem) aborto,2020-09-01,1,0,1
70103,PORONGO,salud sexual y reproductiva,hemorragia de la primera mitad del embarazo (< 22 sem) aborto,2020-09-01,1,0,1
50101,POTOSI,salud sexual y reproductiva,hemorragia de la primera mitad del embarazo (< 22 sem) aborto,2020-09-01,13,3,16
90301,PUERTO GONZALO MORENO,salud sexual y reproductiva,hemorragia de la primera mitad del embarazo (< 22 sem) aborto,2020-09-01,0,1,1
90201,PUERTO RICO,salud sexual y reproductiva,hemorragia de la primera mitad del embarazo (< 22 sem) aborto,2020-09-01,0,1,1
31205,PUERTO VILLARROEL,salud sexual y reproductiva,hemorragia de la primera mitad del embarazo (< 22 sem) aborto,2020-09-01,45,0,45
31401,PUNATA,salud sexual y reproductiva,hemorragia de la primera mitad del embarazo (< 22 sem) aborto,2020-09-01,16,0,16
30901,QUILLACOLLO,salud sexual y reproductiva,hemorragia de la primera mitad del embarazo (< 22 sem) aborto,2020-09-01,5,0,5
80201,RIBERALTA,salud sexual y reproductiva,hemorragia de la primera mitad del embarazo (< 22 sem) aborto,2020-09-01,24,1,25
70503,ROBORE,salud sexual y reproductiva,hemorragia de la primera mitad del embarazo (< 22 sem) aborto,2020-09-01,7,0,7
80304,RURRENABAQUE,salud sexual y reproductiva,hemorragia de la primera mitad del embarazo (< 22 sem) aborto,2020-09-01,2,0,2
31001,SACABA,salud sexual y reproductiva,hemorragia de la primera mitad del embarazo (< 22 sem) aborto,2020-09-01,44,5,49
40801,SALINAS DE GARCI MENDOZA,salud sexual y reproductiva,hemorragia de la primera mitad del embarazo (< 22 sem) aborto,2020-09-01,0,2,2
80302,SAN BORJA,salud sexual y reproductiva,hemorragia de la primera mitad del embarazo (< 22 sem) aborto,2020-09-01,5,0,5
70402,SAN CARLOS,salud sexual y reproductiva,hemorragia de la primera mitad del embarazo (< 22 sem) aborto,2020-09-01,1,0,1
70301,SAN IGNACIO DE VELASCO,salud sexual y reproductiva,hemorragia de la primera mitad del embarazo (< 22 sem) aborto,2020-09-01,9,0,9
70501,SAN JOSE DE CHIQUITOS,salud sexual y reproductiva,hemorragia de la primera mitad del embarazo (< 22 sem) aborto,2020-09-01,7,0,7
71104,SAN JULIAN,salud sexual y reproductiva,hemorragia de la primera mitad del embarazo (< 22 sem) aborto,2020-09-01,4,0,4
10702,SAN LUCAS,salud sexual y reproductiva,hemorragia de la primera mitad del embarazo (< 22 sem) aborto,2020-09-01,0,2,2
70302,SAN MIGUEL DE VELASCO,salud sexual y reproductiva,hemorragia de la primera mitad del embarazo (< 22 sem) aborto,2020-09-01,3,0,3
51001,SAN PABLO DE LIPEZ,salud sexual y reproductiva,hemorragia de la primera mitad del embarazo (< 22 sem) aborto,2020-09-01,1,0,1
70101,SANTA CRUZ DE LA SIERRA,salud sexual y reproductiva,hemorragia de la primera mitad del embarazo (< 22 sem) aborto,2020-09-01,201,49,250
90303,SENA,salud sexual y reproductiva,hemorragia de la primera mitad del embarazo (< 22 sem) aborto,2020-09-01,0,2,2
31602,SHINAOTA,salud sexual y reproductiva,hemorragia de la primera mitad del embarazo (< 22 sem) aborto,2020-09-01,12,0,12
30703,SICAYA,salud sexual y reproductiva,hemorragia de la primera mitad del embarazo (< 22 sem) aborto,2020-09-01,1,0,1
30902,SIPE SIPE,salud sexual y reproductiva,hemorragia de la primera mitad del embarazo (< 22 sem) aborto,2020-09-01,5,1,6
10101,SUCRE,salud sexual y reproductiva,hemorragia de la primera mitad del embarazo (< 22 sem) aborto,2020-09-01,55,1,56
30602,TACOPAYA,salud sexual y reproductiva,hemorragia de la primera mitad del embarazo (< 22 sem) aborto,2020-09-01,0,1,1
30401,TARATA,salud sexual y reproductiva,hemorragia de la primera mitad del embarazo (< 22 sem) aborto,2020-09-01,1,0,1
60101,TARIJA,salud sexual y reproductiva,hemorragia de la primera mitad del embarazo (< 22 sem) aborto,2020-09-01,29,1,30
50102,TINGUIPAYA,salud sexual y reproductiva,hemorragia de la primera mitad del embarazo (< 22 sem) aborto,2020-09-01,0,1,1
30903,TIQUIPAYA,salud sexual y reproductiva,hemorragia de la primera mitad del embarazo (< 22 sem) aborto,2020-09-01,6,0,6
31601,TIRAQUE (CBBA),salud sexual y reproductiva,hemorragia de la primera mitad del embarazo (< 22 sem) aborto,2020-09-01,1,0,1
10402,TOMINA,salud sexual y reproductiva,hemorragia de la primera mitad del embarazo (< 22 sem) aborto,2020-09-01,1,1,2
31201,TOTORA(CBBA),salud sexual y reproductiva,hemorragia de la primera mitad del embarazo (< 22 sem) aborto,2020-09-01,2,1,3
80101,TRINIDAD,salud sexual y reproductiva,hemorragia de la primera mitad del embarazo (< 22 sem) aborto,2020-09-01,35,2,37
50801,TUPIZA,salud sexual y reproductiva,hemorragia de la primera mitad del embarazo (< 22 sem) aborto,2020-09-01,13,0,13
51201,UYUNI,salud sexual y reproductiva,hemorragia de la primera mitad del embarazo (< 22 sem) aborto,2020-09-01,3,0,3
30502,VACAS,salud sexual y reproductiva,hemorragia de la primera mitad del embarazo (< 22 sem) aborto,2020-09-01,2,0,2
20801,VIACHA,salud sexual y reproductiva,hemorragia de la primera mitad del embarazo (< 22 sem) aborto,2020-09-01,1,0,1
60303,VILLA MONTES,salud sexual y reproductiva,hemorragia de la primera mitad del embarazo (< 22 sem) aborto,2020-09-01,4,10,14
31003,VILLA TUNARI,salud sexual y reproductiva,hemorragia de la primera mitad del embarazo (< 22 sem) aborto,2020-09-01,11,0,11
51501,VILLAZON,salud sexual y reproductiva,hemorragia de la primera mitad del embarazo (< 22 sem) aborto,2020-09-01,2,0,2
30904,VINTO,salud sexual y reproductiva,hemorragia de la primera mitad del embarazo (< 22 sem) aborto,2020-09-01,8,0,8
70201,WARNES,salud sexual y reproductiva,hemorragia de la primera mitad del embarazo (< 22 sem) aborto,2020-09-01,0,27,27
60301,YACUIBA,salud sexual y reproductiva,hemorragia de la primera mitad del embarazo (< 22 sem) aborto,2020-09-01,11,0,11
70403,YAPACANI,salud sexual y reproductiva,hemorragia de la primera mitad del embarazo (< 22 sem) aborto,2020-09-01,22,0,22
10102,YOTALA,salud sexual y reproductiva,hemorragia de la primera mitad del embarazo (< 22 sem) aborto,2020-09-01,1,0,1
20201,ACHACACHI,salud sexual y reproductiva,hemorragia de la primera mitad del embarazo (< 22 sem) aborto,2020-10-01,1,0,1
30201,AIQUILE,salud sexual y reproductiva,hemorragia de la primera mitad del embarazo (< 22 sem) aborto,2020-10-01,5,0,5
30402,ANZALDO,salud sexual y reproductiva,hemorragia de la primera mitad del embarazo (< 22 sem) aborto,2020-10-01,1,0,1
30501,ARANI,salud sexual y reproductiva,hemorragia de la primera mitad del embarazo (< 22 sem) aborto,2020-10-01,1,0,1
71501,ASCENCION DE GUARAYOS,salud sexual y reproductiva,hemorragia de la primera mitad del embarazo (< 22 sem) aborto,2020-10-01,4,0,4
30301,AYOPAYA (V. DE INDEPENDENCIA),salud sexual y reproductiva,hemorragia de la primera mitad del embarazo (< 22 sem) aborto,2020-10-01,1,0,1
10701,CAMARGO,salud sexual y reproductiva,hemorragia de la primera mitad del embarazo (< 22 sem) aborto,2020-10-01,0,2,2
70706,CAMIRI,salud sexual y reproductiva,hemorragia de la primera mitad del embarazo (< 22 sem) aborto,2020-10-01,5,0,5
30701,CAPINOTA,salud sexual y reproductiva,hemorragia de la primera mitad del embarazo (< 22 sem) aborto,2020-10-01,10,0,10
40102,CARACOLLO,salud sexual y reproductiva,hemorragia de la primera mitad del embarazo (< 22 sem) aborto,2020-10-01,2,0,2
22001,CARANAVI,salud sexual y reproductiva,hemorragia de la primera mitad del embarazo (< 22 sem) aborto,2020-10-01,8,0,8
60302,CARAPARI,salud sexual y reproductiva,hemorragia de la primera mitad del embarazo (< 22 sem) aborto,2020-10-01,1,0,1
40201,CHALLAPATA,salud sexual y reproductiva,hemorragia de la primera mitad del embarazo (< 22 sem) aborto,2020-10-01,4,0,4
70702,CHARAGUA,salud sexual y reproductiva,hemorragia de la primera mitad del embarazo (< 22 sem) aborto,2020-10-01,3,0,3
51103,CKOCHAS,salud sexual y reproductiva,hemorragia de la primera mitad del embarazo (< 22 sem) aborto,2020-10-01,0,1,1
30801,CLIZA,salud sexual y reproductiva,hemorragia de la primera mitad del embarazo (< 22 sem) aborto,2020-10-01,6,0,6
90101,COBIJA,salud sexual y reproductiva,hemorragia de la primera mitad del embarazo (< 22 sem) aborto,2020-10-01,12,0,12
30303,COCAPATA,salud sexual y reproductiva,hemorragia de la primera mitad del embarazo (< 22 sem) aborto,2020-10-01,0,1,1
30101,COCHABAMBA,salud sexual y reproductiva,hemorragia de la primera mitad del embarazo (< 22 sem) aborto,2020-10-01,103,4,107
30905,COLCAPIRHUA,salud sexual y reproductiva,hemorragia de la primera mitad del embarazo (< 22 sem) aborto,2020-10-01,8,1,9
50401,COLQUECHACA,salud sexual y reproductiva,hemorragia de la primera mitad del embarazo (< 22 sem) aborto,2020-10-01,1,0,1
71301,COMARAPA,salud sexual y reproductiva,hemorragia de la primera mitad del embarazo (< 22 sem) aborto,2020-10-01,0,2,2
71101,CONCEPCION,salud sexual y reproductiva,hemorragia de la primera mitad del embarazo (< 22 sem) aborto,2020-10-01,5,0,5
21401,COROICO,salud sexual y reproductiva,hemorragia de la primera mitad del embarazo (< 22 sem) aborto,2020-10-01,8,0,8
50601,COTAGAITA,salud sexual y reproductiva,hemorragia de la primera mitad del embarazo (< 22 sem) aborto,2020-10-01,0,2,2
70102,COTOCA,salud sexual y reproductiva,hemorragia de la primera mitad del embarazo (< 22 sem) aborto,2020-10-01,9,5,14
10902,CULPINA,salud sexual y reproductiva,hemorragia de la primera mitad del embarazo (< 22 sem) aborto,2020-10-01,0,1,1
40401,CURAHUARA DE CARANGAS,salud sexual y reproductiva,hemorragia de la primera mitad del embarazo (< 22 sem) aborto,2020-10-01,0,1,1
20105,EL ALTO,salud sexual y reproductiva,hemorragia de la primera mitad del embarazo (< 22 sem) aborto,2020-10-01,67,8,75
70105,EL TORNO,salud sexual y reproductiva,hemorragia de la primera mitad del embarazo (< 22 sem) aborto,2020-10-01,8,0,8
31206,ENTRE RIOS CBBA,salud sexual y reproductiva,hemorragia de la primera mitad del embarazo (< 22 sem) aborto,2020-10-01,13,0,13
20405,ESCOMA,salud sexual y reproductiva,hemorragia de la primera mitad del embarazo (< 22 sem) aborto,2020-10-01,1,0,1
20602,GUANAY,salud sexual y reproductiva,hemorragia de la primera mitad del embarazo (< 22 sem) aborto,2020-10-01,3,0,3
40701,HUANUNI,salud sexual y reproductiva,hemorragia de la primera mitad del embarazo (< 22 sem) aborto,2020-10-01,7,0,7
21102,IRUPANA (VILLA DE LANZA),salud sexual y reproductiva,hemorragia de la primera mitad del embarazo (< 22 sem) aborto,2020-10-01,2,0,2
70104,LA GUARDIA,salud sexual y reproductiva,hemorragia de la primera mitad del embarazo (< 22 sem) aborto,2020-10-01,8,1,9
20101,LA PAZ,salud sexual y reproductiva,hemorragia de la primera mitad del embarazo (< 22 sem) aborto,2020-10-01,100,2,102
80801,MAGDALENA,salud sexual y reproductiva,hemorragia de la primera mitad del embarazo (< 22 sem) aborto,2020-10-01,1,0,1
70903,MAIRANA,salud sexual y reproductiva,hemorragia de la primera mitad del embarazo (< 22 sem) aborto,2020-10-01,6,0,6
71003,MINEROS,salud sexual y reproductiva,hemorragia de la primera mitad del embarazo (< 22 sem) aborto,2020-10-01,1,0,1
31301,MIZQUE,salud sexual y reproductiva,hemorragia de la primera mitad del embarazo (< 22 sem) aborto,2020-10-01,3,0,3
10501,MONTEAGUDO,salud sexual y reproductiva,hemorragia de la primera mitad del embarazo (< 22 sem) aborto,2020-10-01,4,0,4
40101,ORURO,salud sexual y reproductiva,hemorragia de la primera mitad del embarazo (< 22 sem) aborto,2020-10-01,38,0,38
10401,PADILLA,salud sexual y reproductiva,hemorragia de la primera mitad del embarazo (< 22 sem) aborto,2020-10-01,4,0,4
70502,PAILON,salud sexual y reproductiva,hemorragia de la primera mitad del embarazo (< 22 sem) aborto,2020-10-01,9,1,10
21104,PALOS BLANCOS,salud sexual y reproductiva,hemorragia de la primera mitad del embarazo (< 22 sem) aborto,2020-10-01,1,0,1
30202,PASORAPA,salud sexual y reproductiva,hemorragia de la primera mitad del embarazo (< 22 sem) aborto,2020-10-01,1,0,1
21305,PATACAMAYA,salud sexual y reproductiva,hemorragia de la primera mitad del embarazo (< 22 sem) aborto,2020-10-01,3,0,3
10103,POROMA,salud sexual y reproductiva,hemorragia de la primera mitad del embarazo (< 22 sem) aborto,2020-10-01,0,1,1
50101,POTOSI,salud sexual y reproductiva,hemorragia de la primera mitad del embarazo (< 22 sem) aborto,2020-10-01,17,2,19
71401,PUERTO SUAREZ,salud sexual y reproductiva,hemorragia de la primera mitad del embarazo (< 22 sem) aborto,2020-10-01,5,0,5
31205,PUERTO VILLARROEL,salud sexual y reproductiva,hemorragia de la primera mitad del embarazo (< 22 sem) aborto,2020-10-01,33,2,35
31401,PUNATA,salud sexual y reproductiva,hemorragia de la primera mitad del embarazo (< 22 sem) aborto,2020-10-01,14,0,14
30901,QUILLACOLLO,salud sexual y reproductiva,hemorragia de la primera mitad del embarazo (< 22 sem) aborto,2020-10-01,14,0,14
80201,RIBERALTA,salud sexual y reproductiva,hemorragia de la primera mitad del embarazo (< 22 sem) aborto,2020-10-01,13,0,13
70503,ROBORE,salud sexual y reproductiva,hemorragia de la primera mitad del embarazo (< 22 sem) aborto,2020-10-01,3,0,3
31001,SACABA,salud sexual y reproductiva,hemorragia de la primera mitad del embarazo (< 22 sem) aborto,2020-10-01,63,2,65
80302,SAN BORJA,salud sexual y reproductiva,hemorragia de la primera mitad del embarazo (< 22 sem) aborto,2020-10-01,8,0,8
70402,SAN CARLOS,salud sexual y reproductiva,hemorragia de la primera mitad del embarazo (< 22 sem) aborto,2020-10-01,2,3,5
70301,SAN IGNACIO DE VELASCO,salud sexual y reproductiva,hemorragia de la primera mitad del embarazo (< 22 sem) aborto,2020-10-01,15,0,15
70501,SAN JOSE DE CHIQUITOS,salud sexual y reproductiva,hemorragia de la primera mitad del embarazo (< 22 sem) aborto,2020-10-01,10,0,10
71104,SAN JULIAN,salud sexual y reproductiva,hemorragia de la primera mitad del embarazo (< 22 sem) aborto,2020-10-01,2,0,2
60501,SAN LORENZO(TJA),salud sexual y reproductiva,hemorragia de la primera mitad del embarazo (< 22 sem) aborto,2020-10-01,1,0,1
10702,SAN LUCAS,salud sexual y reproductiva,hemorragia de la primera mitad del embarazo (< 22 sem) aborto,2020-10-01,0,1,1
71201,SAN MATIAS,salud sexual y reproductiva,hemorragia de la primera mitad del embarazo (< 22 sem) aborto,2020-10-01,0,2,2
70101,SANTA CRUZ DE LA SIERRA,salud sexual y reproductiva,hemorragia de la primera mitad del embarazo (< 22 sem) aborto,2020-10-01,214,10,224
20902,SAPAHAQUI,salud sexual y reproductiva,hemorragia de la primera mitad del embarazo (< 22 sem) aborto,2020-10-01,0,1,1
31602,SHINAOTA,salud sexual y reproductiva,hemorragia de la primera mitad del embarazo (< 22 sem) aborto,2020-10-01,6,0,6
30902,SIPE SIPE,salud sexual y reproductiva,hemorragia de la primera mitad del embarazo (< 22 sem) aborto,2020-10-01,2,0,2
10403,SOPACHUY,salud sexual y reproductiva,hemorragia de la primera mitad del embarazo (< 22 sem) aborto,2020-10-01,1,0,1
10101,SUCRE,salud sexual y reproductiva,hemorragia de la primera mitad del embarazo (< 22 sem) aborto,2020-10-01,31,9,40
30602,TACOPAYA,salud sexual y reproductiva,hemorragia de la primera mitad del embarazo (< 22 sem) aborto,2020-10-01,1,0,1
31101,TAPACARI,salud sexual y reproductiva,hemorragia de la primera mitad del embarazo (< 22 sem) aborto,2020-10-01,1,0,1
30401,TARATA,salud sexual y reproductiva,hemorragia de la primera mitad del embarazo (< 22 sem) aborto,2020-10-01,3,0,3
60101,TARIJA,salud sexual y reproductiva,hemorragia de la primera mitad del embarazo (< 22 sem) aborto,2020-10-01,31,1,32
10202,TARVITA,salud sexual y reproductiva,hemorragia de la primera mitad del embarazo (< 22 sem) aborto,2020-10-01,2,0,2
30903,TIQUIPAYA,salud sexual y reproductiva,hemorragia de la primera mitad del embarazo (< 22 sem) aborto,2020-10-01,9,0,9
31601,TIRAQUE (CBBA),salud sexual y reproductiva,hemorragia de la primera mitad del embarazo (< 22 sem) aborto,2020-10-01,1,0,1
31201,TOTORA(CBBA),salud sexual y reproductiva,hemorragia de la primera mitad del embarazo (< 22 sem) aborto,2020-10-01,1,0,1
80101,TRINIDAD,salud sexual y reproductiva,hemorragia de la primera mitad del embarazo (< 22 sem) aborto,2020-10-01,54,2,56
50801,TUPIZA,salud sexual y reproductiva,hemorragia de la primera mitad del embarazo (< 22 sem) aborto,2020-10-01,13,0,13
51201,UYUNI,salud sexual y reproductiva,hemorragia de la primera mitad del embarazo (< 22 sem) aborto,2020-10-01,9,0,9
30502,VACAS,salud sexual y reproductiva,hemorragia de la primera mitad del embarazo (< 22 sem) aborto,2020-10-01,1,0,1
70801,VALLEGRANDE,salud sexual y reproductiva,hemorragia de la primera mitad del embarazo (< 22 sem) aborto,2020-10-01,1,0,1
60303,VILLA MONTES,salud sexual y reproductiva,hemorragia de la primera mitad del embarazo (< 22 sem) aborto,2020-10-01,1,8,9
31003,VILLA TUNARI,salud sexual y reproductiva,hemorragia de la primera mitad del embarazo (< 22 sem) aborto,2020-10-01,13,0,13
51501,VILLAZON,salud sexual y reproductiva,hemorragia de la primera mitad del embarazo (< 22 sem) aborto,2020-10-01,10,0,10
30904,VINTO,salud sexual y reproductiva,hemorragia de la primera mitad del embarazo (< 22 sem) aborto,2020-10-01,16,0,16
70201,WARNES,salud sexual y reproductiva,hemorragia de la primera mitad del embarazo (< 22 sem) aborto,2020-10-01,0,10,10
60301,YACUIBA,salud sexual y reproductiva,hemorragia de la primera mitad del embarazo (< 22 sem) aborto,2020-10-01,9,2,11
70403,YAPACANI,salud sexual y reproductiva,hemorragia de la primera mitad del embarazo (< 22 sem) aborto,2020-10-01,21,0,21
30201,AIQUILE,salud sexual y reproductiva,hemorragia de la primera mitad del embarazo (< 22 sem) aborto,2020-11-01,9,0,9
30403,ARBIETO,salud sexual y reproductiva,hemorragia de la primera mitad del embarazo (< 22 sem) aborto,2020-11-01,1,0,1
71501,ASCENCION DE GUARAYOS,salud sexual y reproductiva,hemorragia de la primera mitad del embarazo (< 22 sem) aborto,2020-11-01,4,0,4
30301,AYOPAYA (V. DE INDEPENDENCIA),salud sexual y reproductiva,hemorragia de la primera mitad del embarazo (< 22 sem) aborto,2020-11-01,2,0,2
21203,BATALLAS,salud sexual y reproductiva,hemorragia de la primera mitad del embarazo (< 22 sem) aborto,2020-11-01,1,0,1
60202,BERMEJO,salud sexual y reproductiva,hemorragia de la primera mitad del embarazo (< 22 sem) aborto,2020-11-01,5,0,5
20905,CAIROMA,salud sexual y reproductiva,hemorragia de la primera mitad del embarazo (< 22 sem) aborto,2020-11-01,1,0,1
10701,CAMARGO,salud sexual y reproductiva,hemorragia de la primera mitad del embarazo (< 22 sem) aborto,2020-11-01,0,4,4
70706,CAMIRI,salud sexual y reproductiva,hemorragia de la primera mitad del embarazo (< 22 sem) aborto,2020-11-01,6,0,6
30701,CAPINOTA,salud sexual y reproductiva,hemorragia de la primera mitad del embarazo (< 22 sem) aborto,2020-11-01,1,1,2
40102,CARACOLLO,salud sexual y reproductiva,hemorragia de la primera mitad del embarazo (< 22 sem) aborto,2020-11-01,4,0,4
22001,CARANAVI,salud sexual y reproductiva,hemorragia de la primera mitad del embarazo (< 22 sem) aborto,2020-11-01,24,0,24
60302,CARAPARI,salud sexual y reproductiva,hemorragia de la primera mitad del embarazo (< 22 sem) aborto,2020-11-01,1,0,1
40201,CHALLAPATA,salud sexual y reproductiva,hemorragia de la primera mitad del embarazo (< 22 sem) aborto,2020-11-01,2,0,2
70702,CHARAGUA,salud sexual y reproductiva,hemorragia de la primera mitad del embarazo (< 22 sem) aborto,2020-11-01,4,0,4
21101,CHULUMANI (V. DE LA LIBERTAD),salud sexual y reproductiva,hemorragia de la primera mitad del embarazo (< 22 sem) aborto,2020-11-01,6,0,6
30801,CLIZA,salud sexual y reproductiva,hemorragia de la primera mitad del embarazo (< 22 sem) aborto,2020-11-01,4,0,4
90101,COBIJA,salud sexual y reproductiva,hemorragia de la primera mitad del embarazo (< 22 sem) aborto,2020-11-01,14,0,14
30101,COCHABAMBA,salud sexual y reproductiva,hemorragia de la primera mitad del embarazo (< 22 sem) aborto,2020-11-01,107,5,112
30905,COLCAPIRHUA,salud sexual y reproductiva,hemorragia de la primera mitad del embarazo (< 22 sem) aborto,2020-11-01,9,4,13
71301,COMARAPA,salud sexual y reproductiva,hemorragia de la primera mitad del embarazo (< 22 sem) aborto,2020-11-01,0,3,3
71101,CONCEPCION,salud sexual y reproductiva,hemorragia de la primera mitad del embarazo (< 22 sem) aborto,2020-11-01,2,3,5
21401,COROICO,salud sexual y reproductiva,hemorragia de la primera mitad del embarazo (< 22 sem) aborto,2020-11-01,11,0,11
50601,COTAGAITA,salud sexual y reproductiva,hemorragia de la primera mitad del embarazo (< 22 sem) aborto,2020-11-01,1,0,1
70102,COTOCA,salud sexual y reproductiva,hemorragia de la primera mitad del embarazo (< 22 sem) aborto,2020-11-01,6,2,8
10902,CULPINA,salud sexual y reproductiva,hemorragia de la primera mitad del embarazo (< 22 sem) aborto,2020-11-01,0,2,2
20105,EL ALTO,salud sexual y reproductiva,hemorragia de la primera mitad del embarazo (< 22 sem) aborto,2020-11-01,56,7,63
60502,EL PUENTE(TJA),salud sexual y reproductiva,hemorragia de la primera mitad del embarazo (< 22 sem) aborto,2020-11-01,1,0,1
70105,EL TORNO,salud sexual y reproductiva,hemorragia de la primera mitad del embarazo (< 22 sem) aborto,2020-11-01,22,0,22
31206,ENTRE RIOS CBBA,salud sexual y reproductiva,hemorragia de la primera mitad del embarazo (< 22 sem) aborto,2020-11-01,7,0,7
40701,HUANUNI,salud sexual y reproductiva,hemorragia de la primera mitad del embarazo (< 22 sem) aborto,2020-11-01,3,0,3
21102,IRUPANA (VILLA DE LANZA),salud sexual y reproductiva,hemorragia de la primera mitad del embarazo (< 22 sem) aborto,2020-11-01,3,0,3
20806,JESUS DE MACHACA,salud sexual y reproductiva,hemorragia de la primera mitad del embarazo (< 22 sem) aborto,2020-11-01,1,0,1
70104,LA GUARDIA,salud sexual y reproductiva,hemorragia de la primera mitad del embarazo (< 22 sem) aborto,2020-11-01,7,1,8
20101,LA PAZ,salud sexual y reproductiva,hemorragia de la primera mitad del embarazo (< 22 sem) aborto,2020-11-01,147,5,152
70903,MAIRANA,salud sexual y reproductiva,hemorragia de la primera mitad del embarazo (< 22 sem) aborto,2020-11-01,6,0,6
20607,MAPIRI,salud sexual y reproductiva,hemorragia de la primera mitad del embarazo (< 22 sem) aborto,2020-11-01,0,1,1
20103,MECAPACA,salud sexual y reproductiva,hemorragia de la primera mitad del embarazo (< 22 sem) aborto,2020-11-01,0,1,1
31301,MIZQUE,salud sexual y reproductiva,hemorragia de la primera mitad del embarazo (< 22 sem) aborto,2020-11-01,2,0,2
10501,MONTEAGUDO,salud sexual y reproductiva,hemorragia de la primera mitad del embarazo (< 22 sem) aborto,2020-11-01,8,0,8
71001,MONTERO,salud sexual y reproductiva,hemorragia de la primera mitad del embarazo (< 22 sem) aborto,2020-11-01,6,1,7
30302,MOROCHATA,salud sexual y reproductiva,hemorragia de la primera mitad del embarazo (< 22 sem) aborto,2020-11-01,0,1,1
50404,OCURI,salud sexual y reproductiva,hemorragia de la primera mitad del embarazo (< 22 sem) aborto,2020-11-01,1,1,2
40101,ORURO,salud sexual y reproductiva,hemorragia de la primera mitad del embarazo (< 22 sem) aborto,2020-11-01,23,0,23
10401,PADILLA,salud sexual y reproductiva,hemorragia de la primera mitad del embarazo (< 22 sem) aborto,2020-11-01,0,4,4
70502,PAILON,salud sexual y reproductiva,hemorragia de la primera mitad del embarazo (< 22 sem) aborto,2020-11-01,4,0,4
21104,PALOS BLANCOS,salud sexual y reproductiva,hemorragia de la primera mitad del embarazo (< 22 sem) aborto,2020-11-01,2,0,2
21305,PATACAMAYA,salud sexual y reproductiva,hemorragia de la primera mitad del embarazo (< 22 sem) aborto,2020-11-01,10,0,10
31203,POCONA,salud sexual y reproductiva,hemorragia de la primera mitad del embarazo (< 22 sem) aborto,2020-11-01,2,0,2
70103,PORONGO,salud sexual y reproductiva,hemorragia de la primera mitad del embarazo (< 22 sem) aborto,2020-11-01,3,0,3
50101,POTOSI,salud sexual y reproductiva,hemorragia de la primera mitad del embarazo (< 22 sem) aborto,2020-11-01,12,6,18
90201,PUERTO RICO,salud sexual y reproductiva,hemorragia de la primera mitad del embarazo (< 22 sem) aborto,2020-11-01,0,1,1
71401,PUERTO SUAREZ,salud sexual y reproductiva,hemorragia de la primera mitad del embarazo (< 22 sem) aborto,2020-11-01,3,0,3
31205,PUERTO VILLARROEL,salud sexual y reproductiva,hemorragia de la primera mitad del embarazo (< 22 sem) aborto,2020-11-01,48,0,48
31401,PUNATA,salud sexual y reproductiva,hemorragia de la primera mitad del embarazo (< 22 sem) aborto,2020-11-01,17,0,17
30901,QUILLACOLLO,salud sexual y reproductiva,hemorragia de la primera mitad del embarazo (< 22 sem) aborto,2020-11-01,14,0,14
31304,RAQAYPAMPA(ETA),salud sexual y reproductiva,hemorragia de la primera mitad del embarazo (< 22 sem) aborto,2020-11-01,1,0,1
80201,RIBERALTA,salud sexual y reproductiva,hemorragia de la primera mitad del embarazo (< 22 sem) aborto,2020-11-01,15,1,16
70503,ROBORE,salud sexual y reproductiva,hemorragia de la primera mitad del embarazo (< 22 sem) aborto,2020-11-01,0,1,1
80304,RURRENABAQUE,salud sexual y reproductiva,hemorragia de la primera mitad del embarazo (< 22 sem) aborto,2020-11-01,0,3,3
31001,SACABA,salud sexual y reproductiva,hemorragia de la primera mitad del embarazo (< 22 sem) aborto,2020-11-01,25,20,45
50701,SACACA,salud sexual y reproductiva,hemorragia de la primera mitad del embarazo (< 22 sem) aborto,2020-11-01,0,1,1
80302,SAN BORJA,salud sexual y reproductiva,hemorragia de la primera mitad del embarazo (< 22 sem) aborto,2020-11-01,13,0,13
70402,SAN CARLOS,salud sexual y reproductiva,hemorragia de la primera mitad del embarazo (< 22 sem) aborto,2020-11-01,0,1,1
80501,SAN IGNACIO,salud sexual y reproductiva,hemorragia de la primera mitad del embarazo (< 22 sem) aborto,2020-11-01,3,0,3
70301,SAN IGNACIO DE VELASCO,salud sexual y reproductiva,hemorragia de la primera mitad del embarazo (< 22 sem) aborto,2020-11-01,15,0,15
71102,SAN JAVIER(STC),salud sexual y reproductiva,hemorragia de la primera mitad del embarazo (< 22 sem) aborto,2020-11-01,1,0,1
70501,SAN JOSE DE CHIQUITOS,salud sexual y reproductiva,hemorragia de la primera mitad del embarazo (< 22 sem) aborto,2020-11-01,2,0,2
71104,SAN JULIAN,salud sexual y reproductiva,hemorragia de la primera mitad del embarazo (< 22 sem) aborto,2020-11-01,3,0,3
71201,SAN MATIAS,salud sexual y reproductiva,hemorragia de la primera mitad del embarazo (< 22 sem) aborto,2020-11-01,0,1,1
70302,SAN MIGUEL DE VELASCO,salud sexual y reproductiva,hemorragia de la primera mitad del embarazo (< 22 sem) aborto,2020-11-01,2,0,2
80702,SAN RAMON BENI,salud sexual y reproductiva,hemorragia de la primera mitad del embarazo (< 22 sem) aborto,2020-11-01,1,0,1
70101,SANTA CRUZ DE LA SIERRA,salud sexual y reproductiva,hemorragia de la primera mitad del embarazo (< 22 sem) aborto,2020-11-01,276,9,285
31602,SHINAOTA,salud sexual y reproductiva,hemorragia de la primera mitad del embarazo (< 22 sem) aborto,2020-11-01,11,0,11
30902,SIPE SIPE,salud sexual y reproductiva,hemorragia de la primera mitad del embarazo (< 22 sem) aborto,2020-11-01,4,1,5
10101,SUCRE,salud sexual y reproductiva,hemorragia de la primera mitad del embarazo (< 22 sem) aborto,2020-11-01,52,2,54
10601,TARABUCO,salud sexual y reproductiva,hemorragia de la primera mitad del embarazo (< 22 sem) aborto,2020-11-01,2,0,2
60101,TARIJA,salud sexual y reproductiva,hemorragia de la primera mitad del embarazo (< 22 sem) aborto,2020-11-01,31,2,33
20606,TIPUANI,salud sexual y reproductiva,hemorragia de la primera mitad del embarazo (< 22 sem) aborto,2020-11-01,1,0,1
30903,TIQUIPAYA,salud sexual y reproductiva,hemorragia de la primera mitad del embarazo (< 22 sem) aborto,2020-11-01,13,0,13
80101,TRINIDAD,salud sexual y reproductiva,hemorragia de la primera mitad del embarazo (< 22 sem) aborto,2020-11-01,20,2,22
50801,TUPIZA,salud sexual y reproductiva,hemorragia de la primera mitad del embarazo (< 22 sem) aborto,2020-11-01,2,0,2
51201,UYUNI,salud sexual y reproductiva,hemorragia de la primera mitad del embarazo (< 22 sem) aborto,2020-11-01,5,1,6
30502,VACAS,salud sexual y reproductiva,hemorragia de la primera mitad del embarazo (< 22 sem) aborto,2020-11-01,1,0,1
70801,VALLEGRANDE,salud sexual y reproductiva,hemorragia de la primera mitad del embarazo (< 22 sem) aborto,2020-11-01,3,1,4
20801,VIACHA,salud sexual y reproductiva,hemorragia de la primera mitad del embarazo (< 22 sem) aborto,2020-11-01,1,0,1
60303,VILLA MONTES,salud sexual y reproductiva,hemorragia de la primera mitad del embarazo (< 22 sem) aborto,2020-11-01,7,9,16
10801,VILLA SERRANO,salud sexual y reproductiva,hemorragia de la primera mitad del embarazo (< 22 sem) aborto,2020-11-01,1,0,1
31003,VILLA TUNARI,salud sexual y reproductiva,hemorragia de la primera mitad del embarazo (< 22 sem) aborto,2020-11-01,7,0,7
11001,VILLA VACA GUZMAN (MUYUPAMPA),salud sexual y reproductiva,hemorragia de la primera mitad del embarazo (< 22 sem) aborto,2020-11-01,1,0,1
51501,VILLAZON,salud sexual y reproductiva,hemorragia de la primera mitad del embarazo (< 22 sem) aborto,2020-11-01,2,0,2
30904,VINTO,salud sexual y reproductiva,hemorragia de la primera mitad del embarazo (< 22 sem) aborto,2020-11-01,11,0,11
70201,WARNES,salud sexual y reproductiva,hemorragia de la primera mitad del embarazo (< 22 sem) aborto,2020-11-01,0,16,16
60301,YACUIBA,salud sexual y reproductiva,hemorragia de la primera mitad del embarazo (< 22 sem) aborto,2020-11-01,7,0,7
70403,YAPACANI,salud sexual y reproductiva,hemorragia de la primera mitad del embarazo (< 22 sem) aborto,2020-11-01,13,1,14
10102,YOTALA,salud sexual y reproductiva,hemorragia de la primera mitad del embarazo (< 22 sem) aborto,2020-11-01,4,0,4
20201,ACHACACHI,salud sexual y reproductiva,hemorragia de la primera mitad del embarazo (< 22 sem) aborto,2020-12-01,3,0,3
30201,AIQUILE,salud sexual y reproductiva,hemorragia de la primera mitad del embarazo (< 22 sem) aborto,2020-12-01,5,0,5
10404,ALCALA,salud sexual y reproductiva,hemorragia de la primera mitad del embarazo (< 22 sem) aborto,2020-12-01,0,1,1
71501,ASCENCION DE GUARAYOS,salud sexual y reproductiva,hemorragia de la primera mitad del embarazo (< 22 sem) aborto,2020-12-01,5,1,6
30301,AYOPAYA (V. DE INDEPENDENCIA),salud sexual y reproductiva,hemorragia de la primera mitad del embarazo (< 22 sem) aborto,2020-12-01,2,0,2
21203,BATALLAS,salud sexual y reproductiva,hemorragia de la primera mitad del embarazo (< 22 sem) aborto,2020-12-01,2,0,2
60202,BERMEJO,salud sexual y reproductiva,hemorragia de la primera mitad del embarazo (< 22 sem) aborto,2020-12-01,4,0,4
31501,BOLIVAR,salud sexual y reproductiva,hemorragia de la primera mitad del embarazo (< 22 sem) aborto,2020-12-01,0,1,1
10701,CAMARGO,salud sexual y reproductiva,hemorragia de la primera mitad del embarazo (< 22 sem) aborto,2020-12-01,0,1,1
70706,CAMIRI,salud sexual y reproductiva,hemorragia de la primera mitad del embarazo (< 22 sem) aborto,2020-12-01,6,0,6
30701,CAPINOTA,salud sexual y reproductiva,hemorragia de la primera mitad del embarazo (< 22 sem) aborto,2020-12-01,5,0,5
40102,CARACOLLO,salud sexual y reproductiva,hemorragia de la primera mitad del embarazo (< 22 sem) aborto,2020-12-01,5,0,5
22001,CARANAVI,salud sexual y reproductiva,hemorragia de la primera mitad del embarazo (< 22 sem) aborto,2020-12-01,28,0,28
40201,CHALLAPATA,salud sexual y reproductiva,hemorragia de la primera mitad del embarazo (< 22 sem) aborto,2020-12-01,8,0,8
70702,CHARAGUA,salud sexual y reproductiva,hemorragia de la primera mitad del embarazo (< 22 sem) aborto,2020-12-01,4,0,4
21101,CHULUMANI (V. DE LA LIBERTAD),salud sexual y reproductiva,hemorragia de la primera mitad del embarazo (< 22 sem) aborto,2020-12-01,1,0,1
30801,CLIZA,salud sexual y reproductiva,hemorragia de la primera mitad del embarazo (< 22 sem) aborto,2020-12-01,6,0,6
90101,COBIJA,salud sexual y reproductiva,hemorragia de la primera mitad del embarazo (< 22 sem) aborto,2020-12-01,14,0,14
30101,COCHABAMBA,salud sexual y reproductiva,hemorragia de la primera mitad del embarazo (< 22 sem) aborto,2020-12-01,118,9,127
30905,COLCAPIRHUA,salud sexual y reproductiva,hemorragia de la primera mitad del embarazo (< 22 sem) aborto,2020-12-01,13,3,16
31002,COLOMI,salud sexual y reproductiva,hemorragia de la primera mitad del embarazo (< 22 sem) aborto,2020-12-01,2,0,2
50401,COLQUECHACA,salud sexual y reproductiva,hemorragia de la primera mitad del embarazo (< 22 sem) aborto,2020-12-01,1,0,1
71101,CONCEPCION,salud sexual y reproductiva,hemorragia de la primera mitad del embarazo (< 22 sem) aborto,2020-12-01,13,0,13
21401,COROICO,salud sexual y reproductiva,hemorragia de la primera mitad del embarazo (< 22 sem) aborto,2020-12-01,6,0,6
70102,COTOCA,salud sexual y reproductiva,hemorragia de la primera mitad del embarazo (< 22 sem) aborto,2020-12-01,12,0,12
10902,CULPINA,salud sexual y reproductiva,hemorragia de la primera mitad del embarazo (< 22 sem) aborto,2020-12-01,0,3,3
20105,EL ALTO,salud sexual y reproductiva,hemorragia de la primera mitad del embarazo (< 22 sem) aborto,2020-12-01,69,4,73
70105,EL TORNO,salud sexual y reproductiva,hemorragia de la primera mitad del embarazo (< 22 sem) aborto,2020-12-01,16,1,17
60601,ENTRE RIOS TRJ,salud sexual y reproductiva,hemorragia de la primera mitad del embarazo (< 22 sem) aborto,2020-12-01,0,2,2
31206,ENTRE RIOS CBBA,salud sexual y reproductiva,hemorragia de la primera mitad del embarazo (< 22 sem) aborto,2020-12-01,15,0,15
90203,FILADELFIA,salud sexual y reproductiva,hemorragia de la primera mitad del embarazo (< 22 sem) aborto,2020-12-01,0,2,2
80202,GUAYARAMERIN,salud sexual y reproductiva,hemorragia de la primera mitad del embarazo (< 22 sem) aborto,2020-12-01,2,0,2
40701,HUANUNI,salud sexual y reproductiva,hemorragia de la primera mitad del embarazo (< 22 sem) aborto,2020-12-01,6,0,6
21102,IRUPANA (VILLA DE LANZA),salud sexual y reproductiva,hemorragia de la primera mitad del embarazo (< 22 sem) aborto,2020-12-01,1,0,1
21105,LA ASUNTA,salud sexual y reproductiva,hemorragia de la primera mitad del embarazo (< 22 sem) aborto,2020-12-01,1,0,1
70104,LA GUARDIA,salud sexual y reproductiva,hemorragia de la primera mitad del embarazo (< 22 sem) aborto,2020-12-01,3,0,3
20101,LA PAZ,salud sexual y reproductiva,hemorragia de la primera mitad del embarazo (< 22 sem) aborto,2020-12-01,161,0,161
70903,MAIRANA,salud sexual y reproductiva,hemorragia de la primera mitad del embarazo (< 22 sem) aborto,2020-12-01,3,0,3
31301,MIZQUE,salud sexual y reproductiva,hemorragia de la primera mitad del embarazo (< 22 sem) aborto,2020-12-01,3,0,3
10501,MONTEAGUDO,salud sexual y reproductiva,hemorragia de la primera mitad del embarazo (< 22 sem) aborto,2020-12-01,9,0,9
71001,MONTERO,salud sexual y reproductiva,hemorragia de la primera mitad del embarazo (< 22 sem) aborto,2020-12-01,5,0,5
30302,MOROCHATA,salud sexual y reproductiva,hemorragia de la primera mitad del embarazo (< 22 sem) aborto,2020-12-01,0,1,1
50404,OCURI,salud sexual y reproductiva,hemorragia de la primera mitad del embarazo (< 22 sem) aborto,2020-12-01,1,1,2
40101,ORURO,salud sexual y reproductiva,hemorragia de la primera mitad del embarazo (< 22 sem) aborto,2020-12-01,36,6,42
60201,PADCAYA,salud sexual y reproductiva,hemorragia de la primera mitad del embarazo (< 22 sem) aborto,2020-12-01,0,1,1
10401,PADILLA,salud sexual y reproductiva,hemorragia de la primera mitad del embarazo (< 22 sem) aborto,2020-12-01,2,0,2
70502,PAILON,salud sexual y reproductiva,hemorragia de la primera mitad del embarazo (< 22 sem) aborto,2020-12-01,1,0,1
30202,PASORAPA,salud sexual y reproductiva,hemorragia de la primera mitad del embarazo (< 22 sem) aborto,2020-12-01,1,0,1
21305,PATACAMAYA,salud sexual y reproductiva,hemorragia de la primera mitad del embarazo (< 22 sem) aborto,2020-12-01,7,0,7
50101,POTOSI,salud sexual y reproductiva,hemorragia de la primera mitad del embarazo (< 22 sem) aborto,2020-12-01,23,1,24
71401,PUERTO SUAREZ,salud sexual y reproductiva,hemorragia de la primera mitad del embarazo (< 22 sem) aborto,2020-12-01,3,0,3
31205,PUERTO VILLARROEL,salud sexual y reproductiva,hemorragia de la primera mitad del embarazo (< 22 sem) aborto,2020-12-01,49,1,50
31401,PUNATA,salud sexual y reproductiva,hemorragia de la primera mitad del embarazo (< 22 sem) aborto,2020-12-01,14,0,14
30901,QUILLACOLLO,salud sexual y reproductiva,hemorragia de la primera mitad del embarazo (< 22 sem) aborto,2020-12-01,28,0,28
80201,RIBERALTA,salud sexual y reproductiva,hemorragia de la primera mitad del embarazo (< 22 sem) aborto,2020-12-01,7,0,7
31001,SACABA,salud sexual y reproductiva,hemorragia de la primera mitad del embarazo (< 22 sem) aborto,2020-12-01,42,1,43
80302,SAN BORJA,salud sexual y reproductiva,hemorragia de la primera mitad del embarazo (< 22 sem) aborto,2020-12-01,9,0,9
70402,SAN CARLOS,salud sexual y reproductiva,hemorragia de la primera mitad del embarazo (< 22 sem) aborto,2020-12-01,4,0,4
80501,SAN IGNACIO,salud sexual y reproductiva,hemorragia de la primera mitad del embarazo (< 22 sem) aborto,2020-12-01,1,0,1
70301,SAN IGNACIO DE VELASCO,salud sexual y reproductiva,hemorragia de la primera mitad del embarazo (< 22 sem) aborto,2020-12-01,10,0,10
71104,SAN JULIAN,salud sexual y reproductiva,hemorragia de la primera mitad del embarazo (< 22 sem) aborto,2020-12-01,7,0,7
60501,SAN LORENZO(TJA),salud sexual y reproductiva,hemorragia de la primera mitad del embarazo (< 22 sem) aborto,2020-12-01,0,1,1
10702,SAN LUCAS,salud sexual y reproductiva,hemorragia de la primera mitad del embarazo (< 22 sem) aborto,2020-12-01,0,1,1
70302,SAN MIGUEL DE VELASCO,salud sexual y reproductiva,hemorragia de la primera mitad del embarazo (< 22 sem) aborto,2020-12-01,1,0,1
80401,SANTA ANA,salud sexual y reproductiva,hemorragia de la primera mitad del embarazo (< 22 sem) aborto,2020-12-01,2,0,2
70101,SANTA CRUZ DE LA SIERRA,salud sexual y reproductiva,hemorragia de la primera mitad del embarazo (< 22 sem) aborto,2020-12-01,277,7,284
20902,SAPAHAQUI,salud sexual y reproductiva,hemorragia de la primera mitad del embarazo (< 22 sem) aborto,2020-12-01,0,1,1
90303,SENA,salud sexual y reproductiva,hemorragia de la primera mitad del embarazo (< 22 sem) aborto,2020-12-01,1,0,1
31602,SHINAOTA,salud sexual y reproductiva,hemorragia de la primera mitad del embarazo (< 22 sem) aborto,2020-12-01,7,0,7
30902,SIPE SIPE,salud sexual y reproductiva,hemorragia de la primera mitad del embarazo (< 22 sem) aborto,2020-12-01,7,1,8
10403,SOPACHUY,salud sexual y reproductiva,hemorragia de la primera mitad del embarazo (< 22 sem) aborto,2020-12-01,0,5,5
10101,SUCRE,salud sexual y reproductiva,hemorragia de la primera mitad del embarazo (< 22 sem) aborto,2020-12-01,47,1,48
10601,TARABUCO,salud sexual y reproductiva,hemorragia de la primera mitad del embarazo (< 22 sem) aborto,2020-12-01,5,0,5
30401,TARATA,salud sexual y reproductiva,hemorragia de la primera mitad del embarazo (< 22 sem) aborto,2020-12-01,3,0,3
60101,TARIJA,salud sexual y reproductiva,hemorragia de la primera mitad del embarazo (< 22 sem) aborto,2020-12-01,33,9,42
10202,TARVITA,salud sexual y reproductiva,hemorragia de la primera mitad del embarazo (< 22 sem) aborto,2020-12-01,0,2,2
50102,TINGUIPAYA,salud sexual y reproductiva,hemorragia de la primera mitad del embarazo (< 22 sem) aborto,2020-12-01,1,2,3
20606,TIPUANI,salud sexual y reproductiva,hemorragia de la primera mitad del embarazo (< 22 sem) aborto,2020-12-01,1,0,1
30903,TIQUIPAYA,salud sexual y reproductiva,hemorragia de la primera mitad del embarazo (< 22 sem) aborto,2020-12-01,14,0,14
31601,TIRAQUE (CBBA),salud sexual y reproductiva,hemorragia de la primera mitad del embarazo (< 22 sem) aborto,2020-12-01,1,0,1
50502,TORO TORO,salud sexual y reproductiva,hemorragia de la primera mitad del embarazo (< 22 sem) aborto,2020-12-01,3,0,3
31201,TOTORA(CBBA),salud sexual y reproductiva,hemorragia de la primera mitad del embarazo (< 22 sem) aborto,2020-12-01,1,0,1
80101,TRINIDAD,salud sexual y reproductiva,hemorragia de la primera mitad del embarazo (< 22 sem) aborto,2020-12-01,30,2,32
50801,TUPIZA,salud sexual y reproductiva,hemorragia de la primera mitad del embarazo (< 22 sem) aborto,2020-12-01,5,0,5
51201,UYUNI,salud sexual y reproductiva,hemorragia de la primera mitad del embarazo (< 22 sem) aborto,2020-12-01,15,0,15
70801,VALLEGRANDE,salud sexual y reproductiva,hemorragia de la primera mitad del embarazo (< 22 sem) aborto,2020-12-01,1,0,1
60303,VILLA MONTES,salud sexual y reproductiva,hemorragia de la primera mitad del embarazo (< 22 sem) aborto,2020-12-01,5,4,9
31003,VILLA TUNARI,salud sexual y reproductiva,hemorragia de la primera mitad del embarazo (< 22 sem) aborto,2020-12-01,12,0,12
51501,VILLAZON,salud sexual y reproductiva,hemorragia de la primera mitad del embarazo (< 22 sem) aborto,2020-12-01,3,0,3
30904,VINTO,salud sexual y reproductiva,hemorragia de la primera mitad del embarazo (< 22 sem) aborto,2020-12-01,17,0,17
70201,WARNES,salud sexual y reproductiva,hemorragia de la primera mitad del embarazo (< 22 sem) aborto,2020-12-01,0,17,17
60301,YACUIBA,salud sexual y reproductiva,hemorragia de la primera mitad del embarazo (< 22 sem) aborto,2020-12-01,11,1,12
70403,YAPACANI,salud sexual y reproductiva,hemorragia de la primera mitad del embarazo (< 22 sem) aborto,2020-12-01,19,0,19
10102,YOTALA,salud sexual y reproductiva,hemorragia de la primera mitad del embarazo (< 22 sem) aborto,2020-12-01,2,0,2
20201,ACHACACHI,salud sexual y reproductiva,hemorragia de la primera mitad del embarazo (< 22 sem) aborto,2021-01-01,1,0,1
30201,AIQUILE,salud sexual y reproductiva,hemorragia de la primera mitad del embarazo (< 22 sem) aborto,2021-01-01,3,0,3
71501,ASCENCION DE GUARAYOS,salud sexual y reproductiva,hemorragia de la primera mitad del embarazo (< 22 sem) aborto,2021-01-01,1,0,1
30301,AYOPAYA (V. DE INDEPENDENCIA),salud sexual y reproductiva,hemorragia de la primera mitad del embarazo (< 22 sem) aborto,2021-01-01,1,0,1
90104,BELLA FLOR,salud sexual y reproductiva,hemorragia de la primera mitad del embarazo (< 22 sem) aborto,2021-01-01,1,0,1
60202,BERMEJO,salud sexual y reproductiva,hemorragia de la primera mitad del embarazo (< 22 sem) aborto,2021-01-01,1,0,1
10701,CAMARGO,salud sexual y reproductiva,hemorragia de la primera mitad del embarazo (< 22 sem) aborto,2021-01-01,0,9,9
70706,CAMIRI,salud sexual y reproductiva,hemorragia de la primera mitad del embarazo (< 22 sem) aborto,2021-01-01,7,0,7
30701,CAPINOTA,salud sexual y reproductiva,hemorragia de la primera mitad del embarazo (< 22 sem) aborto,2021-01-01,6,0,6
40102,CARACOLLO,salud sexual y reproductiva,hemorragia de la primera mitad del embarazo (< 22 sem) aborto,2021-01-01,2,0,2
22001,CARANAVI,salud sexual y reproductiva,hemorragia de la primera mitad del embarazo (< 22 sem) aborto,2021-01-01,3,0,3
60302,CARAPARI,salud sexual y reproductiva,hemorragia de la primera mitad del embarazo (< 22 sem) aborto,2021-01-01,1,0,1
40201,CHALLAPATA,salud sexual y reproductiva,hemorragia de la primera mitad del embarazo (< 22 sem) aborto,2021-01-01,4,0,4
20305,CHARAÃ‘A,salud sexual y reproductiva,hemorragia de la primera mitad del embarazo (< 22 sem) aborto,2021-01-01,1,0,1
21101,CHULUMANI (V. DE LA LIBERTAD),salud sexual y reproductiva,hemorragia de la primera mitad del embarazo (< 22 sem) aborto,2021-01-01,1,0,1
30801,CLIZA,salud sexual y reproductiva,hemorragia de la primera mitad del embarazo (< 22 sem) aborto,2021-01-01,5,0,5
90101,COBIJA,salud sexual y reproductiva,hemorragia de la primera mitad del embarazo (< 22 sem) aborto,2021-01-01,11,0,11
30101,COCHABAMBA,salud sexual y reproductiva,hemorragia de la primera mitad del embarazo (< 22 sem) aborto,2021-01-01,111,4,115
30905,COLCAPIRHUA,salud sexual y reproductiva,hemorragia de la primera mitad del embarazo (< 22 sem) aborto,2021-01-01,5,1,6
31002,COLOMI,salud sexual y reproductiva,hemorragia de la primera mitad del embarazo (< 22 sem) aborto,2021-01-01,2,0,2
50401,COLQUECHACA,salud sexual y reproductiva,hemorragia de la primera mitad del embarazo (< 22 sem) aborto,2021-01-01,1,0,1
71101,CONCEPCION,salud sexual y reproductiva,hemorragia de la primera mitad del embarazo (< 22 sem) aborto,2021-01-01,11,0,11
21401,COROICO,salud sexual y reproductiva,hemorragia de la primera mitad del embarazo (< 22 sem) aborto,2021-01-01,6,0,6
50601,COTAGAITA,salud sexual y reproductiva,hemorragia de la primera mitad del embarazo (< 22 sem) aborto,2021-01-01,0,1,1
31405,CUCHUMUELA (V. G. VILLARROEL),salud sexual y reproductiva,hemorragia de la primera mitad del embarazo (< 22 sem) aborto,2021-01-01,1,0,1
10902,CULPINA,salud sexual y reproductiva,hemorragia de la primera mitad del embarazo (< 22 sem) aborto,2021-01-01,0,3,3
20105,EL ALTO,salud sexual y reproductiva,hemorragia de la primera mitad del embarazo (< 22 sem) aborto,2021-01-01,38,6,44
70105,EL TORNO,salud sexual y reproductiva,hemorragia de la primera mitad del embarazo (< 22 sem) aborto,2021-01-01,12,0,12
31206,ENTRE RIOS CBBA,salud sexual y reproductiva,hemorragia de la primera mitad del embarazo (< 22 sem) aborto,2021-01-01,8,0,8
20405,ESCOMA,salud sexual y reproductiva,hemorragia de la primera mitad del embarazo (< 22 sem) aborto,2021-01-01,1,0,1
20602,GUANAY,salud sexual y reproductiva,hemorragia de la primera mitad del embarazo (< 22 sem) aborto,2021-01-01,1,0,1
80202,GUAYARAMERIN,salud sexual y reproductiva,hemorragia de la primera mitad del embarazo (< 22 sem) aborto,2021-01-01,2,0,2
40701,HUANUNI,salud sexual y reproductiva,hemorragia de la primera mitad del embarazo (< 22 sem) aborto,2021-01-01,6,0,6
10703,INCAHUASI,salud sexual y reproductiva,hemorragia de la primera mitad del embarazo (< 22 sem) aborto,2021-01-01,0,1,1
21102,IRUPANA (VILLA DE LANZA),salud sexual y reproductiva,hemorragia de la primera mitad del embarazo (< 22 sem) aborto,2021-01-01,3,0,3
21105,LA ASUNTA,salud sexual y reproductiva,hemorragia de la primera mitad del embarazo (< 22 sem) aborto,2021-01-01,1,0,1
70104,LA GUARDIA,salud sexual y reproductiva,hemorragia de la primera mitad del embarazo (< 22 sem) aborto,2021-01-01,6,0,6
20101,LA PAZ,salud sexual y reproductiva,hemorragia de la primera mitad del embarazo (< 22 sem) aborto,2021-01-01,127,2,129
31301,MIZQUE,salud sexual y reproductiva,hemorragia de la primera mitad del embarazo (< 22 sem) aborto,2021-01-01,7,0,7
10501,MONTEAGUDO,salud sexual y reproductiva,hemorragia de la primera mitad del embarazo (< 22 sem) aborto,2021-01-01,6,0,6
71001,MONTERO,salud sexual y reproductiva,hemorragia de la primera mitad del embarazo (< 22 sem) aborto,2021-01-01,7,0,7
40101,ORURO,salud sexual y reproductiva,hemorragia de la primera mitad del embarazo (< 22 sem) aborto,2021-01-01,61,0,61
10401,PADILLA,salud sexual y reproductiva,hemorragia de la primera mitad del embarazo (< 22 sem) aborto,2021-01-01,2,0,2
40802,PAMPA AULLAGAS,salud sexual y reproductiva,hemorragia de la primera mitad del embarazo (< 22 sem) aborto,2021-01-01,1,0,1
21305,PATACAMAYA,salud sexual y reproductiva,hemorragia de la primera mitad del embarazo (< 22 sem) aborto,2021-01-01,4,0,4
31203,POCONA,salud sexual y reproductiva,hemorragia de la primera mitad del embarazo (< 22 sem) aborto,2021-01-01,1,0,1
31202,POJO (CBBA),salud sexual y reproductiva,hemorragia de la primera mitad del embarazo (< 22 sem) aborto,2021-01-01,0,1,1
51203,PORCO,salud sexual y reproductiva,hemorragia de la primera mitad del embarazo (< 22 sem) aborto,2021-01-01,0,1,1
50101,POTOSI,salud sexual y reproductiva,hemorragia de la primera mitad del embarazo (< 22 sem) aborto,2021-01-01,14,1,15
90301,PUERTO GONZALO MORENO,salud sexual y reproductiva,hemorragia de la primera mitad del embarazo (< 22 sem) aborto,2021-01-01,0,1,1
90201,PUERTO RICO,salud sexual y reproductiva,hemorragia de la primera mitad del embarazo (< 22 sem) aborto,2021-01-01,1,0,1
31205,PUERTO VILLARROEL,salud sexual y reproductiva,hemorragia de la primera mitad del embarazo (< 22 sem) aborto,2021-01-01,47,0,47
31401,PUNATA,salud sexual y reproductiva,hemorragia de la primera mitad del embarazo (< 22 sem) aborto,2021-01-01,14,0,14
30901,QUILLACOLLO,salud sexual y reproductiva,hemorragia de la primera mitad del embarazo (< 22 sem) aborto,2021-01-01,22,0,22
80201,RIBERALTA,salud sexual y reproductiva,hemorragia de la primera mitad del embarazo (< 22 sem) aborto,2021-01-01,8,0,8
70503,ROBORE,salud sexual y reproductiva,hemorragia de la primera mitad del embarazo (< 22 sem) aborto,2021-01-01,2,0,2
80304,RURRENABAQUE,salud sexual y reproductiva,hemorragia de la primera mitad del embarazo (< 22 sem) aborto,2021-01-01,1,0,1
40901,SABAYA,salud sexual y reproductiva,hemorragia de la primera mitad del embarazo (< 22 sem) aborto,2021-01-01,0,1,1
31001,SACABA,salud sexual y reproductiva,hemorragia de la primera mitad del embarazo (< 22 sem) aborto,2021-01-01,34,0,34
80302,SAN BORJA,salud sexual y reproductiva,hemorragia de la primera mitad del embarazo (< 22 sem) aborto,2021-01-01,6,0,6
70402,SAN CARLOS,salud sexual y reproductiva,hemorragia de la primera mitad del embarazo (< 22 sem) aborto,2021-01-01,0,3,3
70301,SAN IGNACIO DE VELASCO,salud sexual y reproductiva,hemorragia de la primera mitad del embarazo (< 22 sem) aborto,2021-01-01,6,0,6
71102,SAN JAVIER(STC),salud sexual y reproductiva,hemorragia de la primera mitad del embarazo (< 22 sem) aborto,2021-01-01,4,0,4
70501,SAN JOSE DE CHIQUITOS,salud sexual y reproductiva,hemorragia de la primera mitad del embarazo (< 22 sem) aborto,2021-01-01,3,0,3
71104,SAN JULIAN,salud sexual y reproductiva,hemorragia de la primera mitad del embarazo (< 22 sem) aborto,2021-01-01,3,0,3
10702,SAN LUCAS,salud sexual y reproductiva,hemorragia de la primera mitad del embarazo (< 22 sem) aborto,2021-01-01,0,2,2
71201,SAN MATIAS,salud sexual y reproductiva,hemorragia de la primera mitad del embarazo (< 22 sem) aborto,2021-01-01,0,1,1
70302,SAN MIGUEL DE VELASCO,salud sexual y reproductiva,hemorragia de la primera mitad del embarazo (< 22 sem) aborto,2021-01-01,3,0,3
71005,SAN PEDRO,salud sexual y reproductiva,hemorragia de la primera mitad del embarazo (< 22 sem) aborto,2021-01-01,1,0,1
50501,SAN PEDRO DE BUENA VISTA,salud sexual y reproductiva,hemorragia de la primera mitad del embarazo (< 22 sem) aborto,2021-01-01,0,1,1
80401,SANTA ANA,salud sexual y reproductiva,hemorragia de la primera mitad del embarazo (< 22 sem) aborto,2021-01-01,1,1,2
70101,SANTA CRUZ DE LA SIERRA,salud sexual y reproductiva,hemorragia de la primera mitad del embarazo (< 22 sem) aborto,2021-01-01,174,88,262
31602,SHINAOTA,salud sexual y reproductiva,hemorragia de la primera mitad del embarazo (< 22 sem) aborto,2021-01-01,8,0,8
30902,SIPE SIPE,salud sexual y reproductiva,hemorragia de la primera mitad del embarazo (< 22 sem) aborto,2021-01-01,6,0,6
10403,SOPACHUY,salud sexual y reproductiva,hemorragia de la primera mitad del embarazo (< 22 sem) aborto,2021-01-01,1,2,3
20601,SORATA,salud sexual y reproductiva,hemorragia de la primera mitad del embarazo (< 22 sem) aborto,2021-01-01,2,0,2
10101,SUCRE,salud sexual y reproductiva,hemorragia de la primera mitad del embarazo (< 22 sem) aborto,2021-01-01,74,0,74
10601,TARABUCO,salud sexual y reproductiva,hemorragia de la primera mitad del embarazo (< 22 sem) aborto,2021-01-01,5,0,5
30401,TARATA,salud sexual y reproductiva,hemorragia de la primera mitad del embarazo (< 22 sem) aborto,2021-01-01,3,0,3
60101,TARIJA,salud sexual y reproductiva,hemorragia de la primera mitad del embarazo (< 22 sem) aborto,2021-01-01,39,12,51
20803,TIAHUANACU,salud sexual y reproductiva,hemorragia de la primera mitad del embarazo (< 22 sem) aborto,2021-01-01,1,0,1
50102,TINGUIPAYA,salud sexual y reproductiva,hemorragia de la primera mitad del embarazo (< 22 sem) aborto,2021-01-01,1,0,1
20606,TIPUANI,salud sexual y reproductiva,hemorragia de la primera mitad del embarazo (< 22 sem) aborto,2021-01-01,1,0,1
30903,TIQUIPAYA,salud sexual y reproductiva,hemorragia de la primera mitad del embarazo (< 22 sem) aborto,2021-01-01,10,0,10
31601,TIRAQUE (CBBA),salud sexual y reproductiva,hemorragia de la primera mitad del embarazo (< 22 sem) aborto,2021-01-01,2,0,2
30802,TOCO,salud sexual y reproductiva,hemorragia de la primera mitad del embarazo (< 22 sem) aborto,2021-01-01,1,0,1
31201,TOTORA(CBBA),salud sexual y reproductiva,hemorragia de la primera mitad del embarazo (< 22 sem) aborto,2021-01-01,6,0,6
80101,TRINIDAD,salud sexual y reproductiva,hemorragia de la primera mitad del embarazo (< 22 sem) aborto,2021-01-01,39,1,40
50801,TUPIZA,salud sexual y reproductiva,hemorragia de la primera mitad del embarazo (< 22 sem) aborto,2021-01-01,17,0,17
51201,UYUNI,salud sexual y reproductiva,hemorragia de la primera mitad del embarazo (< 22 sem) aborto,2021-01-01,11,0,11
70801,VALLEGRANDE,salud sexual y reproductiva,hemorragia de la primera mitad del embarazo (< 22 sem) aborto,2021-01-01,1,0,1
60303,VILLA MONTES,salud sexual y reproductiva,hemorragia de la primera mitad del embarazo (< 22 sem) aborto,2021-01-01,4,5,9
31003,VILLA TUNARI,salud sexual y reproductiva,hemorragia de la primera mitad del embarazo (< 22 sem) aborto,2021-01-01,10,2,12
51501,VILLAZON,salud sexual y reproductiva,hemorragia de la primera mitad del embarazo (< 22 sem) aborto,2021-01-01,1,0,1
30904,VINTO,salud sexual y reproductiva,hemorragia de la primera mitad del embarazo (< 22 sem) aborto,2021-01-01,18,0,18
50602,VITICHI,salud sexual y reproductiva,hemorragia de la primera mitad del embarazo (< 22 sem) aborto,2021-01-01,1,0,1
70201,WARNES,salud sexual y reproductiva,hemorragia de la primera mitad del embarazo (< 22 sem) aborto,2021-01-01,0,10,10
60301,YACUIBA,salud sexual y reproductiva,hemorragia de la primera mitad del embarazo (< 22 sem) aborto,2021-01-01,12,3,15
70403,YAPACANI,salud sexual y reproductiva,hemorragia de la primera mitad del embarazo (< 22 sem) aborto,2021-01-01,13,0,13
10102,YOTALA,salud sexual y reproductiva,hemorragia de la primera mitad del embarazo (< 22 sem) aborto,2021-01-01,1,0,1
30201,AIQUILE,salud sexual y reproductiva,hemorragia de la primera mitad del embarazo (< 22 sem) aborto,2021-02-01,5,0,5
30402,ANZALDO,salud sexual y reproductiva,hemorragia de la primera mitad del embarazo (< 22 sem) aborto,2021-02-01,1,0,1
30403,ARBIETO,salud sexual y reproductiva,hemorragia de la primera mitad del embarazo (< 22 sem) aborto,2021-02-01,3,0,3
71501,ASCENCION DE GUARAYOS,salud sexual y reproductiva,hemorragia de la primera mitad del embarazo (< 22 sem) aborto,2021-02-01,2,10,12
30301,AYOPAYA (V. DE INDEPENDENCIA),salud sexual y reproductiva,hemorragia de la primera mitad del embarazo (< 22 sem) aborto,2021-02-01,1,0,1
21203,BATALLAS,salud sexual y reproductiva,hemorragia de la primera mitad del embarazo (< 22 sem) aborto,2021-02-01,1,0,1
60202,BERMEJO,salud sexual y reproductiva,hemorragia de la primera mitad del embarazo (< 22 sem) aborto,2021-02-01,1,0,1
90103,BOLPEBRA,salud sexual y reproductiva,hemorragia de la primera mitad del embarazo (< 22 sem) aborto,2021-02-01,0,1,1
10701,CAMARGO,salud sexual y reproductiva,hemorragia de la primera mitad del embarazo (< 22 sem) aborto,2021-02-01,0,5,5
70706,CAMIRI,salud sexual y reproductiva,hemorragia de la primera mitad del embarazo (< 22 sem) aborto,2021-02-01,4,0,4
30701,CAPINOTA,salud sexual y reproductiva,hemorragia de la primera mitad del embarazo (< 22 sem) aborto,2021-02-01,7,0,7
40102,CARACOLLO,salud sexual y reproductiva,hemorragia de la primera mitad del embarazo (< 22 sem) aborto,2021-02-01,2,0,2
22001,CARANAVI,salud sexual y reproductiva,hemorragia de la primera mitad del embarazo (< 22 sem) aborto,2021-02-01,7,0,7
60302,CARAPARI,salud sexual y reproductiva,hemorragia de la primera mitad del embarazo (< 22 sem) aborto,2021-02-01,1,0,1
40201,CHALLAPATA,salud sexual y reproductiva,hemorragia de la primera mitad del embarazo (< 22 sem) aborto,2021-02-01,3,0,3
50202,CHAYANTA,salud sexual y reproductiva,hemorragia de la primera mitad del embarazo (< 22 sem) aborto,2021-02-01,1,0,1
21101,CHULUMANI (V. DE LA LIBERTAD),salud sexual y reproductiva,hemorragia de la primera mitad del embarazo (< 22 sem) aborto,2021-02-01,7,0,7
30801,CLIZA,salud sexual y reproductiva,hemorragia de la primera mitad del embarazo (< 22 sem) aborto,2021-02-01,5,0,5
90101,COBIJA,salud sexual y reproductiva,hemorragia de la primera mitad del embarazo (< 22 sem) aborto,2021-02-01,8,0,8
30101,COCHABAMBA,salud sexual y reproductiva,hemorragia de la primera mitad del embarazo (< 22 sem) aborto,2021-02-01,106,1,107
30905,COLCAPIRHUA,salud sexual y reproductiva,hemorragia de la primera mitad del embarazo (< 22 sem) aborto,2021-02-01,10,0,10
31002,COLOMI,salud sexual y reproductiva,hemorragia de la primera mitad del embarazo (< 22 sem) aborto,2021-02-01,1,0,1
71301,COMARAPA,salud sexual y reproductiva,hemorragia de la primera mitad del embarazo (< 22 sem) aborto,2021-02-01,3,0,3
71101,CONCEPCION,salud sexual y reproductiva,hemorragia de la primera mitad del embarazo (< 22 sem) aborto,2021-02-01,3,0,3
21401,COROICO,salud sexual y reproductiva,hemorragia de la primera mitad del embarazo (< 22 sem) aborto,2021-02-01,6,0,6
70102,COTOCA,salud sexual y reproductiva,hemorragia de la primera mitad del embarazo (< 22 sem) aborto,2021-02-01,4,0,4
10902,CULPINA,salud sexual y reproductiva,hemorragia de la primera mitad del embarazo (< 22 sem) aborto,2021-02-01,0,2,2
20105,EL ALTO,salud sexual y reproductiva,hemorragia de la primera mitad del embarazo (< 22 sem) aborto,2021-02-01,52,7,59
70105,EL TORNO,salud sexual y reproductiva,hemorragia de la primera mitad del embarazo (< 22 sem) aborto,2021-02-01,5,0,5
31206,ENTRE RIOS CBBA,salud sexual y reproductiva,hemorragia de la primera mitad del embarazo (< 22 sem) aborto,2021-02-01,5,0,5
20602,GUANAY,salud sexual y reproductiva,hemorragia de la primera mitad del embarazo (< 22 sem) aborto,2021-02-01,1,0,1
80202,GUAYARAMERIN,salud sexual y reproductiva,hemorragia de la primera mitad del embarazo (< 22 sem) aborto,2021-02-01,1,0,1
40701,HUANUNI,salud sexual y reproductiva,hemorragia de la primera mitad del embarazo (< 22 sem) aborto,2021-02-01,3,0,3
21102,IRUPANA (VILLA DE LANZA),salud sexual y reproductiva,hemorragia de la primera mitad del embarazo (< 22 sem) aborto,2021-02-01,2,0,2
21105,LA ASUNTA,salud sexual y reproductiva,hemorragia de la primera mitad del embarazo (< 22 sem) aborto,2021-02-01,1,2,3
70104,LA GUARDIA,salud sexual y reproductiva,hemorragia de la primera mitad del embarazo (< 22 sem) aborto,2021-02-01,8,0,8
20101,LA PAZ,salud sexual y reproductiva,hemorragia de la primera mitad del embarazo (< 22 sem) aborto,2021-02-01,138,6,144
31301,MIZQUE,salud sexual y reproductiva,hemorragia de la primera mitad del embarazo (< 22 sem) aborto,2021-02-01,2,0,2
10303,MOJOCOYA,salud sexual y reproductiva,hemorragia de la primera mitad del embarazo (< 22 sem) aborto,2021-02-01,1,0,1
10501,MONTEAGUDO,salud sexual y reproductiva,hemorragia de la primera mitad del embarazo (< 22 sem) aborto,2021-02-01,7,0,7
71001,MONTERO,salud sexual y reproductiva,hemorragia de la primera mitad del embarazo (< 22 sem) aborto,2021-02-01,7,0,7
50404,OCURI,salud sexual y reproductiva,hemorragia de la primera mitad del embarazo (< 22 sem) aborto,2021-02-01,1,1,2
40101,ORURO,salud sexual y reproductiva,hemorragia de la primera mitad del embarazo (< 22 sem) aborto,2021-02-01,71,1,72
10401,PADILLA,salud sexual y reproductiva,hemorragia de la primera mitad del embarazo (< 22 sem) aborto,2021-02-01,2,0,2
70502,PAILON,salud sexual y reproductiva,hemorragia de la primera mitad del embarazo (< 22 sem) aborto,2021-02-01,1,0,1
21305,PATACAMAYA,salud sexual y reproductiva,hemorragia de la primera mitad del embarazo (< 22 sem) aborto,2021-02-01,6,0,6
31203,POCONA,salud sexual y reproductiva,hemorragia de la primera mitad del embarazo (< 22 sem) aborto,2021-02-01,1,0,1
10103,POROMA,salud sexual y reproductiva,hemorragia de la primera mitad del embarazo (< 22 sem) aborto,2021-02-01,1,1,2
70103,PORONGO,salud sexual y reproductiva,hemorragia de la primera mitad del embarazo (< 22 sem) aborto,2021-02-01,2,0,2
50101,POTOSI,salud sexual y reproductiva,hemorragia de la primera mitad del embarazo (< 22 sem) aborto,2021-02-01,1,0,1
21201,PUCARANI,salud sexual y reproductiva,hemorragia de la primera mitad del embarazo (< 22 sem) aborto,2021-02-01,1,0,1
31205,PUERTO VILLARROEL,salud sexual y reproductiva,hemorragia de la primera mitad del embarazo (< 22 sem) aborto,2021-02-01,39,0,39
31401,PUNATA,salud sexual y reproductiva,hemorragia de la primera mitad del embarazo (< 22 sem) aborto,2021-02-01,10,0,10
30901,QUILLACOLLO,salud sexual y reproductiva,hemorragia de la primera mitad del embarazo (< 22 sem) aborto,2021-02-01,22,0,22
80201,RIBERALTA,salud sexual y reproductiva,hemorragia de la primera mitad del embarazo (< 22 sem) aborto,2021-02-01,13,0,13
70503,ROBORE,salud sexual y reproductiva,hemorragia de la primera mitad del embarazo (< 22 sem) aborto,2021-02-01,3,0,3
80304,RURRENABAQUE,salud sexual y reproductiva,hemorragia de la primera mitad del embarazo (< 22 sem) aborto,2021-02-01,1,0,1
31001,SACABA,salud sexual y reproductiva,hemorragia de la primera mitad del embarazo (< 22 sem) aborto,2021-02-01,33,10,43
40801,SALINAS DE GARCI MENDOZA,salud sexual y reproductiva,hemorragia de la primera mitad del embarazo (< 22 sem) aborto,2021-02-01,0,1,1
80302,SAN BORJA,salud sexual y reproductiva,hemorragia de la primera mitad del embarazo (< 22 sem) aborto,2021-02-01,5,0,5
70402,SAN CARLOS,salud sexual y reproductiva,hemorragia de la primera mitad del embarazo (< 22 sem) aborto,2021-02-01,0,1,1
70301,SAN IGNACIO DE VELASCO,salud sexual y reproductiva,hemorragia de la primera mitad del embarazo (< 22 sem) aborto,2021-02-01,10,0,10
71102,SAN JAVIER(STC),salud sexual y reproductiva,hemorragia de la primera mitad del embarazo (< 22 sem) aborto,2021-02-01,1,0,1
70501,SAN JOSE DE CHIQUITOS,salud sexual y reproductiva,hemorragia de la primera mitad del embarazo (< 22 sem) aborto,2021-02-01,3,0,3
71104,SAN JULIAN,salud sexual y reproductiva,hemorragia de la primera mitad del embarazo (< 22 sem) aborto,2021-02-01,8,0,8
60501,SAN LORENZO(TJA),salud sexual y reproductiva,hemorragia de la primera mitad del embarazo (< 22 sem) aborto,2021-02-01,0,1,1
10702,SAN LUCAS,salud sexual y reproductiva,hemorragia de la primera mitad del embarazo (< 22 sem) aborto,2021-02-01,1,3,4
71201,SAN MATIAS,salud sexual y reproductiva,hemorragia de la primera mitad del embarazo (< 22 sem) aborto,2021-02-01,0,1,1
80401,SANTA ANA,salud sexual y reproductiva,hemorragia de la primera mitad del embarazo (< 22 sem) aborto,2021-02-01,8,0,8
70101,SANTA CRUZ DE LA SIERRA,salud sexual y reproductiva,hemorragia de la primera mitad del embarazo (< 22 sem) aborto,2021-02-01,184,102,286
31602,SHINAOTA,salud sexual y reproductiva,hemorragia de la primera mitad del embarazo (< 22 sem) aborto,2021-02-01,19,0,19
20601,SORATA,salud sexual y reproductiva,hemorragia de la primera mitad del embarazo (< 22 sem) aborto,2021-02-01,1,0,1
10101,SUCRE,salud sexual y reproductiva,hemorragia de la primera mitad del embarazo (< 22 sem) aborto,2021-02-01,31,0,31
60101,TARIJA,salud sexual y reproductiva,hemorragia de la primera mitad del embarazo (< 22 sem) aborto,2021-02-01,32,10,42
20606,TIPUANI,salud sexual y reproductiva,hemorragia de la primera mitad del embarazo (< 22 sem) aborto,2021-02-01,1,0,1
30903,TIQUIPAYA,salud sexual y reproductiva,hemorragia de la primera mitad del embarazo (< 22 sem) aborto,2021-02-01,12,0,12
30802,TOCO,salud sexual y reproductiva,hemorragia de la primera mitad del embarazo (< 22 sem) aborto,2021-02-01,1,0,1
50502,TORO TORO,salud sexual y reproductiva,hemorragia de la primera mitad del embarazo (< 22 sem) aborto,2021-02-01,1,0,1
31201,TOTORA(CBBA),salud sexual y reproductiva,hemorragia de la primera mitad del embarazo (< 22 sem) aborto,2021-02-01,4,0,4
80101,TRINIDAD,salud sexual y reproductiva,hemorragia de la primera mitad del embarazo (< 22 sem) aborto,2021-02-01,24,1,25
50801,TUPIZA,salud sexual y reproductiva,hemorragia de la primera mitad del embarazo (< 22 sem) aborto,2021-02-01,11,0,11
51201,UYUNI,salud sexual y reproductiva,hemorragia de la primera mitad del embarazo (< 22 sem) aborto,2021-02-01,3,0,3
70801,VALLEGRANDE,salud sexual y reproductiva,hemorragia de la primera mitad del embarazo (< 22 sem) aborto,2021-02-01,1,0,1
20801,VIACHA,salud sexual y reproductiva,hemorragia de la primera mitad del embarazo (< 22 sem) aborto,2021-02-01,1,0,1
60303,VILLA MONTES,salud sexual y reproductiva,hemorragia de la primera mitad del embarazo (< 22 sem) aborto,2021-02-01,0,4,4
31003,VILLA TUNARI,salud sexual y reproductiva,hemorragia de la primera mitad del embarazo (< 22 sem) aborto,2021-02-01,4,0,4
30904,VINTO,salud sexual y reproductiva,hemorragia de la primera mitad del embarazo (< 22 sem) aborto,2021-02-01,10,1,11
70201,WARNES,salud sexual y reproductiva,hemorragia de la primera mitad del embarazo (< 22 sem) aborto,2021-02-01,0,20,20
60301,YACUIBA,salud sexual y reproductiva,hemorragia de la primera mitad del embarazo (< 22 sem) aborto,2021-02-01,12,0,12
70403,YAPACANI,salud sexual y reproductiva,hemorragia de la primera mitad del embarazo (< 22 sem) aborto,2021-02-01,14,0,14
10102,YOTALA,salud sexual y reproductiva,hemorragia de la primera mitad del embarazo (< 22 sem) aborto,2021-02-01,2,0,2
60402,YUNCHARA,salud sexual y reproductiva,hemorragia de la primera mitad del embarazo (< 22 sem) aborto,2021-02-01,0,1,1
30201,AIQUILE,salud sexual y reproductiva,hemorragia de la primera mitad del embarazo (< 22 sem) aborto,2021-03-01,5,0,5
20701,APOLO,salud sexual y reproductiva,hemorragia de la primera mitad del embarazo (< 22 sem) aborto,2021-03-01,1,0,1
30403,ARBIETO,salud sexual y reproductiva,hemorragia de la primera mitad del embarazo (< 22 sem) aborto,2021-03-01,2,0,2
71501,ASCENCION DE GUARAYOS,salud sexual y reproductiva,hemorragia de la primera mitad del embarazo (< 22 sem) aborto,2021-03-01,6,0,6
30301,AYOPAYA (V. DE INDEPENDENCIA),salud sexual y reproductiva,hemorragia de la primera mitad del embarazo (< 22 sem) aborto,2021-03-01,2,0,2
60202,BERMEJO,salud sexual y reproductiva,hemorragia de la primera mitad del embarazo (< 22 sem) aborto,2021-03-01,4,0,4
50301,BETANZOS,salud sexual y reproductiva,hemorragia de la primera mitad del embarazo (< 22 sem) aborto,2021-03-01,2,0,2
10701,CAMARGO,salud sexual y reproductiva,hemorragia de la primera mitad del embarazo (< 22 sem) aborto,2021-03-01,0,3,3
70706,CAMIRI,salud sexual y reproductiva,hemorragia de la primera mitad del embarazo (< 22 sem) aborto,2021-03-01,10,0,10
30701,CAPINOTA,salud sexual y reproductiva,hemorragia de la primera mitad del embarazo (< 22 sem) aborto,2021-03-01,6,0,6
40102,CARACOLLO,salud sexual y reproductiva,hemorragia de la primera mitad del embarazo (< 22 sem) aborto,2021-03-01,1,0,1
22001,CARANAVI,salud sexual y reproductiva,hemorragia de la primera mitad del embarazo (< 22 sem) aborto,2021-03-01,21,0,21
60302,CARAPARI,salud sexual y reproductiva,hemorragia de la primera mitad del embarazo (< 22 sem) aborto,2021-03-01,4,0,4
40201,CHALLAPATA,salud sexual y reproductiva,hemorragia de la primera mitad del embarazo (< 22 sem) aborto,2021-03-01,4,0,4
50302,CHAQUI,salud sexual y reproductiva,hemorragia de la primera mitad del embarazo (< 22 sem) aborto,2021-03-01,1,0,1
21101,CHULUMANI (V. DE LA LIBERTAD),salud sexual y reproductiva,hemorragia de la primera mitad del embarazo (< 22 sem) aborto,2021-03-01,3,0,3
30801,CLIZA,salud sexual y reproductiva,hemorragia de la primera mitad del embarazo (< 22 sem) aborto,2021-03-01,5,0,5
90101,COBIJA,salud sexual y reproductiva,hemorragia de la primera mitad del embarazo (< 22 sem) aborto,2021-03-01,12,0,12
30303,COCAPATA,salud sexual y reproductiva,hemorragia de la primera mitad del embarazo (< 22 sem) aborto,2021-03-01,0,1,1
30101,COCHABAMBA,salud sexual y reproductiva,hemorragia de la primera mitad del embarazo (< 22 sem) aborto,2021-03-01,174,5,179
30905,COLCAPIRHUA,salud sexual y reproductiva,hemorragia de la primera mitad del embarazo (< 22 sem) aborto,2021-03-01,9,0,9
21004,COLQUIRI,salud sexual y reproductiva,hemorragia de la primera mitad del embarazo (< 22 sem) aborto,2021-03-01,0,1,1
20304,COMANCHE,salud sexual y reproductiva,hemorragia de la primera mitad del embarazo (< 22 sem) aborto,2021-03-01,0,1,1
71301,COMARAPA,salud sexual y reproductiva,hemorragia de la primera mitad del embarazo (< 22 sem) aborto,2021-03-01,0,4,4
71101,CONCEPCION,salud sexual y reproductiva,hemorragia de la primera mitad del embarazo (< 22 sem) aborto,2021-03-01,9,0,9
21401,COROICO,salud sexual y reproductiva,hemorragia de la primera mitad del embarazo (< 22 sem) aborto,2021-03-01,15,0,15
70102,COTOCA,salud sexual y reproductiva,hemorragia de la primera mitad del embarazo (< 22 sem) aborto,2021-03-01,6,0,6
70704,CUEVO,salud sexual y reproductiva,hemorragia de la primera mitad del embarazo (< 22 sem) aborto,2021-03-01,0,1,1
10902,CULPINA,salud sexual y reproductiva,hemorragia de la primera mitad del embarazo (< 22 sem) aborto,2021-03-01,0,2,2
20105,EL ALTO,salud sexual y reproductiva,hemorragia de la primera mitad del embarazo (< 22 sem) aborto,2021-03-01,97,3,100
71503,EL PUENTE(STC),salud sexual y reproductiva,hemorragia de la primera mitad del embarazo (< 22 sem) aborto,2021-03-01,1,0,1
70105,EL TORNO,salud sexual y reproductiva,hemorragia de la primera mitad del embarazo (< 22 sem) aborto,2021-03-01,16,0,16
31206,ENTRE RIOS CBBA,salud sexual y reproductiva,hemorragia de la primera mitad del embarazo (< 22 sem) aborto,2021-03-01,15,0,15
80202,GUAYARAMERIN,salud sexual y reproductiva,hemorragia de la primera mitad del embarazo (< 22 sem) aborto,2021-03-01,1,0,1
40701,HUANUNI,salud sexual y reproductiva,hemorragia de la primera mitad del embarazo (< 22 sem) aborto,2021-03-01,8,0,8
10703,INCAHUASI,salud sexual y reproductiva,hemorragia de la primera mitad del embarazo (< 22 sem) aborto,2021-03-01,0,2,2
21102,IRUPANA (VILLA DE LANZA),salud sexual y reproductiva,hemorragia de la primera mitad del embarazo (< 22 sem) aborto,2021-03-01,3,0,3
20806,JESUS DE MACHACA,salud sexual y reproductiva,hemorragia de la primera mitad del embarazo (< 22 sem) aborto,2021-03-01,1,0,1
21105,LA ASUNTA,salud sexual y reproductiva,hemorragia de la primera mitad del embarazo (< 22 sem) aborto,2021-03-01,1,0,1
70104,LA GUARDIA,salud sexual y reproductiva,hemorragia de la primera mitad del embarazo (< 22 sem) aborto,2021-03-01,10,1,11
20101,LA PAZ,salud sexual y reproductiva,hemorragia de la primera mitad del embarazo (< 22 sem) aborto,2021-03-01,189,5,194
20901,LURIBAY,salud sexual y reproductiva,hemorragia de la primera mitad del embarazo (< 22 sem) aborto,2021-03-01,0,1,1
70903,MAIRANA,salud sexual y reproductiva,hemorragia de la primera mitad del embarazo (< 22 sem) aborto,2021-03-01,1,1,2
20607,MAPIRI,salud sexual y reproductiva,hemorragia de la primera mitad del embarazo (< 22 sem) aborto,2021-03-01,0,1,1
31301,MIZQUE,salud sexual y reproductiva,hemorragia de la primera mitad del embarazo (< 22 sem) aborto,2021-03-01,4,1,5
10501,MONTEAGUDO,salud sexual y reproductiva,hemorragia de la primera mitad del embarazo (< 22 sem) aborto,2021-03-01,4,0,4
71001,MONTERO,salud sexual y reproductiva,hemorragia de la primera mitad del embarazo (< 22 sem) aborto,2021-03-01,5,0,5
90401,NACEBE (SANTA ROSA DEL ABUNA),salud sexual y reproductiva,hemorragia de la primera mitad del embarazo (< 22 sem) aborto,2021-03-01,0,1,1
50404,OCURI,salud sexual y reproductiva,hemorragia de la primera mitad del embarazo (< 22 sem) aborto,2021-03-01,0,1,1
40101,ORURO,salud sexual y reproductiva,hemorragia de la primera mitad del embarazo (< 22 sem) aborto,2021-03-01,105,1,106
10401,PADILLA,salud sexual y reproductiva,hemorragia de la primera mitad del embarazo (< 22 sem) aborto,2021-03-01,4,0,4
70502,PAILON,salud sexual y reproductiva,hemorragia de la primera mitad del embarazo (< 22 sem) aborto,2021-03-01,3,0,3
21305,PATACAMAYA,salud sexual y reproductiva,hemorragia de la primera mitad del embarazo (< 22 sem) aborto,2021-03-01,6,0,6
51203,PORCO,salud sexual y reproductiva,hemorragia de la primera mitad del embarazo (< 22 sem) aborto,2021-03-01,0,1,1
50101,POTOSI,salud sexual y reproductiva,hemorragia de la primera mitad del embarazo (< 22 sem) aborto,2021-03-01,29,0,29
31205,PUERTO VILLARROEL,salud sexual y reproductiva,hemorragia de la primera mitad del embarazo (< 22 sem) aborto,2021-03-01,54,1,55
31401,PUNATA,salud sexual y reproductiva,hemorragia de la primera mitad del embarazo (< 22 sem) aborto,2021-03-01,28,1,29
30901,QUILLACOLLO,salud sexual y reproductiva,hemorragia de la primera mitad del embarazo (< 22 sem) aborto,2021-03-01,28,1,29
31304,RAQAYPAMPA(ETA),salud sexual y reproductiva,hemorragia de la primera mitad del embarazo (< 22 sem) aborto,2021-03-01,0,1,1
80201,RIBERALTA,salud sexual y reproductiva,hemorragia de la primera mitad del embarazo (< 22 sem) aborto,2021-03-01,11,0,11
70503,ROBORE,salud sexual y reproductiva,hemorragia de la primera mitad del embarazo (< 22 sem) aborto,2021-03-01,4,0,4
80304,RURRENABAQUE,salud sexual y reproductiva,hemorragia de la primera mitad del embarazo (< 22 sem) aborto,2021-03-01,2,0,2
31001,SACABA,salud sexual y reproductiva,hemorragia de la primera mitad del embarazo (< 22 sem) aborto,2021-03-01,36,16,52
31403,SAN BENITO,salud sexual y reproductiva,hemorragia de la primera mitad del embarazo (< 22 sem) aborto,2021-03-01,1,0,1
80302,SAN BORJA,salud sexual y reproductiva,hemorragia de la primera mitad del embarazo (< 22 sem) aborto,2021-03-01,10,0,10
70402,SAN CARLOS,salud sexual y reproductiva,hemorragia de la primera mitad del embarazo (< 22 sem) aborto,2021-03-01,1,2,3
80501,SAN IGNACIO,salud sexual y reproductiva,hemorragia de la primera mitad del embarazo (< 22 sem) aborto,2021-03-01,4,0,4
70301,SAN IGNACIO DE VELASCO,salud sexual y reproductiva,hemorragia de la primera mitad del embarazo (< 22 sem) aborto,2021-03-01,9,0,9
71102,SAN JAVIER(STC),salud sexual y reproductiva,hemorragia de la primera mitad del embarazo (< 22 sem) aborto,2021-03-01,5,0,5
70501,SAN JOSE DE CHIQUITOS,salud sexual y reproductiva,hemorragia de la primera mitad del embarazo (< 22 sem) aborto,2021-03-01,5,0,5
71104,SAN JULIAN,salud sexual y reproductiva,hemorragia de la primera mitad del embarazo (< 22 sem) aborto,2021-03-01,7,0,7
60501,SAN LORENZO(TJA),salud sexual y reproductiva,hemorragia de la primera mitad del embarazo (< 22 sem) aborto,2021-03-01,4,1,5
10702,SAN LUCAS,salud sexual y reproductiva,hemorragia de la primera mitad del embarazo (< 22 sem) aborto,2021-03-01,0,2,2
71005,SAN PEDRO,salud sexual y reproductiva,hemorragia de la primera mitad del embarazo (< 22 sem) aborto,2021-03-01,1,0,1
50501,SAN PEDRO DE BUENA VISTA,salud sexual y reproductiva,hemorragia de la primera mitad del embarazo (< 22 sem) aborto,2021-03-01,1,0,1
80401,SANTA ANA,salud sexual y reproductiva,hemorragia de la primera mitad del embarazo (< 22 sem) aborto,2021-03-01,9,0,9
70101,SANTA CRUZ DE LA SIERRA,salud sexual y reproductiva,hemorragia de la primera mitad del embarazo (< 22 sem) aborto,2021-03-01,281,155,436
20205,SANTIAGO DE HUATA,salud sexual y reproductiva,hemorragia de la primera mitad del embarazo (< 22 sem) aborto,2021-03-01,1,0,1
40202,SANTUARIO DE QUILLACAS,salud sexual y reproductiva,hemorragia de la primera mitad del embarazo (< 22 sem) aborto,2021-03-01,1,0,1
20902,SAPAHAQUI,salud sexual y reproductiva,hemorragia de la primera mitad del embarazo (< 22 sem) aborto,2021-03-01,1,0,1
31602,SHINAOTA,salud sexual y reproductiva,hemorragia de la primera mitad del embarazo (< 22 sem) aborto,2021-03-01,16,0,16
30902,SIPE SIPE,salud sexual y reproductiva,hemorragia de la primera mitad del embarazo (< 22 sem) aborto,2021-03-01,3,0,3
10403,SOPACHUY,salud sexual y reproductiva,hemorragia de la primera mitad del embarazo (< 22 sem) aborto,2021-03-01,0,4,4
20601,SORATA,salud sexual y reproductiva,hemorragia de la primera mitad del embarazo (< 22 sem) aborto,2021-03-01,4,0,4
10101,SUCRE,salud sexual y reproductiva,hemorragia de la primera mitad del embarazo (< 22 sem) aborto,2021-03-01,66,0,66
30602,TACOPAYA,salud sexual y reproductiva,hemorragia de la primera mitad del embarazo (< 22 sem) aborto,2021-03-01,0,2,2
31101,TAPACARI,salud sexual y reproductiva,hemorragia de la primera mitad del embarazo (< 22 sem) aborto,2021-03-01,1,0,1
10601,TARABUCO,salud sexual y reproductiva,hemorragia de la primera mitad del embarazo (< 22 sem) aborto,2021-03-01,1,0,1
30401,TARATA,salud sexual y reproductiva,hemorragia de la primera mitad del embarazo (< 22 sem) aborto,2021-03-01,1,0,1
60101,TARIJA,salud sexual y reproductiva,hemorragia de la primera mitad del embarazo (< 22 sem) aborto,2021-03-01,17,27,44
10202,TARVITA,salud sexual y reproductiva,hemorragia de la primera mitad del embarazo (< 22 sem) aborto,2021-03-01,0,1,1
20608,TEOPONTE,salud sexual y reproductiva,hemorragia de la primera mitad del embarazo (< 22 sem) aborto,2021-03-01,1,0,1
20803,TIAHUANACU,salud sexual y reproductiva,hemorragia de la primera mitad del embarazo (< 22 sem) aborto,2021-03-01,0,2,2
50102,TINGUIPAYA,salud sexual y reproductiva,hemorragia de la primera mitad del embarazo (< 22 sem) aborto,2021-03-01,0,1,1
30903,TIQUIPAYA,salud sexual y reproductiva,hemorragia de la primera mitad del embarazo (< 22 sem) aborto,2021-03-01,14,0,14
31601,TIRAQUE (CBBA),salud sexual y reproductiva,hemorragia de la primera mitad del embarazo (< 22 sem) aborto,2021-03-01,1,0,1
41001,TOLEDO,salud sexual y reproductiva,hemorragia de la primera mitad del embarazo (< 22 sem) aborto,2021-03-01,1,0,1
31201,TOTORA(CBBA),salud sexual y reproductiva,hemorragia de la primera mitad del embarazo (< 22 sem) aborto,2021-03-01,3,0,3
80101,TRINIDAD,salud sexual y reproductiva,hemorragia de la primera mitad del embarazo (< 22 sem) aborto,2021-03-01,33,1,34
50801,TUPIZA,salud sexual y reproductiva,hemorragia de la primera mitad del embarazo (< 22 sem) aborto,2021-03-01,16,0,16
51201,UYUNI,salud sexual y reproductiva,hemorragia de la primera mitad del embarazo (< 22 sem) aborto,2021-03-01,11,0,11
30502,VACAS,salud sexual y reproductiva,hemorragia de la primera mitad del embarazo (< 22 sem) aborto,2021-03-01,1,0,1
70801,VALLEGRANDE,salud sexual y reproductiva,hemorragia de la primera mitad del embarazo (< 22 sem) aborto,2021-03-01,1,0,1
20801,VIACHA,salud sexual y reproductiva,hemorragia de la primera mitad del embarazo (< 22 sem) aborto,2021-03-01,1,0,1
60303,VILLA MONTES,salud sexual y reproductiva,hemorragia de la primera mitad del embarazo (< 22 sem) aborto,2021-03-01,0,8,8
31003,VILLA TUNARI,salud sexual y reproductiva,hemorragia de la primera mitad del embarazo (< 22 sem) aborto,2021-03-01,13,0,13
11001,VILLA VACA GUZMAN (MUYUPAMPA),salud sexual y reproductiva,hemorragia de la primera mitad del embarazo (< 22 sem) aborto,2021-03-01,1,0,1
51501,VILLAZON,salud sexual y reproductiva,hemorragia de la primera mitad del embarazo (< 22 sem) aborto,2021-03-01,13,0,13
30904,VINTO,salud sexual y reproductiva,hemorragia de la primera mitad del embarazo (< 22 sem) aborto,2021-03-01,18,0,18
50602,VITICHI,salud sexual y reproductiva,hemorragia de la primera mitad del embarazo (< 22 sem) aborto,2021-03-01,1,0,1
70201,WARNES,salud sexual y reproductiva,hemorragia de la primera mitad del embarazo (< 22 sem) aborto,2021-03-01,0,22,22
20903,YACO,salud sexual y reproductiva,hemorragia de la primera mitad del embarazo (< 22 sem) aborto,2021-03-01,1,0,1
60301,YACUIBA,salud sexual y reproductiva,hemorragia de la primera mitad del embarazo (< 22 sem) aborto,2021-03-01,10,0,10
70403,YAPACANI,salud sexual y reproductiva,hemorragia de la primera mitad del embarazo (< 22 sem) aborto,2021-03-01,9,0,9
10102,YOTALA,salud sexual y reproductiva,hemorragia de la primera mitad del embarazo (< 22 sem) aborto,2021-03-01,1,0,1
30201,AIQUILE,salud sexual y reproductiva,hemorragia de la primera mitad del embarazo (< 22 sem) aborto,2021-04-01,1,0,1
30402,ANZALDO,salud sexual y reproductiva,hemorragia de la primera mitad del embarazo (< 22 sem) aborto,2021-04-01,3,0,3
30403,ARBIETO,salud sexual y reproductiva,hemorragia de la primera mitad del embarazo (< 22 sem) aborto,2021-04-01,1,0,1
71501,ASCENCION DE GUARAYOS,salud sexual y reproductiva,hemorragia de la primera mitad del embarazo (< 22 sem) aborto,2021-04-01,5,0,5
30301,AYOPAYA (V. DE INDEPENDENCIA),salud sexual y reproductiva,hemorragia de la primera mitad del embarazo (< 22 sem) aborto,2021-04-01,2,0,2
60202,BERMEJO,salud sexual y reproductiva,hemorragia de la primera mitad del embarazo (< 22 sem) aborto,2021-04-01,5,0,5
10701,CAMARGO,salud sexual y reproductiva,hemorragia de la primera mitad del embarazo (< 22 sem) aborto,2021-04-01,0,7,7
70706,CAMIRI,salud sexual y reproductiva,hemorragia de la primera mitad del embarazo (< 22 sem) aborto,2021-04-01,10,0,10
30701,CAPINOTA,salud sexual y reproductiva,hemorragia de la primera mitad del embarazo (< 22 sem) aborto,2021-04-01,3,0,3
40102,CARACOLLO,salud sexual y reproductiva,hemorragia de la primera mitad del embarazo (< 22 sem) aborto,2021-04-01,2,0,2
22001,CARANAVI,salud sexual y reproductiva,hemorragia de la primera mitad del embarazo (< 22 sem) aborto,2021-04-01,22,0,22
60302,CARAPARI,salud sexual y reproductiva,hemorragia de la primera mitad del embarazo (< 22 sem) aborto,2021-04-01,1,0,1
31204,CHIMORE,salud sexual y reproductiva,hemorragia de la primera mitad del embarazo (< 22 sem) aborto,2021-04-01,3,1,4
21101,CHULUMANI (V. DE LA LIBERTAD),salud sexual y reproductiva,hemorragia de la primera mitad del embarazo (< 22 sem) aborto,2021-04-01,4,0,4
30801,CLIZA,salud sexual y reproductiva,hemorragia de la primera mitad del embarazo (< 22 sem) aborto,2021-04-01,5,0,5
90101,COBIJA,salud sexual y reproductiva,hemorragia de la primera mitad del embarazo (< 22 sem) aborto,2021-04-01,12,0,12
30303,COCAPATA,salud sexual y reproductiva,hemorragia de la primera mitad del embarazo (< 22 sem) aborto,2021-04-01,2,0,2
30101,COCHABAMBA,salud sexual y reproductiva,hemorragia de la primera mitad del embarazo (< 22 sem) aborto,2021-04-01,88,2,90
30905,COLCAPIRHUA,salud sexual y reproductiva,hemorragia de la primera mitad del embarazo (< 22 sem) aborto,2021-04-01,2,0,2
71101,CONCEPCION,salud sexual y reproductiva,hemorragia de la primera mitad del embarazo (< 22 sem) aborto,2021-04-01,7,0,7
21401,COROICO,salud sexual y reproductiva,hemorragia de la primera mitad del embarazo (< 22 sem) aborto,2021-04-01,8,0,8
70102,COTOCA,salud sexual y reproductiva,hemorragia de la primera mitad del embarazo (< 22 sem) aborto,2021-04-01,7,0,7
31405,CUCHUMUELA (V. G. VILLARROEL),salud sexual y reproductiva,hemorragia de la primera mitad del embarazo (< 22 sem) aborto,2021-04-01,1,0,1
10902,CULPINA,salud sexual y reproductiva,hemorragia de la primera mitad del embarazo (< 22 sem) aborto,2021-04-01,0,1,1
20105,EL ALTO,salud sexual y reproductiva,hemorragia de la primera mitad del embarazo (< 22 sem) aborto,2021-04-01,94,3,97
70105,EL TORNO,salud sexual y reproductiva,hemorragia de la primera mitad del embarazo (< 22 sem) aborto,2021-04-01,8,0,8
31206,ENTRE RIOS CBBA,salud sexual y reproductiva,hemorragia de la primera mitad del embarazo (< 22 sem) aborto,2021-04-01,15,0,15
40701,HUANUNI,salud sexual y reproductiva,hemorragia de la primera mitad del embarazo (< 22 sem) aborto,2021-04-01,1,0,1
21102,IRUPANA (VILLA DE LANZA),salud sexual y reproductiva,hemorragia de la primera mitad del embarazo (< 22 sem) aborto,2021-04-01,3,0,3
21105,LA ASUNTA,salud sexual y reproductiva,hemorragia de la primera mitad del embarazo (< 22 sem) aborto,2021-04-01,0,1,1
70104,LA GUARDIA,salud sexual y reproductiva,hemorragia de la primera mitad del embarazo (< 22 sem) aborto,2021-04-01,7,0,7
20101,LA PAZ,salud sexual y reproductiva,hemorragia de la primera mitad del embarazo (< 22 sem) aborto,2021-04-01,186,1,187
20901,LURIBAY,salud sexual y reproductiva,hemorragia de la primera mitad del embarazo (< 22 sem) aborto,2021-04-01,1,0,1
70903,MAIRANA,salud sexual y reproductiva,hemorragia de la primera mitad del embarazo (< 22 sem) aborto,2021-04-01,2,0,2
31301,MIZQUE,salud sexual y reproductiva,hemorragia de la primera mitad del embarazo (< 22 sem) aborto,2021-04-01,5,0,5
10501,MONTEAGUDO,salud sexual y reproductiva,hemorragia de la primera mitad del embarazo (< 22 sem) aborto,2021-04-01,9,0,9
71001,MONTERO,salud sexual y reproductiva,hemorragia de la primera mitad del embarazo (< 22 sem) aborto,2021-04-01,8,0,8
90401,NACEBE (SANTA ROSA DEL ABUNA),salud sexual y reproductiva,hemorragia de la primera mitad del embarazo (< 22 sem) aborto,2021-04-01,0,1,1
50404,OCURI,salud sexual y reproductiva,hemorragia de la primera mitad del embarazo (< 22 sem) aborto,2021-04-01,1,2,3
40101,ORURO,salud sexual y reproductiva,hemorragia de la primera mitad del embarazo (< 22 sem) aborto,2021-04-01,81,0,81
10401,PADILLA,salud sexual y reproductiva,hemorragia de la primera mitad del embarazo (< 22 sem) aborto,2021-04-01,8,0,8
70502,PAILON,salud sexual y reproductiva,hemorragia de la primera mitad del embarazo (< 22 sem) aborto,2021-04-01,3,0,3
21104,PALOS BLANCOS,salud sexual y reproductiva,hemorragia de la primera mitad del embarazo (< 22 sem) aborto,2021-04-01,0,1,1
70902,PAMPA GRANDE,salud sexual y reproductiva,hemorragia de la primera mitad del embarazo (< 22 sem) aborto,2021-04-01,0,2,2
21305,PATACAMAYA,salud sexual y reproductiva,hemorragia de la primera mitad del embarazo (< 22 sem) aborto,2021-04-01,3,0,3
31203,POCONA,salud sexual y reproductiva,hemorragia de la primera mitad del embarazo (< 22 sem) aborto,2021-04-01,2,0,2
70103,PORONGO,salud sexual y reproductiva,hemorragia de la primera mitad del embarazo (< 22 sem) aborto,2021-04-01,1,0,1
50101,POTOSI,salud sexual y reproductiva,hemorragia de la primera mitad del embarazo (< 22 sem) aborto,2021-04-01,10,0,10
10302,PRESTO,salud sexual y reproductiva,hemorragia de la primera mitad del embarazo (< 22 sem) aborto,2021-04-01,1,3,4
31205,PUERTO VILLARROEL,salud sexual y reproductiva,hemorragia de la primera mitad del embarazo (< 22 sem) aborto,2021-04-01,34,0,34
51101,PUNA,salud sexual y reproductiva,hemorragia de la primera mitad del embarazo (< 22 sem) aborto,2021-04-01,1,0,1
31401,PUNATA,salud sexual y reproductiva,hemorragia de la primera mitad del embarazo (< 22 sem) aborto,2021-04-01,12,0,12
30901,QUILLACOLLO,salud sexual y reproductiva,hemorragia de la primera mitad del embarazo (< 22 sem) aborto,2021-04-01,29,0,29
21002,QUIME,salud sexual y reproductiva,hemorragia de la primera mitad del embarazo (< 22 sem) aborto,2021-04-01,1,0,1
80201,RIBERALTA,salud sexual y reproductiva,hemorragia de la primera mitad del embarazo (< 22 sem) aborto,2021-04-01,14,0,14
70503,ROBORE,salud sexual y reproductiva,hemorragia de la primera mitad del embarazo (< 22 sem) aborto,2021-04-01,2,0,2
80304,RURRENABAQUE,salud sexual y reproductiva,hemorragia de la primera mitad del embarazo (< 22 sem) aborto,2021-04-01,4,0,4
31001,SACABA,salud sexual y reproductiva,hemorragia de la primera mitad del embarazo (< 22 sem) aborto,2021-04-01,25,26,51
71302,SAIPINA,salud sexual y reproductiva,hemorragia de la primera mitad del embarazo (< 22 sem) aborto,2021-04-01,0,1,1
80302,SAN BORJA,salud sexual y reproductiva,hemorragia de la primera mitad del embarazo (< 22 sem) aborto,2021-04-01,3,0,3
21502,SAN BUENA VENTURA,salud sexual y reproductiva,hemorragia de la primera mitad del embarazo (< 22 sem) aborto,2021-04-01,6,0,6
70402,SAN CARLOS,salud sexual y reproductiva,hemorragia de la primera mitad del embarazo (< 22 sem) aborto,2021-04-01,0,1,1
80501,SAN IGNACIO,salud sexual y reproductiva,hemorragia de la primera mitad del embarazo (< 22 sem) aborto,2021-04-01,5,0,5
70301,SAN IGNACIO DE VELASCO,salud sexual y reproductiva,hemorragia de la primera mitad del embarazo (< 22 sem) aborto,2021-04-01,13,0,13
71102,SAN JAVIER(STC),salud sexual y reproductiva,hemorragia de la primera mitad del embarazo (< 22 sem) aborto,2021-04-01,3,0,3
70501,SAN JOSE DE CHIQUITOS,salud sexual y reproductiva,hemorragia de la primera mitad del embarazo (< 22 sem) aborto,2021-04-01,3,4,7
71104,SAN JULIAN,salud sexual y reproductiva,hemorragia de la primera mitad del embarazo (< 22 sem) aborto,2021-04-01,8,0,8
60501,SAN LORENZO(TJA),salud sexual y reproductiva,hemorragia de la primera mitad del embarazo (< 22 sem) aborto,2021-04-01,3,2,5
10702,SAN LUCAS,salud sexual y reproductiva,hemorragia de la primera mitad del embarazo (< 22 sem) aborto,2021-04-01,0,1,1
71005,SAN PEDRO,salud sexual y reproductiva,hemorragia de la primera mitad del embarazo (< 22 sem) aborto,2021-04-01,2,0,2
80401,SANTA ANA,salud sexual y reproductiva,hemorragia de la primera mitad del embarazo (< 22 sem) aborto,2021-04-01,3,0,3
70101,SANTA CRUZ DE LA SIERRA,salud sexual y reproductiva,hemorragia de la primera mitad del embarazo (< 22 sem) aborto,2021-04-01,192,83,275
70602,SANTA ROSA DEL SARA,salud sexual y reproductiva,hemorragia de la primera mitad del embarazo (< 22 sem) aborto,2021-04-01,0,2,2
31602,SHINAOTA,salud sexual y reproductiva,hemorragia de la primera mitad del embarazo (< 22 sem) aborto,2021-04-01,8,0,8
30902,SIPE SIPE,salud sexual y reproductiva,hemorragia de la primera mitad del embarazo (< 22 sem) aborto,2021-04-01,6,0,6
10403,SOPACHUY,salud sexual y reproductiva,hemorragia de la primera mitad del embarazo (< 22 sem) aborto,2021-04-01,0,1,1
20601,SORATA,salud sexual y reproductiva,hemorragia de la primera mitad del embarazo (< 22 sem) aborto,2021-04-01,1,0,1
10101,SUCRE,salud sexual y reproductiva,hemorragia de la primera mitad del embarazo (< 22 sem) aborto,2021-04-01,70,3,73
10601,TARABUCO,salud sexual y reproductiva,hemorragia de la primera mitad del embarazo (< 22 sem) aborto,2021-04-01,1,0,1
30401,TARATA,salud sexual y reproductiva,hemorragia de la primera mitad del embarazo (< 22 sem) aborto,2021-04-01,4,0,4
60101,TARIJA,salud sexual y reproductiva,hemorragia de la primera mitad del embarazo (< 22 sem) aborto,2021-04-01,50,15,65
10202,TARVITA,salud sexual y reproductiva,hemorragia de la primera mitad del embarazo (< 22 sem) aborto,2021-04-01,0,3,3
20803,TIAHUANACU,salud sexual y reproductiva,hemorragia de la primera mitad del embarazo (< 22 sem) aborto,2021-04-01,2,0,2
20606,TIPUANI,salud sexual y reproductiva,hemorragia de la primera mitad del embarazo (< 22 sem) aborto,2021-04-01,1,1,2
30903,TIQUIPAYA,salud sexual y reproductiva,hemorragia de la primera mitad del embarazo (< 22 sem) aborto,2021-04-01,10,0,10
31601,TIRAQUE (CBBA),salud sexual y reproductiva,hemorragia de la primera mitad del embarazo (< 22 sem) aborto,2021-04-01,1,0,1
10402,TOMINA,salud sexual y reproductiva,hemorragia de la primera mitad del embarazo (< 22 sem) aborto,2021-04-01,1,0,1
50502,TORO TORO,salud sexual y reproductiva,hemorragia de la primera mitad del embarazo (< 22 sem) aborto,2021-04-01,1,0,1
31201,TOTORA(CBBA),salud sexual y reproductiva,hemorragia de la primera mitad del embarazo (< 22 sem) aborto,2021-04-01,1,1,2
80101,TRINIDAD,salud sexual y reproductiva,hemorragia de la primera mitad del embarazo (< 22 sem) aborto,2021-04-01,30,3,33
50801,TUPIZA,salud sexual y reproductiva,hemorragia de la primera mitad del embarazo (< 22 sem) aborto,2021-04-01,10,0,10
40402,TURCO,salud sexual y reproductiva,hemorragia de la primera mitad del embarazo (< 22 sem) aborto,2021-04-01,1,0,1
51201,UYUNI,salud sexual y reproductiva,hemorragia de la primera mitad del embarazo (< 22 sem) aborto,2021-04-01,9,0,9
70801,VALLEGRANDE,salud sexual y reproductiva,hemorragia de la primera mitad del embarazo (< 22 sem) aborto,2021-04-01,5,0,5
20801,VIACHA,salud sexual y reproductiva,hemorragia de la primera mitad del embarazo (< 22 sem) aborto,2021-04-01,1,1,2
60303,VILLA MONTES,salud sexual y reproductiva,hemorragia de la primera mitad del embarazo (< 22 sem) aborto,2021-04-01,4,6,10
31003,VILLA TUNARI,salud sexual y reproductiva,hemorragia de la primera mitad del embarazo (< 22 sem) aborto,2021-04-01,11,0,11
51501,VILLAZON,salud sexual y reproductiva,hemorragia de la primera mitad del embarazo (< 22 sem) aborto,2021-04-01,9,0,9
30904,VINTO,salud sexual y reproductiva,hemorragia de la primera mitad del embarazo (< 22 sem) aborto,2021-04-01,9,0,9
70201,WARNES,salud sexual y reproductiva,hemorragia de la primera mitad del embarazo (< 22 sem) aborto,2021-04-01,0,9,9
60301,YACUIBA,salud sexual y reproductiva,hemorragia de la primera mitad del embarazo (< 22 sem) aborto,2021-04-01,12,0,12
70403,YAPACANI,salud sexual y reproductiva,hemorragia de la primera mitad del embarazo (< 22 sem) aborto,2021-04-01,5,0,5
20201,ACHACACHI,salud sexual y reproductiva,hemorragia de la primera mitad del embarazo (< 22 sem) aborto,2021-05-01,4,0,4
20104,ACHOCALLA,salud sexual y reproductiva,hemorragia de la primera mitad del embarazo (< 22 sem) aborto,2021-05-01,1,0,1
30201,AIQUILE,salud sexual y reproductiva,hemorragia de la primera mitad del embarazo (< 22 sem) aborto,2021-05-01,4,0,4
30403,ARBIETO,salud sexual y reproductiva,hemorragia de la primera mitad del embarazo (< 22 sem) aborto,2021-05-01,2,0,2
71501,ASCENCION DE GUARAYOS,salud sexual y reproductiva,hemorragia de la primera mitad del embarazo (< 22 sem) aborto,2021-05-01,11,0,11
30301,AYOPAYA (V. DE INDEPENDENCIA),salud sexual y reproductiva,hemorragia de la primera mitad del embarazo (< 22 sem) aborto,2021-05-01,1,0,1
60202,BERMEJO,salud sexual y reproductiva,hemorragia de la primera mitad del embarazo (< 22 sem) aborto,2021-05-01,2,0,2
50301,BETANZOS,salud sexual y reproductiva,hemorragia de la primera mitad del embarazo (< 22 sem) aborto,2021-05-01,0,1,1
10701,CAMARGO,salud sexual y reproductiva,hemorragia de la primera mitad del embarazo (< 22 sem) aborto,2021-05-01,0,4,4
70706,CAMIRI,salud sexual y reproductiva,hemorragia de la primera mitad del embarazo (< 22 sem) aborto,2021-05-01,11,0,11
30701,CAPINOTA,salud sexual y reproductiva,hemorragia de la primera mitad del embarazo (< 22 sem) aborto,2021-05-01,2,0,2
40102,CARACOLLO,salud sexual y reproductiva,hemorragia de la primera mitad del embarazo (< 22 sem) aborto,2021-05-01,1,0,1
22001,CARANAVI,salud sexual y reproductiva,hemorragia de la primera mitad del embarazo (< 22 sem) aborto,2021-05-01,21,0,21
40201,CHALLAPATA,salud sexual y reproductiva,hemorragia de la primera mitad del embarazo (< 22 sem) aborto,2021-05-01,1,0,1
31204,CHIMORE,salud sexual y reproductiva,hemorragia de la primera mitad del embarazo (< 22 sem) aborto,2021-05-01,4,0,4
21101,CHULUMANI (V. DE LA LIBERTAD),salud sexual y reproductiva,hemorragia de la primera mitad del embarazo (< 22 sem) aborto,2021-05-01,3,0,3
51103,CKOCHAS,salud sexual y reproductiva,hemorragia de la primera mitad del embarazo (< 22 sem) aborto,2021-05-01,0,1,1
30801,CLIZA,salud sexual y reproductiva,hemorragia de la primera mitad del embarazo (< 22 sem) aborto,2021-05-01,13,0,13
90101,COBIJA,salud sexual y reproductiva,hemorragia de la primera mitad del embarazo (< 22 sem) aborto,2021-05-01,13,0,13
30303,COCAPATA,salud sexual y reproductiva,hemorragia de la primera mitad del embarazo (< 22 sem) aborto,2021-05-01,0,1,1
30101,COCHABAMBA,salud sexual y reproductiva,hemorragia de la primera mitad del embarazo (< 22 sem) aborto,2021-05-01,77,3,80
30905,COLCAPIRHUA,salud sexual y reproductiva,hemorragia de la primera mitad del embarazo (< 22 sem) aborto,2021-05-01,9,0,9
21306,COLQUENCHA,salud sexual y reproductiva,hemorragia de la primera mitad del embarazo (< 22 sem) aborto,2021-05-01,1,0,1
71301,COMARAPA,salud sexual y reproductiva,hemorragia de la primera mitad del embarazo (< 22 sem) aborto,2021-05-01,0,1,1
71101,CONCEPCION,salud sexual y reproductiva,hemorragia de la primera mitad del embarazo (< 22 sem) aborto,2021-05-01,1,0,1
21401,COROICO,salud sexual y reproductiva,hemorragia de la primera mitad del embarazo (< 22 sem) aborto,2021-05-01,6,0,6
50601,COTAGAITA,salud sexual y reproductiva,hemorragia de la primera mitad del embarazo (< 22 sem) aborto,2021-05-01,0,1,1
20105,EL ALTO,salud sexual y reproductiva,hemorragia de la primera mitad del embarazo (< 22 sem) aborto,2021-05-01,92,11,103
70105,EL TORNO,salud sexual y reproductiva,hemorragia de la primera mitad del embarazo (< 22 sem) aborto,2021-05-01,14,0,14
31206,ENTRE RIOS CBBA,salud sexual y reproductiva,hemorragia de la primera mitad del embarazo (< 22 sem) aborto,2021-05-01,9,0,9
20405,ESCOMA,salud sexual y reproductiva,hemorragia de la primera mitad del embarazo (< 22 sem) aborto,2021-05-01,1,0,1
40701,HUANUNI,salud sexual y reproductiva,hemorragia de la primera mitad del embarazo (< 22 sem) aborto,2021-05-01,10,0,10
10304,ICLA,salud sexual y reproductiva,hemorragia de la primera mitad del embarazo (< 22 sem) aborto,2021-05-01,1,0,1
10703,INCAHUASI,salud sexual y reproductiva,hemorragia de la primera mitad del embarazo (< 22 sem) aborto,2021-05-01,0,1,1
21102,IRUPANA (VILLA DE LANZA),salud sexual y reproductiva,hemorragia de la primera mitad del embarazo (< 22 sem) aborto,2021-05-01,3,0,3
70104,LA GUARDIA,salud sexual y reproductiva,hemorragia de la primera mitad del embarazo (< 22 sem) aborto,2021-05-01,4,0,4
20101,LA PAZ,salud sexual y reproductiva,hemorragia de la primera mitad del embarazo (< 22 sem) aborto,2021-05-01,175,8,183
11003,MACHARETI,salud sexual y reproductiva,hemorragia de la primera mitad del embarazo (< 22 sem) aborto,2021-05-01,1,0,1
20103,MECAPACA,salud sexual y reproductiva,hemorragia de la primera mitad del embarazo (< 22 sem) aborto,2021-05-01,0,1,1
31301,MIZQUE,salud sexual y reproductiva,hemorragia de la primera mitad del embarazo (< 22 sem) aborto,2021-05-01,1,0,1
10501,MONTEAGUDO,salud sexual y reproductiva,hemorragia de la primera mitad del embarazo (< 22 sem) aborto,2021-05-01,6,0,6
71001,MONTERO,salud sexual y reproductiva,hemorragia de la primera mitad del embarazo (< 22 sem) aborto,2021-05-01,17,0,17
40101,ORURO,salud sexual y reproductiva,hemorragia de la primera mitad del embarazo (< 22 sem) aborto,2021-05-01,85,0,85
10401,PADILLA,salud sexual y reproductiva,hemorragia de la primera mitad del embarazo (< 22 sem) aborto,2021-05-01,4,0,4
70502,PAILON,salud sexual y reproductiva,hemorragia de la primera mitad del embarazo (< 22 sem) aborto,2021-05-01,3,0,3
21305,PATACAMAYA,salud sexual y reproductiva,hemorragia de la primera mitad del embarazo (< 22 sem) aborto,2021-05-01,11,0,11
31202,POJO (CBBA),salud sexual y reproductiva,hemorragia de la primera mitad del embarazo (< 22 sem) aborto,2021-05-01,1,0,1
70103,PORONGO,salud sexual y reproductiva,hemorragia de la primera mitad del embarazo (< 22 sem) aborto,2021-05-01,1,0,1
50101,POTOSI,salud sexual y reproductiva,hemorragia de la primera mitad del embarazo (< 22 sem) aborto,2021-05-01,9,0,9
90301,PUERTO GONZALO MORENO,salud sexual y reproductiva,hemorragia de la primera mitad del embarazo (< 22 sem) aborto,2021-05-01,1,0,1
71401,PUERTO SUAREZ,salud sexual y reproductiva,hemorragia de la primera mitad del embarazo (< 22 sem) aborto,2021-05-01,3,0,3
31205,PUERTO VILLARROEL,salud sexual y reproductiva,hemorragia de la primera mitad del embarazo (< 22 sem) aborto,2021-05-01,42,0,42
31401,PUNATA,salud sexual y reproductiva,hemorragia de la primera mitad del embarazo (< 22 sem) aborto,2021-05-01,14,0,14
30901,QUILLACOLLO,salud sexual y reproductiva,hemorragia de la primera mitad del embarazo (< 22 sem) aborto,2021-05-01,30,0,30
31304,RAQAYPAMPA(ETA),salud sexual y reproductiva,hemorragia de la primera mitad del embarazo (< 22 sem) aborto,2021-05-01,0,1,1
80201,RIBERALTA,salud sexual y reproductiva,hemorragia de la primera mitad del embarazo (< 22 sem) aborto,2021-05-01,25,0,25
70503,ROBORE,salud sexual y reproductiva,hemorragia de la primera mitad del embarazo (< 22 sem) aborto,2021-05-01,4,0,4
80304,RURRENABAQUE,salud sexual y reproductiva,hemorragia de la primera mitad del embarazo (< 22 sem) aborto,2021-05-01,5,1,6
31001,SACABA,salud sexual y reproductiva,hemorragia de la primera mitad del embarazo (< 22 sem) aborto,2021-05-01,23,23,46
80602,SAN ANDRES,salud sexual y reproductiva,hemorragia de la primera mitad del embarazo (< 22 sem) aborto,2021-05-01,1,0,1
21502,SAN BUENA VENTURA,salud sexual y reproductiva,hemorragia de la primera mitad del embarazo (< 22 sem) aborto,2021-05-01,1,0,1
70402,SAN CARLOS,salud sexual y reproductiva,hemorragia de la primera mitad del embarazo (< 22 sem) aborto,2021-05-01,1,3,4
70301,SAN IGNACIO DE VELASCO,salud sexual y reproductiva,hemorragia de la primera mitad del embarazo (< 22 sem) aborto,2021-05-01,5,0,5
71102,SAN JAVIER(STC),salud sexual y reproductiva,hemorragia de la primera mitad del embarazo (< 22 sem) aborto,2021-05-01,1,0,1
70501,SAN JOSE DE CHIQUITOS,salud sexual y reproductiva,hemorragia de la primera mitad del embarazo (< 22 sem) aborto,2021-05-01,9,0,9
71104,SAN JULIAN,salud sexual y reproductiva,hemorragia de la primera mitad del embarazo (< 22 sem) aborto,2021-05-01,11,0,11
60501,SAN LORENZO(TJA),salud sexual y reproductiva,hemorragia de la primera mitad del embarazo (< 22 sem) aborto,2021-05-01,2,0,2
10702,SAN LUCAS,salud sexual y reproductiva,hemorragia de la primera mitad del embarazo (< 22 sem) aborto,2021-05-01,0,2,2
71201,SAN MATIAS,salud sexual y reproductiva,hemorragia de la primera mitad del embarazo (< 22 sem) aborto,2021-05-01,0,3,3
70302,SAN MIGUEL DE VELASCO,salud sexual y reproductiva,hemorragia de la primera mitad del embarazo (< 22 sem) aborto,2021-05-01,3,0,3
80702,SAN RAMON BENI,salud sexual y reproductiva,hemorragia de la primera mitad del embarazo (< 22 sem) aborto,2021-05-01,0,2,2
80401,SANTA ANA,salud sexual y reproductiva,hemorragia de la primera mitad del embarazo (< 22 sem) aborto,2021-05-01,3,0,3
70101,SANTA CRUZ DE LA SIERRA,salud sexual y reproductiva,hemorragia de la primera mitad del embarazo (< 22 sem) aborto,2021-05-01,204,76,280
70602,SANTA ROSA DEL SARA,salud sexual y reproductiva,hemorragia de la primera mitad del embarazo (< 22 sem) aborto,2021-05-01,2,0,2
31602,SHINAOTA,salud sexual y reproductiva,hemorragia de la primera mitad del embarazo (< 22 sem) aborto,2021-05-01,18,1,19
30902,SIPE SIPE,salud sexual y reproductiva,hemorragia de la primera mitad del embarazo (< 22 sem) aborto,2021-05-01,8,1,9
20601,SORATA,salud sexual y reproductiva,hemorragia de la primera mitad del embarazo (< 22 sem) aborto,2021-05-01,1,0,1
10101,SUCRE,salud sexual y reproductiva,hemorragia de la primera mitad del embarazo (< 22 sem) aborto,2021-05-01,42,0,42
10601,TARABUCO,salud sexual y reproductiva,hemorragia de la primera mitad del embarazo (< 22 sem) aborto,2021-05-01,2,0,2
30401,TARATA,salud sexual y reproductiva,hemorragia de la primera mitad del embarazo (< 22 sem) aborto,2021-05-01,1,0,1
60101,TARIJA,salud sexual y reproductiva,hemorragia de la primera mitad del embarazo (< 22 sem) aborto,2021-05-01,43,0,43
30903,TIQUIPAYA,salud sexual y reproductiva,hemorragia de la primera mitad del embarazo (< 22 sem) aborto,2021-05-01,6,1,7
31601,TIRAQUE (CBBA),salud sexual y reproductiva,hemorragia de la primera mitad del embarazo (< 22 sem) aborto,2021-05-01,3,0,3
30803,TOLATA,salud sexual y reproductiva,hemorragia de la primera mitad del embarazo (< 22 sem) aborto,2021-05-01,1,0,1
50502,TORO TORO,salud sexual y reproductiva,hemorragia de la primera mitad del embarazo (< 22 sem) aborto,2021-05-01,1,0,1
31201,TOTORA(CBBA),salud sexual y reproductiva,hemorragia de la primera mitad del embarazo (< 22 sem) aborto,2021-05-01,3,0,3
80101,TRINIDAD,salud sexual y reproductiva,hemorragia de la primera mitad del embarazo (< 22 sem) aborto,2021-05-01,35,0,35
50801,TUPIZA,salud sexual y reproductiva,hemorragia de la primera mitad del embarazo (< 22 sem) aborto,2021-05-01,2,0,2
51201,UYUNI,salud sexual y reproductiva,hemorragia de la primera mitad del embarazo (< 22 sem) aborto,2021-05-01,7,0,7
70801,VALLEGRANDE,salud sexual y reproductiva,hemorragia de la primera mitad del embarazo (< 22 sem) aborto,2021-05-01,2,0,2
20801,VIACHA,salud sexual y reproductiva,hemorragia de la primera mitad del embarazo (< 22 sem) aborto,2021-05-01,1,0,1
60303,VILLA MONTES,salud sexual y reproductiva,hemorragia de la primera mitad del embarazo (< 22 sem) aborto,2021-05-01,3,11,14
31003,VILLA TUNARI,salud sexual y reproductiva,hemorragia de la primera mitad del embarazo (< 22 sem) aborto,2021-05-01,14,0,14
30904,VINTO,salud sexual y reproductiva,hemorragia de la primera mitad del embarazo (< 22 sem) aborto,2021-05-01,11,0,11
50602,VITICHI,salud sexual y reproductiva,hemorragia de la primera mitad del embarazo (< 22 sem) aborto,2021-05-01,1,0,1
70201,WARNES,salud sexual y reproductiva,hemorragia de la primera mitad del embarazo (< 22 sem) aborto,2021-05-01,5,4,9
60301,YACUIBA,salud sexual y reproductiva,hemorragia de la primera mitad del embarazo (< 22 sem) aborto,2021-05-01,10,0,10
70403,YAPACANI,salud sexual y reproductiva,hemorragia de la primera mitad del embarazo (< 22 sem) aborto,2021-05-01,4,0,4
20201,ACHACACHI,salud sexual y reproductiva,hemorragia de la primera mitad del embarazo (< 22 sem) aborto,2021-06-01,2,0,2
30201,AIQUILE,salud sexual y reproductiva,hemorragia de la primera mitad del embarazo (< 22 sem) aborto,2021-06-01,9,0,9
10404,ALCALA,salud sexual y reproductiva,hemorragia de la primera mitad del embarazo (< 22 sem) aborto,2021-06-01,0,1,1
30402,ANZALDO,salud sexual y reproductiva,hemorragia de la primera mitad del embarazo (< 22 sem) aborto,2021-06-01,1,0,1
30501,ARANI,salud sexual y reproductiva,hemorragia de la primera mitad del embarazo (< 22 sem) aborto,2021-06-01,1,0,1
30403,ARBIETO,salud sexual y reproductiva,hemorragia de la primera mitad del embarazo (< 22 sem) aborto,2021-06-01,1,0,1
71501,ASCENCION DE GUARAYOS,salud sexual y reproductiva,hemorragia de la primera mitad del embarazo (< 22 sem) aborto,2021-06-01,1,12,13
30301,AYOPAYA (V. DE INDEPENDENCIA),salud sexual y reproductiva,hemorragia de la primera mitad del embarazo (< 22 sem) aborto,2021-06-01,4,0,4
50301,BETANZOS,salud sexual y reproductiva,hemorragia de la primera mitad del embarazo (< 22 sem) aborto,2021-06-01,1,0,1
10701,CAMARGO,salud sexual y reproductiva,hemorragia de la primera mitad del embarazo (< 22 sem) aborto,2021-06-01,0,7,7
70706,CAMIRI,salud sexual y reproductiva,hemorragia de la primera mitad del embarazo (< 22 sem) aborto,2021-06-01,10,0,10
30701,CAPINOTA,salud sexual y reproductiva,hemorragia de la primera mitad del embarazo (< 22 sem) aborto,2021-06-01,5,0,5
40102,CARACOLLO,salud sexual y reproductiva,hemorragia de la primera mitad del embarazo (< 22 sem) aborto,2021-06-01,2,0,2
22001,CARANAVI,salud sexual y reproductiva,hemorragia de la primera mitad del embarazo (< 22 sem) aborto,2021-06-01,17,0,17
60302,CARAPARI,salud sexual y reproductiva,hemorragia de la primera mitad del embarazo (< 22 sem) aborto,2021-06-01,1,0,1
40201,CHALLAPATA,salud sexual y reproductiva,hemorragia de la primera mitad del embarazo (< 22 sem) aborto,2021-06-01,2,0,2
31204,CHIMORE,salud sexual y reproductiva,hemorragia de la primera mitad del embarazo (< 22 sem) aborto,2021-06-01,2,1,3
30801,CLIZA,salud sexual y reproductiva,hemorragia de la primera mitad del embarazo (< 22 sem) aborto,2021-06-01,6,0,6
90101,COBIJA,salud sexual y reproductiva,hemorragia de la primera mitad del embarazo (< 22 sem) aborto,2021-06-01,11,0,11
30101,COCHABAMBA,salud sexual y reproductiva,hemorragia de la primera mitad del embarazo (< 22 sem) aborto,2021-06-01,73,4,77
30905,COLCAPIRHUA,salud sexual y reproductiva,hemorragia de la primera mitad del embarazo (< 22 sem) aborto,2021-06-01,8,0,8
50901,"COLCHA ""K""",salud sexual y reproductiva,hemorragia de la primera mitad del embarazo (< 22 sem) aborto,2021-06-01,1,0,1
31002,COLOMI,salud sexual y reproductiva,hemorragia de la primera mitad del embarazo (< 22 sem) aborto,2021-06-01,1,0,1
71301,COMARAPA,salud sexual y reproductiva,hemorragia de la primera mitad del embarazo (< 22 sem) aborto,2021-06-01,0,2,2
71101,CONCEPCION,salud sexual y reproductiva,hemorragia de la primera mitad del embarazo (< 22 sem) aborto,2021-06-01,6,0,6
21401,COROICO,salud sexual y reproductiva,hemorragia de la primera mitad del embarazo (< 22 sem) aborto,2021-06-01,4,0,4
70102,COTOCA,salud sexual y reproductiva,hemorragia de la primera mitad del embarazo (< 22 sem) aborto,2021-06-01,5,0,5
10902,CULPINA,salud sexual y reproductiva,hemorragia de la primera mitad del embarazo (< 22 sem) aborto,2021-06-01,1,0,1
20105,EL ALTO,salud sexual y reproductiva,hemorragia de la primera mitad del embarazo (< 22 sem) aborto,2021-06-01,101,3,104
70105,EL TORNO,salud sexual y reproductiva,hemorragia de la primera mitad del embarazo (< 22 sem) aborto,2021-06-01,17,0,17
31206,ENTRE RIOS CBBA,salud sexual y reproductiva,hemorragia de la primera mitad del embarazo (< 22 sem) aborto,2021-06-01,10,0,10
80202,GUAYARAMERIN,salud sexual y reproductiva,hemorragia de la primera mitad del embarazo (< 22 sem) aborto,2021-06-01,1,0,1
40701,HUANUNI,salud sexual y reproductiva,hemorragia de la primera mitad del embarazo (< 22 sem) aborto,2021-06-01,4,0,4
21102,IRUPANA (VILLA DE LANZA),salud sexual y reproductiva,hemorragia de la primera mitad del embarazo (< 22 sem) aborto,2021-06-01,3,0,3
21501,IXIAMAS,salud sexual y reproductiva,hemorragia de la primera mitad del embarazo (< 22 sem) aborto,2021-06-01,2,0,2
20806,JESUS DE MACHACA,salud sexual y reproductiva,hemorragia de la primera mitad del embarazo (< 22 sem) aborto,2021-06-01,0,1,1
21105,LA ASUNTA,salud sexual y reproductiva,hemorragia de la primera mitad del embarazo (< 22 sem) aborto,2021-06-01,1,0,1
70104,LA GUARDIA,salud sexual y reproductiva,hemorragia de la primera mitad del embarazo (< 22 sem) aborto,2021-06-01,8,0,8
20101,LA PAZ,salud sexual y reproductiva,hemorragia de la primera mitad del embarazo (< 22 sem) aborto,2021-06-01,158,12,170
11003,MACHARETI,salud sexual y reproductiva,hemorragia de la primera mitad del embarazo (< 22 sem) aborto,2021-06-01,1,0,1
70903,MAIRANA,salud sexual y reproductiva,hemorragia de la primera mitad del embarazo (< 22 sem) aborto,2021-06-01,3,0,3
20103,MECAPACA,salud sexual y reproductiva,hemorragia de la primera mitad del embarazo (< 22 sem) aborto,2021-06-01,1,0,1
31301,MIZQUE,salud sexual y reproductiva,hemorragia de la primera mitad del embarazo (< 22 sem) aborto,2021-06-01,7,0,7
10501,MONTEAGUDO,salud sexual y reproductiva,hemorragia de la primera mitad del embarazo (< 22 sem) aborto,2021-06-01,10,0,10
71001,MONTERO,salud sexual y reproductiva,hemorragia de la primera mitad del embarazo (< 22 sem) aborto,2021-06-01,13,0,13
50404,OCURI,salud sexual y reproductiva,hemorragia de la primera mitad del embarazo (< 22 sem) aborto,2021-06-01,0,1,1
40101,ORURO,salud sexual y reproductiva,hemorragia de la primera mitad del embarazo (< 22 sem) aborto,2021-06-01,72,0,72
10401,PADILLA,salud sexual y reproductiva,hemorragia de la primera mitad del embarazo (< 22 sem) aborto,2021-06-01,8,2,10
70502,PAILON,salud sexual y reproductiva,hemorragia de la primera mitad del embarazo (< 22 sem) aborto,2021-06-01,2,0,2
70902,PAMPA GRANDE,salud sexual y reproductiva,hemorragia de la primera mitad del embarazo (< 22 sem) aborto,2021-06-01,0,1,1
21305,PATACAMAYA,salud sexual y reproductiva,hemorragia de la primera mitad del embarazo (< 22 sem) aborto,2021-06-01,13,0,13
50101,POTOSI,salud sexual y reproductiva,hemorragia de la primera mitad del embarazo (< 22 sem) aborto,2021-06-01,21,0,21
21201,PUCARANI,salud sexual y reproductiva,hemorragia de la primera mitad del embarazo (< 22 sem) aborto,2021-06-01,1,1,2
71401,PUERTO SUAREZ,salud sexual y reproductiva,hemorragia de la primera mitad del embarazo (< 22 sem) aborto,2021-06-01,3,0,3
31205,PUERTO VILLARROEL,salud sexual y reproductiva,hemorragia de la primera mitad del embarazo (< 22 sem) aborto,2021-06-01,44,0,44
51101,PUNA,salud sexual y reproductiva,hemorragia de la primera mitad del embarazo (< 22 sem) aborto,2021-06-01,1,0,1
31401,PUNATA,salud sexual y reproductiva,hemorragia de la primera mitad del embarazo (< 22 sem) aborto,2021-06-01,18,1,19
30901,QUILLACOLLO,salud sexual y reproductiva,hemorragia de la primera mitad del embarazo (< 22 sem) aborto,2021-06-01,18,0,18
31304,RAQAYPAMPA(ETA),salud sexual y reproductiva,hemorragia de la primera mitad del embarazo (< 22 sem) aborto,2021-06-01,0,1,1
80201,RIBERALTA,salud sexual y reproductiva,hemorragia de la primera mitad del embarazo (< 22 sem) aborto,2021-06-01,28,3,31
80304,RURRENABAQUE,salud sexual y reproductiva,hemorragia de la primera mitad del embarazo (< 22 sem) aborto,2021-06-01,2,7,9
31001,SACABA,salud sexual y reproductiva,hemorragia de la primera mitad del embarazo (< 22 sem) aborto,2021-06-01,35,12,47
80302,SAN BORJA,salud sexual y reproductiva,hemorragia de la primera mitad del embarazo (< 22 sem) aborto,2021-06-01,2,0,2
21502,SAN BUENA VENTURA,salud sexual y reproductiva,hemorragia de la primera mitad del embarazo (< 22 sem) aborto,2021-06-01,5,0,5
70402,SAN CARLOS,salud sexual y reproductiva,hemorragia de la primera mitad del embarazo (< 22 sem) aborto,2021-06-01,2,3,5
80501,SAN IGNACIO,salud sexual y reproductiva,hemorragia de la primera mitad del embarazo (< 22 sem) aborto,2021-06-01,2,0,2
70301,SAN IGNACIO DE VELASCO,salud sexual y reproductiva,hemorragia de la primera mitad del embarazo (< 22 sem) aborto,2021-06-01,14,0,14
71102,SAN JAVIER(STC),salud sexual y reproductiva,hemorragia de la primera mitad del embarazo (< 22 sem) aborto,2021-06-01,2,0,2
70501,SAN JOSE DE CHIQUITOS,salud sexual y reproductiva,hemorragia de la primera mitad del embarazo (< 22 sem) aborto,2021-06-01,7,0,7
71104,SAN JULIAN,salud sexual y reproductiva,hemorragia de la primera mitad del embarazo (< 22 sem) aborto,2021-06-01,11,0,11
10702,SAN LUCAS,salud sexual y reproductiva,hemorragia de la primera mitad del embarazo (< 22 sem) aborto,2021-06-01,0,2,2
71201,SAN MATIAS,salud sexual y reproductiva,hemorragia de la primera mitad del embarazo (< 22 sem) aborto,2021-06-01,1,6,7
70302,SAN MIGUEL DE VELASCO,salud sexual y reproductiva,hemorragia de la primera mitad del embarazo (< 22 sem) aborto,2021-06-01,3,0,3
80702,SAN RAMON BENI,salud sexual y reproductiva,hemorragia de la primera mitad del embarazo (< 22 sem) aborto,2021-06-01,2,0,2
80401,SANTA ANA,salud sexual y reproductiva,hemorragia de la primera mitad del embarazo (< 22 sem) aborto,2021-06-01,3,0,3
70101,SANTA CRUZ DE LA SIERRA,salud sexual y reproductiva,hemorragia de la primera mitad del embarazo (< 22 sem) aborto,2021-06-01,273,99,372
41401,SANTIAGO DE HUARI,salud sexual y reproductiva,hemorragia de la primera mitad del embarazo (< 22 sem) aborto,2021-06-01,1,0,1
31602,SHINAOTA,salud sexual y reproductiva,hemorragia de la primera mitad del embarazo (< 22 sem) aborto,2021-06-01,15,0,15
30902,SIPE SIPE,salud sexual y reproductiva,hemorragia de la primera mitad del embarazo (< 22 sem) aborto,2021-06-01,8,0,8
20601,SORATA,salud sexual y reproductiva,hemorragia de la primera mitad del embarazo (< 22 sem) aborto,2021-06-01,1,0,1
10101,SUCRE,salud sexual y reproductiva,hemorragia de la primera mitad del embarazo (< 22 sem) aborto,2021-06-01,56,0,56
10601,TARABUCO,salud sexual y reproductiva,hemorragia de la primera mitad del embarazo (< 22 sem) aborto,2021-06-01,4,0,4
60101,TARIJA,salud sexual y reproductiva,hemorragia de la primera mitad del embarazo (< 22 sem) aborto,2021-06-01,36,0,36
10202,TARVITA,salud sexual y reproductiva,hemorragia de la primera mitad del embarazo (< 22 sem) aborto,2021-06-01,0,2,2
20608,TEOPONTE,salud sexual y reproductiva,hemorragia de la primera mitad del embarazo (< 22 sem) aborto,2021-06-01,1,0,1
20803,TIAHUANACU,salud sexual y reproductiva,hemorragia de la primera mitad del embarazo (< 22 sem) aborto,2021-06-01,1,0,1
20606,TIPUANI,salud sexual y reproductiva,hemorragia de la primera mitad del embarazo (< 22 sem) aborto,2021-06-01,1,0,1
30903,TIQUIPAYA,salud sexual y reproductiva,hemorragia de la primera mitad del embarazo (< 22 sem) aborto,2021-06-01,12,0,12
31601,TIRAQUE (CBBA),salud sexual y reproductiva,hemorragia de la primera mitad del embarazo (< 22 sem) aborto,2021-06-01,2,0,2
50502,TORO TORO,salud sexual y reproductiva,hemorragia de la primera mitad del embarazo (< 22 sem) aborto,2021-06-01,1,0,1
31201,TOTORA(CBBA),salud sexual y reproductiva,hemorragia de la primera mitad del embarazo (< 22 sem) aborto,2021-06-01,6,0,6
80101,TRINIDAD,salud sexual y reproductiva,hemorragia de la primera mitad del embarazo (< 22 sem) aborto,2021-06-01,20,8,28
50801,TUPIZA,salud sexual y reproductiva,hemorragia de la primera mitad del embarazo (< 22 sem) aborto,2021-06-01,13,0,13
51201,UYUNI,salud sexual y reproductiva,hemorragia de la primera mitad del embarazo (< 22 sem) aborto,2021-06-01,5,0,5
70801,VALLEGRANDE,salud sexual y reproductiva,hemorragia de la primera mitad del embarazo (< 22 sem) aborto,2021-06-01,3,0,3
20801,VIACHA,salud sexual y reproductiva,hemorragia de la primera mitad del embarazo (< 22 sem) aborto,2021-06-01,3,0,3
60303,VILLA MONTES,salud sexual y reproductiva,hemorragia de la primera mitad del embarazo (< 22 sem) aborto,2021-06-01,0,6,6
31003,VILLA TUNARI,salud sexual y reproductiva,hemorragia de la primera mitad del embarazo (< 22 sem) aborto,2021-06-01,21,0,21
51501,VILLAZON,salud sexual y reproductiva,hemorragia de la primera mitad del embarazo (< 22 sem) aborto,2021-06-01,2,0,2
30904,VINTO,salud sexual y reproductiva,hemorragia de la primera mitad del embarazo (< 22 sem) aborto,2021-06-01,13,0,13
50602,VITICHI,salud sexual y reproductiva,hemorragia de la primera mitad del embarazo (< 22 sem) aborto,2021-06-01,0,1,1
70201,WARNES,salud sexual y reproductiva,hemorragia de la primera mitad del embarazo (< 22 sem) aborto,2021-06-01,4,0,4
60301,YACUIBA,salud sexual y reproductiva,hemorragia de la primera mitad del embarazo (< 22 sem) aborto,2021-06-01,7,0,7
70403,YAPACANI,salud sexual y reproductiva,hemorragia de la primera mitad del embarazo (< 22 sem) aborto,2021-06-01,7,0,7
10102,YOTALA,salud sexual y reproductiva,hemorragia de la primera mitad del embarazo (< 22 sem) aborto,2021-06-01,1,0,1
20201,ACHACACHI,salud sexual y reproductiva,hemorragia de la primera mitad del embarazo (< 22 sem) aborto,2021-07-01,4,0,4
30201,AIQUILE,salud sexual y reproductiva,hemorragia de la primera mitad del embarazo (< 22 sem) aborto,2021-07-01,5,0,5
41201,ANDAMARCA,salud sexual y reproductiva,hemorragia de la primera mitad del embarazo (< 22 sem) aborto,2021-07-01,1,0,1
30403,ARBIETO,salud sexual y reproductiva,hemorragia de la primera mitad del embarazo (< 22 sem) aborto,2021-07-01,1,0,1
71501,ASCENCION DE GUARAYOS,salud sexual y reproductiva,hemorragia de la primera mitad del embarazo (< 22 sem) aborto,2021-07-01,0,8,8
21303,AYO AYO,salud sexual y reproductiva,hemorragia de la primera mitad del embarazo (< 22 sem) aborto,2021-07-01,0,2,2
30301,AYOPAYA (V. DE INDEPENDENCIA),salud sexual y reproductiva,hemorragia de la primera mitad del embarazo (< 22 sem) aborto,2021-07-01,2,0,2
21203,BATALLAS,salud sexual y reproductiva,hemorragia de la primera mitad del embarazo (< 22 sem) aborto,2021-07-01,1,0,1
60202,BERMEJO,salud sexual y reproductiva,hemorragia de la primera mitad del embarazo (< 22 sem) aborto,2021-07-01,6,0,6
31501,BOLIVAR,salud sexual y reproductiva,hemorragia de la primera mitad del embarazo (< 22 sem) aborto,2021-07-01,1,0,1
20905,CAIROMA,salud sexual y reproductiva,hemorragia de la primera mitad del embarazo (< 22 sem) aborto,2021-07-01,1,0,1
10701,CAMARGO,salud sexual y reproductiva,hemorragia de la primera mitad del embarazo (< 22 sem) aborto,2021-07-01,0,6,6
70706,CAMIRI,salud sexual y reproductiva,hemorragia de la primera mitad del embarazo (< 22 sem) aborto,2021-07-01,10,0,10
30701,CAPINOTA,salud sexual y reproductiva,hemorragia de la primera mitad del embarazo (< 22 sem) aborto,2021-07-01,15,0,15
20302,CAQUIAVIRI,salud sexual y reproductiva,hemorragia de la primera mitad del embarazo (< 22 sem) aborto,2021-07-01,1,0,1
40102,CARACOLLO,salud sexual y reproductiva,hemorragia de la primera mitad del embarazo (< 22 sem) aborto,2021-07-01,6,0,6
22001,CARANAVI,salud sexual y reproductiva,hemorragia de la primera mitad del embarazo (< 22 sem) aborto,2021-07-01,11,0,11
60302,CARAPARI,salud sexual y reproductiva,hemorragia de la primera mitad del embarazo (< 22 sem) aborto,2021-07-01,2,0,2
40201,CHALLAPATA,salud sexual y reproductiva,hemorragia de la primera mitad del embarazo (< 22 sem) aborto,2021-07-01,4,0,4
31204,CHIMORE,salud sexual y reproductiva,hemorragia de la primera mitad del embarazo (< 22 sem) aborto,2021-07-01,2,0,2
30801,CLIZA,salud sexual y reproductiva,hemorragia de la primera mitad del embarazo (< 22 sem) aborto,2021-07-01,7,0,7
90101,COBIJA,salud sexual y reproductiva,hemorragia de la primera mitad del embarazo (< 22 sem) aborto,2021-07-01,30,0,30
30303,COCAPATA,salud sexual y reproductiva,hemorragia de la primera mitad del embarazo (< 22 sem) aborto,2021-07-01,1,1,2
30101,COCHABAMBA,salud sexual y reproductiva,hemorragia de la primera mitad del embarazo (< 22 sem) aborto,2021-07-01,102,3,105
30905,COLCAPIRHUA,salud sexual y reproductiva,hemorragia de la primera mitad del embarazo (< 22 sem) aborto,2021-07-01,2,0,2
21004,COLQUIRI,salud sexual y reproductiva,hemorragia de la primera mitad del embarazo (< 22 sem) aborto,2021-07-01,1,0,1
71101,CONCEPCION,salud sexual y reproductiva,hemorragia de la primera mitad del embarazo (< 22 sem) aborto,2021-07-01,6,0,6
21401,COROICO,salud sexual y reproductiva,hemorragia de la primera mitad del embarazo (< 22 sem) aborto,2021-07-01,7,0,7
70102,COTOCA,salud sexual y reproductiva,hemorragia de la primera mitad del embarazo (< 22 sem) aborto,2021-07-01,2,0,2
10902,CULPINA,salud sexual y reproductiva,hemorragia de la primera mitad del embarazo (< 22 sem) aborto,2021-07-01,0,6,6
20105,EL ALTO,salud sexual y reproductiva,hemorragia de la primera mitad del embarazo (< 22 sem) aborto,2021-07-01,85,2,87
71503,EL PUENTE(STC),salud sexual y reproductiva,hemorragia de la primera mitad del embarazo (< 22 sem) aborto,2021-07-01,1,0,1
70105,EL TORNO,salud sexual y reproductiva,hemorragia de la primera mitad del embarazo (< 22 sem) aborto,2021-07-01,19,0,19
31206,ENTRE RIOS CBBA,salud sexual y reproductiva,hemorragia de la primera mitad del embarazo (< 22 sem) aborto,2021-07-01,11,0,11
90203,FILADELFIA,salud sexual y reproductiva,hemorragia de la primera mitad del embarazo (< 22 sem) aborto,2021-07-01,0,1,1
71002,GENERAL SAAVEDRA,salud sexual y reproductiva,hemorragia de la primera mitad del embarazo (< 22 sem) aborto,2021-07-01,1,0,1
20602,GUANAY,salud sexual y reproductiva,hemorragia de la primera mitad del embarazo (< 22 sem) aborto,2021-07-01,1,0,1
40701,HUANUNI,salud sexual y reproductiva,hemorragia de la primera mitad del embarazo (< 22 sem) aborto,2021-07-01,8,0,8
21102,IRUPANA (VILLA DE LANZA),salud sexual y reproductiva,hemorragia de la primera mitad del embarazo (< 22 sem) aborto,2021-07-01,2,0,2
21501,IXIAMAS,salud sexual y reproductiva,hemorragia de la primera mitad del embarazo (< 22 sem) aborto,2021-07-01,1,0,1
70104,LA GUARDIA,salud sexual y reproductiva,hemorragia de la primera mitad del embarazo (< 22 sem) aborto,2021-07-01,4,2,6
20101,LA PAZ,salud sexual y reproductiva,hemorragia de la primera mitad del embarazo (< 22 sem) aborto,2021-07-01,185,2,187
70903,MAIRANA,salud sexual y reproductiva,hemorragia de la primera mitad del embarazo (< 22 sem) aborto,2021-07-01,3,0,3
20607,MAPIRI,salud sexual y reproductiva,hemorragia de la primera mitad del embarazo (< 22 sem) aborto,2021-07-01,0,2,2
20103,MECAPACA,salud sexual y reproductiva,hemorragia de la primera mitad del embarazo (< 22 sem) aborto,2021-07-01,1,0,1
31301,MIZQUE,salud sexual y reproductiva,hemorragia de la primera mitad del embarazo (< 22 sem) aborto,2021-07-01,1,0,1
10501,MONTEAGUDO,salud sexual y reproductiva,hemorragia de la primera mitad del embarazo (< 22 sem) aborto,2021-07-01,2,0,2
71001,MONTERO,salud sexual y reproductiva,hemorragia de la primera mitad del embarazo (< 22 sem) aborto,2021-07-01,18,0,18
50404,OCURI,salud sexual y reproductiva,hemorragia de la primera mitad del embarazo (< 22 sem) aborto,2021-07-01,1,0,1
40101,ORURO,salud sexual y reproductiva,hemorragia de la primera mitad del embarazo (< 22 sem) aborto,2021-07-01,76,0,76
10401,PADILLA,salud sexual y reproductiva,hemorragia de la primera mitad del embarazo (< 22 sem) aborto,2021-07-01,3,4,7
70502,PAILON,salud sexual y reproductiva,hemorragia de la primera mitad del embarazo (< 22 sem) aborto,2021-07-01,2,0,2
21305,PATACAMAYA,salud sexual y reproductiva,hemorragia de la primera mitad del embarazo (< 22 sem) aborto,2021-07-01,5,0,5
31202,POJO (CBBA),salud sexual y reproductiva,hemorragia de la primera mitad del embarazo (< 22 sem) aborto,2021-07-01,1,0,1
70103,PORONGO,salud sexual y reproductiva,hemorragia de la primera mitad del embarazo (< 22 sem) aborto,2021-07-01,1,0,1
50101,POTOSI,salud sexual y reproductiva,hemorragia de la primera mitad del embarazo (< 22 sem) aborto,2021-07-01,17,0,17
90301,PUERTO GONZALO MORENO,salud sexual y reproductiva,hemorragia de la primera mitad del embarazo (< 22 sem) aborto,2021-07-01,1,0,1
71401,PUERTO SUAREZ,salud sexual y reproductiva,hemorragia de la primera mitad del embarazo (< 22 sem) aborto,2021-07-01,0,3,3
31205,PUERTO VILLARROEL,salud sexual y reproductiva,hemorragia de la primera mitad del embarazo (< 22 sem) aborto,2021-07-01,43,0,43
31401,PUNATA,salud sexual y reproductiva,hemorragia de la primera mitad del embarazo (< 22 sem) aborto,2021-07-01,13,0,13
30901,QUILLACOLLO,salud sexual y reproductiva,hemorragia de la primera mitad del embarazo (< 22 sem) aborto,2021-07-01,30,0,30
80201,RIBERALTA,salud sexual y reproductiva,hemorragia de la primera mitad del embarazo (< 22 sem) aborto,2021-07-01,24,0,24
70503,ROBORE,salud sexual y reproductiva,hemorragia de la primera mitad del embarazo (< 22 sem) aborto,2021-07-01,3,0,3
80304,RURRENABAQUE,salud sexual y reproductiva,hemorragia de la primera mitad del embarazo (< 22 sem) aborto,2021-07-01,4,0,4
31001,SACABA,salud sexual y reproductiva,hemorragia de la primera mitad del embarazo (< 22 sem) aborto,2021-07-01,33,19,52
80302,SAN BORJA,salud sexual y reproductiva,hemorragia de la primera mitad del embarazo (< 22 sem) aborto,2021-07-01,2,0,2
21502,SAN BUENA VENTURA,salud sexual y reproductiva,hemorragia de la primera mitad del embarazo (< 22 sem) aborto,2021-07-01,7,0,7
70402,SAN CARLOS,salud sexual y reproductiva,hemorragia de la primera mitad del embarazo (< 22 sem) aborto,2021-07-01,1,2,3
80501,SAN IGNACIO,salud sexual y reproductiva,hemorragia de la primera mitad del embarazo (< 22 sem) aborto,2021-07-01,2,0,2
70301,SAN IGNACIO DE VELASCO,salud sexual y reproductiva,hemorragia de la primera mitad del embarazo (< 22 sem) aborto,2021-07-01,10,0,10
71102,SAN JAVIER(STC),salud sexual y reproductiva,hemorragia de la primera mitad del embarazo (< 22 sem) aborto,2021-07-01,2,0,2
70501,SAN JOSE DE CHIQUITOS,salud sexual y reproductiva,hemorragia de la primera mitad del embarazo (< 22 sem) aborto,2021-07-01,9,0,9
71104,SAN JULIAN,salud sexual y reproductiva,hemorragia de la primera mitad del embarazo (< 22 sem) aborto,2021-07-01,8,0,8
60501,SAN LORENZO(TJA),salud sexual y reproductiva,hemorragia de la primera mitad del embarazo (< 22 sem) aborto,2021-07-01,6,0,6
71201,SAN MATIAS,salud sexual y reproductiva,hemorragia de la primera mitad del embarazo (< 22 sem) aborto,2021-07-01,0,3,3
70302,SAN MIGUEL DE VELASCO,salud sexual y reproductiva,hemorragia de la primera mitad del embarazo (< 22 sem) aborto,2021-07-01,1,0,1
80702,SAN RAMON BENI,salud sexual y reproductiva,hemorragia de la primera mitad del embarazo (< 22 sem) aborto,2021-07-01,1,0,1
80401,SANTA ANA,salud sexual y reproductiva,hemorragia de la primera mitad del embarazo (< 22 sem) aborto,2021-07-01,3,0,3
70101,SANTA CRUZ DE LA SIERRA,salud sexual y reproductiva,hemorragia de la primera mitad del embarazo (< 22 sem) aborto,2021-07-01,216,91,307
70602,SANTA ROSA DEL SARA,salud sexual y reproductiva,hemorragia de la primera mitad del embarazo (< 22 sem) aborto,2021-07-01,0,4,4
31602,SHINAOTA,salud sexual y reproductiva,hemorragia de la primera mitad del embarazo (< 22 sem) aborto,2021-07-01,9,1,10
30902,SIPE SIPE,salud sexual y reproductiva,hemorragia de la primera mitad del embarazo (< 22 sem) aborto,2021-07-01,4,0,4
20601,SORATA,salud sexual y reproductiva,hemorragia de la primera mitad del embarazo (< 22 sem) aborto,2021-07-01,2,0,2
10101,SUCRE,salud sexual y reproductiva,hemorragia de la primera mitad del embarazo (< 22 sem) aborto,2021-07-01,49,0,49
10601,TARABUCO,salud sexual y reproductiva,hemorragia de la primera mitad del embarazo (< 22 sem) aborto,2021-07-01,0,1,1
30401,TARATA,salud sexual y reproductiva,hemorragia de la primera mitad del embarazo (< 22 sem) aborto,2021-07-01,1,0,1
60101,TARIJA,salud sexual y reproductiva,hemorragia de la primera mitad del embarazo (< 22 sem) aborto,2021-07-01,37,0,37
20608,TEOPONTE,salud sexual y reproductiva,hemorragia de la primera mitad del embarazo (< 22 sem) aborto,2021-07-01,1,0,1
20606,TIPUANI,salud sexual y reproductiva,hemorragia de la primera mitad del embarazo (< 22 sem) aborto,2021-07-01,1,0,1
30903,TIQUIPAYA,salud sexual y reproductiva,hemorragia de la primera mitad del embarazo (< 22 sem) aborto,2021-07-01,16,0,16
31601,TIRAQUE (CBBA),salud sexual y reproductiva,hemorragia de la primera mitad del embarazo (< 22 sem) aborto,2021-07-01,1,0,1
30802,TOCO,salud sexual y reproductiva,hemorragia de la primera mitad del embarazo (< 22 sem) aborto,2021-07-01,1,0,1
50502,TORO TORO,salud sexual y reproductiva,hemorragia de la primera mitad del embarazo (< 22 sem) aborto,2021-07-01,1,0,1
31201,TOTORA(CBBA),salud sexual y reproductiva,hemorragia de la primera mitad del embarazo (< 22 sem) aborto,2021-07-01,5,0,5
80101,TRINIDAD,salud sexual y reproductiva,hemorragia de la primera mitad del embarazo (< 22 sem) aborto,2021-07-01,26,1,27
50801,TUPIZA,salud sexual y reproductiva,hemorragia de la primera mitad del embarazo (< 22 sem) aborto,2021-07-01,16,0,16
51201,UYUNI,salud sexual y reproductiva,hemorragia de la primera mitad del embarazo (< 22 sem) aborto,2021-07-01,3,0,3
60303,VILLA MONTES,salud sexual y reproductiva,hemorragia de la primera mitad del embarazo (< 22 sem) aborto,2021-07-01,4,4,8
31003,VILLA TUNARI,salud sexual y reproductiva,hemorragia de la primera mitad del embarazo (< 22 sem) aborto,2021-07-01,21,0,21
51501,VILLAZON,salud sexual y reproductiva,hemorragia de la primera mitad del embarazo (< 22 sem) aborto,2021-07-01,12,0,12
30904,VINTO,salud sexual y reproductiva,hemorragia de la primera mitad del embarazo (< 22 sem) aborto,2021-07-01,15,0,15
50602,VITICHI,salud sexual y reproductiva,hemorragia de la primera mitad del embarazo (< 22 sem) aborto,2021-07-01,1,0,1
70201,WARNES,salud sexual y reproductiva,hemorragia de la primera mitad del embarazo (< 22 sem) aborto,2021-07-01,6,5,11
60301,YACUIBA,salud sexual y reproductiva,hemorragia de la primera mitad del embarazo (< 22 sem) aborto,2021-07-01,13,0,13
70403,YAPACANI,salud sexual y reproductiva,hemorragia de la primera mitad del embarazo (< 22 sem) aborto,2021-07-01,6,0,6
20201,ACHACACHI,salud sexual y reproductiva,hemorragia de la primera mitad del embarazo (< 22 sem) aborto,2021-08-01,1,0,1
30201,AIQUILE,salud sexual y reproductiva,hemorragia de la primera mitad del embarazo (< 22 sem) aborto,2021-08-01,6,0,6
20701,APOLO,salud sexual y reproductiva,hemorragia de la primera mitad del embarazo (< 22 sem) aborto,2021-08-01,1,0,1
71501,ASCENCION DE GUARAYOS,salud sexual y reproductiva,hemorragia de la primera mitad del embarazo (< 22 sem) aborto,2021-08-01,0,10,10
30301,AYOPAYA (V. DE INDEPENDENCIA),salud sexual y reproductiva,hemorragia de la primera mitad del embarazo (< 22 sem) aborto,2021-08-01,1,0,1
50301,BETANZOS,salud sexual y reproductiva,hemorragia de la primera mitad del embarazo (< 22 sem) aborto,2021-08-01,1,0,1
10701,CAMARGO,salud sexual y reproductiva,hemorragia de la primera mitad del embarazo (< 22 sem) aborto,2021-08-01,0,2,2
70706,CAMIRI,salud sexual y reproductiva,hemorragia de la primera mitad del embarazo (< 22 sem) aborto,2021-08-01,7,0,7
30701,CAPINOTA,salud sexual y reproductiva,hemorragia de la primera mitad del embarazo (< 22 sem) aborto,2021-08-01,5,0,5
40102,CARACOLLO,salud sexual y reproductiva,hemorragia de la primera mitad del embarazo (< 22 sem) aborto,2021-08-01,2,0,2
22001,CARANAVI,salud sexual y reproductiva,hemorragia de la primera mitad del embarazo (< 22 sem) aborto,2021-08-01,31,0,31
60302,CARAPARI,salud sexual y reproductiva,hemorragia de la primera mitad del embarazo (< 22 sem) aborto,2021-08-01,1,0,1
40201,CHALLAPATA,salud sexual y reproductiva,hemorragia de la primera mitad del embarazo (< 22 sem) aborto,2021-08-01,1,0,1
31204,CHIMORE,salud sexual y reproductiva,hemorragia de la primera mitad del embarazo (< 22 sem) aborto,2021-08-01,3,0,3
21101,CHULUMANI (V. DE LA LIBERTAD),salud sexual y reproductiva,hemorragia de la primera mitad del embarazo (< 22 sem) aborto,2021-08-01,2,0,2
30801,CLIZA,salud sexual y reproductiva,hemorragia de la primera mitad del embarazo (< 22 sem) aborto,2021-08-01,7,0,7
90101,COBIJA,salud sexual y reproductiva,hemorragia de la primera mitad del embarazo (< 22 sem) aborto,2021-08-01,27,0,27
30303,COCAPATA,salud sexual y reproductiva,hemorragia de la primera mitad del embarazo (< 22 sem) aborto,2021-08-01,0,1,1
30101,COCHABAMBA,salud sexual y reproductiva,hemorragia de la primera mitad del embarazo (< 22 sem) aborto,2021-08-01,92,4,96
30905,COLCAPIRHUA,salud sexual y reproductiva,hemorragia de la primera mitad del embarazo (< 22 sem) aborto,2021-08-01,6,0,6
31002,COLOMI,salud sexual y reproductiva,hemorragia de la primera mitad del embarazo (< 22 sem) aborto,2021-08-01,1,0,1
71301,COMARAPA,salud sexual y reproductiva,hemorragia de la primera mitad del embarazo (< 22 sem) aborto,2021-08-01,2,5,7
71101,CONCEPCION,salud sexual y reproductiva,hemorragia de la primera mitad del embarazo (< 22 sem) aborto,2021-08-01,6,0,6
21401,COROICO,salud sexual y reproductiva,hemorragia de la primera mitad del embarazo (< 22 sem) aborto,2021-08-01,8,0,8
70102,COTOCA,salud sexual y reproductiva,hemorragia de la primera mitad del embarazo (< 22 sem) aborto,2021-08-01,11,0,11
10902,CULPINA,salud sexual y reproductiva,hemorragia de la primera mitad del embarazo (< 22 sem) aborto,2021-08-01,0,2,2
20105,EL ALTO,salud sexual y reproductiva,hemorragia de la primera mitad del embarazo (< 22 sem) aborto,2021-08-01,105,3,108
71503,EL PUENTE(STC),salud sexual y reproductiva,hemorragia de la primera mitad del embarazo (< 22 sem) aborto,2021-08-01,0,1,1
70105,EL TORNO,salud sexual y reproductiva,hemorragia de la primera mitad del embarazo (< 22 sem) aborto,2021-08-01,19,1,20
10405,EL VILLAR,salud sexual y reproductiva,hemorragia de la primera mitad del embarazo (< 22 sem) aborto,2021-08-01,0,1,1
31206,ENTRE RIOS CBBA,salud sexual y reproductiva,hemorragia de la primera mitad del embarazo (< 22 sem) aborto,2021-08-01,13,0,13
71002,GENERAL SAAVEDRA,salud sexual y reproductiva,hemorragia de la primera mitad del embarazo (< 22 sem) aborto,2021-08-01,0,1,1
20602,GUANAY,salud sexual y reproductiva,hemorragia de la primera mitad del embarazo (< 22 sem) aborto,2021-08-01,2,0,2
40701,HUANUNI,salud sexual y reproductiva,hemorragia de la primera mitad del embarazo (< 22 sem) aborto,2021-08-01,8,0,8
21102,IRUPANA (VILLA DE LANZA),salud sexual y reproductiva,hemorragia de la primera mitad del embarazo (< 22 sem) aborto,2021-08-01,1,0,1
21501,IXIAMAS,salud sexual y reproductiva,hemorragia de la primera mitad del embarazo (< 22 sem) aborto,2021-08-01,0,1,1
70104,LA GUARDIA,salud sexual y reproductiva,hemorragia de la primera mitad del embarazo (< 22 sem) aborto,2021-08-01,11,0,11
20101,LA PAZ,salud sexual y reproductiva,hemorragia de la primera mitad del embarazo (< 22 sem) aborto,2021-08-01,181,0,181
70903,MAIRANA,salud sexual y reproductiva,hemorragia de la primera mitad del embarazo (< 22 sem) aborto,2021-08-01,3,0,3
20607,MAPIRI,salud sexual y reproductiva,hemorragia de la primera mitad del embarazo (< 22 sem) aborto,2021-08-01,1,0,1
71003,MINEROS,salud sexual y reproductiva,hemorragia de la primera mitad del embarazo (< 22 sem) aborto,2021-08-01,1,0,1
31301,MIZQUE,salud sexual y reproductiva,hemorragia de la primera mitad del embarazo (< 22 sem) aborto,2021-08-01,4,0,4
10501,MONTEAGUDO,salud sexual y reproductiva,hemorragia de la primera mitad del embarazo (< 22 sem) aborto,2021-08-01,7,0,7
71001,MONTERO,salud sexual y reproductiva,hemorragia de la primera mitad del embarazo (< 22 sem) aborto,2021-08-01,28,0,28
40101,ORURO,salud sexual y reproductiva,hemorragia de la primera mitad del embarazo (< 22 sem) aborto,2021-08-01,89,0,89
10401,PADILLA,salud sexual y reproductiva,hemorragia de la primera mitad del embarazo (< 22 sem) aborto,2021-08-01,0,5,5
70502,PAILON,salud sexual y reproductiva,hemorragia de la primera mitad del embarazo (< 22 sem) aborto,2021-08-01,3,0,3
21305,PATACAMAYA,salud sexual y reproductiva,hemorragia de la primera mitad del embarazo (< 22 sem) aborto,2021-08-01,1,0,1
50101,POTOSI,salud sexual y reproductiva,hemorragia de la primera mitad del embarazo (< 22 sem) aborto,2021-08-01,13,2,15
31205,PUERTO VILLARROEL,salud sexual y reproductiva,hemorragia de la primera mitad del embarazo (< 22 sem) aborto,2021-08-01,37,0,37
51101,PUNA,salud sexual y reproductiva,hemorragia de la primera mitad del embarazo (< 22 sem) aborto,2021-08-01,1,0,1
31401,PUNATA,salud sexual y reproductiva,hemorragia de la primera mitad del embarazo (< 22 sem) aborto,2021-08-01,20,0,20
30901,QUILLACOLLO,salud sexual y reproductiva,hemorragia de la primera mitad del embarazo (< 22 sem) aborto,2021-08-01,28,0,28
80201,RIBERALTA,salud sexual y reproductiva,hemorragia de la primera mitad del embarazo (< 22 sem) aborto,2021-08-01,32,0,32
70503,ROBORE,salud sexual y reproductiva,hemorragia de la primera mitad del embarazo (< 22 sem) aborto,2021-08-01,2,0,2
80304,RURRENABAQUE,salud sexual y reproductiva,hemorragia de la primera mitad del embarazo (< 22 sem) aborto,2021-08-01,1,5,6
31001,SACABA,salud sexual y reproductiva,hemorragia de la primera mitad del embarazo (< 22 sem) aborto,2021-08-01,29,15,44
40801,SALINAS DE GARCI MENDOZA,salud sexual y reproductiva,hemorragia de la primera mitad del embarazo (< 22 sem) aborto,2021-08-01,0,1,1
80302,SAN BORJA,salud sexual y reproductiva,hemorragia de la primera mitad del embarazo (< 22 sem) aborto,2021-08-01,4,0,4
21502,SAN BUENA VENTURA,salud sexual y reproductiva,hemorragia de la primera mitad del embarazo (< 22 sem) aborto,2021-08-01,3,0,3
70402,SAN CARLOS,salud sexual y reproductiva,hemorragia de la primera mitad del embarazo (< 22 sem) aborto,2021-08-01,0,1,1
80501,SAN IGNACIO,salud sexual y reproductiva,hemorragia de la primera mitad del embarazo (< 22 sem) aborto,2021-08-01,5,0,5
70301,SAN IGNACIO DE VELASCO,salud sexual y reproductiva,hemorragia de la primera mitad del embarazo (< 22 sem) aborto,2021-08-01,10,0,10
71102,SAN JAVIER(STC),salud sexual y reproductiva,hemorragia de la primera mitad del embarazo (< 22 sem) aborto,2021-08-01,2,0,2
70501,SAN JOSE DE CHIQUITOS,salud sexual y reproductiva,hemorragia de la primera mitad del embarazo (< 22 sem) aborto,2021-08-01,3,0,3
71104,SAN JULIAN,salud sexual y reproductiva,hemorragia de la primera mitad del embarazo (< 22 sem) aborto,2021-08-01,8,0,8
60501,SAN LORENZO(TJA),salud sexual y reproductiva,hemorragia de la primera mitad del embarazo (< 22 sem) aborto,2021-08-01,3,0,3
10702,SAN LUCAS,salud sexual y reproductiva,hemorragia de la primera mitad del embarazo (< 22 sem) aborto,2021-08-01,1,0,1
71201,SAN MATIAS,salud sexual y reproductiva,hemorragia de la primera mitad del embarazo (< 22 sem) aborto,2021-08-01,2,0,2
70302,SAN MIGUEL DE VELASCO,salud sexual y reproductiva,hemorragia de la primera mitad del embarazo (< 22 sem) aborto,2021-08-01,1,0,1
21702,SAN PEDRO DE TIQUINA,salud sexual y reproductiva,hemorragia de la primera mitad del embarazo (< 22 sem) aborto,2021-08-01,0,1,1
80702,SAN RAMON BENI,salud sexual y reproductiva,hemorragia de la primera mitad del embarazo (< 22 sem) aborto,2021-08-01,0,1,1
80401,SANTA ANA,salud sexual y reproductiva,hemorragia de la primera mitad del embarazo (< 22 sem) aborto,2021-08-01,8,0,8
70101,SANTA CRUZ DE LA SIERRA,salud sexual y reproductiva,hemorragia de la primera mitad del embarazo (< 22 sem) aborto,2021-08-01,229,90,319
31602,SHINAOTA,salud sexual y reproductiva,hemorragia de la primera mitad del embarazo (< 22 sem) aborto,2021-08-01,16,0,16
30902,SIPE SIPE,salud sexual y reproductiva,hemorragia de la primera mitad del embarazo (< 22 sem) aborto,2021-08-01,2,0,2
10101,SUCRE,salud sexual y reproductiva,hemorragia de la primera mitad del embarazo (< 22 sem) aborto,2021-08-01,83,1,84
60101,TARIJA,salud sexual y reproductiva,hemorragia de la primera mitad del embarazo (< 22 sem) aborto,2021-08-01,30,0,30
10202,TARVITA,salud sexual y reproductiva,hemorragia de la primera mitad del embarazo (< 22 sem) aborto,2021-08-01,1,0,1
20606,TIPUANI,salud sexual y reproductiva,hemorragia de la primera mitad del embarazo (< 22 sem) aborto,2021-08-01,1,0,1
30903,TIQUIPAYA,salud sexual y reproductiva,hemorragia de la primera mitad del embarazo (< 22 sem) aborto,2021-08-01,9,0,9
31601,TIRAQUE (CBBA),salud sexual y reproductiva,hemorragia de la primera mitad del embarazo (< 22 sem) aborto,2021-08-01,2,0,2
30802,TOCO,salud sexual y reproductiva,hemorragia de la primera mitad del embarazo (< 22 sem) aborto,2021-08-01,1,0,1
51202,TOMAVE,salud sexual y reproductiva,hemorragia de la primera mitad del embarazo (< 22 sem) aborto,2021-08-01,0,1,1
50502,TORO TORO,salud sexual y reproductiva,hemorragia de la primera mitad del embarazo (< 22 sem) aborto,2021-08-01,1,0,1
31201,TOTORA(CBBA),salud sexual y reproductiva,hemorragia de la primera mitad del embarazo (< 22 sem) aborto,2021-08-01,5,0,5
80101,TRINIDAD,salud sexual y reproductiva,hemorragia de la primera mitad del embarazo (< 22 sem) aborto,2021-08-01,34,0,34
50801,TUPIZA,salud sexual y reproductiva,hemorragia de la primera mitad del embarazo (< 22 sem) aborto,2021-08-01,11,0,11
51201,UYUNI,salud sexual y reproductiva,hemorragia de la primera mitad del embarazo (< 22 sem) aborto,2021-08-01,13,0,13
70801,VALLEGRANDE,salud sexual y reproductiva,hemorragia de la primera mitad del embarazo (< 22 sem) aborto,2021-08-01,1,0,1
20801,VIACHA,salud sexual y reproductiva,hemorragia de la primera mitad del embarazo (< 22 sem) aborto,2021-08-01,1,0,1
60303,VILLA MONTES,salud sexual y reproductiva,hemorragia de la primera mitad del embarazo (< 22 sem) aborto,2021-08-01,2,7,9
31003,VILLA TUNARI,salud sexual y reproductiva,hemorragia de la primera mitad del embarazo (< 22 sem) aborto,2021-08-01,20,0,20
51501,VILLAZON,salud sexual y reproductiva,hemorragia de la primera mitad del embarazo (< 22 sem) aborto,2021-08-01,7,0,7
30904,VINTO,salud sexual y reproductiva,hemorragia de la primera mitad del embarazo (< 22 sem) aborto,2021-08-01,23,0,23
50602,VITICHI,salud sexual y reproductiva,hemorragia de la primera mitad del embarazo (< 22 sem) aborto,2021-08-01,1,0,1
70201,WARNES,salud sexual y reproductiva,hemorragia de la primera mitad del embarazo (< 22 sem) aborto,2021-08-01,11,0,11
20903,YACO,salud sexual y reproductiva,hemorragia de la primera mitad del embarazo (< 22 sem) aborto,2021-08-01,1,0,1
60301,YACUIBA,salud sexual y reproductiva,hemorragia de la primera mitad del embarazo (< 22 sem) aborto,2021-08-01,13,0,13
70403,YAPACANI,salud sexual y reproductiva,hemorragia de la primera mitad del embarazo (< 22 sem) aborto,2021-08-01,19,0,19
10102,YOTALA,salud sexual y reproductiva,hemorragia de la primera mitad del embarazo (< 22 sem) aborto,2021-08-01,1,0,1
10301,ZUDAÃ‘EZ,salud sexual y reproductiva,hemorragia de la primera mitad del embarazo (< 22 sem) aborto,2021-08-01,0,1,1
20201,ACHACACHI,salud sexual y reproductiva,hemorragia de la primera mitad del embarazo (< 22 sem) aborto,2021-09-01,2,0,2
30201,AIQUILE,salud sexual y reproductiva,hemorragia de la primera mitad del embarazo (< 22 sem) aborto,2021-09-01,13,0,13
30402,ANZALDO,salud sexual y reproductiva,hemorragia de la primera mitad del embarazo (< 22 sem) aborto,2021-09-01,1,0,1
30403,ARBIETO,salud sexual y reproductiva,hemorragia de la primera mitad del embarazo (< 22 sem) aborto,2021-09-01,4,0,4
71501,ASCENCION DE GUARAYOS,salud sexual y reproductiva,hemorragia de la primera mitad del embarazo (< 22 sem) aborto,2021-09-01,4,11,15
50802,ATOCHA,salud sexual y reproductiva,hemorragia de la primera mitad del embarazo (< 22 sem) aborto,2021-09-01,1,0,1
30301,AYOPAYA (V. DE INDEPENDENCIA),salud sexual y reproductiva,hemorragia de la primera mitad del embarazo (< 22 sem) aborto,2021-09-01,3,0,3
60202,BERMEJO,salud sexual y reproductiva,hemorragia de la primera mitad del embarazo (< 22 sem) aborto,2021-09-01,2,0,2
50301,BETANZOS,salud sexual y reproductiva,hemorragia de la primera mitad del embarazo (< 22 sem) aborto,2021-09-01,1,0,1
10701,CAMARGO,salud sexual y reproductiva,hemorragia de la primera mitad del embarazo (< 22 sem) aborto,2021-09-01,7,0,7
70706,CAMIRI,salud sexual y reproductiva,hemorragia de la primera mitad del embarazo (< 22 sem) aborto,2021-09-01,6,0,6
30701,CAPINOTA,salud sexual y reproductiva,hemorragia de la primera mitad del embarazo (< 22 sem) aborto,2021-09-01,7,0,7
40102,CARACOLLO,salud sexual y reproductiva,hemorragia de la primera mitad del embarazo (< 22 sem) aborto,2021-09-01,7,0,7
22001,CARANAVI,salud sexual y reproductiva,hemorragia de la primera mitad del embarazo (< 22 sem) aborto,2021-09-01,26,0,26
60302,CARAPARI,salud sexual y reproductiva,hemorragia de la primera mitad del embarazo (< 22 sem) aborto,2021-09-01,2,0,2
21803,CHACARILLA,salud sexual y reproductiva,hemorragia de la primera mitad del embarazo (< 22 sem) aborto,2021-09-01,2,1,3
40201,CHALLAPATA,salud sexual y reproductiva,hemorragia de la primera mitad del embarazo (< 22 sem) aborto,2021-09-01,1,0,1
70702,CHARAGUA,salud sexual y reproductiva,hemorragia de la primera mitad del embarazo (< 22 sem) aborto,2021-09-01,1,0,1
31204,CHIMORE,salud sexual y reproductiva,hemorragia de la primera mitad del embarazo (< 22 sem) aborto,2021-09-01,1,0,1
21101,CHULUMANI (V. DE LA LIBERTAD),salud sexual y reproductiva,hemorragia de la primera mitad del embarazo (< 22 sem) aborto,2021-09-01,1,0,1
20501,CHUMA,salud sexual y reproductiva,hemorragia de la primera mitad del embarazo (< 22 sem) aborto,2021-09-01,1,0,1
30801,CLIZA,salud sexual y reproductiva,hemorragia de la primera mitad del embarazo (< 22 sem) aborto,2021-09-01,13,0,13
90101,COBIJA,salud sexual y reproductiva,hemorragia de la primera mitad del embarazo (< 22 sem) aborto,2021-09-01,16,0,16
30101,COCHABAMBA,salud sexual y reproductiva,hemorragia de la primera mitad del embarazo (< 22 sem) aborto,2021-09-01,99,4,103
30905,COLCAPIRHUA,salud sexual y reproductiva,hemorragia de la primera mitad del embarazo (< 22 sem) aborto,2021-09-01,9,0,9
71301,COMARAPA,salud sexual y reproductiva,hemorragia de la primera mitad del embarazo (< 22 sem) aborto,2021-09-01,0,2,2
71101,CONCEPCION,salud sexual y reproductiva,hemorragia de la primera mitad del embarazo (< 22 sem) aborto,2021-09-01,5,0,5
21401,COROICO,salud sexual y reproductiva,hemorragia de la primera mitad del embarazo (< 22 sem) aborto,2021-09-01,6,0,6
70102,COTOCA,salud sexual y reproductiva,hemorragia de la primera mitad del embarazo (< 22 sem) aborto,2021-09-01,27,0,27
10902,CULPINA,salud sexual y reproductiva,hemorragia de la primera mitad del embarazo (< 22 sem) aborto,2021-09-01,0,2,2
20105,EL ALTO,salud sexual y reproductiva,hemorragia de la primera mitad del embarazo (< 22 sem) aborto,2021-09-01,99,3,102
70105,EL TORNO,salud sexual y reproductiva,hemorragia de la primera mitad del embarazo (< 22 sem) aborto,2021-09-01,16,0,16
31206,ENTRE RIOS CBBA,salud sexual y reproductiva,hemorragia de la primera mitad del embarazo (< 22 sem) aborto,2021-09-01,14,0,14
80202,GUAYARAMERIN,salud sexual y reproductiva,hemorragia de la primera mitad del embarazo (< 22 sem) aborto,2021-09-01,0,1,1
40701,HUANUNI,salud sexual y reproductiva,hemorragia de la primera mitad del embarazo (< 22 sem) aborto,2021-09-01,9,0,9
10304,ICLA,salud sexual y reproductiva,hemorragia de la primera mitad del embarazo (< 22 sem) aborto,2021-09-01,1,0,1
21102,IRUPANA (VILLA DE LANZA),salud sexual y reproductiva,hemorragia de la primera mitad del embarazo (< 22 sem) aborto,2021-09-01,1,0,1
21105,LA ASUNTA,salud sexual y reproductiva,hemorragia de la primera mitad del embarazo (< 22 sem) aborto,2021-09-01,1,0,1
70104,LA GUARDIA,salud sexual y reproductiva,hemorragia de la primera mitad del embarazo (< 22 sem) aborto,2021-09-01,21,0,21
20101,LA PAZ,salud sexual y reproductiva,hemorragia de la primera mitad del embarazo (< 22 sem) aborto,2021-09-01,185,8,193
51401,LLICA,salud sexual y reproductiva,hemorragia de la primera mitad del embarazo (< 22 sem) aborto,2021-09-01,1,0,1
80801,MAGDALENA,salud sexual y reproductiva,hemorragia de la primera mitad del embarazo (< 22 sem) aborto,2021-09-01,0,1,1
70903,MAIRANA,salud sexual y reproductiva,hemorragia de la primera mitad del embarazo (< 22 sem) aborto,2021-09-01,2,0,2
31301,MIZQUE,salud sexual y reproductiva,hemorragia de la primera mitad del embarazo (< 22 sem) aborto,2021-09-01,3,0,3
10501,MONTEAGUDO,salud sexual y reproductiva,hemorragia de la primera mitad del embarazo (< 22 sem) aborto,2021-09-01,6,0,6
71001,MONTERO,salud sexual y reproductiva,hemorragia de la primera mitad del embarazo (< 22 sem) aborto,2021-09-01,22,0,22
50404,OCURI,salud sexual y reproductiva,hemorragia de la primera mitad del embarazo (< 22 sem) aborto,2021-09-01,0,1,1
30203,OMEREQUE,salud sexual y reproductiva,hemorragia de la primera mitad del embarazo (< 22 sem) aborto,2021-09-01,1,0,1
40101,ORURO,salud sexual y reproductiva,hemorragia de la primera mitad del embarazo (< 22 sem) aborto,2021-09-01,100,0,100
10401,PADILLA,salud sexual y reproductiva,hemorragia de la primera mitad del embarazo (< 22 sem) aborto,2021-09-01,0,7,7
70502,PAILON,salud sexual y reproductiva,hemorragia de la primera mitad del embarazo (< 22 sem) aborto,2021-09-01,2,0,2
21305,PATACAMAYA,salud sexual y reproductiva,hemorragia de la primera mitad del embarazo (< 22 sem) aborto,2021-09-01,7,0,7
31203,POCONA,salud sexual y reproductiva,hemorragia de la primera mitad del embarazo (< 22 sem) aborto,2021-09-01,1,0,1
31202,POJO (CBBA),salud sexual y reproductiva,hemorragia de la primera mitad del embarazo (< 22 sem) aborto,2021-09-01,1,0,1
10103,POROMA,salud sexual y reproductiva,hemorragia de la primera mitad del embarazo (< 22 sem) aborto,2021-09-01,0,1,1
50101,POTOSI,salud sexual y reproductiva,hemorragia de la primera mitad del embarazo (< 22 sem) aborto,2021-09-01,23,0,23
10302,PRESTO,salud sexual y reproductiva,hemorragia de la primera mitad del embarazo (< 22 sem) aborto,2021-09-01,0,1,1
71401,PUERTO SUAREZ,salud sexual y reproductiva,hemorragia de la primera mitad del embarazo (< 22 sem) aborto,2021-09-01,3,0,3
31205,PUERTO VILLARROEL,salud sexual y reproductiva,hemorragia de la primera mitad del embarazo (< 22 sem) aborto,2021-09-01,45,0,45
31401,PUNATA,salud sexual y reproductiva,hemorragia de la primera mitad del embarazo (< 22 sem) aborto,2021-09-01,17,0,17
30901,QUILLACOLLO,salud sexual y reproductiva,hemorragia de la primera mitad del embarazo (< 22 sem) aborto,2021-09-01,23,0,23
31304,RAQAYPAMPA(ETA),salud sexual y reproductiva,hemorragia de la primera mitad del embarazo (< 22 sem) aborto,2021-09-01,0,1,1
80201,RIBERALTA,salud sexual y reproductiva,hemorragia de la primera mitad del embarazo (< 22 sem) aborto,2021-09-01,50,0,50
70503,ROBORE,salud sexual y reproductiva,hemorragia de la primera mitad del embarazo (< 22 sem) aborto,2021-09-01,4,3,7
80304,RURRENABAQUE,salud sexual y reproductiva,hemorragia de la primera mitad del embarazo (< 22 sem) aborto,2021-09-01,0,7,7
31001,SACABA,salud sexual y reproductiva,hemorragia de la primera mitad del embarazo (< 22 sem) aborto,2021-09-01,22,14,36
80302,SAN BORJA,salud sexual y reproductiva,hemorragia de la primera mitad del embarazo (< 22 sem) aborto,2021-09-01,4,0,4
21502,SAN BUENA VENTURA,salud sexual y reproductiva,hemorragia de la primera mitad del embarazo (< 22 sem) aborto,2021-09-01,4,0,4
70402,SAN CARLOS,salud sexual y reproductiva,hemorragia de la primera mitad del embarazo (< 22 sem) aborto,2021-09-01,3,2,5
70301,SAN IGNACIO DE VELASCO,salud sexual y reproductiva,hemorragia de la primera mitad del embarazo (< 22 sem) aborto,2021-09-01,9,0,9
70501,SAN JOSE DE CHIQUITOS,salud sexual y reproductiva,hemorragia de la primera mitad del embarazo (< 22 sem) aborto,2021-09-01,8,0,8
71104,SAN JULIAN,salud sexual y reproductiva,hemorragia de la primera mitad del embarazo (< 22 sem) aborto,2021-09-01,8,0,8
60501,SAN LORENZO(TJA),salud sexual y reproductiva,hemorragia de la primera mitad del embarazo (< 22 sem) aborto,2021-09-01,3,0,3
10702,SAN LUCAS,salud sexual y reproductiva,hemorragia de la primera mitad del embarazo (< 22 sem) aborto,2021-09-01,0,1,1
71201,SAN MATIAS,salud sexual y reproductiva,hemorragia de la primera mitad del embarazo (< 22 sem) aborto,2021-09-01,5,0,5
70302,SAN MIGUEL DE VELASCO,salud sexual y reproductiva,hemorragia de la primera mitad del embarazo (< 22 sem) aborto,2021-09-01,2,0,2
71005,SAN PEDRO,salud sexual y reproductiva,hemorragia de la primera mitad del embarazo (< 22 sem) aborto,2021-09-01,1,0,1
80702,SAN RAMON BENI,salud sexual y reproductiva,hemorragia de la primera mitad del embarazo (< 22 sem) aborto,2021-09-01,1,1,2
80401,SANTA ANA,salud sexual y reproductiva,hemorragia de la primera mitad del embarazo (< 22 sem) aborto,2021-09-01,2,0,2
70101,SANTA CRUZ DE LA SIERRA,salud sexual y reproductiva,hemorragia de la primera mitad del embarazo (< 22 sem) aborto,2021-09-01,364,131,495
21901,SANTIAGO DE MACHACA,salud sexual y reproductiva,hemorragia de la primera mitad del embarazo (< 22 sem) aborto,2021-09-01,1,0,1
31602,SHINAOTA,salud sexual y reproductiva,hemorragia de la primera mitad del embarazo (< 22 sem) aborto,2021-09-01,17,0,17
30902,SIPE SIPE,salud sexual y reproductiva,hemorragia de la primera mitad del embarazo (< 22 sem) aborto,2021-09-01,4,0,4
10101,SUCRE,salud sexual y reproductiva,hemorragia de la primera mitad del embarazo (< 22 sem) aborto,2021-09-01,67,0,67
10601,TARABUCO,salud sexual y reproductiva,hemorragia de la primera mitad del embarazo (< 22 sem) aborto,2021-09-01,2,0,2
30401,TARATA,salud sexual y reproductiva,hemorragia de la primera mitad del embarazo (< 22 sem) aborto,2021-09-01,1,0,1
60101,TARIJA,salud sexual y reproductiva,hemorragia de la primera mitad del embarazo (< 22 sem) aborto,2021-09-01,36,1,37
10202,TARVITA,salud sexual y reproductiva,hemorragia de la primera mitad del embarazo (< 22 sem) aborto,2021-09-01,0,2,2
20606,TIPUANI,salud sexual y reproductiva,hemorragia de la primera mitad del embarazo (< 22 sem) aborto,2021-09-01,0,1,1
30903,TIQUIPAYA,salud sexual y reproductiva,hemorragia de la primera mitad del embarazo (< 22 sem) aborto,2021-09-01,9,0,9
31601,TIRAQUE (CBBA),salud sexual y reproductiva,hemorragia de la primera mitad del embarazo (< 22 sem) aborto,2021-09-01,2,0,2
31201,TOTORA(CBBA),salud sexual y reproductiva,hemorragia de la primera mitad del embarazo (< 22 sem) aborto,2021-09-01,4,0,4
80101,TRINIDAD,salud sexual y reproductiva,hemorragia de la primera mitad del embarazo (< 22 sem) aborto,2021-09-01,46,2,48
50801,TUPIZA,salud sexual y reproductiva,hemorragia de la primera mitad del embarazo (< 22 sem) aborto,2021-09-01,12,0,12
51201,UYUNI,salud sexual y reproductiva,hemorragia de la primera mitad del embarazo (< 22 sem) aborto,2021-09-01,6,0,6
70801,VALLEGRANDE,salud sexual y reproductiva,hemorragia de la primera mitad del embarazo (< 22 sem) aborto,2021-09-01,4,0,4
60303,VILLA MONTES,salud sexual y reproductiva,hemorragia de la primera mitad del embarazo (< 22 sem) aborto,2021-09-01,5,7,12
31003,VILLA TUNARI,salud sexual y reproductiva,hemorragia de la primera mitad del embarazo (< 22 sem) aborto,2021-09-01,35,0,35
51501,VILLAZON,salud sexual y reproductiva,hemorragia de la primera mitad del embarazo (< 22 sem) aborto,2021-09-01,16,0,16
30904,VINTO,salud sexual y reproductiva,hemorragia de la primera mitad del embarazo (< 22 sem) aborto,2021-09-01,15,0,15
70201,WARNES,salud sexual y reproductiva,hemorragia de la primera mitad del embarazo (< 22 sem) aborto,2021-09-01,0,14,14
60301,YACUIBA,salud sexual y reproductiva,hemorragia de la primera mitad del embarazo (< 22 sem) aborto,2021-09-01,9,1,10
70403,YAPACANI,salud sexual y reproductiva,hemorragia de la primera mitad del embarazo (< 22 sem) aborto,2021-09-01,6,0,6
20201,ACHACACHI,salud sexual y reproductiva,hemorragia de la primera mitad del embarazo (< 22 sem) aborto,2021-10-01,3,0,3
30201,AIQUILE,salud sexual y reproductiva,hemorragia de la primera mitad del embarazo (< 22 sem) aborto,2021-10-01,8,0,8
20202,ANCORAIMES,salud sexual y reproductiva,hemorragia de la primera mitad del embarazo (< 22 sem) aborto,2021-10-01,0,1,1
41201,ANDAMARCA,salud sexual y reproductiva,hemorragia de la primera mitad del embarazo (< 22 sem) aborto,2021-10-01,1,0,1
30403,ARBIETO,salud sexual y reproductiva,hemorragia de la primera mitad del embarazo (< 22 sem) aborto,2021-10-01,2,0,2
71501,ASCENCION DE GUARAYOS,salud sexual y reproductiva,hemorragia de la primera mitad del embarazo (< 22 sem) aborto,2021-10-01,25,0,25
30301,AYOPAYA (V. DE INDEPENDENCIA),salud sexual y reproductiva,hemorragia de la primera mitad del embarazo (< 22 sem) aborto,2021-10-01,1,1,2
60202,BERMEJO,salud sexual y reproductiva,hemorragia de la primera mitad del embarazo (< 22 sem) aborto,2021-10-01,3,0,3
50301,BETANZOS,salud sexual y reproductiva,hemorragia de la primera mitad del embarazo (< 22 sem) aborto,2021-10-01,1,1,2
10701,CAMARGO,salud sexual y reproductiva,hemorragia de la primera mitad del embarazo (< 22 sem) aborto,2021-10-01,3,0,3
70706,CAMIRI,salud sexual y reproductiva,hemorragia de la primera mitad del embarazo (< 22 sem) aborto,2021-10-01,8,0,8
30701,CAPINOTA,salud sexual y reproductiva,hemorragia de la primera mitad del embarazo (< 22 sem) aborto,2021-10-01,15,0,15
40102,CARACOLLO,salud sexual y reproductiva,hemorragia de la primera mitad del embarazo (< 22 sem) aborto,2021-10-01,1,0,1
22001,CARANAVI,salud sexual y reproductiva,hemorragia de la primera mitad del embarazo (< 22 sem) aborto,2021-10-01,23,0,23
60302,CARAPARI,salud sexual y reproductiva,hemorragia de la primera mitad del embarazo (< 22 sem) aborto,2021-10-01,2,1,3
50702,CARIPUYO,salud sexual y reproductiva,hemorragia de la primera mitad del embarazo (< 22 sem) aborto,2021-10-01,0,1,1
21803,CHACARILLA,salud sexual y reproductiva,hemorragia de la primera mitad del embarazo (< 22 sem) aborto,2021-10-01,1,0,1
40201,CHALLAPATA,salud sexual y reproductiva,hemorragia de la primera mitad del embarazo (< 22 sem) aborto,2021-10-01,1,0,1
31204,CHIMORE,salud sexual y reproductiva,hemorragia de la primera mitad del embarazo (< 22 sem) aborto,2021-10-01,2,0,2
21101,CHULUMANI (V. DE LA LIBERTAD),salud sexual y reproductiva,hemorragia de la primera mitad del embarazo (< 22 sem) aborto,2021-10-01,2,0,2
30801,CLIZA,salud sexual y reproductiva,hemorragia de la primera mitad del embarazo (< 22 sem) aborto,2021-10-01,9,0,9
90101,COBIJA,salud sexual y reproductiva,hemorragia de la primera mitad del embarazo (< 22 sem) aborto,2021-10-01,12,0,12
30303,COCAPATA,salud sexual y reproductiva,hemorragia de la primera mitad del embarazo (< 22 sem) aborto,2021-10-01,0,1,1
30101,COCHABAMBA,salud sexual y reproductiva,hemorragia de la primera mitad del embarazo (< 22 sem) aborto,2021-10-01,108,4,112
30905,COLCAPIRHUA,salud sexual y reproductiva,hemorragia de la primera mitad del embarazo (< 22 sem) aborto,2021-10-01,4,0,4
71101,CONCEPCION,salud sexual y reproductiva,hemorragia de la primera mitad del embarazo (< 22 sem) aborto,2021-10-01,4,0,4
21401,COROICO,salud sexual y reproductiva,hemorragia de la primera mitad del embarazo (< 22 sem) aborto,2021-10-01,8,0,8
70102,COTOCA,salud sexual y reproductiva,hemorragia de la primera mitad del embarazo (< 22 sem) aborto,2021-10-01,20,0,20
10902,CULPINA,salud sexual y reproductiva,hemorragia de la primera mitad del embarazo (< 22 sem) aborto,2021-10-01,0,1,1
20105,EL ALTO,salud sexual y reproductiva,hemorragia de la primera mitad del embarazo (< 22 sem) aborto,2021-10-01,122,5,127
70105,EL TORNO,salud sexual y reproductiva,hemorragia de la primera mitad del embarazo (< 22 sem) aborto,2021-10-01,17,0,17
31206,ENTRE RIOS CBBA,salud sexual y reproductiva,hemorragia de la primera mitad del embarazo (< 22 sem) aborto,2021-10-01,15,0,15
20405,ESCOMA,salud sexual y reproductiva,hemorragia de la primera mitad del embarazo (< 22 sem) aborto,2021-10-01,1,0,1
80202,GUAYARAMERIN,salud sexual y reproductiva,hemorragia de la primera mitad del embarazo (< 22 sem) aborto,2021-10-01,6,0,6
40701,HUANUNI,salud sexual y reproductiva,hemorragia de la primera mitad del embarazo (< 22 sem) aborto,2021-10-01,7,0,7
10703,INCAHUASI,salud sexual y reproductiva,hemorragia de la primera mitad del embarazo (< 22 sem) aborto,2021-10-01,1,0,1
21102,IRUPANA (VILLA DE LANZA),salud sexual y reproductiva,hemorragia de la primera mitad del embarazo (< 22 sem) aborto,2021-10-01,3,0,3
70104,LA GUARDIA,salud sexual y reproductiva,hemorragia de la primera mitad del embarazo (< 22 sem) aborto,2021-10-01,9,0,9
20101,LA PAZ,salud sexual y reproductiva,hemorragia de la primera mitad del embarazo (< 22 sem) aborto,2021-10-01,137,2,139
51401,LLICA,salud sexual y reproductiva,hemorragia de la primera mitad del embarazo (< 22 sem) aborto,2021-10-01,0,1,1
31301,MIZQUE,salud sexual y reproductiva,hemorragia de la primera mitad del embarazo (< 22 sem) aborto,2021-10-01,2,0,2
10501,MONTEAGUDO,salud sexual y reproductiva,hemorragia de la primera mitad del embarazo (< 22 sem) aborto,2021-10-01,3,0,3
71001,MONTERO,salud sexual y reproductiva,hemorragia de la primera mitad del embarazo (< 22 sem) aborto,2021-10-01,25,0,25
30302,MOROCHATA,salud sexual y reproductiva,hemorragia de la primera mitad del embarazo (< 22 sem) aborto,2021-10-01,0,1,1
50404,OCURI,salud sexual y reproductiva,hemorragia de la primera mitad del embarazo (< 22 sem) aborto,2021-10-01,2,3,5
40101,ORURO,salud sexual y reproductiva,hemorragia de la primera mitad del embarazo (< 22 sem) aborto,2021-10-01,118,0,118
10401,PADILLA,salud sexual y reproductiva,hemorragia de la primera mitad del embarazo (< 22 sem) aborto,2021-10-01,7,0,7
70502,PAILON,salud sexual y reproductiva,hemorragia de la primera mitad del embarazo (< 22 sem) aborto,2021-10-01,2,0,2
21305,PATACAMAYA,salud sexual y reproductiva,hemorragia de la primera mitad del embarazo (< 22 sem) aborto,2021-10-01,3,0,3
70103,PORONGO,salud sexual y reproductiva,hemorragia de la primera mitad del embarazo (< 22 sem) aborto,2021-10-01,1,0,1
50101,POTOSI,salud sexual y reproductiva,hemorragia de la primera mitad del embarazo (< 22 sem) aborto,2021-10-01,22,3,25
10302,PRESTO,salud sexual y reproductiva,hemorragia de la primera mitad del embarazo (< 22 sem) aborto,2021-10-01,0,1,1
21201,PUCARANI,salud sexual y reproductiva,hemorragia de la primera mitad del embarazo (< 22 sem) aborto,2021-10-01,1,0,1
31205,PUERTO VILLARROEL,salud sexual y reproductiva,hemorragia de la primera mitad del embarazo (< 22 sem) aborto,2021-10-01,29,0,29
31401,PUNATA,salud sexual y reproductiva,hemorragia de la primera mitad del embarazo (< 22 sem) aborto,2021-10-01,22,0,22
30901,QUILLACOLLO,salud sexual y reproductiva,hemorragia de la primera mitad del embarazo (< 22 sem) aborto,2021-10-01,51,1,52
31304,RAQAYPAMPA(ETA),salud sexual y reproductiva,hemorragia de la primera mitad del embarazo (< 22 sem) aborto,2021-10-01,0,1,1
80201,RIBERALTA,salud sexual y reproductiva,hemorragia de la primera mitad del embarazo (< 22 sem) aborto,2021-10-01,8,0,8
70503,ROBORE,salud sexual y reproductiva,hemorragia de la primera mitad del embarazo (< 22 sem) aborto,2021-10-01,1,0,1
80304,RURRENABAQUE,salud sexual y reproductiva,hemorragia de la primera mitad del embarazo (< 22 sem) aborto,2021-10-01,5,0,5
31001,SACABA,salud sexual y reproductiva,hemorragia de la primera mitad del embarazo (< 22 sem) aborto,2021-10-01,5,12,17
80302,SAN BORJA,salud sexual y reproductiva,hemorragia de la primera mitad del embarazo (< 22 sem) aborto,2021-10-01,5,0,5
21502,SAN BUENA VENTURA,salud sexual y reproductiva,hemorragia de la primera mitad del embarazo (< 22 sem) aborto,2021-10-01,4,0,4
70402,SAN CARLOS,salud sexual y reproductiva,hemorragia de la primera mitad del embarazo (< 22 sem) aborto,2021-10-01,6,0,6
80501,SAN IGNACIO,salud sexual y reproductiva,hemorragia de la primera mitad del embarazo (< 22 sem) aborto,2021-10-01,3,0,3
70301,SAN IGNACIO DE VELASCO,salud sexual y reproductiva,hemorragia de la primera mitad del embarazo (< 22 sem) aborto,2021-10-01,11,0,11
71102,SAN JAVIER(STC),salud sexual y reproductiva,hemorragia de la primera mitad del embarazo (< 22 sem) aborto,2021-10-01,4,0,4
71104,SAN JULIAN,salud sexual y reproductiva,hemorragia de la primera mitad del embarazo (< 22 sem) aborto,2021-10-01,7,0,7
10702,SAN LUCAS,salud sexual y reproductiva,hemorragia de la primera mitad del embarazo (< 22 sem) aborto,2021-10-01,2,0,2
71201,SAN MATIAS,salud sexual y reproductiva,hemorragia de la primera mitad del embarazo (< 22 sem) aborto,2021-10-01,0,3,3
70302,SAN MIGUEL DE VELASCO,salud sexual y reproductiva,hemorragia de la primera mitad del embarazo (< 22 sem) aborto,2021-10-01,3,1,4
71005,SAN PEDRO,salud sexual y reproductiva,hemorragia de la primera mitad del embarazo (< 22 sem) aborto,2021-10-01,1,0,1
80401,SANTA ANA,salud sexual y reproductiva,hemorragia de la primera mitad del embarazo (< 22 sem) aborto,2021-10-01,6,1,7
70101,SANTA CRUZ DE LA SIERRA,salud sexual y reproductiva,hemorragia de la primera mitad del embarazo (< 22 sem) aborto,2021-10-01,229,101,330
70602,SANTA ROSA DEL SARA,salud sexual y reproductiva,hemorragia de la primera mitad del embarazo (< 22 sem) aborto,2021-10-01,0,1,1
31602,SHINAOTA,salud sexual y reproductiva,hemorragia de la primera mitad del embarazo (< 22 sem) aborto,2021-10-01,10,0,10
30902,SIPE SIPE,salud sexual y reproductiva,hemorragia de la primera mitad del embarazo (< 22 sem) aborto,2021-10-01,2,0,2
10101,SUCRE,salud sexual y reproductiva,hemorragia de la primera mitad del embarazo (< 22 sem) aborto,2021-10-01,85,1,86
30602,TACOPAYA,salud sexual y reproductiva,hemorragia de la primera mitad del embarazo (< 22 sem) aborto,2021-10-01,1,0,1
10601,TARABUCO,salud sexual y reproductiva,hemorragia de la primera mitad del embarazo (< 22 sem) aborto,2021-10-01,4,0,4
60101,TARIJA,salud sexual y reproductiva,hemorragia de la primera mitad del embarazo (< 22 sem) aborto,2021-10-01,38,0,38
30903,TIQUIPAYA,salud sexual y reproductiva,hemorragia de la primera mitad del embarazo (< 22 sem) aborto,2021-10-01,11,0,11
30803,TOLATA,salud sexual y reproductiva,hemorragia de la primera mitad del embarazo (< 22 sem) aborto,2021-10-01,1,0,1
10402,TOMINA,salud sexual y reproductiva,hemorragia de la primera mitad del embarazo (< 22 sem) aborto,2021-10-01,1,0,1
50502,TORO TORO,salud sexual y reproductiva,hemorragia de la primera mitad del embarazo (< 22 sem) aborto,2021-10-01,1,0,1
31201,TOTORA(CBBA),salud sexual y reproductiva,hemorragia de la primera mitad del embarazo (< 22 sem) aborto,2021-10-01,3,0,3
80101,TRINIDAD,salud sexual y reproductiva,hemorragia de la primera mitad del embarazo (< 22 sem) aborto,2021-10-01,29,2,31
50801,TUPIZA,salud sexual y reproductiva,hemorragia de la primera mitad del embarazo (< 22 sem) aborto,2021-10-01,9,0,9
51201,UYUNI,salud sexual y reproductiva,hemorragia de la primera mitad del embarazo (< 22 sem) aborto,2021-10-01,11,0,11
70801,VALLEGRANDE,salud sexual y reproductiva,hemorragia de la primera mitad del embarazo (< 22 sem) aborto,2021-10-01,1,0,1
20801,VIACHA,salud sexual y reproductiva,hemorragia de la primera mitad del embarazo (< 22 sem) aborto,2021-10-01,1,0,1
60303,VILLA MONTES,salud sexual y reproductiva,hemorragia de la primera mitad del embarazo (< 22 sem) aborto,2021-10-01,3,12,15
90502,VILLA NUEVA (LOMA ALTA),salud sexual y reproductiva,hemorragia de la primera mitad del embarazo (< 22 sem) aborto,2021-10-01,1,0,1
31003,VILLA TUNARI,salud sexual y reproductiva,hemorragia de la primera mitad del embarazo (< 22 sem) aborto,2021-10-01,22,0,22
51501,VILLAZON,salud sexual y reproductiva,hemorragia de la primera mitad del embarazo (< 22 sem) aborto,2021-10-01,11,0,11
30904,VINTO,salud sexual y reproductiva,hemorragia de la primera mitad del embarazo (< 22 sem) aborto,2021-10-01,30,0,30
50602,VITICHI,salud sexual y reproductiva,hemorragia de la primera mitad del embarazo (< 22 sem) aborto,2021-10-01,1,0,1
70201,WARNES,salud sexual y reproductiva,hemorragia de la primera mitad del embarazo (< 22 sem) aborto,2021-10-01,5,11,16
60301,YACUIBA,salud sexual y reproductiva,hemorragia de la primera mitad del embarazo (< 22 sem) aborto,2021-10-01,14,0,14
70403,YAPACANI,salud sexual y reproductiva,hemorragia de la primera mitad del embarazo (< 22 sem) aborto,2021-10-01,9,0,9
20201,ACHACACHI,salud sexual y reproductiva,hemorragia de la primera mitad del embarazo (< 22 sem) aborto,2021-11-01,1,0,1
30201,AIQUILE,salud sexual y reproductiva,hemorragia de la primera mitad del embarazo (< 22 sem) aborto,2021-11-01,5,0,5
20202,ANCORAIMES,salud sexual y reproductiva,hemorragia de la primera mitad del embarazo (< 22 sem) aborto,2021-11-01,1,0,1
30403,ARBIETO,salud sexual y reproductiva,hemorragia de la primera mitad del embarazo (< 22 sem) aborto,2021-11-01,2,0,2
71501,ASCENCION DE GUARAYOS,salud sexual y reproductiva,hemorragia de la primera mitad del embarazo (< 22 sem) aborto,2021-11-01,9,0,9
50802,ATOCHA,salud sexual y reproductiva,hemorragia de la primera mitad del embarazo (< 22 sem) aborto,2021-11-01,2,0,2
21203,BATALLAS,salud sexual y reproductiva,hemorragia de la primera mitad del embarazo (< 22 sem) aborto,2021-11-01,0,1,1
60202,BERMEJO,salud sexual y reproductiva,hemorragia de la primera mitad del embarazo (< 22 sem) aborto,2021-11-01,2,0,2
70706,CAMIRI,salud sexual y reproductiva,hemorragia de la primera mitad del embarazo (< 22 sem) aborto,2021-11-01,9,0,9
30701,CAPINOTA,salud sexual y reproductiva,hemorragia de la primera mitad del embarazo (< 22 sem) aborto,2021-11-01,3,0,3
40102,CARACOLLO,salud sexual y reproductiva,hemorragia de la primera mitad del embarazo (< 22 sem) aborto,2021-11-01,10,0,10
22001,CARANAVI,salud sexual y reproductiva,hemorragia de la primera mitad del embarazo (< 22 sem) aborto,2021-11-01,33,0,33
60302,CARAPARI,salud sexual y reproductiva,hemorragia de la primera mitad del embarazo (< 22 sem) aborto,2021-11-01,2,0,2
71403,CARMEN RIVERO TORREZ,salud sexual y reproductiva,hemorragia de la primera mitad del embarazo (< 22 sem) aborto,2021-11-01,0,1,1
31204,CHIMORE,salud sexual y reproductiva,hemorragia de la primera mitad del embarazo (< 22 sem) aborto,2021-11-01,2,0,2
21101,CHULUMANI (V. DE LA LIBERTAD),salud sexual y reproductiva,hemorragia de la primera mitad del embarazo (< 22 sem) aborto,2021-11-01,1,0,1
30801,CLIZA,salud sexual y reproductiva,hemorragia de la primera mitad del embarazo (< 22 sem) aborto,2021-11-01,6,0,6
90101,COBIJA,salud sexual y reproductiva,hemorragia de la primera mitad del embarazo (< 22 sem) aborto,2021-11-01,22,0,22
30101,COCHABAMBA,salud sexual y reproductiva,hemorragia de la primera mitad del embarazo (< 22 sem) aborto,2021-11-01,84,4,88
30905,COLCAPIRHUA,salud sexual y reproductiva,hemorragia de la primera mitad del embarazo (< 22 sem) aborto,2021-11-01,6,0,6
31002,COLOMI,salud sexual y reproductiva,hemorragia de la primera mitad del embarazo (< 22 sem) aborto,2021-11-01,2,0,2
71101,CONCEPCION,salud sexual y reproductiva,hemorragia de la primera mitad del embarazo (< 22 sem) aborto,2021-11-01,4,0,4
21401,COROICO,salud sexual y reproductiva,hemorragia de la primera mitad del embarazo (< 22 sem) aborto,2021-11-01,7,0,7
70102,COTOCA,salud sexual y reproductiva,hemorragia de la primera mitad del embarazo (< 22 sem) aborto,2021-11-01,19,0,19
20105,EL ALTO,salud sexual y reproductiva,hemorragia de la primera mitad del embarazo (< 22 sem) aborto,2021-11-01,114,16,130
71503,EL PUENTE(STC),salud sexual y reproductiva,hemorragia de la primera mitad del embarazo (< 22 sem) aborto,2021-11-01,1,0,1
70105,EL TORNO,salud sexual y reproductiva,hemorragia de la primera mitad del embarazo (< 22 sem) aborto,2021-11-01,11,6,17
31206,ENTRE RIOS CBBA,salud sexual y reproductiva,hemorragia de la primera mitad del embarazo (< 22 sem) aborto,2021-11-01,15,0,15
80402,EXALTACION,salud sexual y reproductiva,hemorragia de la primera mitad del embarazo (< 22 sem) aborto,2021-11-01,0,1,1
80202,GUAYARAMERIN,salud sexual y reproductiva,hemorragia de la primera mitad del embarazo (< 22 sem) aborto,2021-11-01,1,0,1
40701,HUANUNI,salud sexual y reproductiva,hemorragia de la primera mitad del embarazo (< 22 sem) aborto,2021-11-01,4,0,4
10703,INCAHUASI,salud sexual y reproductiva,hemorragia de la primera mitad del embarazo (< 22 sem) aborto,2021-11-01,1,0,1
21102,IRUPANA (VILLA DE LANZA),salud sexual y reproductiva,hemorragia de la primera mitad del embarazo (< 22 sem) aborto,2021-11-01,2,0,2
21105,LA ASUNTA,salud sexual y reproductiva,hemorragia de la primera mitad del embarazo (< 22 sem) aborto,2021-11-01,0,1,1
70104,LA GUARDIA,salud sexual y reproductiva,hemorragia de la primera mitad del embarazo (< 22 sem) aborto,2021-11-01,21,1,22
20101,LA PAZ,salud sexual y reproductiva,hemorragia de la primera mitad del embarazo (< 22 sem) aborto,2021-11-01,182,3,185
70903,MAIRANA,salud sexual y reproductiva,hemorragia de la primera mitad del embarazo (< 22 sem) aborto,2021-11-01,3,0,3
20607,MAPIRI,salud sexual y reproductiva,hemorragia de la primera mitad del embarazo (< 22 sem) aborto,2021-11-01,1,0,1
31301,MIZQUE,salud sexual y reproductiva,hemorragia de la primera mitad del embarazo (< 22 sem) aborto,2021-11-01,2,0,2
10501,MONTEAGUDO,salud sexual y reproductiva,hemorragia de la primera mitad del embarazo (< 22 sem) aborto,2021-11-01,10,1,11
71001,MONTERO,salud sexual y reproductiva,hemorragia de la primera mitad del embarazo (< 22 sem) aborto,2021-11-01,11,0,11
40101,ORURO,salud sexual y reproductiva,hemorragia de la primera mitad del embarazo (< 22 sem) aborto,2021-11-01,92,22,114
10401,PADILLA,salud sexual y reproductiva,hemorragia de la primera mitad del embarazo (< 22 sem) aborto,2021-11-01,3,0,3
70502,PAILON,salud sexual y reproductiva,hemorragia de la primera mitad del embarazo (< 22 sem) aborto,2021-11-01,2,0,2
21305,PATACAMAYA,salud sexual y reproductiva,hemorragia de la primera mitad del embarazo (< 22 sem) aborto,2021-11-01,12,0,12
50101,POTOSI,salud sexual y reproductiva,hemorragia de la primera mitad del embarazo (< 22 sem) aborto,2021-11-01,17,0,17
31205,PUERTO VILLARROEL,salud sexual y reproductiva,hemorragia de la primera mitad del embarazo (< 22 sem) aborto,2021-11-01,27,0,27
31401,PUNATA,salud sexual y reproductiva,hemorragia de la primera mitad del embarazo (< 22 sem) aborto,2021-11-01,20,0,20
30901,QUILLACOLLO,salud sexual y reproductiva,hemorragia de la primera mitad del embarazo (< 22 sem) aborto,2021-11-01,26,0,26
80201,RIBERALTA,salud sexual y reproductiva,hemorragia de la primera mitad del embarazo (< 22 sem) aborto,2021-11-01,4,0,4
80304,RURRENABAQUE,salud sexual y reproductiva,hemorragia de la primera mitad del embarazo (< 22 sem) aborto,2021-11-01,1,2,3
31001,SACABA,salud sexual y reproductiva,hemorragia de la primera mitad del embarazo (< 22 sem) aborto,2021-11-01,29,18,47
80302,SAN BORJA,salud sexual y reproductiva,hemorragia de la primera mitad del embarazo (< 22 sem) aborto,2021-11-01,2,0,2
21502,SAN BUENA VENTURA,salud sexual y reproductiva,hemorragia de la primera mitad del embarazo (< 22 sem) aborto,2021-11-01,2,0,2
70402,SAN CARLOS,salud sexual y reproductiva,hemorragia de la primera mitad del embarazo (< 22 sem) aborto,2021-11-01,2,1,3
80501,SAN IGNACIO,salud sexual y reproductiva,hemorragia de la primera mitad del embarazo (< 22 sem) aborto,2021-11-01,2,0,2
70301,SAN IGNACIO DE VELASCO,salud sexual y reproductiva,hemorragia de la primera mitad del embarazo (< 22 sem) aborto,2021-11-01,13,0,13
71102,SAN JAVIER(STC),salud sexual y reproductiva,hemorragia de la primera mitad del embarazo (< 22 sem) aborto,2021-11-01,5,0,5
70501,SAN JOSE DE CHIQUITOS,salud sexual y reproductiva,hemorragia de la primera mitad del embarazo (< 22 sem) aborto,2021-11-01,2,0,2
71104,SAN JULIAN,salud sexual y reproductiva,hemorragia de la primera mitad del embarazo (< 22 sem) aborto,2021-11-01,11,0,11
60501,SAN LORENZO(TJA),salud sexual y reproductiva,hemorragia de la primera mitad del embarazo (< 22 sem) aborto,2021-11-01,1,0,1
10702,SAN LUCAS,salud sexual y reproductiva,hemorragia de la primera mitad del embarazo (< 22 sem) aborto,2021-11-01,1,0,1
71201,SAN MATIAS,salud sexual y reproductiva,hemorragia de la primera mitad del embarazo (< 22 sem) aborto,2021-11-01,1,0,1
70302,SAN MIGUEL DE VELASCO,salud sexual y reproductiva,hemorragia de la primera mitad del embarazo (< 22 sem) aborto,2021-11-01,4,0,4
80401,SANTA ANA,salud sexual y reproductiva,hemorragia de la primera mitad del embarazo (< 22 sem) aborto,2021-11-01,4,1,5
70101,SANTA CRUZ DE LA SIERRA,salud sexual y reproductiva,hemorragia de la primera mitad del embarazo (< 22 sem) aborto,2021-11-01,223,86,309
41401,SANTIAGO DE HUARI,salud sexual y reproductiva,hemorragia de la primera mitad del embarazo (< 22 sem) aborto,2021-11-01,1,0,1
31602,SHINAOTA,salud sexual y reproductiva,hemorragia de la primera mitad del embarazo (< 22 sem) aborto,2021-11-01,10,0,10
30902,SIPE SIPE,salud sexual y reproductiva,hemorragia de la primera mitad del embarazo (< 22 sem) aborto,2021-11-01,1,0,1
10403,SOPACHUY,salud sexual y reproductiva,hemorragia de la primera mitad del embarazo (< 22 sem) aborto,2021-11-01,1,0,1
10101,SUCRE,salud sexual y reproductiva,hemorragia de la primera mitad del embarazo (< 22 sem) aborto,2021-11-01,84,0,84
10601,TARABUCO,salud sexual y reproductiva,hemorragia de la primera mitad del embarazo (< 22 sem) aborto,2021-11-01,1,0,1
30401,TARATA,salud sexual y reproductiva,hemorragia de la primera mitad del embarazo (< 22 sem) aborto,2021-11-01,1,0,1
60101,TARIJA,salud sexual y reproductiva,hemorragia de la primera mitad del embarazo (< 22 sem) aborto,2021-11-01,52,1,53
20606,TIPUANI,salud sexual y reproductiva,hemorragia de la primera mitad del embarazo (< 22 sem) aborto,2021-11-01,0,1,1
30903,TIQUIPAYA,salud sexual y reproductiva,hemorragia de la primera mitad del embarazo (< 22 sem) aborto,2021-11-01,16,0,16
31601,TIRAQUE (CBBA),salud sexual y reproductiva,hemorragia de la primera mitad del embarazo (< 22 sem) aborto,2021-11-01,1,0,1
10402,TOMINA,salud sexual y reproductiva,hemorragia de la primera mitad del embarazo (< 22 sem) aborto,2021-11-01,1,0,1
50502,TORO TORO,salud sexual y reproductiva,hemorragia de la primera mitad del embarazo (< 22 sem) aborto,2021-11-01,2,0,2
80101,TRINIDAD,salud sexual y reproductiva,hemorragia de la primera mitad del embarazo (< 22 sem) aborto,2021-11-01,22,1,23
50801,TUPIZA,salud sexual y reproductiva,hemorragia de la primera mitad del embarazo (< 22 sem) aborto,2021-11-01,15,0,15
60401,URIONDO (A. CONCEPCION),salud sexual y reproductiva,hemorragia de la primera mitad del embarazo (< 22 sem) aborto,2021-11-01,2,1,3
51201,UYUNI,salud sexual y reproductiva,hemorragia de la primera mitad del embarazo (< 22 sem) aborto,2021-11-01,2,0,2
70801,VALLEGRANDE,salud sexual y reproductiva,hemorragia de la primera mitad del embarazo (< 22 sem) aborto,2021-11-01,2,0,2
20801,VIACHA,salud sexual y reproductiva,hemorragia de la primera mitad del embarazo (< 22 sem) aborto,2021-11-01,12,0,12
60303,VILLA MONTES,salud sexual y reproductiva,hemorragia de la primera mitad del embarazo (< 22 sem) aborto,2021-11-01,5,7,12
31003,VILLA TUNARI,salud sexual y reproductiva,hemorragia de la primera mitad del embarazo (< 22 sem) aborto,2021-11-01,16,0,16
51501,VILLAZON,salud sexual y reproductiva,hemorragia de la primera mitad del embarazo (< 22 sem) aborto,2021-11-01,11,0,11
30904,VINTO,salud sexual y reproductiva,hemorragia de la primera mitad del embarazo (< 22 sem) aborto,2021-11-01,7,0,7
50602,VITICHI,salud sexual y reproductiva,hemorragia de la primera mitad del embarazo (< 22 sem) aborto,2021-11-01,1,0,1
70201,WARNES,salud sexual y reproductiva,hemorragia de la primera mitad del embarazo (< 22 sem) aborto,2021-11-01,0,3,3
60301,YACUIBA,salud sexual y reproductiva,hemorragia de la primera mitad del embarazo (< 22 sem) aborto,2021-11-01,4,0,4
70403,YAPACANI,salud sexual y reproductiva,hemorragia de la primera mitad del embarazo (< 22 sem) aborto,2021-11-01,13,0,13
20201,ACHACACHI,salud sexual y reproductiva,hemorragia de la primera mitad del embarazo (< 22 sem) aborto,2021-12-01,3,0,3
30201,AIQUILE,salud sexual y reproductiva,hemorragia de la primera mitad del embarazo (< 22 sem) aborto,2021-12-01,4,0,4
30402,ANZALDO,salud sexual y reproductiva,hemorragia de la primera mitad del embarazo (< 22 sem) aborto,2021-12-01,0,1,1
71501,ASCENCION DE GUARAYOS,salud sexual y reproductiva,hemorragia de la primera mitad del embarazo (< 22 sem) aborto,2021-12-01,6,4,10
30301,AYOPAYA (V. DE INDEPENDENCIA),salud sexual y reproductiva,hemorragia de la primera mitad del embarazo (< 22 sem) aborto,2021-12-01,0,1,1
60202,BERMEJO,salud sexual y reproductiva,hemorragia de la primera mitad del embarazo (< 22 sem) aborto,2021-12-01,7,0,7
50301,BETANZOS,salud sexual y reproductiva,hemorragia de la primera mitad del embarazo (< 22 sem) aborto,2021-12-01,1,0,1
21003,CAJUATA,salud sexual y reproductiva,hemorragia de la primera mitad del embarazo (< 22 sem) aborto,2021-12-01,1,0,1
10701,CAMARGO,salud sexual y reproductiva,hemorragia de la primera mitad del embarazo (< 22 sem) aborto,2021-12-01,6,0,6
70706,CAMIRI,salud sexual y reproductiva,hemorragia de la primera mitad del embarazo (< 22 sem) aborto,2021-12-01,5,0,5
30701,CAPINOTA,salud sexual y reproductiva,hemorragia de la primera mitad del embarazo (< 22 sem) aborto,2021-12-01,7,0,7
40102,CARACOLLO,salud sexual y reproductiva,hemorragia de la primera mitad del embarazo (< 22 sem) aborto,2021-12-01,8,0,8
22001,CARANAVI,salud sexual y reproductiva,hemorragia de la primera mitad del embarazo (< 22 sem) aborto,2021-12-01,38,0,38
60302,CARAPARI,salud sexual y reproductiva,hemorragia de la primera mitad del embarazo (< 22 sem) aborto,2021-12-01,2,0,2
40201,CHALLAPATA,salud sexual y reproductiva,hemorragia de la primera mitad del embarazo (< 22 sem) aborto,2021-12-01,2,1,3
50202,CHAYANTA,salud sexual y reproductiva,hemorragia de la primera mitad del embarazo (< 22 sem) aborto,2021-12-01,0,1,1
31204,CHIMORE,salud sexual y reproductiva,hemorragia de la primera mitad del embarazo (< 22 sem) aborto,2021-12-01,1,1,2
21101,CHULUMANI (V. DE LA LIBERTAD),salud sexual y reproductiva,hemorragia de la primera mitad del embarazo (< 22 sem) aborto,2021-12-01,1,0,1
30801,CLIZA,salud sexual y reproductiva,hemorragia de la primera mitad del embarazo (< 22 sem) aborto,2021-12-01,8,0,8
90101,COBIJA,salud sexual y reproductiva,hemorragia de la primera mitad del embarazo (< 22 sem) aborto,2021-12-01,18,0,18
30303,COCAPATA,salud sexual y reproductiva,hemorragia de la primera mitad del embarazo (< 22 sem) aborto,2021-12-01,1,0,1
30101,COCHABAMBA,salud sexual y reproductiva,hemorragia de la primera mitad del embarazo (< 22 sem) aborto,2021-12-01,95,1,96
30905,COLCAPIRHUA,salud sexual y reproductiva,hemorragia de la primera mitad del embarazo (< 22 sem) aborto,2021-12-01,3,0,3
31002,COLOMI,salud sexual y reproductiva,hemorragia de la primera mitad del embarazo (< 22 sem) aborto,2021-12-01,1,0,1
71301,COMARAPA,salud sexual y reproductiva,hemorragia de la primera mitad del embarazo (< 22 sem) aborto,2021-12-01,0,2,2
71101,CONCEPCION,salud sexual y reproductiva,hemorragia de la primera mitad del embarazo (< 22 sem) aborto,2021-12-01,3,0,3
21401,COROICO,salud sexual y reproductiva,hemorragia de la primera mitad del embarazo (< 22 sem) aborto,2021-12-01,5,0,5
70102,COTOCA,salud sexual y reproductiva,hemorragia de la primera mitad del embarazo (< 22 sem) aborto,2021-12-01,11,0,11
20105,EL ALTO,salud sexual y reproductiva,hemorragia de la primera mitad del embarazo (< 22 sem) aborto,2021-12-01,115,4,119
70105,EL TORNO,salud sexual y reproductiva,hemorragia de la primera mitad del embarazo (< 22 sem) aborto,2021-12-01,10,0,10
31206,ENTRE RIOS CBBA,salud sexual y reproductiva,hemorragia de la primera mitad del embarazo (< 22 sem) aborto,2021-12-01,12,0,12
80402,EXALTACION,salud sexual y reproductiva,hemorragia de la primera mitad del embarazo (< 22 sem) aborto,2021-12-01,1,0,1
20602,GUANAY,salud sexual y reproductiva,hemorragia de la primera mitad del embarazo (< 22 sem) aborto,2021-12-01,1,0,1
80202,GUAYARAMERIN,salud sexual y reproductiva,hemorragia de la primera mitad del embarazo (< 22 sem) aborto,2021-12-01,14,0,14
40701,HUANUNI,salud sexual y reproductiva,hemorragia de la primera mitad del embarazo (< 22 sem) aborto,2021-12-01,11,0,11
10703,INCAHUASI,salud sexual y reproductiva,hemorragia de la primera mitad del embarazo (< 22 sem) aborto,2021-12-01,0,2,2
21105,LA ASUNTA,salud sexual y reproductiva,hemorragia de la primera mitad del embarazo (< 22 sem) aborto,2021-12-01,1,0,1
70104,LA GUARDIA,salud sexual y reproductiva,hemorragia de la primera mitad del embarazo (< 22 sem) aborto,2021-12-01,3,0,3
20101,LA PAZ,salud sexual y reproductiva,hemorragia de la primera mitad del embarazo (< 22 sem) aborto,2021-12-01,212,12,224
11003,MACHARETI,salud sexual y reproductiva,hemorragia de la primera mitad del embarazo (< 22 sem) aborto,2021-12-01,1,0,1
70903,MAIRANA,salud sexual y reproductiva,hemorragia de la primera mitad del embarazo (< 22 sem) aborto,2021-12-01,6,0,6
20607,MAPIRI,salud sexual y reproductiva,hemorragia de la primera mitad del embarazo (< 22 sem) aborto,2021-12-01,0,1,1
31301,MIZQUE,salud sexual y reproductiva,hemorragia de la primera mitad del embarazo (< 22 sem) aborto,2021-12-01,4,0,4
10501,MONTEAGUDO,salud sexual y reproductiva,hemorragia de la primera mitad del embarazo (< 22 sem) aborto,2021-12-01,4,0,4
71001,MONTERO,salud sexual y reproductiva,hemorragia de la primera mitad del embarazo (< 22 sem) aborto,2021-12-01,7,0,7
50404,OCURI,salud sexual y reproductiva,hemorragia de la primera mitad del embarazo (< 22 sem) aborto,2021-12-01,1,0,1
40101,ORURO,salud sexual y reproductiva,hemorragia de la primera mitad del embarazo (< 22 sem) aborto,2021-12-01,94,0,94
10401,PADILLA,salud sexual y reproductiva,hemorragia de la primera mitad del embarazo (< 22 sem) aborto,2021-12-01,8,0,8
70502,PAILON,salud sexual y reproductiva,hemorragia de la primera mitad del embarazo (< 22 sem) aborto,2021-12-01,5,0,5
21305,PATACAMAYA,salud sexual y reproductiva,hemorragia de la primera mitad del embarazo (< 22 sem) aborto,2021-12-01,9,0,9
31203,POCONA,salud sexual y reproductiva,hemorragia de la primera mitad del embarazo (< 22 sem) aborto,2021-12-01,2,1,3
31202,POJO (CBBA),salud sexual y reproductiva,hemorragia de la primera mitad del embarazo (< 22 sem) aborto,2021-12-01,0,1,1
70103,PORONGO,salud sexual y reproductiva,hemorragia de la primera mitad del embarazo (< 22 sem) aborto,2021-12-01,4,0,4
50101,POTOSI,salud sexual y reproductiva,hemorragia de la primera mitad del embarazo (< 22 sem) aborto,2021-12-01,35,0,35
21201,PUCARANI,salud sexual y reproductiva,hemorragia de la primera mitad del embarazo (< 22 sem) aborto,2021-12-01,2,0,2
31205,PUERTO VILLARROEL,salud sexual y reproductiva,hemorragia de la primera mitad del embarazo (< 22 sem) aborto,2021-12-01,55,0,55
31401,PUNATA,salud sexual y reproductiva,hemorragia de la primera mitad del embarazo (< 22 sem) aborto,2021-12-01,10,1,11
30901,QUILLACOLLO,salud sexual y reproductiva,hemorragia de la primera mitad del embarazo (< 22 sem) aborto,2021-12-01,40,1,41
21002,QUIME,salud sexual y reproductiva,hemorragia de la primera mitad del embarazo (< 22 sem) aborto,2021-12-01,1,0,1
80201,RIBERALTA,salud sexual y reproductiva,hemorragia de la primera mitad del embarazo (< 22 sem) aborto,2021-12-01,9,0,9
70503,ROBORE,salud sexual y reproductiva,hemorragia de la primera mitad del embarazo (< 22 sem) aborto,2021-12-01,3,0,3
31001,SACABA,salud sexual y reproductiva,hemorragia de la primera mitad del embarazo (< 22 sem) aborto,2021-12-01,21,23,44
71302,SAIPINA,salud sexual y reproductiva,hemorragia de la primera mitad del embarazo (< 22 sem) aborto,2021-12-01,0,1,1
80302,SAN BORJA,salud sexual y reproductiva,hemorragia de la primera mitad del embarazo (< 22 sem) aborto,2021-12-01,4,1,5
70402,SAN CARLOS,salud sexual y reproductiva,hemorragia de la primera mitad del embarazo (< 22 sem) aborto,2021-12-01,2,0,2
80501,SAN IGNACIO,salud sexual y reproductiva,hemorragia de la primera mitad del embarazo (< 22 sem) aborto,2021-12-01,2,0,2
70301,SAN IGNACIO DE VELASCO,salud sexual y reproductiva,hemorragia de la primera mitad del embarazo (< 22 sem) aborto,2021-12-01,16,0,16
71102,SAN JAVIER(STC),salud sexual y reproductiva,hemorragia de la primera mitad del embarazo (< 22 sem) aborto,2021-12-01,0,1,1
70501,SAN JOSE DE CHIQUITOS,salud sexual y reproductiva,hemorragia de la primera mitad del embarazo (< 22 sem) aborto,2021-12-01,1,0,1
71104,SAN JULIAN,salud sexual y reproductiva,hemorragia de la primera mitad del embarazo (< 22 sem) aborto,2021-12-01,7,0,7
60501,SAN LORENZO(TJA),salud sexual y reproductiva,hemorragia de la primera mitad del embarazo (< 22 sem) aborto,2021-12-01,1,0,1
10702,SAN LUCAS,salud sexual y reproductiva,hemorragia de la primera mitad del embarazo (< 22 sem) aborto,2021-12-01,1,2,3
70302,SAN MIGUEL DE VELASCO,salud sexual y reproductiva,hemorragia de la primera mitad del embarazo (< 22 sem) aborto,2021-12-01,2,0,2
80401,SANTA ANA,salud sexual y reproductiva,hemorragia de la primera mitad del embarazo (< 22 sem) aborto,2021-12-01,3,0,3
70101,SANTA CRUZ DE LA SIERRA,salud sexual y reproductiva,hemorragia de la primera mitad del embarazo (< 22 sem) aborto,2021-12-01,199,141,340
31602,SHINAOTA,salud sexual y reproductiva,hemorragia de la primera mitad del embarazo (< 22 sem) aborto,2021-12-01,6,0,6
10101,SUCRE,salud sexual y reproductiva,hemorragia de la primera mitad del embarazo (< 22 sem) aborto,2021-12-01,54,0,54
10601,TARABUCO,salud sexual y reproductiva,hemorragia de la primera mitad del embarazo (< 22 sem) aborto,2021-12-01,1,0,1
60101,TARIJA,salud sexual y reproductiva,hemorragia de la primera mitad del embarazo (< 22 sem) aborto,2021-12-01,50,0,50
30903,TIQUIPAYA,salud sexual y reproductiva,hemorragia de la primera mitad del embarazo (< 22 sem) aborto,2021-12-01,20,0,20
31201,TOTORA(CBBA),salud sexual y reproductiva,hemorragia de la primera mitad del embarazo (< 22 sem) aborto,2021-12-01,2,0,2
80101,TRINIDAD,salud sexual y reproductiva,hemorragia de la primera mitad del embarazo (< 22 sem) aborto,2021-12-01,36,5,41
50801,TUPIZA,salud sexual y reproductiva,hemorragia de la primera mitad del embarazo (< 22 sem) aborto,2021-12-01,26,0,26
51201,UYUNI,salud sexual y reproductiva,hemorragia de la primera mitad del embarazo (< 22 sem) aborto,2021-12-01,5,1,6
70801,VALLEGRANDE,salud sexual y reproductiva,hemorragia de la primera mitad del embarazo (< 22 sem) aborto,2021-12-01,2,0,2
20801,VIACHA,salud sexual y reproductiva,hemorragia de la primera mitad del embarazo (< 22 sem) aborto,2021-12-01,8,0,8
60303,VILLA MONTES,salud sexual y reproductiva,hemorragia de la primera mitad del embarazo (< 22 sem) aborto,2021-12-01,3,10,13
31003,VILLA TUNARI,salud sexual y reproductiva,hemorragia de la primera mitad del embarazo (< 22 sem) aborto,2021-12-01,15,1,16
51501,VILLAZON,salud sexual y reproductiva,hemorragia de la primera mitad del embarazo (< 22 sem) aborto,2021-12-01,1,0,1
30904,VINTO,salud sexual y reproductiva,hemorragia de la primera mitad del embarazo (< 22 sem) aborto,2021-12-01,13,0,13
50602,VITICHI,salud sexual y reproductiva,hemorragia de la primera mitad del embarazo (< 22 sem) aborto,2021-12-01,1,0,1
70201,WARNES,salud sexual y reproductiva,hemorragia de la primera mitad del embarazo (< 22 sem) aborto,2021-12-01,5,12,17
60301,YACUIBA,salud sexual y reproductiva,hemorragia de la primera mitad del embarazo (< 22 sem) aborto,2021-12-01,6,0,6
70403,YAPACANI,salud sexual y reproductiva,hemorragia de la primera mitad del embarazo (< 22 sem) aborto,2021-12-01,10,0,10
10102,YOTALA,salud sexual y reproductiva,hemorragia de la primera mitad del embarazo (< 22 sem) aborto,2021-12-01,1,0,1
10301,ZUDAÃ‘EZ,salud sexual y reproductiva,hemorragia de la primera mitad del embarazo (< 22 sem) aborto,2021-12-01,0,1,1
