codigo_municipio,municipio,grupo,variable,mes,hombres,mujeres,hombres total,mujeres total,total
51302,ACACIO,estado nutricional,clasificacion a y b,2004-01-01,8,4,8,4,12
20201,ACHACACHI,estado nutricional,clasificacion a y b,2004-01-01,70,33,70,33,103
20104,ACHOCALLA,estado nutricional,clasificacion a y b,2004-01-01,4,4,4,4,8
30201,AIQUILE,estado nutricional,clasificacion a y b,2004-01-01,34,14,34,14,48
31303,ALALAY,estado nutricional,clasificacion a y b,2004-01-01,0,2,0,2,2
10404,ALCALA,estado nutricional,clasificacion a y b,2004-01-01,7,3,7,3,10
20202,ANCORAIMES,estado nutricional,clasificacion a y b,2004-01-01,12,2,12,2,14
41201,ANDAMARCA,estado nutricional,clasificacion a y b,2004-01-01,1,0,1,0,1
40603,ANTEQUERA,estado nutricional,clasificacion a y b,2004-01-01,4,2,4,2,6
30402,ANZALDO,estado nutricional,clasificacion a y b,2004-01-01,2,0,2,0,2
20701,APOLO,estado nutricional,clasificacion a y b,2004-01-01,29,2,29,2,31
51301,ARAMPAMPA,estado nutricional,clasificacion a y b,2004-01-01,3,2,3,2,5
30501,ARANI,estado nutricional,clasificacion a y b,2004-01-01,16,1,16,1,17
30403,ARBIETO,estado nutricional,clasificacion a y b,2004-01-01,8,3,8,3,11
30601,ARQUE,estado nutricional,clasificacion a y b,2004-01-01,7,0,7,0,7
50802,ATOCHA,estado nutricional,clasificacion a y b,2004-01-01,20,20,20,20,40
20503,AUCAPATA,estado nutricional,clasificacion a y b,2004-01-01,4,0,4,0,4
20502,AYATA,estado nutricional,clasificacion a y b,2004-01-01,2,2,2,2,4
21303,AYO AYO,estado nutricional,clasificacion a y b,2004-01-01,13,8,13,8,21
30301,AYOPAYA (V. DE INDEPENDENCIA),estado nutricional,clasificacion a y b,2004-01-01,31,17,31,17,48
10201,AZURDUY,estado nutricional,clasificacion a y b,2004-01-01,24,2,24,2,26
21203,BATALLAS,estado nutricional,clasificacion a y b,2004-01-01,32,3,32,3,35
80802,BAURES,estado nutricional,clasificacion a y b,2004-01-01,11,3,11,3,14
90104,BELLA FLOR,estado nutricional,clasificacion a y b,2004-01-01,6,5,6,5,11
60202,BERMEJO,estado nutricional,clasificacion a y b,2004-01-01,45,6,45,6,51
50301,BETANZOS,estado nutricional,clasificacion a y b,2004-01-01,36,0,36,0,36
31501,BOLIVAR,estado nutricional,clasificacion a y b,2004-01-01,5,0,5,0,5
90103,BOLPEBRA,estado nutricional,clasificacion a y b,2004-01-01,1,0,1,0,1
70707,BOYUIBE,estado nutricional,clasificacion a y b,2004-01-01,5,2,5,2,7
70401,BUENA VISTA,estado nutricional,clasificacion a y b,2004-01-01,4,3,4,3,7
70703,CABEZAS,estado nutricional,clasificacion a y b,2004-01-01,64,30,64,30,94
20905,CAIROMA,estado nutricional,clasificacion a y b,2004-01-01,3,1,3,1,4
51102,"CAIZA ""D""",estado nutricional,clasificacion a y b,2004-01-01,10,0,10,0,10
21003,CAJUATA,estado nutricional,clasificacion a y b,2004-01-01,23,0,23,0,23
20303,CALACOTO,estado nutricional,clasificacion a y b,2004-01-01,1,0,1,0,1
21304,CALAMARCA,estado nutricional,clasificacion a y b,2004-01-01,9,0,9,0,9
10701,CAMARGO,estado nutricional,clasificacion a y b,2004-01-01,18,0,18,0,18
10901,CAMATAQUI (C. VILLA ABECIA),estado nutricional,clasificacion a y b,2004-01-01,7,0,7,0,7
70706,CAMIRI,estado nutricional,clasificacion a y b,2004-01-01,103,16,103,16,119
30701,CAPINOTA,estado nutricional,clasificacion a y b,2004-01-01,12,3,12,3,15
20302,CAQUIAVIRI,estado nutricional,clasificacion a y b,2004-01-01,11,2,11,2,13
40102,CARACOLLO,estado nutricional,clasificacion a y b,2004-01-01,11,0,11,0,11
22001,CARANAVI,estado nutricional,clasificacion a y b,2004-01-01,108,15,108,15,123
60302,CARAPARI,estado nutricional,clasificacion a y b,2004-01-01,28,9,28,9,37
50702,CARIPUYO,estado nutricional,clasificacion a y b,2004-01-01,21,5,21,5,26
21902,CATACORA,estado nutricional,clasificacion a y b,2004-01-01,2,1,2,1,3
40201,CHALLAPATA,estado nutricional,clasificacion a y b,2004-01-01,9,10,9,10,19
50302,CHAQUI,estado nutricional,clasificacion a y b,2004-01-01,18,5,18,5,23
70702,CHARAGUA,estado nutricional,clasificacion a y b,2004-01-01,58,36,58,36,94
50202,CHAYANTA,estado nutricional,clasificacion a y b,2004-01-01,30,5,30,5,35
31204,CHIMORE,estado nutricional,clasificacion a y b,2004-01-01,27,9,27,9,36
40903,CHIPAYA,estado nutricional,clasificacion a y b,2004-01-01,1,0,1,0,1
21101,CHULUMANI (V. DE LA LIBERTAD),estado nutricional,clasificacion a y b,2004-01-01,5,1,5,1,6
20501,CHUMA,estado nutricional,clasificacion a y b,2004-01-01,5,3,5,3,8
30801,CLIZA,estado nutricional,clasificacion a y b,2004-01-01,11,7,11,7,18
90101,COBIJA,estado nutricional,clasificacion a y b,2004-01-01,105,18,105,18,123
30101,COCHABAMBA,estado nutricional,clasificacion a y b,2004-01-01,480,89,480,89,569
30905,COLCAPIRHUA,estado nutricional,clasificacion a y b,2004-01-01,44,10,44,10,54
50901,"COLCHA ""K""",estado nutricional,clasificacion a y b,2004-01-01,9,1,9,1,10
31002,COLOMI,estado nutricional,clasificacion a y b,2004-01-01,13,1,13,1,14
50401,COLQUECHACA,estado nutricional,clasificacion a y b,2004-01-01,17,37,17,37,54
21306,COLQUENCHA,estado nutricional,clasificacion a y b,2004-01-01,19,5,19,5,24
21004,COLQUIRI,estado nutricional,clasificacion a y b,2004-01-01,22,1,22,1,23
20304,COMANCHE,estado nutricional,clasificacion a y b,2004-01-01,0,1,0,1,1
71301,COMARAPA,estado nutricional,clasificacion a y b,2004-01-01,98,23,98,23,121
20605,COMBAYA,estado nutricional,clasificacion a y b,2004-01-01,1,0,1,0,1
71101,CONCEPCION,estado nutricional,clasificacion a y b,2004-01-01,47,3,47,3,50
21701,COPACABANA,estado nutricional,clasificacion a y b,2004-01-01,19,0,19,0,19
21402,CORIPATA,estado nutricional,clasificacion a y b,2004-01-01,51,0,51,0,51
20301,CORO CORO,estado nutricional,clasificacion a y b,2004-01-01,9,2,9,2,11
21401,COROICO,estado nutricional,clasificacion a y b,2004-01-01,13,2,13,2,15
40301,CORQUE,estado nutricional,clasificacion a y b,2004-01-01,14,4,14,4,18
50601,COTAGAITA,estado nutricional,clasificacion a y b,2004-01-01,21,5,21,5,26
70102,COTOCA,estado nutricional,clasificacion a y b,2004-01-01,54,7,54,7,61
31405,CUCHUMUELA (V. G. VILLARROEL),estado nutricional,clasificacion a y b,2004-01-01,1,1,1,1,2
70704,CUEVO,estado nutricional,clasificacion a y b,2004-01-01,6,0,6,0,6
10902,CULPINA,estado nutricional,clasificacion a y b,2004-01-01,46,9,46,9,55
40401,CURAHUARA DE CARANGAS,estado nutricional,clasificacion a y b,2004-01-01,3,2,3,2,5
21602,CURVA,estado nutricional,clasificacion a y b,2004-01-01,2,0,2,0,2
20804,DESAGUADERO,estado nutricional,clasificacion a y b,2004-01-01,1,1,1,1,2
20105,EL ALTO,estado nutricional,clasificacion a y b,2004-01-01,715,106,715,106,821
40103,EL CHORO,estado nutricional,clasificacion a y b,2004-01-01,3,5,3,5,8
71503,EL PUENTE(STC),estado nutricional,clasificacion a y b,2004-01-01,21,4,21,4,25
60502,EL PUENTE(TJA),estado nutricional,clasificacion a y b,2004-01-01,13,4,13,4,17
70105,EL TORNO,estado nutricional,clasificacion a y b,2004-01-01,109,18,109,18,127
10405,EL VILLAR,estado nutricional,clasificacion a y b,2004-01-01,15,3,15,3,18
60601,ENTRE RIOS,estado nutricional,clasificacion a y b,2004-01-01,49,15,49,15,64
41101,EUCALIPTUS,estado nutricional,clasificacion a y b,2004-01-01,6,1,6,1,7
90503,EUREKA (SANTOS MERCADO),estado nutricional,clasificacion a y b,2004-01-01,2,0,2,0,2
80402,EXALTACION,estado nutricional,clasificacion a y b,2004-01-01,2,7,2,7,9
71002,GENERAL SAAVEDRA,estado nutricional,clasificacion a y b,2004-01-01,78,55,78,55,133
21601,GRAL. J.J. PEREZ (CHARAZANI),estado nutricional,clasificacion a y b,2004-01-01,15,4,15,4,19
20602,GUANAY,estado nutricional,clasificacion a y b,2004-01-01,101,27,101,27,128
20802,GUAQUI,estado nutricional,clasificacion a y b,2004-01-01,11,0,11,0,11
80202,GUAYARAMERIN,estado nutricional,clasificacion a y b,2004-01-01,132,18,132,18,150
70705,GUTIERREZ,estado nutricional,clasificacion a y b,2004-01-01,52,22,52,22,74
10502,HUACARETA,estado nutricional,clasificacion a y b,2004-01-01,31,20,31,20,51
11002,HUACAYA (VILLA DE HUACAYA),estado nutricional,clasificacion a y b,2004-01-01,15,3,15,3,18
40501,HUACHACALLA,estado nutricional,clasificacion a y b,2004-01-01,2,0,2,0,2
40701,HUANUNI,estado nutricional,clasificacion a y b,2004-01-01,61,5,61,5,66
80803,HUARACAJE,estado nutricional,clasificacion a y b,2004-01-01,9,1,9,1,10
41601,HUAYLLAMARCA,estado nutricional,clasificacion a y b,2004-01-01,0,1,0,1,1
21005,ICHOCA,estado nutricional,clasificacion a y b,2004-01-01,5,4,5,4,9
10304,ICLA,estado nutricional,clasificacion a y b,2004-01-01,15,4,15,4,19
10703,INCAHUASI,estado nutricional,clasificacion a y b,2004-01-01,28,2,28,2,30
21001,INQUISIVI,estado nutricional,clasificacion a y b,2004-01-01,17,11,17,11,28
21102,IRUPANA (VILLA DE LANZA),estado nutricional,clasificacion a y b,2004-01-01,48,59,48,59,107
21501,IXIAMAS,estado nutricional,clasificacion a y b,2004-01-01,14,6,14,6,20
21105,LA ASUNTA,estado nutricional,clasificacion a y b,2004-01-01,31,13,31,13,44
70104,LA GUARDIA,estado nutricional,clasificacion a y b,2004-01-01,91,19,91,19,110
20101,LA PAZ,estado nutricional,clasificacion a y b,2004-01-01,838,206,838,206,1044
41501,LA RIVERA,estado nutricional,clasificacion a y b,2004-01-01,1,0,1,0,1
70701,LAGUNILLAS,estado nutricional,clasificacion a y b,2004-01-01,19,13,19,13,32
21202,LAJA,estado nutricional,clasificacion a y b,2004-01-01,32,3,32,3,35
10903,LAS CARRERAS,estado nutricional,clasificacion a y b,2004-01-01,15,6,15,6,21
21006,LICOMA PAMPA,estado nutricional,clasificacion a y b,2004-01-01,2,1,2,1,3
50203,LLALLAGUA,estado nutricional,clasificacion a y b,2004-01-01,71,49,71,49,120
51401,LLICA,estado nutricional,clasificacion a y b,2004-01-01,4,0,4,0,4
80601,LORETO,estado nutricional,clasificacion a y b,2004-01-01,9,11,9,11,20
20901,LURIBAY,estado nutricional,clasificacion a y b,2004-01-01,9,0,9,0,9
40702,MACHACAMARCA,estado nutricional,clasificacion a y b,2004-01-01,1,2,1,2,3
11003,MACHARETI,estado nutricional,clasificacion a y b,2004-01-01,25,18,25,18,43
80801,MAGDALENA,estado nutricional,clasificacion a y b,2004-01-01,32,12,32,12,44
70903,MAIRANA,estado nutricional,clasificacion a y b,2004-01-01,40,7,40,7,47
20103,MECAPACA,estado nutricional,clasificacion a y b,2004-01-01,10,6,10,6,16
71003,MINEROS,estado nutricional,clasificacion a y b,2004-01-01,172,39,172,39,211
31301,MIZQUE,estado nutricional,clasificacion a y b,2004-01-01,34,6,34,6,40
20402,MOCOMOCO,estado nutricional,clasificacion a y b,2004-01-01,14,8,14,8,22
51002,MOJINETE,estado nutricional,clasificacion a y b,2004-01-01,0,2,0,2,2
10303,MOJOCOYA,estado nutricional,clasificacion a y b,2004-01-01,14,6,14,6,20
10501,MONTEAGUDO,estado nutricional,clasificacion a y b,2004-01-01,93,26,93,26,119
71001,MONTERO,estado nutricional,clasificacion a y b,2004-01-01,294,80,294,80,374
70803,MORO MORO,estado nutricional,clasificacion a y b,2004-01-01,1,1,1,1,2
30302,MOROCHATA,estado nutricional,clasificacion a y b,2004-01-01,10,3,10,3,13
90501,NUEVO MANOA (NUEVA ESPERANZA),estado nutricional,clasificacion a y b,2004-01-01,2,0,2,0,2
50404,OCURI,estado nutricional,clasificacion a y b,2004-01-01,7,3,7,3,10
70202,OKINAWA,estado nutricional,clasificacion a y b,2004-01-01,28,7,28,7,35
30203,OMEREQUE,estado nutricional,clasificacion a y b,2004-01-01,18,2,18,2,20
40101,ORURO,estado nutricional,clasificacion a y b,2004-01-01,343,66,343,66,409
60201,PADCAYA,estado nutricional,clasificacion a y b,2004-01-01,56,18,56,18,74
10401,PADILLA,estado nutricional,clasificacion a y b,2004-01-01,45,8,45,8,53
70502,PAILON,estado nutricional,clasificacion a y b,2004-01-01,39,5,39,5,44
20102,PALCA,estado nutricional,clasificacion a y b,2004-01-01,15,1,15,1,16
21104,PALOS BLANCOS,estado nutricional,clasificacion a y b,2004-01-01,52,6,52,6,58
40802,PAMPA AULLAGAS,estado nutricional,clasificacion a y b,2004-01-01,9,0,9,0,9
70902,PAMPA GRANDE,estado nutricional,clasificacion a y b,2004-01-01,24,2,24,2,26
21802,PAPEL PAMPA,estado nutricional,clasificacion a y b,2004-01-01,3,0,3,0,3
30202,PASORAPA,estado nutricional,clasificacion a y b,2004-01-01,4,1,4,1,5
21305,PATACAMAYA,estado nutricional,clasificacion a y b,2004-01-01,26,2,26,2,28
40602,PAZÑA,estado nutricional,clasificacion a y b,2004-01-01,16,8,16,8,24
20702,PELECHUCO,estado nutricional,clasificacion a y b,2004-01-01,3,1,3,1,4
50403,POCOATA,estado nutricional,clasificacion a y b,2004-01-01,19,2,19,2,21
31203,POCONA,estado nutricional,clasificacion a y b,2004-01-01,4,16,4,16,20
31202,POJO (CBBA),estado nutricional,clasificacion a y b,2004-01-01,109,38,109,38,147
40601,POOPO,estado nutricional,clasificacion a y b,2004-01-01,2,4,2,4,6
51203,PORCO,estado nutricional,clasificacion a y b,2004-01-01,12,1,12,1,13
10103,POROMA,estado nutricional,clasificacion a y b,2004-01-01,24,8,24,8,32
70103,PORONGO,estado nutricional,clasificacion a y b,2004-01-01,11,2,11,2,13
70601,PORTACHUELO,estado nutricional,clasificacion a y b,2004-01-01,105,25,105,25,130
70804,POSTRER VALLE,estado nutricional,clasificacion a y b,2004-01-01,4,1,4,1,5
50101,POTOSI,estado nutricional,clasificacion a y b,2004-01-01,125,18,125,18,143
10302,PRESTO,estado nutricional,clasificacion a y b,2004-01-01,18,3,18,3,21
70805,PUCARA,estado nutricional,clasificacion a y b,2004-01-01,1,0,1,0,1
21201,PUCARANI,estado nutricional,clasificacion a y b,2004-01-01,70,2,70,2,72
20401,PUERTO ACOSTA,estado nutricional,clasificacion a y b,2004-01-01,19,6,19,6,25
20403,PUERTO CARABUCO,estado nutricional,clasificacion a y b,2004-01-01,30,8,30,8,38
90301,PUERTO GONZALO MORENO,estado nutricional,clasificacion a y b,2004-01-01,4,1,4,1,5
21204,PUERTO PEREZ,estado nutricional,clasificacion a y b,2004-01-01,8,0,8,0,8
71402,PUERTO QUIJARRO,estado nutricional,clasificacion a y b,2004-01-01,26,5,26,5,31
90201,PUERTO RICO,estado nutricional,clasificacion a y b,2004-01-01,4,0,4,0,4
80703,PUERTO SILES,estado nutricional,clasificacion a y b,2004-01-01,5,2,5,2,7
71401,PUERTO SUAREZ,estado nutricional,clasificacion a y b,2004-01-01,85,9,85,9,94
31205,PUERTO VILLARROEL,estado nutricional,clasificacion a y b,2004-01-01,151,49,151,49,200
51101,PUNA,estado nutricional,clasificacion a y b,2004-01-01,33,4,33,4,37
31401,PUNATA,estado nutricional,clasificacion a y b,2004-01-01,25,10,25,10,35
20604,QUIABAYA,estado nutricional,clasificacion a y b,2004-01-01,4,0,4,0,4
30901,QUILLACOLLO,estado nutricional,clasificacion a y b,2004-01-01,85,13,85,13,98
21002,QUIME,estado nutricional,clasificacion a y b,2004-01-01,22,5,22,5,27
70904,QUIRUSILLAS,estado nutricional,clasificacion a y b,2004-01-01,7,1,7,1,8
50402,RAVELO,estado nutricional,clasificacion a y b,2004-01-01,15,1,15,1,16
80301,REYES,estado nutricional,clasificacion a y b,2004-01-01,66,8,66,8,74
80201,RIBERALTA,estado nutricional,clasificacion a y b,2004-01-01,103,23,103,23,126
70503,ROBORE,estado nutricional,clasificacion a y b,2004-01-01,52,14,52,14,66
80304,RURRENABAQUE,estado nutricional,clasificacion a y b,2004-01-01,4,0,4,0,4
31001,SACABA,estado nutricional,clasificacion a y b,2004-01-01,58,8,58,8,66
30404,SACABAMBA,estado nutricional,clasificacion a y b,2004-01-01,2,0,2,0,2
50701,SACACA,estado nutricional,clasificacion a y b,2004-01-01,5,0,5,0,5
71302,SAIPINA,estado nutricional,clasificacion a y b,2004-01-01,57,26,57,26,83
40801,SALINAS DE GARCI MENDOZA,estado nutricional,clasificacion a y b,2004-01-01,3,2,3,2,5
70901,SAMAIPATA,estado nutricional,clasificacion a y b,2004-01-01,38,7,38,7,45
51601,SAN AGUSTIN,estado nutricional,clasificacion a y b,2004-01-01,4,1,4,1,5
80602,SAN ANDRES,estado nutricional,clasificacion a y b,2004-01-01,20,7,20,7,27
71105,SAN ANTONIO DE LOMERIO,estado nutricional,clasificacion a y b,2004-01-01,15,9,15,9,24
31403,SAN BENITO,estado nutricional,clasificacion a y b,2004-01-01,4,3,4,3,7
80302,SAN BORJA,estado nutricional,clasificacion a y b,2004-01-01,126,17,126,17,143
21502,SAN BUENA VENTURA,estado nutricional,clasificacion a y b,2004-01-01,23,1,23,1,24
70402,SAN CARLOS,estado nutricional,clasificacion a y b,2004-01-01,91,68,91,68,159
80501,SAN IGNACIO,estado nutricional,clasificacion a y b,2004-01-01,50,7,50,7,57
70301,SAN IGNACIO DE VELASCO,estado nutricional,clasificacion a y b,2004-01-01,171,25,171,25,196
80102,SAN JAVIER(BNI),estado nutricional,clasificacion a y b,2004-01-01,8,0,8,0,8
71102,SAN JAVIER(STC),estado nutricional,clasificacion a y b,2004-01-01,23,3,23,3,26
80701,SAN JOAQUIN,estado nutricional,clasificacion a y b,2004-01-01,12,7,12,7,19
70501,SAN JOSE DE CHIQUITOS,estado nutricional,clasificacion a y b,2004-01-01,24,5,24,5,29
71104,SAN JULIAN,estado nutricional,clasificacion a y b,2004-01-01,136,80,136,80,216
90302,SAN LORENZO(PND),estado nutricional,clasificacion a y b,2004-01-01,3,0,3,0,3
60501,SAN LORENZO(TJA),estado nutricional,clasificacion a y b,2004-01-01,22,28,22,28,50
10702,SAN LUCAS,estado nutricional,clasificacion a y b,2004-01-01,28,8,28,8,36
71201,SAN MATIAS,estado nutricional,clasificacion a y b,2004-01-01,1,5,1,5,6
70302,SAN MIGUEL DE VELASCO,estado nutricional,clasificacion a y b,2004-01-01,14,0,14,0,14
51001,SAN PABLO DE LIPEZ,estado nutricional,clasificacion a y b,2004-01-01,1,0,1,0,1
50501,SAN PEDRO DE BUENA VISTA,estado nutricional,clasificacion a y b,2004-01-01,10,4,10,4,14
21801,SAN PEDRO DE CURAHUARA,estado nutricional,clasificacion a y b,2004-01-01,7,3,7,3,10
21702,SAN PEDRO DE TIQUINA,estado nutricional,clasificacion a y b,2004-01-01,1,0,1,0,1
70303,SAN RAFAEL,estado nutricional,clasificacion a y b,2004-01-01,27,6,27,6,33
80702,SAN RAMON,estado nutricional,clasificacion a y b,2004-01-01,2,4,2,4,6
80401,SANTA ANA,estado nutricional,clasificacion a y b,2004-01-01,69,21,69,21,90
70101,SANTA CRUZ DE LA SIERRA,estado nutricional,clasificacion a y b,2004-01-01,2851,683,2851,683,3534
80303,SANTA ROSA,estado nutricional,clasificacion a y b,2004-01-01,16,2,16,2,18
70602,SANTA ROSA DEL SARA,estado nutricional,clasificacion a y b,2004-01-01,22,26,22,26,48
20308,SANTIAGO DE CALLAPA,estado nutricional,clasificacion a y b,2004-01-01,3,0,3,0,3
41401,SANTIAGO DE HUARI,estado nutricional,clasificacion a y b,2004-01-01,6,1,6,1,7
21901,SANTIAGO DE MACHACA,estado nutricional,clasificacion a y b,2004-01-01,2,0,2,0,2
30702,SANTIVAÑES,estado nutricional,clasificacion a y b,2004-01-01,3,1,3,1,4
40202,SANTUARIO DE QUILLACAS,estado nutricional,clasificacion a y b,2004-01-01,4,0,4,0,4
20902,SAPAHAQUI,estado nutricional,clasificacion a y b,2004-01-01,5,0,5,0,5
90303,SENA,estado nutricional,clasificacion a y b,2004-01-01,10,0,10,0,10
21301,SICA SICA (VILLA AROMA),estado nutricional,clasificacion a y b,2004-01-01,11,2,11,2,13
30902,SIPE SIPE,estado nutricional,clasificacion a y b,2004-01-01,48,9,48,9,57
10403,SOPACHUY,estado nutricional,clasificacion a y b,2004-01-01,17,4,17,4,21
20601,SORATA,estado nutricional,clasificacion a y b,2004-01-01,22,34,22,34,56
10101,SUCRE,estado nutricional,clasificacion a y b,2004-01-01,455,55,455,55,510
20603,TACACOMA,estado nutricional,clasificacion a y b,2004-01-01,6,2,6,2,8
50303,TACOBAMBA,estado nutricional,clasificacion a y b,2004-01-01,16,1,16,1,17
30602,TACOPAYA,estado nutricional,clasificacion a y b,2004-01-01,3,0,3,0,3
51402,TAHUA,estado nutricional,clasificacion a y b,2004-01-01,6,1,6,1,7
31101,TAPACARI,estado nutricional,clasificacion a y b,2004-01-01,16,4,16,4,20
10601,TARABUCO,estado nutricional,clasificacion a y b,2004-01-01,44,4,44,4,48
30401,TARATA,estado nutricional,clasificacion a y b,2004-01-01,11,3,11,3,14
60101,TARIJA,estado nutricional,clasificacion a y b,2004-01-01,508,109,508,109,617
10202,TARVITA,estado nutricional,clasificacion a y b,2004-01-01,41,3,41,3,44
20803,TIAWANACU,estado nutricional,clasificacion a y b,2004-01-01,20,3,20,3,23
50102,TINGUIPAYA,estado nutricional,clasificacion a y b,2004-01-01,6,0,6,0,6
20606,TIPUANI,estado nutricional,clasificacion a y b,2004-01-01,45,6,45,6,51
30903,TIQUIPAYA,estado nutricional,clasificacion a y b,2004-01-01,20,2,20,2,22
31601,TIRAQUE (CBBA),estado nutricional,clasificacion a y b,2004-01-01,164,34,164,34,198
21703,TITO YUPANQUI (PARQUIPUJIO),estado nutricional,clasificacion a y b,2004-01-01,1,0,1,0,1
30802,TOCO,estado nutricional,clasificacion a y b,2004-01-01,6,0,6,0,6
41502,TODOS SANTOS,estado nutricional,clasificacion a y b,2004-01-01,2,0,2,0,2
30803,TOLATA,estado nutricional,clasificacion a y b,2004-01-01,9,9,9,9,18
41001,TOLEDO,estado nutricional,clasificacion a y b,2004-01-01,3,2,3,2,5
51202,TOMAVE,estado nutricional,clasificacion a y b,2004-01-01,9,12,9,12,21
10402,TOMINA,estado nutricional,clasificacion a y b,2004-01-01,25,3,25,3,28
50502,TORO TORO,estado nutricional,clasificacion a y b,2004-01-01,17,5,17,5,22
31201,TOTORA(CBBA),estado nutricional,clasificacion a y b,2004-01-01,16,0,16,0,16
41301,TOTORA(ORR),estado nutricional,clasificacion a y b,2004-01-01,2,1,2,1,3
70802,TRIGAL,estado nutricional,clasificacion a y b,2004-01-01,4,0,4,0,4
80101,TRINIDAD,estado nutricional,clasificacion a y b,2004-01-01,273,125,273,125,398
50801,TUPIZA,estado nutricional,clasificacion a y b,2004-01-01,67,28,67,28,95
21302,UMALA,estado nutricional,clasificacion a y b,2004-01-01,1,0,1,0,1
50201,UNCIA,estado nutricional,clasificacion a y b,2004-01-01,15,5,15,5,20
60401,URIONDO (A. CONCEPCION),estado nutricional,clasificacion a y b,2004-01-01,50,14,50,14,64
71502,URUBICHA,estado nutricional,clasificacion a y b,2004-01-01,5,3,5,3,8
51201,UYUNI,estado nutricional,clasificacion a y b,2004-01-01,32,8,32,8,40
30502,VACAS,estado nutricional,clasificacion a y b,2004-01-01,1,2,1,2,3
70801,VALLEGRANDE,estado nutricional,clasificacion a y b,2004-01-01,48,13,48,13,61
20801,VIACHA,estado nutricional,clasificacion a y b,2004-01-01,79,18,79,18,97
60303,VILLA MONTES,estado nutricional,clasificacion a y b,2004-01-01,83,20,83,20,103
90502,VILLA NUEVA (LOMA ALTA),estado nutricional,clasificacion a y b,2004-01-01,1,0,1,0,1
31402,VILLA RIVERO,estado nutricional,clasificacion a y b,2004-01-01,12,3,12,3,15
10801,VILLA SERRANO,estado nutricional,clasificacion a y b,2004-01-01,31,2,31,2,33
31003,VILLA TUNARI,estado nutricional,clasificacion a y b,2004-01-01,87,31,87,31,118
11001,VILLA VACA GUZMAN (MUYUPAMPA),estado nutricional,clasificacion a y b,2004-01-01,39,11,39,11,50
51501,VILLAZON,estado nutricional,clasificacion a y b,2004-01-01,100,9,100,9,109
30904,VINTO,estado nutricional,clasificacion a y b,2004-01-01,49,10,49,10,59
50602,VITICHI,estado nutricional,clasificacion a y b,2004-01-01,16,3,16,3,19
20306,WALDO BALLIVIAN,estado nutricional,clasificacion a y b,2004-01-01,1,0,1,0,1
70201,WARNES,estado nutricional,clasificacion a y b,2004-01-01,94,13,94,13,107
20903,YACO,estado nutricional,clasificacion a y b,2004-01-01,3,6,3,6,9
60301,YACUIBA,estado nutricional,clasificacion a y b,2004-01-01,153,21,153,21,174
10602,YAMPARAEZ,estado nutricional,clasificacion a y b,2004-01-01,41,8,41,8,49
21103,YANACACHI,estado nutricional,clasificacion a y b,2004-01-01,5,1,5,1,6
70403,YAPACANI,estado nutricional,clasificacion a y b,2004-01-01,194,20,194,20,214
50103,YOCALLA,estado nutricional,clasificacion a y b,2004-01-01,6,1,6,1,7
10102,YOTALA,estado nutricional,clasificacion a y b,2004-01-01,34,11,34,11,45
60402,YUNCHARA,estado nutricional,clasificacion a y b,2004-01-01,5,0,5,0,5
10301,ZUDAÑEZ,estado nutricional,clasificacion a y b,2004-01-01,26,10,26,10,36
51302,ACACIO,estado nutricional,clasificacion a y b,2004-02-01,3,0,3,0,3
20201,ACHACACHI,estado nutricional,clasificacion a y b,2004-02-01,81,37,81,37,118
20104,ACHOCALLA,estado nutricional,clasificacion a y b,2004-02-01,10,9,10,9,19
30201,AIQUILE,estado nutricional,clasificacion a y b,2004-02-01,22,12,22,12,34
31303,ALALAY,estado nutricional,clasificacion a y b,2004-02-01,0,1,0,1,1
10404,ALCALA,estado nutricional,clasificacion a y b,2004-02-01,9,2,9,2,11
20202,ANCORAIMES,estado nutricional,clasificacion a y b,2004-02-01,5,0,5,0,5
40603,ANTEQUERA,estado nutricional,clasificacion a y b,2004-02-01,5,1,5,1,6
30402,ANZALDO,estado nutricional,clasificacion a y b,2004-02-01,2,0,2,0,2
20701,APOLO,estado nutricional,clasificacion a y b,2004-02-01,40,2,40,2,42
51301,ARAMPAMPA,estado nutricional,clasificacion a y b,2004-02-01,3,3,3,3,6
30501,ARANI,estado nutricional,clasificacion a y b,2004-02-01,6,2,6,2,8
30403,ARBIETO,estado nutricional,clasificacion a y b,2004-02-01,3,0,3,0,3
30601,ARQUE,estado nutricional,clasificacion a y b,2004-02-01,4,1,4,1,5
71501,ASCENCION DE GUARAYOS,estado nutricional,clasificacion a y b,2004-02-01,94,32,94,32,126
50802,ATOCHA,estado nutricional,clasificacion a y b,2004-02-01,9,13,9,13,22
20503,AUCAPATA,estado nutricional,clasificacion a y b,2004-02-01,7,0,7,0,7
20502,AYATA,estado nutricional,clasificacion a y b,2004-02-01,6,0,6,0,6
21303,AYO AYO,estado nutricional,clasificacion a y b,2004-02-01,22,7,22,7,29
30301,AYOPAYA (V. DE INDEPENDENCIA),estado nutricional,clasificacion a y b,2004-02-01,26,17,26,17,43
10201,AZURDUY,estado nutricional,clasificacion a y b,2004-02-01,25,27,25,27,52
21203,BATALLAS,estado nutricional,clasificacion a y b,2004-02-01,19,0,19,0,19
80802,BAURES,estado nutricional,clasificacion a y b,2004-02-01,17,4,17,4,21
50104,BELEN DE URMIRI,estado nutricional,clasificacion a y b,2004-02-01,5,0,5,0,5
90104,BELLA FLOR,estado nutricional,clasificacion a y b,2004-02-01,5,8,5,8,13
60202,BERMEJO,estado nutricional,clasificacion a y b,2004-02-01,23,3,23,3,26
50301,BETANZOS,estado nutricional,clasificacion a y b,2004-02-01,30,4,30,4,34
31501,BOLIVAR,estado nutricional,clasificacion a y b,2004-02-01,6,0,6,0,6
90103,BOLPEBRA,estado nutricional,clasificacion a y b,2004-02-01,2,0,2,0,2
70707,BOYUIBE,estado nutricional,clasificacion a y b,2004-02-01,9,4,9,4,13
70401,BUENA VISTA,estado nutricional,clasificacion a y b,2004-02-01,1,0,1,0,1
70703,CABEZAS,estado nutricional,clasificacion a y b,2004-02-01,40,12,40,12,52
20905,CAIROMA,estado nutricional,clasificacion a y b,2004-02-01,12,3,12,3,15
51102,"CAIZA ""D""",estado nutricional,clasificacion a y b,2004-02-01,19,2,19,2,21
21003,CAJUATA,estado nutricional,clasificacion a y b,2004-02-01,24,3,24,3,27
20303,CALACOTO,estado nutricional,clasificacion a y b,2004-02-01,4,2,4,2,6
21304,CALAMARCA,estado nutricional,clasificacion a y b,2004-02-01,17,2,17,2,19
10701,CAMARGO,estado nutricional,clasificacion a y b,2004-02-01,26,5,26,5,31
10901,CAMATAQUI (C. VILLA ABECIA),estado nutricional,clasificacion a y b,2004-02-01,7,0,7,0,7
70706,CAMIRI,estado nutricional,clasificacion a y b,2004-02-01,90,22,90,22,112
30701,CAPINOTA,estado nutricional,clasificacion a y b,2004-02-01,5,2,5,2,7
20302,CAQUIAVIRI,estado nutricional,clasificacion a y b,2004-02-01,20,5,20,5,25
40102,CARACOLLO,estado nutricional,clasificacion a y b,2004-02-01,22,3,22,3,25
22001,CARANAVI,estado nutricional,clasificacion a y b,2004-02-01,124,37,124,37,161
60302,CARAPARI,estado nutricional,clasificacion a y b,2004-02-01,24,6,24,6,30
50702,CARIPUYO,estado nutricional,clasificacion a y b,2004-02-01,9,5,9,5,14
21803,CHACARILLA,estado nutricional,clasificacion a y b,2004-02-01,6,2,6,2,8
40201,CHALLAPATA,estado nutricional,clasificacion a y b,2004-02-01,8,5,8,5,13
50302,CHAQUI,estado nutricional,clasificacion a y b,2004-02-01,8,4,8,4,12
70702,CHARAGUA,estado nutricional,clasificacion a y b,2004-02-01,100,27,100,27,127
50202,CHAYANTA,estado nutricional,clasificacion a y b,2004-02-01,23,8,23,8,31
31204,CHIMORE,estado nutricional,clasificacion a y b,2004-02-01,24,11,24,11,35
40903,CHIPAYA,estado nutricional,clasificacion a y b,2004-02-01,2,0,2,0,2
40302,CHOQUE COTA,estado nutricional,clasificacion a y b,2004-02-01,2,0,2,0,2
21101,CHULUMANI (V. DE LA LIBERTAD),estado nutricional,clasificacion a y b,2004-02-01,5,1,5,1,6
20501,CHUMA,estado nutricional,clasificacion a y b,2004-02-01,12,0,12,0,12
30801,CLIZA,estado nutricional,clasificacion a y b,2004-02-01,6,3,6,3,9
90101,COBIJA,estado nutricional,clasificacion a y b,2004-02-01,72,19,72,19,91
30101,COCHABAMBA,estado nutricional,clasificacion a y b,2004-02-01,1504,512,1504,512,2016
40902,COIPASA,estado nutricional,clasificacion a y b,2004-02-01,1,0,1,0,1
30905,COLCAPIRHUA,estado nutricional,clasificacion a y b,2004-02-01,34,2,34,2,36
50901,"COLCHA ""K""",estado nutricional,clasificacion a y b,2004-02-01,8,6,8,6,14
31002,COLOMI,estado nutricional,clasificacion a y b,2004-02-01,29,11,29,11,40
50401,COLQUECHACA,estado nutricional,clasificacion a y b,2004-02-01,13,49,13,49,62
21306,COLQUENCHA,estado nutricional,clasificacion a y b,2004-02-01,17,7,17,7,24
21004,COLQUIRI,estado nutricional,clasificacion a y b,2004-02-01,27,3,27,3,30
71301,COMARAPA,estado nutricional,clasificacion a y b,2004-02-01,79,23,79,23,102
71101,CONCEPCION,estado nutricional,clasificacion a y b,2004-02-01,27,1,27,1,28
21701,COPACABANA,estado nutricional,clasificacion a y b,2004-02-01,17,5,17,5,22
21402,CORIPATA,estado nutricional,clasificacion a y b,2004-02-01,16,0,16,0,16
20301,CORO CORO,estado nutricional,clasificacion a y b,2004-02-01,5,1,5,1,6
21401,COROICO,estado nutricional,clasificacion a y b,2004-02-01,8,1,8,1,9
40301,CORQUE,estado nutricional,clasificacion a y b,2004-02-01,17,1,17,1,18
50601,COTAGAITA,estado nutricional,clasificacion a y b,2004-02-01,22,4,22,4,26
70102,COTOCA,estado nutricional,clasificacion a y b,2004-02-01,52,5,52,5,57
31405,CUCHUMUELA (V. G. VILLARROEL),estado nutricional,clasificacion a y b,2004-02-01,0,1,0,1,1
70704,CUEVO,estado nutricional,clasificacion a y b,2004-02-01,24,0,24,0,24
10902,CULPINA,estado nutricional,clasificacion a y b,2004-02-01,28,10,28,10,38
40401,CURAHUARA DE CARANGAS,estado nutricional,clasificacion a y b,2004-02-01,3,0,3,0,3
21602,CURVA,estado nutricional,clasificacion a y b,2004-02-01,3,0,3,0,3
20804,DESAGUADERO,estado nutricional,clasificacion a y b,2004-02-01,1,2,1,2,3
20105,EL ALTO,estado nutricional,clasificacion a y b,2004-02-01,682,153,682,153,835
40103,EL CHORO,estado nutricional,clasificacion a y b,2004-02-01,10,8,10,8,18
71503,EL PUENTE(STC),estado nutricional,clasificacion a y b,2004-02-01,37,11,37,11,48
60502,EL PUENTE(TJA),estado nutricional,clasificacion a y b,2004-02-01,8,3,8,3,11
70105,EL TORNO,estado nutricional,clasificacion a y b,2004-02-01,77,33,77,33,110
10405,EL VILLAR,estado nutricional,clasificacion a y b,2004-02-01,14,3,14,3,17
60601,ENTRE RIOS,estado nutricional,clasificacion a y b,2004-02-01,53,10,53,10,63
40502,ESCARA,estado nutricional,clasificacion a y b,2004-02-01,1,2,1,2,3
41101,EUCALIPTUS,estado nutricional,clasificacion a y b,2004-02-01,6,1,6,1,7
80402,EXALTACION,estado nutricional,clasificacion a y b,2004-02-01,11,0,11,0,11
71002,GENERAL SAAVEDRA,estado nutricional,clasificacion a y b,2004-02-01,55,20,55,20,75
21601,GRAL. J.J. PEREZ (CHARAZANI),estado nutricional,clasificacion a y b,2004-02-01,26,4,26,4,30
20602,GUANAY,estado nutricional,clasificacion a y b,2004-02-01,83,24,83,24,107
20802,GUAQUI,estado nutricional,clasificacion a y b,2004-02-01,6,2,6,2,8
80202,GUAYARAMERIN,estado nutricional,clasificacion a y b,2004-02-01,111,24,111,24,135
70705,GUTIERREZ,estado nutricional,clasificacion a y b,2004-02-01,94,31,94,31,125
10502,HUACARETA,estado nutricional,clasificacion a y b,2004-02-01,36,7,36,7,43
11002,HUACAYA (VILLA DE HUACAYA),estado nutricional,clasificacion a y b,2004-02-01,12,2,12,2,14
40501,HUACHACALLA,estado nutricional,clasificacion a y b,2004-02-01,1,1,1,1,2
40701,HUANUNI,estado nutricional,clasificacion a y b,2004-02-01,73,14,73,14,87
80803,HUARACAJE,estado nutricional,clasificacion a y b,2004-02-01,11,3,11,3,14
41601,HUAYLLAMARCA,estado nutricional,clasificacion a y b,2004-02-01,2,0,2,0,2
21005,ICHOCA,estado nutricional,clasificacion a y b,2004-02-01,9,6,9,6,15
10304,ICLA,estado nutricional,clasificacion a y b,2004-02-01,14,2,14,2,16
10703,INCAHUASI,estado nutricional,clasificacion a y b,2004-02-01,28,5,28,5,33
21001,INQUISIVI,estado nutricional,clasificacion a y b,2004-02-01,19,1,19,1,20
21102,IRUPANA (VILLA DE LANZA),estado nutricional,clasificacion a y b,2004-02-01,41,30,41,30,71
21501,IXIAMAS,estado nutricional,clasificacion a y b,2004-02-01,18,5,18,5,23
21105,LA ASUNTA,estado nutricional,clasificacion a y b,2004-02-01,27,1,27,1,28
70104,LA GUARDIA,estado nutricional,clasificacion a y b,2004-02-01,75,15,75,15,90
20101,LA PAZ,estado nutricional,clasificacion a y b,2004-02-01,691,169,691,169,860
41501,LA RIVERA,estado nutricional,clasificacion a y b,2004-02-01,1,0,1,0,1
70701,LAGUNILLAS,estado nutricional,clasificacion a y b,2004-02-01,28,41,28,41,69
21202,LAJA,estado nutricional,clasificacion a y b,2004-02-01,27,5,27,5,32
10903,LAS CARRERAS,estado nutricional,clasificacion a y b,2004-02-01,8,10,8,10,18
21006,LICOMA PAMPA,estado nutricional,clasificacion a y b,2004-02-01,2,0,2,0,2
50203,LLALLAGUA,estado nutricional,clasificacion a y b,2004-02-01,54,37,54,37,91
51401,LLICA,estado nutricional,clasificacion a y b,2004-02-01,1,0,1,0,1
80601,LORETO,estado nutricional,clasificacion a y b,2004-02-01,2,1,2,1,3
20901,LURIBAY,estado nutricional,clasificacion a y b,2004-02-01,14,1,14,1,15
40702,MACHACAMARCA,estado nutricional,clasificacion a y b,2004-02-01,0,2,0,2,2
11003,MACHARETI,estado nutricional,clasificacion a y b,2004-02-01,33,15,33,15,48
80801,MAGDALENA,estado nutricional,clasificacion a y b,2004-02-01,18,6,18,6,24
70903,MAIRANA,estado nutricional,clasificacion a y b,2004-02-01,13,4,13,4,17
20904,MALLA,estado nutricional,clasificacion a y b,2004-02-01,1,0,1,0,1
20103,MECAPACA,estado nutricional,clasificacion a y b,2004-02-01,9,2,9,2,11
71003,MINEROS,estado nutricional,clasificacion a y b,2004-02-01,176,42,176,42,218
31301,MIZQUE,estado nutricional,clasificacion a y b,2004-02-01,37,3,37,3,40
20402,MOCOMOCO,estado nutricional,clasificacion a y b,2004-02-01,13,7,13,7,20
51002,MOJINETE,estado nutricional,clasificacion a y b,2004-02-01,7,8,7,8,15
10303,MOJOCOYA,estado nutricional,clasificacion a y b,2004-02-01,30,8,30,8,38
10501,MONTEAGUDO,estado nutricional,clasificacion a y b,2004-02-01,113,29,113,29,142
71001,MONTERO,estado nutricional,clasificacion a y b,2004-02-01,248,74,248,74,322
70803,MORO MORO,estado nutricional,clasificacion a y b,2004-02-01,7,1,7,1,8
30302,MOROCHATA,estado nutricional,clasificacion a y b,2004-02-01,5,38,5,38,43
50404,OCURI,estado nutricional,clasificacion a y b,2004-02-01,6,3,6,3,9
70202,OKINAWA,estado nutricional,clasificacion a y b,2004-02-01,41,6,41,6,47
30203,OMEREQUE,estado nutricional,clasificacion a y b,2004-02-01,16,2,16,2,18
40101,ORURO,estado nutricional,clasificacion a y b,2004-02-01,241,65,241,65,306
60201,PADCAYA,estado nutricional,clasificacion a y b,2004-02-01,48,29,48,29,77
10401,PADILLA,estado nutricional,clasificacion a y b,2004-02-01,36,7,36,7,43
70502,PAILON,estado nutricional,clasificacion a y b,2004-02-01,37,20,37,20,57
20102,PALCA,estado nutricional,clasificacion a y b,2004-02-01,21,0,21,0,21
21104,PALOS BLANCOS,estado nutricional,clasificacion a y b,2004-02-01,32,10,32,10,42
40802,PAMPA AULLAGAS,estado nutricional,clasificacion a y b,2004-02-01,9,1,9,1,10
70902,PAMPA GRANDE,estado nutricional,clasificacion a y b,2004-02-01,26,28,26,28,54
21802,PAPEL PAMPA,estado nutricional,clasificacion a y b,2004-02-01,3,2,3,2,5
30202,PASORAPA,estado nutricional,clasificacion a y b,2004-02-01,5,1,5,1,6
21305,PATACAMAYA,estado nutricional,clasificacion a y b,2004-02-01,28,3,28,3,31
40602,PAZÑA,estado nutricional,clasificacion a y b,2004-02-01,5,1,5,1,6
20702,PELECHUCO,estado nutricional,clasificacion a y b,2004-02-01,3,0,3,0,3
50403,POCOATA,estado nutricional,clasificacion a y b,2004-02-01,23,12,23,12,35
31203,POCONA,estado nutricional,clasificacion a y b,2004-02-01,17,2,17,2,19
31202,POJO (CBBA),estado nutricional,clasificacion a y b,2004-02-01,65,27,65,27,92
40601,POOPO,estado nutricional,clasificacion a y b,2004-02-01,15,7,15,7,22
51203,PORCO,estado nutricional,clasificacion a y b,2004-02-01,19,1,19,1,20
10103,POROMA,estado nutricional,clasificacion a y b,2004-02-01,12,3,12,3,15
70103,PORONGO,estado nutricional,clasificacion a y b,2004-02-01,7,1,7,1,8
70601,PORTACHUELO,estado nutricional,clasificacion a y b,2004-02-01,95,32,95,32,127
90102,PORVENIR,estado nutricional,clasificacion a y b,2004-02-01,14,10,14,10,24
70804,POSTRER VALLE,estado nutricional,clasificacion a y b,2004-02-01,0,2,0,2,2
50101,POTOSI,estado nutricional,clasificacion a y b,2004-02-01,103,4,103,4,107
10302,PRESTO,estado nutricional,clasificacion a y b,2004-02-01,11,3,11,3,14
70805,PUCARA,estado nutricional,clasificacion a y b,2004-02-01,7,3,7,3,10
21201,PUCARANI,estado nutricional,clasificacion a y b,2004-02-01,56,5,56,5,61
20401,PUERTO ACOSTA,estado nutricional,clasificacion a y b,2004-02-01,21,6,21,6,27
20403,PUERTO CARABUCO,estado nutricional,clasificacion a y b,2004-02-01,20,1,20,1,21
90301,PUERTO GONZALO MORENO,estado nutricional,clasificacion a y b,2004-02-01,3,0,3,0,3
21204,PUERTO PEREZ,estado nutricional,clasificacion a y b,2004-02-01,19,4,19,4,23
71402,PUERTO QUIJARRO,estado nutricional,clasificacion a y b,2004-02-01,29,2,29,2,31
90201,PUERTO RICO,estado nutricional,clasificacion a y b,2004-02-01,8,4,8,4,12
80703,PUERTO SILES,estado nutricional,clasificacion a y b,2004-02-01,7,1,7,1,8
71401,PUERTO SUAREZ,estado nutricional,clasificacion a y b,2004-02-01,77,2,77,2,79
31205,PUERTO VILLARROEL,estado nutricional,clasificacion a y b,2004-02-01,150,36,150,36,186
51101,PUNA,estado nutricional,clasificacion a y b,2004-02-01,33,11,33,11,44
31401,PUNATA,estado nutricional,clasificacion a y b,2004-02-01,9,1,9,1,10
20604,QUIABAYA,estado nutricional,clasificacion a y b,2004-02-01,9,1,9,1,10
30901,QUILLACOLLO,estado nutricional,clasificacion a y b,2004-02-01,82,17,82,17,99
21002,QUIME,estado nutricional,clasificacion a y b,2004-02-01,15,4,15,4,19
70904,QUIRUSILLAS,estado nutricional,clasificacion a y b,2004-02-01,5,0,5,0,5
50402,RAVELO,estado nutricional,clasificacion a y b,2004-02-01,17,5,17,5,22
80301,REYES,estado nutricional,clasificacion a y b,2004-02-01,29,6,29,6,35
80201,RIBERALTA,estado nutricional,clasificacion a y b,2004-02-01,92,31,92,31,123
70503,ROBORE,estado nutricional,clasificacion a y b,2004-02-01,34,15,34,15,49
80304,RURRENABAQUE,estado nutricional,clasificacion a y b,2004-02-01,30,2,30,2,32
40901,SABAYA,estado nutricional,clasificacion a y b,2004-02-01,1,0,1,0,1
31001,SACABA,estado nutricional,clasificacion a y b,2004-02-01,29,0,29,0,29
30404,SACABAMBA,estado nutricional,clasificacion a y b,2004-02-01,3,0,3,0,3
50701,SACACA,estado nutricional,clasificacion a y b,2004-02-01,2,0,2,0,2
71302,SAIPINA,estado nutricional,clasificacion a y b,2004-02-01,49,24,49,24,73
40801,SALINAS DE GARCI MENDOZA,estado nutricional,clasificacion a y b,2004-02-01,2,1,2,1,3
70901,SAMAIPATA,estado nutricional,clasificacion a y b,2004-02-01,25,10,25,10,35
51601,SAN AGUSTIN,estado nutricional,clasificacion a y b,2004-02-01,3,0,3,0,3
80602,SAN ANDRES,estado nutricional,clasificacion a y b,2004-02-01,5,2,5,2,7
71105,SAN ANTONIO DE LOMERIO,estado nutricional,clasificacion a y b,2004-02-01,9,2,9,2,11
31403,SAN BENITO,estado nutricional,clasificacion a y b,2004-02-01,3,1,3,1,4
80302,SAN BORJA,estado nutricional,clasificacion a y b,2004-02-01,106,21,106,21,127
21502,SAN BUENA VENTURA,estado nutricional,clasificacion a y b,2004-02-01,19,2,19,2,21
70402,SAN CARLOS,estado nutricional,clasificacion a y b,2004-02-01,85,31,85,31,116
80501,SAN IGNACIO,estado nutricional,clasificacion a y b,2004-02-01,43,9,43,9,52
70301,SAN IGNACIO DE VELASCO,estado nutricional,clasificacion a y b,2004-02-01,136,27,136,27,163
80102,SAN JAVIER(BNI),estado nutricional,clasificacion a y b,2004-02-01,10,1,10,1,11
71102,SAN JAVIER(STC),estado nutricional,clasificacion a y b,2004-02-01,37,10,37,10,47
80701,SAN JOAQUIN,estado nutricional,clasificacion a y b,2004-02-01,14,4,14,4,18
70501,SAN JOSE DE CHIQUITOS,estado nutricional,clasificacion a y b,2004-02-01,37,7,37,7,44
71104,SAN JULIAN,estado nutricional,clasificacion a y b,2004-02-01,111,53,111,53,164
90302,SAN LORENZO(PND),estado nutricional,clasificacion a y b,2004-02-01,5,3,5,3,8
60501,SAN LORENZO(TJA),estado nutricional,clasificacion a y b,2004-02-01,16,7,16,7,23
10702,SAN LUCAS,estado nutricional,clasificacion a y b,2004-02-01,26,58,26,58,84
71201,SAN MATIAS,estado nutricional,clasificacion a y b,2004-02-01,2,3,2,3,5
70302,SAN MIGUEL DE VELASCO,estado nutricional,clasificacion a y b,2004-02-01,28,4,28,4,32
51001,SAN PABLO DE LIPEZ,estado nutricional,clasificacion a y b,2004-02-01,1,1,1,1,2
50501,SAN PEDRO DE BUENA VISTA,estado nutricional,clasificacion a y b,2004-02-01,11,7,11,7,18
21801,SAN PEDRO DE CURAHUARA,estado nutricional,clasificacion a y b,2004-02-01,8,4,8,4,12
50902,SAN PEDRO DE QUEMES,estado nutricional,clasificacion a y b,2004-02-01,2,0,2,0,2
21702,SAN PEDRO DE TIQUINA,estado nutricional,clasificacion a y b,2004-02-01,5,1,5,1,6
90202,SAN PEDRO(PND),estado nutricional,clasificacion a y b,2004-02-01,5,5,5,5,10
70303,SAN RAFAEL,estado nutricional,clasificacion a y b,2004-02-01,7,3,7,3,10
80702,SAN RAMON,estado nutricional,clasificacion a y b,2004-02-01,5,2,5,2,7
80401,SANTA ANA,estado nutricional,clasificacion a y b,2004-02-01,49,7,49,7,56
70101,SANTA CRUZ DE LA SIERRA,estado nutricional,clasificacion a y b,2004-02-01,1950,480,1950,480,2430
80303,SANTA ROSA,estado nutricional,clasificacion a y b,2004-02-01,9,1,9,1,10
70602,SANTA ROSA DEL SARA,estado nutricional,clasificacion a y b,2004-02-01,29,33,29,33,62
20308,SANTIAGO DE CALLAPA,estado nutricional,clasificacion a y b,2004-02-01,3,0,3,0,3
41401,SANTIAGO DE HUARI,estado nutricional,clasificacion a y b,2004-02-01,5,2,5,2,7
21901,SANTIAGO DE MACHACA,estado nutricional,clasificacion a y b,2004-02-01,2,1,2,1,3
30702,SANTIVAÑES,estado nutricional,clasificacion a y b,2004-02-01,6,0,6,0,6
20902,SAPAHAQUI,estado nutricional,clasificacion a y b,2004-02-01,8,1,8,1,9
90303,SENA,estado nutricional,clasificacion a y b,2004-02-01,4,2,4,2,6
21301,SICA SICA (VILLA AROMA),estado nutricional,clasificacion a y b,2004-02-01,21,5,21,5,26
30703,SICAYA,estado nutricional,clasificacion a y b,2004-02-01,5,1,5,1,6
30902,SIPE SIPE,estado nutricional,clasificacion a y b,2004-02-01,66,18,66,18,84
10403,SOPACHUY,estado nutricional,clasificacion a y b,2004-02-01,8,1,8,1,9
20601,SORATA,estado nutricional,clasificacion a y b,2004-02-01,13,9,13,9,22
10101,SUCRE,estado nutricional,clasificacion a y b,2004-02-01,334,64,334,64,398
31404,TACACHI,estado nutricional,clasificacion a y b,2004-02-01,1,0,1,0,1
20603,TACACOMA,estado nutricional,clasificacion a y b,2004-02-01,10,2,10,2,12
50303,TACOBAMBA,estado nutricional,clasificacion a y b,2004-02-01,10,3,10,3,13
30602,TACOPAYA,estado nutricional,clasificacion a y b,2004-02-01,7,1,7,1,8
51402,TAHUA,estado nutricional,clasificacion a y b,2004-02-01,1,2,1,2,3
31101,TAPACARI,estado nutricional,clasificacion a y b,2004-02-01,17,5,17,5,22
10601,TARABUCO,estado nutricional,clasificacion a y b,2004-02-01,42,6,42,6,48
30401,TARATA,estado nutricional,clasificacion a y b,2004-02-01,13,1,13,1,14
60101,TARIJA,estado nutricional,clasificacion a y b,2004-02-01,407,95,407,95,502
10202,TARVITA,estado nutricional,clasificacion a y b,2004-02-01,27,7,27,7,34
20803,TIAWANACU,estado nutricional,clasificacion a y b,2004-02-01,26,12,26,12,38
50102,TINGUIPAYA,estado nutricional,clasificacion a y b,2004-02-01,5,6,5,6,11
20606,TIPUANI,estado nutricional,clasificacion a y b,2004-02-01,55,10,55,10,65
30903,TIQUIPAYA,estado nutricional,clasificacion a y b,2004-02-01,13,11,13,11,24
31601,TIRAQUE (CBBA),estado nutricional,clasificacion a y b,2004-02-01,98,11,98,11,109
21703,TITO YUPANQUI (PARQUIPUJIO),estado nutricional,clasificacion a y b,2004-02-01,2,0,2,0,2
30802,TOCO,estado nutricional,clasificacion a y b,2004-02-01,4,0,4,0,4
30803,TOLATA,estado nutricional,clasificacion a y b,2004-02-01,3,1,3,1,4
41001,TOLEDO,estado nutricional,clasificacion a y b,2004-02-01,4,1,4,1,5
51202,TOMAVE,estado nutricional,clasificacion a y b,2004-02-01,8,12,8,12,20
10402,TOMINA,estado nutricional,clasificacion a y b,2004-02-01,24,4,24,4,28
50502,TORO TORO,estado nutricional,clasificacion a y b,2004-02-01,15,1,15,1,16
31201,TOTORA(CBBA),estado nutricional,clasificacion a y b,2004-02-01,30,10,30,10,40
41301,TOTORA(ORR),estado nutricional,clasificacion a y b,2004-02-01,10,6,10,6,16
70802,TRIGAL,estado nutricional,clasificacion a y b,2004-02-01,6,1,6,1,7
80101,TRINIDAD,estado nutricional,clasificacion a y b,2004-02-01,200,59,200,59,259
50801,TUPIZA,estado nutricional,clasificacion a y b,2004-02-01,61,25,61,25,86
50201,UNCIA,estado nutricional,clasificacion a y b,2004-02-01,6,0,6,0,6
60401,URIONDO (A. CONCEPCION),estado nutricional,clasificacion a y b,2004-02-01,32,9,32,9,41
71502,URUBICHA,estado nutricional,clasificacion a y b,2004-02-01,6,24,6,24,30
51201,UYUNI,estado nutricional,clasificacion a y b,2004-02-01,28,6,28,6,34
30502,VACAS,estado nutricional,clasificacion a y b,2004-02-01,1,1,1,1,2
70801,VALLEGRANDE,estado nutricional,clasificacion a y b,2004-02-01,50,9,50,9,59
20801,VIACHA,estado nutricional,clasificacion a y b,2004-02-01,47,11,47,11,58
31302,VILA VILA,estado nutricional,clasificacion a y b,2004-02-01,6,0,6,0,6
60303,VILLA MONTES,estado nutricional,clasificacion a y b,2004-02-01,64,14,64,14,78
90502,VILLA NUEVA (LOMA ALTA),estado nutricional,clasificacion a y b,2004-02-01,0,3,0,3,3
31402,VILLA RIVERO,estado nutricional,clasificacion a y b,2004-02-01,7,3,7,3,10
10801,VILLA SERRANO,estado nutricional,clasificacion a y b,2004-02-01,26,5,26,5,31
31003,VILLA TUNARI,estado nutricional,clasificacion a y b,2004-02-01,89,21,89,21,110
11001,VILLA VACA GUZMAN (MUYUPAMPA),estado nutricional,clasificacion a y b,2004-02-01,36,8,36,8,44
51501,VILLAZON,estado nutricional,clasificacion a y b,2004-02-01,75,14,75,14,89
30904,VINTO,estado nutricional,clasificacion a y b,2004-02-01,57,11,57,11,68
50602,VITICHI,estado nutricional,clasificacion a y b,2004-02-01,11,2,11,2,13
20306,WALDO BALLIVIAN,estado nutricional,clasificacion a y b,2004-02-01,1,0,1,0,1
70201,WARNES,estado nutricional,clasificacion a y b,2004-02-01,114,17,114,17,131
20903,YACO,estado nutricional,clasificacion a y b,2004-02-01,13,7,13,7,20
60301,YACUIBA,estado nutricional,clasificacion a y b,2004-02-01,116,31,116,31,147
10602,YAMPARAEZ,estado nutricional,clasificacion a y b,2004-02-01,27,5,27,5,32
21103,YANACACHI,estado nutricional,clasificacion a y b,2004-02-01,10,4,10,4,14
70403,YAPACANI,estado nutricional,clasificacion a y b,2004-02-01,164,26,164,26,190
50103,YOCALLA,estado nutricional,clasificacion a y b,2004-02-01,2,1,2,1,3
10102,YOTALA,estado nutricional,clasificacion a y b,2004-02-01,31,9,31,9,40
60402,YUNCHARA,estado nutricional,clasificacion a y b,2004-02-01,9,5,9,5,14
10301,ZUDAÑEZ,estado nutricional,clasificacion a y b,2004-02-01,18,6,18,6,24
51302,ACACIO,estado nutricional,clasificacion a y b,2004-03-01,6,4,6,4,10
20201,ACHACACHI,estado nutricional,clasificacion a y b,2004-03-01,87,24,87,24,111
20104,ACHOCALLA,estado nutricional,clasificacion a y b,2004-03-01,10,0,10,0,10
30201,AIQUILE,estado nutricional,clasificacion a y b,2004-03-01,31,25,31,25,56
31303,ALALAY,estado nutricional,clasificacion a y b,2004-03-01,2,1,2,1,3
10404,ALCALA,estado nutricional,clasificacion a y b,2004-03-01,6,2,6,2,8
20202,ANCORAIMES,estado nutricional,clasificacion a y b,2004-03-01,9,2,9,2,11
41201,ANDAMARCA,estado nutricional,clasificacion a y b,2004-03-01,1,0,1,0,1
40603,ANTEQUERA,estado nutricional,clasificacion a y b,2004-03-01,1,2,1,2,3
30402,ANZALDO,estado nutricional,clasificacion a y b,2004-03-01,4,6,4,6,10
20701,APOLO,estado nutricional,clasificacion a y b,2004-03-01,27,3,27,3,30
51301,ARAMPAMPA,estado nutricional,clasificacion a y b,2004-03-01,3,2,3,2,5
30501,ARANI,estado nutricional,clasificacion a y b,2004-03-01,12,0,12,0,12
30403,ARBIETO,estado nutricional,clasificacion a y b,2004-03-01,3,0,3,0,3
30601,ARQUE,estado nutricional,clasificacion a y b,2004-03-01,7,0,7,0,7
71501,ASCENCION DE GUARAYOS,estado nutricional,clasificacion a y b,2004-03-01,0,1,0,1,1
50802,ATOCHA,estado nutricional,clasificacion a y b,2004-03-01,12,18,12,18,30
20503,AUCAPATA,estado nutricional,clasificacion a y b,2004-03-01,19,3,19,3,22
20502,AYATA,estado nutricional,clasificacion a y b,2004-03-01,3,0,3,0,3
21303,AYO AYO,estado nutricional,clasificacion a y b,2004-03-01,19,3,19,3,22
30301,AYOPAYA (V. DE INDEPENDENCIA),estado nutricional,clasificacion a y b,2004-03-01,33,8,33,8,41
10201,AZURDUY,estado nutricional,clasificacion a y b,2004-03-01,25,7,25,7,32
21203,BATALLAS,estado nutricional,clasificacion a y b,2004-03-01,23,7,23,7,30
80802,BAURES,estado nutricional,clasificacion a y b,2004-03-01,22,18,22,18,40
50104,BELEN DE URMIRI,estado nutricional,clasificacion a y b,2004-03-01,0,1,0,1,1
90104,BELLA FLOR,estado nutricional,clasificacion a y b,2004-03-01,4,0,4,0,4
60202,BERMEJO,estado nutricional,clasificacion a y b,2004-03-01,46,7,46,7,53
50301,BETANZOS,estado nutricional,clasificacion a y b,2004-03-01,40,11,40,11,51
31501,BOLIVAR,estado nutricional,clasificacion a y b,2004-03-01,3,1,3,1,4
90103,BOLPEBRA,estado nutricional,clasificacion a y b,2004-03-01,2,0,2,0,2
70707,BOYUIBE,estado nutricional,clasificacion a y b,2004-03-01,24,13,24,13,37
70401,BUENA VISTA,estado nutricional,clasificacion a y b,2004-03-01,1,1,1,1,2
70703,CABEZAS,estado nutricional,clasificacion a y b,2004-03-01,65,25,65,25,90
20905,CAIROMA,estado nutricional,clasificacion a y b,2004-03-01,8,1,8,1,9
51102,"CAIZA ""D""",estado nutricional,clasificacion a y b,2004-03-01,23,4,23,4,27
21003,CAJUATA,estado nutricional,clasificacion a y b,2004-03-01,34,1,34,1,35
20303,CALACOTO,estado nutricional,clasificacion a y b,2004-03-01,1,0,1,0,1
21304,CALAMARCA,estado nutricional,clasificacion a y b,2004-03-01,2,0,2,0,2
10701,CAMARGO,estado nutricional,clasificacion a y b,2004-03-01,24,4,24,4,28
10901,CAMATAQUI (C. VILLA ABECIA),estado nutricional,clasificacion a y b,2004-03-01,3,0,3,0,3
70706,CAMIRI,estado nutricional,clasificacion a y b,2004-03-01,140,33,140,33,173
30701,CAPINOTA,estado nutricional,clasificacion a y b,2004-03-01,9,4,9,4,13
20302,CAQUIAVIRI,estado nutricional,clasificacion a y b,2004-03-01,31,10,31,10,41
40102,CARACOLLO,estado nutricional,clasificacion a y b,2004-03-01,15,2,15,2,17
22001,CARANAVI,estado nutricional,clasificacion a y b,2004-03-01,190,26,190,26,216
60302,CARAPARI,estado nutricional,clasificacion a y b,2004-03-01,43,22,43,22,65
50702,CARIPUYO,estado nutricional,clasificacion a y b,2004-03-01,1,1,1,1,2
21803,CHACARILLA,estado nutricional,clasificacion a y b,2004-03-01,2,4,2,4,6
40201,CHALLAPATA,estado nutricional,clasificacion a y b,2004-03-01,9,6,9,6,15
50302,CHAQUI,estado nutricional,clasificacion a y b,2004-03-01,11,1,11,1,12
70702,CHARAGUA,estado nutricional,clasificacion a y b,2004-03-01,100,28,100,28,128
50202,CHAYANTA,estado nutricional,clasificacion a y b,2004-03-01,26,1,26,1,27
31204,CHIMORE,estado nutricional,clasificacion a y b,2004-03-01,48,15,48,15,63
40903,CHIPAYA,estado nutricional,clasificacion a y b,2004-03-01,3,0,3,0,3
40302,CHOQUE COTA,estado nutricional,clasificacion a y b,2004-03-01,2,0,2,0,2
21101,CHULUMANI (V. DE LA LIBERTAD),estado nutricional,clasificacion a y b,2004-03-01,7,0,7,0,7
20501,CHUMA,estado nutricional,clasificacion a y b,2004-03-01,10,0,10,0,10
30801,CLIZA,estado nutricional,clasificacion a y b,2004-03-01,19,10,19,10,29
90101,COBIJA,estado nutricional,clasificacion a y b,2004-03-01,99,21,99,21,120
30101,COCHABAMBA,estado nutricional,clasificacion a y b,2004-03-01,2523,933,2523,933,3456
40902,COIPASA,estado nutricional,clasificacion a y b,2004-03-01,4,6,4,6,10
30905,COLCAPIRHUA,estado nutricional,clasificacion a y b,2004-03-01,63,13,63,13,76
50901,"COLCHA ""K""",estado nutricional,clasificacion a y b,2004-03-01,6,6,6,6,12
21307,COLLANA,estado nutricional,clasificacion a y b,2004-03-01,3,0,3,0,3
31002,COLOMI,estado nutricional,clasificacion a y b,2004-03-01,18,0,18,0,18
50401,COLQUECHACA,estado nutricional,clasificacion a y b,2004-03-01,45,7,45,7,52
21306,COLQUENCHA,estado nutricional,clasificacion a y b,2004-03-01,11,5,11,5,16
21004,COLQUIRI,estado nutricional,clasificacion a y b,2004-03-01,25,5,25,5,30
20304,COMANCHE,estado nutricional,clasificacion a y b,2004-03-01,0,1,0,1,1
71301,COMARAPA,estado nutricional,clasificacion a y b,2004-03-01,121,28,121,28,149
20605,COMBAYA,estado nutricional,clasificacion a y b,2004-03-01,2,1,2,1,3
71101,CONCEPCION,estado nutricional,clasificacion a y b,2004-03-01,22,6,22,6,28
21701,COPACABANA,estado nutricional,clasificacion a y b,2004-03-01,18,0,18,0,18
21402,CORIPATA,estado nutricional,clasificacion a y b,2004-03-01,16,0,16,0,16
20301,CORO CORO,estado nutricional,clasificacion a y b,2004-03-01,5,0,5,0,5
21401,COROICO,estado nutricional,clasificacion a y b,2004-03-01,2,3,2,3,5
40301,CORQUE,estado nutricional,clasificacion a y b,2004-03-01,14,1,14,1,15
50601,COTAGAITA,estado nutricional,clasificacion a y b,2004-03-01,23,6,23,6,29
70102,COTOCA,estado nutricional,clasificacion a y b,2004-03-01,75,13,75,13,88
31405,CUCHUMUELA (V. G. VILLARROEL),estado nutricional,clasificacion a y b,2004-03-01,1,1,1,1,2
70704,CUEVO,estado nutricional,clasificacion a y b,2004-03-01,6,1,6,1,7
10902,CULPINA,estado nutricional,clasificacion a y b,2004-03-01,40,5,40,5,45
40401,CURAHUARA DE CARANGAS,estado nutricional,clasificacion a y b,2004-03-01,3,0,3,0,3
20804,DESAGUADERO,estado nutricional,clasificacion a y b,2004-03-01,1,2,1,2,3
20105,EL ALTO,estado nutricional,clasificacion a y b,2004-03-01,999,233,999,233,1232
40103,EL CHORO,estado nutricional,clasificacion a y b,2004-03-01,6,3,6,3,9
71503,EL PUENTE(STC),estado nutricional,clasificacion a y b,2004-03-01,35,7,35,7,42
60502,EL PUENTE(TJA),estado nutricional,clasificacion a y b,2004-03-01,11,6,11,6,17
70105,EL TORNO,estado nutricional,clasificacion a y b,2004-03-01,121,23,121,23,144
10405,EL VILLAR,estado nutricional,clasificacion a y b,2004-03-01,11,3,11,3,14
60601,ENTRE RIOS,estado nutricional,clasificacion a y b,2004-03-01,71,21,71,21,92
41101,EUCALIPTUS,estado nutricional,clasificacion a y b,2004-03-01,7,3,7,3,10
90503,EUREKA (SANTOS MERCADO),estado nutricional,clasificacion a y b,2004-03-01,4,0,4,0,4
80402,EXALTACION,estado nutricional,clasificacion a y b,2004-03-01,4,9,4,9,13
90203,FILADELFIA,estado nutricional,clasificacion a y b,2004-03-01,0,1,0,1,1
71002,GENERAL SAAVEDRA,estado nutricional,clasificacion a y b,2004-03-01,91,54,91,54,145
21601,GRAL. J.J. PEREZ (CHARAZANI),estado nutricional,clasificacion a y b,2004-03-01,30,6,30,6,36
20602,GUANAY,estado nutricional,clasificacion a y b,2004-03-01,149,24,149,24,173
20802,GUAQUI,estado nutricional,clasificacion a y b,2004-03-01,4,1,4,1,5
80202,GUAYARAMERIN,estado nutricional,clasificacion a y b,2004-03-01,187,29,187,29,216
70705,GUTIERREZ,estado nutricional,clasificacion a y b,2004-03-01,119,32,119,32,151
10502,HUACARETA,estado nutricional,clasificacion a y b,2004-03-01,32,12,32,12,44
11002,HUACAYA (VILLA DE HUACAYA),estado nutricional,clasificacion a y b,2004-03-01,15,8,15,8,23
40501,HUACHACALLA,estado nutricional,clasificacion a y b,2004-03-01,1,2,1,2,3
40701,HUANUNI,estado nutricional,clasificacion a y b,2004-03-01,71,1,71,1,72
80803,HUARACAJE,estado nutricional,clasificacion a y b,2004-03-01,14,10,14,10,24
41601,HUAYLLAMARCA,estado nutricional,clasificacion a y b,2004-03-01,5,1,5,1,6
21005,ICHOCA,estado nutricional,clasificacion a y b,2004-03-01,19,12,19,12,31
10304,ICLA,estado nutricional,clasificacion a y b,2004-03-01,14,7,14,7,21
10703,INCAHUASI,estado nutricional,clasificacion a y b,2004-03-01,40,3,40,3,43
21001,INQUISIVI,estado nutricional,clasificacion a y b,2004-03-01,39,25,39,25,64
21102,IRUPANA (VILLA DE LANZA),estado nutricional,clasificacion a y b,2004-03-01,33,20,33,20,53
21501,IXIAMAS,estado nutricional,clasificacion a y b,2004-03-01,16,7,16,7,23
21105,LA ASUNTA,estado nutricional,clasificacion a y b,2004-03-01,33,10,33,10,43
70104,LA GUARDIA,estado nutricional,clasificacion a y b,2004-03-01,149,37,149,37,186
20101,LA PAZ,estado nutricional,clasificacion a y b,2004-03-01,892,290,892,290,1182
70701,LAGUNILLAS,estado nutricional,clasificacion a y b,2004-03-01,32,6,32,6,38
21202,LAJA,estado nutricional,clasificacion a y b,2004-03-01,24,5,24,5,29
10903,LAS CARRERAS,estado nutricional,clasificacion a y b,2004-03-01,11,2,11,2,13
21006,LICOMA PAMPA,estado nutricional,clasificacion a y b,2004-03-01,4,0,4,0,4
50203,LLALLAGUA,estado nutricional,clasificacion a y b,2004-03-01,31,41,31,41,72
51401,LLICA,estado nutricional,clasificacion a y b,2004-03-01,6,0,6,0,6
80601,LORETO,estado nutricional,clasificacion a y b,2004-03-01,7,5,7,5,12
20901,LURIBAY,estado nutricional,clasificacion a y b,2004-03-01,11,4,11,4,15
40702,MACHACAMARCA,estado nutricional,clasificacion a y b,2004-03-01,2,2,2,2,4
11003,MACHARETI,estado nutricional,clasificacion a y b,2004-03-01,41,20,41,20,61
80801,MAGDALENA,estado nutricional,clasificacion a y b,2004-03-01,34,5,34,5,39
70903,MAIRANA,estado nutricional,clasificacion a y b,2004-03-01,39,8,39,8,47
20904,MALLA,estado nutricional,clasificacion a y b,2004-03-01,3,1,3,1,4
20103,MECAPACA,estado nutricional,clasificacion a y b,2004-03-01,9,7,9,7,16
71003,MINEROS,estado nutricional,clasificacion a y b,2004-03-01,209,50,209,50,259
31301,MIZQUE,estado nutricional,clasificacion a y b,2004-03-01,41,10,41,10,51
20402,MOCOMOCO,estado nutricional,clasificacion a y b,2004-03-01,17,12,17,12,29
51002,MOJINETE,estado nutricional,clasificacion a y b,2004-03-01,2,1,2,1,3
10303,MOJOCOYA,estado nutricional,clasificacion a y b,2004-03-01,23,8,23,8,31
10501,MONTEAGUDO,estado nutricional,clasificacion a y b,2004-03-01,99,21,99,21,120
71001,MONTERO,estado nutricional,clasificacion a y b,2004-03-01,372,80,372,80,452
70803,MORO MORO,estado nutricional,clasificacion a y b,2004-03-01,4,1,4,1,5
30302,MOROCHATA,estado nutricional,clasificacion a y b,2004-03-01,20,5,20,5,25
90401,NACEBE (SANTA ROSA DEL ABUNA),estado nutricional,clasificacion a y b,2004-03-01,2,0,2,0,2
50404,OCURI,estado nutricional,clasificacion a y b,2004-03-01,6,4,6,4,10
70202,OKINAWA,estado nutricional,clasificacion a y b,2004-03-01,33,9,33,9,42
30203,OMEREQUE,estado nutricional,clasificacion a y b,2004-03-01,16,1,16,1,17
40101,ORURO,estado nutricional,clasificacion a y b,2004-03-01,403,68,403,68,471
60201,PADCAYA,estado nutricional,clasificacion a y b,2004-03-01,47,18,47,18,65
10401,PADILLA,estado nutricional,clasificacion a y b,2004-03-01,44,11,44,11,55
70502,PAILON,estado nutricional,clasificacion a y b,2004-03-01,77,20,77,20,97
20102,PALCA,estado nutricional,clasificacion a y b,2004-03-01,17,0,17,0,17
21104,PALOS BLANCOS,estado nutricional,clasificacion a y b,2004-03-01,85,26,85,26,111
40802,PAMPA AULLAGAS,estado nutricional,clasificacion a y b,2004-03-01,3,0,3,0,3
70902,PAMPA GRANDE,estado nutricional,clasificacion a y b,2004-03-01,19,0,19,0,19
21802,PAPEL PAMPA,estado nutricional,clasificacion a y b,2004-03-01,4,0,4,0,4
30202,PASORAPA,estado nutricional,clasificacion a y b,2004-03-01,2,0,2,0,2
21305,PATACAMAYA,estado nutricional,clasificacion a y b,2004-03-01,16,0,16,0,16
40602,PAZÑA,estado nutricional,clasificacion a y b,2004-03-01,6,1,6,1,7
20702,PELECHUCO,estado nutricional,clasificacion a y b,2004-03-01,4,1,4,1,5
50403,POCOATA,estado nutricional,clasificacion a y b,2004-03-01,25,11,25,11,36
31203,POCONA,estado nutricional,clasificacion a y b,2004-03-01,16,0,16,0,16
31202,POJO (CBBA),estado nutricional,clasificacion a y b,2004-03-01,116,27,116,27,143
40601,POOPO,estado nutricional,clasificacion a y b,2004-03-01,4,4,4,4,8
51203,PORCO,estado nutricional,clasificacion a y b,2004-03-01,7,0,7,0,7
10103,POROMA,estado nutricional,clasificacion a y b,2004-03-01,19,6,19,6,25
70103,PORONGO,estado nutricional,clasificacion a y b,2004-03-01,17,4,17,4,21
70601,PORTACHUELO,estado nutricional,clasificacion a y b,2004-03-01,181,55,181,55,236
90102,PORVENIR,estado nutricional,clasificacion a y b,2004-03-01,20,12,20,12,32
70804,POSTRER VALLE,estado nutricional,clasificacion a y b,2004-03-01,10,10,10,10,20
50101,POTOSI,estado nutricional,clasificacion a y b,2004-03-01,191,38,191,38,229
10302,PRESTO,estado nutricional,clasificacion a y b,2004-03-01,18,1,18,1,19
70805,PUCARA,estado nutricional,clasificacion a y b,2004-03-01,1,0,1,0,1
21201,PUCARANI,estado nutricional,clasificacion a y b,2004-03-01,62,7,62,7,69
20401,PUERTO ACOSTA,estado nutricional,clasificacion a y b,2004-03-01,19,15,19,15,34
20403,PUERTO CARABUCO,estado nutricional,clasificacion a y b,2004-03-01,17,1,17,1,18
90301,PUERTO GONZALO MORENO,estado nutricional,clasificacion a y b,2004-03-01,5,1,5,1,6
21204,PUERTO PEREZ,estado nutricional,clasificacion a y b,2004-03-01,19,2,19,2,21
71402,PUERTO QUIJARRO,estado nutricional,clasificacion a y b,2004-03-01,32,5,32,5,37
90201,PUERTO RICO,estado nutricional,clasificacion a y b,2004-03-01,5,4,5,4,9
80703,PUERTO SILES,estado nutricional,clasificacion a y b,2004-03-01,0,1,0,1,1
71401,PUERTO SUAREZ,estado nutricional,clasificacion a y b,2004-03-01,104,7,104,7,111
31205,PUERTO VILLARROEL,estado nutricional,clasificacion a y b,2004-03-01,208,46,208,46,254
51101,PUNA,estado nutricional,clasificacion a y b,2004-03-01,57,10,57,10,67
31401,PUNATA,estado nutricional,clasificacion a y b,2004-03-01,35,7,35,7,42
20604,QUIABAYA,estado nutricional,clasificacion a y b,2004-03-01,1,0,1,0,1
30901,QUILLACOLLO,estado nutricional,clasificacion a y b,2004-03-01,126,35,126,35,161
21002,QUIME,estado nutricional,clasificacion a y b,2004-03-01,13,3,13,3,16
70904,QUIRUSILLAS,estado nutricional,clasificacion a y b,2004-03-01,8,2,8,2,10
50402,RAVELO,estado nutricional,clasificacion a y b,2004-03-01,5,6,5,6,11
80301,REYES,estado nutricional,clasificacion a y b,2004-03-01,50,7,50,7,57
80201,RIBERALTA,estado nutricional,clasificacion a y b,2004-03-01,108,35,108,35,143
70503,ROBORE,estado nutricional,clasificacion a y b,2004-03-01,58,10,58,10,68
80304,RURRENABAQUE,estado nutricional,clasificacion a y b,2004-03-01,10,5,10,5,15
40901,SABAYA,estado nutricional,clasificacion a y b,2004-03-01,5,0,5,0,5
31001,SACABA,estado nutricional,clasificacion a y b,2004-03-01,30,43,30,43,73
30404,SACABAMBA,estado nutricional,clasificacion a y b,2004-03-01,1,0,1,0,1
50701,SACACA,estado nutricional,clasificacion a y b,2004-03-01,10,2,10,2,12
71302,SAIPINA,estado nutricional,clasificacion a y b,2004-03-01,65,26,65,26,91
40801,SALINAS DE GARCI MENDOZA,estado nutricional,clasificacion a y b,2004-03-01,8,3,8,3,11
70901,SAMAIPATA,estado nutricional,clasificacion a y b,2004-03-01,15,5,15,5,20
51601,SAN AGUSTIN,estado nutricional,clasificacion a y b,2004-03-01,5,2,5,2,7
80602,SAN ANDRES,estado nutricional,clasificacion a y b,2004-03-01,17,4,17,4,21
71105,SAN ANTONIO DE LOMERIO,estado nutricional,clasificacion a y b,2004-03-01,19,11,19,11,30
80302,SAN BORJA,estado nutricional,clasificacion a y b,2004-03-01,104,26,104,26,130
21502,SAN BUENA VENTURA,estado nutricional,clasificacion a y b,2004-03-01,19,4,19,4,23
70402,SAN CARLOS,estado nutricional,clasificacion a y b,2004-03-01,90,32,90,32,122
80501,SAN IGNACIO,estado nutricional,clasificacion a y b,2004-03-01,55,11,55,11,66
70301,SAN IGNACIO DE VELASCO,estado nutricional,clasificacion a y b,2004-03-01,187,16,187,16,203
80102,SAN JAVIER(BNI),estado nutricional,clasificacion a y b,2004-03-01,5,0,5,0,5
71102,SAN JAVIER(STC),estado nutricional,clasificacion a y b,2004-03-01,53,7,53,7,60
80701,SAN JOAQUIN,estado nutricional,clasificacion a y b,2004-03-01,5,2,5,2,7
70501,SAN JOSE DE CHIQUITOS,estado nutricional,clasificacion a y b,2004-03-01,51,3,51,3,54
71104,SAN JULIAN,estado nutricional,clasificacion a y b,2004-03-01,143,79,143,79,222
90302,SAN LORENZO(PND),estado nutricional,clasificacion a y b,2004-03-01,2,2,2,2,4
60501,SAN LORENZO(TJA),estado nutricional,clasificacion a y b,2004-03-01,18,3,18,3,21
10702,SAN LUCAS,estado nutricional,clasificacion a y b,2004-03-01,42,8,42,8,50
71201,SAN MATIAS,estado nutricional,clasificacion a y b,2004-03-01,52,22,52,22,74
70302,SAN MIGUEL DE VELASCO,estado nutricional,clasificacion a y b,2004-03-01,11,3,11,3,14
51001,SAN PABLO DE LIPEZ,estado nutricional,clasificacion a y b,2004-03-01,4,1,4,1,5
50501,SAN PEDRO DE BUENA VISTA,estado nutricional,clasificacion a y b,2004-03-01,22,16,22,16,38
21801,SAN PEDRO DE CURAHUARA,estado nutricional,clasificacion a y b,2004-03-01,10,6,10,6,16
21702,SAN PEDRO DE TIQUINA,estado nutricional,clasificacion a y b,2004-03-01,1,0,1,0,1
90202,SAN PEDRO(PND),estado nutricional,clasificacion a y b,2004-03-01,3,1,3,1,4
70303,SAN RAFAEL,estado nutricional,clasificacion a y b,2004-03-01,18,3,18,3,21
80702,SAN RAMON,estado nutricional,clasificacion a y b,2004-03-01,7,1,7,1,8
80401,SANTA ANA,estado nutricional,clasificacion a y b,2004-03-01,53,15,53,15,68
70101,SANTA CRUZ DE LA SIERRA,estado nutricional,clasificacion a y b,2004-03-01,3394,926,3394,926,4320
80303,SANTA ROSA,estado nutricional,clasificacion a y b,2004-03-01,24,16,24,16,40
70602,SANTA ROSA DEL SARA,estado nutricional,clasificacion a y b,2004-03-01,39,32,39,32,71
20308,SANTIAGO DE CALLAPA,estado nutricional,clasificacion a y b,2004-03-01,3,2,3,2,5
41401,SANTIAGO DE HUARI,estado nutricional,clasificacion a y b,2004-03-01,1,0,1,0,1
21901,SANTIAGO DE MACHACA,estado nutricional,clasificacion a y b,2004-03-01,5,0,5,0,5
30702,SANTIVAÑES,estado nutricional,clasificacion a y b,2004-03-01,8,1,8,1,9
40202,SANTUARIO DE QUILLACAS,estado nutricional,clasificacion a y b,2004-03-01,2,1,2,1,3
20902,SAPAHAQUI,estado nutricional,clasificacion a y b,2004-03-01,7,1,7,1,8
90303,SENA,estado nutricional,clasificacion a y b,2004-03-01,3,0,3,0,3
21301,SICA SICA (VILLA AROMA),estado nutricional,clasificacion a y b,2004-03-01,17,2,17,2,19
30703,SICAYA,estado nutricional,clasificacion a y b,2004-03-01,3,0,3,0,3
30902,SIPE SIPE,estado nutricional,clasificacion a y b,2004-03-01,89,21,89,21,110
10403,SOPACHUY,estado nutricional,clasificacion a y b,2004-03-01,17,1,17,1,18
20601,SORATA,estado nutricional,clasificacion a y b,2004-03-01,22,10,22,10,32
10101,SUCRE,estado nutricional,clasificacion a y b,2004-03-01,449,86,449,86,535
20603,TACACOMA,estado nutricional,clasificacion a y b,2004-03-01,12,4,12,4,16
50303,TACOBAMBA,estado nutricional,clasificacion a y b,2004-03-01,15,4,15,4,19
30602,TACOPAYA,estado nutricional,clasificacion a y b,2004-03-01,6,1,6,1,7
51402,TAHUA,estado nutricional,clasificacion a y b,2004-03-01,4,1,4,1,5
31101,TAPACARI,estado nutricional,clasificacion a y b,2004-03-01,25,7,25,7,32
10601,TARABUCO,estado nutricional,clasificacion a y b,2004-03-01,45,5,45,5,50
30401,TARATA,estado nutricional,clasificacion a y b,2004-03-01,25,2,25,2,27
60101,TARIJA,estado nutricional,clasificacion a y b,2004-03-01,555,195,555,195,750
10202,TARVITA,estado nutricional,clasificacion a y b,2004-03-01,36,3,36,3,39
20803,TIAWANACU,estado nutricional,clasificacion a y b,2004-03-01,35,7,35,7,42
50102,TINGUIPAYA,estado nutricional,clasificacion a y b,2004-03-01,4,3,4,3,7
20606,TIPUANI,estado nutricional,clasificacion a y b,2004-03-01,75,6,75,6,81
30903,TIQUIPAYA,estado nutricional,clasificacion a y b,2004-03-01,15,5,15,5,20
31601,TIRAQUE (CBBA),estado nutricional,clasificacion a y b,2004-03-01,146,25,146,25,171
21703,TITO YUPANQUI (PARQUIPUJIO),estado nutricional,clasificacion a y b,2004-03-01,1,0,1,0,1
30802,TOCO,estado nutricional,clasificacion a y b,2004-03-01,3,2,3,2,5
30803,TOLATA,estado nutricional,clasificacion a y b,2004-03-01,14,6,14,6,20
41001,TOLEDO,estado nutricional,clasificacion a y b,2004-03-01,2,4,2,4,6
51202,TOMAVE,estado nutricional,clasificacion a y b,2004-03-01,5,1,5,1,6
10402,TOMINA,estado nutricional,clasificacion a y b,2004-03-01,19,2,19,2,21
50502,TORO TORO,estado nutricional,clasificacion a y b,2004-03-01,20,4,20,4,24
31201,TOTORA(CBBA),estado nutricional,clasificacion a y b,2004-03-01,32,4,32,4,36
41301,TOTORA(ORR),estado nutricional,clasificacion a y b,2004-03-01,6,5,6,5,11
70802,TRIGAL,estado nutricional,clasificacion a y b,2004-03-01,11,1,11,1,12
80101,TRINIDAD,estado nutricional,clasificacion a y b,2004-03-01,266,99,266,99,365
50801,TUPIZA,estado nutricional,clasificacion a y b,2004-03-01,86,20,86,20,106
21302,UMALA,estado nutricional,clasificacion a y b,2004-03-01,2,5,2,5,7
50201,UNCIA,estado nutricional,clasificacion a y b,2004-03-01,10,2,10,2,12
60401,URIONDO (A. CONCEPCION),estado nutricional,clasificacion a y b,2004-03-01,78,16,78,16,94
71502,URUBICHA,estado nutricional,clasificacion a y b,2004-03-01,0,1,0,1,1
51201,UYUNI,estado nutricional,clasificacion a y b,2004-03-01,46,6,46,6,52
30502,VACAS,estado nutricional,clasificacion a y b,2004-03-01,14,6,14,6,20
70801,VALLEGRANDE,estado nutricional,clasificacion a y b,2004-03-01,45,6,45,6,51
20801,VIACHA,estado nutricional,clasificacion a y b,2004-03-01,88,29,88,29,117
31302,VILA VILA,estado nutricional,clasificacion a y b,2004-03-01,5,0,5,0,5
60303,VILLA MONTES,estado nutricional,clasificacion a y b,2004-03-01,87,8,87,8,95
90502,VILLA NUEVA (LOMA ALTA),estado nutricional,clasificacion a y b,2004-03-01,2,0,2,0,2
31402,VILLA RIVERO,estado nutricional,clasificacion a y b,2004-03-01,11,1,11,1,12
10801,VILLA SERRANO,estado nutricional,clasificacion a y b,2004-03-01,29,4,29,4,33
31003,VILLA TUNARI,estado nutricional,clasificacion a y b,2004-03-01,132,82,132,82,214
11001,VILLA VACA GUZMAN (MUYUPAMPA),estado nutricional,clasificacion a y b,2004-03-01,34,9,34,9,43
51501,VILLAZON,estado nutricional,clasificacion a y b,2004-03-01,103,13,103,13,116
30904,VINTO,estado nutricional,clasificacion a y b,2004-03-01,66,6,66,6,72
50602,VITICHI,estado nutricional,clasificacion a y b,2004-03-01,13,2,13,2,15
20306,WALDO BALLIVIAN,estado nutricional,clasificacion a y b,2004-03-01,3,2,3,2,5
70201,WARNES,estado nutricional,clasificacion a y b,2004-03-01,104,30,104,30,134
20903,YACO,estado nutricional,clasificacion a y b,2004-03-01,11,6,11,6,17
60301,YACUIBA,estado nutricional,clasificacion a y b,2004-03-01,263,22,263,22,285
10602,YAMPARAEZ,estado nutricional,clasificacion a y b,2004-03-01,21,3,21,3,24
21103,YANACACHI,estado nutricional,clasificacion a y b,2004-03-01,7,0,7,0,7
70403,YAPACANI,estado nutricional,clasificacion a y b,2004-03-01,208,28,208,28,236
50103,YOCALLA,estado nutricional,clasificacion a y b,2004-03-01,5,1,5,1,6
10102,YOTALA,estado nutricional,clasificacion a y b,2004-03-01,40,13,40,13,53
60402,YUNCHARA,estado nutricional,clasificacion a y b,2004-03-01,9,4,9,4,13
10301,ZUDAÑEZ,estado nutricional,clasificacion a y b,2004-03-01,37,8,37,8,45
51302,ACACIO,estado nutricional,clasificacion a y b,2004-04-01,4,2,4,2,6
20201,ACHACACHI,estado nutricional,clasificacion a y b,2004-04-01,55,17,55,17,72
20104,ACHOCALLA,estado nutricional,clasificacion a y b,2004-04-01,7,4,7,4,11
30201,AIQUILE,estado nutricional,clasificacion a y b,2004-04-01,25,14,25,14,39
31303,ALALAY,estado nutricional,clasificacion a y b,2004-04-01,2,0,2,0,2
10404,ALCALA,estado nutricional,clasificacion a y b,2004-04-01,5,1,5,1,6
20202,ANCORAIMES,estado nutricional,clasificacion a y b,2004-04-01,3,1,3,1,4
41201,ANDAMARCA,estado nutricional,clasificacion a y b,2004-04-01,2,0,2,0,2
40603,ANTEQUERA,estado nutricional,clasificacion a y b,2004-04-01,1,0,1,0,1
30402,ANZALDO,estado nutricional,clasificacion a y b,2004-04-01,10,0,10,0,10
20701,APOLO,estado nutricional,clasificacion a y b,2004-04-01,30,15,30,15,45
51301,ARAMPAMPA,estado nutricional,clasificacion a y b,2004-04-01,8,0,8,0,8
30501,ARANI,estado nutricional,clasificacion a y b,2004-04-01,9,2,9,2,11
30403,ARBIETO,estado nutricional,clasificacion a y b,2004-04-01,6,3,6,3,9
30601,ARQUE,estado nutricional,clasificacion a y b,2004-04-01,6,1,6,1,7
71501,ASCENCION DE GUARAYOS,estado nutricional,clasificacion a y b,2004-04-01,106,27,106,27,133
50802,ATOCHA,estado nutricional,clasificacion a y b,2004-04-01,18,11,18,11,29
20503,AUCAPATA,estado nutricional,clasificacion a y b,2004-04-01,8,3,8,3,11
20502,AYATA,estado nutricional,clasificacion a y b,2004-04-01,9,0,9,0,9
21303,AYO AYO,estado nutricional,clasificacion a y b,2004-04-01,16,7,16,7,23
30301,AYOPAYA (V. DE INDEPENDENCIA),estado nutricional,clasificacion a y b,2004-04-01,20,10,20,10,30
10201,AZURDUY,estado nutricional,clasificacion a y b,2004-04-01,13,8,13,8,21
21203,BATALLAS,estado nutricional,clasificacion a y b,2004-04-01,20,2,20,2,22
80802,BAURES,estado nutricional,clasificacion a y b,2004-04-01,17,3,17,3,20
41202,BELEN DE ANDAMARCA,estado nutricional,clasificacion a y b,2004-04-01,2,1,2,1,3
50104,BELEN DE URMIRI,estado nutricional,clasificacion a y b,2004-04-01,3,0,3,0,3
90104,BELLA FLOR,estado nutricional,clasificacion a y b,2004-04-01,7,7,7,7,14
60202,BERMEJO,estado nutricional,clasificacion a y b,2004-04-01,2,2,2,2,4
50301,BETANZOS,estado nutricional,clasificacion a y b,2004-04-01,21,3,21,3,24
31501,BOLIVAR,estado nutricional,clasificacion a y b,2004-04-01,5,4,5,4,9
70707,BOYUIBE,estado nutricional,clasificacion a y b,2004-04-01,11,2,11,2,13
70401,BUENA VISTA,estado nutricional,clasificacion a y b,2004-04-01,5,1,5,1,6
70703,CABEZAS,estado nutricional,clasificacion a y b,2004-04-01,41,21,41,21,62
20905,CAIROMA,estado nutricional,clasificacion a y b,2004-04-01,6,0,6,0,6
51102,"CAIZA ""D""",estado nutricional,clasificacion a y b,2004-04-01,18,2,18,2,20
21003,CAJUATA,estado nutricional,clasificacion a y b,2004-04-01,16,2,16,2,18
20303,CALACOTO,estado nutricional,clasificacion a y b,2004-04-01,8,2,8,2,10
21304,CALAMARCA,estado nutricional,clasificacion a y b,2004-04-01,12,1,12,1,13
10701,CAMARGO,estado nutricional,clasificacion a y b,2004-04-01,23,3,23,3,26
10901,CAMATAQUI (C. VILLA ABECIA),estado nutricional,clasificacion a y b,2004-04-01,6,0,6,0,6
70706,CAMIRI,estado nutricional,clasificacion a y b,2004-04-01,124,39,124,39,163
30701,CAPINOTA,estado nutricional,clasificacion a y b,2004-04-01,3,0,3,0,3
20302,CAQUIAVIRI,estado nutricional,clasificacion a y b,2004-04-01,22,4,22,4,26
40102,CARACOLLO,estado nutricional,clasificacion a y b,2004-04-01,7,8,7,8,15
22001,CARANAVI,estado nutricional,clasificacion a y b,2004-04-01,106,15,106,15,121
60302,CARAPARI,estado nutricional,clasificacion a y b,2004-04-01,18,5,18,5,23
50702,CARIPUYO,estado nutricional,clasificacion a y b,2004-04-01,8,0,8,0,8
21902,CATACORA,estado nutricional,clasificacion a y b,2004-04-01,2,0,2,0,2
40201,CHALLAPATA,estado nutricional,clasificacion a y b,2004-04-01,13,11,13,11,24
50302,CHAQUI,estado nutricional,clasificacion a y b,2004-04-01,14,2,14,2,16
70702,CHARAGUA,estado nutricional,clasificacion a y b,2004-04-01,60,29,60,29,89
50202,CHAYANTA,estado nutricional,clasificacion a y b,2004-04-01,14,4,14,4,18
31204,CHIMORE,estado nutricional,clasificacion a y b,2004-04-01,43,12,43,12,55
40903,CHIPAYA,estado nutricional,clasificacion a y b,2004-04-01,2,0,2,0,2
40302,CHOQUE COTA,estado nutricional,clasificacion a y b,2004-04-01,1,0,1,0,1
21101,CHULUMANI (V. DE LA LIBERTAD),estado nutricional,clasificacion a y b,2004-04-01,18,0,18,0,18
20501,CHUMA,estado nutricional,clasificacion a y b,2004-04-01,21,7,21,7,28
30801,CLIZA,estado nutricional,clasificacion a y b,2004-04-01,40,27,40,27,67
90101,COBIJA,estado nutricional,clasificacion a y b,2004-04-01,114,22,114,22,136
30101,COCHABAMBA,estado nutricional,clasificacion a y b,2004-04-01,2245,913,2245,913,3158
40902,COIPASA,estado nutricional,clasificacion a y b,2004-04-01,1,1,1,1,2
30905,COLCAPIRHUA,estado nutricional,clasificacion a y b,2004-04-01,45,8,45,8,53
50901,"COLCHA ""K""",estado nutricional,clasificacion a y b,2004-04-01,15,0,15,0,15
31002,COLOMI,estado nutricional,clasificacion a y b,2004-04-01,24,4,24,4,28
50401,COLQUECHACA,estado nutricional,clasificacion a y b,2004-04-01,8,2,8,2,10
21306,COLQUENCHA,estado nutricional,clasificacion a y b,2004-04-01,11,9,11,9,20
21004,COLQUIRI,estado nutricional,clasificacion a y b,2004-04-01,25,5,25,5,30
71301,COMARAPA,estado nutricional,clasificacion a y b,2004-04-01,74,20,74,20,94
20605,COMBAYA,estado nutricional,clasificacion a y b,2004-04-01,4,2,4,2,6
71101,CONCEPCION,estado nutricional,clasificacion a y b,2004-04-01,8,1,8,1,9
21701,COPACABANA,estado nutricional,clasificacion a y b,2004-04-01,21,1,21,1,22
21402,CORIPATA,estado nutricional,clasificacion a y b,2004-04-01,40,0,40,0,40
20301,CORO CORO,estado nutricional,clasificacion a y b,2004-04-01,15,10,15,10,25
21401,COROICO,estado nutricional,clasificacion a y b,2004-04-01,1,1,1,1,2
40301,CORQUE,estado nutricional,clasificacion a y b,2004-04-01,16,4,16,4,20
50601,COTAGAITA,estado nutricional,clasificacion a y b,2004-04-01,14,7,14,7,21
70102,COTOCA,estado nutricional,clasificacion a y b,2004-04-01,77,5,77,5,82
70704,CUEVO,estado nutricional,clasificacion a y b,2004-04-01,6,0,6,0,6
10902,CULPINA,estado nutricional,clasificacion a y b,2004-04-01,28,0,28,0,28
40401,CURAHUARA DE CARANGAS,estado nutricional,clasificacion a y b,2004-04-01,6,0,6,0,6
20804,DESAGUADERO,estado nutricional,clasificacion a y b,2004-04-01,1,0,1,0,1
20105,EL ALTO,estado nutricional,clasificacion a y b,2004-04-01,813,182,813,182,995
40103,EL CHORO,estado nutricional,clasificacion a y b,2004-04-01,4,0,4,0,4
71503,EL PUENTE(STC),estado nutricional,clasificacion a y b,2004-04-01,36,9,36,9,45
60502,EL PUENTE(TJA),estado nutricional,clasificacion a y b,2004-04-01,9,3,9,3,12
70105,EL TORNO,estado nutricional,clasificacion a y b,2004-04-01,80,8,80,8,88
10405,EL VILLAR,estado nutricional,clasificacion a y b,2004-04-01,10,12,10,12,22
60601,ENTRE RIOS,estado nutricional,clasificacion a y b,2004-04-01,49,18,49,18,67
41101,EUCALIPTUS,estado nutricional,clasificacion a y b,2004-04-01,6,1,6,1,7
90503,EUREKA (SANTOS MERCADO),estado nutricional,clasificacion a y b,2004-04-01,1,0,1,0,1
80402,EXALTACION,estado nutricional,clasificacion a y b,2004-04-01,7,9,7,9,16
71002,GENERAL SAAVEDRA,estado nutricional,clasificacion a y b,2004-04-01,34,25,34,25,59
21601,GRAL. J.J. PEREZ (CHARAZANI),estado nutricional,clasificacion a y b,2004-04-01,28,5,28,5,33
20602,GUANAY,estado nutricional,clasificacion a y b,2004-04-01,91,38,91,38,129
20802,GUAQUI,estado nutricional,clasificacion a y b,2004-04-01,7,2,7,2,9
80202,GUAYARAMERIN,estado nutricional,clasificacion a y b,2004-04-01,151,18,151,18,169
70705,GUTIERREZ,estado nutricional,clasificacion a y b,2004-04-01,52,14,52,14,66
10502,HUACARETA,estado nutricional,clasificacion a y b,2004-04-01,34,22,34,22,56
11002,HUACAYA (VILLA DE HUACAYA),estado nutricional,clasificacion a y b,2004-04-01,11,8,11,8,19
40701,HUANUNI,estado nutricional,clasificacion a y b,2004-04-01,62,4,62,4,66
80803,HUARACAJE,estado nutricional,clasificacion a y b,2004-04-01,14,8,14,8,22
41601,HUAYLLAMARCA,estado nutricional,clasificacion a y b,2004-04-01,1,0,1,0,1
21005,ICHOCA,estado nutricional,clasificacion a y b,2004-04-01,9,0,9,0,9
10304,ICLA,estado nutricional,clasificacion a y b,2004-04-01,21,6,21,6,27
10703,INCAHUASI,estado nutricional,clasificacion a y b,2004-04-01,27,4,27,4,31
21001,INQUISIVI,estado nutricional,clasificacion a y b,2004-04-01,14,16,14,16,30
21102,IRUPANA (VILLA DE LANZA),estado nutricional,clasificacion a y b,2004-04-01,54,43,54,43,97
21501,IXIAMAS,estado nutricional,clasificacion a y b,2004-04-01,41,14,41,14,55
21105,LA ASUNTA,estado nutricional,clasificacion a y b,2004-04-01,49,3,49,3,52
70104,LA GUARDIA,estado nutricional,clasificacion a y b,2004-04-01,96,25,96,25,121
20101,LA PAZ,estado nutricional,clasificacion a y b,2004-04-01,719,273,719,273,992
70701,LAGUNILLAS,estado nutricional,clasificacion a y b,2004-04-01,20,3,20,3,23
21202,LAJA,estado nutricional,clasificacion a y b,2004-04-01,24,10,24,10,34
10903,LAS CARRERAS,estado nutricional,clasificacion a y b,2004-04-01,10,2,10,2,12
21006,LICOMA PAMPA,estado nutricional,clasificacion a y b,2004-04-01,2,0,2,0,2
50203,LLALLAGUA,estado nutricional,clasificacion a y b,2004-04-01,44,52,44,52,96
51401,LLICA,estado nutricional,clasificacion a y b,2004-04-01,3,1,3,1,4
80601,LORETO,estado nutricional,clasificacion a y b,2004-04-01,8,1,8,1,9
20901,LURIBAY,estado nutricional,clasificacion a y b,2004-04-01,12,1,12,1,13
40702,MACHACAMARCA,estado nutricional,clasificacion a y b,2004-04-01,2,2,2,2,4
11003,MACHARETI,estado nutricional,clasificacion a y b,2004-04-01,47,13,47,13,60
80801,MAGDALENA,estado nutricional,clasificacion a y b,2004-04-01,13,2,13,2,15
70903,MAIRANA,estado nutricional,clasificacion a y b,2004-04-01,41,6,41,6,47
20103,MECAPACA,estado nutricional,clasificacion a y b,2004-04-01,4,5,4,5,9
71003,MINEROS,estado nutricional,clasificacion a y b,2004-04-01,188,27,188,27,215
31301,MIZQUE,estado nutricional,clasificacion a y b,2004-04-01,16,8,16,8,24
20402,MOCOMOCO,estado nutricional,clasificacion a y b,2004-04-01,25,13,25,13,38
51002,MOJINETE,estado nutricional,clasificacion a y b,2004-04-01,3,2,3,2,5
10303,MOJOCOYA,estado nutricional,clasificacion a y b,2004-04-01,22,6,22,6,28
10501,MONTEAGUDO,estado nutricional,clasificacion a y b,2004-04-01,81,19,81,19,100
71001,MONTERO,estado nutricional,clasificacion a y b,2004-04-01,334,79,334,79,413
70803,MORO MORO,estado nutricional,clasificacion a y b,2004-04-01,4,0,4,0,4
30302,MOROCHATA,estado nutricional,clasificacion a y b,2004-04-01,26,22,26,22,48
90401,NACEBE (SANTA ROSA DEL ABUNA),estado nutricional,clasificacion a y b,2004-04-01,2,0,2,0,2
20307,NAZACARA DE PACAJES,estado nutricional,clasificacion a y b,2004-04-01,1,0,1,0,1
50404,OCURI,estado nutricional,clasificacion a y b,2004-04-01,8,6,8,6,14
70202,OKINAWA,estado nutricional,clasificacion a y b,2004-04-01,16,5,16,5,21
30203,OMEREQUE,estado nutricional,clasificacion a y b,2004-04-01,8,3,8,3,11
40101,ORURO,estado nutricional,clasificacion a y b,2004-04-01,247,69,247,69,316
60201,PADCAYA,estado nutricional,clasificacion a y b,2004-04-01,26,69,26,69,95
10401,PADILLA,estado nutricional,clasificacion a y b,2004-04-01,34,9,34,9,43
70502,PAILON,estado nutricional,clasificacion a y b,2004-04-01,42,21,42,21,63
20102,PALCA,estado nutricional,clasificacion a y b,2004-04-01,10,0,10,0,10
21104,PALOS BLANCOS,estado nutricional,clasificacion a y b,2004-04-01,43,6,43,6,49
40802,PAMPA AULLAGAS,estado nutricional,clasificacion a y b,2004-04-01,8,0,8,0,8
70902,PAMPA GRANDE,estado nutricional,clasificacion a y b,2004-04-01,8,1,8,1,9
21802,PAPEL PAMPA,estado nutricional,clasificacion a y b,2004-04-01,4,0,4,0,4
30202,PASORAPA,estado nutricional,clasificacion a y b,2004-04-01,10,0,10,0,10
21305,PATACAMAYA,estado nutricional,clasificacion a y b,2004-04-01,30,2,30,2,32
40602,PAZÑA,estado nutricional,clasificacion a y b,2004-04-01,2,2,2,2,4
20702,PELECHUCO,estado nutricional,clasificacion a y b,2004-04-01,8,1,8,1,9
50403,POCOATA,estado nutricional,clasificacion a y b,2004-04-01,29,7,29,7,36
31203,POCONA,estado nutricional,clasificacion a y b,2004-04-01,19,3,19,3,22
31202,POJO (CBBA),estado nutricional,clasificacion a y b,2004-04-01,89,17,89,17,106
40601,POOPO,estado nutricional,clasificacion a y b,2004-04-01,1,1,1,1,2
51203,PORCO,estado nutricional,clasificacion a y b,2004-04-01,10,1,10,1,11
10103,POROMA,estado nutricional,clasificacion a y b,2004-04-01,37,11,37,11,48
70103,PORONGO,estado nutricional,clasificacion a y b,2004-04-01,20,2,20,2,22
70601,PORTACHUELO,estado nutricional,clasificacion a y b,2004-04-01,132,43,132,43,175
90102,PORVENIR,estado nutricional,clasificacion a y b,2004-04-01,15,8,15,8,23
70804,POSTRER VALLE,estado nutricional,clasificacion a y b,2004-04-01,0,1,0,1,1
50101,POTOSI,estado nutricional,clasificacion a y b,2004-04-01,154,14,154,14,168
10302,PRESTO,estado nutricional,clasificacion a y b,2004-04-01,20,5,20,5,25
70805,PUCARA,estado nutricional,clasificacion a y b,2004-04-01,1,1,1,1,2
21201,PUCARANI,estado nutricional,clasificacion a y b,2004-04-01,49,199,49,199,248
20401,PUERTO ACOSTA,estado nutricional,clasificacion a y b,2004-04-01,37,13,37,13,50
20403,PUERTO CARABUCO,estado nutricional,clasificacion a y b,2004-04-01,24,2,24,2,26
90301,PUERTO GONZALO MORENO,estado nutricional,clasificacion a y b,2004-04-01,21,1,21,1,22
21204,PUERTO PEREZ,estado nutricional,clasificacion a y b,2004-04-01,7,3,7,3,10
71402,PUERTO QUIJARRO,estado nutricional,clasificacion a y b,2004-04-01,47,8,47,8,55
90201,PUERTO RICO,estado nutricional,clasificacion a y b,2004-04-01,9,1,9,1,10
80703,PUERTO SILES,estado nutricional,clasificacion a y b,2004-04-01,3,4,3,4,7
71401,PUERTO SUAREZ,estado nutricional,clasificacion a y b,2004-04-01,61,13,61,13,74
31205,PUERTO VILLARROEL,estado nutricional,clasificacion a y b,2004-04-01,161,45,161,45,206
51101,PUNA,estado nutricional,clasificacion a y b,2004-04-01,10,2,10,2,12
31401,PUNATA,estado nutricional,clasificacion a y b,2004-04-01,27,16,27,16,43
20604,QUIABAYA,estado nutricional,clasificacion a y b,2004-04-01,3,0,3,0,3
30901,QUILLACOLLO,estado nutricional,clasificacion a y b,2004-04-01,90,21,90,21,111
21002,QUIME,estado nutricional,clasificacion a y b,2004-04-01,17,4,17,4,21
70904,QUIRUSILLAS,estado nutricional,clasificacion a y b,2004-04-01,7,4,7,4,11
50402,RAVELO,estado nutricional,clasificacion a y b,2004-04-01,10,3,10,3,13
80301,REYES,estado nutricional,clasificacion a y b,2004-04-01,70,95,70,95,165
80201,RIBERALTA,estado nutricional,clasificacion a y b,2004-04-01,106,53,106,53,159
70503,ROBORE,estado nutricional,clasificacion a y b,2004-04-01,45,9,45,9,54
80304,RURRENABAQUE,estado nutricional,clasificacion a y b,2004-04-01,30,2,30,2,32
40901,SABAYA,estado nutricional,clasificacion a y b,2004-04-01,3,0,3,0,3
31001,SACABA,estado nutricional,clasificacion a y b,2004-04-01,21,2,21,2,23
30404,SACABAMBA,estado nutricional,clasificacion a y b,2004-04-01,3,0,3,0,3
50701,SACACA,estado nutricional,clasificacion a y b,2004-04-01,8,0,8,0,8
71302,SAIPINA,estado nutricional,clasificacion a y b,2004-04-01,52,27,52,27,79
40801,SALINAS DE GARCI MENDOZA,estado nutricional,clasificacion a y b,2004-04-01,5,5,5,5,10
70901,SAMAIPATA,estado nutricional,clasificacion a y b,2004-04-01,22,6,22,6,28
51601,SAN AGUSTIN,estado nutricional,clasificacion a y b,2004-04-01,3,0,3,0,3
80602,SAN ANDRES,estado nutricional,clasificacion a y b,2004-04-01,19,1,19,1,20
71105,SAN ANTONIO DE LOMERIO,estado nutricional,clasificacion a y b,2004-04-01,16,9,16,9,25
31403,SAN BENITO,estado nutricional,clasificacion a y b,2004-04-01,7,0,7,0,7
80302,SAN BORJA,estado nutricional,clasificacion a y b,2004-04-01,96,7,96,7,103
21502,SAN BUENA VENTURA,estado nutricional,clasificacion a y b,2004-04-01,16,3,16,3,19
70402,SAN CARLOS,estado nutricional,clasificacion a y b,2004-04-01,113,30,113,30,143
80501,SAN IGNACIO,estado nutricional,clasificacion a y b,2004-04-01,47,13,47,13,60
70301,SAN IGNACIO DE VELASCO,estado nutricional,clasificacion a y b,2004-04-01,190,20,190,20,210
80102,SAN JAVIER(BNI),estado nutricional,clasificacion a y b,2004-04-01,6,1,6,1,7
71102,SAN JAVIER(STC),estado nutricional,clasificacion a y b,2004-04-01,52,2,52,2,54
80701,SAN JOAQUIN,estado nutricional,clasificacion a y b,2004-04-01,4,1,4,1,5
70501,SAN JOSE DE CHIQUITOS,estado nutricional,clasificacion a y b,2004-04-01,59,2,59,2,61
71104,SAN JULIAN,estado nutricional,clasificacion a y b,2004-04-01,123,39,123,39,162
90302,SAN LORENZO(PND),estado nutricional,clasificacion a y b,2004-04-01,7,0,7,0,7
60501,SAN LORENZO(TJA),estado nutricional,clasificacion a y b,2004-04-01,14,3,14,3,17
10702,SAN LUCAS,estado nutricional,clasificacion a y b,2004-04-01,49,10,49,10,59
71201,SAN MATIAS,estado nutricional,clasificacion a y b,2004-04-01,57,10,57,10,67
70302,SAN MIGUEL DE VELASCO,estado nutricional,clasificacion a y b,2004-04-01,22,5,22,5,27
51001,SAN PABLO DE LIPEZ,estado nutricional,clasificacion a y b,2004-04-01,5,0,5,0,5
50501,SAN PEDRO DE BUENA VISTA,estado nutricional,clasificacion a y b,2004-04-01,18,6,18,6,24
21801,SAN PEDRO DE CURAHUARA,estado nutricional,clasificacion a y b,2004-04-01,8,2,8,2,10
50902,SAN PEDRO DE QUEMES,estado nutricional,clasificacion a y b,2004-04-01,1,0,1,0,1
21702,SAN PEDRO DE TIQUINA,estado nutricional,clasificacion a y b,2004-04-01,2,0,2,0,2
70303,SAN RAFAEL,estado nutricional,clasificacion a y b,2004-04-01,7,3,7,3,10
80401,SANTA ANA,estado nutricional,clasificacion a y b,2004-04-01,45,16,45,16,61
70101,SANTA CRUZ DE LA SIERRA,estado nutricional,clasificacion a y b,2004-04-01,2591,1294,2591,1294,3885
80303,SANTA ROSA,estado nutricional,clasificacion a y b,2004-04-01,15,1,15,1,16
70602,SANTA ROSA DEL SARA,estado nutricional,clasificacion a y b,2004-04-01,30,23,30,23,53
20308,SANTIAGO DE CALLAPA,estado nutricional,clasificacion a y b,2004-04-01,9,4,9,4,13
41401,SANTIAGO DE HUARI,estado nutricional,clasificacion a y b,2004-04-01,5,2,5,2,7
21901,SANTIAGO DE MACHACA,estado nutricional,clasificacion a y b,2004-04-01,5,0,5,0,5
30702,SANTIVAÑES,estado nutricional,clasificacion a y b,2004-04-01,5,3,5,3,8
40202,SANTUARIO DE QUILLACAS,estado nutricional,clasificacion a y b,2004-04-01,4,0,4,0,4
20902,SAPAHAQUI,estado nutricional,clasificacion a y b,2004-04-01,6,1,6,1,7
90303,SENA,estado nutricional,clasificacion a y b,2004-04-01,3,0,3,0,3
21301,SICA SICA (VILLA AROMA),estado nutricional,clasificacion a y b,2004-04-01,13,2,13,2,15
30703,SICAYA,estado nutricional,clasificacion a y b,2004-04-01,1,0,1,0,1
30902,SIPE SIPE,estado nutricional,clasificacion a y b,2004-04-01,68,16,68,16,84
10403,SOPACHUY,estado nutricional,clasificacion a y b,2004-04-01,3,1,3,1,4
20601,SORATA,estado nutricional,clasificacion a y b,2004-04-01,11,5,11,5,16
10101,SUCRE,estado nutricional,clasificacion a y b,2004-04-01,353,86,353,86,439
31404,TACACHI,estado nutricional,clasificacion a y b,2004-04-01,0,1,0,1,1
20603,TACACOMA,estado nutricional,clasificacion a y b,2004-04-01,1,0,1,0,1
50303,TACOBAMBA,estado nutricional,clasificacion a y b,2004-04-01,6,2,6,2,8
30602,TACOPAYA,estado nutricional,clasificacion a y b,2004-04-01,7,2,7,2,9
51402,TAHUA,estado nutricional,clasificacion a y b,2004-04-01,2,0,2,0,2
31101,TAPACARI,estado nutricional,clasificacion a y b,2004-04-01,19,3,19,3,22
10601,TARABUCO,estado nutricional,clasificacion a y b,2004-04-01,50,5,50,5,55
30401,TARATA,estado nutricional,clasificacion a y b,2004-04-01,16,1,16,1,17
60101,TARIJA,estado nutricional,clasificacion a y b,2004-04-01,565,154,565,154,719
10202,TARVITA,estado nutricional,clasificacion a y b,2004-04-01,6,2,6,2,8
20803,TIAWANACU,estado nutricional,clasificacion a y b,2004-04-01,17,3,17,3,20
50102,TINGUIPAYA,estado nutricional,clasificacion a y b,2004-04-01,3,0,3,0,3
20606,TIPUANI,estado nutricional,clasificacion a y b,2004-04-01,70,3,70,3,73
30903,TIQUIPAYA,estado nutricional,clasificacion a y b,2004-04-01,15,5,15,5,20
31601,TIRAQUE (CBBA),estado nutricional,clasificacion a y b,2004-04-01,129,19,129,19,148
21703,TITO YUPANQUI (PARQUIPUJIO),estado nutricional,clasificacion a y b,2004-04-01,2,0,2,0,2
30802,TOCO,estado nutricional,clasificacion a y b,2004-04-01,0,6,0,6,6
30803,TOLATA,estado nutricional,clasificacion a y b,2004-04-01,6,4,6,4,10
41001,TOLEDO,estado nutricional,clasificacion a y b,2004-04-01,4,0,4,0,4
51202,TOMAVE,estado nutricional,clasificacion a y b,2004-04-01,7,0,7,0,7
10402,TOMINA,estado nutricional,clasificacion a y b,2004-04-01,37,9,37,9,46
50502,TORO TORO,estado nutricional,clasificacion a y b,2004-04-01,16,1,16,1,17
31201,TOTORA(CBBA),estado nutricional,clasificacion a y b,2004-04-01,22,5,22,5,27
41301,TOTORA(ORR),estado nutricional,clasificacion a y b,2004-04-01,7,1,7,1,8
70802,TRIGAL,estado nutricional,clasificacion a y b,2004-04-01,1,0,1,0,1
80101,TRINIDAD,estado nutricional,clasificacion a y b,2004-04-01,214,119,214,119,333
50801,TUPIZA,estado nutricional,clasificacion a y b,2004-04-01,76,22,76,22,98
21302,UMALA,estado nutricional,clasificacion a y b,2004-04-01,10,8,10,8,18
50201,UNCIA,estado nutricional,clasificacion a y b,2004-04-01,13,6,13,6,19
60401,URIONDO (A. CONCEPCION),estado nutricional,clasificacion a y b,2004-04-01,52,19,52,19,71
71502,URUBICHA,estado nutricional,clasificacion a y b,2004-04-01,4,5,4,5,9
51201,UYUNI,estado nutricional,clasificacion a y b,2004-04-01,59,16,59,16,75
30502,VACAS,estado nutricional,clasificacion a y b,2004-04-01,13,2,13,2,15
70801,VALLEGRANDE,estado nutricional,clasificacion a y b,2004-04-01,14,5,14,5,19
20801,VIACHA,estado nutricional,clasificacion a y b,2004-04-01,96,20,96,20,116
31302,VILA VILA,estado nutricional,clasificacion a y b,2004-04-01,3,0,3,0,3
60303,VILLA MONTES,estado nutricional,clasificacion a y b,2004-04-01,96,9,96,9,105
90502,VILLA NUEVA (LOMA ALTA),estado nutricional,clasificacion a y b,2004-04-01,4,0,4,0,4
31402,VILLA RIVERO,estado nutricional,clasificacion a y b,2004-04-01,22,3,22,3,25
10801,VILLA SERRANO,estado nutricional,clasificacion a y b,2004-04-01,34,1,34,1,35
31003,VILLA TUNARI,estado nutricional,clasificacion a y b,2004-04-01,106,35,106,35,141
11001,VILLA VACA GUZMAN (MUYUPAMPA),estado nutricional,clasificacion a y b,2004-04-01,36,12,36,12,48
51501,VILLAZON,estado nutricional,clasificacion a y b,2004-04-01,80,9,80,9,89
30904,VINTO,estado nutricional,clasificacion a y b,2004-04-01,74,5,74,5,79
50602,VITICHI,estado nutricional,clasificacion a y b,2004-04-01,4,0,4,0,4
20306,WALDO BALLIVIAN,estado nutricional,clasificacion a y b,2004-04-01,2,1,2,1,3
70201,WARNES,estado nutricional,clasificacion a y b,2004-04-01,90,11,90,11,101
20903,YACO,estado nutricional,clasificacion a y b,2004-04-01,10,1,10,1,11
60301,YACUIBA,estado nutricional,clasificacion a y b,2004-04-01,174,19,174,19,193
10602,YAMPARAEZ,estado nutricional,clasificacion a y b,2004-04-01,22,3,22,3,25
21103,YANACACHI,estado nutricional,clasificacion a y b,2004-04-01,13,4,13,4,17
70403,YAPACANI,estado nutricional,clasificacion a y b,2004-04-01,221,25,221,25,246
50103,YOCALLA,estado nutricional,clasificacion a y b,2004-04-01,8,2,8,2,10
10102,YOTALA,estado nutricional,clasificacion a y b,2004-04-01,32,12,32,12,44
60402,YUNCHARA,estado nutricional,clasificacion a y b,2004-04-01,2,0,2,0,2
10301,ZUDAÑEZ,estado nutricional,clasificacion a y b,2004-04-01,22,12,22,12,34
51302,ACACIO,estado nutricional,clasificacion a y b,2004-05-01,5,2,5,2,7
20201,ACHACACHI,estado nutricional,clasificacion a y b,2004-05-01,56,22,56,22,78
20104,ACHOCALLA,estado nutricional,clasificacion a y b,2004-05-01,7,0,7,0,7
30201,AIQUILE,estado nutricional,clasificacion a y b,2004-05-01,20,3,20,3,23
31303,ALALAY,estado nutricional,clasificacion a y b,2004-05-01,5,0,5,0,5
10404,ALCALA,estado nutricional,clasificacion a y b,2004-05-01,2,4,2,4,6
20202,ANCORAIMES,estado nutricional,clasificacion a y b,2004-05-01,11,2,11,2,13
40603,ANTEQUERA,estado nutricional,clasificacion a y b,2004-05-01,1,0,1,0,1
30402,ANZALDO,estado nutricional,clasificacion a y b,2004-05-01,10,2,10,2,12
20701,APOLO,estado nutricional,clasificacion a y b,2004-05-01,28,0,28,0,28
51301,ARAMPAMPA,estado nutricional,clasificacion a y b,2004-05-01,10,16,10,16,26
30501,ARANI,estado nutricional,clasificacion a y b,2004-05-01,1,5,1,5,6
30403,ARBIETO,estado nutricional,clasificacion a y b,2004-05-01,7,0,7,0,7
30601,ARQUE,estado nutricional,clasificacion a y b,2004-05-01,9,0,9,0,9
50802,ATOCHA,estado nutricional,clasificacion a y b,2004-05-01,12,3,12,3,15
20503,AUCAPATA,estado nutricional,clasificacion a y b,2004-05-01,4,2,4,2,6
20502,AYATA,estado nutricional,clasificacion a y b,2004-05-01,7,0,7,0,7
21303,AYO AYO,estado nutricional,clasificacion a y b,2004-05-01,15,6,15,6,21
30301,AYOPAYA (V. DE INDEPENDENCIA),estado nutricional,clasificacion a y b,2004-05-01,17,1,17,1,18
10201,AZURDUY,estado nutricional,clasificacion a y b,2004-05-01,26,7,26,7,33
21203,BATALLAS,estado nutricional,clasificacion a y b,2004-05-01,22,4,22,4,26
80802,BAURES,estado nutricional,clasificacion a y b,2004-05-01,15,4,15,4,19
50104,BELEN DE URMIRI,estado nutricional,clasificacion a y b,2004-05-01,4,1,4,1,5
90104,BELLA FLOR,estado nutricional,clasificacion a y b,2004-05-01,9,4,9,4,13
60202,BERMEJO,estado nutricional,clasificacion a y b,2004-05-01,7,2,7,2,9
50301,BETANZOS,estado nutricional,clasificacion a y b,2004-05-01,50,5,50,5,55
31501,BOLIVAR,estado nutricional,clasificacion a y b,2004-05-01,4,2,4,2,6
70707,BOYUIBE,estado nutricional,clasificacion a y b,2004-05-01,18,16,18,16,34
70401,BUENA VISTA,estado nutricional,clasificacion a y b,2004-05-01,56,43,56,43,99
70703,CABEZAS,estado nutricional,clasificacion a y b,2004-05-01,48,11,48,11,59
20905,CAIROMA,estado nutricional,clasificacion a y b,2004-05-01,16,1,16,1,17
51102,"CAIZA ""D""",estado nutricional,clasificacion a y b,2004-05-01,13,0,13,0,13
21003,CAJUATA,estado nutricional,clasificacion a y b,2004-05-01,28,8,28,8,36
20303,CALACOTO,estado nutricional,clasificacion a y b,2004-05-01,2,0,2,0,2
21304,CALAMARCA,estado nutricional,clasificacion a y b,2004-05-01,1,0,1,0,1
10701,CAMARGO,estado nutricional,clasificacion a y b,2004-05-01,20,7,20,7,27
10901,CAMATAQUI (C. VILLA ABECIA),estado nutricional,clasificacion a y b,2004-05-01,5,1,5,1,6
70706,CAMIRI,estado nutricional,clasificacion a y b,2004-05-01,158,31,158,31,189
30701,CAPINOTA,estado nutricional,clasificacion a y b,2004-05-01,8,0,8,0,8
20302,CAQUIAVIRI,estado nutricional,clasificacion a y b,2004-05-01,13,2,13,2,15
40102,CARACOLLO,estado nutricional,clasificacion a y b,2004-05-01,20,4,20,4,24
22001,CARANAVI,estado nutricional,clasificacion a y b,2004-05-01,118,32,118,32,150
60302,CARAPARI,estado nutricional,clasificacion a y b,2004-05-01,47,10,47,10,57
50702,CARIPUYO,estado nutricional,clasificacion a y b,2004-05-01,0,2,0,2,2
21803,CHACARILLA,estado nutricional,clasificacion a y b,2004-05-01,2,3,2,3,5
40201,CHALLAPATA,estado nutricional,clasificacion a y b,2004-05-01,3,9,3,9,12
50302,CHAQUI,estado nutricional,clasificacion a y b,2004-05-01,10,2,10,2,12
70702,CHARAGUA,estado nutricional,clasificacion a y b,2004-05-01,61,24,61,24,85
20305,CHARAÑA,estado nutricional,clasificacion a y b,2004-05-01,1,0,1,0,1
50202,CHAYANTA,estado nutricional,clasificacion a y b,2004-05-01,10,4,10,4,14
31204,CHIMORE,estado nutricional,clasificacion a y b,2004-05-01,28,11,28,11,39
40903,CHIPAYA,estado nutricional,clasificacion a y b,2004-05-01,2,0,2,0,2
40302,CHOQUE COTA,estado nutricional,clasificacion a y b,2004-05-01,3,0,3,0,3
21101,CHULUMANI (V. DE LA LIBERTAD),estado nutricional,clasificacion a y b,2004-05-01,6,1,6,1,7
20501,CHUMA,estado nutricional,clasificacion a y b,2004-05-01,11,3,11,3,14
30801,CLIZA,estado nutricional,clasificacion a y b,2004-05-01,69,12,69,12,81
90101,COBIJA,estado nutricional,clasificacion a y b,2004-05-01,98,14,98,14,112
30101,COCHABAMBA,estado nutricional,clasificacion a y b,2004-05-01,2169,853,2169,853,3022
40902,COIPASA,estado nutricional,clasificacion a y b,2004-05-01,5,1,5,1,6
30905,COLCAPIRHUA,estado nutricional,clasificacion a y b,2004-05-01,24,2,24,2,26
50901,"COLCHA ""K""",estado nutricional,clasificacion a y b,2004-05-01,13,3,13,3,16
31002,COLOMI,estado nutricional,clasificacion a y b,2004-05-01,16,5,16,5,21
50401,COLQUECHACA,estado nutricional,clasificacion a y b,2004-05-01,31,1,31,1,32
21306,COLQUENCHA,estado nutricional,clasificacion a y b,2004-05-01,30,6,30,6,36
21004,COLQUIRI,estado nutricional,clasificacion a y b,2004-05-01,24,1,24,1,25
71301,COMARAPA,estado nutricional,clasificacion a y b,2004-05-01,88,21,88,21,109
20605,COMBAYA,estado nutricional,clasificacion a y b,2004-05-01,1,1,1,1,2
71101,CONCEPCION,estado nutricional,clasificacion a y b,2004-05-01,5,0,5,0,5
21701,COPACABANA,estado nutricional,clasificacion a y b,2004-05-01,9,1,9,1,10
21402,CORIPATA,estado nutricional,clasificacion a y b,2004-05-01,19,0,19,0,19
20301,CORO CORO,estado nutricional,clasificacion a y b,2004-05-01,9,0,9,0,9
21401,COROICO,estado nutricional,clasificacion a y b,2004-05-01,38,10,38,10,48
40301,CORQUE,estado nutricional,clasificacion a y b,2004-05-01,11,3,11,3,14
50601,COTAGAITA,estado nutricional,clasificacion a y b,2004-05-01,32,14,32,14,46
70102,COTOCA,estado nutricional,clasificacion a y b,2004-05-01,68,10,68,10,78
31405,CUCHUMUELA (V. G. VILLARROEL),estado nutricional,clasificacion a y b,2004-05-01,3,0,3,0,3
70704,CUEVO,estado nutricional,clasificacion a y b,2004-05-01,10,4,10,4,14
10902,CULPINA,estado nutricional,clasificacion a y b,2004-05-01,33,4,33,4,37
40401,CURAHUARA DE CARANGAS,estado nutricional,clasificacion a y b,2004-05-01,7,0,7,0,7
21602,CURVA,estado nutricional,clasificacion a y b,2004-05-01,2,0,2,0,2
20804,DESAGUADERO,estado nutricional,clasificacion a y b,2004-05-01,1,0,1,0,1
20105,EL ALTO,estado nutricional,clasificacion a y b,2004-05-01,714,143,714,143,857
40103,EL CHORO,estado nutricional,clasificacion a y b,2004-05-01,8,4,8,4,12
71503,EL PUENTE(STC),estado nutricional,clasificacion a y b,2004-05-01,12,5,12,5,17
60502,EL PUENTE(TJA),estado nutricional,clasificacion a y b,2004-05-01,21,5,21,5,26
70105,EL TORNO,estado nutricional,clasificacion a y b,2004-05-01,104,12,104,12,116
10405,EL VILLAR,estado nutricional,clasificacion a y b,2004-05-01,9,3,9,3,12
60601,ENTRE RIOS,estado nutricional,clasificacion a y b,2004-05-01,50,18,50,18,68
41101,EUCALIPTUS,estado nutricional,clasificacion a y b,2004-05-01,16,6,16,6,22
80402,EXALTACION,estado nutricional,clasificacion a y b,2004-05-01,2,4,2,4,6
90203,FILADELFIA,estado nutricional,clasificacion a y b,2004-05-01,5,1,5,1,6
71002,GENERAL SAAVEDRA,estado nutricional,clasificacion a y b,2004-05-01,45,49,45,49,94
21601,GRAL. J.J. PEREZ (CHARAZANI),estado nutricional,clasificacion a y b,2004-05-01,21,0,21,0,21
20602,GUANAY,estado nutricional,clasificacion a y b,2004-05-01,130,49,130,49,179
20802,GUAQUI,estado nutricional,clasificacion a y b,2004-05-01,10,2,10,2,12
80202,GUAYARAMERIN,estado nutricional,clasificacion a y b,2004-05-01,120,14,120,14,134
70705,GUTIERREZ,estado nutricional,clasificacion a y b,2004-05-01,41,11,41,11,52
10502,HUACARETA,estado nutricional,clasificacion a y b,2004-05-01,23,16,23,16,39
11002,HUACAYA (VILLA DE HUACAYA),estado nutricional,clasificacion a y b,2004-05-01,0,2,0,2,2
40501,HUACHACALLA,estado nutricional,clasificacion a y b,2004-05-01,2,0,2,0,2
40701,HUANUNI,estado nutricional,clasificacion a y b,2004-05-01,48,2,48,2,50
80803,HUARACAJE,estado nutricional,clasificacion a y b,2004-05-01,11,10,11,10,21
21005,ICHOCA,estado nutricional,clasificacion a y b,2004-05-01,21,14,21,14,35
10304,ICLA,estado nutricional,clasificacion a y b,2004-05-01,17,2,17,2,19
10703,INCAHUASI,estado nutricional,clasificacion a y b,2004-05-01,39,1,39,1,40
21001,INQUISIVI,estado nutricional,clasificacion a y b,2004-05-01,32,22,32,22,54
21102,IRUPANA (VILLA DE LANZA),estado nutricional,clasificacion a y b,2004-05-01,52,11,52,11,63
21501,IXIAMAS,estado nutricional,clasificacion a y b,2004-05-01,37,16,37,16,53
21105,LA ASUNTA,estado nutricional,clasificacion a y b,2004-05-01,85,32,85,32,117
70104,LA GUARDIA,estado nutricional,clasificacion a y b,2004-05-01,84,28,84,28,112
20101,LA PAZ,estado nutricional,clasificacion a y b,2004-05-01,567,165,567,165,732
41501,LA RIVERA,estado nutricional,clasificacion a y b,2004-05-01,1,1,1,1,2
70701,LAGUNILLAS,estado nutricional,clasificacion a y b,2004-05-01,20,1,20,1,21
21202,LAJA,estado nutricional,clasificacion a y b,2004-05-01,29,7,29,7,36
10903,LAS CARRERAS,estado nutricional,clasificacion a y b,2004-05-01,12,4,12,4,16
21006,LICOMA PAMPA,estado nutricional,clasificacion a y b,2004-05-01,1,0,1,0,1
50203,LLALLAGUA,estado nutricional,clasificacion a y b,2004-05-01,27,15,27,15,42
51401,LLICA,estado nutricional,clasificacion a y b,2004-05-01,2,0,2,0,2
80601,LORETO,estado nutricional,clasificacion a y b,2004-05-01,7,6,7,6,13
20901,LURIBAY,estado nutricional,clasificacion a y b,2004-05-01,8,1,8,1,9
40702,MACHACAMARCA,estado nutricional,clasificacion a y b,2004-05-01,1,0,1,0,1
11003,MACHARETI,estado nutricional,clasificacion a y b,2004-05-01,56,33,56,33,89
80801,MAGDALENA,estado nutricional,clasificacion a y b,2004-05-01,15,2,15,2,17
70903,MAIRANA,estado nutricional,clasificacion a y b,2004-05-01,57,12,57,12,69
20904,MALLA,estado nutricional,clasificacion a y b,2004-05-01,2,0,2,0,2
20103,MECAPACA,estado nutricional,clasificacion a y b,2004-05-01,2,2,2,2,4
71003,MINEROS,estado nutricional,clasificacion a y b,2004-05-01,206,58,206,58,264
31301,MIZQUE,estado nutricional,clasificacion a y b,2004-05-01,17,3,17,3,20
20402,MOCOMOCO,estado nutricional,clasificacion a y b,2004-05-01,29,4,29,4,33
51002,MOJINETE,estado nutricional,clasificacion a y b,2004-05-01,1,1,1,1,2
10303,MOJOCOYA,estado nutricional,clasificacion a y b,2004-05-01,28,7,28,7,35
10501,MONTEAGUDO,estado nutricional,clasificacion a y b,2004-05-01,76,29,76,29,105
71001,MONTERO,estado nutricional,clasificacion a y b,2004-05-01,382,95,382,95,477
70803,MORO MORO,estado nutricional,clasificacion a y b,2004-05-01,0,1,0,1,1
30302,MOROCHATA,estado nutricional,clasificacion a y b,2004-05-01,9,0,9,0,9
90401,NACEBE (SANTA ROSA DEL ABUNA),estado nutricional,clasificacion a y b,2004-05-01,2,1,2,1,3
50404,OCURI,estado nutricional,clasificacion a y b,2004-05-01,10,3,10,3,13
70202,OKINAWA,estado nutricional,clasificacion a y b,2004-05-01,8,8,8,8,16
30203,OMEREQUE,estado nutricional,clasificacion a y b,2004-05-01,15,2,15,2,17
40101,ORURO,estado nutricional,clasificacion a y b,2004-05-01,289,45,289,45,334
60201,PADCAYA,estado nutricional,clasificacion a y b,2004-05-01,29,35,29,35,64
10401,PADILLA,estado nutricional,clasificacion a y b,2004-05-01,15,2,15,2,17
70502,PAILON,estado nutricional,clasificacion a y b,2004-05-01,45,10,45,10,55
20102,PALCA,estado nutricional,clasificacion a y b,2004-05-01,25,3,25,3,28
21104,PALOS BLANCOS,estado nutricional,clasificacion a y b,2004-05-01,49,5,49,5,54
40802,PAMPA AULLAGAS,estado nutricional,clasificacion a y b,2004-05-01,8,1,8,1,9
70902,PAMPA GRANDE,estado nutricional,clasificacion a y b,2004-05-01,23,10,23,10,33
21802,PAPEL PAMPA,estado nutricional,clasificacion a y b,2004-05-01,5,0,5,0,5
30202,PASORAPA,estado nutricional,clasificacion a y b,2004-05-01,9,3,9,3,12
21305,PATACAMAYA,estado nutricional,clasificacion a y b,2004-05-01,8,0,8,0,8
40602,PAZÑA,estado nutricional,clasificacion a y b,2004-05-01,1,1,1,1,2
20702,PELECHUCO,estado nutricional,clasificacion a y b,2004-05-01,2,0,2,0,2
50403,POCOATA,estado nutricional,clasificacion a y b,2004-05-01,13,9,13,9,22
31203,POCONA,estado nutricional,clasificacion a y b,2004-05-01,8,1,8,1,9
31202,POJO (CBBA),estado nutricional,clasificacion a y b,2004-05-01,44,9,44,9,53
40601,POOPO,estado nutricional,clasificacion a y b,2004-05-01,0,1,0,1,1
51203,PORCO,estado nutricional,clasificacion a y b,2004-05-01,22,4,22,4,26
10103,POROMA,estado nutricional,clasificacion a y b,2004-05-01,19,5,19,5,24
70103,PORONGO,estado nutricional,clasificacion a y b,2004-05-01,7,3,7,3,10
70601,PORTACHUELO,estado nutricional,clasificacion a y b,2004-05-01,114,30,114,30,144
90102,PORVENIR,estado nutricional,clasificacion a y b,2004-05-01,23,7,23,7,30
70804,POSTRER VALLE,estado nutricional,clasificacion a y b,2004-05-01,13,6,13,6,19
50101,POTOSI,estado nutricional,clasificacion a y b,2004-05-01,173,20,173,20,193
10302,PRESTO,estado nutricional,clasificacion a y b,2004-05-01,25,2,25,2,27
21201,PUCARANI,estado nutricional,clasificacion a y b,2004-05-01,55,5,55,5,60
20401,PUERTO ACOSTA,estado nutricional,clasificacion a y b,2004-05-01,30,18,30,18,48
20403,PUERTO CARABUCO,estado nutricional,clasificacion a y b,2004-05-01,31,0,31,0,31
90301,PUERTO GONZALO MORENO,estado nutricional,clasificacion a y b,2004-05-01,17,1,17,1,18
21204,PUERTO PEREZ,estado nutricional,clasificacion a y b,2004-05-01,15,7,15,7,22
71402,PUERTO QUIJARRO,estado nutricional,clasificacion a y b,2004-05-01,42,6,42,6,48
90201,PUERTO RICO,estado nutricional,clasificacion a y b,2004-05-01,12,0,12,0,12
80703,PUERTO SILES,estado nutricional,clasificacion a y b,2004-05-01,3,0,3,0,3
71401,PUERTO SUAREZ,estado nutricional,clasificacion a y b,2004-05-01,67,13,67,13,80
31205,PUERTO VILLARROEL,estado nutricional,clasificacion a y b,2004-05-01,133,14,133,14,147
51101,PUNA,estado nutricional,clasificacion a y b,2004-05-01,21,14,21,14,35
31401,PUNATA,estado nutricional,clasificacion a y b,2004-05-01,17,10,17,10,27
20604,QUIABAYA,estado nutricional,clasificacion a y b,2004-05-01,4,0,4,0,4
30901,QUILLACOLLO,estado nutricional,clasificacion a y b,2004-05-01,88,11,88,11,99
21002,QUIME,estado nutricional,clasificacion a y b,2004-05-01,16,4,16,4,20
70904,QUIRUSILLAS,estado nutricional,clasificacion a y b,2004-05-01,5,2,5,2,7
50402,RAVELO,estado nutricional,clasificacion a y b,2004-05-01,12,2,12,2,14
80301,REYES,estado nutricional,clasificacion a y b,2004-05-01,89,3,89,3,92
80201,RIBERALTA,estado nutricional,clasificacion a y b,2004-05-01,126,30,126,30,156
70503,ROBORE,estado nutricional,clasificacion a y b,2004-05-01,51,8,51,8,59
80304,RURRENABAQUE,estado nutricional,clasificacion a y b,2004-05-01,50,5,50,5,55
40901,SABAYA,estado nutricional,clasificacion a y b,2004-05-01,4,0,4,0,4
31001,SACABA,estado nutricional,clasificacion a y b,2004-05-01,35,7,35,7,42
30404,SACABAMBA,estado nutricional,clasificacion a y b,2004-05-01,1,0,1,0,1
50701,SACACA,estado nutricional,clasificacion a y b,2004-05-01,11,2,11,2,13
71302,SAIPINA,estado nutricional,clasificacion a y b,2004-05-01,66,29,66,29,95
40801,SALINAS DE GARCI MENDOZA,estado nutricional,clasificacion a y b,2004-05-01,3,2,3,2,5
70901,SAMAIPATA,estado nutricional,clasificacion a y b,2004-05-01,21,4,21,4,25
51601,SAN AGUSTIN,estado nutricional,clasificacion a y b,2004-05-01,1,0,1,0,1
80602,SAN ANDRES,estado nutricional,clasificacion a y b,2004-05-01,19,1,19,1,20
71105,SAN ANTONIO DE LOMERIO,estado nutricional,clasificacion a y b,2004-05-01,21,8,21,8,29
31403,SAN BENITO,estado nutricional,clasificacion a y b,2004-05-01,10,0,10,0,10
80302,SAN BORJA,estado nutricional,clasificacion a y b,2004-05-01,124,22,124,22,146
21502,SAN BUENA VENTURA,estado nutricional,clasificacion a y b,2004-05-01,20,5,20,5,25
70402,SAN CARLOS,estado nutricional,clasificacion a y b,2004-05-01,106,56,106,56,162
80501,SAN IGNACIO,estado nutricional,clasificacion a y b,2004-05-01,29,13,29,13,42
70301,SAN IGNACIO DE VELASCO,estado nutricional,clasificacion a y b,2004-05-01,116,6,116,6,122
80102,SAN JAVIER(BNI),estado nutricional,clasificacion a y b,2004-05-01,15,3,15,3,18
71102,SAN JAVIER(STC),estado nutricional,clasificacion a y b,2004-05-01,45,7,45,7,52
80701,SAN JOAQUIN,estado nutricional,clasificacion a y b,2004-05-01,11,2,11,2,13
70501,SAN JOSE DE CHIQUITOS,estado nutricional,clasificacion a y b,2004-05-01,40,6,40,6,46
71104,SAN JULIAN,estado nutricional,clasificacion a y b,2004-05-01,129,64,129,64,193
90302,SAN LORENZO(PND),estado nutricional,clasificacion a y b,2004-05-01,46,0,46,0,46
60501,SAN LORENZO(TJA),estado nutricional,clasificacion a y b,2004-05-01,12,9,12,9,21
10702,SAN LUCAS,estado nutricional,clasificacion a y b,2004-05-01,47,9,47,9,56
71201,SAN MATIAS,estado nutricional,clasificacion a y b,2004-05-01,37,11,37,11,48
70302,SAN MIGUEL DE VELASCO,estado nutricional,clasificacion a y b,2004-05-01,16,4,16,4,20
51001,SAN PABLO DE LIPEZ,estado nutricional,clasificacion a y b,2004-05-01,1,0,1,0,1
50501,SAN PEDRO DE BUENA VISTA,estado nutricional,clasificacion a y b,2004-05-01,19,5,19,5,24
21801,SAN PEDRO DE CURAHUARA,estado nutricional,clasificacion a y b,2004-05-01,7,0,7,0,7
50902,SAN PEDRO DE QUEMES,estado nutricional,clasificacion a y b,2004-05-01,1,0,1,0,1
90202,SAN PEDRO(PND),estado nutricional,clasificacion a y b,2004-05-01,1,2,1,2,3
70303,SAN RAFAEL,estado nutricional,clasificacion a y b,2004-05-01,13,3,13,3,16
80401,SANTA ANA,estado nutricional,clasificacion a y b,2004-05-01,37,14,37,14,51
70101,SANTA CRUZ DE LA SIERRA,estado nutricional,clasificacion a y b,2004-05-01,2059,735,2059,735,2794
80303,SANTA ROSA,estado nutricional,clasificacion a y b,2004-05-01,18,10,18,10,28
70602,SANTA ROSA DEL SARA,estado nutricional,clasificacion a y b,2004-05-01,29,29,29,29,58
20308,SANTIAGO DE CALLAPA,estado nutricional,clasificacion a y b,2004-05-01,7,0,7,0,7
41401,SANTIAGO DE HUARI,estado nutricional,clasificacion a y b,2004-05-01,3,4,3,4,7
21901,SANTIAGO DE MACHACA,estado nutricional,clasificacion a y b,2004-05-01,1,1,1,1,2
30702,SANTIVAÑES,estado nutricional,clasificacion a y b,2004-05-01,5,1,5,1,6
40202,SANTUARIO DE QUILLACAS,estado nutricional,clasificacion a y b,2004-05-01,2,2,2,2,4
20902,SAPAHAQUI,estado nutricional,clasificacion a y b,2004-05-01,12,1,12,1,13
90303,SENA,estado nutricional,clasificacion a y b,2004-05-01,15,1,15,1,16
21301,SICA SICA (VILLA AROMA),estado nutricional,clasificacion a y b,2004-05-01,24,3,24,3,27
30703,SICAYA,estado nutricional,clasificacion a y b,2004-05-01,2,0,2,0,2
30902,SIPE SIPE,estado nutricional,clasificacion a y b,2004-05-01,75,15,75,15,90
10403,SOPACHUY,estado nutricional,clasificacion a y b,2004-05-01,11,2,11,2,13
20601,SORATA,estado nutricional,clasificacion a y b,2004-05-01,20,5,20,5,25
10101,SUCRE,estado nutricional,clasificacion a y b,2004-05-01,323,46,323,46,369
31404,TACACHI,estado nutricional,clasificacion a y b,2004-05-01,1,0,1,0,1
20603,TACACOMA,estado nutricional,clasificacion a y b,2004-05-01,1,0,1,0,1
50303,TACOBAMBA,estado nutricional,clasificacion a y b,2004-05-01,21,9,21,9,30
30602,TACOPAYA,estado nutricional,clasificacion a y b,2004-05-01,14,5,14,5,19
51402,TAHUA,estado nutricional,clasificacion a y b,2004-05-01,2,0,2,0,2
31101,TAPACARI,estado nutricional,clasificacion a y b,2004-05-01,20,0,20,0,20
10601,TARABUCO,estado nutricional,clasificacion a y b,2004-05-01,39,8,39,8,47
30401,TARATA,estado nutricional,clasificacion a y b,2004-05-01,20,0,20,0,20
60101,TARIJA,estado nutricional,clasificacion a y b,2004-05-01,329,102,329,102,431
10202,TARVITA,estado nutricional,clasificacion a y b,2004-05-01,10,5,10,5,15
20803,TIAWANACU,estado nutricional,clasificacion a y b,2004-05-01,28,4,28,4,32
50102,TINGUIPAYA,estado nutricional,clasificacion a y b,2004-05-01,7,0,7,0,7
20606,TIPUANI,estado nutricional,clasificacion a y b,2004-05-01,57,2,57,2,59
30903,TIQUIPAYA,estado nutricional,clasificacion a y b,2004-05-01,34,3,34,3,37
31601,TIRAQUE (CBBA),estado nutricional,clasificacion a y b,2004-05-01,130,22,130,22,152
21703,TITO YUPANQUI (PARQUIPUJIO),estado nutricional,clasificacion a y b,2004-05-01,1,0,1,0,1
30802,TOCO,estado nutricional,clasificacion a y b,2004-05-01,3,12,3,12,15
41502,TODOS SANTOS,estado nutricional,clasificacion a y b,2004-05-01,0,1,0,1,1
41001,TOLEDO,estado nutricional,clasificacion a y b,2004-05-01,1,0,1,0,1
51202,TOMAVE,estado nutricional,clasificacion a y b,2004-05-01,15,5,15,5,20
10402,TOMINA,estado nutricional,clasificacion a y b,2004-05-01,33,9,33,9,42
50502,TORO TORO,estado nutricional,clasificacion a y b,2004-05-01,9,2,9,2,11
31201,TOTORA(CBBA),estado nutricional,clasificacion a y b,2004-05-01,10,2,10,2,12
41301,TOTORA(ORR),estado nutricional,clasificacion a y b,2004-05-01,8,2,8,2,10
70802,TRIGAL,estado nutricional,clasificacion a y b,2004-05-01,2,0,2,0,2
80101,TRINIDAD,estado nutricional,clasificacion a y b,2004-05-01,203,115,203,115,318
50801,TUPIZA,estado nutricional,clasificacion a y b,2004-05-01,61,21,61,21,82
21302,UMALA,estado nutricional,clasificacion a y b,2004-05-01,20,5,20,5,25
50201,UNCIA,estado nutricional,clasificacion a y b,2004-05-01,7,2,7,2,9
60401,URIONDO (A. CONCEPCION),estado nutricional,clasificacion a y b,2004-05-01,39,12,39,12,51
71502,URUBICHA,estado nutricional,clasificacion a y b,2004-05-01,1,0,1,0,1
51201,UYUNI,estado nutricional,clasificacion a y b,2004-05-01,48,9,48,9,57
70801,VALLEGRANDE,estado nutricional,clasificacion a y b,2004-05-01,8,1,8,1,9
20801,VIACHA,estado nutricional,clasificacion a y b,2004-05-01,86,24,86,24,110
31302,VILA VILA,estado nutricional,clasificacion a y b,2004-05-01,3,1,3,1,4
60303,VILLA MONTES,estado nutricional,clasificacion a y b,2004-05-01,81,12,81,12,93
90502,VILLA NUEVA (LOMA ALTA),estado nutricional,clasificacion a y b,2004-05-01,1,1,1,1,2
31402,VILLA RIVERO,estado nutricional,clasificacion a y b,2004-05-01,4,0,4,0,4
10801,VILLA SERRANO,estado nutricional,clasificacion a y b,2004-05-01,41,7,41,7,48
31003,VILLA TUNARI,estado nutricional,clasificacion a y b,2004-05-01,96,30,96,30,126
11001,VILLA VACA GUZMAN (MUYUPAMPA),estado nutricional,clasificacion a y b,2004-05-01,48,16,48,16,64
51501,VILLAZON,estado nutricional,clasificacion a y b,2004-05-01,79,12,79,12,91
50602,VITICHI,estado nutricional,clasificacion a y b,2004-05-01,18,4,18,4,22
70201,WARNES,estado nutricional,clasificacion a y b,2004-05-01,78,10,78,10,88
20903,YACO,estado nutricional,clasificacion a y b,2004-05-01,7,0,7,0,7
60301,YACUIBA,estado nutricional,clasificacion a y b,2004-05-01,164,48,164,48,212
10602,YAMPARAEZ,estado nutricional,clasificacion a y b,2004-05-01,18,4,18,4,22
21103,YANACACHI,estado nutricional,clasificacion a y b,2004-05-01,4,1,4,1,5
70403,YAPACANI,estado nutricional,clasificacion a y b,2004-05-01,189,23,189,23,212
50103,YOCALLA,estado nutricional,clasificacion a y b,2004-05-01,6,2,6,2,8
10102,YOTALA,estado nutricional,clasificacion a y b,2004-05-01,42,9,42,9,51
60402,YUNCHARA,estado nutricional,clasificacion a y b,2004-05-01,2,0,2,0,2
10301,ZUDAÑEZ,estado nutricional,clasificacion a y b,2004-05-01,27,13,27,13,40
51302,ACACIO,estado nutricional,clasificacion a y b,2004-06-01,1,1,1,1,2
20201,ACHACACHI,estado nutricional,clasificacion a y b,2004-06-01,75,18,75,18,93
20104,ACHOCALLA,estado nutricional,clasificacion a y b,2004-06-01,11,4,11,4,15
30201,AIQUILE,estado nutricional,clasificacion a y b,2004-06-01,8,2,8,2,10
31303,ALALAY,estado nutricional,clasificacion a y b,2004-06-01,4,5,4,5,9
10404,ALCALA,estado nutricional,clasificacion a y b,2004-06-01,5,1,5,1,6
20202,ANCORAIMES,estado nutricional,clasificacion a y b,2004-06-01,12,4,12,4,16
41201,ANDAMARCA,estado nutricional,clasificacion a y b,2004-06-01,4,0,4,0,4
40603,ANTEQUERA,estado nutricional,clasificacion a y b,2004-06-01,5,1,5,1,6
30402,ANZALDO,estado nutricional,clasificacion a y b,2004-06-01,11,0,11,0,11
20701,APOLO,estado nutricional,clasificacion a y b,2004-06-01,27,3,27,3,30
51301,ARAMPAMPA,estado nutricional,clasificacion a y b,2004-06-01,5,2,5,2,7
30501,ARANI,estado nutricional,clasificacion a y b,2004-06-01,14,2,14,2,16
30403,ARBIETO,estado nutricional,clasificacion a y b,2004-06-01,8,0,8,0,8
30601,ARQUE,estado nutricional,clasificacion a y b,2004-06-01,5,2,5,2,7
71501,ASCENCION DE GUARAYOS,estado nutricional,clasificacion a y b,2004-06-01,140,42,140,42,182
50802,ATOCHA,estado nutricional,clasificacion a y b,2004-06-01,26,6,26,6,32
20503,AUCAPATA,estado nutricional,clasificacion a y b,2004-06-01,19,2,19,2,21
20502,AYATA,estado nutricional,clasificacion a y b,2004-06-01,4,1,4,1,5
21303,AYO AYO,estado nutricional,clasificacion a y b,2004-06-01,17,3,17,3,20
30301,AYOPAYA (V. DE INDEPENDENCIA),estado nutricional,clasificacion a y b,2004-06-01,32,8,32,8,40
10201,AZURDUY,estado nutricional,clasificacion a y b,2004-06-01,18,5,18,5,23
21203,BATALLAS,estado nutricional,clasificacion a y b,2004-06-01,16,3,16,3,19
80802,BAURES,estado nutricional,clasificacion a y b,2004-06-01,22,7,22,7,29
90104,BELLA FLOR,estado nutricional,clasificacion a y b,2004-06-01,17,2,17,2,19
60202,BERMEJO,estado nutricional,clasificacion a y b,2004-06-01,19,8,19,8,27
50301,BETANZOS,estado nutricional,clasificacion a y b,2004-06-01,26,3,26,3,29
31501,BOLIVAR,estado nutricional,clasificacion a y b,2004-06-01,4,1,4,1,5
90103,BOLPEBRA,estado nutricional,clasificacion a y b,2004-06-01,3,0,3,0,3
70707,BOYUIBE,estado nutricional,clasificacion a y b,2004-06-01,13,6,13,6,19
70401,BUENA VISTA,estado nutricional,clasificacion a y b,2004-06-01,62,36,62,36,98
70703,CABEZAS,estado nutricional,clasificacion a y b,2004-06-01,66,37,66,37,103
20905,CAIROMA,estado nutricional,clasificacion a y b,2004-06-01,12,6,12,6,18
51102,"CAIZA ""D""",estado nutricional,clasificacion a y b,2004-06-01,33,1,33,1,34
21003,CAJUATA,estado nutricional,clasificacion a y b,2004-06-01,20,2,20,2,22
20303,CALACOTO,estado nutricional,clasificacion a y b,2004-06-01,3,0,3,0,3
21304,CALAMARCA,estado nutricional,clasificacion a y b,2004-06-01,10,0,10,0,10
10701,CAMARGO,estado nutricional,clasificacion a y b,2004-06-01,29,11,29,11,40
10901,CAMATAQUI (C. VILLA ABECIA),estado nutricional,clasificacion a y b,2004-06-01,4,0,4,0,4
70706,CAMIRI,estado nutricional,clasificacion a y b,2004-06-01,251,37,251,37,288
30701,CAPINOTA,estado nutricional,clasificacion a y b,2004-06-01,8,0,8,0,8
20302,CAQUIAVIRI,estado nutricional,clasificacion a y b,2004-06-01,12,6,12,6,18
40102,CARACOLLO,estado nutricional,clasificacion a y b,2004-06-01,6,1,6,1,7
22001,CARANAVI,estado nutricional,clasificacion a y b,2004-06-01,164,22,164,22,186
60302,CARAPARI,estado nutricional,clasificacion a y b,2004-06-01,54,8,54,8,62
50702,CARIPUYO,estado nutricional,clasificacion a y b,2004-06-01,7,3,7,3,10
40201,CHALLAPATA,estado nutricional,clasificacion a y b,2004-06-01,16,11,16,11,27
50302,CHAQUI,estado nutricional,clasificacion a y b,2004-06-01,9,3,9,3,12
70702,CHARAGUA,estado nutricional,clasificacion a y b,2004-06-01,131,49,131,49,180
20305,CHARAÑA,estado nutricional,clasificacion a y b,2004-06-01,1,0,1,0,1
50202,CHAYANTA,estado nutricional,clasificacion a y b,2004-06-01,7,4,7,4,11
31204,CHIMORE,estado nutricional,clasificacion a y b,2004-06-01,46,22,46,22,68
40903,CHIPAYA,estado nutricional,clasificacion a y b,2004-06-01,1,2,1,2,3
21101,CHULUMANI (V. DE LA LIBERTAD),estado nutricional,clasificacion a y b,2004-06-01,14,0,14,0,14
20501,CHUMA,estado nutricional,clasificacion a y b,2004-06-01,10,3,10,3,13
30801,CLIZA,estado nutricional,clasificacion a y b,2004-06-01,68,19,68,19,87
90101,COBIJA,estado nutricional,clasificacion a y b,2004-06-01,181,36,181,36,217
30101,COCHABAMBA,estado nutricional,clasificacion a y b,2004-06-01,695,163,695,163,858
40902,COIPASA,estado nutricional,clasificacion a y b,2004-06-01,1,0,1,0,1
30905,COLCAPIRHUA,estado nutricional,clasificacion a y b,2004-06-01,34,8,34,8,42
50901,"COLCHA ""K""",estado nutricional,clasificacion a y b,2004-06-01,16,6,16,6,22
31002,COLOMI,estado nutricional,clasificacion a y b,2004-06-01,15,1,15,1,16
50401,COLQUECHACA,estado nutricional,clasificacion a y b,2004-06-01,27,10,27,10,37
21306,COLQUENCHA,estado nutricional,clasificacion a y b,2004-06-01,11,14,11,14,25
21004,COLQUIRI,estado nutricional,clasificacion a y b,2004-06-01,18,4,18,4,22
20304,COMANCHE,estado nutricional,clasificacion a y b,2004-06-01,3,0,3,0,3
71301,COMARAPA,estado nutricional,clasificacion a y b,2004-06-01,125,50,125,50,175
20605,COMBAYA,estado nutricional,clasificacion a y b,2004-06-01,2,0,2,0,2
71101,CONCEPCION,estado nutricional,clasificacion a y b,2004-06-01,2,1,2,1,3
21701,COPACABANA,estado nutricional,clasificacion a y b,2004-06-01,13,1,13,1,14
21402,CORIPATA,estado nutricional,clasificacion a y b,2004-06-01,27,5,27,5,32
20301,CORO CORO,estado nutricional,clasificacion a y b,2004-06-01,6,1,6,1,7
21401,COROICO,estado nutricional,clasificacion a y b,2004-06-01,41,8,41,8,49
40301,CORQUE,estado nutricional,clasificacion a y b,2004-06-01,12,5,12,5,17
50601,COTAGAITA,estado nutricional,clasificacion a y b,2004-06-01,22,3,22,3,25
70102,COTOCA,estado nutricional,clasificacion a y b,2004-06-01,134,24,134,24,158
31405,CUCHUMUELA (V. G. VILLARROEL),estado nutricional,clasificacion a y b,2004-06-01,1,0,1,0,1
70704,CUEVO,estado nutricional,clasificacion a y b,2004-06-01,16,4,16,4,20
10902,CULPINA,estado nutricional,clasificacion a y b,2004-06-01,34,15,34,15,49
40401,CURAHUARA DE CARANGAS,estado nutricional,clasificacion a y b,2004-06-01,5,0,5,0,5
21602,CURVA,estado nutricional,clasificacion a y b,2004-06-01,1,0,1,0,1
20804,DESAGUADERO,estado nutricional,clasificacion a y b,2004-06-01,5,0,5,0,5
20105,EL ALTO,estado nutricional,clasificacion a y b,2004-06-01,862,172,862,172,1034
40103,EL CHORO,estado nutricional,clasificacion a y b,2004-06-01,13,5,13,5,18
71503,EL PUENTE(STC),estado nutricional,clasificacion a y b,2004-06-01,34,7,34,7,41
60502,EL PUENTE(TJA),estado nutricional,clasificacion a y b,2004-06-01,27,22,27,22,49
70105,EL TORNO,estado nutricional,clasificacion a y b,2004-06-01,129,33,129,33,162
10405,EL VILLAR,estado nutricional,clasificacion a y b,2004-06-01,4,4,4,4,8
60601,ENTRE RIOS,estado nutricional,clasificacion a y b,2004-06-01,50,14,50,14,64
41101,EUCALIPTUS,estado nutricional,clasificacion a y b,2004-06-01,13,2,13,2,15
80402,EXALTACION,estado nutricional,clasificacion a y b,2004-06-01,1,7,1,7,8
90203,FILADELFIA,estado nutricional,clasificacion a y b,2004-06-01,7,2,7,2,9
71002,GENERAL SAAVEDRA,estado nutricional,clasificacion a y b,2004-06-01,48,19,48,19,67
21601,GRAL. J.J. PEREZ (CHARAZANI),estado nutricional,clasificacion a y b,2004-06-01,20,0,20,0,20
20602,GUANAY,estado nutricional,clasificacion a y b,2004-06-01,96,59,96,59,155
20802,GUAQUI,estado nutricional,clasificacion a y b,2004-06-01,7,0,7,0,7
80202,GUAYARAMERIN,estado nutricional,clasificacion a y b,2004-06-01,200,45,200,45,245
70705,GUTIERREZ,estado nutricional,clasificacion a y b,2004-06-01,99,30,99,30,129
10502,HUACARETA,estado nutricional,clasificacion a y b,2004-06-01,36,26,36,26,62
11002,HUACAYA (VILLA DE HUACAYA),estado nutricional,clasificacion a y b,2004-06-01,6,2,6,2,8
40501,HUACHACALLA,estado nutricional,clasificacion a y b,2004-06-01,1,0,1,0,1
40701,HUANUNI,estado nutricional,clasificacion a y b,2004-06-01,45,2,45,2,47
80803,HUARACAJE,estado nutricional,clasificacion a y b,2004-06-01,11,9,11,9,20
41601,HUAYLLAMARCA,estado nutricional,clasificacion a y b,2004-06-01,2,0,2,0,2
21005,ICHOCA,estado nutricional,clasificacion a y b,2004-06-01,6,4,6,4,10
10304,ICLA,estado nutricional,clasificacion a y b,2004-06-01,22,5,22,5,27
10703,INCAHUASI,estado nutricional,clasificacion a y b,2004-06-01,29,2,29,2,31
21001,INQUISIVI,estado nutricional,clasificacion a y b,2004-06-01,24,6,24,6,30
21102,IRUPANA (VILLA DE LANZA),estado nutricional,clasificacion a y b,2004-06-01,66,48,66,48,114
21501,IXIAMAS,estado nutricional,clasificacion a y b,2004-06-01,38,8,38,8,46
21105,LA ASUNTA,estado nutricional,clasificacion a y b,2004-06-01,54,3,54,3,57
70104,LA GUARDIA,estado nutricional,clasificacion a y b,2004-06-01,123,25,123,25,148
20101,LA PAZ,estado nutricional,clasificacion a y b,2004-06-01,748,275,748,275,1023
70701,LAGUNILLAS,estado nutricional,clasificacion a y b,2004-06-01,32,18,32,18,50
21202,LAJA,estado nutricional,clasificacion a y b,2004-06-01,17,1,17,1,18
10903,LAS CARRERAS,estado nutricional,clasificacion a y b,2004-06-01,13,7,13,7,20
21006,LICOMA PAMPA,estado nutricional,clasificacion a y b,2004-06-01,2,0,2,0,2
50203,LLALLAGUA,estado nutricional,clasificacion a y b,2004-06-01,56,60,56,60,116
51401,LLICA,estado nutricional,clasificacion a y b,2004-06-01,5,0,5,0,5
80601,LORETO,estado nutricional,clasificacion a y b,2004-06-01,11,12,11,12,23
20901,LURIBAY,estado nutricional,clasificacion a y b,2004-06-01,11,1,11,1,12
40702,MACHACAMARCA,estado nutricional,clasificacion a y b,2004-06-01,5,6,5,6,11
11003,MACHARETI,estado nutricional,clasificacion a y b,2004-06-01,85,40,85,40,125
80801,MAGDALENA,estado nutricional,clasificacion a y b,2004-06-01,46,7,46,7,53
70903,MAIRANA,estado nutricional,clasificacion a y b,2004-06-01,53,6,53,6,59
20904,MALLA,estado nutricional,clasificacion a y b,2004-06-01,0,2,0,2,2
20103,MECAPACA,estado nutricional,clasificacion a y b,2004-06-01,2,0,2,0,2
71003,MINEROS,estado nutricional,clasificacion a y b,2004-06-01,294,60,294,60,354
31301,MIZQUE,estado nutricional,clasificacion a y b,2004-06-01,58,101,58,101,159
20402,MOCOMOCO,estado nutricional,clasificacion a y b,2004-06-01,35,7,35,7,42
51002,MOJINETE,estado nutricional,clasificacion a y b,2004-06-01,6,1,6,1,7
10303,MOJOCOYA,estado nutricional,clasificacion a y b,2004-06-01,19,3,19,3,22
10501,MONTEAGUDO,estado nutricional,clasificacion a y b,2004-06-01,121,67,121,67,188
71001,MONTERO,estado nutricional,clasificacion a y b,2004-06-01,499,142,499,142,641
70803,MORO MORO,estado nutricional,clasificacion a y b,2004-06-01,3,4,3,4,7
30302,MOROCHATA,estado nutricional,clasificacion a y b,2004-06-01,31,5,31,5,36
90401,NACEBE (SANTA ROSA DEL ABUNA),estado nutricional,clasificacion a y b,2004-06-01,0,2,0,2,2
90501,NUEVO MANOA (NUEVA ESPERANZA),estado nutricional,clasificacion a y b,2004-06-01,2,0,2,0,2
50404,OCURI,estado nutricional,clasificacion a y b,2004-06-01,6,6,6,6,12
70202,OKINAWA,estado nutricional,clasificacion a y b,2004-06-01,26,16,26,16,42
30203,OMEREQUE,estado nutricional,clasificacion a y b,2004-06-01,6,3,6,3,9
40101,ORURO,estado nutricional,clasificacion a y b,2004-06-01,299,69,299,69,368
60201,PADCAYA,estado nutricional,clasificacion a y b,2004-06-01,45,21,45,21,66
10401,PADILLA,estado nutricional,clasificacion a y b,2004-06-01,39,8,39,8,47
70502,PAILON,estado nutricional,clasificacion a y b,2004-06-01,75,18,75,18,93
20102,PALCA,estado nutricional,clasificacion a y b,2004-06-01,13,1,13,1,14
21104,PALOS BLANCOS,estado nutricional,clasificacion a y b,2004-06-01,79,9,79,9,88
40802,PAMPA AULLAGAS,estado nutricional,clasificacion a y b,2004-06-01,7,0,7,0,7
70902,PAMPA GRANDE,estado nutricional,clasificacion a y b,2004-06-01,35,9,35,9,44
21802,PAPEL PAMPA,estado nutricional,clasificacion a y b,2004-06-01,1,0,1,0,1
30202,PASORAPA,estado nutricional,clasificacion a y b,2004-06-01,6,2,6,2,8
21305,PATACAMAYA,estado nutricional,clasificacion a y b,2004-06-01,25,1,25,1,26
40602,PAZÑA,estado nutricional,clasificacion a y b,2004-06-01,3,1,3,1,4
20702,PELECHUCO,estado nutricional,clasificacion a y b,2004-06-01,6,3,6,3,9
50403,POCOATA,estado nutricional,clasificacion a y b,2004-06-01,16,7,16,7,23
31203,POCONA,estado nutricional,clasificacion a y b,2004-06-01,17,0,17,0,17
31202,POJO (CBBA),estado nutricional,clasificacion a y b,2004-06-01,68,34,68,34,102
40601,POOPO,estado nutricional,clasificacion a y b,2004-06-01,1,2,1,2,3
51203,PORCO,estado nutricional,clasificacion a y b,2004-06-01,12,4,12,4,16
10103,POROMA,estado nutricional,clasificacion a y b,2004-06-01,28,8,28,8,36
70103,PORONGO,estado nutricional,clasificacion a y b,2004-06-01,19,3,19,3,22
70601,PORTACHUELO,estado nutricional,clasificacion a y b,2004-06-01,169,43,169,43,212
90102,PORVENIR,estado nutricional,clasificacion a y b,2004-06-01,20,5,20,5,25
70804,POSTRER VALLE,estado nutricional,clasificacion a y b,2004-06-01,10,1,10,1,11
50101,POTOSI,estado nutricional,clasificacion a y b,2004-06-01,188,23,188,23,211
10302,PRESTO,estado nutricional,clasificacion a y b,2004-06-01,28,6,28,6,34
70805,PUCARA,estado nutricional,clasificacion a y b,2004-06-01,8,1,8,1,9
21201,PUCARANI,estado nutricional,clasificacion a y b,2004-06-01,45,1,45,1,46
20401,PUERTO ACOSTA,estado nutricional,clasificacion a y b,2004-06-01,32,21,32,21,53
20403,PUERTO CARABUCO,estado nutricional,clasificacion a y b,2004-06-01,23,7,23,7,30
90301,PUERTO GONZALO MORENO,estado nutricional,clasificacion a y b,2004-06-01,6,0,6,0,6
21204,PUERTO PEREZ,estado nutricional,clasificacion a y b,2004-06-01,5,0,5,0,5
71402,PUERTO QUIJARRO,estado nutricional,clasificacion a y b,2004-06-01,62,6,62,6,68
90201,PUERTO RICO,estado nutricional,clasificacion a y b,2004-06-01,20,1,20,1,21
80703,PUERTO SILES,estado nutricional,clasificacion a y b,2004-06-01,3,0,3,0,3
71401,PUERTO SUAREZ,estado nutricional,clasificacion a y b,2004-06-01,97,17,97,17,114
31205,PUERTO VILLARROEL,estado nutricional,clasificacion a y b,2004-06-01,201,59,201,59,260
51101,PUNA,estado nutricional,clasificacion a y b,2004-06-01,20,4,20,4,24
31401,PUNATA,estado nutricional,clasificacion a y b,2004-06-01,36,19,36,19,55
20604,QUIABAYA,estado nutricional,clasificacion a y b,2004-06-01,7,0,7,0,7
30901,QUILLACOLLO,estado nutricional,clasificacion a y b,2004-06-01,82,17,82,17,99
21002,QUIME,estado nutricional,clasificacion a y b,2004-06-01,10,3,10,3,13
70904,QUIRUSILLAS,estado nutricional,clasificacion a y b,2004-06-01,11,4,11,4,15
50402,RAVELO,estado nutricional,clasificacion a y b,2004-06-01,9,5,9,5,14
80301,REYES,estado nutricional,clasificacion a y b,2004-06-01,51,16,51,16,67
80201,RIBERALTA,estado nutricional,clasificacion a y b,2004-06-01,175,43,175,43,218
70503,ROBORE,estado nutricional,clasificacion a y b,2004-06-01,62,15,62,15,77
80304,RURRENABAQUE,estado nutricional,clasificacion a y b,2004-06-01,74,5,74,5,79
40901,SABAYA,estado nutricional,clasificacion a y b,2004-06-01,1,0,1,0,1
31001,SACABA,estado nutricional,clasificacion a y b,2004-06-01,44,7,44,7,51
30404,SACABAMBA,estado nutricional,clasificacion a y b,2004-06-01,1,0,1,0,1
50701,SACACA,estado nutricional,clasificacion a y b,2004-06-01,5,2,5,2,7
71302,SAIPINA,estado nutricional,clasificacion a y b,2004-06-01,67,20,67,20,87
40801,SALINAS DE GARCI MENDOZA,estado nutricional,clasificacion a y b,2004-06-01,2,1,2,1,3
70901,SAMAIPATA,estado nutricional,clasificacion a y b,2004-06-01,32,5,32,5,37
51601,SAN AGUSTIN,estado nutricional,clasificacion a y b,2004-06-01,0,2,0,2,2
80602,SAN ANDRES,estado nutricional,clasificacion a y b,2004-06-01,43,16,43,16,59
71105,SAN ANTONIO DE LOMERIO,estado nutricional,clasificacion a y b,2004-06-01,26,18,26,18,44
31403,SAN BENITO,estado nutricional,clasificacion a y b,2004-06-01,10,1,10,1,11
80302,SAN BORJA,estado nutricional,clasificacion a y b,2004-06-01,175,23,175,23,198
21502,SAN BUENA VENTURA,estado nutricional,clasificacion a y b,2004-06-01,30,2,30,2,32
70402,SAN CARLOS,estado nutricional,clasificacion a y b,2004-06-01,140,29,140,29,169
80501,SAN IGNACIO,estado nutricional,clasificacion a y b,2004-06-01,67,13,67,13,80
70301,SAN IGNACIO DE VELASCO,estado nutricional,clasificacion a y b,2004-06-01,207,45,207,45,252
80102,SAN JAVIER(BNI),estado nutricional,clasificacion a y b,2004-06-01,14,23,14,23,37
71102,SAN JAVIER(STC),estado nutricional,clasificacion a y b,2004-06-01,87,19,87,19,106
80701,SAN JOAQUIN,estado nutricional,clasificacion a y b,2004-06-01,14,1,14,1,15
70501,SAN JOSE DE CHIQUITOS,estado nutricional,clasificacion a y b,2004-06-01,87,15,87,15,102
71104,SAN JULIAN,estado nutricional,clasificacion a y b,2004-06-01,197,127,197,127,324
90302,SAN LORENZO(PND),estado nutricional,clasificacion a y b,2004-06-01,6,0,6,0,6
60501,SAN LORENZO(TJA),estado nutricional,clasificacion a y b,2004-06-01,21,8,21,8,29
10702,SAN LUCAS,estado nutricional,clasificacion a y b,2004-06-01,35,3,35,3,38
71201,SAN MATIAS,estado nutricional,clasificacion a y b,2004-06-01,13,1,13,1,14
70302,SAN MIGUEL DE VELASCO,estado nutricional,clasificacion a y b,2004-06-01,60,8,60,8,68
51001,SAN PABLO DE LIPEZ,estado nutricional,clasificacion a y b,2004-06-01,3,2,3,2,5
50501,SAN PEDRO DE BUENA VISTA,estado nutricional,clasificacion a y b,2004-06-01,20,10,20,10,30
21801,SAN PEDRO DE CURAHUARA,estado nutricional,clasificacion a y b,2004-06-01,16,1,16,1,17
90202,SAN PEDRO(PND),estado nutricional,clasificacion a y b,2004-06-01,2,0,2,0,2
70303,SAN RAFAEL,estado nutricional,clasificacion a y b,2004-06-01,18,5,18,5,23
80702,SAN RAMON,estado nutricional,clasificacion a y b,2004-06-01,11,3,11,3,14
80702,SAN RAMON,estado nutricional,clasificacion a y b,2004-06-01,18,4,18,4,22
80401,SANTA ANA,estado nutricional,clasificacion a y b,2004-06-01,52,11,52,11,63
70101,SANTA CRUZ DE LA SIERRA,estado nutricional,clasificacion a y b,2004-06-01,2939,1034,2939,1034,3973
80303,SANTA ROSA,estado nutricional,clasificacion a y b,2004-06-01,204,18,204,18,222
70602,SANTA ROSA DEL SARA,estado nutricional,clasificacion a y b,2004-06-01,32,28,32,28,60
20308,SANTIAGO DE CALLAPA,estado nutricional,clasificacion a y b,2004-06-01,7,2,7,2,9
41401,SANTIAGO DE HUARI,estado nutricional,clasificacion a y b,2004-06-01,2,0,2,0,2
21901,SANTIAGO DE MACHACA,estado nutricional,clasificacion a y b,2004-06-01,5,0,5,0,5
30702,SANTIVAÑES,estado nutricional,clasificacion a y b,2004-06-01,1,1,1,1,2
40202,SANTUARIO DE QUILLACAS,estado nutricional,clasificacion a y b,2004-06-01,6,0,6,0,6
20902,SAPAHAQUI,estado nutricional,clasificacion a y b,2004-06-01,10,0,10,0,10
90303,SENA,estado nutricional,clasificacion a y b,2004-06-01,3,0,3,0,3
21301,SICA SICA (VILLA AROMA),estado nutricional,clasificacion a y b,2004-06-01,26,4,26,4,30
30703,SICAYA,estado nutricional,clasificacion a y b,2004-06-01,0,1,0,1,1
30902,SIPE SIPE,estado nutricional,clasificacion a y b,2004-06-01,93,23,93,23,116
10403,SOPACHUY,estado nutricional,clasificacion a y b,2004-06-01,12,1,12,1,13
20601,SORATA,estado nutricional,clasificacion a y b,2004-06-01,16,2,16,2,18
10101,SUCRE,estado nutricional,clasificacion a y b,2004-06-01,428,71,428,71,499
31404,TACACHI,estado nutricional,clasificacion a y b,2004-06-01,1,1,1,1,2
20603,TACACOMA,estado nutricional,clasificacion a y b,2004-06-01,12,2,12,2,14
50303,TACOBAMBA,estado nutricional,clasificacion a y b,2004-06-01,18,7,18,7,25
30602,TACOPAYA,estado nutricional,clasificacion a y b,2004-06-01,4,5,4,5,9
51402,TAHUA,estado nutricional,clasificacion a y b,2004-06-01,5,0,5,0,5
31101,TAPACARI,estado nutricional,clasificacion a y b,2004-06-01,10,2,10,2,12
10601,TARABUCO,estado nutricional,clasificacion a y b,2004-06-01,38,5,38,5,43
30401,TARATA,estado nutricional,clasificacion a y b,2004-06-01,10,2,10,2,12
60101,TARIJA,estado nutricional,clasificacion a y b,2004-06-01,1451,230,1451,230,1681
10202,TARVITA,estado nutricional,clasificacion a y b,2004-06-01,9,0,9,0,9
20803,TIAWANACU,estado nutricional,clasificacion a y b,2004-06-01,13,2,13,2,15
50102,TINGUIPAYA,estado nutricional,clasificacion a y b,2004-06-01,5,1,5,1,6
20606,TIPUANI,estado nutricional,clasificacion a y b,2004-06-01,54,4,54,4,58
30903,TIQUIPAYA,estado nutricional,clasificacion a y b,2004-06-01,16,33,16,33,49
31601,TIRAQUE (CBBA),estado nutricional,clasificacion a y b,2004-06-01,110,21,110,21,131
21703,TITO YUPANQUI (PARQUIPUJIO),estado nutricional,clasificacion a y b,2004-06-01,1,0,1,0,1
30802,TOCO,estado nutricional,clasificacion a y b,2004-06-01,1,3,1,3,4
30803,TOLATA,estado nutricional,clasificacion a y b,2004-06-01,11,4,11,4,15
41001,TOLEDO,estado nutricional,clasificacion a y b,2004-06-01,6,6,6,6,12
51202,TOMAVE,estado nutricional,clasificacion a y b,2004-06-01,7,4,7,4,11
10402,TOMINA,estado nutricional,clasificacion a y b,2004-06-01,24,4,24,4,28
50502,TORO TORO,estado nutricional,clasificacion a y b,2004-06-01,14,3,14,3,17
31201,TOTORA(CBBA),estado nutricional,clasificacion a y b,2004-06-01,12,3,12,3,15
41301,TOTORA(ORR),estado nutricional,clasificacion a y b,2004-06-01,3,0,3,0,3
70802,TRIGAL,estado nutricional,clasificacion a y b,2004-06-01,5,2,5,2,7
80101,TRINIDAD,estado nutricional,clasificacion a y b,2004-06-01,344,131,344,131,475
50801,TUPIZA,estado nutricional,clasificacion a y b,2004-06-01,99,29,99,29,128
21302,UMALA,estado nutricional,clasificacion a y b,2004-06-01,5,3,5,3,8
50201,UNCIA,estado nutricional,clasificacion a y b,2004-06-01,18,9,18,9,27
60401,URIONDO (A. CONCEPCION),estado nutricional,clasificacion a y b,2004-06-01,62,26,62,26,88
71502,URUBICHA,estado nutricional,clasificacion a y b,2004-06-01,5,3,5,3,8
51201,UYUNI,estado nutricional,clasificacion a y b,2004-06-01,49,5,49,5,54
30502,VACAS,estado nutricional,clasificacion a y b,2004-06-01,2,0,2,0,2
70801,VALLEGRANDE,estado nutricional,clasificacion a y b,2004-06-01,44,20,44,20,64
20801,VIACHA,estado nutricional,clasificacion a y b,2004-06-01,80,15,80,15,95
31302,VILA VILA,estado nutricional,clasificacion a y b,2004-06-01,12,6,12,6,18
60303,VILLA MONTES,estado nutricional,clasificacion a y b,2004-06-01,135,16,135,16,151
90502,VILLA NUEVA (LOMA ALTA),estado nutricional,clasificacion a y b,2004-06-01,3,0,3,0,3
31402,VILLA RIVERO,estado nutricional,clasificacion a y b,2004-06-01,1,0,1,0,1
10801,VILLA SERRANO,estado nutricional,clasificacion a y b,2004-06-01,29,8,29,8,37
31003,VILLA TUNARI,estado nutricional,clasificacion a y b,2004-06-01,137,40,137,40,177
11001,VILLA VACA GUZMAN (MUYUPAMPA),estado nutricional,clasificacion a y b,2004-06-01,37,4,37,4,41
51501,VILLAZON,estado nutricional,clasificacion a y b,2004-06-01,68,17,68,17,85
30904,VINTO,estado nutricional,clasificacion a y b,2004-06-01,60,4,60,4,64
50602,VITICHI,estado nutricional,clasificacion a y b,2004-06-01,19,1,19,1,20
20306,WALDO BALLIVIAN,estado nutricional,clasificacion a y b,2004-06-01,5,0,5,0,5
70201,WARNES,estado nutricional,clasificacion a y b,2004-06-01,160,29,160,29,189
20903,YACO,estado nutricional,clasificacion a y b,2004-06-01,16,1,16,1,17
60301,YACUIBA,estado nutricional,clasificacion a y b,2004-06-01,242,45,242,45,287
10602,YAMPARAEZ,estado nutricional,clasificacion a y b,2004-06-01,20,4,20,4,24
21103,YANACACHI,estado nutricional,clasificacion a y b,2004-06-01,10,1,10,1,11
70403,YAPACANI,estado nutricional,clasificacion a y b,2004-06-01,223,28,223,28,251
50103,YOCALLA,estado nutricional,clasificacion a y b,2004-06-01,7,2,7,2,9
10102,YOTALA,estado nutricional,clasificacion a y b,2004-06-01,39,12,39,12,51
60402,YUNCHARA,estado nutricional,clasificacion a y b,2004-06-01,5,2,5,2,7
10301,ZUDAÑEZ,estado nutricional,clasificacion a y b,2004-06-01,18,1,18,1,19
51302,ACACIO,estado nutricional,clasificacion a y b,2004-07-01,7,1,7,1,8
20201,ACHACACHI,estado nutricional,clasificacion a y b,2004-07-01,49,18,49,18,67
20104,ACHOCALLA,estado nutricional,clasificacion a y b,2004-07-01,24,20,24,20,44
30201,AIQUILE,estado nutricional,clasificacion a y b,2004-07-01,10,4,10,4,14
31303,ALALAY,estado nutricional,clasificacion a y b,2004-07-01,29,37,29,37,66
10404,ALCALA,estado nutricional,clasificacion a y b,2004-07-01,7,2,7,2,9
20202,ANCORAIMES,estado nutricional,clasificacion a y b,2004-07-01,12,5,12,5,17
41201,ANDAMARCA,estado nutricional,clasificacion a y b,2004-07-01,1,1,1,1,2
40603,ANTEQUERA,estado nutricional,clasificacion a y b,2004-07-01,7,2,7,2,9
30402,ANZALDO,estado nutricional,clasificacion a y b,2004-07-01,33,14,33,14,47
20701,APOLO,estado nutricional,clasificacion a y b,2004-07-01,26,1,26,1,27
51301,ARAMPAMPA,estado nutricional,clasificacion a y b,2004-07-01,3,1,3,1,4
30501,ARANI,estado nutricional,clasificacion a y b,2004-07-01,12,11,12,11,23
30403,ARBIETO,estado nutricional,clasificacion a y b,2004-07-01,3,2,3,2,5
30601,ARQUE,estado nutricional,clasificacion a y b,2004-07-01,3,0,3,0,3
71501,ASCENCION DE GUARAYOS,estado nutricional,clasificacion a y b,2004-07-01,12,0,12,0,12
50802,ATOCHA,estado nutricional,clasificacion a y b,2004-07-01,11,2,11,2,13
20503,AUCAPATA,estado nutricional,clasificacion a y b,2004-07-01,4,6,4,6,10
20502,AYATA,estado nutricional,clasificacion a y b,2004-07-01,6,1,6,1,7
21303,AYO AYO,estado nutricional,clasificacion a y b,2004-07-01,23,2,23,2,25
30301,AYOPAYA (V. DE INDEPENDENCIA),estado nutricional,clasificacion a y b,2004-07-01,15,21,15,21,36
10201,AZURDUY,estado nutricional,clasificacion a y b,2004-07-01,24,4,24,4,28
21203,BATALLAS,estado nutricional,clasificacion a y b,2004-07-01,28,1,28,1,29
80802,BAURES,estado nutricional,clasificacion a y b,2004-07-01,23,3,23,3,26
50104,BELEN DE URMIRI,estado nutricional,clasificacion a y b,2004-07-01,3,0,3,0,3
90104,BELLA FLOR,estado nutricional,clasificacion a y b,2004-07-01,8,1,8,1,9
60202,BERMEJO,estado nutricional,clasificacion a y b,2004-07-01,20,5,20,5,25
50301,BETANZOS,estado nutricional,clasificacion a y b,2004-07-01,38,6,38,6,44
31501,BOLIVAR,estado nutricional,clasificacion a y b,2004-07-01,3,1,3,1,4
90103,BOLPEBRA,estado nutricional,clasificacion a y b,2004-07-01,1,1,1,1,2
70707,BOYUIBE,estado nutricional,clasificacion a y b,2004-07-01,11,4,11,4,15
70401,BUENA VISTA,estado nutricional,clasificacion a y b,2004-07-01,52,25,52,25,77
70703,CABEZAS,estado nutricional,clasificacion a y b,2004-07-01,22,10,22,10,32
20905,CAIROMA,estado nutricional,clasificacion a y b,2004-07-01,4,0,4,0,4
51102,"CAIZA ""D""",estado nutricional,clasificacion a y b,2004-07-01,20,3,20,3,23
21003,CAJUATA,estado nutricional,clasificacion a y b,2004-07-01,26,2,26,2,28
20303,CALACOTO,estado nutricional,clasificacion a y b,2004-07-01,2,0,2,0,2
21304,CALAMARCA,estado nutricional,clasificacion a y b,2004-07-01,5,0,5,0,5
10701,CAMARGO,estado nutricional,clasificacion a y b,2004-07-01,23,5,23,5,28
10901,CAMATAQUI (C. VILLA ABECIA),estado nutricional,clasificacion a y b,2004-07-01,5,0,5,0,5
70706,CAMIRI,estado nutricional,clasificacion a y b,2004-07-01,182,63,182,63,245
30701,CAPINOTA,estado nutricional,clasificacion a y b,2004-07-01,10,7,10,7,17
20302,CAQUIAVIRI,estado nutricional,clasificacion a y b,2004-07-01,19,9,19,9,28
40102,CARACOLLO,estado nutricional,clasificacion a y b,2004-07-01,14,5,14,5,19
22001,CARANAVI,estado nutricional,clasificacion a y b,2004-07-01,170,25,170,25,195
60302,CARAPARI,estado nutricional,clasificacion a y b,2004-07-01,46,11,46,11,57
50702,CARIPUYO,estado nutricional,clasificacion a y b,2004-07-01,2,0,2,0,2
21803,CHACARILLA,estado nutricional,clasificacion a y b,2004-07-01,3,2,3,2,5
40201,CHALLAPATA,estado nutricional,clasificacion a y b,2004-07-01,14,3,14,3,17
50302,CHAQUI,estado nutricional,clasificacion a y b,2004-07-01,9,3,9,3,12
70702,CHARAGUA,estado nutricional,clasificacion a y b,2004-07-01,82,45,82,45,127
20305,CHARAÑA,estado nutricional,clasificacion a y b,2004-07-01,1,0,1,0,1
50202,CHAYANTA,estado nutricional,clasificacion a y b,2004-07-01,27,4,27,4,31
31204,CHIMORE,estado nutricional,clasificacion a y b,2004-07-01,48,8,48,8,56
40903,CHIPAYA,estado nutricional,clasificacion a y b,2004-07-01,1,0,1,0,1
21101,CHULUMANI (V. DE LA LIBERTAD),estado nutricional,clasificacion a y b,2004-07-01,24,2,24,2,26
20501,CHUMA,estado nutricional,clasificacion a y b,2004-07-01,12,0,12,0,12
30801,CLIZA,estado nutricional,clasificacion a y b,2004-07-01,56,15,56,15,71
90101,COBIJA,estado nutricional,clasificacion a y b,2004-07-01,149,33,149,33,182
30101,COCHABAMBA,estado nutricional,clasificacion a y b,2004-07-01,533,177,533,177,710
40902,COIPASA,estado nutricional,clasificacion a y b,2004-07-01,1,0,1,0,1
30905,COLCAPIRHUA,estado nutricional,clasificacion a y b,2004-07-01,39,1,39,1,40
50901,"COLCHA ""K""",estado nutricional,clasificacion a y b,2004-07-01,10,4,10,4,14
31002,COLOMI,estado nutricional,clasificacion a y b,2004-07-01,36,5,36,5,41
50401,COLQUECHACA,estado nutricional,clasificacion a y b,2004-07-01,19,1,19,1,20
21306,COLQUENCHA,estado nutricional,clasificacion a y b,2004-07-01,11,5,11,5,16
21004,COLQUIRI,estado nutricional,clasificacion a y b,2004-07-01,13,1,13,1,14
20304,COMANCHE,estado nutricional,clasificacion a y b,2004-07-01,3,0,3,0,3
71301,COMARAPA,estado nutricional,clasificacion a y b,2004-07-01,92,22,92,22,114
20605,COMBAYA,estado nutricional,clasificacion a y b,2004-07-01,2,1,2,1,3
71101,CONCEPCION,estado nutricional,clasificacion a y b,2004-07-01,4,0,4,0,4
21701,COPACABANA,estado nutricional,clasificacion a y b,2004-07-01,20,4,20,4,24
21402,CORIPATA,estado nutricional,clasificacion a y b,2004-07-01,40,1,40,1,41
20301,CORO CORO,estado nutricional,clasificacion a y b,2004-07-01,9,3,9,3,12
21401,COROICO,estado nutricional,clasificacion a y b,2004-07-01,5,9,5,9,14
40301,CORQUE,estado nutricional,clasificacion a y b,2004-07-01,16,0,16,0,16
50601,COTAGAITA,estado nutricional,clasificacion a y b,2004-07-01,36,7,36,7,43
70102,COTOCA,estado nutricional,clasificacion a y b,2004-07-01,124,9,124,9,133
70704,CUEVO,estado nutricional,clasificacion a y b,2004-07-01,12,0,12,0,12
10902,CULPINA,estado nutricional,clasificacion a y b,2004-07-01,29,3,29,3,32
40401,CURAHUARA DE CARANGAS,estado nutricional,clasificacion a y b,2004-07-01,5,0,5,0,5
20804,DESAGUADERO,estado nutricional,clasificacion a y b,2004-07-01,7,0,7,0,7
20105,EL ALTO,estado nutricional,clasificacion a y b,2004-07-01,613,200,613,200,813
40103,EL CHORO,estado nutricional,clasificacion a y b,2004-07-01,9,1,9,1,10
71503,EL PUENTE(STC),estado nutricional,clasificacion a y b,2004-07-01,22,7,22,7,29
60502,EL PUENTE(TJA),estado nutricional,clasificacion a y b,2004-07-01,6,1,6,1,7
70105,EL TORNO,estado nutricional,clasificacion a y b,2004-07-01,120,22,120,22,142
10405,EL VILLAR,estado nutricional,clasificacion a y b,2004-07-01,6,3,6,3,9
60601,ENTRE RIOS,estado nutricional,clasificacion a y b,2004-07-01,61,18,61,18,79
41101,EUCALIPTUS,estado nutricional,clasificacion a y b,2004-07-01,10,4,10,4,14
80402,EXALTACION,estado nutricional,clasificacion a y b,2004-07-01,2,5,2,5,7
90203,FILADELFIA,estado nutricional,clasificacion a y b,2004-07-01,13,2,13,2,15
71002,GENERAL SAAVEDRA,estado nutricional,clasificacion a y b,2004-07-01,35,24,35,24,59
21601,GRAL. J.J. PEREZ (CHARAZANI),estado nutricional,clasificacion a y b,2004-07-01,21,3,21,3,24
20602,GUANAY,estado nutricional,clasificacion a y b,2004-07-01,135,34,135,34,169
20802,GUAQUI,estado nutricional,clasificacion a y b,2004-07-01,6,3,6,3,9
80202,GUAYARAMERIN,estado nutricional,clasificacion a y b,2004-07-01,113,43,113,43,156
70705,GUTIERREZ,estado nutricional,clasificacion a y b,2004-07-01,51,29,51,29,80
10502,HUACARETA,estado nutricional,clasificacion a y b,2004-07-01,35,6,35,6,41
11002,HUACAYA (VILLA DE HUACAYA),estado nutricional,clasificacion a y b,2004-07-01,5,1,5,1,6
40501,HUACHACALLA,estado nutricional,clasificacion a y b,2004-07-01,2,0,2,0,2
40701,HUANUNI,estado nutricional,clasificacion a y b,2004-07-01,41,3,41,3,44
80803,HUARACAJE,estado nutricional,clasificacion a y b,2004-07-01,9,4,9,4,13
41601,HUAYLLAMARCA,estado nutricional,clasificacion a y b,2004-07-01,1,0,1,0,1
21005,ICHOCA,estado nutricional,clasificacion a y b,2004-07-01,12,28,12,28,40
10304,ICLA,estado nutricional,clasificacion a y b,2004-07-01,15,5,15,5,20
10703,INCAHUASI,estado nutricional,clasificacion a y b,2004-07-01,17,4,17,4,21
21001,INQUISIVI,estado nutricional,clasificacion a y b,2004-07-01,14,4,14,4,18
21102,IRUPANA (VILLA DE LANZA),estado nutricional,clasificacion a y b,2004-07-01,43,50,43,50,93
21501,IXIAMAS,estado nutricional,clasificacion a y b,2004-07-01,26,9,26,9,35
21105,LA ASUNTA,estado nutricional,clasificacion a y b,2004-07-01,34,3,34,3,37
70104,LA GUARDIA,estado nutricional,clasificacion a y b,2004-07-01,122,26,122,26,148
20101,LA PAZ,estado nutricional,clasificacion a y b,2004-07-01,654,206,654,206,860
70701,LAGUNILLAS,estado nutricional,clasificacion a y b,2004-07-01,20,9,20,9,29
21202,LAJA,estado nutricional,clasificacion a y b,2004-07-01,14,1,14,1,15
10903,LAS CARRERAS,estado nutricional,clasificacion a y b,2004-07-01,12,1,12,1,13
21006,LICOMA PAMPA,estado nutricional,clasificacion a y b,2004-07-01,1,0,1,0,1
50203,LLALLAGUA,estado nutricional,clasificacion a y b,2004-07-01,49,72,49,72,121
51401,LLICA,estado nutricional,clasificacion a y b,2004-07-01,5,3,5,3,8
80601,LORETO,estado nutricional,clasificacion a y b,2004-07-01,15,6,15,6,21
20901,LURIBAY,estado nutricional,clasificacion a y b,2004-07-01,11,0,11,0,11
40702,MACHACAMARCA,estado nutricional,clasificacion a y b,2004-07-01,7,3,7,3,10
11003,MACHARETI,estado nutricional,clasificacion a y b,2004-07-01,51,28,51,28,79
80801,MAGDALENA,estado nutricional,clasificacion a y b,2004-07-01,26,10,26,10,36
70903,MAIRANA,estado nutricional,clasificacion a y b,2004-07-01,40,9,40,9,49
20904,MALLA,estado nutricional,clasificacion a y b,2004-07-01,1,0,1,0,1
20103,MECAPACA,estado nutricional,clasificacion a y b,2004-07-01,9,0,9,0,9
71003,MINEROS,estado nutricional,clasificacion a y b,2004-07-01,263,63,263,63,326
31301,MIZQUE,estado nutricional,clasificacion a y b,2004-07-01,17,14,17,14,31
20402,MOCOMOCO,estado nutricional,clasificacion a y b,2004-07-01,27,1,27,1,28
51002,MOJINETE,estado nutricional,clasificacion a y b,2004-07-01,2,1,2,1,3
10303,MOJOCOYA,estado nutricional,clasificacion a y b,2004-07-01,18,5,18,5,23
10501,MONTEAGUDO,estado nutricional,clasificacion a y b,2004-07-01,82,24,82,24,106
71001,MONTERO,estado nutricional,clasificacion a y b,2004-07-01,508,137,508,137,645
70803,MORO MORO,estado nutricional,clasificacion a y b,2004-07-01,11,1,11,1,12
30302,MOROCHATA,estado nutricional,clasificacion a y b,2004-07-01,19,0,19,0,19
90401,NACEBE (SANTA ROSA DEL ABUNA),estado nutricional,clasificacion a y b,2004-07-01,1,3,1,3,4
50404,OCURI,estado nutricional,clasificacion a y b,2004-07-01,8,6,8,6,14
70202,OKINAWA,estado nutricional,clasificacion a y b,2004-07-01,27,4,27,4,31
30203,OMEREQUE,estado nutricional,clasificacion a y b,2004-07-01,17,2,17,2,19
40101,ORURO,estado nutricional,clasificacion a y b,2004-07-01,387,96,387,96,483
60201,PADCAYA,estado nutricional,clasificacion a y b,2004-07-01,54,52,54,52,106
10401,PADILLA,estado nutricional,clasificacion a y b,2004-07-01,46,12,46,12,58
70502,PAILON,estado nutricional,clasificacion a y b,2004-07-01,80,29,80,29,109
20102,PALCA,estado nutricional,clasificacion a y b,2004-07-01,16,2,16,2,18
21104,PALOS BLANCOS,estado nutricional,clasificacion a y b,2004-07-01,88,20,88,20,108
40802,PAMPA AULLAGAS,estado nutricional,clasificacion a y b,2004-07-01,6,0,6,0,6
70902,PAMPA GRANDE,estado nutricional,clasificacion a y b,2004-07-01,34,5,34,5,39
21802,PAPEL PAMPA,estado nutricional,clasificacion a y b,2004-07-01,4,0,4,0,4
30202,PASORAPA,estado nutricional,clasificacion a y b,2004-07-01,7,0,7,0,7
21305,PATACAMAYA,estado nutricional,clasificacion a y b,2004-07-01,4,0,4,0,4
20702,PELECHUCO,estado nutricional,clasificacion a y b,2004-07-01,10,1,10,1,11
50403,POCOATA,estado nutricional,clasificacion a y b,2004-07-01,7,2,7,2,9
31203,POCONA,estado nutricional,clasificacion a y b,2004-07-01,6,1,6,1,7
31202,POJO (CBBA),estado nutricional,clasificacion a y b,2004-07-01,84,12,84,12,96
40601,POOPO,estado nutricional,clasificacion a y b,2004-07-01,3,1,3,1,4
51203,PORCO,estado nutricional,clasificacion a y b,2004-07-01,15,3,15,3,18
10103,POROMA,estado nutricional,clasificacion a y b,2004-07-01,19,1,19,1,20
70103,PORONGO,estado nutricional,clasificacion a y b,2004-07-01,14,6,14,6,20
70601,PORTACHUELO,estado nutricional,clasificacion a y b,2004-07-01,130,50,130,50,180
90102,PORVENIR,estado nutricional,clasificacion a y b,2004-07-01,19,7,19,7,26
70804,POSTRER VALLE,estado nutricional,clasificacion a y b,2004-07-01,10,3,10,3,13
50101,POTOSI,estado nutricional,clasificacion a y b,2004-07-01,158,24,158,24,182
10302,PRESTO,estado nutricional,clasificacion a y b,2004-07-01,32,3,32,3,35
21201,PUCARANI,estado nutricional,clasificacion a y b,2004-07-01,30,1,30,1,31
20401,PUERTO ACOSTA,estado nutricional,clasificacion a y b,2004-07-01,43,27,43,27,70
20403,PUERTO CARABUCO,estado nutricional,clasificacion a y b,2004-07-01,20,6,20,6,26
90301,PUERTO GONZALO MORENO,estado nutricional,clasificacion a y b,2004-07-01,5,0,5,0,5
21204,PUERTO PEREZ,estado nutricional,clasificacion a y b,2004-07-01,16,10,16,10,26
71402,PUERTO QUIJARRO,estado nutricional,clasificacion a y b,2004-07-01,45,5,45,5,50
90201,PUERTO RICO,estado nutricional,clasificacion a y b,2004-07-01,15,4,15,4,19
80703,PUERTO SILES,estado nutricional,clasificacion a y b,2004-07-01,2,0,2,0,2
71401,PUERTO SUAREZ,estado nutricional,clasificacion a y b,2004-07-01,87,8,87,8,95
31205,PUERTO VILLARROEL,estado nutricional,clasificacion a y b,2004-07-01,151,25,151,25,176
51101,PUNA,estado nutricional,clasificacion a y b,2004-07-01,18,4,18,4,22
31401,PUNATA,estado nutricional,clasificacion a y b,2004-07-01,33,13,33,13,46
20604,QUIABAYA,estado nutricional,clasificacion a y b,2004-07-01,9,0,9,0,9
30901,QUILLACOLLO,estado nutricional,clasificacion a y b,2004-07-01,78,14,78,14,92
21002,QUIME,estado nutricional,clasificacion a y b,2004-07-01,8,5,8,5,13
70904,QUIRUSILLAS,estado nutricional,clasificacion a y b,2004-07-01,3,1,3,1,4
50402,RAVELO,estado nutricional,clasificacion a y b,2004-07-01,7,1,7,1,8
80301,REYES,estado nutricional,clasificacion a y b,2004-07-01,65,11,65,11,76
80201,RIBERALTA,estado nutricional,clasificacion a y b,2004-07-01,127,55,127,55,182
70503,ROBORE,estado nutricional,clasificacion a y b,2004-07-01,35,12,35,12,47
80304,RURRENABAQUE,estado nutricional,clasificacion a y b,2004-07-01,68,12,68,12,80
40901,SABAYA,estado nutricional,clasificacion a y b,2004-07-01,2,3,2,3,5
31001,SACABA,estado nutricional,clasificacion a y b,2004-07-01,42,3,42,3,45
50701,SACACA,estado nutricional,clasificacion a y b,2004-07-01,3,2,3,2,5
71302,SAIPINA,estado nutricional,clasificacion a y b,2004-07-01,60,37,60,37,97
40801,SALINAS DE GARCI MENDOZA,estado nutricional,clasificacion a y b,2004-07-01,6,3,6,3,9
70901,SAMAIPATA,estado nutricional,clasificacion a y b,2004-07-01,17,9,17,9,26
51601,SAN AGUSTIN,estado nutricional,clasificacion a y b,2004-07-01,2,0,2,0,2
80602,SAN ANDRES,estado nutricional,clasificacion a y b,2004-07-01,21,6,21,6,27
71105,SAN ANTONIO DE LOMERIO,estado nutricional,clasificacion a y b,2004-07-01,20,7,20,7,27
31403,SAN BENITO,estado nutricional,clasificacion a y b,2004-07-01,1,0,1,0,1
80302,SAN BORJA,estado nutricional,clasificacion a y b,2004-07-01,158,13,158,13,171
21502,SAN BUENA VENTURA,estado nutricional,clasificacion a y b,2004-07-01,20,17,20,17,37
70402,SAN CARLOS,estado nutricional,clasificacion a y b,2004-07-01,144,31,144,31,175
80501,SAN IGNACIO,estado nutricional,clasificacion a y b,2004-07-01,53,16,53,16,69
70301,SAN IGNACIO DE VELASCO,estado nutricional,clasificacion a y b,2004-07-01,164,18,164,18,182
80102,SAN JAVIER(BNI),estado nutricional,clasificacion a y b,2004-07-01,22,1,22,1,23
71102,SAN JAVIER(STC),estado nutricional,clasificacion a y b,2004-07-01,72,8,72,8,80
80701,SAN JOAQUIN,estado nutricional,clasificacion a y b,2004-07-01,16,5,16,5,21
70501,SAN JOSE DE CHIQUITOS,estado nutricional,clasificacion a y b,2004-07-01,39,5,39,5,44
71104,SAN JULIAN,estado nutricional,clasificacion a y b,2004-07-01,58,23,58,23,81
90302,SAN LORENZO(PND),estado nutricional,clasificacion a y b,2004-07-01,51,6,51,6,57
60501,SAN LORENZO(TJA),estado nutricional,clasificacion a y b,2004-07-01,17,2,17,2,19
10702,SAN LUCAS,estado nutricional,clasificacion a y b,2004-07-01,46,5,46,5,51
71201,SAN MATIAS,estado nutricional,clasificacion a y b,2004-07-01,42,4,42,4,46
70302,SAN MIGUEL DE VELASCO,estado nutricional,clasificacion a y b,2004-07-01,36,12,36,12,48
51001,SAN PABLO DE LIPEZ,estado nutricional,clasificacion a y b,2004-07-01,2,0,2,0,2
50501,SAN PEDRO DE BUENA VISTA,estado nutricional,clasificacion a y b,2004-07-01,18,15,18,15,33
21801,SAN PEDRO DE CURAHUARA,estado nutricional,clasificacion a y b,2004-07-01,8,2,8,2,10
21702,SAN PEDRO DE TIQUINA,estado nutricional,clasificacion a y b,2004-07-01,6,0,6,0,6
90202,SAN PEDRO(PND),estado nutricional,clasificacion a y b,2004-07-01,0,1,0,1,1
70303,SAN RAFAEL,estado nutricional,clasificacion a y b,2004-07-01,16,6,16,6,22
80702,SAN RAMON,estado nutricional,clasificacion a y b,2004-07-01,11,4,11,4,15
80401,SANTA ANA,estado nutricional,clasificacion a y b,2004-07-01,74,28,74,28,102
70101,SANTA CRUZ DE LA SIERRA,estado nutricional,clasificacion a y b,2004-07-01,2917,886,2917,886,3803
80303,SANTA ROSA,estado nutricional,clasificacion a y b,2004-07-01,38,19,38,19,57
70602,SANTA ROSA DEL SARA,estado nutricional,clasificacion a y b,2004-07-01,29,22,29,22,51
20308,SANTIAGO DE CALLAPA,estado nutricional,clasificacion a y b,2004-07-01,9,10,9,10,19
41401,SANTIAGO DE HUARI,estado nutricional,clasificacion a y b,2004-07-01,17,1,17,1,18
21901,SANTIAGO DE MACHACA,estado nutricional,clasificacion a y b,2004-07-01,7,2,7,2,9
30702,SANTIVAÑES,estado nutricional,clasificacion a y b,2004-07-01,1,0,1,0,1
40202,SANTUARIO DE QUILLACAS,estado nutricional,clasificacion a y b,2004-07-01,3,2,3,2,5
20902,SAPAHAQUI,estado nutricional,clasificacion a y b,2004-07-01,15,0,15,0,15
90303,SENA,estado nutricional,clasificacion a y b,2004-07-01,5,0,5,0,5
21301,SICA SICA (VILLA AROMA),estado nutricional,clasificacion a y b,2004-07-01,8,2,8,2,10
30703,SICAYA,estado nutricional,clasificacion a y b,2004-07-01,1,0,1,0,1
30902,SIPE SIPE,estado nutricional,clasificacion a y b,2004-07-01,92,29,92,29,121
10403,SOPACHUY,estado nutricional,clasificacion a y b,2004-07-01,7,0,7,0,7
20601,SORATA,estado nutricional,clasificacion a y b,2004-07-01,35,12,35,12,47
10101,SUCRE,estado nutricional,clasificacion a y b,2004-07-01,306,61,306,61,367
31404,TACACHI,estado nutricional,clasificacion a y b,2004-07-01,2,0,2,0,2
20603,TACACOMA,estado nutricional,clasificacion a y b,2004-07-01,24,0,24,0,24
50303,TACOBAMBA,estado nutricional,clasificacion a y b,2004-07-01,16,5,16,5,21
30602,TACOPAYA,estado nutricional,clasificacion a y b,2004-07-01,5,1,5,1,6
51402,TAHUA,estado nutricional,clasificacion a y b,2004-07-01,1,0,1,0,1
31101,TAPACARI,estado nutricional,clasificacion a y b,2004-07-01,14,4,14,4,18
10601,TARABUCO,estado nutricional,clasificacion a y b,2004-07-01,29,7,29,7,36
30401,TARATA,estado nutricional,clasificacion a y b,2004-07-01,13,3,13,3,16
60101,TARIJA,estado nutricional,clasificacion a y b,2004-07-01,686,206,686,206,892
10202,TARVITA,estado nutricional,clasificacion a y b,2004-07-01,12,2,12,2,14
20803,TIAWANACU,estado nutricional,clasificacion a y b,2004-07-01,18,3,18,3,21
50102,TINGUIPAYA,estado nutricional,clasificacion a y b,2004-07-01,8,0,8,0,8
20606,TIPUANI,estado nutricional,clasificacion a y b,2004-07-01,42,7,42,7,49
30903,TIQUIPAYA,estado nutricional,clasificacion a y b,2004-07-01,28,3,28,3,31
31601,TIRAQUE (CBBA),estado nutricional,clasificacion a y b,2004-07-01,115,36,115,36,151
30803,TOLATA,estado nutricional,clasificacion a y b,2004-07-01,1,3,1,3,4
41001,TOLEDO,estado nutricional,clasificacion a y b,2004-07-01,4,1,4,1,5
51202,TOMAVE,estado nutricional,clasificacion a y b,2004-07-01,8,5,8,5,13
10402,TOMINA,estado nutricional,clasificacion a y b,2004-07-01,18,15,18,15,33
50502,TORO TORO,estado nutricional,clasificacion a y b,2004-07-01,16,3,16,3,19
31201,TOTORA(CBBA),estado nutricional,clasificacion a y b,2004-07-01,10,1,10,1,11
41301,TOTORA(ORR),estado nutricional,clasificacion a y b,2004-07-01,1,1,1,1,2
70802,TRIGAL,estado nutricional,clasificacion a y b,2004-07-01,4,0,4,0,4
80101,TRINIDAD,estado nutricional,clasificacion a y b,2004-07-01,269,79,269,79,348
50801,TUPIZA,estado nutricional,clasificacion a y b,2004-07-01,91,35,91,35,126
21302,UMALA,estado nutricional,clasificacion a y b,2004-07-01,8,11,8,11,19
50201,UNCIA,estado nutricional,clasificacion a y b,2004-07-01,21,11,21,11,32
60401,URIONDO (A. CONCEPCION),estado nutricional,clasificacion a y b,2004-07-01,48,26,48,26,74
71502,URUBICHA,estado nutricional,clasificacion a y b,2004-07-01,10,12,10,12,22
51201,UYUNI,estado nutricional,clasificacion a y b,2004-07-01,30,7,30,7,37
30502,VACAS,estado nutricional,clasificacion a y b,2004-07-01,7,3,7,3,10
70801,VALLEGRANDE,estado nutricional,clasificacion a y b,2004-07-01,22,4,22,4,26
20801,VIACHA,estado nutricional,clasificacion a y b,2004-07-01,54,7,54,7,61
31302,VILA VILA,estado nutricional,clasificacion a y b,2004-07-01,4,0,4,0,4
60303,VILLA MONTES,estado nutricional,clasificacion a y b,2004-07-01,111,13,111,13,124
90502,VILLA NUEVA (LOMA ALTA),estado nutricional,clasificacion a y b,2004-07-01,2,0,2,0,2
31402,VILLA RIVERO,estado nutricional,clasificacion a y b,2004-07-01,18,1,18,1,19
10801,VILLA SERRANO,estado nutricional,clasificacion a y b,2004-07-01,28,4,28,4,32
31003,VILLA TUNARI,estado nutricional,clasificacion a y b,2004-07-01,64,15,64,15,79
11001,VILLA VACA GUZMAN (MUYUPAMPA),estado nutricional,clasificacion a y b,2004-07-01,53,19,53,19,72
51501,VILLAZON,estado nutricional,clasificacion a y b,2004-07-01,88,23,88,23,111
30904,VINTO,estado nutricional,clasificacion a y b,2004-07-01,46,5,46,5,51
50602,VITICHI,estado nutricional,clasificacion a y b,2004-07-01,17,7,17,7,24
20306,WALDO BALLIVIAN,estado nutricional,clasificacion a y b,2004-07-01,2,1,2,1,3
70201,WARNES,estado nutricional,clasificacion a y b,2004-07-01,131,29,131,29,160
20903,YACO,estado nutricional,clasificacion a y b,2004-07-01,5,2,5,2,7
60301,YACUIBA,estado nutricional,clasificacion a y b,2004-07-01,237,27,237,27,264
10602,YAMPARAEZ,estado nutricional,clasificacion a y b,2004-07-01,19,1,19,1,20
21103,YANACACHI,estado nutricional,clasificacion a y b,2004-07-01,6,0,6,0,6
70403,YAPACANI,estado nutricional,clasificacion a y b,2004-07-01,224,42,224,42,266
50103,YOCALLA,estado nutricional,clasificacion a y b,2004-07-01,6,8,6,8,14
10102,YOTALA,estado nutricional,clasificacion a y b,2004-07-01,29,7,29,7,36
60402,YUNCHARA,estado nutricional,clasificacion a y b,2004-07-01,1,2,1,2,3
10301,ZUDAÑEZ,estado nutricional,clasificacion a y b,2004-07-01,22,7,22,7,29
51302,ACACIO,estado nutricional,clasificacion a y b,2004-08-01,3,1,3,1,4
20201,ACHACACHI,estado nutricional,clasificacion a y b,2004-08-01,64,13,64,13,77
20104,ACHOCALLA,estado nutricional,clasificacion a y b,2004-08-01,9,2,9,2,11
30201,AIQUILE,estado nutricional,clasificacion a y b,2004-08-01,14,3,14,3,17
31303,ALALAY,estado nutricional,clasificacion a y b,2004-08-01,2,8,2,8,10
10404,ALCALA,estado nutricional,clasificacion a y b,2004-08-01,8,1,8,1,9
20202,ANCORAIMES,estado nutricional,clasificacion a y b,2004-08-01,10,2,10,2,12
41201,ANDAMARCA,estado nutricional,clasificacion a y b,2004-08-01,2,0,2,0,2
40603,ANTEQUERA,estado nutricional,clasificacion a y b,2004-08-01,1,0,1,0,1
30402,ANZALDO,estado nutricional,clasificacion a y b,2004-08-01,6,4,6,4,10
20701,APOLO,estado nutricional,clasificacion a y b,2004-08-01,10,2,10,2,12
51301,ARAMPAMPA,estado nutricional,clasificacion a y b,2004-08-01,3,2,3,2,5
30501,ARANI,estado nutricional,clasificacion a y b,2004-08-01,19,5,19,5,24
30403,ARBIETO,estado nutricional,clasificacion a y b,2004-08-01,4,2,4,2,6
50802,ATOCHA,estado nutricional,clasificacion a y b,2004-08-01,23,6,23,6,29
20503,AUCAPATA,estado nutricional,clasificacion a y b,2004-08-01,5,0,5,0,5
20502,AYATA,estado nutricional,clasificacion a y b,2004-08-01,13,1,13,1,14
21303,AYO AYO,estado nutricional,clasificacion a y b,2004-08-01,20,7,20,7,27
30301,AYOPAYA (V. DE INDEPENDENCIA),estado nutricional,clasificacion a y b,2004-08-01,22,7,22,7,29
10201,AZURDUY,estado nutricional,clasificacion a y b,2004-08-01,19,6,19,6,25
21203,BATALLAS,estado nutricional,clasificacion a y b,2004-08-01,18,5,18,5,23
80802,BAURES,estado nutricional,clasificacion a y b,2004-08-01,15,1,15,1,16
41202,BELEN DE ANDAMARCA,estado nutricional,clasificacion a y b,2004-08-01,1,0,1,0,1
90104,BELLA FLOR,estado nutricional,clasificacion a y b,2004-08-01,7,1,7,1,8
60202,BERMEJO,estado nutricional,clasificacion a y b,2004-08-01,17,4,17,4,21
50301,BETANZOS,estado nutricional,clasificacion a y b,2004-08-01,51,2,51,2,53
31501,BOLIVAR,estado nutricional,clasificacion a y b,2004-08-01,7,0,7,0,7
90103,BOLPEBRA,estado nutricional,clasificacion a y b,2004-08-01,5,6,5,6,11
70707,BOYUIBE,estado nutricional,clasificacion a y b,2004-08-01,14,4,14,4,18
70401,BUENA VISTA,estado nutricional,clasificacion a y b,2004-08-01,62,16,62,16,78
70703,CABEZAS,estado nutricional,clasificacion a y b,2004-08-01,48,16,48,16,64
20905,CAIROMA,estado nutricional,clasificacion a y b,2004-08-01,18,0,18,0,18
51102,"CAIZA ""D""",estado nutricional,clasificacion a y b,2004-08-01,18,5,18,5,23
21003,CAJUATA,estado nutricional,clasificacion a y b,2004-08-01,34,3,34,3,37
20303,CALACOTO,estado nutricional,clasificacion a y b,2004-08-01,4,2,4,2,6
21304,CALAMARCA,estado nutricional,clasificacion a y b,2004-08-01,14,1,14,1,15
10701,CAMARGO,estado nutricional,clasificacion a y b,2004-08-01,9,2,9,2,11
10901,CAMATAQUI (C. VILLA ABECIA),estado nutricional,clasificacion a y b,2004-08-01,5,1,5,1,6
70706,CAMIRI,estado nutricional,clasificacion a y b,2004-08-01,154,38,154,38,192
30701,CAPINOTA,estado nutricional,clasificacion a y b,2004-08-01,7,0,7,0,7
20302,CAQUIAVIRI,estado nutricional,clasificacion a y b,2004-08-01,14,1,14,1,15
40102,CARACOLLO,estado nutricional,clasificacion a y b,2004-08-01,18,10,18,10,28
22001,CARANAVI,estado nutricional,clasificacion a y b,2004-08-01,141,30,141,30,171
60302,CARAPARI,estado nutricional,clasificacion a y b,2004-08-01,46,11,46,11,57
50702,CARIPUYO,estado nutricional,clasificacion a y b,2004-08-01,34,3,34,3,37
21803,CHACARILLA,estado nutricional,clasificacion a y b,2004-08-01,1,0,1,0,1
40201,CHALLAPATA,estado nutricional,clasificacion a y b,2004-08-01,26,5,26,5,31
50302,CHAQUI,estado nutricional,clasificacion a y b,2004-08-01,15,5,15,5,20
70702,CHARAGUA,estado nutricional,clasificacion a y b,2004-08-01,115,30,115,30,145
20305,CHARAÑA,estado nutricional,clasificacion a y b,2004-08-01,1,0,1,0,1
50202,CHAYANTA,estado nutricional,clasificacion a y b,2004-08-01,30,5,30,5,35
31204,CHIMORE,estado nutricional,clasificacion a y b,2004-08-01,58,11,58,11,69
40903,CHIPAYA,estado nutricional,clasificacion a y b,2004-08-01,0,2,0,2,2
40302,CHOQUE COTA,estado nutricional,clasificacion a y b,2004-08-01,6,0,6,0,6
21101,CHULUMANI (V. DE LA LIBERTAD),estado nutricional,clasificacion a y b,2004-08-01,11,0,11,0,11
20501,CHUMA,estado nutricional,clasificacion a y b,2004-08-01,16,1,16,1,17
30801,CLIZA,estado nutricional,clasificacion a y b,2004-08-01,63,6,63,6,69
90101,COBIJA,estado nutricional,clasificacion a y b,2004-08-01,149,34,149,34,183
30101,COCHABAMBA,estado nutricional,clasificacion a y b,2004-08-01,559,165,559,165,724
40902,COIPASA,estado nutricional,clasificacion a y b,2004-08-01,1,0,1,0,1
30905,COLCAPIRHUA,estado nutricional,clasificacion a y b,2004-08-01,6,5,6,5,11
50901,"COLCHA ""K""",estado nutricional,clasificacion a y b,2004-08-01,19,3,19,3,22
31002,COLOMI,estado nutricional,clasificacion a y b,2004-08-01,29,0,29,0,29
50401,COLQUECHACA,estado nutricional,clasificacion a y b,2004-08-01,18,11,18,11,29
21306,COLQUENCHA,estado nutricional,clasificacion a y b,2004-08-01,8,3,8,3,11
21004,COLQUIRI,estado nutricional,clasificacion a y b,2004-08-01,22,9,22,9,31
20304,COMANCHE,estado nutricional,clasificacion a y b,2004-08-01,1,0,1,0,1
71301,COMARAPA,estado nutricional,clasificacion a y b,2004-08-01,130,43,130,43,173
71101,CONCEPCION,estado nutricional,clasificacion a y b,2004-08-01,12,3,12,3,15
21701,COPACABANA,estado nutricional,clasificacion a y b,2004-08-01,11,2,11,2,13
21402,CORIPATA,estado nutricional,clasificacion a y b,2004-08-01,53,0,53,0,53
20301,CORO CORO,estado nutricional,clasificacion a y b,2004-08-01,13,3,13,3,16
21401,COROICO,estado nutricional,clasificacion a y b,2004-08-01,10,2,10,2,12
40301,CORQUE,estado nutricional,clasificacion a y b,2004-08-01,17,4,17,4,21
50601,COTAGAITA,estado nutricional,clasificacion a y b,2004-08-01,29,4,29,4,33
70102,COTOCA,estado nutricional,clasificacion a y b,2004-08-01,115,6,115,6,121
70704,CUEVO,estado nutricional,clasificacion a y b,2004-08-01,5,2,5,2,7
10902,CULPINA,estado nutricional,clasificacion a y b,2004-08-01,40,2,40,2,42
40401,CURAHUARA DE CARANGAS,estado nutricional,clasificacion a y b,2004-08-01,4,0,4,0,4
21602,CURVA,estado nutricional,clasificacion a y b,2004-08-01,1,0,1,0,1
20804,DESAGUADERO,estado nutricional,clasificacion a y b,2004-08-01,4,0,4,0,4
20105,EL ALTO,estado nutricional,clasificacion a y b,2004-08-01,845,208,845,208,1053
40103,EL CHORO,estado nutricional,clasificacion a y b,2004-08-01,5,3,5,3,8
60502,EL PUENTE(TJA),estado nutricional,clasificacion a y b,2004-08-01,11,1,11,1,12
70105,EL TORNO,estado nutricional,clasificacion a y b,2004-08-01,116,16,116,16,132
10405,EL VILLAR,estado nutricional,clasificacion a y b,2004-08-01,8,4,8,4,12
60601,ENTRE RIOS,estado nutricional,clasificacion a y b,2004-08-01,52,11,52,11,63
41101,EUCALIPTUS,estado nutricional,clasificacion a y b,2004-08-01,10,0,10,0,10
80402,EXALTACION,estado nutricional,clasificacion a y b,2004-08-01,13,9,13,9,22
90203,FILADELFIA,estado nutricional,clasificacion a y b,2004-08-01,10,4,10,4,14
71002,GENERAL SAAVEDRA,estado nutricional,clasificacion a y b,2004-08-01,67,19,67,19,86
21601,GRAL. J.J. PEREZ (CHARAZANI),estado nutricional,clasificacion a y b,2004-08-01,18,2,18,2,20
20602,GUANAY,estado nutricional,clasificacion a y b,2004-08-01,157,34,157,34,191
20802,GUAQUI,estado nutricional,clasificacion a y b,2004-08-01,2,2,2,2,4
80202,GUAYARAMERIN,estado nutricional,clasificacion a y b,2004-08-01,127,36,127,36,163
70705,GUTIERREZ,estado nutricional,clasificacion a y b,2004-08-01,72,30,72,30,102
10502,HUACARETA,estado nutricional,clasificacion a y b,2004-08-01,27,14,27,14,41
11002,HUACAYA (VILLA DE HUACAYA),estado nutricional,clasificacion a y b,2004-08-01,5,1,5,1,6
40501,HUACHACALLA,estado nutricional,clasificacion a y b,2004-08-01,5,1,5,1,6
40701,HUANUNI,estado nutricional,clasificacion a y b,2004-08-01,50,32,50,32,82
80803,HUARACAJE,estado nutricional,clasificacion a y b,2004-08-01,11,4,11,4,15
41601,HUAYLLAMARCA,estado nutricional,clasificacion a y b,2004-08-01,4,0,4,0,4
21005,ICHOCA,estado nutricional,clasificacion a y b,2004-08-01,12,13,12,13,25
10304,ICLA,estado nutricional,clasificacion a y b,2004-08-01,13,5,13,5,18
10703,INCAHUASI,estado nutricional,clasificacion a y b,2004-08-01,36,6,36,6,42
21001,INQUISIVI,estado nutricional,clasificacion a y b,2004-08-01,14,22,14,22,36
21102,IRUPANA (VILLA DE LANZA),estado nutricional,clasificacion a y b,2004-08-01,33,23,33,23,56
21501,IXIAMAS,estado nutricional,clasificacion a y b,2004-08-01,28,6,28,6,34
21105,LA ASUNTA,estado nutricional,clasificacion a y b,2004-08-01,60,2,60,2,62
70104,LA GUARDIA,estado nutricional,clasificacion a y b,2004-08-01,108,28,108,28,136
20101,LA PAZ,estado nutricional,clasificacion a y b,2004-08-01,625,180,625,180,805
70701,LAGUNILLAS,estado nutricional,clasificacion a y b,2004-08-01,30,25,30,25,55
21202,LAJA,estado nutricional,clasificacion a y b,2004-08-01,13,0,13,0,13
10903,LAS CARRERAS,estado nutricional,clasificacion a y b,2004-08-01,14,3,14,3,17
21006,LICOMA PAMPA,estado nutricional,clasificacion a y b,2004-08-01,3,6,3,6,9
50203,LLALLAGUA,estado nutricional,clasificacion a y b,2004-08-01,113,43,113,43,156
51401,LLICA,estado nutricional,clasificacion a y b,2004-08-01,6,2,6,2,8
80601,LORETO,estado nutricional,clasificacion a y b,2004-08-01,14,5,14,5,19
20901,LURIBAY,estado nutricional,clasificacion a y b,2004-08-01,8,4,8,4,12
40702,MACHACAMARCA,estado nutricional,clasificacion a y b,2004-08-01,4,3,4,3,7
11003,MACHARETI,estado nutricional,clasificacion a y b,2004-08-01,52,17,52,17,69
80801,MAGDALENA,estado nutricional,clasificacion a y b,2004-08-01,24,4,24,4,28
70903,MAIRANA,estado nutricional,clasificacion a y b,2004-08-01,43,9,43,9,52
20103,MECAPACA,estado nutricional,clasificacion a y b,2004-08-01,6,4,6,4,10
71003,MINEROS,estado nutricional,clasificacion a y b,2004-08-01,276,72,276,72,348
31301,MIZQUE,estado nutricional,clasificacion a y b,2004-08-01,78,57,78,57,135
20402,MOCOMOCO,estado nutricional,clasificacion a y b,2004-08-01,24,3,24,3,27
51002,MOJINETE,estado nutricional,clasificacion a y b,2004-08-01,1,1,1,1,2
10303,MOJOCOYA,estado nutricional,clasificacion a y b,2004-08-01,28,5,28,5,33
10501,MONTEAGUDO,estado nutricional,clasificacion a y b,2004-08-01,87,32,87,32,119
71001,MONTERO,estado nutricional,clasificacion a y b,2004-08-01,528,133,528,133,661
70803,MORO MORO,estado nutricional,clasificacion a y b,2004-08-01,9,2,9,2,11
30302,MOROCHATA,estado nutricional,clasificacion a y b,2004-08-01,34,12,34,12,46
90401,NACEBE (SANTA ROSA DEL ABUNA),estado nutricional,clasificacion a y b,2004-08-01,3,7,3,7,10
50404,OCURI,estado nutricional,clasificacion a y b,2004-08-01,6,0,6,0,6
70202,OKINAWA,estado nutricional,clasificacion a y b,2004-08-01,23,5,23,5,28
30203,OMEREQUE,estado nutricional,clasificacion a y b,2004-08-01,15,2,15,2,17
40101,ORURO,estado nutricional,clasificacion a y b,2004-08-01,313,115,313,115,428
60201,PADCAYA,estado nutricional,clasificacion a y b,2004-08-01,40,28,40,28,68
10401,PADILLA,estado nutricional,clasificacion a y b,2004-08-01,30,9,30,9,39
70502,PAILON,estado nutricional,clasificacion a y b,2004-08-01,73,14,73,14,87
20102,PALCA,estado nutricional,clasificacion a y b,2004-08-01,35,4,35,4,39
21104,PALOS BLANCOS,estado nutricional,clasificacion a y b,2004-08-01,63,6,63,6,69
40802,PAMPA AULLAGAS,estado nutricional,clasificacion a y b,2004-08-01,3,0,3,0,3
70902,PAMPA GRANDE,estado nutricional,clasificacion a y b,2004-08-01,22,14,22,14,36
21802,PAPEL PAMPA,estado nutricional,clasificacion a y b,2004-08-01,3,1,3,1,4
30202,PASORAPA,estado nutricional,clasificacion a y b,2004-08-01,4,1,4,1,5
21305,PATACAMAYA,estado nutricional,clasificacion a y b,2004-08-01,18,1,18,1,19
40602,PAZÑA,estado nutricional,clasificacion a y b,2004-08-01,3,3,3,3,6
20702,PELECHUCO,estado nutricional,clasificacion a y b,2004-08-01,4,3,4,3,7
50403,POCOATA,estado nutricional,clasificacion a y b,2004-08-01,26,6,26,6,32
31203,POCONA,estado nutricional,clasificacion a y b,2004-08-01,10,0,10,0,10
31202,POJO (CBBA),estado nutricional,clasificacion a y b,2004-08-01,119,20,119,20,139
40601,POOPO,estado nutricional,clasificacion a y b,2004-08-01,4,0,4,0,4
51203,PORCO,estado nutricional,clasificacion a y b,2004-08-01,10,0,10,0,10
10103,POROMA,estado nutricional,clasificacion a y b,2004-08-01,27,9,27,9,36
70103,PORONGO,estado nutricional,clasificacion a y b,2004-08-01,22,10,22,10,32
70601,PORTACHUELO,estado nutricional,clasificacion a y b,2004-08-01,99,40,99,40,139
90102,PORVENIR,estado nutricional,clasificacion a y b,2004-08-01,31,9,31,9,40
70804,POSTRER VALLE,estado nutricional,clasificacion a y b,2004-08-01,12,3,12,3,15
50101,POTOSI,estado nutricional,clasificacion a y b,2004-08-01,168,22,168,22,190
10302,PRESTO,estado nutricional,clasificacion a y b,2004-08-01,23,4,23,4,27
70805,PUCARA,estado nutricional,clasificacion a y b,2004-08-01,1,0,1,0,1
21201,PUCARANI,estado nutricional,clasificacion a y b,2004-08-01,36,0,36,0,36
20401,PUERTO ACOSTA,estado nutricional,clasificacion a y b,2004-08-01,32,21,32,21,53
20403,PUERTO CARABUCO,estado nutricional,clasificacion a y b,2004-08-01,32,6,32,6,38
90301,PUERTO GONZALO MORENO,estado nutricional,clasificacion a y b,2004-08-01,38,3,38,3,41
21204,PUERTO PEREZ,estado nutricional,clasificacion a y b,2004-08-01,18,11,18,11,29
90201,PUERTO RICO,estado nutricional,clasificacion a y b,2004-08-01,9,4,9,4,13
80703,PUERTO SILES,estado nutricional,clasificacion a y b,2004-08-01,3,2,3,2,5
71401,PUERTO SUAREZ,estado nutricional,clasificacion a y b,2004-08-01,3,2,3,2,5
31205,PUERTO VILLARROEL,estado nutricional,clasificacion a y b,2004-08-01,215,43,215,43,258
51101,PUNA,estado nutricional,clasificacion a y b,2004-08-01,18,0,18,0,18
31401,PUNATA,estado nutricional,clasificacion a y b,2004-08-01,61,6,61,6,67
20604,QUIABAYA,estado nutricional,clasificacion a y b,2004-08-01,7,0,7,0,7
30901,QUILLACOLLO,estado nutricional,clasificacion a y b,2004-08-01,112,24,112,24,136
21002,QUIME,estado nutricional,clasificacion a y b,2004-08-01,12,3,12,3,15
70904,QUIRUSILLAS,estado nutricional,clasificacion a y b,2004-08-01,7,0,7,0,7
50402,RAVELO,estado nutricional,clasificacion a y b,2004-08-01,5,2,5,2,7
80301,REYES,estado nutricional,clasificacion a y b,2004-08-01,111,15,111,15,126
80201,RIBERALTA,estado nutricional,clasificacion a y b,2004-08-01,106,52,106,52,158
70503,ROBORE,estado nutricional,clasificacion a y b,2004-08-01,37,13,37,13,50
80304,RURRENABAQUE,estado nutricional,clasificacion a y b,2004-08-01,22,7,22,7,29
31001,SACABA,estado nutricional,clasificacion a y b,2004-08-01,24,2,24,2,26
50701,SACACA,estado nutricional,clasificacion a y b,2004-08-01,11,0,11,0,11
71302,SAIPINA,estado nutricional,clasificacion a y b,2004-08-01,42,23,42,23,65
40801,SALINAS DE GARCI MENDOZA,estado nutricional,clasificacion a y b,2004-08-01,0,3,0,3,3
70901,SAMAIPATA,estado nutricional,clasificacion a y b,2004-08-01,25,2,25,2,27
51601,SAN AGUSTIN,estado nutricional,clasificacion a y b,2004-08-01,4,0,4,0,4
80602,SAN ANDRES,estado nutricional,clasificacion a y b,2004-08-01,22,2,22,2,24
51003,SAN ANTONIO DE ESMORUCO,estado nutricional,clasificacion a y b,2004-08-01,2,0,2,0,2
71105,SAN ANTONIO DE LOMERIO,estado nutricional,clasificacion a y b,2004-08-01,15,7,15,7,22
31403,SAN BENITO,estado nutricional,clasificacion a y b,2004-08-01,7,1,7,1,8
80302,SAN BORJA,estado nutricional,clasificacion a y b,2004-08-01,168,27,168,27,195
21502,SAN BUENA VENTURA,estado nutricional,clasificacion a y b,2004-08-01,14,2,14,2,16
70402,SAN CARLOS,estado nutricional,clasificacion a y b,2004-08-01,119,45,119,45,164
80501,SAN IGNACIO,estado nutricional,clasificacion a y b,2004-08-01,76,13,76,13,89
70301,SAN IGNACIO DE VELASCO,estado nutricional,clasificacion a y b,2004-08-01,167,19,167,19,186
80102,SAN JAVIER(BNI),estado nutricional,clasificacion a y b,2004-08-01,5,2,5,2,7
71102,SAN JAVIER(STC),estado nutricional,clasificacion a y b,2004-08-01,49,17,49,17,66
80701,SAN JOAQUIN,estado nutricional,clasificacion a y b,2004-08-01,17,13,17,13,30
70501,SAN JOSE DE CHIQUITOS,estado nutricional,clasificacion a y b,2004-08-01,44,8,44,8,52
71104,SAN JULIAN,estado nutricional,clasificacion a y b,2004-08-01,124,54,124,54,178
90302,SAN LORENZO(PND),estado nutricional,clasificacion a y b,2004-08-01,9,3,9,3,12
60501,SAN LORENZO(TJA),estado nutricional,clasificacion a y b,2004-08-01,13,6,13,6,19
10702,SAN LUCAS,estado nutricional,clasificacion a y b,2004-08-01,35,1,35,1,36
71201,SAN MATIAS,estado nutricional,clasificacion a y b,2004-08-01,3,2,3,2,5
70302,SAN MIGUEL DE VELASCO,estado nutricional,clasificacion a y b,2004-08-01,18,6,18,6,24
51001,SAN PABLO DE LIPEZ,estado nutricional,clasificacion a y b,2004-08-01,5,0,5,0,5
50501,SAN PEDRO DE BUENA VISTA,estado nutricional,clasificacion a y b,2004-08-01,26,8,26,8,34
21801,SAN PEDRO DE CURAHUARA,estado nutricional,clasificacion a y b,2004-08-01,8,0,8,0,8
50902,SAN PEDRO DE QUEMES,estado nutricional,clasificacion a y b,2004-08-01,1,1,1,1,2
21702,SAN PEDRO DE TIQUINA,estado nutricional,clasificacion a y b,2004-08-01,2,0,2,0,2
70303,SAN RAFAEL,estado nutricional,clasificacion a y b,2004-08-01,12,6,12,6,18
80702,SAN RAMON,estado nutricional,clasificacion a y b,2004-08-01,18,3,18,3,21
80401,SANTA ANA,estado nutricional,clasificacion a y b,2004-08-01,73,46,73,46,119
70101,SANTA CRUZ DE LA SIERRA,estado nutricional,clasificacion a y b,2004-08-01,3094,931,3094,931,4025
80303,SANTA ROSA,estado nutricional,clasificacion a y b,2004-08-01,34,11,34,11,45
70602,SANTA ROSA DEL SARA,estado nutricional,clasificacion a y b,2004-08-01,16,15,16,15,31
20308,SANTIAGO DE CALLAPA,estado nutricional,clasificacion a y b,2004-08-01,2,1,2,1,3
41401,SANTIAGO DE HUARI,estado nutricional,clasificacion a y b,2004-08-01,12,1,12,1,13
21901,SANTIAGO DE MACHACA,estado nutricional,clasificacion a y b,2004-08-01,3,0,3,0,3
40202,SANTUARIO DE QUILLACAS,estado nutricional,clasificacion a y b,2004-08-01,1,0,1,0,1
20902,SAPAHAQUI,estado nutricional,clasificacion a y b,2004-08-01,15,0,15,0,15
90303,SENA,estado nutricional,clasificacion a y b,2004-08-01,3,0,3,0,3
21301,SICA SICA (VILLA AROMA),estado nutricional,clasificacion a y b,2004-08-01,25,2,25,2,27
30703,SICAYA,estado nutricional,clasificacion a y b,2004-08-01,1,0,1,0,1
30902,SIPE SIPE,estado nutricional,clasificacion a y b,2004-08-01,83,24,83,24,107
10403,SOPACHUY,estado nutricional,clasificacion a y b,2004-08-01,9,1,9,1,10
20601,SORATA,estado nutricional,clasificacion a y b,2004-08-01,29,1,29,1,30
10101,SUCRE,estado nutricional,clasificacion a y b,2004-08-01,327,121,327,121,448
31404,TACACHI,estado nutricional,clasificacion a y b,2004-08-01,2,0,2,0,2
20603,TACACOMA,estado nutricional,clasificacion a y b,2004-08-01,22,3,22,3,25
50303,TACOBAMBA,estado nutricional,clasificacion a y b,2004-08-01,2,2,2,2,4
30602,TACOPAYA,estado nutricional,clasificacion a y b,2004-08-01,24,19,24,19,43
51402,TAHUA,estado nutricional,clasificacion a y b,2004-08-01,5,3,5,3,8
31101,TAPACARI,estado nutricional,clasificacion a y b,2004-08-01,14,1,14,1,15
10601,TARABUCO,estado nutricional,clasificacion a y b,2004-08-01,34,8,34,8,42
30401,TARATA,estado nutricional,clasificacion a y b,2004-08-01,16,3,16,3,19
60101,TARIJA,estado nutricional,clasificacion a y b,2004-08-01,376,84,376,84,460
10202,TARVITA,estado nutricional,clasificacion a y b,2004-08-01,4,0,4,0,4
20803,TIAWANACU,estado nutricional,clasificacion a y b,2004-08-01,17,0,17,0,17
50102,TINGUIPAYA,estado nutricional,clasificacion a y b,2004-08-01,5,8,5,8,13
20606,TIPUANI,estado nutricional,clasificacion a y b,2004-08-01,34,6,34,6,40
30903,TIQUIPAYA,estado nutricional,clasificacion a y b,2004-08-01,47,19,47,19,66
31601,TIRAQUE (CBBA),estado nutricional,clasificacion a y b,2004-08-01,108,29,108,29,137
30802,TOCO,estado nutricional,clasificacion a y b,2004-08-01,1,0,1,0,1
30803,TOLATA,estado nutricional,clasificacion a y b,2004-08-01,5,3,5,3,8
51202,TOMAVE,estado nutricional,clasificacion a y b,2004-08-01,10,3,10,3,13
10402,TOMINA,estado nutricional,clasificacion a y b,2004-08-01,38,9,38,9,47
50502,TORO TORO,estado nutricional,clasificacion a y b,2004-08-01,10,1,10,1,11
31201,TOTORA(CBBA),estado nutricional,clasificacion a y b,2004-08-01,20,4,20,4,24
41301,TOTORA(ORR),estado nutricional,clasificacion a y b,2004-08-01,1,0,1,0,1
70802,TRIGAL,estado nutricional,clasificacion a y b,2004-08-01,5,1,5,1,6
80101,TRINIDAD,estado nutricional,clasificacion a y b,2004-08-01,335,113,335,113,448
50801,TUPIZA,estado nutricional,clasificacion a y b,2004-08-01,74,25,74,25,99
21302,UMALA,estado nutricional,clasificacion a y b,2004-08-01,18,10,18,10,28
50201,UNCIA,estado nutricional,clasificacion a y b,2004-08-01,16,6,16,6,22
60401,URIONDO (A. CONCEPCION),estado nutricional,clasificacion a y b,2004-08-01,67,22,67,22,89
51201,UYUNI,estado nutricional,clasificacion a y b,2004-08-01,49,10,49,10,59
30502,VACAS,estado nutricional,clasificacion a y b,2004-08-01,6,2,6,2,8
70801,VALLEGRANDE,estado nutricional,clasificacion a y b,2004-08-01,42,22,42,22,64
20801,VIACHA,estado nutricional,clasificacion a y b,2004-08-01,50,6,50,6,56
31302,VILA VILA,estado nutricional,clasificacion a y b,2004-08-01,3,0,3,0,3
60303,VILLA MONTES,estado nutricional,clasificacion a y b,2004-08-01,94,17,94,17,111
90502,VILLA NUEVA (LOMA ALTA),estado nutricional,clasificacion a y b,2004-08-01,3,0,3,0,3
31402,VILLA RIVERO,estado nutricional,clasificacion a y b,2004-08-01,23,1,23,1,24
10801,VILLA SERRANO,estado nutricional,clasificacion a y b,2004-08-01,14,5,14,5,19
31003,VILLA TUNARI,estado nutricional,clasificacion a y b,2004-08-01,119,16,119,16,135
11001,VILLA VACA GUZMAN (MUYUPAMPA),estado nutricional,clasificacion a y b,2004-08-01,55,11,55,11,66
51501,VILLAZON,estado nutricional,clasificacion a y b,2004-08-01,82,19,82,19,101
30904,VINTO,estado nutricional,clasificacion a y b,2004-08-01,49,14,49,14,63
50602,VITICHI,estado nutricional,clasificacion a y b,2004-08-01,5,0,5,0,5
70201,WARNES,estado nutricional,clasificacion a y b,2004-08-01,141,22,141,22,163
20903,YACO,estado nutricional,clasificacion a y b,2004-08-01,1,0,1,0,1
60301,YACUIBA,estado nutricional,clasificacion a y b,2004-08-01,264,38,264,38,302
10602,YAMPARAEZ,estado nutricional,clasificacion a y b,2004-08-01,19,5,19,5,24
21103,YANACACHI,estado nutricional,clasificacion a y b,2004-08-01,13,10,13,10,23
70403,YAPACANI,estado nutricional,clasificacion a y b,2004-08-01,241,35,241,35,276
50103,YOCALLA,estado nutricional,clasificacion a y b,2004-08-01,7,2,7,2,9
10102,YOTALA,estado nutricional,clasificacion a y b,2004-08-01,29,6,29,6,35
60402,YUNCHARA,estado nutricional,clasificacion a y b,2004-08-01,4,2,4,2,6
10301,ZUDAÑEZ,estado nutricional,clasificacion a y b,2004-08-01,17,10,17,10,27
51302,ACACIO,estado nutricional,clasificacion a y b,2004-09-01,3,0,3,0,3
20201,ACHACACHI,estado nutricional,clasificacion a y b,2004-09-01,60,26,60,26,86
20104,ACHOCALLA,estado nutricional,clasificacion a y b,2004-09-01,6,2,6,2,8
30201,AIQUILE,estado nutricional,clasificacion a y b,2004-09-01,14,2,14,2,16
31303,ALALAY,estado nutricional,clasificacion a y b,2004-09-01,9,11,9,11,20
10404,ALCALA,estado nutricional,clasificacion a y b,2004-09-01,4,2,4,2,6
20202,ANCORAIMES,estado nutricional,clasificacion a y b,2004-09-01,8,4,8,4,12
41201,ANDAMARCA,estado nutricional,clasificacion a y b,2004-09-01,1,0,1,0,1
40603,ANTEQUERA,estado nutricional,clasificacion a y b,2004-09-01,2,3,2,3,5
30402,ANZALDO,estado nutricional,clasificacion a y b,2004-09-01,2,0,2,0,2
20701,APOLO,estado nutricional,clasificacion a y b,2004-09-01,20,2,20,2,22
51301,ARAMPAMPA,estado nutricional,clasificacion a y b,2004-09-01,5,2,5,2,7
30501,ARANI,estado nutricional,clasificacion a y b,2004-09-01,9,2,9,2,11
30403,ARBIETO,estado nutricional,clasificacion a y b,2004-09-01,5,1,5,1,6
30601,ARQUE,estado nutricional,clasificacion a y b,2004-09-01,4,0,4,0,4
50802,ATOCHA,estado nutricional,clasificacion a y b,2004-09-01,18,10,18,10,28
20503,AUCAPATA,estado nutricional,clasificacion a y b,2004-09-01,7,0,7,0,7
20502,AYATA,estado nutricional,clasificacion a y b,2004-09-01,10,0,10,0,10
21303,AYO AYO,estado nutricional,clasificacion a y b,2004-09-01,23,3,23,3,26
30301,AYOPAYA (V. DE INDEPENDENCIA),estado nutricional,clasificacion a y b,2004-09-01,30,3,30,3,33
10201,AZURDUY,estado nutricional,clasificacion a y b,2004-09-01,31,8,31,8,39
21203,BATALLAS,estado nutricional,clasificacion a y b,2004-09-01,24,7,24,7,31
80802,BAURES,estado nutricional,clasificacion a y b,2004-09-01,23,5,23,5,28
41202,BELEN DE ANDAMARCA,estado nutricional,clasificacion a y b,2004-09-01,3,0,3,0,3
50104,BELEN DE URMIRI,estado nutricional,clasificacion a y b,2004-09-01,5,1,5,1,6
90104,BELLA FLOR,estado nutricional,clasificacion a y b,2004-09-01,13,9,13,9,22
60202,BERMEJO,estado nutricional,clasificacion a y b,2004-09-01,28,7,28,7,35
50301,BETANZOS,estado nutricional,clasificacion a y b,2004-09-01,39,5,39,5,44
31501,BOLIVAR,estado nutricional,clasificacion a y b,2004-09-01,4,1,4,1,5
90103,BOLPEBRA,estado nutricional,clasificacion a y b,2004-09-01,4,1,4,1,5
70707,BOYUIBE,estado nutricional,clasificacion a y b,2004-09-01,8,12,8,12,20
70401,BUENA VISTA,estado nutricional,clasificacion a y b,2004-09-01,54,39,54,39,93
70703,CABEZAS,estado nutricional,clasificacion a y b,2004-09-01,44,5,44,5,49
20905,CAIROMA,estado nutricional,clasificacion a y b,2004-09-01,14,1,14,1,15
51102,"CAIZA ""D""",estado nutricional,clasificacion a y b,2004-09-01,16,1,16,1,17
21003,CAJUATA,estado nutricional,clasificacion a y b,2004-09-01,26,3,26,3,29
20303,CALACOTO,estado nutricional,clasificacion a y b,2004-09-01,3,0,3,0,3
21304,CALAMARCA,estado nutricional,clasificacion a y b,2004-09-01,7,1,7,1,8
10701,CAMARGO,estado nutricional,clasificacion a y b,2004-09-01,11,4,11,4,15
10901,CAMATAQUI (C. VILLA ABECIA),estado nutricional,clasificacion a y b,2004-09-01,8,0,8,0,8
70706,CAMIRI,estado nutricional,clasificacion a y b,2004-09-01,165,52,165,52,217
30701,CAPINOTA,estado nutricional,clasificacion a y b,2004-09-01,7,0,7,0,7
20302,CAQUIAVIRI,estado nutricional,clasificacion a y b,2004-09-01,19,3,19,3,22
40102,CARACOLLO,estado nutricional,clasificacion a y b,2004-09-01,32,9,32,9,41
22001,CARANAVI,estado nutricional,clasificacion a y b,2004-09-01,200,21,200,21,221
60302,CARAPARI,estado nutricional,clasificacion a y b,2004-09-01,72,18,72,18,90
50702,CARIPUYO,estado nutricional,clasificacion a y b,2004-09-01,19,12,19,12,31
21902,CATACORA,estado nutricional,clasificacion a y b,2004-09-01,1,0,1,0,1
40201,CHALLAPATA,estado nutricional,clasificacion a y b,2004-09-01,12,0,12,0,12
50302,CHAQUI,estado nutricional,clasificacion a y b,2004-09-01,12,2,12,2,14
70702,CHARAGUA,estado nutricional,clasificacion a y b,2004-09-01,109,46,109,46,155
20305,CHARAÑA,estado nutricional,clasificacion a y b,2004-09-01,0,1,0,1,1
50202,CHAYANTA,estado nutricional,clasificacion a y b,2004-09-01,41,6,41,6,47
31204,CHIMORE,estado nutricional,clasificacion a y b,2004-09-01,59,7,59,7,66
40903,CHIPAYA,estado nutricional,clasificacion a y b,2004-09-01,4,0,4,0,4
40302,CHOQUE COTA,estado nutricional,clasificacion a y b,2004-09-01,3,0,3,0,3
21101,CHULUMANI (V. DE LA LIBERTAD),estado nutricional,clasificacion a y b,2004-09-01,12,1,12,1,13
20501,CHUMA,estado nutricional,clasificacion a y b,2004-09-01,15,0,15,0,15
30801,CLIZA,estado nutricional,clasificacion a y b,2004-09-01,85,16,85,16,101
90101,COBIJA,estado nutricional,clasificacion a y b,2004-09-01,135,29,135,29,164
30101,COCHABAMBA,estado nutricional,clasificacion a y b,2004-09-01,674,185,674,185,859
30905,COLCAPIRHUA,estado nutricional,clasificacion a y b,2004-09-01,42,2,42,2,44
50901,"COLCHA ""K""",estado nutricional,clasificacion a y b,2004-09-01,16,6,16,6,22
21307,COLLANA,estado nutricional,clasificacion a y b,2004-09-01,1,0,1,0,1
31002,COLOMI,estado nutricional,clasificacion a y b,2004-09-01,31,3,31,3,34
50401,COLQUECHACA,estado nutricional,clasificacion a y b,2004-09-01,24,11,24,11,35
21306,COLQUENCHA,estado nutricional,clasificacion a y b,2004-09-01,12,7,12,7,19
21004,COLQUIRI,estado nutricional,clasificacion a y b,2004-09-01,36,4,36,4,40
20304,COMANCHE,estado nutricional,clasificacion a y b,2004-09-01,1,1,1,1,2
71301,COMARAPA,estado nutricional,clasificacion a y b,2004-09-01,128,46,128,46,174
20605,COMBAYA,estado nutricional,clasificacion a y b,2004-09-01,7,0,7,0,7
71101,CONCEPCION,estado nutricional,clasificacion a y b,2004-09-01,4,0,4,0,4
21701,COPACABANA,estado nutricional,clasificacion a y b,2004-09-01,47,5,47,5,52
21402,CORIPATA,estado nutricional,clasificacion a y b,2004-09-01,40,5,40,5,45
20301,CORO CORO,estado nutricional,clasificacion a y b,2004-09-01,7,2,7,2,9
21401,COROICO,estado nutricional,clasificacion a y b,2004-09-01,5,4,5,4,9
40301,CORQUE,estado nutricional,clasificacion a y b,2004-09-01,11,3,11,3,14
50601,COTAGAITA,estado nutricional,clasificacion a y b,2004-09-01,35,9,35,9,44
70102,COTOCA,estado nutricional,clasificacion a y b,2004-09-01,92,3,92,3,95
70704,CUEVO,estado nutricional,clasificacion a y b,2004-09-01,10,2,10,2,12
10902,CULPINA,estado nutricional,clasificacion a y b,2004-09-01,33,1,33,1,34
40401,CURAHUARA DE CARANGAS,estado nutricional,clasificacion a y b,2004-09-01,7,0,7,0,7
20804,DESAGUADERO,estado nutricional,clasificacion a y b,2004-09-01,3,0,3,0,3
20105,EL ALTO,estado nutricional,clasificacion a y b,2004-09-01,922,257,922,257,1179
40103,EL CHORO,estado nutricional,clasificacion a y b,2004-09-01,3,1,3,1,4
71503,EL PUENTE(STC),estado nutricional,clasificacion a y b,2004-09-01,24,2,24,2,26
60502,EL PUENTE(TJA),estado nutricional,clasificacion a y b,2004-09-01,8,2,8,2,10
70105,EL TORNO,estado nutricional,clasificacion a y b,2004-09-01,136,14,136,14,150
10405,EL VILLAR,estado nutricional,clasificacion a y b,2004-09-01,9,4,9,4,13
60601,ENTRE RIOS,estado nutricional,clasificacion a y b,2004-09-01,73,22,73,22,95
41101,EUCALIPTUS,estado nutricional,clasificacion a y b,2004-09-01,16,3,16,3,19
90503,EUREKA (SANTOS MERCADO),estado nutricional,clasificacion a y b,2004-09-01,3,1,3,1,4
80402,EXALTACION,estado nutricional,clasificacion a y b,2004-09-01,4,5,4,5,9
90203,FILADELFIA,estado nutricional,clasificacion a y b,2004-09-01,3,0,3,0,3
71002,GENERAL SAAVEDRA,estado nutricional,clasificacion a y b,2004-09-01,58,13,58,13,71
21601,GRAL. J.J. PEREZ (CHARAZANI),estado nutricional,clasificacion a y b,2004-09-01,22,3,22,3,25
20602,GUANAY,estado nutricional,clasificacion a y b,2004-09-01,144,42,144,42,186
20802,GUAQUI,estado nutricional,clasificacion a y b,2004-09-01,12,3,12,3,15
80202,GUAYARAMERIN,estado nutricional,clasificacion a y b,2004-09-01,180,31,180,31,211
70705,GUTIERREZ,estado nutricional,clasificacion a y b,2004-09-01,64,31,64,31,95
10502,HUACARETA,estado nutricional,clasificacion a y b,2004-09-01,28,10,28,10,38
11002,HUACAYA (VILLA DE HUACAYA),estado nutricional,clasificacion a y b,2004-09-01,8,1,8,1,9
40501,HUACHACALLA,estado nutricional,clasificacion a y b,2004-09-01,0,2,0,2,2
40701,HUANUNI,estado nutricional,clasificacion a y b,2004-09-01,81,6,81,6,87
80803,HUARACAJE,estado nutricional,clasificacion a y b,2004-09-01,13,3,13,3,16
41601,HUAYLLAMARCA,estado nutricional,clasificacion a y b,2004-09-01,3,0,3,0,3
21005,ICHOCA,estado nutricional,clasificacion a y b,2004-09-01,10,12,10,12,22
10304,ICLA,estado nutricional,clasificacion a y b,2004-09-01,22,2,22,2,24
10703,INCAHUASI,estado nutricional,clasificacion a y b,2004-09-01,47,5,47,5,52
21001,INQUISIVI,estado nutricional,clasificacion a y b,2004-09-01,5,7,5,7,12
21102,IRUPANA (VILLA DE LANZA),estado nutricional,clasificacion a y b,2004-09-01,35,19,35,19,54
21501,IXIAMAS,estado nutricional,clasificacion a y b,2004-09-01,25,6,25,6,31
21105,LA ASUNTA,estado nutricional,clasificacion a y b,2004-09-01,37,0,37,0,37
70104,LA GUARDIA,estado nutricional,clasificacion a y b,2004-09-01,171,25,171,25,196
20101,LA PAZ,estado nutricional,clasificacion a y b,2004-09-01,889,299,889,299,1188
70701,LAGUNILLAS,estado nutricional,clasificacion a y b,2004-09-01,9,1,9,1,10
21202,LAJA,estado nutricional,clasificacion a y b,2004-09-01,15,2,15,2,17
10903,LAS CARRERAS,estado nutricional,clasificacion a y b,2004-09-01,11,1,11,1,12
21006,LICOMA PAMPA,estado nutricional,clasificacion a y b,2004-09-01,11,1,11,1,12
50203,LLALLAGUA,estado nutricional,clasificacion a y b,2004-09-01,121,113,121,113,234
51401,LLICA,estado nutricional,clasificacion a y b,2004-09-01,10,3,10,3,13
80601,LORETO,estado nutricional,clasificacion a y b,2004-09-01,11,8,11,8,19
20901,LURIBAY,estado nutricional,clasificacion a y b,2004-09-01,4,0,4,0,4
40702,MACHACAMARCA,estado nutricional,clasificacion a y b,2004-09-01,3,1,3,1,4
11003,MACHARETI,estado nutricional,clasificacion a y b,2004-09-01,72,16,72,16,88
80801,MAGDALENA,estado nutricional,clasificacion a y b,2004-09-01,36,5,36,5,41
70903,MAIRANA,estado nutricional,clasificacion a y b,2004-09-01,48,11,48,11,59
20904,MALLA,estado nutricional,clasificacion a y b,2004-09-01,3,0,3,0,3
20103,MECAPACA,estado nutricional,clasificacion a y b,2004-09-01,14,15,14,15,29
71003,MINEROS,estado nutricional,clasificacion a y b,2004-09-01,233,73,233,73,306
31301,MIZQUE,estado nutricional,clasificacion a y b,2004-09-01,10,1,10,1,11
20402,MOCOMOCO,estado nutricional,clasificacion a y b,2004-09-01,30,12,30,12,42
51002,MOJINETE,estado nutricional,clasificacion a y b,2004-09-01,4,1,4,1,5
10303,MOJOCOYA,estado nutricional,clasificacion a y b,2004-09-01,21,5,21,5,26
10501,MONTEAGUDO,estado nutricional,clasificacion a y b,2004-09-01,110,36,110,36,146
71001,MONTERO,estado nutricional,clasificacion a y b,2004-09-01,498,135,498,135,633
70803,MORO MORO,estado nutricional,clasificacion a y b,2004-09-01,6,0,6,0,6
30302,MOROCHATA,estado nutricional,clasificacion a y b,2004-09-01,28,7,28,7,35
90401,NACEBE (SANTA ROSA DEL ABUNA),estado nutricional,clasificacion a y b,2004-09-01,5,0,5,0,5
90501,NUEVO MANOA (NUEVA ESPERANZA),estado nutricional,clasificacion a y b,2004-09-01,1,0,1,0,1
50404,OCURI,estado nutricional,clasificacion a y b,2004-09-01,29,9,29,9,38
70202,OKINAWA,estado nutricional,clasificacion a y b,2004-09-01,57,8,57,8,65
30203,OMEREQUE,estado nutricional,clasificacion a y b,2004-09-01,9,0,9,0,9
40101,ORURO,estado nutricional,clasificacion a y b,2004-09-01,445,111,445,111,556
60201,PADCAYA,estado nutricional,clasificacion a y b,2004-09-01,53,23,53,23,76
10401,PADILLA,estado nutricional,clasificacion a y b,2004-09-01,22,7,22,7,29
70502,PAILON,estado nutricional,clasificacion a y b,2004-09-01,79,19,79,19,98
20102,PALCA,estado nutricional,clasificacion a y b,2004-09-01,14,9,14,9,23
21104,PALOS BLANCOS,estado nutricional,clasificacion a y b,2004-09-01,100,15,100,15,115
40802,PAMPA AULLAGAS,estado nutricional,clasificacion a y b,2004-09-01,5,1,5,1,6
70902,PAMPA GRANDE,estado nutricional,clasificacion a y b,2004-09-01,24,12,24,12,36
21802,PAPEL PAMPA,estado nutricional,clasificacion a y b,2004-09-01,1,0,1,0,1
30202,PASORAPA,estado nutricional,clasificacion a y b,2004-09-01,5,0,5,0,5
21305,PATACAMAYA,estado nutricional,clasificacion a y b,2004-09-01,18,0,18,0,18
40602,PAZÑA,estado nutricional,clasificacion a y b,2004-09-01,3,2,3,2,5
20702,PELECHUCO,estado nutricional,clasificacion a y b,2004-09-01,6,1,6,1,7
50403,POCOATA,estado nutricional,clasificacion a y b,2004-09-01,15,4,15,4,19
31203,POCONA,estado nutricional,clasificacion a y b,2004-09-01,10,1,10,1,11
31202,POJO (CBBA),estado nutricional,clasificacion a y b,2004-09-01,110,70,110,70,180
40601,POOPO,estado nutricional,clasificacion a y b,2004-09-01,8,0,8,0,8
51203,PORCO,estado nutricional,clasificacion a y b,2004-09-01,15,1,15,1,16
10103,POROMA,estado nutricional,clasificacion a y b,2004-09-01,26,2,26,2,28
70103,PORONGO,estado nutricional,clasificacion a y b,2004-09-01,16,3,16,3,19
70601,PORTACHUELO,estado nutricional,clasificacion a y b,2004-09-01,115,32,115,32,147
90102,PORVENIR,estado nutricional,clasificacion a y b,2004-09-01,27,6,27,6,33
70804,POSTRER VALLE,estado nutricional,clasificacion a y b,2004-09-01,6,0,6,0,6
50101,POTOSI,estado nutricional,clasificacion a y b,2004-09-01,230,23,230,23,253
10302,PRESTO,estado nutricional,clasificacion a y b,2004-09-01,15,4,15,4,19
70805,PUCARA,estado nutricional,clasificacion a y b,2004-09-01,2,0,2,0,2
21201,PUCARANI,estado nutricional,clasificacion a y b,2004-09-01,36,3,36,3,39
20401,PUERTO ACOSTA,estado nutricional,clasificacion a y b,2004-09-01,38,42,38,42,80
20403,PUERTO CARABUCO,estado nutricional,clasificacion a y b,2004-09-01,23,3,23,3,26
90301,PUERTO GONZALO MORENO,estado nutricional,clasificacion a y b,2004-09-01,2,1,2,1,3
21204,PUERTO PEREZ,estado nutricional,clasificacion a y b,2004-09-01,7,0,7,0,7
71402,PUERTO QUIJARRO,estado nutricional,clasificacion a y b,2004-09-01,16,0,16,0,16
90201,PUERTO RICO,estado nutricional,clasificacion a y b,2004-09-01,10,0,10,0,10
80703,PUERTO SILES,estado nutricional,clasificacion a y b,2004-09-01,3,1,3,1,4
71401,PUERTO SUAREZ,estado nutricional,clasificacion a y b,2004-09-01,17,5,17,5,22
31205,PUERTO VILLARROEL,estado nutricional,clasificacion a y b,2004-09-01,232,47,232,47,279
51101,PUNA,estado nutricional,clasificacion a y b,2004-09-01,48,12,48,12,60
31401,PUNATA,estado nutricional,clasificacion a y b,2004-09-01,26,2,26,2,28
30901,QUILLACOLLO,estado nutricional,clasificacion a y b,2004-09-01,85,7,85,7,92
21002,QUIME,estado nutricional,clasificacion a y b,2004-09-01,9,2,9,2,11
70904,QUIRUSILLAS,estado nutricional,clasificacion a y b,2004-09-01,10,0,10,0,10
50402,RAVELO,estado nutricional,clasificacion a y b,2004-09-01,10,2,10,2,12
80301,REYES,estado nutricional,clasificacion a y b,2004-09-01,73,12,73,12,85
80201,RIBERALTA,estado nutricional,clasificacion a y b,2004-09-01,123,43,123,43,166
70503,ROBORE,estado nutricional,clasificacion a y b,2004-09-01,45,12,45,12,57
80304,RURRENABAQUE,estado nutricional,clasificacion a y b,2004-09-01,41,14,41,14,55
40901,SABAYA,estado nutricional,clasificacion a y b,2004-09-01,1,0,1,0,1
31001,SACABA,estado nutricional,clasificacion a y b,2004-09-01,70,2,70,2,72
30404,SACABAMBA,estado nutricional,clasificacion a y b,2004-09-01,3,2,3,2,5
50701,SACACA,estado nutricional,clasificacion a y b,2004-09-01,11,0,11,0,11
71302,SAIPINA,estado nutricional,clasificacion a y b,2004-09-01,68,29,68,29,97
40801,SALINAS DE GARCI MENDOZA,estado nutricional,clasificacion a y b,2004-09-01,5,3,5,3,8
70901,SAMAIPATA,estado nutricional,clasificacion a y b,2004-09-01,14,8,14,8,22
51601,SAN AGUSTIN,estado nutricional,clasificacion a y b,2004-09-01,2,1,2,1,3
80602,SAN ANDRES,estado nutricional,clasificacion a y b,2004-09-01,31,8,31,8,39
51003,SAN ANTONIO DE ESMORUCO,estado nutricional,clasificacion a y b,2004-09-01,1,0,1,0,1
71105,SAN ANTONIO DE LOMERIO,estado nutricional,clasificacion a y b,2004-09-01,24,7,24,7,31
31403,SAN BENITO,estado nutricional,clasificacion a y b,2004-09-01,21,1,21,1,22
80302,SAN BORJA,estado nutricional,clasificacion a y b,2004-09-01,134,11,134,11,145
21502,SAN BUENA VENTURA,estado nutricional,clasificacion a y b,2004-09-01,26,13,26,13,39
70402,SAN CARLOS,estado nutricional,clasificacion a y b,2004-09-01,138,41,138,41,179
80501,SAN IGNACIO,estado nutricional,clasificacion a y b,2004-09-01,106,34,106,34,140
70301,SAN IGNACIO DE VELASCO,estado nutricional,clasificacion a y b,2004-09-01,226,48,226,48,274
80102,SAN JAVIER(BNI),estado nutricional,clasificacion a y b,2004-09-01,27,5,27,5,32
71102,SAN JAVIER(STC),estado nutricional,clasificacion a y b,2004-09-01,51,5,51,5,56
80701,SAN JOAQUIN,estado nutricional,clasificacion a y b,2004-09-01,20,6,20,6,26
70501,SAN JOSE DE CHIQUITOS,estado nutricional,clasificacion a y b,2004-09-01,48,3,48,3,51
71104,SAN JULIAN,estado nutricional,clasificacion a y b,2004-09-01,116,82,116,82,198
90302,SAN LORENZO(PND),estado nutricional,clasificacion a y b,2004-09-01,3,1,3,1,4
60501,SAN LORENZO(TJA),estado nutricional,clasificacion a y b,2004-09-01,11,3,11,3,14
10702,SAN LUCAS,estado nutricional,clasificacion a y b,2004-09-01,33,4,33,4,37
71201,SAN MATIAS,estado nutricional,clasificacion a y b,2004-09-01,4,1,4,1,5
70302,SAN MIGUEL DE VELASCO,estado nutricional,clasificacion a y b,2004-09-01,29,9,29,9,38
51001,SAN PABLO DE LIPEZ,estado nutricional,clasificacion a y b,2004-09-01,1,1,1,1,2
50501,SAN PEDRO DE BUENA VISTA,estado nutricional,clasificacion a y b,2004-09-01,31,4,31,4,35
21801,SAN PEDRO DE CURAHUARA,estado nutricional,clasificacion a y b,2004-09-01,11,1,11,1,12
50902,SAN PEDRO DE QUEMES,estado nutricional,clasificacion a y b,2004-09-01,3,1,3,1,4
21702,SAN PEDRO DE TIQUINA,estado nutricional,clasificacion a y b,2004-09-01,5,0,5,0,5
70303,SAN RAFAEL,estado nutricional,clasificacion a y b,2004-09-01,17,4,17,4,21
80702,SAN RAMON,estado nutricional,clasificacion a y b,2004-09-01,18,6,18,6,24
80401,SANTA ANA,estado nutricional,clasificacion a y b,2004-09-01,75,33,75,33,108
70101,SANTA CRUZ DE LA SIERRA,estado nutricional,clasificacion a y b,2004-09-01,2457,669,2457,669,3126
80303,SANTA ROSA,estado nutricional,clasificacion a y b,2004-09-01,46,9,46,9,55
70602,SANTA ROSA DEL SARA,estado nutricional,clasificacion a y b,2004-09-01,53,39,53,39,92
20308,SANTIAGO DE CALLAPA,estado nutricional,clasificacion a y b,2004-09-01,4,0,4,0,4
41401,SANTIAGO DE HUARI,estado nutricional,clasificacion a y b,2004-09-01,7,0,7,0,7
21901,SANTIAGO DE MACHACA,estado nutricional,clasificacion a y b,2004-09-01,8,0,8,0,8
30702,SANTIVAÑES,estado nutricional,clasificacion a y b,2004-09-01,0,1,0,1,1
40202,SANTUARIO DE QUILLACAS,estado nutricional,clasificacion a y b,2004-09-01,1,0,1,0,1
20902,SAPAHAQUI,estado nutricional,clasificacion a y b,2004-09-01,5,0,5,0,5
90303,SENA,estado nutricional,clasificacion a y b,2004-09-01,21,2,21,2,23
21301,SICA SICA (VILLA AROMA),estado nutricional,clasificacion a y b,2004-09-01,21,3,21,3,24
30703,SICAYA,estado nutricional,clasificacion a y b,2004-09-01,4,1,4,1,5
30902,SIPE SIPE,estado nutricional,clasificacion a y b,2004-09-01,124,30,124,30,154
10403,SOPACHUY,estado nutricional,clasificacion a y b,2004-09-01,11,3,11,3,14
20601,SORATA,estado nutricional,clasificacion a y b,2004-09-01,13,5,13,5,18
10101,SUCRE,estado nutricional,clasificacion a y b,2004-09-01,420,63,420,63,483
20603,TACACOMA,estado nutricional,clasificacion a y b,2004-09-01,33,2,33,2,35
50303,TACOBAMBA,estado nutricional,clasificacion a y b,2004-09-01,9,1,9,1,10
30602,TACOPAYA,estado nutricional,clasificacion a y b,2004-09-01,11,0,11,0,11
51402,TAHUA,estado nutricional,clasificacion a y b,2004-09-01,3,3,3,3,6
31101,TAPACARI,estado nutricional,clasificacion a y b,2004-09-01,12,5,12,5,17
10601,TARABUCO,estado nutricional,clasificacion a y b,2004-09-01,32,7,32,7,39
30401,TARATA,estado nutricional,clasificacion a y b,2004-09-01,17,4,17,4,21
60101,TARIJA,estado nutricional,clasificacion a y b,2004-09-01,649,219,649,219,868
10202,TARVITA,estado nutricional,clasificacion a y b,2004-09-01,25,14,25,14,39
20803,TIAWANACU,estado nutricional,clasificacion a y b,2004-09-01,26,2,26,2,28
50102,TINGUIPAYA,estado nutricional,clasificacion a y b,2004-09-01,9,3,9,3,12
20606,TIPUANI,estado nutricional,clasificacion a y b,2004-09-01,14,1,14,1,15
30903,TIQUIPAYA,estado nutricional,clasificacion a y b,2004-09-01,19,10,19,10,29
31601,TIRAQUE (CBBA),estado nutricional,clasificacion a y b,2004-09-01,146,35,146,35,181
21703,TITO YUPANQUI (PARQUIPUJIO),estado nutricional,clasificacion a y b,2004-09-01,1,0,1,0,1
30802,TOCO,estado nutricional,clasificacion a y b,2004-09-01,1,0,1,0,1
41502,TODOS SANTOS,estado nutricional,clasificacion a y b,2004-09-01,0,1,0,1,1
30803,TOLATA,estado nutricional,clasificacion a y b,2004-09-01,3,3,3,3,6
41001,TOLEDO,estado nutricional,clasificacion a y b,2004-09-01,8,0,8,0,8
51202,TOMAVE,estado nutricional,clasificacion a y b,2004-09-01,9,0,9,0,9
10402,TOMINA,estado nutricional,clasificacion a y b,2004-09-01,29,2,29,2,31
50502,TORO TORO,estado nutricional,clasificacion a y b,2004-09-01,9,0,9,0,9
31201,TOTORA(CBBA),estado nutricional,clasificacion a y b,2004-09-01,25,4,25,4,29
41301,TOTORA(ORR),estado nutricional,clasificacion a y b,2004-09-01,3,2,3,2,5
70802,TRIGAL,estado nutricional,clasificacion a y b,2004-09-01,5,1,5,1,6
80101,TRINIDAD,estado nutricional,clasificacion a y b,2004-09-01,390,143,390,143,533
50801,TUPIZA,estado nutricional,clasificacion a y b,2004-09-01,143,19,143,19,162
21302,UMALA,estado nutricional,clasificacion a y b,2004-09-01,6,13,6,13,19
50201,UNCIA,estado nutricional,clasificacion a y b,2004-09-01,18,8,18,8,26
60401,URIONDO (A. CONCEPCION),estado nutricional,clasificacion a y b,2004-09-01,56,29,56,29,85
51201,UYUNI,estado nutricional,clasificacion a y b,2004-09-01,65,9,65,9,74
30502,VACAS,estado nutricional,clasificacion a y b,2004-09-01,1,0,1,0,1
70801,VALLEGRANDE,estado nutricional,clasificacion a y b,2004-09-01,45,12,45,12,57
20801,VIACHA,estado nutricional,clasificacion a y b,2004-09-01,85,26,85,26,111
31302,VILA VILA,estado nutricional,clasificacion a y b,2004-09-01,19,16,19,16,35
60303,VILLA MONTES,estado nutricional,clasificacion a y b,2004-09-01,121,23,121,23,144
90502,VILLA NUEVA (LOMA ALTA),estado nutricional,clasificacion a y b,2004-09-01,1,0,1,0,1
31402,VILLA RIVERO,estado nutricional,clasificacion a y b,2004-09-01,14,2,14,2,16
10801,VILLA SERRANO,estado nutricional,clasificacion a y b,2004-09-01,18,9,18,9,27
31003,VILLA TUNARI,estado nutricional,clasificacion a y b,2004-09-01,147,24,147,24,171
11001,VILLA VACA GUZMAN (MUYUPAMPA),estado nutricional,clasificacion a y b,2004-09-01,47,6,47,6,53
51501,VILLAZON,estado nutricional,clasificacion a y b,2004-09-01,94,34,94,34,128
30904,VINTO,estado nutricional,clasificacion a y b,2004-09-01,23,0,23,0,23
50602,VITICHI,estado nutricional,clasificacion a y b,2004-09-01,16,3,16,3,19
70201,WARNES,estado nutricional,clasificacion a y b,2004-09-01,135,9,135,9,144
20903,YACO,estado nutricional,clasificacion a y b,2004-09-01,6,0,6,0,6
60301,YACUIBA,estado nutricional,clasificacion a y b,2004-09-01,252,30,252,30,282
10602,YAMPARAEZ,estado nutricional,clasificacion a y b,2004-09-01,18,2,18,2,20
21103,YANACACHI,estado nutricional,clasificacion a y b,2004-09-01,14,3,14,3,17
70403,YAPACANI,estado nutricional,clasificacion a y b,2004-09-01,249,23,249,23,272
50103,YOCALLA,estado nutricional,clasificacion a y b,2004-09-01,3,2,3,2,5
10102,YOTALA,estado nutricional,clasificacion a y b,2004-09-01,26,11,26,11,37
60402,YUNCHARA,estado nutricional,clasificacion a y b,2004-09-01,1,4,1,4,5
10301,ZUDAÑEZ,estado nutricional,clasificacion a y b,2004-09-01,22,8,22,8,30
51302,ACACIO,estado nutricional,clasificacion a y b,2004-10-01,1,1,1,1,2
20201,ACHACACHI,estado nutricional,clasificacion a y b,2004-10-01,72,20,72,20,92
20104,ACHOCALLA,estado nutricional,clasificacion a y b,2004-10-01,8,2,8,2,10
30201,AIQUILE,estado nutricional,clasificacion a y b,2004-10-01,8,1,8,1,9
31303,ALALAY,estado nutricional,clasificacion a y b,2004-10-01,9,2,9,2,11
10404,ALCALA,estado nutricional,clasificacion a y b,2004-10-01,7,5,7,5,12
20202,ANCORAIMES,estado nutricional,clasificacion a y b,2004-10-01,20,3,20,3,23
41201,ANDAMARCA,estado nutricional,clasificacion a y b,2004-10-01,2,1,2,1,3
40603,ANTEQUERA,estado nutricional,clasificacion a y b,2004-10-01,0,2,0,2,2
30402,ANZALDO,estado nutricional,clasificacion a y b,2004-10-01,3,0,3,0,3
20701,APOLO,estado nutricional,clasificacion a y b,2004-10-01,15,0,15,0,15
51301,ARAMPAMPA,estado nutricional,clasificacion a y b,2004-10-01,2,3,2,3,5
30501,ARANI,estado nutricional,clasificacion a y b,2004-10-01,6,0,6,0,6
30403,ARBIETO,estado nutricional,clasificacion a y b,2004-10-01,7,4,7,4,11
71501,ASCENCION DE GUARAYOS,estado nutricional,clasificacion a y b,2004-10-01,95,27,95,27,122
50802,ATOCHA,estado nutricional,clasificacion a y b,2004-10-01,24,7,24,7,31
20503,AUCAPATA,estado nutricional,clasificacion a y b,2004-10-01,5,0,5,0,5
20502,AYATA,estado nutricional,clasificacion a y b,2004-10-01,11,2,11,2,13
21303,AYO AYO,estado nutricional,clasificacion a y b,2004-10-01,26,4,26,4,30
30301,AYOPAYA (V. DE INDEPENDENCIA),estado nutricional,clasificacion a y b,2004-10-01,37,3,37,3,40
10201,AZURDUY,estado nutricional,clasificacion a y b,2004-10-01,4,0,4,0,4
21203,BATALLAS,estado nutricional,clasificacion a y b,2004-10-01,20,4,20,4,24
80802,BAURES,estado nutricional,clasificacion a y b,2004-10-01,12,6,12,6,18
41202,BELEN DE ANDAMARCA,estado nutricional,clasificacion a y b,2004-10-01,1,0,1,0,1
50104,BELEN DE URMIRI,estado nutricional,clasificacion a y b,2004-10-01,5,0,5,0,5
90104,BELLA FLOR,estado nutricional,clasificacion a y b,2004-10-01,7,2,7,2,9
60202,BERMEJO,estado nutricional,clasificacion a y b,2004-10-01,38,6,38,6,44
50301,BETANZOS,estado nutricional,clasificacion a y b,2004-10-01,37,4,37,4,41
31501,BOLIVAR,estado nutricional,clasificacion a y b,2004-10-01,8,1,8,1,9
90103,BOLPEBRA,estado nutricional,clasificacion a y b,2004-10-01,7,0,7,0,7
70707,BOYUIBE,estado nutricional,clasificacion a y b,2004-10-01,24,25,24,25,49
70401,BUENA VISTA,estado nutricional,clasificacion a y b,2004-10-01,50,37,50,37,87
70703,CABEZAS,estado nutricional,clasificacion a y b,2004-10-01,21,25,21,25,46
20905,CAIROMA,estado nutricional,clasificacion a y b,2004-10-01,15,0,15,0,15
51102,"CAIZA ""D""",estado nutricional,clasificacion a y b,2004-10-01,11,0,11,0,11
21003,CAJUATA,estado nutricional,clasificacion a y b,2004-10-01,29,0,29,0,29
20303,CALACOTO,estado nutricional,clasificacion a y b,2004-10-01,1,0,1,0,1
21304,CALAMARCA,estado nutricional,clasificacion a y b,2004-10-01,8,2,8,2,10
10701,CAMARGO,estado nutricional,clasificacion a y b,2004-10-01,16,5,16,5,21
10901,CAMATAQUI (C. VILLA ABECIA),estado nutricional,clasificacion a y b,2004-10-01,4,0,4,0,4
70706,CAMIRI,estado nutricional,clasificacion a y b,2004-10-01,172,62,172,62,234
30701,CAPINOTA,estado nutricional,clasificacion a y b,2004-10-01,30,9,30,9,39
20302,CAQUIAVIRI,estado nutricional,clasificacion a y b,2004-10-01,15,6,15,6,21
40102,CARACOLLO,estado nutricional,clasificacion a y b,2004-10-01,35,13,35,13,48
22001,CARANAVI,estado nutricional,clasificacion a y b,2004-10-01,109,10,109,10,119
60302,CARAPARI,estado nutricional,clasificacion a y b,2004-10-01,55,9,55,9,64
50702,CARIPUYO,estado nutricional,clasificacion a y b,2004-10-01,1,0,1,0,1
40201,CHALLAPATA,estado nutricional,clasificacion a y b,2004-10-01,18,1,18,1,19
50302,CHAQUI,estado nutricional,clasificacion a y b,2004-10-01,9,3,9,3,12
70702,CHARAGUA,estado nutricional,clasificacion a y b,2004-10-01,64,20,64,20,84
50202,CHAYANTA,estado nutricional,clasificacion a y b,2004-10-01,34,9,34,9,43
31204,CHIMORE,estado nutricional,clasificacion a y b,2004-10-01,60,10,60,10,70
21101,CHULUMANI (V. DE LA LIBERTAD),estado nutricional,clasificacion a y b,2004-10-01,11,9,11,9,20
20501,CHUMA,estado nutricional,clasificacion a y b,2004-10-01,18,1,18,1,19
30801,CLIZA,estado nutricional,clasificacion a y b,2004-10-01,45,14,45,14,59
90101,COBIJA,estado nutricional,clasificacion a y b,2004-10-01,115,15,115,15,130
30101,COCHABAMBA,estado nutricional,clasificacion a y b,2004-10-01,664,131,664,131,795
30905,COLCAPIRHUA,estado nutricional,clasificacion a y b,2004-10-01,27,4,27,4,31
50901,"COLCHA ""K""",estado nutricional,clasificacion a y b,2004-10-01,11,3,11,3,14
31002,COLOMI,estado nutricional,clasificacion a y b,2004-10-01,28,2,28,2,30
50401,COLQUECHACA,estado nutricional,clasificacion a y b,2004-10-01,35,11,35,11,46
21306,COLQUENCHA,estado nutricional,clasificacion a y b,2004-10-01,27,7,27,7,34
21004,COLQUIRI,estado nutricional,clasificacion a y b,2004-10-01,29,1,29,1,30
71301,COMARAPA,estado nutricional,clasificacion a y b,2004-10-01,103,19,103,19,122
20605,COMBAYA,estado nutricional,clasificacion a y b,2004-10-01,3,1,3,1,4
71101,CONCEPCION,estado nutricional,clasificacion a y b,2004-10-01,4,2,4,2,6
21701,COPACABANA,estado nutricional,clasificacion a y b,2004-10-01,18,1,18,1,19
21402,CORIPATA,estado nutricional,clasificacion a y b,2004-10-01,54,1,54,1,55
20301,CORO CORO,estado nutricional,clasificacion a y b,2004-10-01,5,1,5,1,6
21401,COROICO,estado nutricional,clasificacion a y b,2004-10-01,8,3,8,3,11
40301,CORQUE,estado nutricional,clasificacion a y b,2004-10-01,16,2,16,2,18
50601,COTAGAITA,estado nutricional,clasificacion a y b,2004-10-01,14,3,14,3,17
70102,COTOCA,estado nutricional,clasificacion a y b,2004-10-01,138,12,138,12,150
31405,CUCHUMUELA (V. G. VILLARROEL),estado nutricional,clasificacion a y b,2004-10-01,2,0,2,0,2
70704,CUEVO,estado nutricional,clasificacion a y b,2004-10-01,6,2,6,2,8
10902,CULPINA,estado nutricional,clasificacion a y b,2004-10-01,44,7,44,7,51
40401,CURAHUARA DE CARANGAS,estado nutricional,clasificacion a y b,2004-10-01,4,0,4,0,4
21602,CURVA,estado nutricional,clasificacion a y b,2004-10-01,2,0,2,0,2
20804,DESAGUADERO,estado nutricional,clasificacion a y b,2004-10-01,4,0,4,0,4
20105,EL ALTO,estado nutricional,clasificacion a y b,2004-10-01,843,168,843,168,1011
40103,EL CHORO,estado nutricional,clasificacion a y b,2004-10-01,4,1,4,1,5
71503,EL PUENTE(STC),estado nutricional,clasificacion a y b,2004-10-01,16,10,16,10,26
60502,EL PUENTE(TJA),estado nutricional,clasificacion a y b,2004-10-01,12,3,12,3,15
70105,EL TORNO,estado nutricional,clasificacion a y b,2004-10-01,91,10,91,10,101
10405,EL VILLAR,estado nutricional,clasificacion a y b,2004-10-01,6,2,6,2,8
60601,ENTRE RIOS,estado nutricional,clasificacion a y b,2004-10-01,48,10,48,10,58
41101,EUCALIPTUS,estado nutricional,clasificacion a y b,2004-10-01,11,0,11,0,11
80402,EXALTACION,estado nutricional,clasificacion a y b,2004-10-01,16,12,16,12,28
90203,FILADELFIA,estado nutricional,clasificacion a y b,2004-10-01,6,0,6,0,6
71002,GENERAL SAAVEDRA,estado nutricional,clasificacion a y b,2004-10-01,41,19,41,19,60
21601,GRAL. J.J. PEREZ (CHARAZANI),estado nutricional,clasificacion a y b,2004-10-01,19,11,19,11,30
20602,GUANAY,estado nutricional,clasificacion a y b,2004-10-01,144,56,144,56,200
20802,GUAQUI,estado nutricional,clasificacion a y b,2004-10-01,10,4,10,4,14
80202,GUAYARAMERIN,estado nutricional,clasificacion a y b,2004-10-01,183,30,183,30,213
70705,GUTIERREZ,estado nutricional,clasificacion a y b,2004-10-01,61,22,61,22,83
10502,HUACARETA,estado nutricional,clasificacion a y b,2004-10-01,23,20,23,20,43
11002,HUACAYA (VILLA DE HUACAYA),estado nutricional,clasificacion a y b,2004-10-01,4,4,4,4,8
40701,HUANUNI,estado nutricional,clasificacion a y b,2004-10-01,65,14,65,14,79
80803,HUARACAJE,estado nutricional,clasificacion a y b,2004-10-01,15,1,15,1,16
21005,ICHOCA,estado nutricional,clasificacion a y b,2004-10-01,14,17,14,17,31
10304,ICLA,estado nutricional,clasificacion a y b,2004-10-01,15,2,15,2,17
10703,INCAHUASI,estado nutricional,clasificacion a y b,2004-10-01,38,4,38,4,42
21001,INQUISIVI,estado nutricional,clasificacion a y b,2004-10-01,14,2,14,2,16
21102,IRUPANA (VILLA DE LANZA),estado nutricional,clasificacion a y b,2004-10-01,36,18,36,18,54
21501,IXIAMAS,estado nutricional,clasificacion a y b,2004-10-01,30,7,30,7,37
21105,LA ASUNTA,estado nutricional,clasificacion a y b,2004-10-01,31,1,31,1,32
70104,LA GUARDIA,estado nutricional,clasificacion a y b,2004-10-01,130,23,130,23,153
20101,LA PAZ,estado nutricional,clasificacion a y b,2004-10-01,786,199,786,199,985
70701,LAGUNILLAS,estado nutricional,clasificacion a y b,2004-10-01,19,9,19,9,28
21202,LAJA,estado nutricional,clasificacion a y b,2004-10-01,15,11,15,11,26
10903,LAS CARRERAS,estado nutricional,clasificacion a y b,2004-10-01,8,3,8,3,11
50203,LLALLAGUA,estado nutricional,clasificacion a y b,2004-10-01,98,60,98,60,158
51401,LLICA,estado nutricional,clasificacion a y b,2004-10-01,4,4,4,4,8
80601,LORETO,estado nutricional,clasificacion a y b,2004-10-01,14,9,14,9,23
20901,LURIBAY,estado nutricional,clasificacion a y b,2004-10-01,10,4,10,4,14
40702,MACHACAMARCA,estado nutricional,clasificacion a y b,2004-10-01,4,4,4,4,8
11003,MACHARETI,estado nutricional,clasificacion a y b,2004-10-01,62,31,62,31,93
80801,MAGDALENA,estado nutricional,clasificacion a y b,2004-10-01,22,7,22,7,29
70903,MAIRANA,estado nutricional,clasificacion a y b,2004-10-01,36,6,36,6,42
20103,MECAPACA,estado nutricional,clasificacion a y b,2004-10-01,11,4,11,4,15
71003,MINEROS,estado nutricional,clasificacion a y b,2004-10-01,229,59,229,59,288
31301,MIZQUE,estado nutricional,clasificacion a y b,2004-10-01,49,41,49,41,90
20402,MOCOMOCO,estado nutricional,clasificacion a y b,2004-10-01,22,9,22,9,31
51002,MOJINETE,estado nutricional,clasificacion a y b,2004-10-01,2,1,2,1,3
10303,MOJOCOYA,estado nutricional,clasificacion a y b,2004-10-01,18,5,18,5,23
10501,MONTEAGUDO,estado nutricional,clasificacion a y b,2004-10-01,94,38,94,38,132
71001,MONTERO,estado nutricional,clasificacion a y b,2004-10-01,397,91,397,91,488
70803,MORO MORO,estado nutricional,clasificacion a y b,2004-10-01,9,1,9,1,10
30302,MOROCHATA,estado nutricional,clasificacion a y b,2004-10-01,15,4,15,4,19
90401,NACEBE (SANTA ROSA DEL ABUNA),estado nutricional,clasificacion a y b,2004-10-01,7,0,7,0,7
50404,OCURI,estado nutricional,clasificacion a y b,2004-10-01,11,2,11,2,13
70202,OKINAWA,estado nutricional,clasificacion a y b,2004-10-01,52,17,52,17,69
30203,OMEREQUE,estado nutricional,clasificacion a y b,2004-10-01,24,3,24,3,27
40101,ORURO,estado nutricional,clasificacion a y b,2004-10-01,307,79,307,79,386
60201,PADCAYA,estado nutricional,clasificacion a y b,2004-10-01,35,41,35,41,76
10401,PADILLA,estado nutricional,clasificacion a y b,2004-10-01,29,5,29,5,34
70502,PAILON,estado nutricional,clasificacion a y b,2004-10-01,74,20,74,20,94
20102,PALCA,estado nutricional,clasificacion a y b,2004-10-01,13,1,13,1,14
21104,PALOS BLANCOS,estado nutricional,clasificacion a y b,2004-10-01,115,23,115,23,138
40802,PAMPA AULLAGAS,estado nutricional,clasificacion a y b,2004-10-01,2,0,2,0,2
70902,PAMPA GRANDE,estado nutricional,clasificacion a y b,2004-10-01,17,2,17,2,19
30202,PASORAPA,estado nutricional,clasificacion a y b,2004-10-01,6,2,6,2,8
21305,PATACAMAYA,estado nutricional,clasificacion a y b,2004-10-01,24,4,24,4,28
40602,PAZÑA,estado nutricional,clasificacion a y b,2004-10-01,4,5,4,5,9
20702,PELECHUCO,estado nutricional,clasificacion a y b,2004-10-01,7,0,7,0,7
50403,POCOATA,estado nutricional,clasificacion a y b,2004-10-01,15,13,15,13,28
31203,POCONA,estado nutricional,clasificacion a y b,2004-10-01,24,2,24,2,26
31202,POJO (CBBA),estado nutricional,clasificacion a y b,2004-10-01,95,55,95,55,150
40601,POOPO,estado nutricional,clasificacion a y b,2004-10-01,3,0,3,0,3
51203,PORCO,estado nutricional,clasificacion a y b,2004-10-01,8,0,8,0,8
10103,POROMA,estado nutricional,clasificacion a y b,2004-10-01,25,4,25,4,29
70103,PORONGO,estado nutricional,clasificacion a y b,2004-10-01,10,5,10,5,15
70601,PORTACHUELO,estado nutricional,clasificacion a y b,2004-10-01,85,29,85,29,114
90102,PORVENIR,estado nutricional,clasificacion a y b,2004-10-01,30,5,30,5,35
70804,POSTRER VALLE,estado nutricional,clasificacion a y b,2004-10-01,8,3,8,3,11
50101,POTOSI,estado nutricional,clasificacion a y b,2004-10-01,176,31,176,31,207
10302,PRESTO,estado nutricional,clasificacion a y b,2004-10-01,17,1,17,1,18
70805,PUCARA,estado nutricional,clasificacion a y b,2004-10-01,14,2,14,2,16
21201,PUCARANI,estado nutricional,clasificacion a y b,2004-10-01,53,3,53,3,56
20401,PUERTO ACOSTA,estado nutricional,clasificacion a y b,2004-10-01,27,23,27,23,50
20403,PUERTO CARABUCO,estado nutricional,clasificacion a y b,2004-10-01,14,2,14,2,16
90301,PUERTO GONZALO MORENO,estado nutricional,clasificacion a y b,2004-10-01,6,4,6,4,10
21204,PUERTO PEREZ,estado nutricional,clasificacion a y b,2004-10-01,10,5,10,5,15
90201,PUERTO RICO,estado nutricional,clasificacion a y b,2004-10-01,9,0,9,0,9
80703,PUERTO SILES,estado nutricional,clasificacion a y b,2004-10-01,3,3,3,3,6
71401,PUERTO SUAREZ,estado nutricional,clasificacion a y b,2004-10-01,3,2,3,2,5
31205,PUERTO VILLARROEL,estado nutricional,clasificacion a y b,2004-10-01,183,37,183,37,220
51101,PUNA,estado nutricional,clasificacion a y b,2004-10-01,12,1,12,1,13
31401,PUNATA,estado nutricional,clasificacion a y b,2004-10-01,17,5,17,5,22
20604,QUIABAYA,estado nutricional,clasificacion a y b,2004-10-01,9,0,9,0,9
30901,QUILLACOLLO,estado nutricional,clasificacion a y b,2004-10-01,74,15,74,15,89
21002,QUIME,estado nutricional,clasificacion a y b,2004-10-01,7,5,7,5,12
70904,QUIRUSILLAS,estado nutricional,clasificacion a y b,2004-10-01,11,1,11,1,12
50402,RAVELO,estado nutricional,clasificacion a y b,2004-10-01,10,0,10,0,10
80301,REYES,estado nutricional,clasificacion a y b,2004-10-01,63,10,63,10,73
80201,RIBERALTA,estado nutricional,clasificacion a y b,2004-10-01,101,81,101,81,182
70503,ROBORE,estado nutricional,clasificacion a y b,2004-10-01,31,2,31,2,33
80304,RURRENABAQUE,estado nutricional,clasificacion a y b,2004-10-01,36,15,36,15,51
40901,SABAYA,estado nutricional,clasificacion a y b,2004-10-01,4,0,4,0,4
31001,SACABA,estado nutricional,clasificacion a y b,2004-10-01,83,23,83,23,106
30404,SACABAMBA,estado nutricional,clasificacion a y b,2004-10-01,0,2,0,2,2
50701,SACACA,estado nutricional,clasificacion a y b,2004-10-01,5,0,5,0,5
71302,SAIPINA,estado nutricional,clasificacion a y b,2004-10-01,47,19,47,19,66
40801,SALINAS DE GARCI MENDOZA,estado nutricional,clasificacion a y b,2004-10-01,5,1,5,1,6
70901,SAMAIPATA,estado nutricional,clasificacion a y b,2004-10-01,16,4,16,4,20
51601,SAN AGUSTIN,estado nutricional,clasificacion a y b,2004-10-01,1,0,1,0,1
80602,SAN ANDRES,estado nutricional,clasificacion a y b,2004-10-01,28,3,28,3,31
51003,SAN ANTONIO DE ESMORUCO,estado nutricional,clasificacion a y b,2004-10-01,2,0,2,0,2
71105,SAN ANTONIO DE LOMERIO,estado nutricional,clasificacion a y b,2004-10-01,13,10,13,10,23
31403,SAN BENITO,estado nutricional,clasificacion a y b,2004-10-01,7,0,7,0,7
80302,SAN BORJA,estado nutricional,clasificacion a y b,2004-10-01,104,9,104,9,113
21502,SAN BUENA VENTURA,estado nutricional,clasificacion a y b,2004-10-01,13,3,13,3,16
70402,SAN CARLOS,estado nutricional,clasificacion a y b,2004-10-01,122,32,122,32,154
80501,SAN IGNACIO,estado nutricional,clasificacion a y b,2004-10-01,44,15,44,15,59
70301,SAN IGNACIO DE VELASCO,estado nutricional,clasificacion a y b,2004-10-01,150,17,150,17,167
80102,SAN JAVIER(BNI),estado nutricional,clasificacion a y b,2004-10-01,3,1,3,1,4
71102,SAN JAVIER(STC),estado nutricional,clasificacion a y b,2004-10-01,54,11,54,11,65
80701,SAN JOAQUIN,estado nutricional,clasificacion a y b,2004-10-01,11,4,11,4,15
70501,SAN JOSE DE CHIQUITOS,estado nutricional,clasificacion a y b,2004-10-01,46,7,46,7,53
71104,SAN JULIAN,estado nutricional,clasificacion a y b,2004-10-01,185,82,185,82,267
90302,SAN LORENZO(PND),estado nutricional,clasificacion a y b,2004-10-01,33,3,33,3,36
60501,SAN LORENZO(TJA),estado nutricional,clasificacion a y b,2004-10-01,27,16,27,16,43
10702,SAN LUCAS,estado nutricional,clasificacion a y b,2004-10-01,29,2,29,2,31
70302,SAN MIGUEL DE VELASCO,estado nutricional,clasificacion a y b,2004-10-01,25,4,25,4,29
51001,SAN PABLO DE LIPEZ,estado nutricional,clasificacion a y b,2004-10-01,0,3,0,3,3
50501,SAN PEDRO DE BUENA VISTA,estado nutricional,clasificacion a y b,2004-10-01,23,3,23,3,26
21801,SAN PEDRO DE CURAHUARA,estado nutricional,clasificacion a y b,2004-10-01,10,4,10,4,14
50902,SAN PEDRO DE QUEMES,estado nutricional,clasificacion a y b,2004-10-01,2,0,2,0,2
21702,SAN PEDRO DE TIQUINA,estado nutricional,clasificacion a y b,2004-10-01,8,0,8,0,8
70303,SAN RAFAEL,estado nutricional,clasificacion a y b,2004-10-01,15,0,15,0,15
80702,SAN RAMON,estado nutricional,clasificacion a y b,2004-10-01,12,2,12,2,14
80401,SANTA ANA,estado nutricional,clasificacion a y b,2004-10-01,59,17,59,17,76
70101,SANTA CRUZ DE LA SIERRA,estado nutricional,clasificacion a y b,2004-10-01,2602,679,2602,679,3281
80303,SANTA ROSA,estado nutricional,clasificacion a y b,2004-10-01,48,6,48,6,54
70602,SANTA ROSA DEL SARA,estado nutricional,clasificacion a y b,2004-10-01,49,21,49,21,70
20308,SANTIAGO DE CALLAPA,estado nutricional,clasificacion a y b,2004-10-01,4,0,4,0,4
41401,SANTIAGO DE HUARI,estado nutricional,clasificacion a y b,2004-10-01,2,2,2,2,4
21901,SANTIAGO DE MACHACA,estado nutricional,clasificacion a y b,2004-10-01,3,0,3,0,3
30702,SANTIVAÑES,estado nutricional,clasificacion a y b,2004-10-01,1,0,1,0,1
40202,SANTUARIO DE QUILLACAS,estado nutricional,clasificacion a y b,2004-10-01,1,0,1,0,1
20902,SAPAHAQUI,estado nutricional,clasificacion a y b,2004-10-01,12,0,12,0,12
21301,SICA SICA (VILLA AROMA),estado nutricional,clasificacion a y b,2004-10-01,23,3,23,3,26
30902,SIPE SIPE,estado nutricional,clasificacion a y b,2004-10-01,67,17,67,17,84
10403,SOPACHUY,estado nutricional,clasificacion a y b,2004-10-01,1,1,1,1,2
20601,SORATA,estado nutricional,clasificacion a y b,2004-10-01,14,3,14,3,17
10101,SUCRE,estado nutricional,clasificacion a y b,2004-10-01,318,87,318,87,405
31404,TACACHI,estado nutricional,clasificacion a y b,2004-10-01,1,0,1,0,1
20603,TACACOMA,estado nutricional,clasificacion a y b,2004-10-01,22,4,22,4,26
30602,TACOPAYA,estado nutricional,clasificacion a y b,2004-10-01,10,0,10,0,10
51402,TAHUA,estado nutricional,clasificacion a y b,2004-10-01,3,0,3,0,3
31101,TAPACARI,estado nutricional,clasificacion a y b,2004-10-01,10,2,10,2,12
10601,TARABUCO,estado nutricional,clasificacion a y b,2004-10-01,36,10,36,10,46
30401,TARATA,estado nutricional,clasificacion a y b,2004-10-01,15,1,15,1,16
60101,TARIJA,estado nutricional,clasificacion a y b,2004-10-01,286,114,286,114,400
10202,TARVITA,estado nutricional,clasificacion a y b,2004-10-01,11,0,11,0,11
20803,TIAWANACU,estado nutricional,clasificacion a y b,2004-10-01,29,8,29,8,37
50102,TINGUIPAYA,estado nutricional,clasificacion a y b,2004-10-01,3,0,3,0,3
20606,TIPUANI,estado nutricional,clasificacion a y b,2004-10-01,37,4,37,4,41
30903,TIQUIPAYA,estado nutricional,clasificacion a y b,2004-10-01,21,3,21,3,24
31601,TIRAQUE (CBBA),estado nutricional,clasificacion a y b,2004-10-01,114,26,114,26,140
21703,TITO YUPANQUI (PARQUIPUJIO),estado nutricional,clasificacion a y b,2004-10-01,1,0,1,0,1
30802,TOCO,estado nutricional,clasificacion a y b,2004-10-01,3,0,3,0,3
30803,TOLATA,estado nutricional,clasificacion a y b,2004-10-01,3,0,3,0,3
41001,TOLEDO,estado nutricional,clasificacion a y b,2004-10-01,2,1,2,1,3
51202,TOMAVE,estado nutricional,clasificacion a y b,2004-10-01,10,6,10,6,16
10402,TOMINA,estado nutricional,clasificacion a y b,2004-10-01,20,4,20,4,24
50502,TORO TORO,estado nutricional,clasificacion a y b,2004-10-01,17,1,17,1,18
31201,TOTORA(CBBA),estado nutricional,clasificacion a y b,2004-10-01,9,3,9,3,12
41301,TOTORA(ORR),estado nutricional,clasificacion a y b,2004-10-01,2,0,2,0,2
70802,TRIGAL,estado nutricional,clasificacion a y b,2004-10-01,3,0,3,0,3
80101,TRINIDAD,estado nutricional,clasificacion a y b,2004-10-01,226,59,226,59,285
50801,TUPIZA,estado nutricional,clasificacion a y b,2004-10-01,106,13,106,13,119
21302,UMALA,estado nutricional,clasificacion a y b,2004-10-01,27,9,27,9,36
50201,UNCIA,estado nutricional,clasificacion a y b,2004-10-01,4,10,4,10,14
60401,URIONDO (A. CONCEPCION),estado nutricional,clasificacion a y b,2004-10-01,17,12,17,12,29
71502,URUBICHA,estado nutricional,clasificacion a y b,2004-10-01,14,8,14,8,22
51201,UYUNI,estado nutricional,clasificacion a y b,2004-10-01,36,10,36,10,46
30502,VACAS,estado nutricional,clasificacion a y b,2004-10-01,1,1,1,1,2
70801,VALLEGRANDE,estado nutricional,clasificacion a y b,2004-10-01,19,4,19,4,23
20801,VIACHA,estado nutricional,clasificacion a y b,2004-10-01,66,30,66,30,96
31302,VILA VILA,estado nutricional,clasificacion a y b,2004-10-01,6,0,6,0,6
60303,VILLA MONTES,estado nutricional,clasificacion a y b,2004-10-01,47,17,47,17,64
90502,VILLA NUEVA (LOMA ALTA),estado nutricional,clasificacion a y b,2004-10-01,1,0,1,0,1
31402,VILLA RIVERO,estado nutricional,clasificacion a y b,2004-10-01,16,2,16,2,18
10801,VILLA SERRANO,estado nutricional,clasificacion a y b,2004-10-01,26,5,26,5,31
31003,VILLA TUNARI,estado nutricional,clasificacion a y b,2004-10-01,121,30,121,30,151
11001,VILLA VACA GUZMAN (MUYUPAMPA),estado nutricional,clasificacion a y b,2004-10-01,37,10,37,10,47
51501,VILLAZON,estado nutricional,clasificacion a y b,2004-10-01,74,13,74,13,87
30904,VINTO,estado nutricional,clasificacion a y b,2004-10-01,27,12,27,12,39
50602,VITICHI,estado nutricional,clasificacion a y b,2004-10-01,17,2,17,2,19
70201,WARNES,estado nutricional,clasificacion a y b,2004-10-01,113,16,113,16,129
20903,YACO,estado nutricional,clasificacion a y b,2004-10-01,4,1,4,1,5
60301,YACUIBA,estado nutricional,clasificacion a y b,2004-10-01,233,35,233,35,268
10602,YAMPARAEZ,estado nutricional,clasificacion a y b,2004-10-01,26,3,26,3,29
21103,YANACACHI,estado nutricional,clasificacion a y b,2004-10-01,12,0,12,0,12
70403,YAPACANI,estado nutricional,clasificacion a y b,2004-10-01,182,15,182,15,197
50103,YOCALLA,estado nutricional,clasificacion a y b,2004-10-01,5,6,5,6,11
10102,YOTALA,estado nutricional,clasificacion a y b,2004-10-01,29,8,29,8,37
60402,YUNCHARA,estado nutricional,clasificacion a y b,2004-10-01,4,1,4,1,5
10301,ZUDAÑEZ,estado nutricional,clasificacion a y b,2004-10-01,31,9,31,9,40
51302,ACACIO,estado nutricional,clasificacion a y b,2004-11-01,3,2,3,2,5
20201,ACHACACHI,estado nutricional,clasificacion a y b,2004-11-01,54,23,54,23,77
20104,ACHOCALLA,estado nutricional,clasificacion a y b,2004-11-01,4,0,4,0,4
30201,AIQUILE,estado nutricional,clasificacion a y b,2004-11-01,27,2,27,2,29
31303,ALALAY,estado nutricional,clasificacion a y b,2004-11-01,18,28,18,28,46
10404,ALCALA,estado nutricional,clasificacion a y b,2004-11-01,8,1,8,1,9
20202,ANCORAIMES,estado nutricional,clasificacion a y b,2004-11-01,6,2,6,2,8
40603,ANTEQUERA,estado nutricional,clasificacion a y b,2004-11-01,3,2,3,2,5
30402,ANZALDO,estado nutricional,clasificacion a y b,2004-11-01,14,3,14,3,17
20701,APOLO,estado nutricional,clasificacion a y b,2004-11-01,22,3,22,3,25
51301,ARAMPAMPA,estado nutricional,clasificacion a y b,2004-11-01,5,4,5,4,9
30501,ARANI,estado nutricional,clasificacion a y b,2004-11-01,13,1,13,1,14
30403,ARBIETO,estado nutricional,clasificacion a y b,2004-11-01,2,2,2,2,4
30601,ARQUE,estado nutricional,clasificacion a y b,2004-11-01,1,0,1,0,1
50802,ATOCHA,estado nutricional,clasificacion a y b,2004-11-01,21,4,21,4,25
20503,AUCAPATA,estado nutricional,clasificacion a y b,2004-11-01,8,2,8,2,10
20502,AYATA,estado nutricional,clasificacion a y b,2004-11-01,13,2,13,2,15
21303,AYO AYO,estado nutricional,clasificacion a y b,2004-11-01,21,5,21,5,26
30301,AYOPAYA (V. DE INDEPENDENCIA),estado nutricional,clasificacion a y b,2004-11-01,16,6,16,6,22
10201,AZURDUY,estado nutricional,clasificacion a y b,2004-11-01,19,2,19,2,21
21203,BATALLAS,estado nutricional,clasificacion a y b,2004-11-01,28,4,28,4,32
80802,BAURES,estado nutricional,clasificacion a y b,2004-11-01,12,4,12,4,16
41202,BELEN DE ANDAMARCA,estado nutricional,clasificacion a y b,2004-11-01,1,0,1,0,1
50104,BELEN DE URMIRI,estado nutricional,clasificacion a y b,2004-11-01,4,0,4,0,4
90104,BELLA FLOR,estado nutricional,clasificacion a y b,2004-11-01,5,0,5,0,5
60202,BERMEJO,estado nutricional,clasificacion a y b,2004-11-01,29,6,29,6,35
50301,BETANZOS,estado nutricional,clasificacion a y b,2004-11-01,32,3,32,3,35
31501,BOLIVAR,estado nutricional,clasificacion a y b,2004-11-01,13,4,13,4,17
90103,BOLPEBRA,estado nutricional,clasificacion a y b,2004-11-01,6,1,6,1,7
70707,BOYUIBE,estado nutricional,clasificacion a y b,2004-11-01,5,2,5,2,7
70401,BUENA VISTA,estado nutricional,clasificacion a y b,2004-11-01,48,65,48,65,113
70703,CABEZAS,estado nutricional,clasificacion a y b,2004-11-01,31,6,31,6,37
20905,CAIROMA,estado nutricional,clasificacion a y b,2004-11-01,11,2,11,2,13
51102,"CAIZA ""D""",estado nutricional,clasificacion a y b,2004-11-01,15,4,15,4,19
21003,CAJUATA,estado nutricional,clasificacion a y b,2004-11-01,17,0,17,0,17
20303,CALACOTO,estado nutricional,clasificacion a y b,2004-11-01,3,0,3,0,3
21304,CALAMARCA,estado nutricional,clasificacion a y b,2004-11-01,2,0,2,0,2
10701,CAMARGO,estado nutricional,clasificacion a y b,2004-11-01,13,6,13,6,19
10901,CAMATAQUI (C. VILLA ABECIA),estado nutricional,clasificacion a y b,2004-11-01,7,0,7,0,7
70706,CAMIRI,estado nutricional,clasificacion a y b,2004-11-01,103,28,103,28,131
30701,CAPINOTA,estado nutricional,clasificacion a y b,2004-11-01,39,6,39,6,45
20302,CAQUIAVIRI,estado nutricional,clasificacion a y b,2004-11-01,25,5,25,5,30
40102,CARACOLLO,estado nutricional,clasificacion a y b,2004-11-01,36,11,36,11,47
22001,CARANAVI,estado nutricional,clasificacion a y b,2004-11-01,99,20,99,20,119
60302,CARAPARI,estado nutricional,clasificacion a y b,2004-11-01,42,3,42,3,45
50702,CARIPUYO,estado nutricional,clasificacion a y b,2004-11-01,1,0,1,0,1
21902,CATACORA,estado nutricional,clasificacion a y b,2004-11-01,1,0,1,0,1
40201,CHALLAPATA,estado nutricional,clasificacion a y b,2004-11-01,8,1,8,1,9
50302,CHAQUI,estado nutricional,clasificacion a y b,2004-11-01,9,4,9,4,13
70702,CHARAGUA,estado nutricional,clasificacion a y b,2004-11-01,60,9,60,9,69
50202,CHAYANTA,estado nutricional,clasificacion a y b,2004-11-01,28,10,28,10,38
31204,CHIMORE,estado nutricional,clasificacion a y b,2004-11-01,69,8,69,8,77
40903,CHIPAYA,estado nutricional,clasificacion a y b,2004-11-01,11,1,11,1,12
40302,CHOQUE COTA,estado nutricional,clasificacion a y b,2004-11-01,1,0,1,0,1
21101,CHULUMANI (V. DE LA LIBERTAD),estado nutricional,clasificacion a y b,2004-11-01,6,1,6,1,7
20501,CHUMA,estado nutricional,clasificacion a y b,2004-11-01,14,0,14,0,14
30801,CLIZA,estado nutricional,clasificacion a y b,2004-11-01,62,13,62,13,75
90101,COBIJA,estado nutricional,clasificacion a y b,2004-11-01,106,33,106,33,139
30101,COCHABAMBA,estado nutricional,clasificacion a y b,2004-11-01,644,119,644,119,763
30905,COLCAPIRHUA,estado nutricional,clasificacion a y b,2004-11-01,16,1,16,1,17
50901,"COLCHA ""K""",estado nutricional,clasificacion a y b,2004-11-01,21,5,21,5,26
31002,COLOMI,estado nutricional,clasificacion a y b,2004-11-01,19,0,19,0,19
50401,COLQUECHACA,estado nutricional,clasificacion a y b,2004-11-01,26,2,26,2,28
21306,COLQUENCHA,estado nutricional,clasificacion a y b,2004-11-01,11,1,11,1,12
21004,COLQUIRI,estado nutricional,clasificacion a y b,2004-11-01,21,6,21,6,27
71301,COMARAPA,estado nutricional,clasificacion a y b,2004-11-01,103,36,103,36,139
20605,COMBAYA,estado nutricional,clasificacion a y b,2004-11-01,1,0,1,0,1
71101,CONCEPCION,estado nutricional,clasificacion a y b,2004-11-01,5,0,5,0,5
21701,COPACABANA,estado nutricional,clasificacion a y b,2004-11-01,18,1,18,1,19
21402,CORIPATA,estado nutricional,clasificacion a y b,2004-11-01,59,4,59,4,63
20301,CORO CORO,estado nutricional,clasificacion a y b,2004-11-01,7,0,7,0,7
21401,COROICO,estado nutricional,clasificacion a y b,2004-11-01,7,1,7,1,8
40301,CORQUE,estado nutricional,clasificacion a y b,2004-11-01,6,0,6,0,6
50601,COTAGAITA,estado nutricional,clasificacion a y b,2004-11-01,16,7,16,7,23
70102,COTOCA,estado nutricional,clasificacion a y b,2004-11-01,127,16,127,16,143
31405,CUCHUMUELA (V. G. VILLARROEL),estado nutricional,clasificacion a y b,2004-11-01,5,1,5,1,6
70704,CUEVO,estado nutricional,clasificacion a y b,2004-11-01,5,1,5,1,6
10902,CULPINA,estado nutricional,clasificacion a y b,2004-11-01,37,10,37,10,47
40401,CURAHUARA DE CARANGAS,estado nutricional,clasificacion a y b,2004-11-01,3,3,3,3,6
21602,CURVA,estado nutricional,clasificacion a y b,2004-11-01,1,0,1,0,1
20804,DESAGUADERO,estado nutricional,clasificacion a y b,2004-11-01,5,0,5,0,5
20105,EL ALTO,estado nutricional,clasificacion a y b,2004-11-01,795,276,795,276,1071
40103,EL CHORO,estado nutricional,clasificacion a y b,2004-11-01,1,0,1,0,1
71503,EL PUENTE(STC),estado nutricional,clasificacion a y b,2004-11-01,17,4,17,4,21
60502,EL PUENTE(TJA),estado nutricional,clasificacion a y b,2004-11-01,7,6,7,6,13
70105,EL TORNO,estado nutricional,clasificacion a y b,2004-11-01,117,28,117,28,145
10405,EL VILLAR,estado nutricional,clasificacion a y b,2004-11-01,8,5,8,5,13
60601,ENTRE RIOS,estado nutricional,clasificacion a y b,2004-11-01,49,14,49,14,63
41101,EUCALIPTUS,estado nutricional,clasificacion a y b,2004-11-01,12,4,12,4,16
90503,EUREKA (SANTOS MERCADO),estado nutricional,clasificacion a y b,2004-11-01,1,0,1,0,1
80402,EXALTACION,estado nutricional,clasificacion a y b,2004-11-01,8,5,8,5,13
90203,FILADELFIA,estado nutricional,clasificacion a y b,2004-11-01,4,0,4,0,4
71002,GENERAL SAAVEDRA,estado nutricional,clasificacion a y b,2004-11-01,48,33,48,33,81
21601,GRAL. J.J. PEREZ (CHARAZANI),estado nutricional,clasificacion a y b,2004-11-01,12,4,12,4,16
20602,GUANAY,estado nutricional,clasificacion a y b,2004-11-01,130,34,130,34,164
20802,GUAQUI,estado nutricional,clasificacion a y b,2004-11-01,7,3,7,3,10
80202,GUAYARAMERIN,estado nutricional,clasificacion a y b,2004-11-01,152,24,152,24,176
70705,GUTIERREZ,estado nutricional,clasificacion a y b,2004-11-01,78,23,78,23,101
10502,HUACARETA,estado nutricional,clasificacion a y b,2004-11-01,29,37,29,37,66
11002,HUACAYA (VILLA DE HUACAYA),estado nutricional,clasificacion a y b,2004-11-01,9,2,9,2,11
40501,HUACHACALLA,estado nutricional,clasificacion a y b,2004-11-01,3,0,3,0,3
40701,HUANUNI,estado nutricional,clasificacion a y b,2004-11-01,90,8,90,8,98
80803,HUARACAJE,estado nutricional,clasificacion a y b,2004-11-01,17,3,17,3,20
41601,HUAYLLAMARCA,estado nutricional,clasificacion a y b,2004-11-01,1,0,1,0,1
21005,ICHOCA,estado nutricional,clasificacion a y b,2004-11-01,4,1,4,1,5
10304,ICLA,estado nutricional,clasificacion a y b,2004-11-01,20,18,20,18,38
10703,INCAHUASI,estado nutricional,clasificacion a y b,2004-11-01,49,3,49,3,52
90402,INGAVI (HUMAITA),estado nutricional,clasificacion a y b,2004-11-01,2,0,2,0,2
21001,INQUISIVI,estado nutricional,clasificacion a y b,2004-11-01,10,2,10,2,12
21102,IRUPANA (VILLA DE LANZA),estado nutricional,clasificacion a y b,2004-11-01,39,12,39,12,51
21501,IXIAMAS,estado nutricional,clasificacion a y b,2004-11-01,35,10,35,10,45
21105,LA ASUNTA,estado nutricional,clasificacion a y b,2004-11-01,26,0,26,0,26
70104,LA GUARDIA,estado nutricional,clasificacion a y b,2004-11-01,98,11,98,11,109
20101,LA PAZ,estado nutricional,clasificacion a y b,2004-11-01,697,184,697,184,881
70701,LAGUNILLAS,estado nutricional,clasificacion a y b,2004-11-01,33,9,33,9,42
21202,LAJA,estado nutricional,clasificacion a y b,2004-11-01,20,1,20,1,21
10903,LAS CARRERAS,estado nutricional,clasificacion a y b,2004-11-01,7,3,7,3,10
21006,LICOMA PAMPA,estado nutricional,clasificacion a y b,2004-11-01,3,0,3,0,3
50203,LLALLAGUA,estado nutricional,clasificacion a y b,2004-11-01,81,31,81,31,112
51401,LLICA,estado nutricional,clasificacion a y b,2004-11-01,3,0,3,0,3
80601,LORETO,estado nutricional,clasificacion a y b,2004-11-01,5,7,5,7,12
20901,LURIBAY,estado nutricional,clasificacion a y b,2004-11-01,4,1,4,1,5
40702,MACHACAMARCA,estado nutricional,clasificacion a y b,2004-11-01,7,5,7,5,12
11003,MACHARETI,estado nutricional,clasificacion a y b,2004-11-01,60,33,60,33,93
80801,MAGDALENA,estado nutricional,clasificacion a y b,2004-11-01,29,10,29,10,39
70903,MAIRANA,estado nutricional,clasificacion a y b,2004-11-01,54,4,54,4,58
20103,MECAPACA,estado nutricional,clasificacion a y b,2004-11-01,19,4,19,4,23
71003,MINEROS,estado nutricional,clasificacion a y b,2004-11-01,228,43,228,43,271
31301,MIZQUE,estado nutricional,clasificacion a y b,2004-11-01,24,30,24,30,54
20402,MOCOMOCO,estado nutricional,clasificacion a y b,2004-11-01,21,4,21,4,25
10303,MOJOCOYA,estado nutricional,clasificacion a y b,2004-11-01,18,3,18,3,21
10501,MONTEAGUDO,estado nutricional,clasificacion a y b,2004-11-01,91,35,91,35,126
71001,MONTERO,estado nutricional,clasificacion a y b,2004-11-01,561,98,561,98,659
70803,MORO MORO,estado nutricional,clasificacion a y b,2004-11-01,6,0,6,0,6
30302,MOROCHATA,estado nutricional,clasificacion a y b,2004-11-01,27,9,27,9,36
90401,NACEBE (SANTA ROSA DEL ABUNA),estado nutricional,clasificacion a y b,2004-11-01,4,1,4,1,5
50404,OCURI,estado nutricional,clasificacion a y b,2004-11-01,25,1,25,1,26
70202,OKINAWA,estado nutricional,clasificacion a y b,2004-11-01,25,15,25,15,40
30203,OMEREQUE,estado nutricional,clasificacion a y b,2004-11-01,15,1,15,1,16
40101,ORURO,estado nutricional,clasificacion a y b,2004-11-01,398,93,398,93,491
60201,PADCAYA,estado nutricional,clasificacion a y b,2004-11-01,25,11,25,11,36
10401,PADILLA,estado nutricional,clasificacion a y b,2004-11-01,26,8,26,8,34
70502,PAILON,estado nutricional,clasificacion a y b,2004-11-01,43,10,43,10,53
20102,PALCA,estado nutricional,clasificacion a y b,2004-11-01,15,6,15,6,21
21104,PALOS BLANCOS,estado nutricional,clasificacion a y b,2004-11-01,114,18,114,18,132
40802,PAMPA AULLAGAS,estado nutricional,clasificacion a y b,2004-11-01,7,1,7,1,8
70902,PAMPA GRANDE,estado nutricional,clasificacion a y b,2004-11-01,8,1,8,1,9
21802,PAPEL PAMPA,estado nutricional,clasificacion a y b,2004-11-01,2,0,2,0,2
30202,PASORAPA,estado nutricional,clasificacion a y b,2004-11-01,5,1,5,1,6
21305,PATACAMAYA,estado nutricional,clasificacion a y b,2004-11-01,8,0,8,0,8
40602,PAZÑA,estado nutricional,clasificacion a y b,2004-11-01,6,7,6,7,13
20702,PELECHUCO,estado nutricional,clasificacion a y b,2004-11-01,4,1,4,1,5
50403,POCOATA,estado nutricional,clasificacion a y b,2004-11-01,33,10,33,10,43
31203,POCONA,estado nutricional,clasificacion a y b,2004-11-01,8,0,8,0,8
31202,POJO (CBBA),estado nutricional,clasificacion a y b,2004-11-01,86,8,86,8,94
51203,PORCO,estado nutricional,clasificacion a y b,2004-11-01,9,1,9,1,10
10103,POROMA,estado nutricional,clasificacion a y b,2004-11-01,20,2,20,2,22
70103,PORONGO,estado nutricional,clasificacion a y b,2004-11-01,15,0,15,0,15
70601,PORTACHUELO,estado nutricional,clasificacion a y b,2004-11-01,85,30,85,30,115
90102,PORVENIR,estado nutricional,clasificacion a y b,2004-11-01,17,7,17,7,24
70804,POSTRER VALLE,estado nutricional,clasificacion a y b,2004-11-01,2,0,2,0,2
50101,POTOSI,estado nutricional,clasificacion a y b,2004-11-01,152,27,152,27,179
10302,PRESTO,estado nutricional,clasificacion a y b,2004-11-01,21,3,21,3,24
70805,PUCARA,estado nutricional,clasificacion a y b,2004-11-01,2,1,2,1,3
21201,PUCARANI,estado nutricional,clasificacion a y b,2004-11-01,41,3,41,3,44
20401,PUERTO ACOSTA,estado nutricional,clasificacion a y b,2004-11-01,34,14,34,14,48
20403,PUERTO CARABUCO,estado nutricional,clasificacion a y b,2004-11-01,14,2,14,2,16
90301,PUERTO GONZALO MORENO,estado nutricional,clasificacion a y b,2004-11-01,3,1,3,1,4
21204,PUERTO PEREZ,estado nutricional,clasificacion a y b,2004-11-01,1,0,1,0,1
90201,PUERTO RICO,estado nutricional,clasificacion a y b,2004-11-01,18,13,18,13,31
80703,PUERTO SILES,estado nutricional,clasificacion a y b,2004-11-01,3,2,3,2,5
31205,PUERTO VILLARROEL,estado nutricional,clasificacion a y b,2004-11-01,155,33,155,33,188
51101,PUNA,estado nutricional,clasificacion a y b,2004-11-01,23,1,23,1,24
31401,PUNATA,estado nutricional,clasificacion a y b,2004-11-01,19,9,19,9,28
20604,QUIABAYA,estado nutricional,clasificacion a y b,2004-11-01,10,1,10,1,11
30901,QUILLACOLLO,estado nutricional,clasificacion a y b,2004-11-01,48,2,48,2,50
21002,QUIME,estado nutricional,clasificacion a y b,2004-11-01,3,2,3,2,5
70904,QUIRUSILLAS,estado nutricional,clasificacion a y b,2004-11-01,5,0,5,0,5
50402,RAVELO,estado nutricional,clasificacion a y b,2004-11-01,7,1,7,1,8
80301,REYES,estado nutricional,clasificacion a y b,2004-11-01,58,14,58,14,72
80201,RIBERALTA,estado nutricional,clasificacion a y b,2004-11-01,79,36,79,36,115
70503,ROBORE,estado nutricional,clasificacion a y b,2004-11-01,28,8,28,8,36
80304,RURRENABAQUE,estado nutricional,clasificacion a y b,2004-11-01,90,40,90,40,130
40901,SABAYA,estado nutricional,clasificacion a y b,2004-11-01,3,0,3,0,3
31001,SACABA,estado nutricional,clasificacion a y b,2004-11-01,37,3,37,3,40
30404,SACABAMBA,estado nutricional,clasificacion a y b,2004-11-01,2,2,2,2,4
50701,SACACA,estado nutricional,clasificacion a y b,2004-11-01,9,0,9,0,9
71302,SAIPINA,estado nutricional,clasificacion a y b,2004-11-01,28,7,28,7,35
40801,SALINAS DE GARCI MENDOZA,estado nutricional,clasificacion a y b,2004-11-01,7,2,7,2,9
70901,SAMAIPATA,estado nutricional,clasificacion a y b,2004-11-01,13,7,13,7,20
51601,SAN AGUSTIN,estado nutricional,clasificacion a y b,2004-11-01,7,2,7,2,9
80602,SAN ANDRES,estado nutricional,clasificacion a y b,2004-11-01,31,12,31,12,43
71105,SAN ANTONIO DE LOMERIO,estado nutricional,clasificacion a y b,2004-11-01,17,5,17,5,22
31403,SAN BENITO,estado nutricional,clasificacion a y b,2004-11-01,15,0,15,0,15
80302,SAN BORJA,estado nutricional,clasificacion a y b,2004-11-01,142,19,142,19,161
21502,SAN BUENA VENTURA,estado nutricional,clasificacion a y b,2004-11-01,11,0,11,0,11
70402,SAN CARLOS,estado nutricional,clasificacion a y b,2004-11-01,136,30,136,30,166
80501,SAN IGNACIO,estado nutricional,clasificacion a y b,2004-11-01,31,6,31,6,37
70301,SAN IGNACIO DE VELASCO,estado nutricional,clasificacion a y b,2004-11-01,160,22,160,22,182
80102,SAN JAVIER(BNI),estado nutricional,clasificacion a y b,2004-11-01,4,1,4,1,5
71102,SAN JAVIER(STC),estado nutricional,clasificacion a y b,2004-11-01,40,6,40,6,46
80701,SAN JOAQUIN,estado nutricional,clasificacion a y b,2004-11-01,24,3,24,3,27
70501,SAN JOSE DE CHIQUITOS,estado nutricional,clasificacion a y b,2004-11-01,32,4,32,4,36
71104,SAN JULIAN,estado nutricional,clasificacion a y b,2004-11-01,119,54,119,54,173
90302,SAN LORENZO(PND),estado nutricional,clasificacion a y b,2004-11-01,8,12,8,12,20
60501,SAN LORENZO(TJA),estado nutricional,clasificacion a y b,2004-11-01,16,5,16,5,21
10702,SAN LUCAS,estado nutricional,clasificacion a y b,2004-11-01,35,2,35,2,37
70302,SAN MIGUEL DE VELASCO,estado nutricional,clasificacion a y b,2004-11-01,30,5,30,5,35
51001,SAN PABLO DE LIPEZ,estado nutricional,clasificacion a y b,2004-11-01,1,0,1,0,1
50501,SAN PEDRO DE BUENA VISTA,estado nutricional,clasificacion a y b,2004-11-01,26,11,26,11,37
21801,SAN PEDRO DE CURAHUARA,estado nutricional,clasificacion a y b,2004-11-01,8,0,8,0,8
21702,SAN PEDRO DE TIQUINA,estado nutricional,clasificacion a y b,2004-11-01,6,1,6,1,7
90202,SAN PEDRO(PND),estado nutricional,clasificacion a y b,2004-11-01,1,0,1,0,1
70303,SAN RAFAEL,estado nutricional,clasificacion a y b,2004-11-01,10,5,10,5,15
80702,SAN RAMON,estado nutricional,clasificacion a y b,2004-11-01,24,1,24,1,25
80702,SAN RAMON,estado nutricional,clasificacion a y b,2004-11-01,14,6,14,6,20
80401,SANTA ANA,estado nutricional,clasificacion a y b,2004-11-01,85,35,85,35,120
70101,SANTA CRUZ DE LA SIERRA,estado nutricional,clasificacion a y b,2004-11-01,2277,688,2277,688,2965
80303,SANTA ROSA,estado nutricional,clasificacion a y b,2004-11-01,35,6,35,6,41
70602,SANTA ROSA DEL SARA,estado nutricional,clasificacion a y b,2004-11-01,42,23,42,23,65
20308,SANTIAGO DE CALLAPA,estado nutricional,clasificacion a y b,2004-11-01,4,1,4,1,5
41401,SANTIAGO DE HUARI,estado nutricional,clasificacion a y b,2004-11-01,9,1,9,1,10
21901,SANTIAGO DE MACHACA,estado nutricional,clasificacion a y b,2004-11-01,3,0,3,0,3
30702,SANTIVAÑES,estado nutricional,clasificacion a y b,2004-11-01,1,0,1,0,1
40202,SANTUARIO DE QUILLACAS,estado nutricional,clasificacion a y b,2004-11-01,4,2,4,2,6
20902,SAPAHAQUI,estado nutricional,clasificacion a y b,2004-11-01,8,1,8,1,9
90303,SENA,estado nutricional,clasificacion a y b,2004-11-01,3,0,3,0,3
21301,SICA SICA (VILLA AROMA),estado nutricional,clasificacion a y b,2004-11-01,25,6,25,6,31
30902,SIPE SIPE,estado nutricional,clasificacion a y b,2004-11-01,71,11,71,11,82
10403,SOPACHUY,estado nutricional,clasificacion a y b,2004-11-01,5,1,5,1,6
20601,SORATA,estado nutricional,clasificacion a y b,2004-11-01,17,3,17,3,20
10101,SUCRE,estado nutricional,clasificacion a y b,2004-11-01,353,91,353,91,444
20603,TACACOMA,estado nutricional,clasificacion a y b,2004-11-01,21,4,21,4,25
50303,TACOBAMBA,estado nutricional,clasificacion a y b,2004-11-01,15,2,15,2,17
30602,TACOPAYA,estado nutricional,clasificacion a y b,2004-11-01,7,0,7,0,7
51402,TAHUA,estado nutricional,clasificacion a y b,2004-11-01,3,1,3,1,4
31101,TAPACARI,estado nutricional,clasificacion a y b,2004-11-01,15,2,15,2,17
10601,TARABUCO,estado nutricional,clasificacion a y b,2004-11-01,32,7,32,7,39
30401,TARATA,estado nutricional,clasificacion a y b,2004-11-01,14,0,14,0,14
60101,TARIJA,estado nutricional,clasificacion a y b,2004-11-01,500,169,500,169,669
10202,TARVITA,estado nutricional,clasificacion a y b,2004-11-01,19,4,19,4,23
20803,TIAWANACU,estado nutricional,clasificacion a y b,2004-11-01,22,2,22,2,24
50102,TINGUIPAYA,estado nutricional,clasificacion a y b,2004-11-01,5,2,5,2,7
20606,TIPUANI,estado nutricional,clasificacion a y b,2004-11-01,11,0,11,0,11
30903,TIQUIPAYA,estado nutricional,clasificacion a y b,2004-11-01,29,0,29,0,29
31601,TIRAQUE (CBBA),estado nutricional,clasificacion a y b,2004-11-01,111,16,111,16,127
21703,TITO YUPANQUI (PARQUIPUJIO),estado nutricional,clasificacion a y b,2004-11-01,1,0,1,0,1
30802,TOCO,estado nutricional,clasificacion a y b,2004-11-01,3,0,3,0,3
30803,TOLATA,estado nutricional,clasificacion a y b,2004-11-01,2,0,2,0,2
41001,TOLEDO,estado nutricional,clasificacion a y b,2004-11-01,6,1,6,1,7
51202,TOMAVE,estado nutricional,clasificacion a y b,2004-11-01,6,1,6,1,7
10402,TOMINA,estado nutricional,clasificacion a y b,2004-11-01,29,8,29,8,37
50502,TORO TORO,estado nutricional,clasificacion a y b,2004-11-01,8,25,8,25,33
31201,TOTORA(CBBA),estado nutricional,clasificacion a y b,2004-11-01,11,1,11,1,12
41301,TOTORA(ORR),estado nutricional,clasificacion a y b,2004-11-01,3,0,3,0,3
70802,TRIGAL,estado nutricional,clasificacion a y b,2004-11-01,5,1,5,1,6
80101,TRINIDAD,estado nutricional,clasificacion a y b,2004-11-01,257,95,257,95,352
50801,TUPIZA,estado nutricional,clasificacion a y b,2004-11-01,72,15,72,15,87
21302,UMALA,estado nutricional,clasificacion a y b,2004-11-01,3,7,3,7,10
50201,UNCIA,estado nutricional,clasificacion a y b,2004-11-01,24,0,24,0,24
60401,URIONDO (A. CONCEPCION),estado nutricional,clasificacion a y b,2004-11-01,47,12,47,12,59
71502,URUBICHA,estado nutricional,clasificacion a y b,2004-11-01,0,2,0,2,2
51201,UYUNI,estado nutricional,clasificacion a y b,2004-11-01,56,18,56,18,74
30502,VACAS,estado nutricional,clasificacion a y b,2004-11-01,0,1,0,1,1
70801,VALLEGRANDE,estado nutricional,clasificacion a y b,2004-11-01,33,16,33,16,49
20801,VIACHA,estado nutricional,clasificacion a y b,2004-11-01,80,28,80,28,108
31302,VILA VILA,estado nutricional,clasificacion a y b,2004-11-01,8,1,8,1,9
60303,VILLA MONTES,estado nutricional,clasificacion a y b,2004-11-01,65,12,65,12,77
31402,VILLA RIVERO,estado nutricional,clasificacion a y b,2004-11-01,26,3,26,3,29
10801,VILLA SERRANO,estado nutricional,clasificacion a y b,2004-11-01,28,7,28,7,35
31003,VILLA TUNARI,estado nutricional,clasificacion a y b,2004-11-01,82,21,82,21,103
11001,VILLA VACA GUZMAN (MUYUPAMPA),estado nutricional,clasificacion a y b,2004-11-01,47,6,47,6,53
51501,VILLAZON,estado nutricional,clasificacion a y b,2004-11-01,73,10,73,10,83
30904,VINTO,estado nutricional,clasificacion a y b,2004-11-01,11,3,11,3,14
50602,VITICHI,estado nutricional,clasificacion a y b,2004-11-01,15,1,15,1,16
20306,WALDO BALLIVIAN,estado nutricional,clasificacion a y b,2004-11-01,5,0,5,0,5
70201,WARNES,estado nutricional,clasificacion a y b,2004-11-01,126,26,126,26,152
20903,YACO,estado nutricional,clasificacion a y b,2004-11-01,2,0,2,0,2
60301,YACUIBA,estado nutricional,clasificacion a y b,2004-11-01,165,21,165,21,186
10602,YAMPARAEZ,estado nutricional,clasificacion a y b,2004-11-01,25,1,25,1,26
21103,YANACACHI,estado nutricional,clasificacion a y b,2004-11-01,3,3,3,3,6
70403,YAPACANI,estado nutricional,clasificacion a y b,2004-11-01,174,19,174,19,193
50103,YOCALLA,estado nutricional,clasificacion a y b,2004-11-01,2,1,2,1,3
10102,YOTALA,estado nutricional,clasificacion a y b,2004-11-01,36,9,36,9,45
60402,YUNCHARA,estado nutricional,clasificacion a y b,2004-11-01,1,1,1,1,2
10301,ZUDAÑEZ,estado nutricional,clasificacion a y b,2004-11-01,31,7,31,7,38
51302,ACACIO,estado nutricional,clasificacion a y b,2004-12-01,4,1,4,1,5
20201,ACHACACHI,estado nutricional,clasificacion a y b,2004-12-01,38,18,38,18,56
20104,ACHOCALLA,estado nutricional,clasificacion a y b,2004-12-01,2,2,2,2,4
30201,AIQUILE,estado nutricional,clasificacion a y b,2004-12-01,10,2,10,2,12
31303,ALALAY,estado nutricional,clasificacion a y b,2004-12-01,4,2,4,2,6
10404,ALCALA,estado nutricional,clasificacion a y b,2004-12-01,10,1,10,1,11
20202,ANCORAIMES,estado nutricional,clasificacion a y b,2004-12-01,0,2,0,2,2
41201,ANDAMARCA,estado nutricional,clasificacion a y b,2004-12-01,3,0,3,0,3
20701,APOLO,estado nutricional,clasificacion a y b,2004-12-01,4,4,4,4,8
51301,ARAMPAMPA,estado nutricional,clasificacion a y b,2004-12-01,0,3,0,3,3
30501,ARANI,estado nutricional,clasificacion a y b,2004-12-01,15,4,15,4,19
30403,ARBIETO,estado nutricional,clasificacion a y b,2004-12-01,8,2,8,2,10
30601,ARQUE,estado nutricional,clasificacion a y b,2004-12-01,4,0,4,0,4
50802,ATOCHA,estado nutricional,clasificacion a y b,2004-12-01,11,4,11,4,15
20503,AUCAPATA,estado nutricional,clasificacion a y b,2004-12-01,6,0,6,0,6
20502,AYATA,estado nutricional,clasificacion a y b,2004-12-01,4,0,4,0,4
21303,AYO AYO,estado nutricional,clasificacion a y b,2004-12-01,18,5,18,5,23
30301,AYOPAYA (V. DE INDEPENDENCIA),estado nutricional,clasificacion a y b,2004-12-01,24,5,24,5,29
10201,AZURDUY,estado nutricional,clasificacion a y b,2004-12-01,9,0,9,0,9
21203,BATALLAS,estado nutricional,clasificacion a y b,2004-12-01,15,5,15,5,20
80802,BAURES,estado nutricional,clasificacion a y b,2004-12-01,12,2,12,2,14
50104,BELEN DE URMIRI,estado nutricional,clasificacion a y b,2004-12-01,4,0,4,0,4
90104,BELLA FLOR,estado nutricional,clasificacion a y b,2004-12-01,0,1,0,1,1
60202,BERMEJO,estado nutricional,clasificacion a y b,2004-12-01,30,11,30,11,41
50301,BETANZOS,estado nutricional,clasificacion a y b,2004-12-01,18,2,18,2,20
31501,BOLIVAR,estado nutricional,clasificacion a y b,2004-12-01,4,3,4,3,7
90103,BOLPEBRA,estado nutricional,clasificacion a y b,2004-12-01,16,2,16,2,18
70707,BOYUIBE,estado nutricional,clasificacion a y b,2004-12-01,20,2,20,2,22
70401,BUENA VISTA,estado nutricional,clasificacion a y b,2004-12-01,51,50,51,50,101
70703,CABEZAS,estado nutricional,clasificacion a y b,2004-12-01,45,18,45,18,63
20905,CAIROMA,estado nutricional,clasificacion a y b,2004-12-01,7,1,7,1,8
51102,"CAIZA ""D""",estado nutricional,clasificacion a y b,2004-12-01,8,1,8,1,9
21003,CAJUATA,estado nutricional,clasificacion a y b,2004-12-01,30,3,30,3,33
20303,CALACOTO,estado nutricional,clasificacion a y b,2004-12-01,2,0,2,0,2
21304,CALAMARCA,estado nutricional,clasificacion a y b,2004-12-01,10,0,10,0,10
10701,CAMARGO,estado nutricional,clasificacion a y b,2004-12-01,14,3,14,3,17
10901,CAMATAQUI (C. VILLA ABECIA),estado nutricional,clasificacion a y b,2004-12-01,8,1,8,1,9
70706,CAMIRI,estado nutricional,clasificacion a y b,2004-12-01,149,31,149,31,180
30701,CAPINOTA,estado nutricional,clasificacion a y b,2004-12-01,23,8,23,8,31
20302,CAQUIAVIRI,estado nutricional,clasificacion a y b,2004-12-01,21,6,21,6,27
40102,CARACOLLO,estado nutricional,clasificacion a y b,2004-12-01,31,14,31,14,45
22001,CARANAVI,estado nutricional,clasificacion a y b,2004-12-01,113,13,113,13,126
60302,CARAPARI,estado nutricional,clasificacion a y b,2004-12-01,41,6,41,6,47
50702,CARIPUYO,estado nutricional,clasificacion a y b,2004-12-01,4,2,4,2,6
40201,CHALLAPATA,estado nutricional,clasificacion a y b,2004-12-01,6,0,6,0,6
50302,CHAQUI,estado nutricional,clasificacion a y b,2004-12-01,11,5,11,5,16
20305,CHARAÑA,estado nutricional,clasificacion a y b,2004-12-01,1,1,1,1,2
50202,CHAYANTA,estado nutricional,clasificacion a y b,2004-12-01,19,5,19,5,24
31204,CHIMORE,estado nutricional,clasificacion a y b,2004-12-01,35,9,35,9,44
40903,CHIPAYA,estado nutricional,clasificacion a y b,2004-12-01,3,0,3,0,3
21101,CHULUMANI (V. DE LA LIBERTAD),estado nutricional,clasificacion a y b,2004-12-01,6,1,6,1,7
20501,CHUMA,estado nutricional,clasificacion a y b,2004-12-01,14,0,14,0,14
30801,CLIZA,estado nutricional,clasificacion a y b,2004-12-01,51,12,51,12,63
90101,COBIJA,estado nutricional,clasificacion a y b,2004-12-01,112,15,112,15,127
30101,COCHABAMBA,estado nutricional,clasificacion a y b,2004-12-01,587,62,587,62,649
30905,COLCAPIRHUA,estado nutricional,clasificacion a y b,2004-12-01,31,2,31,2,33
50901,"COLCHA ""K""",estado nutricional,clasificacion a y b,2004-12-01,25,28,25,28,53
31002,COLOMI,estado nutricional,clasificacion a y b,2004-12-01,15,1,15,1,16
50401,COLQUECHACA,estado nutricional,clasificacion a y b,2004-12-01,5,2,5,2,7
21306,COLQUENCHA,estado nutricional,clasificacion a y b,2004-12-01,6,13,6,13,19
21004,COLQUIRI,estado nutricional,clasificacion a y b,2004-12-01,15,7,15,7,22
20304,COMANCHE,estado nutricional,clasificacion a y b,2004-12-01,1,0,1,0,1
71301,COMARAPA,estado nutricional,clasificacion a y b,2004-12-01,126,22,126,22,148
20605,COMBAYA,estado nutricional,clasificacion a y b,2004-12-01,1,0,1,0,1
71101,CONCEPCION,estado nutricional,clasificacion a y b,2004-12-01,3,0,3,0,3
21701,COPACABANA,estado nutricional,clasificacion a y b,2004-12-01,7,2,7,2,9
21402,CORIPATA,estado nutricional,clasificacion a y b,2004-12-01,37,1,37,1,38
20301,CORO CORO,estado nutricional,clasificacion a y b,2004-12-01,7,1,7,1,8
21401,COROICO,estado nutricional,clasificacion a y b,2004-12-01,6,6,6,6,12
40301,CORQUE,estado nutricional,clasificacion a y b,2004-12-01,6,0,6,0,6
50601,COTAGAITA,estado nutricional,clasificacion a y b,2004-12-01,10,2,10,2,12
70102,COTOCA,estado nutricional,clasificacion a y b,2004-12-01,154,45,154,45,199
31405,CUCHUMUELA (V. G. VILLARROEL),estado nutricional,clasificacion a y b,2004-12-01,3,0,3,0,3
70704,CUEVO,estado nutricional,clasificacion a y b,2004-12-01,2,0,2,0,2
10902,CULPINA,estado nutricional,clasificacion a y b,2004-12-01,19,4,19,4,23
40401,CURAHUARA DE CARANGAS,estado nutricional,clasificacion a y b,2004-12-01,1,0,1,0,1
21602,CURVA,estado nutricional,clasificacion a y b,2004-12-01,1,0,1,0,1
20804,DESAGUADERO,estado nutricional,clasificacion a y b,2004-12-01,2,0,2,0,2
20105,EL ALTO,estado nutricional,clasificacion a y b,2004-12-01,834,194,834,194,1028
40103,EL CHORO,estado nutricional,clasificacion a y b,2004-12-01,2,1,2,1,3
60502,EL PUENTE(TJA),estado nutricional,clasificacion a y b,2004-12-01,18,3,18,3,21
70105,EL TORNO,estado nutricional,clasificacion a y b,2004-12-01,104,15,104,15,119
10405,EL VILLAR,estado nutricional,clasificacion a y b,2004-12-01,7,4,7,4,11
60601,ENTRE RIOS,estado nutricional,clasificacion a y b,2004-12-01,49,10,49,10,59
41101,EUCALIPTUS,estado nutricional,clasificacion a y b,2004-12-01,5,3,5,3,8
90503,EUREKA (SANTOS MERCADO),estado nutricional,clasificacion a y b,2004-12-01,1,0,1,0,1
80402,EXALTACION,estado nutricional,clasificacion a y b,2004-12-01,18,11,18,11,29
90203,FILADELFIA,estado nutricional,clasificacion a y b,2004-12-01,5,2,5,2,7
71002,GENERAL SAAVEDRA,estado nutricional,clasificacion a y b,2004-12-01,46,20,46,20,66
21601,GRAL. J.J. PEREZ (CHARAZANI),estado nutricional,clasificacion a y b,2004-12-01,5,1,5,1,6
20602,GUANAY,estado nutricional,clasificacion a y b,2004-12-01,119,54,119,54,173
20802,GUAQUI,estado nutricional,clasificacion a y b,2004-12-01,9,2,9,2,11
80202,GUAYARAMERIN,estado nutricional,clasificacion a y b,2004-12-01,169,22,169,22,191
70705,GUTIERREZ,estado nutricional,clasificacion a y b,2004-12-01,73,26,73,26,99
10502,HUACARETA,estado nutricional,clasificacion a y b,2004-12-01,21,7,21,7,28
11002,HUACAYA (VILLA DE HUACAYA),estado nutricional,clasificacion a y b,2004-12-01,10,3,10,3,13
40501,HUACHACALLA,estado nutricional,clasificacion a y b,2004-12-01,5,3,5,3,8
40701,HUANUNI,estado nutricional,clasificacion a y b,2004-12-01,84,3,84,3,87
80803,HUARACAJE,estado nutricional,clasificacion a y b,2004-12-01,9,5,9,5,14
41601,HUAYLLAMARCA,estado nutricional,clasificacion a y b,2004-12-01,2,0,2,0,2
21005,ICHOCA,estado nutricional,clasificacion a y b,2004-12-01,4,1,4,1,5
10304,ICLA,estado nutricional,clasificacion a y b,2004-12-01,10,1,10,1,11
10703,INCAHUASI,estado nutricional,clasificacion a y b,2004-12-01,49,11,49,11,60
21001,INQUISIVI,estado nutricional,clasificacion a y b,2004-12-01,13,4,13,4,17
21102,IRUPANA (VILLA DE LANZA),estado nutricional,clasificacion a y b,2004-12-01,61,22,61,22,83
21501,IXIAMAS,estado nutricional,clasificacion a y b,2004-12-01,24,1,24,1,25
21105,LA ASUNTA,estado nutricional,clasificacion a y b,2004-12-01,35,1,35,1,36
70104,LA GUARDIA,estado nutricional,clasificacion a y b,2004-12-01,140,23,140,23,163
20101,LA PAZ,estado nutricional,clasificacion a y b,2004-12-01,698,218,698,218,916
70701,LAGUNILLAS,estado nutricional,clasificacion a y b,2004-12-01,25,10,25,10,35
21202,LAJA,estado nutricional,clasificacion a y b,2004-12-01,29,12,29,12,41
10903,LAS CARRERAS,estado nutricional,clasificacion a y b,2004-12-01,9,3,9,3,12
50203,LLALLAGUA,estado nutricional,clasificacion a y b,2004-12-01,68,34,68,34,102
51401,LLICA,estado nutricional,clasificacion a y b,2004-12-01,4,3,4,3,7
80601,LORETO,estado nutricional,clasificacion a y b,2004-12-01,5,5,5,5,10
20901,LURIBAY,estado nutricional,clasificacion a y b,2004-12-01,4,2,4,2,6
40702,MACHACAMARCA,estado nutricional,clasificacion a y b,2004-12-01,9,9,9,9,18
11003,MACHARETI,estado nutricional,clasificacion a y b,2004-12-01,34,26,34,26,60
80801,MAGDALENA,estado nutricional,clasificacion a y b,2004-12-01,17,3,17,3,20
70903,MAIRANA,estado nutricional,clasificacion a y b,2004-12-01,39,9,39,9,48
20904,MALLA,estado nutricional,clasificacion a y b,2004-12-01,4,0,4,0,4
20103,MECAPACA,estado nutricional,clasificacion a y b,2004-12-01,18,3,18,3,21
71003,MINEROS,estado nutricional,clasificacion a y b,2004-12-01,259,58,259,58,317
31301,MIZQUE,estado nutricional,clasificacion a y b,2004-12-01,39,52,39,52,91
20402,MOCOMOCO,estado nutricional,clasificacion a y b,2004-12-01,7,4,7,4,11
51002,MOJINETE,estado nutricional,clasificacion a y b,2004-12-01,4,1,4,1,5
10303,MOJOCOYA,estado nutricional,clasificacion a y b,2004-12-01,27,8,27,8,35
10501,MONTEAGUDO,estado nutricional,clasificacion a y b,2004-12-01,104,37,104,37,141
71001,MONTERO,estado nutricional,clasificacion a y b,2004-12-01,420,116,420,116,536
70803,MORO MORO,estado nutricional,clasificacion a y b,2004-12-01,5,0,5,0,5
30302,MOROCHATA,estado nutricional,clasificacion a y b,2004-12-01,39,6,39,6,45
90501,NUEVO MANOA (NUEVA ESPERANZA),estado nutricional,clasificacion a y b,2004-12-01,1,0,1,0,1
50404,OCURI,estado nutricional,clasificacion a y b,2004-12-01,11,4,11,4,15
70202,OKINAWA,estado nutricional,clasificacion a y b,2004-12-01,37,17,37,17,54
30203,OMEREQUE,estado nutricional,clasificacion a y b,2004-12-01,11,3,11,3,14
40101,ORURO,estado nutricional,clasificacion a y b,2004-12-01,388,79,388,79,467
60201,PADCAYA,estado nutricional,clasificacion a y b,2004-12-01,49,23,49,23,72
10401,PADILLA,estado nutricional,clasificacion a y b,2004-12-01,26,4,26,4,30
70502,PAILON,estado nutricional,clasificacion a y b,2004-12-01,51,16,51,16,67
20102,PALCA,estado nutricional,clasificacion a y b,2004-12-01,2,5,2,5,7
21104,PALOS BLANCOS,estado nutricional,clasificacion a y b,2004-12-01,78,12,78,12,90
40802,PAMPA AULLAGAS,estado nutricional,clasificacion a y b,2004-12-01,6,0,6,0,6
70902,PAMPA GRANDE,estado nutricional,clasificacion a y b,2004-12-01,17,2,17,2,19
21802,PAPEL PAMPA,estado nutricional,clasificacion a y b,2004-12-01,2,0,2,0,2
30202,PASORAPA,estado nutricional,clasificacion a y b,2004-12-01,9,3,9,3,12
21305,PATACAMAYA,estado nutricional,clasificacion a y b,2004-12-01,7,4,7,4,11
40602,PAZÑA,estado nutricional,clasificacion a y b,2004-12-01,14,6,14,6,20
20702,PELECHUCO,estado nutricional,clasificacion a y b,2004-12-01,2,1,2,1,3
50403,POCOATA,estado nutricional,clasificacion a y b,2004-12-01,17,6,17,6,23
31203,POCONA,estado nutricional,clasificacion a y b,2004-12-01,6,0,6,0,6
31202,POJO (CBBA),estado nutricional,clasificacion a y b,2004-12-01,144,23,144,23,167
51203,PORCO,estado nutricional,clasificacion a y b,2004-12-01,3,1,3,1,4
10103,POROMA,estado nutricional,clasificacion a y b,2004-12-01,15,6,15,6,21
70103,PORONGO,estado nutricional,clasificacion a y b,2004-12-01,14,1,14,1,15
70601,PORTACHUELO,estado nutricional,clasificacion a y b,2004-12-01,102,40,102,40,142
90102,PORVENIR,estado nutricional,clasificacion a y b,2004-12-01,21,3,21,3,24
70804,POSTRER VALLE,estado nutricional,clasificacion a y b,2004-12-01,10,1,10,1,11
50101,POTOSI,estado nutricional,clasificacion a y b,2004-12-01,123,7,123,7,130
10302,PRESTO,estado nutricional,clasificacion a y b,2004-12-01,14,1,14,1,15
70805,PUCARA,estado nutricional,clasificacion a y b,2004-12-01,4,0,4,0,4
21201,PUCARANI,estado nutricional,clasificacion a y b,2004-12-01,46,2,46,2,48
20401,PUERTO ACOSTA,estado nutricional,clasificacion a y b,2004-12-01,12,1,12,1,13
20403,PUERTO CARABUCO,estado nutricional,clasificacion a y b,2004-12-01,8,2,8,2,10
90301,PUERTO GONZALO MORENO,estado nutricional,clasificacion a y b,2004-12-01,7,0,7,0,7
21204,PUERTO PEREZ,estado nutricional,clasificacion a y b,2004-12-01,5,0,5,0,5
90201,PUERTO RICO,estado nutricional,clasificacion a y b,2004-12-01,12,2,12,2,14
80703,PUERTO SILES,estado nutricional,clasificacion a y b,2004-12-01,1,0,1,0,1
31205,PUERTO VILLARROEL,estado nutricional,clasificacion a y b,2004-12-01,202,83,202,83,285
51101,PUNA,estado nutricional,clasificacion a y b,2004-12-01,12,1,12,1,13
31401,PUNATA,estado nutricional,clasificacion a y b,2004-12-01,22,5,22,5,27
30901,QUILLACOLLO,estado nutricional,clasificacion a y b,2004-12-01,98,22,98,22,120
21002,QUIME,estado nutricional,clasificacion a y b,2004-12-01,3,1,3,1,4
70904,QUIRUSILLAS,estado nutricional,clasificacion a y b,2004-12-01,9,1,9,1,10
50402,RAVELO,estado nutricional,clasificacion a y b,2004-12-01,6,0,6,0,6
80301,REYES,estado nutricional,clasificacion a y b,2004-12-01,29,7,29,7,36
80201,RIBERALTA,estado nutricional,clasificacion a y b,2004-12-01,111,51,111,51,162
70503,ROBORE,estado nutricional,clasificacion a y b,2004-12-01,47,7,47,7,54
80304,RURRENABAQUE,estado nutricional,clasificacion a y b,2004-12-01,26,0,26,0,26
40901,SABAYA,estado nutricional,clasificacion a y b,2004-12-01,4,0,4,0,4
31001,SACABA,estado nutricional,clasificacion a y b,2004-12-01,52,0,52,0,52
50701,SACACA,estado nutricional,clasificacion a y b,2004-12-01,6,0,6,0,6
71302,SAIPINA,estado nutricional,clasificacion a y b,2004-12-01,57,28,57,28,85
40801,SALINAS DE GARCI MENDOZA,estado nutricional,clasificacion a y b,2004-12-01,12,7,12,7,19
70901,SAMAIPATA,estado nutricional,clasificacion a y b,2004-12-01,27,2,27,2,29
51601,SAN AGUSTIN,estado nutricional,clasificacion a y b,2004-12-01,7,2,7,2,9
80602,SAN ANDRES,estado nutricional,clasificacion a y b,2004-12-01,38,8,38,8,46
71105,SAN ANTONIO DE LOMERIO,estado nutricional,clasificacion a y b,2004-12-01,26,13,26,13,39
31403,SAN BENITO,estado nutricional,clasificacion a y b,2004-12-01,4,0,4,0,4
80302,SAN BORJA,estado nutricional,clasificacion a y b,2004-12-01,136,34,136,34,170
21502,SAN BUENA VENTURA,estado nutricional,clasificacion a y b,2004-12-01,19,20,19,20,39
70402,SAN CARLOS,estado nutricional,clasificacion a y b,2004-12-01,139,57,139,57,196
80501,SAN IGNACIO,estado nutricional,clasificacion a y b,2004-12-01,15,4,15,4,19
70301,SAN IGNACIO DE VELASCO,estado nutricional,clasificacion a y b,2004-12-01,169,29,169,29,198
80102,SAN JAVIER(BNI),estado nutricional,clasificacion a y b,2004-12-01,7,3,7,3,10
71102,SAN JAVIER(STC),estado nutricional,clasificacion a y b,2004-12-01,36,2,36,2,38
80701,SAN JOAQUIN,estado nutricional,clasificacion a y b,2004-12-01,9,1,9,1,10
70501,SAN JOSE DE CHIQUITOS,estado nutricional,clasificacion a y b,2004-12-01,26,6,26,6,32
71104,SAN JULIAN,estado nutricional,clasificacion a y b,2004-12-01,84,20,84,20,104
90302,SAN LORENZO(PND),estado nutricional,clasificacion a y b,2004-12-01,7,1,7,1,8
60501,SAN LORENZO(TJA),estado nutricional,clasificacion a y b,2004-12-01,31,12,31,12,43
10702,SAN LUCAS,estado nutricional,clasificacion a y b,2004-12-01,30,3,30,3,33
70302,SAN MIGUEL DE VELASCO,estado nutricional,clasificacion a y b,2004-12-01,37,4,37,4,41
51001,SAN PABLO DE LIPEZ,estado nutricional,clasificacion a y b,2004-12-01,3,1,3,1,4
50501,SAN PEDRO DE BUENA VISTA,estado nutricional,clasificacion a y b,2004-12-01,4,7,4,7,11
21801,SAN PEDRO DE CURAHUARA,estado nutricional,clasificacion a y b,2004-12-01,11,1,11,1,12
50902,SAN PEDRO DE QUEMES,estado nutricional,clasificacion a y b,2004-12-01,1,0,1,0,1
21702,SAN PEDRO DE TIQUINA,estado nutricional,clasificacion a y b,2004-12-01,6,0,6,0,6
90202,SAN PEDRO(PND),estado nutricional,clasificacion a y b,2004-12-01,3,2,3,2,5
70303,SAN RAFAEL,estado nutricional,clasificacion a y b,2004-12-01,12,3,12,3,15
80702,SAN RAMON,estado nutricional,clasificacion a y b,2004-12-01,14,7,14,7,21
80702,SAN RAMON,estado nutricional,clasificacion a y b,2004-12-01,23,5,23,5,28
80401,SANTA ANA,estado nutricional,clasificacion a y b,2004-12-01,92,22,92,22,114
70101,SANTA CRUZ DE LA SIERRA,estado nutricional,clasificacion a y b,2004-12-01,3232,992,3232,992,4224
80303,SANTA ROSA,estado nutricional,clasificacion a y b,2004-12-01,30,13,30,13,43
70602,SANTA ROSA DEL SARA,estado nutricional,clasificacion a y b,2004-12-01,27,18,27,18,45
20308,SANTIAGO DE CALLAPA,estado nutricional,clasificacion a y b,2004-12-01,5,1,5,1,6
41401,SANTIAGO DE HUARI,estado nutricional,clasificacion a y b,2004-12-01,6,0,6,0,6
21901,SANTIAGO DE MACHACA,estado nutricional,clasificacion a y b,2004-12-01,2,0,2,0,2
30702,SANTIVAÑES,estado nutricional,clasificacion a y b,2004-12-01,0,1,0,1,1
40202,SANTUARIO DE QUILLACAS,estado nutricional,clasificacion a y b,2004-12-01,1,0,1,0,1
20902,SAPAHAQUI,estado nutricional,clasificacion a y b,2004-12-01,9,0,9,0,9
90303,SENA,estado nutricional,clasificacion a y b,2004-12-01,2,1,2,1,3
21301,SICA SICA (VILLA AROMA),estado nutricional,clasificacion a y b,2004-12-01,11,0,11,0,11
30902,SIPE SIPE,estado nutricional,clasificacion a y b,2004-12-01,63,10,63,10,73
10403,SOPACHUY,estado nutricional,clasificacion a y b,2004-12-01,5,0,5,0,5
20601,SORATA,estado nutricional,clasificacion a y b,2004-12-01,15,3,15,3,18
10101,SUCRE,estado nutricional,clasificacion a y b,2004-12-01,366,104,366,104,470
31404,TACACHI,estado nutricional,clasificacion a y b,2004-12-01,1,0,1,0,1
20603,TACACOMA,estado nutricional,clasificacion a y b,2004-12-01,4,0,4,0,4
50303,TACOBAMBA,estado nutricional,clasificacion a y b,2004-12-01,12,2,12,2,14
30602,TACOPAYA,estado nutricional,clasificacion a y b,2004-12-01,1,0,1,0,1
51402,TAHUA,estado nutricional,clasificacion a y b,2004-12-01,1,1,1,1,2
31101,TAPACARI,estado nutricional,clasificacion a y b,2004-12-01,6,0,6,0,6
10601,TARABUCO,estado nutricional,clasificacion a y b,2004-12-01,45,3,45,3,48
30401,TARATA,estado nutricional,clasificacion a y b,2004-12-01,17,1,17,1,18
60101,TARIJA,estado nutricional,clasificacion a y b,2004-12-01,584,159,584,159,743
10202,TARVITA,estado nutricional,clasificacion a y b,2004-12-01,11,0,11,0,11
20803,TIAWANACU,estado nutricional,clasificacion a y b,2004-12-01,20,3,20,3,23
50102,TINGUIPAYA,estado nutricional,clasificacion a y b,2004-12-01,6,1,6,1,7
20606,TIPUANI,estado nutricional,clasificacion a y b,2004-12-01,18,15,18,15,33
30903,TIQUIPAYA,estado nutricional,clasificacion a y b,2004-12-01,22,16,22,16,38
31601,TIRAQUE (CBBA),estado nutricional,clasificacion a y b,2004-12-01,117,28,117,28,145
21703,TITO YUPANQUI (PARQUIPUJIO),estado nutricional,clasificacion a y b,2004-12-01,2,0,2,0,2
30803,TOLATA,estado nutricional,clasificacion a y b,2004-12-01,8,4,8,4,12
41001,TOLEDO,estado nutricional,clasificacion a y b,2004-12-01,3,0,3,0,3
51202,TOMAVE,estado nutricional,clasificacion a y b,2004-12-01,7,0,7,0,7
10402,TOMINA,estado nutricional,clasificacion a y b,2004-12-01,26,2,26,2,28
50502,TORO TORO,estado nutricional,clasificacion a y b,2004-12-01,16,2,16,2,18
31201,TOTORA(CBBA),estado nutricional,clasificacion a y b,2004-12-01,17,1,17,1,18
70802,TRIGAL,estado nutricional,clasificacion a y b,2004-12-01,9,1,9,1,10
80101,TRINIDAD,estado nutricional,clasificacion a y b,2004-12-01,274,131,274,131,405
50801,TUPIZA,estado nutricional,clasificacion a y b,2004-12-01,94,20,94,20,114
21302,UMALA,estado nutricional,clasificacion a y b,2004-12-01,5,0,5,0,5
50201,UNCIA,estado nutricional,clasificacion a y b,2004-12-01,20,18,20,18,38
60401,URIONDO (A. CONCEPCION),estado nutricional,clasificacion a y b,2004-12-01,36,17,36,17,53
51201,UYUNI,estado nutricional,clasificacion a y b,2004-12-01,35,6,35,6,41
30502,VACAS,estado nutricional,clasificacion a y b,2004-12-01,10,9,10,9,19
70801,VALLEGRANDE,estado nutricional,clasificacion a y b,2004-12-01,46,25,46,25,71
20801,VIACHA,estado nutricional,clasificacion a y b,2004-12-01,64,58,64,58,122
60303,VILLA MONTES,estado nutricional,clasificacion a y b,2004-12-01,92,13,92,13,105
31402,VILLA RIVERO,estado nutricional,clasificacion a y b,2004-12-01,17,10,17,10,27
10801,VILLA SERRANO,estado nutricional,clasificacion a y b,2004-12-01,18,4,18,4,22
31003,VILLA TUNARI,estado nutricional,clasificacion a y b,2004-12-01,105,25,105,25,130
11001,VILLA VACA GUZMAN (MUYUPAMPA),estado nutricional,clasificacion a y b,2004-12-01,38,19,38,19,57
51501,VILLAZON,estado nutricional,clasificacion a y b,2004-12-01,64,19,64,19,83
30904,VINTO,estado nutricional,clasificacion a y b,2004-12-01,11,0,11,0,11
50602,VITICHI,estado nutricional,clasificacion a y b,2004-12-01,4,2,4,2,6
70201,WARNES,estado nutricional,clasificacion a y b,2004-12-01,110,19,110,19,129
20903,YACO,estado nutricional,clasificacion a y b,2004-12-01,1,2,1,2,3
60301,YACUIBA,estado nutricional,clasificacion a y b,2004-12-01,142,24,142,24,166
10602,YAMPARAEZ,estado nutricional,clasificacion a y b,2004-12-01,29,4,29,4,33
21103,YANACACHI,estado nutricional,clasificacion a y b,2004-12-01,6,1,6,1,7
70403,YAPACANI,estado nutricional,clasificacion a y b,2004-12-01,203,23,203,23,226
50103,YOCALLA,estado nutricional,clasificacion a y b,2004-12-01,4,0,4,0,4
10102,YOTALA,estado nutricional,clasificacion a y b,2004-12-01,25,0,25,0,25
60402,YUNCHARA,estado nutricional,clasificacion a y b,2004-12-01,1,0,1,0,1
10301,ZUDAÑEZ,estado nutricional,clasificacion a y b,2004-12-01,18,11,18,11,29
