codigo_municipio,municipio,grupo,variable,mes,total-H,total-M,TOTAL-H1,TOTAL-M1,TOTAL
51302,ACACIO,estado nutricional en menores de 5 anos,clasificacion c,2001-01-01,12,202,12,202,214
20201,ACHACACHI,estado nutricional en menores de 5 anos,clasificacion c,2001-01-01,31,272,31,272,303
20104,ACHOCALLA,estado nutricional en menores de 5 anos,clasificacion c,2001-01-01,0,10,0,10,10
30201,AIQUILE,estado nutricional en menores de 5 anos,clasificacion c,2001-01-01,21,64,21,64,85
31303,ALALAY,estado nutricional en menores de 5 anos,clasificacion c,2001-01-01,16,3,16,3,19
10404,ALCALA,estado nutricional en menores de 5 anos,clasificacion c,2001-01-01,6,94,6,94,100
20202,ANCORAIMES,estado nutricional en menores de 5 anos,clasificacion c,2001-01-01,25,276,25,276,301
41201,ANDAMARCA,estado nutricional en menores de 5 anos,clasificacion c,2001-01-01,6,16,6,16,22
40603,ANTEQUERA,estado nutricional en menores de 5 anos,clasificacion c,2001-01-01,5,27,5,27,32
20701,APOLO,estado nutricional en menores de 5 anos,clasificacion c,2001-01-01,27,2,27,2,29
51301,ARAMPAMPA,estado nutricional en menores de 5 anos,clasificacion c,2001-01-01,3,10,3,10,13
30501,ARANI,estado nutricional en menores de 5 anos,clasificacion c,2001-01-01,15,122,15,122,137
30601,ARQUE,estado nutricional en menores de 5 anos,clasificacion c,2001-01-01,2,1,2,1,3
71501,ASCENCION DE GUARAYOS,estado nutricional en menores de 5 anos,clasificacion c,2001-01-01,0,42,0,42,42
50802,ATOCHA,estado nutricional en menores de 5 anos,clasificacion c,2001-01-01,0,15,0,15,15
20503,AUCAPATA,estado nutricional en menores de 5 anos,clasificacion c,2001-01-01,29,6,29,6,35
30301,AYOPAYA (V. DE INDEPENDENCIA),estado nutricional en menores de 5 anos,clasificacion c,2001-01-01,15,146,15,146,161
10201,AZURDUY,estado nutricional en menores de 5 anos,clasificacion c,2001-01-01,14,137,14,137,151
21203,BATALLAS,estado nutricional en menores de 5 anos,clasificacion c,2001-01-01,16,29,16,29,45
80802,BAURES,estado nutricional en menores de 5 anos,clasificacion c,2001-01-01,2,137,2,137,139
41202,BELEN DE ANDAMARCA,estado nutricional en menores de 5 anos,clasificacion c,2001-01-01,2,13,2,13,15
50104,BELEN DE URMIRI,estado nutricional en menores de 5 anos,clasificacion c,2001-01-01,8,22,8,22,30
90104,BELLA FLOR,estado nutricional en menores de 5 anos,clasificacion c,2001-01-01,11,42,11,42,53
60202,BERMEJO,estado nutricional en menores de 5 anos,clasificacion c,2001-01-01,28,203,28,203,231
50301,BETANZOS,estado nutricional en menores de 5 anos,clasificacion c,2001-01-01,72,493,72,493,565
31501,BOLIVAR,estado nutricional en menores de 5 anos,clasificacion c,2001-01-01,4,68,4,68,72
90103,BOLPEBRA,estado nutricional en menores de 5 anos,clasificacion c,2001-01-01,0,28,0,28,28
70707,BOYUIBE,estado nutricional en menores de 5 anos,clasificacion c,2001-01-01,4,36,4,36,40
70703,CABEZAS,estado nutricional en menores de 5 anos,clasificacion c,2001-01-01,75,95,75,95,170
20905,CAIROMA,estado nutricional en menores de 5 anos,clasificacion c,2001-01-01,51,20,51,20,71
51102,"CAIZA ""D""",estado nutricional en menores de 5 anos,clasificacion c,2001-01-01,0,62,0,62,62
21003,CAJUATA,estado nutricional en menores de 5 anos,clasificacion c,2001-01-01,6,107,6,107,113
20303,CALACOTO,estado nutricional en menores de 5 anos,clasificacion c,2001-01-01,2,10,2,10,12
21304,CALAMARCA,estado nutricional en menores de 5 anos,clasificacion c,2001-01-01,8,66,8,66,74
10701,CAMARGO,estado nutricional en menores de 5 anos,clasificacion c,2001-01-01,13,173,13,173,186
10901,CAMATAQUI (C. VILLA ABECIA),estado nutricional en menores de 5 anos,clasificacion c,2001-01-01,0,64,0,64,64
70706,CAMIRI,estado nutricional en menores de 5 anos,clasificacion c,2001-01-01,28,723,28,723,751
30701,CAPINOTA,estado nutricional en menores de 5 anos,clasificacion c,2001-01-01,47,126,47,126,173
20302,CAQUIAVIRI,estado nutricional en menores de 5 anos,clasificacion c,2001-01-01,7,63,7,63,70
40102,CARACOLLO,estado nutricional en menores de 5 anos,clasificacion c,2001-01-01,7,145,7,145,152
22001,CARANAVI,estado nutricional en menores de 5 anos,clasificacion c,2001-01-01,27,320,27,320,347
60302,CARAPARI,estado nutricional en menores de 5 anos,clasificacion c,2001-01-01,27,184,27,184,211
50702,CARIPUYO,estado nutricional en menores de 5 anos,clasificacion c,2001-01-01,5,49,5,49,54
21902,CATACORA,estado nutricional en menores de 5 anos,clasificacion c,2001-01-01,0,4,0,4,4
40201,CHALLAPATA,estado nutricional en menores de 5 anos,clasificacion c,2001-01-01,13,104,13,104,117
50302,CHAQUI,estado nutricional en menores de 5 anos,clasificacion c,2001-01-01,13,177,13,177,190
70702,CHARAGUA,estado nutricional en menores de 5 anos,clasificacion c,2001-01-01,193,353,193,353,546
20305,CHARAÃ‘A,estado nutricional en menores de 5 anos,clasificacion c,2001-01-01,9,7,9,7,16
50202,CHAYANTA,estado nutricional en menores de 5 anos,clasificacion c,2001-01-01,36,207,36,207,243
31204,CHIMORE,estado nutricional en menores de 5 anos,clasificacion c,2001-01-01,6,110,6,110,116
40903,CHIPAYA,estado nutricional en menores de 5 anos,clasificacion c,2001-01-01,4,11,4,11,15
21101,CHULUMANI (V. DE LA LIBERTAD),estado nutricional en menores de 5 anos,clasificacion c,2001-01-01,11,82,11,82,93
20501,CHUMA,estado nutricional en menores de 5 anos,clasificacion c,2001-01-01,2,36,2,36,38
90101,COBIJA,estado nutricional en menores de 5 anos,clasificacion c,2001-01-01,30,296,30,296,326
30101,COCHABAMBA,estado nutricional en menores de 5 anos,clasificacion c,2001-01-01,993,1414,993,1414,2407
30905,COLCAPIRHUA,estado nutricional en menores de 5 anos,clasificacion c,2001-01-01,34,250,34,250,284
50901,"COLCHA ""K""",estado nutricional en menores de 5 anos,clasificacion c,2001-01-01,13,145,13,145,158
31002,COLOMI,estado nutricional en menores de 5 anos,clasificacion c,2001-01-01,19,107,19,107,126
70603,COLPA BELGICA,estado nutricional en menores de 5 anos,clasificacion c,2001-01-01,22,19,22,19,41
50401,COLQUECHACA,estado nutricional en menores de 5 anos,clasificacion c,2001-01-01,29,189,29,189,218
21306,COLQUENCHA,estado nutricional en menores de 5 anos,clasificacion c,2001-01-01,6,53,6,53,59
21004,COLQUIRI,estado nutricional en menores de 5 anos,clasificacion c,2001-01-01,28,349,28,349,377
20304,COMANCHE,estado nutricional en menores de 5 anos,clasificacion c,2001-01-01,0,21,0,21,21
71301,COMARAPA,estado nutricional en menores de 5 anos,clasificacion c,2001-01-01,1,59,1,59,60
20605,COMBAYA,estado nutricional en menores de 5 anos,clasificacion c,2001-01-01,2,54,2,54,56
71101,CONCEPCION,estado nutricional en menores de 5 anos,clasificacion c,2001-01-01,88,0,88,0,88
21701,COPACABANA,estado nutricional en menores de 5 anos,clasificacion c,2001-01-01,12,103,12,103,115
21402,CORIPATA,estado nutricional en menores de 5 anos,clasificacion c,2001-01-01,1,12,1,12,13
20301,CORO CORO,estado nutricional en menores de 5 anos,clasificacion c,2001-01-01,10,54,10,54,64
21401,COROICO,estado nutricional en menores de 5 anos,clasificacion c,2001-01-01,8,32,8,32,40
40301,CORQUE,estado nutricional en menores de 5 anos,clasificacion c,2001-01-01,9,40,9,40,49
50601,COTAGAITA,estado nutricional en menores de 5 anos,clasificacion c,2001-01-01,9,115,9,115,124
31405,CUCHUMUELA (V. G. VILLARROEL),estado nutricional en menores de 5 anos,clasificacion c,2001-01-01,3,0,3,0,3
70704,CUEVO,estado nutricional en menores de 5 anos,clasificacion c,2001-01-01,48,171,48,171,219
10902,CULPINA,estado nutricional en menores de 5 anos,clasificacion c,2001-01-01,25,322,25,322,347
40401,CURAHUARA DE CARANGAS,estado nutricional en menores de 5 anos,clasificacion c,2001-01-01,0,34,0,34,34
21602,CURVA,estado nutricional en menores de 5 anos,clasificacion c,2001-01-01,0,11,0,11,11
20804,DESAGUADERO,estado nutricional en menores de 5 anos,clasificacion c,2001-01-01,12,45,12,45,57
20105,EL ALTO,estado nutricional en menores de 5 anos,clasificacion c,2001-01-01,758,3318,758,3318,4076
40103,EL CHORO,estado nutricional en menores de 5 anos,clasificacion c,2001-01-01,2,1,2,1,3
71503,EL PUENTE(STC),estado nutricional en menores de 5 anos,clasificacion c,2001-01-01,5,185,5,185,190
60502,EL PUENTE(TJA),estado nutricional en menores de 5 anos,clasificacion c,2001-01-01,11,146,11,146,157
70105,EL TORNO,estado nutricional en menores de 5 anos,clasificacion c,2001-01-01,71,285,71,285,356
10405,EL VILLAR,estado nutricional en menores de 5 anos,clasificacion c,2001-01-01,35,219,35,219,254
60601,ENTRE RIOS,estado nutricional en menores de 5 anos,clasificacion c,2001-01-01,27,268,27,268,295
41101,EUCALIPTUS,estado nutricional en menores de 5 anos,clasificacion c,2001-01-01,11,47,11,47,58
80402,EXALTACION,estado nutricional en menores de 5 anos,clasificacion c,2001-01-01,4,0,4,0,4
90203,FILADELFIA,estado nutricional en menores de 5 anos,clasificacion c,2001-01-01,3,14,3,14,17
71002,GENERAL SAAVEDRA,estado nutricional en menores de 5 anos,clasificacion c,2001-01-01,204,280,204,280,484
21601,GRAL. J.J. PEREZ (CHARAZANI),estado nutricional en menores de 5 anos,clasificacion c,2001-01-01,0,26,0,26,26
20602,GUANAY,estado nutricional en menores de 5 anos,clasificacion c,2001-01-01,39,97,39,97,136
20802,GUAQUI,estado nutricional en menores de 5 anos,clasificacion c,2001-01-01,4,15,4,15,19
80202,GUAYARAMERIN,estado nutricional en menores de 5 anos,clasificacion c,2001-01-01,73,415,73,415,488
70705,GUTIERREZ,estado nutricional en menores de 5 anos,clasificacion c,2001-01-01,42,430,42,430,472
10502,HUACARETA,estado nutricional en menores de 5 anos,clasificacion c,2001-01-01,20,381,20,381,401
11002,HUACAYA (VILLA DE HUACAYA),estado nutricional en menores de 5 anos,clasificacion c,2001-01-01,11,15,11,15,26
40501,HUACHACALLA,estado nutricional en menores de 5 anos,clasificacion c,2001-01-01,3,13,3,13,16
40701,HUANUNI,estado nutricional en menores de 5 anos,clasificacion c,2001-01-01,34,102,34,102,136
80803,HUARACAJE,estado nutricional en menores de 5 anos,clasificacion c,2001-01-01,1,34,1,34,35
41601,HUAYLLAMARCA,estado nutricional en menores de 5 anos,clasificacion c,2001-01-01,20,19,20,19,39
21005,ICHOCA,estado nutricional en menores de 5 anos,clasificacion c,2001-01-01,6,90,6,90,96
10304,ICLA,estado nutricional en menores de 5 anos,clasificacion c,2001-01-01,39,338,39,338,377
10703,INCAHUASI,estado nutricional en menores de 5 anos,clasificacion c,2001-01-01,13,210,13,210,223
21001,INQUISIVI,estado nutricional en menores de 5 anos,clasificacion c,2001-01-01,2,246,2,246,248
21102,IRUPANA (VILLA DE LANZA),estado nutricional en menores de 5 anos,clasificacion c,2001-01-01,10,202,10,202,212
21501,IXIAMAS,estado nutricional en menores de 5 anos,clasificacion c,2001-01-01,3,15,3,15,18
21105,LA ASUNTA,estado nutricional en menores de 5 anos,clasificacion c,2001-01-01,11,82,11,82,93
70104,LA GUARDIA,estado nutricional en menores de 5 anos,clasificacion c,2001-01-01,116,884,116,884,1000
20101,LA PAZ,estado nutricional en menores de 5 anos,clasificacion c,2001-01-01,497,2390,497,2390,2887
41501,LA RIVERA,estado nutricional en menores de 5 anos,clasificacion c,2001-01-01,0,5,0,5,5
70701,LAGUNILLAS,estado nutricional en menores de 5 anos,clasificacion c,2001-01-01,19,127,19,127,146
21202,LAJA,estado nutricional en menores de 5 anos,clasificacion c,2001-01-01,2,53,2,53,55
10903,LAS CARRERAS,estado nutricional en menores de 5 anos,clasificacion c,2001-01-01,14,178,14,178,192
21006,LICOMA PAMPA,estado nutricional en menores de 5 anos,clasificacion c,2001-01-01,3,47,3,47,50
50203,LLALLAGUA,estado nutricional en menores de 5 anos,clasificacion c,2001-01-01,7,38,7,38,45
51401,LLICA,estado nutricional en menores de 5 anos,clasificacion c,2001-01-01,7,65,7,65,72
80601,LORETO,estado nutricional en menores de 5 anos,clasificacion c,2001-01-01,0,37,0,37,37
40702,MACHACAMARCA,estado nutricional en menores de 5 anos,clasificacion c,2001-01-01,4,49,4,49,53
11003,MACHARETI,estado nutricional en menores de 5 anos,clasificacion c,2001-01-01,29,389,29,389,418
80801,MAGDALENA,estado nutricional en menores de 5 anos,clasificacion c,2001-01-01,18,99,18,99,117
70903,MAIRANA,estado nutricional en menores de 5 anos,clasificacion c,2001-01-01,30,127,30,127,157
71003,MINEROS,estado nutricional en menores de 5 anos,clasificacion c,2001-01-01,98,961,98,961,1059
31301,MIZQUE,estado nutricional en menores de 5 anos,clasificacion c,2001-01-01,87,37,87,37,124
20402,MOCOMOCO,estado nutricional en menores de 5 anos,clasificacion c,2001-01-01,16,63,16,63,79
51002,MOJINETE,estado nutricional en menores de 5 anos,clasificacion c,2001-01-01,2,11,2,11,13
10303,MOJOCOYA,estado nutricional en menores de 5 anos,clasificacion c,2001-01-01,20,202,20,202,222
10501,MONTEAGUDO,estado nutricional en menores de 5 anos,clasificacion c,2001-01-01,113,824,113,824,937
71001,MONTERO,estado nutricional en menores de 5 anos,clasificacion c,2001-01-01,158,1291,158,1291,1449
70803,MORO MORO,estado nutricional en menores de 5 anos,clasificacion c,2001-01-01,2,44,2,44,46
30302,MOROCHATA,estado nutricional en menores de 5 anos,clasificacion c,2001-01-01,11,63,11,63,74
90401,NACEBE (SANTA ROSA DEL ABUNA),estado nutricional en menores de 5 anos,clasificacion c,2001-01-01,0,7,0,7,7
20307,NAZACARA DE PACAJES,estado nutricional en menores de 5 anos,clasificacion c,2001-01-01,1,1,1,1,2
50404,OCURI,estado nutricional en menores de 5 anos,clasificacion c,2001-01-01,9,49,9,49,58
70202,OKINAWA,estado nutricional en menores de 5 anos,clasificacion c,2001-01-01,2,14,2,14,16
30203,OMEREQUE,estado nutricional en menores de 5 anos,clasificacion c,2001-01-01,0,88,0,88,88
40101,ORURO,estado nutricional en menores de 5 anos,clasificacion c,2001-01-01,277,1485,277,1485,1762
60201,PADCAYA,estado nutricional en menores de 5 anos,clasificacion c,2001-01-01,8,220,8,220,228
10401,PADILLA,estado nutricional en menores de 5 anos,clasificacion c,2001-01-01,12,366,12,366,378
70502,PAILON,estado nutricional en menores de 5 anos,clasificacion c,2001-01-01,6,27,6,27,33
20102,PALCA,estado nutricional en menores de 5 anos,clasificacion c,2001-01-01,0,4,0,4,4
21104,PALOS BLANCOS,estado nutricional en menores de 5 anos,clasificacion c,2001-01-01,13,326,13,326,339
40802,PAMPA AULLAGAS,estado nutricional en menores de 5 anos,clasificacion c,2001-01-01,4,31,4,31,35
70902,PAMPA GRANDE,estado nutricional en menores de 5 anos,clasificacion c,2001-01-01,10,122,10,122,132
30202,PASORAPA,estado nutricional en menores de 5 anos,clasificacion c,2001-01-01,1,106,1,106,107
40602,PAZÃ‘A,estado nutricional en menores de 5 anos,clasificacion c,2001-01-01,15,34,15,34,49
20702,PELECHUCO,estado nutricional en menores de 5 anos,clasificacion c,2001-01-01,6,13,6,13,19
50403,POCOATA,estado nutricional en menores de 5 anos,clasificacion c,2001-01-01,22,213,22,213,235
31203,POCONA,estado nutricional en menores de 5 anos,clasificacion c,2001-01-01,32,101,32,101,133
31202,POJO (CBBA),estado nutricional en menores de 5 anos,clasificacion c,2001-01-01,32,341,32,341,373
40601,POOPO,estado nutricional en menores de 5 anos,clasificacion c,2001-01-01,32,27,32,27,59
51203,PORCO,estado nutricional en menores de 5 anos,clasificacion c,2001-01-01,3,35,3,35,38
10103,POROMA,estado nutricional en menores de 5 anos,clasificacion c,2001-01-01,78,227,78,227,305
70103,PORONGO,estado nutricional en menores de 5 anos,clasificacion c,2001-01-01,2,135,2,135,137
70601,PORTACHUELO,estado nutricional en menores de 5 anos,clasificacion c,2001-01-01,32,48,32,48,80
90102,PORVENIR,estado nutricional en menores de 5 anos,clasificacion c,2001-01-01,3,133,3,133,136
50101,POTOSI,estado nutricional en menores de 5 anos,clasificacion c,2001-01-01,170,1022,170,1022,1192
10302,PRESTO,estado nutricional en menores de 5 anos,clasificacion c,2001-01-01,9,172,9,172,181
70805,PUCARA,estado nutricional en menores de 5 anos,clasificacion c,2001-01-01,0,12,0,12,12
21201,PUCARANI,estado nutricional en menores de 5 anos,clasificacion c,2001-01-01,24,100,24,100,124
20401,PUERTO ACOSTA,estado nutricional en menores de 5 anos,clasificacion c,2001-01-01,6,49,6,49,55
20403,PUERTO CARABUCO,estado nutricional en menores de 5 anos,clasificacion c,2001-01-01,33,262,33,262,295
21204,PUERTO PEREZ,estado nutricional en menores de 5 anos,clasificacion c,2001-01-01,6,55,6,55,61
71402,PUERTO QUIJARRO,estado nutricional en menores de 5 anos,clasificacion c,2001-01-01,22,137,22,137,159
90201,PUERTO RICO,estado nutricional en menores de 5 anos,clasificacion c,2001-01-01,2,45,2,45,47
71401,PUERTO SUAREZ,estado nutricional en menores de 5 anos,clasificacion c,2001-01-01,40,249,40,249,289
31205,PUERTO VILLARROEL,estado nutricional en menores de 5 anos,clasificacion c,2001-01-01,122,452,122,452,574
51101,PUNA,estado nutricional en menores de 5 anos,clasificacion c,2001-01-01,46,397,46,397,443
31401,PUNATA,estado nutricional en menores de 5 anos,clasificacion c,2001-01-01,126,232,126,232,358
20604,QUIABAYA,estado nutricional en menores de 5 anos,clasificacion c,2001-01-01,0,11,0,11,11
30901,QUILLACOLLO,estado nutricional en menores de 5 anos,clasificacion c,2001-01-01,35,26,35,26,61
21002,QUIME,estado nutricional en menores de 5 anos,clasificacion c,2001-01-01,7,150,7,150,157
70904,QUIRUSILLAS,estado nutricional en menores de 5 anos,clasificacion c,2001-01-01,1,21,1,21,22
50402,RAVELO,estado nutricional en menores de 5 anos,clasificacion c,2001-01-01,28,213,28,213,241
80301,REYES,estado nutricional en menores de 5 anos,clasificacion c,2001-01-01,8,173,8,173,181
80201,RIBERALTA,estado nutricional en menores de 5 anos,clasificacion c,2001-01-01,73,625,73,625,698
70503,ROBORE,estado nutricional en menores de 5 anos,clasificacion c,2001-01-01,22,182,22,182,204
80304,RURRENABAQUE,estado nutricional en menores de 5 anos,clasificacion c,2001-01-01,35,169,35,169,204
40901,SABAYA,estado nutricional en menores de 5 anos,clasificacion c,2001-01-01,3,25,3,25,28
31001,SACABA,estado nutricional en menores de 5 anos,clasificacion c,2001-01-01,319,120,319,120,439
50701,SACACA,estado nutricional en menores de 5 anos,clasificacion c,2001-01-01,20,184,20,184,204
71302,SAIPINA,estado nutricional en menores de 5 anos,clasificacion c,2001-01-01,23,22,23,22,45
40801,SALINAS DE GARCI MENDOZA,estado nutricional en menores de 5 anos,clasificacion c,2001-01-01,0,45,0,45,45
70901,SAMAIPATA,estado nutricional en menores de 5 anos,clasificacion c,2001-01-01,10,97,10,97,107
51601,SAN AGUSTIN,estado nutricional en menores de 5 anos,clasificacion c,2001-01-01,9,10,9,10,19
80602,SAN ANDRES,estado nutricional en menores de 5 anos,clasificacion c,2001-01-01,1,58,1,58,59
51003,SAN ANTONIO DE ESMORUCO,estado nutricional en menores de 5 anos,clasificacion c,2001-01-01,0,19,0,19,19
71105,SAN ANTONIO DE LOMERIO,estado nutricional en menores de 5 anos,clasificacion c,2001-01-01,32,135,32,135,167
31403,SAN BENITO,estado nutricional en menores de 5 anos,clasificacion c,2001-01-01,25,64,25,64,89
80302,SAN BORJA,estado nutricional en menores de 5 anos,clasificacion c,2001-01-01,47,391,47,391,438
21502,SAN BUENA VENTURA,estado nutricional en menores de 5 anos,clasificacion c,2001-01-01,14,188,14,188,202
80501,SAN IGNACIO,estado nutricional en menores de 5 anos,clasificacion c,2001-01-01,83,211,83,211,294
70301,SAN IGNACIO DE VELASCO,estado nutricional en menores de 5 anos,clasificacion c,2001-01-01,80,755,80,755,835
80102,SAN JAVIER(BNI),estado nutricional en menores de 5 anos,clasificacion c,2001-01-01,3,15,3,15,18
71102,SAN JAVIER(STC),estado nutricional en menores de 5 anos,clasificacion c,2001-01-01,53,124,53,124,177
80701,SAN JOAQUIN,estado nutricional en menores de 5 anos,clasificacion c,2001-01-01,9,54,9,54,63
70501,SAN JOSE DE CHIQUITOS,estado nutricional en menores de 5 anos,clasificacion c,2001-01-01,18,279,18,279,297
71104,SAN JULIAN,estado nutricional en menores de 5 anos,clasificacion c,2001-01-01,29,621,29,621,650
90302,SAN LORENZO(PND),estado nutricional en menores de 5 anos,clasificacion c,2001-01-01,4,2,4,2,6
60501,SAN LORENZO(TJA),estado nutricional en menores de 5 anos,clasificacion c,2001-01-01,0,52,0,52,52
10702,SAN LUCAS,estado nutricional en menores de 5 anos,clasificacion c,2001-01-01,59,524,59,524,583
71201,SAN MATIAS,estado nutricional en menores de 5 anos,clasificacion c,2001-01-01,6,132,6,132,138
70302,SAN MIGUEL DE VELASCO,estado nutricional en menores de 5 anos,clasificacion c,2001-01-01,9,261,9,261,270
51001,SAN PABLO DE LIPEZ,estado nutricional en menores de 5 anos,clasificacion c,2001-01-01,7,38,7,38,45
50501,SAN PEDRO DE BUENA VISTA,estado nutricional en menores de 5 anos,clasificacion c,2001-01-01,5,247,5,247,252
21801,SAN PEDRO DE CURAHUARA,estado nutricional en menores de 5 anos,clasificacion c,2001-01-01,6,128,6,128,134
50902,SAN PEDRO DE QUEMES,estado nutricional en menores de 5 anos,clasificacion c,2001-01-01,0,12,0,12,12
21702,SAN PEDRO DE TIQUINA,estado nutricional en menores de 5 anos,clasificacion c,2001-01-01,38,28,38,28,66
70303,SAN RAFAEL,estado nutricional en menores de 5 anos,clasificacion c,2001-01-01,8,63,8,63,71
80702,SAN RAMON,estado nutricional en menores de 5 anos,clasificacion c,2001-01-01,4,59,4,59,63
80702,SAN RAMON,estado nutricional en menores de 5 anos,clasificacion c,2001-01-01,16,134,16,134,150
70101,SANTA CRUZ DE LA SIERRA,estado nutricional en menores de 5 anos,clasificacion c,2001-01-01,527,1200,527,1200,1727
80303,SANTA ROSA,estado nutricional en menores de 5 anos,clasificacion c,2001-01-01,7,62,7,62,69
70602,SANTA ROSA DEL SARA,estado nutricional en menores de 5 anos,clasificacion c,2001-01-01,0,1,0,1,1
20308,SANTIAGO DE CALLAPA,estado nutricional en menores de 5 anos,clasificacion c,2001-01-01,0,14,0,14,14
41401,SANTIAGO DE HUARI,estado nutricional en menores de 5 anos,clasificacion c,2001-01-01,13,69,13,69,82
21901,SANTIAGO DE MACHACA,estado nutricional en menores de 5 anos,clasificacion c,2001-01-01,1,7,1,7,8
30702,SANTIVAÃ‘ES,estado nutricional en menores de 5 anos,clasificacion c,2001-01-01,32,31,32,31,63
40202,SANTUARIO DE QUILLACAS,estado nutricional en menores de 5 anos,clasificacion c,2001-01-01,0,25,0,25,25
90303,SENA,estado nutricional en menores de 5 anos,clasificacion c,2001-01-01,3,13,3,13,16
21301,SICA SICA (VILLA AROMA),estado nutricional en menores de 5 anos,clasificacion c,2001-01-01,33,197,33,197,230
30703,SICAYA,estado nutricional en menores de 5 anos,clasificacion c,2001-01-01,5,11,5,11,16
30902,SIPE SIPE,estado nutricional en menores de 5 anos,clasificacion c,2001-01-01,45,572,45,572,617
10403,SOPACHUY,estado nutricional en menores de 5 anos,clasificacion c,2001-01-01,9,168,9,168,177
20601,SORATA,estado nutricional en menores de 5 anos,clasificacion c,2001-01-01,27,109,27,109,136
10101,SUCRE,estado nutricional en menores de 5 anos,clasificacion c,2001-01-01,330,3269,330,3269,3599
31404,TACACHI,estado nutricional en menores de 5 anos,clasificacion c,2001-01-01,1,25,1,25,26
20603,TACACOMA,estado nutricional en menores de 5 anos,clasificacion c,2001-01-01,4,130,4,130,134
50303,TACOBAMBA,estado nutricional en menores de 5 anos,clasificacion c,2001-01-01,16,130,16,130,146
30602,TACOPAYA,estado nutricional en menores de 5 anos,clasificacion c,2001-01-01,4,40,4,40,44
51402,TAHUA,estado nutricional en menores de 5 anos,clasificacion c,2001-01-01,3,6,3,6,9
31101,TAPACARI,estado nutricional en menores de 5 anos,clasificacion c,2001-01-01,14,79,14,79,93
10601,TARABUCO,estado nutricional en menores de 5 anos,clasificacion c,2001-01-01,88,903,88,903,991
60101,TARIJA,estado nutricional en menores de 5 anos,clasificacion c,2001-01-01,40,576,40,576,616
10202,TARVITA,estado nutricional en menores de 5 anos,clasificacion c,2001-01-01,23,235,23,235,258
20803,TIAWANACU,estado nutricional en menores de 5 anos,clasificacion c,2001-01-01,9,81,9,81,90
50102,TINGUIPAYA,estado nutricional en menores de 5 anos,clasificacion c,2001-01-01,23,81,23,81,104
20606,TIPUANI,estado nutricional en menores de 5 anos,clasificacion c,2001-01-01,11,24,11,24,35
30903,TIQUIPAYA,estado nutricional en menores de 5 anos,clasificacion c,2001-01-01,5,32,5,32,37
31601,TIRAQUE (CBBA),estado nutricional en menores de 5 anos,clasificacion c,2001-01-01,7,97,7,97,104
21703,TITO YUPANQUI (PARQUIPUJIO),estado nutricional en menores de 5 anos,clasificacion c,2001-01-01,2,35,2,35,37
41502,TODOS SANTOS,estado nutricional en menores de 5 anos,clasificacion c,2001-01-01,1,5,1,5,6
41001,TOLEDO,estado nutricional en menores de 5 anos,clasificacion c,2001-01-01,13,55,13,55,68
51202,TOMAVE,estado nutricional en menores de 5 anos,clasificacion c,2001-01-01,28,62,28,62,90
10402,TOMINA,estado nutricional en menores de 5 anos,clasificacion c,2001-01-01,15,298,15,298,313
31201,TOTORA(CBBA),estado nutricional en menores de 5 anos,clasificacion c,2001-01-01,44,165,44,165,209
41301,TOTORA(ORR),estado nutricional en menores de 5 anos,clasificacion c,2001-01-01,4,6,4,6,10
70802,TRIGAL,estado nutricional en menores de 5 anos,clasificacion c,2001-01-01,0,23,0,23,23
80101,TRINIDAD,estado nutricional en menores de 5 anos,clasificacion c,2001-01-01,15,44,15,44,59
50801,TUPIZA,estado nutricional en menores de 5 anos,clasificacion c,2001-01-01,80,957,80,957,1037
40402,TURCO,estado nutricional en menores de 5 anos,clasificacion c,2001-01-01,2,21,2,21,23
21302,UMALA,estado nutricional en menores de 5 anos,clasificacion c,2001-01-01,0,49,0,49,49
50201,UNCIA,estado nutricional en menores de 5 anos,clasificacion c,2001-01-01,0,52,0,52,52
60401,URIONDO (A. CONCEPCION),estado nutricional en menores de 5 anos,clasificacion c,2001-01-01,11,96,11,96,107
71502,URUBICHA,estado nutricional en menores de 5 anos,clasificacion c,2001-01-01,0,64,0,64,64
51201,UYUNI,estado nutricional en menores de 5 anos,clasificacion c,2001-01-01,35,172,35,172,207
30502,VACAS,estado nutricional en menores de 5 anos,clasificacion c,2001-01-01,10,14,10,14,24
70801,VALLEGRANDE,estado nutricional en menores de 5 anos,clasificacion c,2001-01-01,12,15,12,15,27
20801,VIACHA,estado nutricional en menores de 5 anos,clasificacion c,2001-01-01,54,272,54,272,326
31302,VILA VILA,estado nutricional en menores de 5 anos,clasificacion c,2001-01-01,7,2,7,2,9
60303,VILLA MONTES,estado nutricional en menores de 5 anos,clasificacion c,2001-01-01,124,563,124,563,687
31402,VILLA RIVERO,estado nutricional en menores de 5 anos,clasificacion c,2001-01-01,6,19,6,19,25
10801,VILLA SERRANO,estado nutricional en menores de 5 anos,clasificacion c,2001-01-01,42,295,42,295,337
31003,VILLA TUNARI,estado nutricional en menores de 5 anos,clasificacion c,2001-01-01,29,93,29,93,122
11001,VILLA VACA GUZMAN (MUYUPAMPA),estado nutricional en menores de 5 anos,clasificacion c,2001-01-01,23,488,23,488,511
51501,VILLAZON,estado nutricional en menores de 5 anos,clasificacion c,2001-01-01,37,621,37,621,658
50602,VITICHI,estado nutricional en menores de 5 anos,clasificacion c,2001-01-01,1,2,1,2,3
70201,WARNES,estado nutricional en menores de 5 anos,clasificacion c,2001-01-01,0,22,0,22,22
20903,YACO,estado nutricional en menores de 5 anos,clasificacion c,2001-01-01,31,22,31,22,53
60301,YACUIBA,estado nutricional en menores de 5 anos,clasificacion c,2001-01-01,160,844,160,844,1004
10602,YAMPARAEZ,estado nutricional en menores de 5 anos,clasificacion c,2001-01-01,31,574,31,574,605
21103,YANACACHI,estado nutricional en menores de 5 anos,clasificacion c,2001-01-01,10,36,10,36,46
50103,YOCALLA,estado nutricional en menores de 5 anos,clasificacion c,2001-01-01,0,86,0,86,86
10102,YOTALA,estado nutricional en menores de 5 anos,clasificacion c,2001-01-01,11,437,11,437,448
60402,YUNCHARA,estado nutricional en menores de 5 anos,clasificacion c,2001-01-01,7,82,7,82,89
10301,ZUDAÃ‘EZ,estado nutricional en menores de 5 anos,clasificacion c,2001-01-01,22,351,22,351,373
51302,ACACIO,estado nutricional en menores de 5 anos,clasificacion c,2001-02-01,23,193,23,193,216
20201,ACHACACHI,estado nutricional en menores de 5 anos,clasificacion c,2001-02-01,62,360,62,360,422
20104,ACHOCALLA,estado nutricional en menores de 5 anos,clasificacion c,2001-02-01,0,29,0,29,29
30201,AIQUILE,estado nutricional en menores de 5 anos,clasificacion c,2001-02-01,48,71,48,71,119
31303,ALALAY,estado nutricional en menores de 5 anos,clasificacion c,2001-02-01,17,2,17,2,19
10404,ALCALA,estado nutricional en menores de 5 anos,clasificacion c,2001-02-01,3,160,3,160,163
20202,ANCORAIMES,estado nutricional en menores de 5 anos,clasificacion c,2001-02-01,32,340,32,340,372
41201,ANDAMARCA,estado nutricional en menores de 5 anos,clasificacion c,2001-02-01,1,33,1,33,34
40603,ANTEQUERA,estado nutricional en menores de 5 anos,clasificacion c,2001-02-01,1,41,1,41,42
30402,ANZALDO,estado nutricional en menores de 5 anos,clasificacion c,2001-02-01,11,57,11,57,68
20701,APOLO,estado nutricional en menores de 5 anos,clasificacion c,2001-02-01,21,9,21,9,30
51301,ARAMPAMPA,estado nutricional en menores de 5 anos,clasificacion c,2001-02-01,9,87,9,87,96
30501,ARANI,estado nutricional en menores de 5 anos,clasificacion c,2001-02-01,6,81,6,81,87
30403,ARBIETO,estado nutricional en menores de 5 anos,clasificacion c,2001-02-01,11,35,11,35,46
30601,ARQUE,estado nutricional en menores de 5 anos,clasificacion c,2001-02-01,3,23,3,23,26
71501,ASCENCION DE GUARAYOS,estado nutricional en menores de 5 anos,clasificacion c,2001-02-01,34,761,34,761,795
50802,ATOCHA,estado nutricional en menores de 5 anos,clasificacion c,2001-02-01,5,41,5,41,46
20503,AUCAPATA,estado nutricional en menores de 5 anos,clasificacion c,2001-02-01,5,23,5,23,28
30301,AYOPAYA (V. DE INDEPENDENCIA),estado nutricional en menores de 5 anos,clasificacion c,2001-02-01,18,262,18,262,280
10201,AZURDUY,estado nutricional en menores de 5 anos,clasificacion c,2001-02-01,18,288,18,288,306
21203,BATALLAS,estado nutricional en menores de 5 anos,clasificacion c,2001-02-01,7,77,7,77,84
80802,BAURES,estado nutricional en menores de 5 anos,clasificacion c,2001-02-01,1,70,1,70,71
41202,BELEN DE ANDAMARCA,estado nutricional en menores de 5 anos,clasificacion c,2001-02-01,0,6,0,6,6
50104,BELEN DE URMIRI,estado nutricional en menores de 5 anos,clasificacion c,2001-02-01,1,35,1,35,36
90104,BELLA FLOR,estado nutricional en menores de 5 anos,clasificacion c,2001-02-01,2,37,2,37,39
60202,BERMEJO,estado nutricional en menores de 5 anos,clasificacion c,2001-02-01,28,143,28,143,171
50301,BETANZOS,estado nutricional en menores de 5 anos,clasificacion c,2001-02-01,64,364,64,364,428
31501,BOLIVAR,estado nutricional en menores de 5 anos,clasificacion c,2001-02-01,11,166,11,166,177
90103,BOLPEBRA,estado nutricional en menores de 5 anos,clasificacion c,2001-02-01,0,33,0,33,33
70707,BOYUIBE,estado nutricional en menores de 5 anos,clasificacion c,2001-02-01,2,74,2,74,76
70703,CABEZAS,estado nutricional en menores de 5 anos,clasificacion c,2001-02-01,78,186,78,186,264
20905,CAIROMA,estado nutricional en menores de 5 anos,clasificacion c,2001-02-01,14,30,14,30,44
51102,"CAIZA ""D""",estado nutricional en menores de 5 anos,clasificacion c,2001-02-01,12,258,12,258,270
21003,CAJUATA,estado nutricional en menores de 5 anos,clasificacion c,2001-02-01,7,112,7,112,119
21304,CALAMARCA,estado nutricional en menores de 5 anos,clasificacion c,2001-02-01,1,51,1,51,52
10701,CAMARGO,estado nutricional en menores de 5 anos,clasificacion c,2001-02-01,17,153,17,153,170
10901,CAMATAQUI (C. VILLA ABECIA),estado nutricional en menores de 5 anos,clasificacion c,2001-02-01,2,126,2,126,128
70706,CAMIRI,estado nutricional en menores de 5 anos,clasificacion c,2001-02-01,24,341,24,341,365
30701,CAPINOTA,estado nutricional en menores de 5 anos,clasificacion c,2001-02-01,78,30,78,30,108
20302,CAQUIAVIRI,estado nutricional en menores de 5 anos,clasificacion c,2001-02-01,6,74,6,74,80
40102,CARACOLLO,estado nutricional en menores de 5 anos,clasificacion c,2001-02-01,21,142,21,142,163
22001,CARANAVI,estado nutricional en menores de 5 anos,clasificacion c,2001-02-01,28,488,28,488,516
41503,CARANGAS,estado nutricional en menores de 5 anos,clasificacion c,2001-02-01,0,3,0,3,3
60302,CARAPARI,estado nutricional en menores de 5 anos,clasificacion c,2001-02-01,17,193,17,193,210
50702,CARIPUYO,estado nutricional en menores de 5 anos,clasificacion c,2001-02-01,6,133,6,133,139
21902,CATACORA,estado nutricional en menores de 5 anos,clasificacion c,2001-02-01,0,2,0,2,2
40201,CHALLAPATA,estado nutricional en menores de 5 anos,clasificacion c,2001-02-01,18,75,18,75,93
50302,CHAQUI,estado nutricional en menores de 5 anos,clasificacion c,2001-02-01,7,165,7,165,172
70702,CHARAGUA,estado nutricional en menores de 5 anos,clasificacion c,2001-02-01,231,391,231,391,622
20305,CHARAÃ‘A,estado nutricional en menores de 5 anos,clasificacion c,2001-02-01,2,5,2,5,7
50202,CHAYANTA,estado nutricional en menores de 5 anos,clasificacion c,2001-02-01,17,151,17,151,168
31204,CHIMORE,estado nutricional en menores de 5 anos,clasificacion c,2001-02-01,13,110,13,110,123
40903,CHIPAYA,estado nutricional en menores de 5 anos,clasificacion c,2001-02-01,1,7,1,7,8
40302,CHOQUE COTA,estado nutricional en menores de 5 anos,clasificacion c,2001-02-01,0,44,0,44,44
21101,CHULUMANI (V. DE LA LIBERTAD),estado nutricional en menores de 5 anos,clasificacion c,2001-02-01,6,107,6,107,113
20501,CHUMA,estado nutricional en menores de 5 anos,clasificacion c,2001-02-01,0,26,0,26,26
30801,CLIZA,estado nutricional en menores de 5 anos,clasificacion c,2001-02-01,17,55,17,55,72
90101,COBIJA,estado nutricional en menores de 5 anos,clasificacion c,2001-02-01,23,171,23,171,194
30101,COCHABAMBA,estado nutricional en menores de 5 anos,clasificacion c,2001-02-01,858,1265,858,1265,2123
40902,COIPASA,estado nutricional en menores de 5 anos,clasificacion c,2001-02-01,0,7,0,7,7
30905,COLCAPIRHUA,estado nutricional en menores de 5 anos,clasificacion c,2001-02-01,33,122,33,122,155
50901,"COLCHA ""K""",estado nutricional en menores de 5 anos,clasificacion c,2001-02-01,11,141,11,141,152
31002,COLOMI,estado nutricional en menores de 5 anos,clasificacion c,2001-02-01,9,55,9,55,64
70603,COLPA BELGICA,estado nutricional en menores de 5 anos,clasificacion c,2001-02-01,57,13,57,13,70
50401,COLQUECHACA,estado nutricional en menores de 5 anos,clasificacion c,2001-02-01,37,180,37,180,217
21306,COLQUENCHA,estado nutricional en menores de 5 anos,clasificacion c,2001-02-01,10,15,10,15,25
21004,COLQUIRI,estado nutricional en menores de 5 anos,clasificacion c,2001-02-01,7,178,7,178,185
20304,COMANCHE,estado nutricional en menores de 5 anos,clasificacion c,2001-02-01,0,22,0,22,22
71301,COMARAPA,estado nutricional en menores de 5 anos,clasificacion c,2001-02-01,4,172,4,172,176
20605,COMBAYA,estado nutricional en menores de 5 anos,clasificacion c,2001-02-01,2,47,2,47,49
71101,CONCEPCION,estado nutricional en menores de 5 anos,clasificacion c,2001-02-01,24,127,24,127,151
21701,COPACABANA,estado nutricional en menores de 5 anos,clasificacion c,2001-02-01,12,104,12,104,116
21402,CORIPATA,estado nutricional en menores de 5 anos,clasificacion c,2001-02-01,15,43,15,43,58
20301,CORO CORO,estado nutricional en menores de 5 anos,clasificacion c,2001-02-01,5,69,5,69,74
21401,COROICO,estado nutricional en menores de 5 anos,clasificacion c,2001-02-01,11,90,11,90,101
40301,CORQUE,estado nutricional en menores de 5 anos,clasificacion c,2001-02-01,0,20,0,20,20
50601,COTAGAITA,estado nutricional en menores de 5 anos,clasificacion c,2001-02-01,22,248,22,248,270
70102,COTOCA,estado nutricional en menores de 5 anos,clasificacion c,2001-02-01,85,265,85,265,350
70704,CUEVO,estado nutricional en menores de 5 anos,clasificacion c,2001-02-01,1,124,1,124,125
10902,CULPINA,estado nutricional en menores de 5 anos,clasificacion c,2001-02-01,36,331,36,331,367
40401,CURAHUARA DE CARANGAS,estado nutricional en menores de 5 anos,clasificacion c,2001-02-01,4,24,4,24,28
21602,CURVA,estado nutricional en menores de 5 anos,clasificacion c,2001-02-01,0,34,0,34,34
20804,DESAGUADERO,estado nutricional en menores de 5 anos,clasificacion c,2001-02-01,11,63,11,63,74
20105,EL ALTO,estado nutricional en menores de 5 anos,clasificacion c,2001-02-01,958,3857,958,3857,4815
40103,EL CHORO,estado nutricional en menores de 5 anos,clasificacion c,2001-02-01,2,16,2,16,18
71503,EL PUENTE(STC),estado nutricional en menores de 5 anos,clasificacion c,2001-02-01,36,207,36,207,243
60502,EL PUENTE(TJA),estado nutricional en menores de 5 anos,clasificacion c,2001-02-01,11,122,11,122,133
70105,EL TORNO,estado nutricional en menores de 5 anos,clasificacion c,2001-02-01,48,213,48,213,261
10405,EL VILLAR,estado nutricional en menores de 5 anos,clasificacion c,2001-02-01,38,287,38,287,325
60601,ENTRE RIOS,estado nutricional en menores de 5 anos,clasificacion c,2001-02-01,31,285,31,285,316
40502,ESCARA,estado nutricional en menores de 5 anos,clasificacion c,2001-02-01,0,7,0,7,7
41101,EUCALIPTUS,estado nutricional en menores de 5 anos,clasificacion c,2001-02-01,11,88,11,88,99
80402,EXALTACION,estado nutricional en menores de 5 anos,clasificacion c,2001-02-01,0,1,0,1,1
90203,FILADELFIA,estado nutricional en menores de 5 anos,clasificacion c,2001-02-01,8,12,8,12,20
71002,GENERAL SAAVEDRA,estado nutricional en menores de 5 anos,clasificacion c,2001-02-01,8,435,8,435,443
21601,GRAL. J.J. PEREZ (CHARAZANI),estado nutricional en menores de 5 anos,clasificacion c,2001-02-01,5,54,5,54,59
20602,GUANAY,estado nutricional en menores de 5 anos,clasificacion c,2001-02-01,9,99,9,99,108
20802,GUAQUI,estado nutricional en menores de 5 anos,clasificacion c,2001-02-01,4,25,4,25,29
80202,GUAYARAMERIN,estado nutricional en menores de 5 anos,clasificacion c,2001-02-01,62,280,62,280,342
70705,GUTIERREZ,estado nutricional en menores de 5 anos,clasificacion c,2001-02-01,33,335,33,335,368
10502,HUACARETA,estado nutricional en menores de 5 anos,clasificacion c,2001-02-01,16,441,16,441,457
11002,HUACAYA (VILLA DE HUACAYA),estado nutricional en menores de 5 anos,clasificacion c,2001-02-01,4,47,4,47,51
40501,HUACHACALLA,estado nutricional en menores de 5 anos,clasificacion c,2001-02-01,0,6,0,6,6
40701,HUANUNI,estado nutricional en menores de 5 anos,clasificacion c,2001-02-01,33,313,33,313,346
80803,HUARACAJE,estado nutricional en menores de 5 anos,clasificacion c,2001-02-01,2,53,2,53,55
41601,HUAYLLAMARCA,estado nutricional en menores de 5 anos,clasificacion c,2001-02-01,4,70,4,70,74
21005,ICHOCA,estado nutricional en menores de 5 anos,clasificacion c,2001-02-01,4,73,4,73,77
10304,ICLA,estado nutricional en menores de 5 anos,clasificacion c,2001-02-01,31,311,31,311,342
10703,INCAHUASI,estado nutricional en menores de 5 anos,clasificacion c,2001-02-01,31,251,31,251,282
21001,INQUISIVI,estado nutricional en menores de 5 anos,clasificacion c,2001-02-01,6,158,6,158,164
21102,IRUPANA (VILLA DE LANZA),estado nutricional en menores de 5 anos,clasificacion c,2001-02-01,23,214,23,214,237
21501,IXIAMAS,estado nutricional en menores de 5 anos,clasificacion c,2001-02-01,10,96,10,96,106
21105,LA ASUNTA,estado nutricional en menores de 5 anos,clasificacion c,2001-02-01,31,257,31,257,288
70104,LA GUARDIA,estado nutricional en menores de 5 anos,clasificacion c,2001-02-01,47,345,47,345,392
20101,LA PAZ,estado nutricional en menores de 5 anos,clasificacion c,2001-02-01,451,2785,451,2785,3236
70701,LAGUNILLAS,estado nutricional en menores de 5 anos,clasificacion c,2001-02-01,20,89,20,89,109
21202,LAJA,estado nutricional en menores de 5 anos,clasificacion c,2001-02-01,13,119,13,119,132
10903,LAS CARRERAS,estado nutricional en menores de 5 anos,clasificacion c,2001-02-01,8,157,8,157,165
21006,LICOMA PAMPA,estado nutricional en menores de 5 anos,clasificacion c,2001-02-01,0,31,0,31,31
50203,LLALLAGUA,estado nutricional en menores de 5 anos,clasificacion c,2001-02-01,47,241,47,241,288
51401,LLICA,estado nutricional en menores de 5 anos,clasificacion c,2001-02-01,1,31,1,31,32
80601,LORETO,estado nutricional en menores de 5 anos,clasificacion c,2001-02-01,3,28,3,28,31
20901,LURIBAY,estado nutricional en menores de 5 anos,clasificacion c,2001-02-01,10,14,10,14,24
40702,MACHACAMARCA,estado nutricional en menores de 5 anos,clasificacion c,2001-02-01,2,18,2,18,20
11003,MACHARETI,estado nutricional en menores de 5 anos,clasificacion c,2001-02-01,33,345,33,345,378
80801,MAGDALENA,estado nutricional en menores de 5 anos,clasificacion c,2001-02-01,8,17,8,17,25
70903,MAIRANA,estado nutricional en menores de 5 anos,clasificacion c,2001-02-01,10,108,10,108,118
20904,MALLA,estado nutricional en menores de 5 anos,clasificacion c,2001-02-01,11,7,11,7,18
71003,MINEROS,estado nutricional en menores de 5 anos,clasificacion c,2001-02-01,60,718,60,718,778
31301,MIZQUE,estado nutricional en menores de 5 anos,clasificacion c,2001-02-01,69,18,69,18,87
20402,MOCOMOCO,estado nutricional en menores de 5 anos,clasificacion c,2001-02-01,29,175,29,175,204
51002,MOJINETE,estado nutricional en menores de 5 anos,clasificacion c,2001-02-01,2,24,2,24,26
10303,MOJOCOYA,estado nutricional en menores de 5 anos,clasificacion c,2001-02-01,18,483,18,483,501
10501,MONTEAGUDO,estado nutricional en menores de 5 anos,clasificacion c,2001-02-01,40,534,40,534,574
71001,MONTERO,estado nutricional en menores de 5 anos,clasificacion c,2001-02-01,310,1052,310,1052,1362
70803,MORO MORO,estado nutricional en menores de 5 anos,clasificacion c,2001-02-01,2,13,2,13,15
30302,MOROCHATA,estado nutricional en menores de 5 anos,clasificacion c,2001-02-01,32,94,32,94,126
90401,NACEBE (SANTA ROSA DEL ABUNA),estado nutricional en menores de 5 anos,clasificacion c,2001-02-01,3,2,3,2,5
50404,OCURI,estado nutricional en menores de 5 anos,clasificacion c,2001-02-01,37,109,37,109,146
70202,OKINAWA,estado nutricional en menores de 5 anos,clasificacion c,2001-02-01,6,36,6,36,42
30203,OMEREQUE,estado nutricional en menores de 5 anos,clasificacion c,2001-02-01,10,92,10,92,102
40101,ORURO,estado nutricional en menores de 5 anos,clasificacion c,2001-02-01,189,1511,189,1511,1700
60201,PADCAYA,estado nutricional en menores de 5 anos,clasificacion c,2001-02-01,18,229,18,229,247
10401,PADILLA,estado nutricional en menores de 5 anos,clasificacion c,2001-02-01,12,384,12,384,396
70502,PAILON,estado nutricional en menores de 5 anos,clasificacion c,2001-02-01,6,13,6,13,19
21104,PALOS BLANCOS,estado nutricional en menores de 5 anos,clasificacion c,2001-02-01,23,438,23,438,461
40802,PAMPA AULLAGAS,estado nutricional en menores de 5 anos,clasificacion c,2001-02-01,2,24,2,24,26
70902,PAMPA GRANDE,estado nutricional en menores de 5 anos,clasificacion c,2001-02-01,22,105,22,105,127
21802,PAPEL PAMPA,estado nutricional en menores de 5 anos,clasificacion c,2001-02-01,6,15,6,15,21
30202,PASORAPA,estado nutricional en menores de 5 anos,clasificacion c,2001-02-01,4,35,4,35,39
40602,PAZÃ‘A,estado nutricional en menores de 5 anos,clasificacion c,2001-02-01,5,43,5,43,48
20702,PELECHUCO,estado nutricional en menores de 5 anos,clasificacion c,2001-02-01,2,31,2,31,33
50403,POCOATA,estado nutricional en menores de 5 anos,clasificacion c,2001-02-01,23,188,23,188,211
31203,POCONA,estado nutricional en menores de 5 anos,clasificacion c,2001-02-01,13,77,13,77,90
31202,POJO (CBBA),estado nutricional en menores de 5 anos,clasificacion c,2001-02-01,32,252,32,252,284
40601,POOPO,estado nutricional en menores de 5 anos,clasificacion c,2001-02-01,4,15,4,15,19
51203,PORCO,estado nutricional en menores de 5 anos,clasificacion c,2001-02-01,8,47,8,47,55
10103,POROMA,estado nutricional en menores de 5 anos,clasificacion c,2001-02-01,25,263,25,263,288
70103,PORONGO,estado nutricional en menores de 5 anos,clasificacion c,2001-02-01,0,117,0,117,117
70601,PORTACHUELO,estado nutricional en menores de 5 anos,clasificacion c,2001-02-01,44,230,44,230,274
90102,PORVENIR,estado nutricional en menores de 5 anos,clasificacion c,2001-02-01,4,111,4,111,115
50101,POTOSI,estado nutricional en menores de 5 anos,clasificacion c,2001-02-01,115,731,115,731,846
10302,PRESTO,estado nutricional en menores de 5 anos,clasificacion c,2001-02-01,15,168,15,168,183
70805,PUCARA,estado nutricional en menores de 5 anos,clasificacion c,2001-02-01,0,1,0,1,1
21201,PUCARANI,estado nutricional en menores de 5 anos,clasificacion c,2001-02-01,36,164,36,164,200
20401,PUERTO ACOSTA,estado nutricional en menores de 5 anos,clasificacion c,2001-02-01,66,314,66,314,380
20403,PUERTO CARABUCO,estado nutricional en menores de 5 anos,clasificacion c,2001-02-01,44,243,44,243,287
90301,PUERTO GONZALO MORENO,estado nutricional en menores de 5 anos,clasificacion c,2001-02-01,5,16,5,16,21
21204,PUERTO PEREZ,estado nutricional en menores de 5 anos,clasificacion c,2001-02-01,14,28,14,28,42
71402,PUERTO QUIJARRO,estado nutricional en menores de 5 anos,clasificacion c,2001-02-01,16,69,16,69,85
90201,PUERTO RICO,estado nutricional en menores de 5 anos,clasificacion c,2001-02-01,8,39,8,39,47
80703,PUERTO SILES,estado nutricional en menores de 5 anos,clasificacion c,2001-02-01,2,9,2,9,11
71401,PUERTO SUAREZ,estado nutricional en menores de 5 anos,clasificacion c,2001-02-01,30,133,30,133,163
31205,PUERTO VILLARROEL,estado nutricional en menores de 5 anos,clasificacion c,2001-02-01,69,356,69,356,425
51101,PUNA,estado nutricional en menores de 5 anos,clasificacion c,2001-02-01,47,330,47,330,377
31401,PUNATA,estado nutricional en menores de 5 anos,clasificacion c,2001-02-01,43,154,43,154,197
20604,QUIABAYA,estado nutricional en menores de 5 anos,clasificacion c,2001-02-01,2,44,2,44,46
30901,QUILLACOLLO,estado nutricional en menores de 5 anos,clasificacion c,2001-02-01,67,149,67,149,216
21002,QUIME,estado nutricional en menores de 5 anos,clasificacion c,2001-02-01,4,155,4,155,159
70904,QUIRUSILLAS,estado nutricional en menores de 5 anos,clasificacion c,2001-02-01,4,0,4,0,4
50402,RAVELO,estado nutricional en menores de 5 anos,clasificacion c,2001-02-01,22,237,22,237,259
80301,REYES,estado nutricional en menores de 5 anos,clasificacion c,2001-02-01,10,172,10,172,182
80201,RIBERALTA,estado nutricional en menores de 5 anos,clasificacion c,2001-02-01,67,670,67,670,737
70503,ROBORE,estado nutricional en menores de 5 anos,clasificacion c,2001-02-01,11,182,11,182,193
80304,RURRENABAQUE,estado nutricional en menores de 5 anos,clasificacion c,2001-02-01,77,82,77,82,159
40901,SABAYA,estado nutricional en menores de 5 anos,clasificacion c,2001-02-01,3,12,3,12,15
31001,SACABA,estado nutricional en menores de 5 anos,clasificacion c,2001-02-01,160,280,160,280,440
30404,SACABAMBA,estado nutricional en menores de 5 anos,clasificacion c,2001-02-01,10,118,10,118,128
50701,SACACA,estado nutricional en menores de 5 anos,clasificacion c,2001-02-01,35,453,35,453,488
71302,SAIPINA,estado nutricional en menores de 5 anos,clasificacion c,2001-02-01,7,47,7,47,54
40801,SALINAS DE GARCI MENDOZA,estado nutricional en menores de 5 anos,clasificacion c,2001-02-01,1,34,1,34,35
70901,SAMAIPATA,estado nutricional en menores de 5 anos,clasificacion c,2001-02-01,14,99,14,99,113
51601,SAN AGUSTIN,estado nutricional en menores de 5 anos,clasificacion c,2001-02-01,2,30,2,30,32
80602,SAN ANDRES,estado nutricional en menores de 5 anos,clasificacion c,2001-02-01,7,118,7,118,125
71105,SAN ANTONIO DE LOMERIO,estado nutricional en menores de 5 anos,clasificacion c,2001-02-01,34,175,34,175,209
31403,SAN BENITO,estado nutricional en menores de 5 anos,clasificacion c,2001-02-01,12,112,12,112,124
80302,SAN BORJA,estado nutricional en menores de 5 anos,clasificacion c,2001-02-01,63,432,63,432,495
21502,SAN BUENA VENTURA,estado nutricional en menores de 5 anos,clasificacion c,2001-02-01,18,136,18,136,154
70402,SAN CARLOS,estado nutricional en menores de 5 anos,clasificacion c,2001-02-01,10,31,10,31,41
80501,SAN IGNACIO,estado nutricional en menores de 5 anos,clasificacion c,2001-02-01,31,142,31,142,173
70301,SAN IGNACIO DE VELASCO,estado nutricional en menores de 5 anos,clasificacion c,2001-02-01,63,556,63,556,619
80102,SAN JAVIER(BNI),estado nutricional en menores de 5 anos,clasificacion c,2001-02-01,2,62,2,62,64
80701,SAN JOAQUIN,estado nutricional en menores de 5 anos,clasificacion c,2001-02-01,6,62,6,62,68
70501,SAN JOSE DE CHIQUITOS,estado nutricional en menores de 5 anos,clasificacion c,2001-02-01,17,144,17,144,161
71104,SAN JULIAN,estado nutricional en menores de 5 anos,clasificacion c,2001-02-01,53,524,53,524,577
90302,SAN LORENZO(PND),estado nutricional en menores de 5 anos,clasificacion c,2001-02-01,2,1,2,1,3
60501,SAN LORENZO(TJA),estado nutricional en menores de 5 anos,clasificacion c,2001-02-01,9,132,9,132,141
10702,SAN LUCAS,estado nutricional en menores de 5 anos,clasificacion c,2001-02-01,38,505,38,505,543
71201,SAN MATIAS,estado nutricional en menores de 5 anos,clasificacion c,2001-02-01,16,207,16,207,223
70302,SAN MIGUEL DE VELASCO,estado nutricional en menores de 5 anos,clasificacion c,2001-02-01,25,280,25,280,305
51001,SAN PABLO DE LIPEZ,estado nutricional en menores de 5 anos,clasificacion c,2001-02-01,7,13,7,13,20
50501,SAN PEDRO DE BUENA VISTA,estado nutricional en menores de 5 anos,clasificacion c,2001-02-01,22,231,22,231,253
50902,SAN PEDRO DE QUEMES,estado nutricional en menores de 5 anos,clasificacion c,2001-02-01,2,6,2,6,8
21702,SAN PEDRO DE TIQUINA,estado nutricional en menores de 5 anos,clasificacion c,2001-02-01,4,23,4,23,27
90202,SAN PEDRO(PND),estado nutricional en menores de 5 anos,clasificacion c,2001-02-01,0,2,0,2,2
70303,SAN RAFAEL,estado nutricional en menores de 5 anos,clasificacion c,2001-02-01,10,53,10,53,63
80702,SAN RAMON,estado nutricional en menores de 5 anos,clasificacion c,2001-02-01,4,26,4,26,30
80702,SAN RAMON,estado nutricional en menores de 5 anos,clasificacion c,2001-02-01,3,28,3,28,31
80401,SANTA ANA,estado nutricional en menores de 5 anos,clasificacion c,2001-02-01,106,44,106,44,150
70101,SANTA CRUZ DE LA SIERRA,estado nutricional en menores de 5 anos,clasificacion c,2001-02-01,418,1129,418,1129,1547
80303,SANTA ROSA,estado nutricional en menores de 5 anos,clasificacion c,2001-02-01,7,50,7,50,57
70602,SANTA ROSA DEL SARA,estado nutricional en menores de 5 anos,clasificacion c,2001-02-01,0,5,0,5,5
20308,SANTIAGO DE CALLAPA,estado nutricional en menores de 5 anos,clasificacion c,2001-02-01,0,19,0,19,19
41401,SANTIAGO DE HUARI,estado nutricional en menores de 5 anos,clasificacion c,2001-02-01,6,68,6,68,74
21901,SANTIAGO DE MACHACA,estado nutricional en menores de 5 anos,clasificacion c,2001-02-01,1,1,1,1,2
30702,SANTIVAÃ‘ES,estado nutricional en menores de 5 anos,clasificacion c,2001-02-01,44,48,44,48,92
40202,SANTUARIO DE QUILLACAS,estado nutricional en menores de 5 anos,clasificacion c,2001-02-01,4,41,4,41,45
90303,SENA,estado nutricional en menores de 5 anos,clasificacion c,2001-02-01,10,11,10,11,21
21301,SICA SICA (VILLA AROMA),estado nutricional en menores de 5 anos,clasificacion c,2001-02-01,16,93,16,93,109
30703,SICAYA,estado nutricional en menores de 5 anos,clasificacion c,2001-02-01,3,31,3,31,34
30902,SIPE SIPE,estado nutricional en menores de 5 anos,clasificacion c,2001-02-01,44,508,44,508,552
10403,SOPACHUY,estado nutricional en menores de 5 anos,clasificacion c,2001-02-01,259,193,259,193,452
20601,SORATA,estado nutricional en menores de 5 anos,clasificacion c,2001-02-01,13,207,13,207,220
10101,SUCRE,estado nutricional en menores de 5 anos,clasificacion c,2001-02-01,395,2997,395,2997,3392
31404,TACACHI,estado nutricional en menores de 5 anos,clasificacion c,2001-02-01,5,16,5,16,21
20603,TACACOMA,estado nutricional en menores de 5 anos,clasificacion c,2001-02-01,37,101,37,101,138
50303,TACOBAMBA,estado nutricional en menores de 5 anos,clasificacion c,2001-02-01,6,81,6,81,87
30602,TACOPAYA,estado nutricional en menores de 5 anos,clasificacion c,2001-02-01,10,132,10,132,142
51402,TAHUA,estado nutricional en menores de 5 anos,clasificacion c,2001-02-01,9,13,9,13,22
31101,TAPACARI,estado nutricional en menores de 5 anos,clasificacion c,2001-02-01,9,85,9,85,94
10601,TARABUCO,estado nutricional en menores de 5 anos,clasificacion c,2001-02-01,59,897,59,897,956
30401,TARATA,estado nutricional en menores de 5 anos,clasificacion c,2001-02-01,4,94,4,94,98
60101,TARIJA,estado nutricional en menores de 5 anos,clasificacion c,2001-02-01,63,608,63,608,671
10202,TARVITA,estado nutricional en menores de 5 anos,clasificacion c,2001-02-01,17,278,17,278,295
20803,TIAWANACU,estado nutricional en menores de 5 anos,clasificacion c,2001-02-01,11,128,11,128,139
50102,TINGUIPAYA,estado nutricional en menores de 5 anos,clasificacion c,2001-02-01,8,89,8,89,97
20606,TIPUANI,estado nutricional en menores de 5 anos,clasificacion c,2001-02-01,5,24,5,24,29
30903,TIQUIPAYA,estado nutricional en menores de 5 anos,clasificacion c,2001-02-01,77,149,77,149,226
31601,TIRAQUE (CBBA),estado nutricional en menores de 5 anos,clasificacion c,2001-02-01,11,103,11,103,114
21703,TITO YUPANQUI (PARQUIPUJIO),estado nutricional en menores de 5 anos,clasificacion c,2001-02-01,1,49,1,49,50
30802,TOCO,estado nutricional en menores de 5 anos,clasificacion c,2001-02-01,1,20,1,20,21
30803,TOLATA,estado nutricional en menores de 5 anos,clasificacion c,2001-02-01,5,23,5,23,28
41001,TOLEDO,estado nutricional en menores de 5 anos,clasificacion c,2001-02-01,8,54,8,54,62
51202,TOMAVE,estado nutricional en menores de 5 anos,clasificacion c,2001-02-01,42,139,42,139,181
10402,TOMINA,estado nutricional en menores de 5 anos,clasificacion c,2001-02-01,21,393,21,393,414
50502,TORO TORO,estado nutricional en menores de 5 anos,clasificacion c,2001-02-01,21,23,21,23,44
31201,TOTORA(CBBA),estado nutricional en menores de 5 anos,clasificacion c,2001-02-01,16,145,16,145,161
41301,TOTORA(ORR),estado nutricional en menores de 5 anos,clasificacion c,2001-02-01,4,45,4,45,49
70802,TRIGAL,estado nutricional en menores de 5 anos,clasificacion c,2001-02-01,3,21,3,21,24
80101,TRINIDAD,estado nutricional en menores de 5 anos,clasificacion c,2001-02-01,62,338,62,338,400
50801,TUPIZA,estado nutricional en menores de 5 anos,clasificacion c,2001-02-01,55,539,55,539,594
40402,TURCO,estado nutricional en menores de 5 anos,clasificacion c,2001-02-01,7,17,7,17,24
21302,UMALA,estado nutricional en menores de 5 anos,clasificacion c,2001-02-01,0,31,0,31,31
50201,UNCIA,estado nutricional en menores de 5 anos,clasificacion c,2001-02-01,16,195,16,195,211
60401,URIONDO (A. CONCEPCION),estado nutricional en menores de 5 anos,clasificacion c,2001-02-01,8,88,8,88,96
51201,UYUNI,estado nutricional en menores de 5 anos,clasificacion c,2001-02-01,12,221,12,221,233
30502,VACAS,estado nutricional en menores de 5 anos,clasificacion c,2001-02-01,7,33,7,33,40
70801,VALLEGRANDE,estado nutricional en menores de 5 anos,clasificacion c,2001-02-01,13,135,13,135,148
20801,VIACHA,estado nutricional en menores de 5 anos,clasificacion c,2001-02-01,52,339,52,339,391
31302,VILA VILA,estado nutricional en menores de 5 anos,clasificacion c,2001-02-01,22,13,22,13,35
60303,VILLA MONTES,estado nutricional en menores de 5 anos,clasificacion c,2001-02-01,35,275,35,275,310
90502,VILLA NUEVA (LOMA ALTA),estado nutricional en menores de 5 anos,clasificacion c,2001-02-01,0,2,0,2,2
31402,VILLA RIVERO,estado nutricional en menores de 5 anos,clasificacion c,2001-02-01,19,53,19,53,72
10801,VILLA SERRANO,estado nutricional en menores de 5 anos,clasificacion c,2001-02-01,51,367,51,367,418
31003,VILLA TUNARI,estado nutricional en menores de 5 anos,clasificacion c,2001-02-01,63,233,63,233,296
11001,VILLA VACA GUZMAN (MUYUPAMPA),estado nutricional en menores de 5 anos,clasificacion c,2001-02-01,18,449,18,449,467
51501,VILLAZON,estado nutricional en menores de 5 anos,clasificacion c,2001-02-01,23,477,23,477,500
50602,VITICHI,estado nutricional en menores de 5 anos,clasificacion c,2001-02-01,5,31,5,31,36
20306,WALDO BALLIVIAN,estado nutricional en menores de 5 anos,clasificacion c,2001-02-01,0,17,0,17,17
70201,WARNES,estado nutricional en menores de 5 anos,clasificacion c,2001-02-01,11,226,11,226,237
60301,YACUIBA,estado nutricional en menores de 5 anos,clasificacion c,2001-02-01,146,628,146,628,774
10602,YAMPARAEZ,estado nutricional en menores de 5 anos,clasificacion c,2001-02-01,35,663,35,663,698
21103,YANACACHI,estado nutricional en menores de 5 anos,clasificacion c,2001-02-01,3,65,3,65,68
50103,YOCALLA,estado nutricional en menores de 5 anos,clasificacion c,2001-02-01,10,194,10,194,204
10102,YOTALA,estado nutricional en menores de 5 anos,clasificacion c,2001-02-01,21,497,21,497,518
60402,YUNCHARA,estado nutricional en menores de 5 anos,clasificacion c,2001-02-01,12,59,12,59,71
10301,ZUDAÃ‘EZ,estado nutricional en menores de 5 anos,clasificacion c,2001-02-01,26,350,26,350,376
51302,ACACIO,estado nutricional en menores de 5 anos,clasificacion c,2001-03-01,24,200,24,200,224
20201,ACHACACHI,estado nutricional en menores de 5 anos,clasificacion c,2001-03-01,50,959,50,959,1009
20104,ACHOCALLA,estado nutricional en menores de 5 anos,clasificacion c,2001-03-01,2,55,2,55,57
30201,AIQUILE,estado nutricional en menores de 5 anos,clasificacion c,2001-03-01,10,115,10,115,125
31303,ALALAY,estado nutricional en menores de 5 anos,clasificacion c,2001-03-01,15,4,15,4,19
10404,ALCALA,estado nutricional en menores de 5 anos,clasificacion c,2001-03-01,1,164,1,164,165
20202,ANCORAIMES,estado nutricional en menores de 5 anos,clasificacion c,2001-03-01,17,398,17,398,415
41201,ANDAMARCA,estado nutricional en menores de 5 anos,clasificacion c,2001-03-01,4,48,4,48,52
40603,ANTEQUERA,estado nutricional en menores de 5 anos,clasificacion c,2001-03-01,0,82,0,82,82
30402,ANZALDO,estado nutricional en menores de 5 anos,clasificacion c,2001-03-01,7,142,7,142,149
20701,APOLO,estado nutricional en menores de 5 anos,clasificacion c,2001-03-01,3,21,3,21,24
51301,ARAMPAMPA,estado nutricional en menores de 5 anos,clasificacion c,2001-03-01,8,82,8,82,90
30501,ARANI,estado nutricional en menores de 5 anos,clasificacion c,2001-03-01,15,98,15,98,113
30403,ARBIETO,estado nutricional en menores de 5 anos,clasificacion c,2001-03-01,1,55,1,55,56
30601,ARQUE,estado nutricional en menores de 5 anos,clasificacion c,2001-03-01,3,67,3,67,70
50802,ATOCHA,estado nutricional en menores de 5 anos,clasificacion c,2001-03-01,11,78,11,78,89
20503,AUCAPATA,estado nutricional en menores de 5 anos,clasificacion c,2001-03-01,2,43,2,43,45
20502,AYATA,estado nutricional en menores de 5 anos,clasificacion c,2001-03-01,2,6,2,6,8
21303,AYO AYO,estado nutricional en menores de 5 anos,clasificacion c,2001-03-01,2,29,2,29,31
30301,AYOPAYA (V. DE INDEPENDENCIA),estado nutricional en menores de 5 anos,clasificacion c,2001-03-01,40,338,40,338,378
10201,AZURDUY,estado nutricional en menores de 5 anos,clasificacion c,2001-03-01,15,319,15,319,334
21203,BATALLAS,estado nutricional en menores de 5 anos,clasificacion c,2001-03-01,5,91,5,91,96
80802,BAURES,estado nutricional en menores de 5 anos,clasificacion c,2001-03-01,9,122,9,122,131
41202,BELEN DE ANDAMARCA,estado nutricional en menores de 5 anos,clasificacion c,2001-03-01,0,7,0,7,7
50104,BELEN DE URMIRI,estado nutricional en menores de 5 anos,clasificacion c,2001-03-01,3,58,3,58,61
90104,BELLA FLOR,estado nutricional en menores de 5 anos,clasificacion c,2001-03-01,1,35,1,35,36
60202,BERMEJO,estado nutricional en menores de 5 anos,clasificacion c,2001-03-01,32,51,32,51,83
50301,BETANZOS,estado nutricional en menores de 5 anos,clasificacion c,2001-03-01,50,398,50,398,448
31501,BOLIVAR,estado nutricional en menores de 5 anos,clasificacion c,2001-03-01,8,76,8,76,84
90103,BOLPEBRA,estado nutricional en menores de 5 anos,clasificacion c,2001-03-01,0,38,0,38,38
70707,BOYUIBE,estado nutricional en menores de 5 anos,clasificacion c,2001-03-01,6,104,6,104,110
70401,BUENA VISTA,estado nutricional en menores de 5 anos,clasificacion c,2001-03-01,74,137,74,137,211
70703,CABEZAS,estado nutricional en menores de 5 anos,clasificacion c,2001-03-01,42,154,42,154,196
20905,CAIROMA,estado nutricional en menores de 5 anos,clasificacion c,2001-03-01,31,59,31,59,90
51102,"CAIZA ""D""",estado nutricional en menores de 5 anos,clasificacion c,2001-03-01,41,384,41,384,425
21003,CAJUATA,estado nutricional en menores de 5 anos,clasificacion c,2001-03-01,9,136,9,136,145
20303,CALACOTO,estado nutricional en menores de 5 anos,clasificacion c,2001-03-01,14,12,14,12,26
21304,CALAMARCA,estado nutricional en menores de 5 anos,clasificacion c,2001-03-01,14,84,14,84,98
10701,CAMARGO,estado nutricional en menores de 5 anos,clasificacion c,2001-03-01,18,203,18,203,221
10901,CAMATAQUI (C. VILLA ABECIA),estado nutricional en menores de 5 anos,clasificacion c,2001-03-01,5,131,5,131,136
70706,CAMIRI,estado nutricional en menores de 5 anos,clasificacion c,2001-03-01,19,578,19,578,597
30701,CAPINOTA,estado nutricional en menores de 5 anos,clasificacion c,2001-03-01,83,90,83,90,173
20302,CAQUIAVIRI,estado nutricional en menores de 5 anos,clasificacion c,2001-03-01,4,79,4,79,83
40102,CARACOLLO,estado nutricional en menores de 5 anos,clasificacion c,2001-03-01,29,289,29,289,318
22001,CARANAVI,estado nutricional en menores de 5 anos,clasificacion c,2001-03-01,43,734,43,734,777
41503,CARANGAS,estado nutricional en menores de 5 anos,clasificacion c,2001-03-01,0,3,0,3,3
60302,CARAPARI,estado nutricional en menores de 5 anos,clasificacion c,2001-03-01,12,166,12,166,178
50702,CARIPUYO,estado nutricional en menores de 5 anos,clasificacion c,2001-03-01,10,127,10,127,137
21902,CATACORA,estado nutricional en menores de 5 anos,clasificacion c,2001-03-01,0,2,0,2,2
21803,CHACARILLA,estado nutricional en menores de 5 anos,clasificacion c,2001-03-01,0,15,0,15,15
40201,CHALLAPATA,estado nutricional en menores de 5 anos,clasificacion c,2001-03-01,10,107,10,107,117
50302,CHAQUI,estado nutricional en menores de 5 anos,clasificacion c,2001-03-01,19,99,19,99,118
70702,CHARAGUA,estado nutricional en menores de 5 anos,clasificacion c,2001-03-01,46,658,46,658,704
20305,CHARAÃ‘A,estado nutricional en menores de 5 anos,clasificacion c,2001-03-01,0,21,0,21,21
50202,CHAYANTA,estado nutricional en menores de 5 anos,clasificacion c,2001-03-01,13,145,13,145,158
31204,CHIMORE,estado nutricional en menores de 5 anos,clasificacion c,2001-03-01,13,142,13,142,155
40903,CHIPAYA,estado nutricional en menores de 5 anos,clasificacion c,2001-03-01,0,24,0,24,24
40302,CHOQUE COTA,estado nutricional en menores de 5 anos,clasificacion c,2001-03-01,1,13,1,13,14
21101,CHULUMANI (V. DE LA LIBERTAD),estado nutricional en menores de 5 anos,clasificacion c,2001-03-01,11,94,11,94,105
20501,CHUMA,estado nutricional en menores de 5 anos,clasificacion c,2001-03-01,3,50,3,50,53
30801,CLIZA,estado nutricional en menores de 5 anos,clasificacion c,2001-03-01,24,69,24,69,93
90101,COBIJA,estado nutricional en menores de 5 anos,clasificacion c,2001-03-01,27,519,27,519,546
30101,COCHABAMBA,estado nutricional en menores de 5 anos,clasificacion c,2001-03-01,316,2076,316,2076,2392
40902,COIPASA,estado nutricional en menores de 5 anos,clasificacion c,2001-03-01,0,7,0,7,7
30905,COLCAPIRHUA,estado nutricional en menores de 5 anos,clasificacion c,2001-03-01,32,79,32,79,111
50901,"COLCHA ""K""",estado nutricional en menores de 5 anos,clasificacion c,2001-03-01,19,207,19,207,226
21307,COLLANA,estado nutricional en menores de 5 anos,clasificacion c,2001-03-01,1,9,1,9,10
31002,COLOMI,estado nutricional en menores de 5 anos,clasificacion c,2001-03-01,5,85,5,85,90
70603,COLPA BELGICA,estado nutricional en menores de 5 anos,clasificacion c,2001-03-01,0,7,0,7,7
50401,COLQUECHACA,estado nutricional en menores de 5 anos,clasificacion c,2001-03-01,30,231,30,231,261
21306,COLQUENCHA,estado nutricional en menores de 5 anos,clasificacion c,2001-03-01,4,51,4,51,55
21004,COLQUIRI,estado nutricional en menores de 5 anos,clasificacion c,2001-03-01,9,254,9,254,263
20304,COMANCHE,estado nutricional en menores de 5 anos,clasificacion c,2001-03-01,2,30,2,30,32
71301,COMARAPA,estado nutricional en menores de 5 anos,clasificacion c,2001-03-01,2,106,2,106,108
20605,COMBAYA,estado nutricional en menores de 5 anos,clasificacion c,2001-03-01,0,43,0,43,43
71101,CONCEPCION,estado nutricional en menores de 5 anos,clasificacion c,2001-03-01,9,142,9,142,151
21701,COPACABANA,estado nutricional en menores de 5 anos,clasificacion c,2001-03-01,16,168,16,168,184
21402,CORIPATA,estado nutricional en menores de 5 anos,clasificacion c,2001-03-01,5,96,5,96,101
20301,CORO CORO,estado nutricional en menores de 5 anos,clasificacion c,2001-03-01,8,135,8,135,143
21401,COROICO,estado nutricional en menores de 5 anos,clasificacion c,2001-03-01,35,169,35,169,204
40301,CORQUE,estado nutricional en menores de 5 anos,clasificacion c,2001-03-01,9,68,9,68,77
50601,COTAGAITA,estado nutricional en menores de 5 anos,clasificacion c,2001-03-01,19,279,19,279,298
70102,COTOCA,estado nutricional en menores de 5 anos,clasificacion c,2001-03-01,8,146,8,146,154
31405,CUCHUMUELA (V. G. VILLARROEL),estado nutricional en menores de 5 anos,clasificacion c,2001-03-01,5,41,5,41,46
70704,CUEVO,estado nutricional en menores de 5 anos,clasificacion c,2001-03-01,9,147,9,147,156
10902,CULPINA,estado nutricional en menores de 5 anos,clasificacion c,2001-03-01,33,593,33,593,626
40401,CURAHUARA DE CARANGAS,estado nutricional en menores de 5 anos,clasificacion c,2001-03-01,4,38,4,38,42
21602,CURVA,estado nutricional en menores de 5 anos,clasificacion c,2001-03-01,4,20,4,20,24
20804,DESAGUADERO,estado nutricional en menores de 5 anos,clasificacion c,2001-03-01,6,58,6,58,64
20105,EL ALTO,estado nutricional en menores de 5 anos,clasificacion c,2001-03-01,976,5254,976,5254,6230
40103,EL CHORO,estado nutricional en menores de 5 anos,clasificacion c,2001-03-01,1,22,1,22,23
71503,EL PUENTE(STC),estado nutricional en menores de 5 anos,clasificacion c,2001-03-01,13,195,13,195,208
60502,EL PUENTE(TJA),estado nutricional en menores de 5 anos,clasificacion c,2001-03-01,5,54,5,54,59
70105,EL TORNO,estado nutricional en menores de 5 anos,clasificacion c,2001-03-01,31,274,31,274,305
10405,EL VILLAR,estado nutricional en menores de 5 anos,clasificacion c,2001-03-01,26,245,26,245,271
60601,ENTRE RIOS,estado nutricional en menores de 5 anos,clasificacion c,2001-03-01,20,367,20,367,387
40502,ESCARA,estado nutricional en menores de 5 anos,clasificacion c,2001-03-01,1,6,1,6,7
41101,EUCALIPTUS,estado nutricional en menores de 5 anos,clasificacion c,2001-03-01,6,96,6,96,102
80402,EXALTACION,estado nutricional en menores de 5 anos,clasificacion c,2001-03-01,0,12,0,12,12
90203,FILADELFIA,estado nutricional en menores de 5 anos,clasificacion c,2001-03-01,2,21,2,21,23
71002,GENERAL SAAVEDRA,estado nutricional en menores de 5 anos,clasificacion c,2001-03-01,11,378,11,378,389
21601,GRAL. J.J. PEREZ (CHARAZANI),estado nutricional en menores de 5 anos,clasificacion c,2001-03-01,8,83,8,83,91
20602,GUANAY,estado nutricional en menores de 5 anos,clasificacion c,2001-03-01,8,162,8,162,170
20802,GUAQUI,estado nutricional en menores de 5 anos,clasificacion c,2001-03-01,3,54,3,54,57
80202,GUAYARAMERIN,estado nutricional en menores de 5 anos,clasificacion c,2001-03-01,65,445,65,445,510
70705,GUTIERREZ,estado nutricional en menores de 5 anos,clasificacion c,2001-03-01,40,391,40,391,431
10502,HUACARETA,estado nutricional en menores de 5 anos,clasificacion c,2001-03-01,38,543,38,543,581
11002,HUACAYA (VILLA DE HUACAYA),estado nutricional en menores de 5 anos,clasificacion c,2001-03-01,1,23,1,23,24
40501,HUACHACALLA,estado nutricional en menores de 5 anos,clasificacion c,2001-03-01,2,26,2,26,28
40701,HUANUNI,estado nutricional en menores de 5 anos,clasificacion c,2001-03-01,18,169,18,169,187
80803,HUARACAJE,estado nutricional en menores de 5 anos,clasificacion c,2001-03-01,2,36,2,36,38
41601,HUAYLLAMARCA,estado nutricional en menores de 5 anos,clasificacion c,2001-03-01,2,97,2,97,99
21005,ICHOCA,estado nutricional en menores de 5 anos,clasificacion c,2001-03-01,5,91,5,91,96
10304,ICLA,estado nutricional en menores de 5 anos,clasificacion c,2001-03-01,17,448,17,448,465
10703,INCAHUASI,estado nutricional en menores de 5 anos,clasificacion c,2001-03-01,31,374,31,374,405
21001,INQUISIVI,estado nutricional en menores de 5 anos,clasificacion c,2001-03-01,7,188,7,188,195
21102,IRUPANA (VILLA DE LANZA),estado nutricional en menores de 5 anos,clasificacion c,2001-03-01,4,206,4,206,210
21501,IXIAMAS,estado nutricional en menores de 5 anos,clasificacion c,2001-03-01,5,60,5,60,65
21105,LA ASUNTA,estado nutricional en menores de 5 anos,clasificacion c,2001-03-01,7,181,7,181,188
70104,LA GUARDIA,estado nutricional en menores de 5 anos,clasificacion c,2001-03-01,66,423,66,423,489
20101,LA PAZ,estado nutricional en menores de 5 anos,clasificacion c,2001-03-01,636,3688,636,3688,4324
41501,LA RIVERA,estado nutricional en menores de 5 anos,clasificacion c,2001-03-01,1,5,1,5,6
70701,LAGUNILLAS,estado nutricional en menores de 5 anos,clasificacion c,2001-03-01,47,162,47,162,209
21202,LAJA,estado nutricional en menores de 5 anos,clasificacion c,2001-03-01,12,102,12,102,114
10903,LAS CARRERAS,estado nutricional en menores de 5 anos,clasificacion c,2001-03-01,10,207,10,207,217
21006,LICOMA PAMPA,estado nutricional en menores de 5 anos,clasificacion c,2001-03-01,1,28,1,28,29
50203,LLALLAGUA,estado nutricional en menores de 5 anos,clasificacion c,2001-03-01,8,66,8,66,74
51401,LLICA,estado nutricional en menores de 5 anos,clasificacion c,2001-03-01,8,67,8,67,75
80601,LORETO,estado nutricional en menores de 5 anos,clasificacion c,2001-03-01,3,41,3,41,44
20901,LURIBAY,estado nutricional en menores de 5 anos,clasificacion c,2001-03-01,6,38,6,38,44
40702,MACHACAMARCA,estado nutricional en menores de 5 anos,clasificacion c,2001-03-01,4,37,4,37,41
11003,MACHARETI,estado nutricional en menores de 5 anos,clasificacion c,2001-03-01,24,442,24,442,466
80801,MAGDALENA,estado nutricional en menores de 5 anos,clasificacion c,2001-03-01,31,129,31,129,160
70903,MAIRANA,estado nutricional en menores de 5 anos,clasificacion c,2001-03-01,11,113,11,113,124
20904,MALLA,estado nutricional en menores de 5 anos,clasificacion c,2001-03-01,0,1,0,1,1
71003,MINEROS,estado nutricional en menores de 5 anos,clasificacion c,2001-03-01,80,873,80,873,953
31301,MIZQUE,estado nutricional en menores de 5 anos,clasificacion c,2001-03-01,131,116,131,116,247
20402,MOCOMOCO,estado nutricional en menores de 5 anos,clasificacion c,2001-03-01,15,198,15,198,213
51002,MOJINETE,estado nutricional en menores de 5 anos,clasificacion c,2001-03-01,1,32,1,32,33
10303,MOJOCOYA,estado nutricional en menores de 5 anos,clasificacion c,2001-03-01,25,462,25,462,487
10501,MONTEAGUDO,estado nutricional en menores de 5 anos,clasificacion c,2001-03-01,50,663,50,663,713
71001,MONTERO,estado nutricional en menores de 5 anos,clasificacion c,2001-03-01,205,1550,205,1550,1755
70803,MORO MORO,estado nutricional en menores de 5 anos,clasificacion c,2001-03-01,3,15,3,15,18
30302,MOROCHATA,estado nutricional en menores de 5 anos,clasificacion c,2001-03-01,24,121,24,121,145
90401,NACEBE (SANTA ROSA DEL ABUNA),estado nutricional en menores de 5 anos,clasificacion c,2001-03-01,0,3,0,3,3
50404,OCURI,estado nutricional en menores de 5 anos,clasificacion c,2001-03-01,18,130,18,130,148
70202,OKINAWA,estado nutricional en menores de 5 anos,clasificacion c,2001-03-01,5,225,5,225,230
30203,OMEREQUE,estado nutricional en menores de 5 anos,clasificacion c,2001-03-01,15,137,15,137,152
40101,ORURO,estado nutricional en menores de 5 anos,clasificacion c,2001-03-01,272,2262,272,2262,2534
60201,PADCAYA,estado nutricional en menores de 5 anos,clasificacion c,2001-03-01,23,246,23,246,269
10401,PADILLA,estado nutricional en menores de 5 anos,clasificacion c,2001-03-01,17,614,17,614,631
70502,PAILON,estado nutricional en menores de 5 anos,clasificacion c,2001-03-01,18,232,18,232,250
21104,PALOS BLANCOS,estado nutricional en menores de 5 anos,clasificacion c,2001-03-01,34,446,34,446,480
40802,PAMPA AULLAGAS,estado nutricional en menores de 5 anos,clasificacion c,2001-03-01,1,65,1,65,66
70902,PAMPA GRANDE,estado nutricional en menores de 5 anos,clasificacion c,2001-03-01,12,91,12,91,103
21802,PAPEL PAMPA,estado nutricional en menores de 5 anos,clasificacion c,2001-03-01,11,9,11,9,20
30202,PASORAPA,estado nutricional en menores de 5 anos,clasificacion c,2001-03-01,4,27,4,27,31
21305,PATACAMAYA,estado nutricional en menores de 5 anos,clasificacion c,2001-03-01,5,82,5,82,87
40602,PAZÃ‘A,estado nutricional en menores de 5 anos,clasificacion c,2001-03-01,8,97,8,97,105
20702,PELECHUCO,estado nutricional en menores de 5 anos,clasificacion c,2001-03-01,4,24,4,24,28
50403,POCOATA,estado nutricional en menores de 5 anos,clasificacion c,2001-03-01,39,322,39,322,361
31203,POCONA,estado nutricional en menores de 5 anos,clasificacion c,2001-03-01,27,300,27,300,327
31202,POJO (CBBA),estado nutricional en menores de 5 anos,clasificacion c,2001-03-01,51,350,51,350,401
40601,POOPO,estado nutricional en menores de 5 anos,clasificacion c,2001-03-01,3,37,3,37,40
51203,PORCO,estado nutricional en menores de 5 anos,clasificacion c,2001-03-01,6,105,6,105,111
10103,POROMA,estado nutricional en menores de 5 anos,clasificacion c,2001-03-01,24,367,24,367,391
70103,PORONGO,estado nutricional en menores de 5 anos,clasificacion c,2001-03-01,39,141,39,141,180
70601,PORTACHUELO,estado nutricional en menores de 5 anos,clasificacion c,2001-03-01,97,207,97,207,304
90102,PORVENIR,estado nutricional en menores de 5 anos,clasificacion c,2001-03-01,13,123,13,123,136
70804,POSTRER VALLE,estado nutricional en menores de 5 anos,clasificacion c,2001-03-01,22,16,22,16,38
50101,POTOSI,estado nutricional en menores de 5 anos,clasificacion c,2001-03-01,125,733,125,733,858
10302,PRESTO,estado nutricional en menores de 5 anos,clasificacion c,2001-03-01,17,246,17,246,263
70805,PUCARA,estado nutricional en menores de 5 anos,clasificacion c,2001-03-01,0,11,0,11,11
21201,PUCARANI,estado nutricional en menores de 5 anos,clasificacion c,2001-03-01,23,182,23,182,205
20401,PUERTO ACOSTA,estado nutricional en menores de 5 anos,clasificacion c,2001-03-01,55,281,55,281,336
20403,PUERTO CARABUCO,estado nutricional en menores de 5 anos,clasificacion c,2001-03-01,28,233,28,233,261
90301,PUERTO GONZALO MORENO,estado nutricional en menores de 5 anos,clasificacion c,2001-03-01,1,6,1,6,7
21204,PUERTO PEREZ,estado nutricional en menores de 5 anos,clasificacion c,2001-03-01,6,27,6,27,33
71402,PUERTO QUIJARRO,estado nutricional en menores de 5 anos,clasificacion c,2001-03-01,21,185,21,185,206
90201,PUERTO RICO,estado nutricional en menores de 5 anos,clasificacion c,2001-03-01,8,38,8,38,46
71401,PUERTO SUAREZ,estado nutricional en menores de 5 anos,clasificacion c,2001-03-01,53,176,53,176,229
31205,PUERTO VILLARROEL,estado nutricional en menores de 5 anos,clasificacion c,2001-03-01,75,326,75,326,401
51101,PUNA,estado nutricional en menores de 5 anos,clasificacion c,2001-03-01,40,447,40,447,487
31401,PUNATA,estado nutricional en menores de 5 anos,clasificacion c,2001-03-01,80,305,80,305,385
20604,QUIABAYA,estado nutricional en menores de 5 anos,clasificacion c,2001-03-01,1,25,1,25,26
30901,QUILLACOLLO,estado nutricional en menores de 5 anos,clasificacion c,2001-03-01,81,268,81,268,349
21002,QUIME,estado nutricional en menores de 5 anos,clasificacion c,2001-03-01,8,210,8,210,218
70904,QUIRUSILLAS,estado nutricional en menores de 5 anos,clasificacion c,2001-03-01,2,30,2,30,32
50402,RAVELO,estado nutricional en menores de 5 anos,clasificacion c,2001-03-01,30,287,30,287,317
80301,REYES,estado nutricional en menores de 5 anos,clasificacion c,2001-03-01,18,269,18,269,287
80201,RIBERALTA,estado nutricional en menores de 5 anos,clasificacion c,2001-03-01,90,709,90,709,799
70503,ROBORE,estado nutricional en menores de 5 anos,clasificacion c,2001-03-01,30,229,30,229,259
80304,RURRENABAQUE,estado nutricional en menores de 5 anos,clasificacion c,2001-03-01,109,106,109,106,215
40901,SABAYA,estado nutricional en menores de 5 anos,clasificacion c,2001-03-01,3,29,3,29,32
31001,SACABA,estado nutricional en menores de 5 anos,clasificacion c,2001-03-01,204,320,204,320,524
30404,SACABAMBA,estado nutricional en menores de 5 anos,clasificacion c,2001-03-01,10,196,10,196,206
50701,SACACA,estado nutricional en menores de 5 anos,clasificacion c,2001-03-01,33,257,33,257,290
71302,SAIPINA,estado nutricional en menores de 5 anos,clasificacion c,2001-03-01,0,10,0,10,10
40801,SALINAS DE GARCI MENDOZA,estado nutricional en menores de 5 anos,clasificacion c,2001-03-01,10,115,10,115,125
70901,SAMAIPATA,estado nutricional en menores de 5 anos,clasificacion c,2001-03-01,10,162,10,162,172
51601,SAN AGUSTIN,estado nutricional en menores de 5 anos,clasificacion c,2001-03-01,2,65,2,65,67
80602,SAN ANDRES,estado nutricional en menores de 5 anos,clasificacion c,2001-03-01,3,81,3,81,84
51003,SAN ANTONIO DE ESMORUCO,estado nutricional en menores de 5 anos,clasificacion c,2001-03-01,0,34,0,34,34
71105,SAN ANTONIO DE LOMERIO,estado nutricional en menores de 5 anos,clasificacion c,2001-03-01,38,191,38,191,229
31403,SAN BENITO,estado nutricional en menores de 5 anos,clasificacion c,2001-03-01,24,151,24,151,175
80302,SAN BORJA,estado nutricional en menores de 5 anos,clasificacion c,2001-03-01,80,441,80,441,521
21502,SAN BUENA VENTURA,estado nutricional en menores de 5 anos,clasificacion c,2001-03-01,5,162,5,162,167
70402,SAN CARLOS,estado nutricional en menores de 5 anos,clasificacion c,2001-03-01,9,169,9,169,178
80501,SAN IGNACIO,estado nutricional en menores de 5 anos,clasificacion c,2001-03-01,21,144,21,144,165
70301,SAN IGNACIO DE VELASCO,estado nutricional en menores de 5 anos,clasificacion c,2001-03-01,66,519,66,519,585
80102,SAN JAVIER(BNI),estado nutricional en menores de 5 anos,clasificacion c,2001-03-01,7,62,7,62,69
71102,SAN JAVIER(STC),estado nutricional en menores de 5 anos,clasificacion c,2001-03-01,22,310,22,310,332
80701,SAN JOAQUIN,estado nutricional en menores de 5 anos,clasificacion c,2001-03-01,3,59,3,59,62
70501,SAN JOSE DE CHIQUITOS,estado nutricional en menores de 5 anos,clasificacion c,2001-03-01,24,233,24,233,257
71104,SAN JULIAN,estado nutricional en menores de 5 anos,clasificacion c,2001-03-01,54,764,54,764,818
90302,SAN LORENZO(PND),estado nutricional en menores de 5 anos,clasificacion c,2001-03-01,11,45,11,45,56
60501,SAN LORENZO(TJA),estado nutricional en menores de 5 anos,clasificacion c,2001-03-01,15,146,15,146,161
10702,SAN LUCAS,estado nutricional en menores de 5 anos,clasificacion c,2001-03-01,86,925,86,925,1011
71201,SAN MATIAS,estado nutricional en menores de 5 anos,clasificacion c,2001-03-01,16,206,16,206,222
70302,SAN MIGUEL DE VELASCO,estado nutricional en menores de 5 anos,clasificacion c,2001-03-01,7,93,7,93,100
51001,SAN PABLO DE LIPEZ,estado nutricional en menores de 5 anos,clasificacion c,2001-03-01,12,79,12,79,91
50501,SAN PEDRO DE BUENA VISTA,estado nutricional en menores de 5 anos,clasificacion c,2001-03-01,28,321,28,321,349
21801,SAN PEDRO DE CURAHUARA,estado nutricional en menores de 5 anos,clasificacion c,2001-03-01,3,45,3,45,48
50902,SAN PEDRO DE QUEMES,estado nutricional en menores de 5 anos,clasificacion c,2001-03-01,2,12,2,12,14
21702,SAN PEDRO DE TIQUINA,estado nutricional en menores de 5 anos,clasificacion c,2001-03-01,1,75,1,75,76
70303,SAN RAFAEL,estado nutricional en menores de 5 anos,clasificacion c,2001-03-01,10,87,10,87,97
80702,SAN RAMON,estado nutricional en menores de 5 anos,clasificacion c,2001-03-01,27,141,27,141,168
80702,SAN RAMON,estado nutricional en menores de 5 anos,clasificacion c,2001-03-01,8,58,8,58,66
70101,SANTA CRUZ DE LA SIERRA,estado nutricional en menores de 5 anos,clasificacion c,2001-03-01,663,1778,663,1778,2441
80303,SANTA ROSA,estado nutricional en menores de 5 anos,clasificacion c,2001-03-01,16,52,16,52,68
70602,SANTA ROSA DEL SARA,estado nutricional en menores de 5 anos,clasificacion c,2001-03-01,21,117,21,117,138
20308,SANTIAGO DE CALLAPA,estado nutricional en menores de 5 anos,clasificacion c,2001-03-01,1,22,1,22,23
41401,SANTIAGO DE HUARI,estado nutricional en menores de 5 anos,clasificacion c,2001-03-01,12,87,12,87,99
21901,SANTIAGO DE MACHACA,estado nutricional en menores de 5 anos,clasificacion c,2001-03-01,1,1,1,1,2
30702,SANTIVAÃ‘ES,estado nutricional en menores de 5 anos,clasificacion c,2001-03-01,66,94,66,94,160
40202,SANTUARIO DE QUILLACAS,estado nutricional en menores de 5 anos,clasificacion c,2001-03-01,5,48,5,48,53
20902,SAPAHAQUI,estado nutricional en menores de 5 anos,clasificacion c,2001-03-01,2,33,2,33,35
90303,SENA,estado nutricional en menores de 5 anos,clasificacion c,2001-03-01,2,20,2,20,22
21301,SICA SICA (VILLA AROMA),estado nutricional en menores de 5 anos,clasificacion c,2001-03-01,9,228,9,228,237
30703,SICAYA,estado nutricional en menores de 5 anos,clasificacion c,2001-03-01,5,23,5,23,28
30902,SIPE SIPE,estado nutricional en menores de 5 anos,clasificacion c,2001-03-01,79,444,79,444,523
10403,SOPACHUY,estado nutricional en menores de 5 anos,clasificacion c,2001-03-01,16,250,16,250,266
20601,SORATA,estado nutricional en menores de 5 anos,clasificacion c,2001-03-01,15,385,15,385,400
10101,SUCRE,estado nutricional en menores de 5 anos,clasificacion c,2001-03-01,217,3611,217,3611,3828
31404,TACACHI,estado nutricional en menores de 5 anos,clasificacion c,2001-03-01,3,32,3,32,35
20603,TACACOMA,estado nutricional en menores de 5 anos,clasificacion c,2001-03-01,2,70,2,70,72
50303,TACOBAMBA,estado nutricional en menores de 5 anos,clasificacion c,2001-03-01,14,91,14,91,105
30602,TACOPAYA,estado nutricional en menores de 5 anos,clasificacion c,2001-03-01,15,194,15,194,209
51402,TAHUA,estado nutricional en menores de 5 anos,clasificacion c,2001-03-01,8,35,8,35,43
31101,TAPACARI,estado nutricional en menores de 5 anos,clasificacion c,2001-03-01,25,164,25,164,189
10601,TARABUCO,estado nutricional en menores de 5 anos,clasificacion c,2001-03-01,46,964,46,964,1010
30401,TARATA,estado nutricional en menores de 5 anos,clasificacion c,2001-03-01,6,107,6,107,113
60101,TARIJA,estado nutricional en menores de 5 anos,clasificacion c,2001-03-01,99,1048,99,1048,1147
10202,TARVITA,estado nutricional en menores de 5 anos,clasificacion c,2001-03-01,20,355,20,355,375
20803,TIAWANACU,estado nutricional en menores de 5 anos,clasificacion c,2001-03-01,16,136,16,136,152
50102,TINGUIPAYA,estado nutricional en menores de 5 anos,clasificacion c,2001-03-01,25,149,25,149,174
20606,TIPUANI,estado nutricional en menores de 5 anos,clasificacion c,2001-03-01,30,30,30,30,60
30903,TIQUIPAYA,estado nutricional en menores de 5 anos,clasificacion c,2001-03-01,75,427,75,427,502
31601,TIRAQUE (CBBA),estado nutricional en menores de 5 anos,clasificacion c,2001-03-01,19,173,19,173,192
21703,TITO YUPANQUI (PARQUIPUJIO),estado nutricional en menores de 5 anos,clasificacion c,2001-03-01,4,29,4,29,33
30802,TOCO,estado nutricional en menores de 5 anos,clasificacion c,2001-03-01,3,17,3,17,20
41502,TODOS SANTOS,estado nutricional en menores de 5 anos,clasificacion c,2001-03-01,0,4,0,4,4
30803,TOLATA,estado nutricional en menores de 5 anos,clasificacion c,2001-03-01,5,31,5,31,36
41001,TOLEDO,estado nutricional en menores de 5 anos,clasificacion c,2001-03-01,5,80,5,80,85
51202,TOMAVE,estado nutricional en menores de 5 anos,clasificacion c,2001-03-01,29,96,29,96,125
10402,TOMINA,estado nutricional en menores de 5 anos,clasificacion c,2001-03-01,19,361,19,361,380
50502,TORO TORO,estado nutricional en menores de 5 anos,clasificacion c,2001-03-01,9,55,9,55,64
31201,TOTORA(CBBA),estado nutricional en menores de 5 anos,clasificacion c,2001-03-01,21,325,21,325,346
41301,TOTORA(ORR),estado nutricional en menores de 5 anos,clasificacion c,2001-03-01,6,118,6,118,124
70802,TRIGAL,estado nutricional en menores de 5 anos,clasificacion c,2001-03-01,2,17,2,17,19
80101,TRINIDAD,estado nutricional en menores de 5 anos,clasificacion c,2001-03-01,43,348,43,348,391
50801,TUPIZA,estado nutricional en menores de 5 anos,clasificacion c,2001-03-01,61,1033,61,1033,1094
40402,TURCO,estado nutricional en menores de 5 anos,clasificacion c,2001-03-01,7,39,7,39,46
21302,UMALA,estado nutricional en menores de 5 anos,clasificacion c,2001-03-01,5,26,5,26,31
50201,UNCIA,estado nutricional en menores de 5 anos,clasificacion c,2001-03-01,11,183,11,183,194
60401,URIONDO (A. CONCEPCION),estado nutricional en menores de 5 anos,clasificacion c,2001-03-01,4,116,4,116,120
71502,URUBICHA,estado nutricional en menores de 5 anos,clasificacion c,2001-03-01,6,211,6,211,217
51201,UYUNI,estado nutricional en menores de 5 anos,clasificacion c,2001-03-01,20,198,20,198,218
30502,VACAS,estado nutricional en menores de 5 anos,clasificacion c,2001-03-01,13,34,13,34,47
70801,VALLEGRANDE,estado nutricional en menores de 5 anos,clasificacion c,2001-03-01,10,225,10,225,235
20801,VIACHA,estado nutricional en menores de 5 anos,clasificacion c,2001-03-01,50,441,50,441,491
31302,VILA VILA,estado nutricional en menores de 5 anos,clasificacion c,2001-03-01,65,52,65,52,117
60303,VILLA MONTES,estado nutricional en menores de 5 anos,clasificacion c,2001-03-01,53,297,53,297,350
90502,VILLA NUEVA (LOMA ALTA),estado nutricional en menores de 5 anos,clasificacion c,2001-03-01,0,5,0,5,5
31402,VILLA RIVERO,estado nutricional en menores de 5 anos,clasificacion c,2001-03-01,0,14,0,14,14
10801,VILLA SERRANO,estado nutricional en menores de 5 anos,clasificacion c,2001-03-01,21,445,21,445,466
31003,VILLA TUNARI,estado nutricional en menores de 5 anos,clasificacion c,2001-03-01,45,290,45,290,335
11001,VILLA VACA GUZMAN (MUYUPAMPA),estado nutricional en menores de 5 anos,clasificacion c,2001-03-01,18,431,18,431,449
51501,VILLAZON,estado nutricional en menores de 5 anos,clasificacion c,2001-03-01,45,729,45,729,774
50602,VITICHI,estado nutricional en menores de 5 anos,clasificacion c,2001-03-01,7,165,7,165,172
20306,WALDO BALLIVIAN,estado nutricional en menores de 5 anos,clasificacion c,2001-03-01,0,21,0,21,21
70201,WARNES,estado nutricional en menores de 5 anos,clasificacion c,2001-03-01,43,402,43,402,445
20903,YACO,estado nutricional en menores de 5 anos,clasificacion c,2001-03-01,4,45,4,45,49
60301,YACUIBA,estado nutricional en menores de 5 anos,clasificacion c,2001-03-01,118,647,118,647,765
10602,YAMPARAEZ,estado nutricional en menores de 5 anos,clasificacion c,2001-03-01,25,681,25,681,706
21103,YANACACHI,estado nutricional en menores de 5 anos,clasificacion c,2001-03-01,5,68,5,68,73
70403,YAPACANI,estado nutricional en menores de 5 anos,clasificacion c,2001-03-01,65,174,65,174,239
50103,YOCALLA,estado nutricional en menores de 5 anos,clasificacion c,2001-03-01,11,103,11,103,114
10102,YOTALA,estado nutricional en menores de 5 anos,clasificacion c,2001-03-01,27,516,27,516,543
60402,YUNCHARA,estado nutricional en menores de 5 anos,clasificacion c,2001-03-01,9,40,9,40,49
10301,ZUDAÃ‘EZ,estado nutricional en menores de 5 anos,clasificacion c,2001-03-01,11,393,11,393,404
51302,ACACIO,estado nutricional en menores de 5 anos,clasificacion c,2001-04-01,8,248,8,248,256
20201,ACHACACHI,estado nutricional en menores de 5 anos,clasificacion c,2001-04-01,43,579,43,579,622
20104,ACHOCALLA,estado nutricional en menores de 5 anos,clasificacion c,2001-04-01,8,86,8,86,94
30201,AIQUILE,estado nutricional en menores de 5 anos,clasificacion c,2001-04-01,29,153,29,153,182
31303,ALALAY,estado nutricional en menores de 5 anos,clasificacion c,2001-04-01,60,14,60,14,74
10404,ALCALA,estado nutricional en menores de 5 anos,clasificacion c,2001-04-01,7,128,7,128,135
20202,ANCORAIMES,estado nutricional en menores de 5 anos,clasificacion c,2001-04-01,22,342,22,342,364
41201,ANDAMARCA,estado nutricional en menores de 5 anos,clasificacion c,2001-04-01,4,43,4,43,47
40603,ANTEQUERA,estado nutricional en menores de 5 anos,clasificacion c,2001-04-01,2,38,2,38,40
30402,ANZALDO,estado nutricional en menores de 5 anos,clasificacion c,2001-04-01,16,85,16,85,101
20701,APOLO,estado nutricional en menores de 5 anos,clasificacion c,2001-04-01,26,3,26,3,29
51301,ARAMPAMPA,estado nutricional en menores de 5 anos,clasificacion c,2001-04-01,7,81,7,81,88
30501,ARANI,estado nutricional en menores de 5 anos,clasificacion c,2001-04-01,7,64,7,64,71
30403,ARBIETO,estado nutricional en menores de 5 anos,clasificacion c,2001-04-01,5,95,5,95,100
30601,ARQUE,estado nutricional en menores de 5 anos,clasificacion c,2001-04-01,2,90,2,90,92
71501,ASCENCION DE GUARAYOS,estado nutricional en menores de 5 anos,clasificacion c,2001-04-01,59,816,59,816,875
50802,ATOCHA,estado nutricional en menores de 5 anos,clasificacion c,2001-04-01,4,84,4,84,88
20503,AUCAPATA,estado nutricional en menores de 5 anos,clasificacion c,2001-04-01,4,27,4,27,31
20502,AYATA,estado nutricional en menores de 5 anos,clasificacion c,2001-04-01,8,9,8,9,17
21303,AYO AYO,estado nutricional en menores de 5 anos,clasificacion c,2001-04-01,5,51,5,51,56
30301,AYOPAYA (V. DE INDEPENDENCIA),estado nutricional en menores de 5 anos,clasificacion c,2001-04-01,39,175,39,175,214
10201,AZURDUY,estado nutricional en menores de 5 anos,clasificacion c,2001-04-01,15,285,15,285,300
21203,BATALLAS,estado nutricional en menores de 5 anos,clasificacion c,2001-04-01,10,202,10,202,212
80802,BAURES,estado nutricional en menores de 5 anos,clasificacion c,2001-04-01,7,129,7,129,136
41202,BELEN DE ANDAMARCA,estado nutricional en menores de 5 anos,clasificacion c,2001-04-01,2,11,2,11,13
50104,BELEN DE URMIRI,estado nutricional en menores de 5 anos,clasificacion c,2001-04-01,15,49,15,49,64
90104,BELLA FLOR,estado nutricional en menores de 5 anos,clasificacion c,2001-04-01,7,67,7,67,74
60202,BERMEJO,estado nutricional en menores de 5 anos,clasificacion c,2001-04-01,20,45,20,45,65
50301,BETANZOS,estado nutricional en menores de 5 anos,clasificacion c,2001-04-01,41,313,41,313,354
90103,BOLPEBRA,estado nutricional en menores de 5 anos,clasificacion c,2001-04-01,0,28,0,28,28
70707,BOYUIBE,estado nutricional en menores de 5 anos,clasificacion c,2001-04-01,3,143,3,143,146
70401,BUENA VISTA,estado nutricional en menores de 5 anos,clasificacion c,2001-04-01,17,242,17,242,259
70703,CABEZAS,estado nutricional en menores de 5 anos,clasificacion c,2001-04-01,34,240,34,240,274
20905,CAIROMA,estado nutricional en menores de 5 anos,clasificacion c,2001-04-01,2,28,2,28,30
51102,"CAIZA ""D""",estado nutricional en menores de 5 anos,clasificacion c,2001-04-01,22,257,22,257,279
21003,CAJUATA,estado nutricional en menores de 5 anos,clasificacion c,2001-04-01,5,54,5,54,59
20303,CALACOTO,estado nutricional en menores de 5 anos,clasificacion c,2001-04-01,13,46,13,46,59
21304,CALAMARCA,estado nutricional en menores de 5 anos,clasificacion c,2001-04-01,2,99,2,99,101
10701,CAMARGO,estado nutricional en menores de 5 anos,clasificacion c,2001-04-01,15,254,15,254,269
10901,CAMATAQUI (C. VILLA ABECIA),estado nutricional en menores de 5 anos,clasificacion c,2001-04-01,8,182,8,182,190
70706,CAMIRI,estado nutricional en menores de 5 anos,clasificacion c,2001-04-01,14,431,14,431,445
20302,CAQUIAVIRI,estado nutricional en menores de 5 anos,clasificacion c,2001-04-01,8,161,8,161,169
40102,CARACOLLO,estado nutricional en menores de 5 anos,clasificacion c,2001-04-01,25,331,25,331,356
22001,CARANAVI,estado nutricional en menores de 5 anos,clasificacion c,2001-04-01,87,988,87,988,1075
41503,CARANGAS,estado nutricional en menores de 5 anos,clasificacion c,2001-04-01,0,4,0,4,4
60302,CARAPARI,estado nutricional en menores de 5 anos,clasificacion c,2001-04-01,17,179,17,179,196
50702,CARIPUYO,estado nutricional en menores de 5 anos,clasificacion c,2001-04-01,10,105,10,105,115
21902,CATACORA,estado nutricional en menores de 5 anos,clasificacion c,2001-04-01,0,13,0,13,13
21803,CHACARILLA,estado nutricional en menores de 5 anos,clasificacion c,2001-04-01,2,35,2,35,37
40201,CHALLAPATA,estado nutricional en menores de 5 anos,clasificacion c,2001-04-01,16,126,16,126,142
50302,CHAQUI,estado nutricional en menores de 5 anos,clasificacion c,2001-04-01,19,199,19,199,218
70702,CHARAGUA,estado nutricional en menores de 5 anos,clasificacion c,2001-04-01,47,496,47,496,543
20305,CHARAÃ‘A,estado nutricional en menores de 5 anos,clasificacion c,2001-04-01,1,41,1,41,42
50202,CHAYANTA,estado nutricional en menores de 5 anos,clasificacion c,2001-04-01,2,22,2,22,24
31204,CHIMORE,estado nutricional en menores de 5 anos,clasificacion c,2001-04-01,6,134,6,134,140
40903,CHIPAYA,estado nutricional en menores de 5 anos,clasificacion c,2001-04-01,7,0,7,0,7
40302,CHOQUE COTA,estado nutricional en menores de 5 anos,clasificacion c,2001-04-01,4,15,4,15,19
21101,CHULUMANI (V. DE LA LIBERTAD),estado nutricional en menores de 5 anos,clasificacion c,2001-04-01,10,229,10,229,239
20501,CHUMA,estado nutricional en menores de 5 anos,clasificacion c,2001-04-01,3,9,3,9,12
30801,CLIZA,estado nutricional en menores de 5 anos,clasificacion c,2001-04-01,23,61,23,61,84
90101,COBIJA,estado nutricional en menores de 5 anos,clasificacion c,2001-04-01,104,343,104,343,447
30101,COCHABAMBA,estado nutricional en menores de 5 anos,clasificacion c,2001-04-01,294,1994,294,1994,2288
40902,COIPASA,estado nutricional en menores de 5 anos,clasificacion c,2001-04-01,0,6,0,6,6
30905,COLCAPIRHUA,estado nutricional en menores de 5 anos,clasificacion c,2001-04-01,21,45,21,45,66
50901,"COLCHA ""K""",estado nutricional en menores de 5 anos,clasificacion c,2001-04-01,20,178,20,178,198
31002,COLOMI,estado nutricional en menores de 5 anos,clasificacion c,2001-04-01,20,182,20,182,202
70603,COLPA BELGICA,estado nutricional en menores de 5 anos,clasificacion c,2001-04-01,7,28,7,28,35
50401,COLQUECHACA,estado nutricional en menores de 5 anos,clasificacion c,2001-04-01,30,233,30,233,263
21306,COLQUENCHA,estado nutricional en menores de 5 anos,clasificacion c,2001-04-01,30,92,30,92,122
21004,COLQUIRI,estado nutricional en menores de 5 anos,clasificacion c,2001-04-01,9,239,9,239,248
20304,COMANCHE,estado nutricional en menores de 5 anos,clasificacion c,2001-04-01,4,47,4,47,51
71301,COMARAPA,estado nutricional en menores de 5 anos,clasificacion c,2001-04-01,5,183,5,183,188
20605,COMBAYA,estado nutricional en menores de 5 anos,clasificacion c,2001-04-01,5,39,5,39,44
71101,CONCEPCION,estado nutricional en menores de 5 anos,clasificacion c,2001-04-01,24,170,24,170,194
21701,COPACABANA,estado nutricional en menores de 5 anos,clasificacion c,2001-04-01,18,156,18,156,174
21402,CORIPATA,estado nutricional en menores de 5 anos,clasificacion c,2001-04-01,25,88,25,88,113
20301,CORO CORO,estado nutricional en menores de 5 anos,clasificacion c,2001-04-01,10,262,10,262,272
21401,COROICO,estado nutricional en menores de 5 anos,clasificacion c,2001-04-01,23,186,23,186,209
40301,CORQUE,estado nutricional en menores de 5 anos,clasificacion c,2001-04-01,8,81,8,81,89
50601,COTAGAITA,estado nutricional en menores de 5 anos,clasificacion c,2001-04-01,18,455,18,455,473
31405,CUCHUMUELA (V. G. VILLARROEL),estado nutricional en menores de 5 anos,clasificacion c,2001-04-01,2,1,2,1,3
70704,CUEVO,estado nutricional en menores de 5 anos,clasificacion c,2001-04-01,5,165,5,165,170
10902,CULPINA,estado nutricional en menores de 5 anos,clasificacion c,2001-04-01,31,566,31,566,597
40401,CURAHUARA DE CARANGAS,estado nutricional en menores de 5 anos,clasificacion c,2001-04-01,5,70,5,70,75
21602,CURVA,estado nutricional en menores de 5 anos,clasificacion c,2001-04-01,1,15,1,15,16
20804,DESAGUADERO,estado nutricional en menores de 5 anos,clasificacion c,2001-04-01,2,68,2,68,70
20105,EL ALTO,estado nutricional en menores de 5 anos,clasificacion c,2001-04-01,974,5257,974,5257,6231
40103,EL CHORO,estado nutricional en menores de 5 anos,clasificacion c,2001-04-01,6,25,6,25,31
71503,EL PUENTE(STC),estado nutricional en menores de 5 anos,clasificacion c,2001-04-01,9,166,9,166,175
60502,EL PUENTE(TJA),estado nutricional en menores de 5 anos,clasificacion c,2001-04-01,15,101,15,101,116
70105,EL TORNO,estado nutricional en menores de 5 anos,clasificacion c,2001-04-01,10,73,10,73,83
10405,EL VILLAR,estado nutricional en menores de 5 anos,clasificacion c,2001-04-01,29,267,29,267,296
60601,ENTRE RIOS,estado nutricional en menores de 5 anos,clasificacion c,2001-04-01,28,368,28,368,396
40502,ESCARA,estado nutricional en menores de 5 anos,clasificacion c,2001-04-01,0,4,0,4,4
41101,EUCALIPTUS,estado nutricional en menores de 5 anos,clasificacion c,2001-04-01,4,108,4,108,112
80402,EXALTACION,estado nutricional en menores de 5 anos,clasificacion c,2001-04-01,3,28,3,28,31
90203,FILADELFIA,estado nutricional en menores de 5 anos,clasificacion c,2001-04-01,0,16,0,16,16
71002,GENERAL SAAVEDRA,estado nutricional en menores de 5 anos,clasificacion c,2001-04-01,17,435,17,435,452
21601,GRAL. J.J. PEREZ (CHARAZANI),estado nutricional en menores de 5 anos,clasificacion c,2001-04-01,3,48,3,48,51
20602,GUANAY,estado nutricional en menores de 5 anos,clasificacion c,2001-04-01,12,288,12,288,300
20802,GUAQUI,estado nutricional en menores de 5 anos,clasificacion c,2001-04-01,2,26,2,26,28
80202,GUAYARAMERIN,estado nutricional en menores de 5 anos,clasificacion c,2001-04-01,59,407,59,407,466
70705,GUTIERREZ,estado nutricional en menores de 5 anos,clasificacion c,2001-04-01,52,485,52,485,537
10502,HUACARETA,estado nutricional en menores de 5 anos,clasificacion c,2001-04-01,23,565,23,565,588
11002,HUACAYA (VILLA DE HUACAYA),estado nutricional en menores de 5 anos,clasificacion c,2001-04-01,4,103,4,103,107
40501,HUACHACALLA,estado nutricional en menores de 5 anos,clasificacion c,2001-04-01,1,10,1,10,11
40701,HUANUNI,estado nutricional en menores de 5 anos,clasificacion c,2001-04-01,19,137,19,137,156
80803,HUARACAJE,estado nutricional en menores de 5 anos,clasificacion c,2001-04-01,4,53,4,53,57
41601,HUAYLLAMARCA,estado nutricional en menores de 5 anos,clasificacion c,2001-04-01,5,102,5,102,107
21005,ICHOCA,estado nutricional en menores de 5 anos,clasificacion c,2001-04-01,3,72,3,72,75
10304,ICLA,estado nutricional en menores de 5 anos,clasificacion c,2001-04-01,30,424,30,424,454
10703,INCAHUASI,estado nutricional en menores de 5 anos,clasificacion c,2001-04-01,21,203,21,203,224
21001,INQUISIVI,estado nutricional en menores de 5 anos,clasificacion c,2001-04-01,10,116,10,116,126
21102,IRUPANA (VILLA DE LANZA),estado nutricional en menores de 5 anos,clasificacion c,2001-04-01,30,257,30,257,287
21501,IXIAMAS,estado nutricional en menores de 5 anos,clasificacion c,2001-04-01,8,174,8,174,182
21105,LA ASUNTA,estado nutricional en menores de 5 anos,clasificacion c,2001-04-01,8,224,8,224,232
70104,LA GUARDIA,estado nutricional en menores de 5 anos,clasificacion c,2001-04-01,0,2,0,2,2
20101,LA PAZ,estado nutricional en menores de 5 anos,clasificacion c,2001-04-01,593,3331,593,3331,3924
41501,LA RIVERA,estado nutricional en menores de 5 anos,clasificacion c,2001-04-01,0,4,0,4,4
70701,LAGUNILLAS,estado nutricional en menores de 5 anos,clasificacion c,2001-04-01,47,237,47,237,284
21202,LAJA,estado nutricional en menores de 5 anos,clasificacion c,2001-04-01,10,79,10,79,89
10903,LAS CARRERAS,estado nutricional en menores de 5 anos,clasificacion c,2001-04-01,10,147,10,147,157
21006,LICOMA PAMPA,estado nutricional en menores de 5 anos,clasificacion c,2001-04-01,3,17,3,17,20
50203,LLALLAGUA,estado nutricional en menores de 5 anos,clasificacion c,2001-04-01,9,348,9,348,357
51401,LLICA,estado nutricional en menores de 5 anos,clasificacion c,2001-04-01,8,94,8,94,102
80601,LORETO,estado nutricional en menores de 5 anos,clasificacion c,2001-04-01,7,75,7,75,82
20901,LURIBAY,estado nutricional en menores de 5 anos,clasificacion c,2001-04-01,2,112,2,112,114
40702,MACHACAMARCA,estado nutricional en menores de 5 anos,clasificacion c,2001-04-01,2,41,2,41,43
11003,MACHARETI,estado nutricional en menores de 5 anos,clasificacion c,2001-04-01,25,496,25,496,521
80801,MAGDALENA,estado nutricional en menores de 5 anos,clasificacion c,2001-04-01,7,57,7,57,64
70903,MAIRANA,estado nutricional en menores de 5 anos,clasificacion c,2001-04-01,10,110,10,110,120
20904,MALLA,estado nutricional en menores de 5 anos,clasificacion c,2001-04-01,0,63,0,63,63
20103,MECAPACA,estado nutricional en menores de 5 anos,clasificacion c,2001-04-01,9,101,9,101,110
71003,MINEROS,estado nutricional en menores de 5 anos,clasificacion c,2001-04-01,69,799,69,799,868
31301,MIZQUE,estado nutricional en menores de 5 anos,clasificacion c,2001-04-01,123,61,123,61,184
20402,MOCOMOCO,estado nutricional en menores de 5 anos,clasificacion c,2001-04-01,19,211,19,211,230
51002,MOJINETE,estado nutricional en menores de 5 anos,clasificacion c,2001-04-01,1,21,1,21,22
10303,MOJOCOYA,estado nutricional en menores de 5 anos,clasificacion c,2001-04-01,17,490,17,490,507
10501,MONTEAGUDO,estado nutricional en menores de 5 anos,clasificacion c,2001-04-01,37,589,37,589,626
71001,MONTERO,estado nutricional en menores de 5 anos,clasificacion c,2001-04-01,178,1418,178,1418,1596
70803,MORO MORO,estado nutricional en menores de 5 anos,clasificacion c,2001-04-01,1,27,1,27,28
30302,MOROCHATA,estado nutricional en menores de 5 anos,clasificacion c,2001-04-01,6,163,6,163,169
90401,NACEBE (SANTA ROSA DEL ABUNA),estado nutricional en menores de 5 anos,clasificacion c,2001-04-01,1,2,1,2,3
90501,NUEVO MANOA (NUEVA ESPERANZA),estado nutricional en menores de 5 anos,clasificacion c,2001-04-01,1,6,1,6,7
50404,OCURI,estado nutricional en menores de 5 anos,clasificacion c,2001-04-01,21,217,21,217,238
70202,OKINAWA,estado nutricional en menores de 5 anos,clasificacion c,2001-04-01,3,156,3,156,159
30203,OMEREQUE,estado nutricional en menores de 5 anos,clasificacion c,2001-04-01,2,85,2,85,87
40101,ORURO,estado nutricional en menores de 5 anos,clasificacion c,2001-04-01,177,2067,177,2067,2244
60201,PADCAYA,estado nutricional en menores de 5 anos,clasificacion c,2001-04-01,20,337,20,337,357
10401,PADILLA,estado nutricional en menores de 5 anos,clasificacion c,2001-04-01,14,578,14,578,592
70502,PAILON,estado nutricional en menores de 5 anos,clasificacion c,2001-04-01,14,180,14,180,194
20102,PALCA,estado nutricional en menores de 5 anos,clasificacion c,2001-04-01,5,135,5,135,140
21104,PALOS BLANCOS,estado nutricional en menores de 5 anos,clasificacion c,2001-04-01,26,399,26,399,425
40802,PAMPA AULLAGAS,estado nutricional en menores de 5 anos,clasificacion c,2001-04-01,0,21,0,21,21
70902,PAMPA GRANDE,estado nutricional en menores de 5 anos,clasificacion c,2001-04-01,6,89,6,89,95
21802,PAPEL PAMPA,estado nutricional en menores de 5 anos,clasificacion c,2001-04-01,8,39,8,39,47
30202,PASORAPA,estado nutricional en menores de 5 anos,clasificacion c,2001-04-01,1,34,1,34,35
21305,PATACAMAYA,estado nutricional en menores de 5 anos,clasificacion c,2001-04-01,21,96,21,96,117
40602,PAZÃ‘A,estado nutricional en menores de 5 anos,clasificacion c,2001-04-01,6,56,6,56,62
20702,PELECHUCO,estado nutricional en menores de 5 anos,clasificacion c,2001-04-01,7,28,7,28,35
50403,POCOATA,estado nutricional en menores de 5 anos,clasificacion c,2001-04-01,24,239,24,239,263
31203,POCONA,estado nutricional en menores de 5 anos,clasificacion c,2001-04-01,10,104,10,104,114
31202,POJO (CBBA),estado nutricional en menores de 5 anos,clasificacion c,2001-04-01,95,351,95,351,446
40601,POOPO,estado nutricional en menores de 5 anos,clasificacion c,2001-04-01,6,44,6,44,50
51203,PORCO,estado nutricional en menores de 5 anos,clasificacion c,2001-04-01,10,71,10,71,81
10103,POROMA,estado nutricional en menores de 5 anos,clasificacion c,2001-04-01,31,367,31,367,398
70103,PORONGO,estado nutricional en menores de 5 anos,clasificacion c,2001-04-01,9,171,9,171,180
70601,PORTACHUELO,estado nutricional en menores de 5 anos,clasificacion c,2001-04-01,57,215,57,215,272
90102,PORVENIR,estado nutricional en menores de 5 anos,clasificacion c,2001-04-01,5,133,5,133,138
50101,POTOSI,estado nutricional en menores de 5 anos,clasificacion c,2001-04-01,165,1011,165,1011,1176
10302,PRESTO,estado nutricional en menores de 5 anos,clasificacion c,2001-04-01,10,275,10,275,285
70805,PUCARA,estado nutricional en menores de 5 anos,clasificacion c,2001-04-01,0,33,0,33,33
21201,PUCARANI,estado nutricional en menores de 5 anos,clasificacion c,2001-04-01,13,207,13,207,220
20401,PUERTO ACOSTA,estado nutricional en menores de 5 anos,clasificacion c,2001-04-01,24,257,24,257,281
20403,PUERTO CARABUCO,estado nutricional en menores de 5 anos,clasificacion c,2001-04-01,21,227,21,227,248
90301,PUERTO GONZALO MORENO,estado nutricional en menores de 5 anos,clasificacion c,2001-04-01,0,15,0,15,15
21204,PUERTO PEREZ,estado nutricional en menores de 5 anos,clasificacion c,2001-04-01,5,51,5,51,56
71402,PUERTO QUIJARRO,estado nutricional en menores de 5 anos,clasificacion c,2001-04-01,17,137,17,137,154
90201,PUERTO RICO,estado nutricional en menores de 5 anos,clasificacion c,2001-04-01,7,30,7,30,37
80703,PUERTO SILES,estado nutricional en menores de 5 anos,clasificacion c,2001-04-01,0,3,0,3,3
71401,PUERTO SUAREZ,estado nutricional en menores de 5 anos,clasificacion c,2001-04-01,30,122,30,122,152
31205,PUERTO VILLARROEL,estado nutricional en menores de 5 anos,clasificacion c,2001-04-01,47,403,47,403,450
51101,PUNA,estado nutricional en menores de 5 anos,clasificacion c,2001-04-01,67,465,67,465,532
31401,PUNATA,estado nutricional en menores de 5 anos,clasificacion c,2001-04-01,17,394,17,394,411
20604,QUIABAYA,estado nutricional en menores de 5 anos,clasificacion c,2001-04-01,1,34,1,34,35
30901,QUILLACOLLO,estado nutricional en menores de 5 anos,clasificacion c,2001-04-01,102,216,102,216,318
21002,QUIME,estado nutricional en menores de 5 anos,clasificacion c,2001-04-01,9,82,9,82,91
70904,QUIRUSILLAS,estado nutricional en menores de 5 anos,clasificacion c,2001-04-01,0,22,0,22,22
50402,RAVELO,estado nutricional en menores de 5 anos,clasificacion c,2001-04-01,42,478,42,478,520
80301,REYES,estado nutricional en menores de 5 anos,clasificacion c,2001-04-01,14,194,14,194,208
80201,RIBERALTA,estado nutricional en menores de 5 anos,clasificacion c,2001-04-01,73,819,73,819,892
70503,ROBORE,estado nutricional en menores de 5 anos,clasificacion c,2001-04-01,15,198,15,198,213
80304,RURRENABAQUE,estado nutricional en menores de 5 anos,clasificacion c,2001-04-01,113,107,113,107,220
40901,SABAYA,estado nutricional en menores de 5 anos,clasificacion c,2001-04-01,4,14,4,14,18
31001,SACABA,estado nutricional en menores de 5 anos,clasificacion c,2001-04-01,31,154,31,154,185
30404,SACABAMBA,estado nutricional en menores de 5 anos,clasificacion c,2001-04-01,18,149,18,149,167
50701,SACACA,estado nutricional en menores de 5 anos,clasificacion c,2001-04-01,24,335,24,335,359
71302,SAIPINA,estado nutricional en menores de 5 anos,clasificacion c,2001-04-01,3,21,3,21,24
40801,SALINAS DE GARCI MENDOZA,estado nutricional en menores de 5 anos,clasificacion c,2001-04-01,6,132,6,132,138
70901,SAMAIPATA,estado nutricional en menores de 5 anos,clasificacion c,2001-04-01,12,115,12,115,127
51601,SAN AGUSTIN,estado nutricional en menores de 5 anos,clasificacion c,2001-04-01,3,66,3,66,69
80602,SAN ANDRES,estado nutricional en menores de 5 anos,clasificacion c,2001-04-01,3,38,3,38,41
51003,SAN ANTONIO DE ESMORUCO,estado nutricional en menores de 5 anos,clasificacion c,2001-04-01,2,23,2,23,25
71105,SAN ANTONIO DE LOMERIO,estado nutricional en menores de 5 anos,clasificacion c,2001-04-01,24,121,24,121,145
31403,SAN BENITO,estado nutricional en menores de 5 anos,clasificacion c,2001-04-01,21,110,21,110,131
80302,SAN BORJA,estado nutricional en menores de 5 anos,clasificacion c,2001-04-01,59,447,59,447,506
21502,SAN BUENA VENTURA,estado nutricional en menores de 5 anos,clasificacion c,2001-04-01,6,143,6,143,149
70402,SAN CARLOS,estado nutricional en menores de 5 anos,clasificacion c,2001-04-01,34,208,34,208,242
80501,SAN IGNACIO,estado nutricional en menores de 5 anos,clasificacion c,2001-04-01,33,298,33,298,331
70301,SAN IGNACIO DE VELASCO,estado nutricional en menores de 5 anos,clasificacion c,2001-04-01,59,902,59,902,961
80102,SAN JAVIER(BNI),estado nutricional en menores de 5 anos,clasificacion c,2001-04-01,1,53,1,53,54
71102,SAN JAVIER(STC),estado nutricional en menores de 5 anos,clasificacion c,2001-04-01,47,210,47,210,257
80701,SAN JOAQUIN,estado nutricional en menores de 5 anos,clasificacion c,2001-04-01,3,45,3,45,48
70501,SAN JOSE DE CHIQUITOS,estado nutricional en menores de 5 anos,clasificacion c,2001-04-01,11,193,11,193,204
71104,SAN JULIAN,estado nutricional en menores de 5 anos,clasificacion c,2001-04-01,61,831,61,831,892
90302,SAN LORENZO(PND),estado nutricional en menores de 5 anos,clasificacion c,2001-04-01,8,95,8,95,103
60501,SAN LORENZO(TJA),estado nutricional en menores de 5 anos,clasificacion c,2001-04-01,7,121,7,121,128
10702,SAN LUCAS,estado nutricional en menores de 5 anos,clasificacion c,2001-04-01,86,885,86,885,971
71201,SAN MATIAS,estado nutricional en menores de 5 anos,clasificacion c,2001-04-01,7,96,7,96,103
70302,SAN MIGUEL DE VELASCO,estado nutricional en menores de 5 anos,clasificacion c,2001-04-01,33,198,33,198,231
51001,SAN PABLO DE LIPEZ,estado nutricional en menores de 5 anos,clasificacion c,2001-04-01,5,44,5,44,49
50501,SAN PEDRO DE BUENA VISTA,estado nutricional en menores de 5 anos,clasificacion c,2001-04-01,4,283,4,283,287
21801,SAN PEDRO DE CURAHUARA,estado nutricional en menores de 5 anos,clasificacion c,2001-04-01,6,102,6,102,108
50902,SAN PEDRO DE QUEMES,estado nutricional en menores de 5 anos,clasificacion c,2001-04-01,3,21,3,21,24
21702,SAN PEDRO DE TIQUINA,estado nutricional en menores de 5 anos,clasificacion c,2001-04-01,3,34,3,34,37
70303,SAN RAFAEL,estado nutricional en menores de 5 anos,clasificacion c,2001-04-01,9,102,9,102,111
80702,SAN RAMON,estado nutricional en menores de 5 anos,clasificacion c,2001-04-01,9,44,9,44,53
80702,SAN RAMON,estado nutricional en menores de 5 anos,clasificacion c,2001-04-01,10,89,10,89,99
80401,SANTA ANA,estado nutricional en menores de 5 anos,clasificacion c,2001-04-01,33,172,33,172,205
70101,SANTA CRUZ DE LA SIERRA,estado nutricional en menores de 5 anos,clasificacion c,2001-04-01,489,2261,489,2261,2750
80303,SANTA ROSA,estado nutricional en menores de 5 anos,clasificacion c,2001-04-01,21,61,21,61,82
70602,SANTA ROSA DEL SARA,estado nutricional en menores de 5 anos,clasificacion c,2001-04-01,11,88,11,88,99
20308,SANTIAGO DE CALLAPA,estado nutricional en menores de 5 anos,clasificacion c,2001-04-01,5,54,5,54,59
41401,SANTIAGO DE HUARI,estado nutricional en menores de 5 anos,clasificacion c,2001-04-01,6,67,6,67,73
21901,SANTIAGO DE MACHACA,estado nutricional en menores de 5 anos,clasificacion c,2001-04-01,0,17,0,17,17
30702,SANTIVAÃ‘ES,estado nutricional en menores de 5 anos,clasificacion c,2001-04-01,91,60,91,60,151
40202,SANTUARIO DE QUILLACAS,estado nutricional en menores de 5 anos,clasificacion c,2001-04-01,3,61,3,61,64
20902,SAPAHAQUI,estado nutricional en menores de 5 anos,clasificacion c,2001-04-01,2,74,2,74,76
21301,SICA SICA (VILLA AROMA),estado nutricional en menores de 5 anos,clasificacion c,2001-04-01,19,175,19,175,194
30703,SICAYA,estado nutricional en menores de 5 anos,clasificacion c,2001-04-01,0,56,0,56,56
10403,SOPACHUY,estado nutricional en menores de 5 anos,clasificacion c,2001-04-01,15,283,15,283,298
20601,SORATA,estado nutricional en menores de 5 anos,clasificacion c,2001-04-01,16,225,16,225,241
10101,SUCRE,estado nutricional en menores de 5 anos,clasificacion c,2001-04-01,423,3779,423,3779,4202
31404,TACACHI,estado nutricional en menores de 5 anos,clasificacion c,2001-04-01,2,14,2,14,16
20603,TACACOMA,estado nutricional en menores de 5 anos,clasificacion c,2001-04-01,2,22,2,22,24
50303,TACOBAMBA,estado nutricional en menores de 5 anos,clasificacion c,2001-04-01,12,175,12,175,187
30602,TACOPAYA,estado nutricional en menores de 5 anos,clasificacion c,2001-04-01,10,201,10,201,211
51402,TAHUA,estado nutricional en menores de 5 anos,clasificacion c,2001-04-01,2,38,2,38,40
31101,TAPACARI,estado nutricional en menores de 5 anos,clasificacion c,2001-04-01,13,151,13,151,164
10601,TARABUCO,estado nutricional en menores de 5 anos,clasificacion c,2001-04-01,40,897,40,897,937
30401,TARATA,estado nutricional en menores de 5 anos,clasificacion c,2001-04-01,8,86,8,86,94
60101,TARIJA,estado nutricional en menores de 5 anos,clasificacion c,2001-04-01,64,890,64,890,954
10202,TARVITA,estado nutricional en menores de 5 anos,clasificacion c,2001-04-01,21,387,21,387,408
20803,TIAWANACU,estado nutricional en menores de 5 anos,clasificacion c,2001-04-01,9,123,9,123,132
50102,TINGUIPAYA,estado nutricional en menores de 5 anos,clasificacion c,2001-04-01,20,111,20,111,131
20606,TIPUANI,estado nutricional en menores de 5 anos,clasificacion c,2001-04-01,1,18,1,18,19
30903,TIQUIPAYA,estado nutricional en menores de 5 anos,clasificacion c,2001-04-01,50,248,50,248,298
31601,TIRAQUE (CBBA),estado nutricional en menores de 5 anos,clasificacion c,2001-04-01,11,117,11,117,128
21703,TITO YUPANQUI (PARQUIPUJIO),estado nutricional en menores de 5 anos,clasificacion c,2001-04-01,0,34,0,34,34
30802,TOCO,estado nutricional en menores de 5 anos,clasificacion c,2001-04-01,1,25,1,25,26
30803,TOLATA,estado nutricional en menores de 5 anos,clasificacion c,2001-04-01,3,27,3,27,30
41001,TOLEDO,estado nutricional en menores de 5 anos,clasificacion c,2001-04-01,9,55,9,55,64
51202,TOMAVE,estado nutricional en menores de 5 anos,clasificacion c,2001-04-01,31,245,31,245,276
10402,TOMINA,estado nutricional en menores de 5 anos,clasificacion c,2001-04-01,18,429,18,429,447
50502,TORO TORO,estado nutricional en menores de 5 anos,clasificacion c,2001-04-01,11,74,11,74,85
31201,TOTORA(CBBA),estado nutricional en menores de 5 anos,clasificacion c,2001-04-01,28,389,28,389,417
41301,TOTORA(ORR),estado nutricional en menores de 5 anos,clasificacion c,2001-04-01,6,49,6,49,55
70802,TRIGAL,estado nutricional en menores de 5 anos,clasificacion c,2001-04-01,1,28,1,28,29
80101,TRINIDAD,estado nutricional en menores de 5 anos,clasificacion c,2001-04-01,102,556,102,556,658
50801,TUPIZA,estado nutricional en menores de 5 anos,clasificacion c,2001-04-01,59,784,59,784,843
40402,TURCO,estado nutricional en menores de 5 anos,clasificacion c,2001-04-01,4,54,4,54,58
21302,UMALA,estado nutricional en menores de 5 anos,clasificacion c,2001-04-01,4,21,4,21,25
50201,UNCIA,estado nutricional en menores de 5 anos,clasificacion c,2001-04-01,19,183,19,183,202
60401,URIONDO (A. CONCEPCION),estado nutricional en menores de 5 anos,clasificacion c,2001-04-01,5,162,5,162,167
71502,URUBICHA,estado nutricional en menores de 5 anos,clasificacion c,2001-04-01,0,18,0,18,18
51201,UYUNI,estado nutricional en menores de 5 anos,clasificacion c,2001-04-01,25,467,25,467,492
30502,VACAS,estado nutricional en menores de 5 anos,clasificacion c,2001-04-01,6,30,6,30,36
70801,VALLEGRANDE,estado nutricional en menores de 5 anos,clasificacion c,2001-04-01,11,220,11,220,231
20801,VIACHA,estado nutricional en menores de 5 anos,clasificacion c,2001-04-01,56,389,56,389,445
31302,VILA VILA,estado nutricional en menores de 5 anos,clasificacion c,2001-04-01,13,2,13,2,15
60303,VILLA MONTES,estado nutricional en menores de 5 anos,clasificacion c,2001-04-01,30,216,30,216,246
31402,VILLA RIVERO,estado nutricional en menores de 5 anos,clasificacion c,2001-04-01,18,18,18,18,36
10801,VILLA SERRANO,estado nutricional en menores de 5 anos,clasificacion c,2001-04-01,27,473,27,473,500
31003,VILLA TUNARI,estado nutricional en menores de 5 anos,clasificacion c,2001-04-01,29,119,29,119,148
11001,VILLA VACA GUZMAN (MUYUPAMPA),estado nutricional en menores de 5 anos,clasificacion c,2001-04-01,15,539,15,539,554
51501,VILLAZON,estado nutricional en menores de 5 anos,clasificacion c,2001-04-01,47,618,47,618,665
30904,VINTO,estado nutricional en menores de 5 anos,clasificacion c,2001-04-01,37,196,37,196,233
50602,VITICHI,estado nutricional en menores de 5 anos,clasificacion c,2001-04-01,25,214,25,214,239
20306,WALDO BALLIVIAN,estado nutricional en menores de 5 anos,clasificacion c,2001-04-01,0,29,0,29,29
70201,WARNES,estado nutricional en menores de 5 anos,clasificacion c,2001-04-01,26,287,26,287,313
20903,YACO,estado nutricional en menores de 5 anos,clasificacion c,2001-04-01,4,48,4,48,52
60301,YACUIBA,estado nutricional en menores de 5 anos,clasificacion c,2001-04-01,84,440,84,440,524
10602,YAMPARAEZ,estado nutricional en menores de 5 anos,clasificacion c,2001-04-01,31,607,31,607,638
21103,YANACACHI,estado nutricional en menores de 5 anos,clasificacion c,2001-04-01,5,99,5,99,104
70403,YAPACANI,estado nutricional en menores de 5 anos,clasificacion c,2001-04-01,23,205,23,205,228
50103,YOCALLA,estado nutricional en menores de 5 anos,clasificacion c,2001-04-01,27,212,27,212,239
10102,YOTALA,estado nutricional en menores de 5 anos,clasificacion c,2001-04-01,25,508,25,508,533
60402,YUNCHARA,estado nutricional en menores de 5 anos,clasificacion c,2001-04-01,3,50,3,50,53
10301,ZUDAÃ‘EZ,estado nutricional en menores de 5 anos,clasificacion c,2001-04-01,16,439,16,439,455
51302,ACACIO,estado nutricional en menores de 5 anos,clasificacion c,2001-05-01,2,189,2,189,191
20201,ACHACACHI,estado nutricional en menores de 5 anos,clasificacion c,2001-05-01,75,960,75,960,1035
20104,ACHOCALLA,estado nutricional en menores de 5 anos,clasificacion c,2001-05-01,11,96,11,96,107
30201,AIQUILE,estado nutricional en menores de 5 anos,clasificacion c,2001-05-01,77,97,77,97,174
31303,ALALAY,estado nutricional en menores de 5 anos,clasificacion c,2001-05-01,32,6,32,6,38
10404,ALCALA,estado nutricional en menores de 5 anos,clasificacion c,2001-05-01,4,170,4,170,174
20202,ANCORAIMES,estado nutricional en menores de 5 anos,clasificacion c,2001-05-01,25,394,25,394,419
41201,ANDAMARCA,estado nutricional en menores de 5 anos,clasificacion c,2001-05-01,12,84,12,84,96
40603,ANTEQUERA,estado nutricional en menores de 5 anos,clasificacion c,2001-05-01,3,50,3,50,53
30402,ANZALDO,estado nutricional en menores de 5 anos,clasificacion c,2001-05-01,6,140,6,140,146
20701,APOLO,estado nutricional en menores de 5 anos,clasificacion c,2001-05-01,28,2,28,2,30
51301,ARAMPAMPA,estado nutricional en menores de 5 anos,clasificacion c,2001-05-01,2,46,2,46,48
30501,ARANI,estado nutricional en menores de 5 anos,clasificacion c,2001-05-01,6,22,6,22,28
30403,ARBIETO,estado nutricional en menores de 5 anos,clasificacion c,2001-05-01,2,76,2,76,78
30601,ARQUE,estado nutricional en menores de 5 anos,clasificacion c,2001-05-01,12,43,12,43,55
71501,ASCENCION DE GUARAYOS,estado nutricional en menores de 5 anos,clasificacion c,2001-05-01,5,74,5,74,79
50802,ATOCHA,estado nutricional en menores de 5 anos,clasificacion c,2001-05-01,14,82,14,82,96
20503,AUCAPATA,estado nutricional en menores de 5 anos,clasificacion c,2001-05-01,17,15,17,15,32
20502,AYATA,estado nutricional en menores de 5 anos,clasificacion c,2001-05-01,22,15,22,15,37
21303,AYO AYO,estado nutricional en menores de 5 anos,clasificacion c,2001-05-01,33,9,33,9,42
30301,AYOPAYA (V. DE INDEPENDENCIA),estado nutricional en menores de 5 anos,clasificacion c,2001-05-01,29,423,29,423,452
10201,AZURDUY,estado nutricional en menores de 5 anos,clasificacion c,2001-05-01,16,361,16,361,377
21203,BATALLAS,estado nutricional en menores de 5 anos,clasificacion c,2001-05-01,17,227,17,227,244
80802,BAURES,estado nutricional en menores de 5 anos,clasificacion c,2001-05-01,6,158,6,158,164
41202,BELEN DE ANDAMARCA,estado nutricional en menores de 5 anos,clasificacion c,2001-05-01,0,9,0,9,9
50104,BELEN DE URMIRI,estado nutricional en menores de 5 anos,clasificacion c,2001-05-01,5,64,5,64,69
90104,BELLA FLOR,estado nutricional en menores de 5 anos,clasificacion c,2001-05-01,3,26,3,26,29
60202,BERMEJO,estado nutricional en menores de 5 anos,clasificacion c,2001-05-01,26,55,26,55,81
50301,BETANZOS,estado nutricional en menores de 5 anos,clasificacion c,2001-05-01,41,542,41,542,583
31501,BOLIVAR,estado nutricional en menores de 5 anos,clasificacion c,2001-05-01,11,168,11,168,179
90103,BOLPEBRA,estado nutricional en menores de 5 anos,clasificacion c,2001-05-01,0,42,0,42,42
70707,BOYUIBE,estado nutricional en menores de 5 anos,clasificacion c,2001-05-01,11,88,11,88,99
70401,BUENA VISTA,estado nutricional en menores de 5 anos,clasificacion c,2001-05-01,30,225,30,225,255
70703,CABEZAS,estado nutricional en menores de 5 anos,clasificacion c,2001-05-01,46,670,46,670,716
20905,CAIROMA,estado nutricional en menores de 5 anos,clasificacion c,2001-05-01,7,52,7,52,59
51102,"CAIZA ""D""",estado nutricional en menores de 5 anos,clasificacion c,2001-05-01,26,451,26,451,477
21003,CAJUATA,estado nutricional en menores de 5 anos,clasificacion c,2001-05-01,4,27,4,27,31
20303,CALACOTO,estado nutricional en menores de 5 anos,clasificacion c,2001-05-01,2,9,2,9,11
21304,CALAMARCA,estado nutricional en menores de 5 anos,clasificacion c,2001-05-01,44,113,44,113,157
10701,CAMARGO,estado nutricional en menores de 5 anos,clasificacion c,2001-05-01,19,310,19,310,329
10901,CAMATAQUI (C. VILLA ABECIA),estado nutricional en menores de 5 anos,clasificacion c,2001-05-01,3,232,3,232,235
70706,CAMIRI,estado nutricional en menores de 5 anos,clasificacion c,2001-05-01,17,526,17,526,543
30701,CAPINOTA,estado nutricional en menores de 5 anos,clasificacion c,2001-05-01,83,158,83,158,241
20302,CAQUIAVIRI,estado nutricional en menores de 5 anos,clasificacion c,2001-05-01,8,112,8,112,120
40102,CARACOLLO,estado nutricional en menores de 5 anos,clasificacion c,2001-05-01,31,358,31,358,389
22001,CARANAVI,estado nutricional en menores de 5 anos,clasificacion c,2001-05-01,72,756,72,756,828
41503,CARANGAS,estado nutricional en menores de 5 anos,clasificacion c,2001-05-01,0,1,0,1,1
60302,CARAPARI,estado nutricional en menores de 5 anos,clasificacion c,2001-05-01,11,284,11,284,295
50702,CARIPUYO,estado nutricional en menores de 5 anos,clasificacion c,2001-05-01,8,157,8,157,165
21902,CATACORA,estado nutricional en menores de 5 anos,clasificacion c,2001-05-01,1,8,1,8,9
21803,CHACARILLA,estado nutricional en menores de 5 anos,clasificacion c,2001-05-01,0,23,0,23,23
40201,CHALLAPATA,estado nutricional en menores de 5 anos,clasificacion c,2001-05-01,132,127,132,127,259
50302,CHAQUI,estado nutricional en menores de 5 anos,clasificacion c,2001-05-01,14,282,14,282,296
70702,CHARAGUA,estado nutricional en menores de 5 anos,clasificacion c,2001-05-01,46,698,46,698,744
20305,CHARAÃ‘A,estado nutricional en menores de 5 anos,clasificacion c,2001-05-01,2,15,2,15,17
50202,CHAYANTA,estado nutricional en menores de 5 anos,clasificacion c,2001-05-01,22,223,22,223,245
31204,CHIMORE,estado nutricional en menores de 5 anos,clasificacion c,2001-05-01,65,148,65,148,213
40903,CHIPAYA,estado nutricional en menores de 5 anos,clasificacion c,2001-05-01,4,6,4,6,10
40302,CHOQUE COTA,estado nutricional en menores de 5 anos,clasificacion c,2001-05-01,2,40,2,40,42
21101,CHULUMANI (V. DE LA LIBERTAD),estado nutricional en menores de 5 anos,clasificacion c,2001-05-01,2,80,2,80,82
20501,CHUMA,estado nutricional en menores de 5 anos,clasificacion c,2001-05-01,5,41,5,41,46
30801,CLIZA,estado nutricional en menores de 5 anos,clasificacion c,2001-05-01,23,75,23,75,98
90101,COBIJA,estado nutricional en menores de 5 anos,clasificacion c,2001-05-01,28,433,28,433,461
30101,COCHABAMBA,estado nutricional en menores de 5 anos,clasificacion c,2001-05-01,342,2041,342,2041,2383
40902,COIPASA,estado nutricional en menores de 5 anos,clasificacion c,2001-05-01,3,2,3,2,5
30905,COLCAPIRHUA,estado nutricional en menores de 5 anos,clasificacion c,2001-05-01,33,41,33,41,74
50901,"COLCHA ""K""",estado nutricional en menores de 5 anos,clasificacion c,2001-05-01,18,290,18,290,308
21307,COLLANA,estado nutricional en menores de 5 anos,clasificacion c,2001-05-01,2,9,2,9,11
31002,COLOMI,estado nutricional en menores de 5 anos,clasificacion c,2001-05-01,23,185,23,185,208
70603,COLPA BELGICA,estado nutricional en menores de 5 anos,clasificacion c,2001-05-01,16,56,16,56,72
50401,COLQUECHACA,estado nutricional en menores de 5 anos,clasificacion c,2001-05-01,22,268,22,268,290
21306,COLQUENCHA,estado nutricional en menores de 5 anos,clasificacion c,2001-05-01,17,140,17,140,157
21004,COLQUIRI,estado nutricional en menores de 5 anos,clasificacion c,2001-05-01,21,207,21,207,228
20304,COMANCHE,estado nutricional en menores de 5 anos,clasificacion c,2001-05-01,20,11,20,11,31
71301,COMARAPA,estado nutricional en menores de 5 anos,clasificacion c,2001-05-01,6,87,6,87,93
20605,COMBAYA,estado nutricional en menores de 5 anos,clasificacion c,2001-05-01,4,36,4,36,40
71101,CONCEPCION,estado nutricional en menores de 5 anos,clasificacion c,2001-05-01,30,113,30,113,143
21701,COPACABANA,estado nutricional en menores de 5 anos,clasificacion c,2001-05-01,17,262,17,262,279
21402,CORIPATA,estado nutricional en menores de 5 anos,clasificacion c,2001-05-01,3,37,3,37,40
20301,CORO CORO,estado nutricional en menores de 5 anos,clasificacion c,2001-05-01,11,128,11,128,139
21401,COROICO,estado nutricional en menores de 5 anos,clasificacion c,2001-05-01,51,160,51,160,211
40301,CORQUE,estado nutricional en menores de 5 anos,clasificacion c,2001-05-01,11,76,11,76,87
50601,COTAGAITA,estado nutricional en menores de 5 anos,clasificacion c,2001-05-01,28,318,28,318,346
70102,COTOCA,estado nutricional en menores de 5 anos,clasificacion c,2001-05-01,18,109,18,109,127
31405,CUCHUMUELA (V. G. VILLARROEL),estado nutricional en menores de 5 anos,clasificacion c,2001-05-01,1,4,1,4,5
70704,CUEVO,estado nutricional en menores de 5 anos,clasificacion c,2001-05-01,11,176,11,176,187
10902,CULPINA,estado nutricional en menores de 5 anos,clasificacion c,2001-05-01,41,580,41,580,621
40401,CURAHUARA DE CARANGAS,estado nutricional en menores de 5 anos,clasificacion c,2001-05-01,22,39,22,39,61
21602,CURVA,estado nutricional en menores de 5 anos,clasificacion c,2001-05-01,4,14,4,14,18
20804,DESAGUADERO,estado nutricional en menores de 5 anos,clasificacion c,2001-05-01,9,54,9,54,63
20105,EL ALTO,estado nutricional en menores de 5 anos,clasificacion c,2001-05-01,1330,6047,1330,6047,7377
40103,EL CHORO,estado nutricional en menores de 5 anos,clasificacion c,2001-05-01,6,19,6,19,25
71503,EL PUENTE(STC),estado nutricional en menores de 5 anos,clasificacion c,2001-05-01,13,270,13,270,283
60502,EL PUENTE(TJA),estado nutricional en menores de 5 anos,clasificacion c,2001-05-01,28,82,28,82,110
70105,EL TORNO,estado nutricional en menores de 5 anos,clasificacion c,2001-05-01,85,403,85,403,488
10405,EL VILLAR,estado nutricional en menores de 5 anos,clasificacion c,2001-05-01,13,283,13,283,296
60601,ENTRE RIOS,estado nutricional en menores de 5 anos,clasificacion c,2001-05-01,25,511,25,511,536
40502,ESCARA,estado nutricional en menores de 5 anos,clasificacion c,2001-05-01,0,4,0,4,4
41101,EUCALIPTUS,estado nutricional en menores de 5 anos,clasificacion c,2001-05-01,5,100,5,100,105
80402,EXALTACION,estado nutricional en menores de 5 anos,clasificacion c,2001-05-01,5,77,5,77,82
90203,FILADELFIA,estado nutricional en menores de 5 anos,clasificacion c,2001-05-01,2,28,2,28,30
71002,GENERAL SAAVEDRA,estado nutricional en menores de 5 anos,clasificacion c,2001-05-01,20,489,20,489,509
21601,GRAL. J.J. PEREZ (CHARAZANI),estado nutricional en menores de 5 anos,clasificacion c,2001-05-01,2,80,2,80,82
20602,GUANAY,estado nutricional en menores de 5 anos,clasificacion c,2001-05-01,25,425,25,425,450
20802,GUAQUI,estado nutricional en menores de 5 anos,clasificacion c,2001-05-01,9,47,9,47,56
80202,GUAYARAMERIN,estado nutricional en menores de 5 anos,clasificacion c,2001-05-01,75,535,75,535,610
70705,GUTIERREZ,estado nutricional en menores de 5 anos,clasificacion c,2001-05-01,26,516,26,516,542
10502,HUACARETA,estado nutricional en menores de 5 anos,clasificacion c,2001-05-01,20,621,20,621,641
11002,HUACAYA (VILLA DE HUACAYA),estado nutricional en menores de 5 anos,clasificacion c,2001-05-01,1,109,1,109,110
40501,HUACHACALLA,estado nutricional en menores de 5 anos,clasificacion c,2001-05-01,9,17,9,17,26
40701,HUANUNI,estado nutricional en menores de 5 anos,clasificacion c,2001-05-01,45,54,45,54,99
80803,HUARACAJE,estado nutricional en menores de 5 anos,clasificacion c,2001-05-01,6,78,6,78,84
41601,HUAYLLAMARCA,estado nutricional en menores de 5 anos,clasificacion c,2001-05-01,3,103,3,103,106
21005,ICHOCA,estado nutricional en menores de 5 anos,clasificacion c,2001-05-01,0,30,0,30,30
10304,ICLA,estado nutricional en menores de 5 anos,clasificacion c,2001-05-01,21,491,21,491,512
10703,INCAHUASI,estado nutricional en menores de 5 anos,clasificacion c,2001-05-01,43,344,43,344,387
21001,INQUISIVI,estado nutricional en menores de 5 anos,clasificacion c,2001-05-01,12,177,12,177,189
21102,IRUPANA (VILLA DE LANZA),estado nutricional en menores de 5 anos,clasificacion c,2001-05-01,29,223,29,223,252
21501,IXIAMAS,estado nutricional en menores de 5 anos,clasificacion c,2001-05-01,6,142,6,142,148
21105,LA ASUNTA,estado nutricional en menores de 5 anos,clasificacion c,2001-05-01,21,280,21,280,301
70104,LA GUARDIA,estado nutricional en menores de 5 anos,clasificacion c,2001-05-01,53,636,53,636,689
20101,LA PAZ,estado nutricional en menores de 5 anos,clasificacion c,2001-05-01,883,5325,883,5325,6208
41501,LA RIVERA,estado nutricional en menores de 5 anos,clasificacion c,2001-05-01,2,6,2,6,8
70701,LAGUNILLAS,estado nutricional en menores de 5 anos,clasificacion c,2001-05-01,19,67,19,67,86
21202,LAJA,estado nutricional en menores de 5 anos,clasificacion c,2001-05-01,6,130,6,130,136
10903,LAS CARRERAS,estado nutricional en menores de 5 anos,clasificacion c,2001-05-01,8,180,8,180,188
21006,LICOMA PAMPA,estado nutricional en menores de 5 anos,clasificacion c,2001-05-01,2,46,2,46,48
50203,LLALLAGUA,estado nutricional en menores de 5 anos,clasificacion c,2001-05-01,28,356,28,356,384
51401,LLICA,estado nutricional en menores de 5 anos,clasificacion c,2001-05-01,7,110,7,110,117
80601,LORETO,estado nutricional en menores de 5 anos,clasificacion c,2001-05-01,4,58,4,58,62
20901,LURIBAY,estado nutricional en menores de 5 anos,clasificacion c,2001-05-01,5,125,5,125,130
40702,MACHACAMARCA,estado nutricional en menores de 5 anos,clasificacion c,2001-05-01,1,62,1,62,63
11003,MACHARETI,estado nutricional en menores de 5 anos,clasificacion c,2001-05-01,17,516,17,516,533
80801,MAGDALENA,estado nutricional en menores de 5 anos,clasificacion c,2001-05-01,6,39,6,39,45
70903,MAIRANA,estado nutricional en menores de 5 anos,clasificacion c,2001-05-01,21,132,21,132,153
20103,MECAPACA,estado nutricional en menores de 5 anos,clasificacion c,2001-05-01,24,178,24,178,202
71003,MINEROS,estado nutricional en menores de 5 anos,clasificacion c,2001-05-01,92,968,92,968,1060
31301,MIZQUE,estado nutricional en menores de 5 anos,clasificacion c,2001-05-01,223,148,223,148,371
20402,MOCOMOCO,estado nutricional en menores de 5 anos,clasificacion c,2001-05-01,73,124,73,124,197
51002,MOJINETE,estado nutricional en menores de 5 anos,clasificacion c,2001-05-01,1,23,1,23,24
10303,MOJOCOYA,estado nutricional en menores de 5 anos,clasificacion c,2001-05-01,5,201,5,201,206
10501,MONTEAGUDO,estado nutricional en menores de 5 anos,clasificacion c,2001-05-01,67,996,67,996,1063
71001,MONTERO,estado nutricional en menores de 5 anos,clasificacion c,2001-05-01,173,1750,173,1750,1923
70803,MORO MORO,estado nutricional en menores de 5 anos,clasificacion c,2001-05-01,6,41,6,41,47
30302,MOROCHATA,estado nutricional en menores de 5 anos,clasificacion c,2001-05-01,21,49,21,49,70
90401,NACEBE (SANTA ROSA DEL ABUNA),estado nutricional en menores de 5 anos,clasificacion c,2001-05-01,2,12,2,12,14
20307,NAZACARA DE PACAJES,estado nutricional en menores de 5 anos,clasificacion c,2001-05-01,0,1,0,1,1
90501,NUEVO MANOA (NUEVA ESPERANZA),estado nutricional en menores de 5 anos,clasificacion c,2001-05-01,1,4,1,4,5
50404,OCURI,estado nutricional en menores de 5 anos,clasificacion c,2001-05-01,7,180,7,180,187
70202,OKINAWA,estado nutricional en menores de 5 anos,clasificacion c,2001-05-01,2,229,2,229,231
30203,OMEREQUE,estado nutricional en menores de 5 anos,clasificacion c,2001-05-01,7,95,7,95,102
40101,ORURO,estado nutricional en menores de 5 anos,clasificacion c,2001-05-01,215,2138,215,2138,2353
60201,PADCAYA,estado nutricional en menores de 5 anos,clasificacion c,2001-05-01,25,420,25,420,445
10401,PADILLA,estado nutricional en menores de 5 anos,clasificacion c,2001-05-01,27,665,27,665,692
70502,PAILON,estado nutricional en menores de 5 anos,clasificacion c,2001-05-01,16,189,16,189,205
20102,PALCA,estado nutricional en menores de 5 anos,clasificacion c,2001-05-01,16,268,16,268,284
21104,PALOS BLANCOS,estado nutricional en menores de 5 anos,clasificacion c,2001-05-01,98,381,98,381,479
40802,PAMPA AULLAGAS,estado nutricional en menores de 5 anos,clasificacion c,2001-05-01,33,21,33,21,54
70902,PAMPA GRANDE,estado nutricional en menores de 5 anos,clasificacion c,2001-05-01,8,131,8,131,139
21802,PAPEL PAMPA,estado nutricional en menores de 5 anos,clasificacion c,2001-05-01,0,28,0,28,28
30202,PASORAPA,estado nutricional en menores de 5 anos,clasificacion c,2001-05-01,2,54,2,54,56
21305,PATACAMAYA,estado nutricional en menores de 5 anos,clasificacion c,2001-05-01,104,99,104,99,203
40602,PAZÃ‘A,estado nutricional en menores de 5 anos,clasificacion c,2001-05-01,10,72,10,72,82
20702,PELECHUCO,estado nutricional en menores de 5 anos,clasificacion c,2001-05-01,7,46,7,46,53
50403,POCOATA,estado nutricional en menores de 5 anos,clasificacion c,2001-05-01,41,318,41,318,359
31203,POCONA,estado nutricional en menores de 5 anos,clasificacion c,2001-05-01,24,160,24,160,184
31202,POJO (CBBA),estado nutricional en menores de 5 anos,clasificacion c,2001-05-01,180,494,180,494,674
40601,POOPO,estado nutricional en menores de 5 anos,clasificacion c,2001-05-01,2,29,2,29,31
51203,PORCO,estado nutricional en menores de 5 anos,clasificacion c,2001-05-01,14,91,14,91,105
10103,POROMA,estado nutricional en menores de 5 anos,clasificacion c,2001-05-01,32,399,32,399,431
70103,PORONGO,estado nutricional en menores de 5 anos,clasificacion c,2001-05-01,11,211,11,211,222
70601,PORTACHUELO,estado nutricional en menores de 5 anos,clasificacion c,2001-05-01,182,227,182,227,409
90102,PORVENIR,estado nutricional en menores de 5 anos,clasificacion c,2001-05-01,1,167,1,167,168
50101,POTOSI,estado nutricional en menores de 5 anos,clasificacion c,2001-05-01,185,1446,185,1446,1631
10302,PRESTO,estado nutricional en menores de 5 anos,clasificacion c,2001-05-01,8,285,8,285,293
21201,PUCARANI,estado nutricional en menores de 5 anos,clasificacion c,2001-05-01,25,299,25,299,324
20401,PUERTO ACOSTA,estado nutricional en menores de 5 anos,clasificacion c,2001-05-01,35,229,35,229,264
20403,PUERTO CARABUCO,estado nutricional en menores de 5 anos,clasificacion c,2001-05-01,20,246,20,246,266
90301,PUERTO GONZALO MORENO,estado nutricional en menores de 5 anos,clasificacion c,2001-05-01,0,26,0,26,26
21204,PUERTO PEREZ,estado nutricional en menores de 5 anos,clasificacion c,2001-05-01,10,50,10,50,60
71402,PUERTO QUIJARRO,estado nutricional en menores de 5 anos,clasificacion c,2001-05-01,23,146,23,146,169
90201,PUERTO RICO,estado nutricional en menores de 5 anos,clasificacion c,2001-05-01,6,71,6,71,77
80703,PUERTO SILES,estado nutricional en menores de 5 anos,clasificacion c,2001-05-01,12,29,12,29,41
71401,PUERTO SUAREZ,estado nutricional en menores de 5 anos,clasificacion c,2001-05-01,177,27,177,27,204
31205,PUERTO VILLARROEL,estado nutricional en menores de 5 anos,clasificacion c,2001-05-01,228,389,228,389,617
51101,PUNA,estado nutricional en menores de 5 anos,clasificacion c,2001-05-01,68,688,68,688,756
31401,PUNATA,estado nutricional en menores de 5 anos,clasificacion c,2001-05-01,80,171,80,171,251
20604,QUIABAYA,estado nutricional en menores de 5 anos,clasificacion c,2001-05-01,3,26,3,26,29
30901,QUILLACOLLO,estado nutricional en menores de 5 anos,clasificacion c,2001-05-01,31,80,31,80,111
21002,QUIME,estado nutricional en menores de 5 anos,clasificacion c,2001-05-01,15,122,15,122,137
70904,QUIRUSILLAS,estado nutricional en menores de 5 anos,clasificacion c,2001-05-01,0,50,0,50,50
50402,RAVELO,estado nutricional en menores de 5 anos,clasificacion c,2001-05-01,40,448,40,448,488
80301,REYES,estado nutricional en menores de 5 anos,clasificacion c,2001-05-01,22,198,22,198,220
80201,RIBERALTA,estado nutricional en menores de 5 anos,clasificacion c,2001-05-01,145,1031,145,1031,1176
70503,ROBORE,estado nutricional en menores de 5 anos,clasificacion c,2001-05-01,22,371,22,371,393
80304,RURRENABAQUE,estado nutricional en menores de 5 anos,clasificacion c,2001-05-01,160,131,160,131,291
40901,SABAYA,estado nutricional en menores de 5 anos,clasificacion c,2001-05-01,4,30,4,30,34
31001,SACABA,estado nutricional en menores de 5 anos,clasificacion c,2001-05-01,264,171,264,171,435
30404,SACABAMBA,estado nutricional en menores de 5 anos,clasificacion c,2001-05-01,6,204,6,204,210
50701,SACACA,estado nutricional en menores de 5 anos,clasificacion c,2001-05-01,40,504,40,504,544
71302,SAIPINA,estado nutricional en menores de 5 anos,clasificacion c,2001-05-01,1,30,1,30,31
40801,SALINAS DE GARCI MENDOZA,estado nutricional en menores de 5 anos,clasificacion c,2001-05-01,28,44,28,44,72
70901,SAMAIPATA,estado nutricional en menores de 5 anos,clasificacion c,2001-05-01,10,135,10,135,145
51601,SAN AGUSTIN,estado nutricional en menores de 5 anos,clasificacion c,2001-05-01,2,60,2,60,62
80602,SAN ANDRES,estado nutricional en menores de 5 anos,clasificacion c,2001-05-01,8,108,8,108,116
51003,SAN ANTONIO DE ESMORUCO,estado nutricional en menores de 5 anos,clasificacion c,2001-05-01,7,11,7,11,18
71105,SAN ANTONIO DE LOMERIO,estado nutricional en menores de 5 anos,clasificacion c,2001-05-01,17,244,17,244,261
31403,SAN BENITO,estado nutricional en menores de 5 anos,clasificacion c,2001-05-01,11,126,11,126,137
80302,SAN BORJA,estado nutricional en menores de 5 anos,clasificacion c,2001-05-01,117,415,117,415,532
21502,SAN BUENA VENTURA,estado nutricional en menores de 5 anos,clasificacion c,2001-05-01,9,237,9,237,246
70402,SAN CARLOS,estado nutricional en menores de 5 anos,clasificacion c,2001-05-01,41,131,41,131,172
80501,SAN IGNACIO,estado nutricional en menores de 5 anos,clasificacion c,2001-05-01,19,134,19,134,153
70301,SAN IGNACIO DE VELASCO,estado nutricional en menores de 5 anos,clasificacion c,2001-05-01,86,924,86,924,1010
80102,SAN JAVIER(BNI),estado nutricional en menores de 5 anos,clasificacion c,2001-05-01,10,60,10,60,70
71102,SAN JAVIER(STC),estado nutricional en menores de 5 anos,clasificacion c,2001-05-01,42,259,42,259,301
80701,SAN JOAQUIN,estado nutricional en menores de 5 anos,clasificacion c,2001-05-01,11,79,11,79,90
70501,SAN JOSE DE CHIQUITOS,estado nutricional en menores de 5 anos,clasificacion c,2001-05-01,28,248,28,248,276
71104,SAN JULIAN,estado nutricional en menores de 5 anos,clasificacion c,2001-05-01,75,636,75,636,711
90302,SAN LORENZO(PND),estado nutricional en menores de 5 anos,clasificacion c,2001-05-01,9,19,9,19,28
60501,SAN LORENZO(TJA),estado nutricional en menores de 5 anos,clasificacion c,2001-05-01,9,110,9,110,119
10702,SAN LUCAS,estado nutricional en menores de 5 anos,clasificacion c,2001-05-01,105,966,105,966,1071
71201,SAN MATIAS,estado nutricional en menores de 5 anos,clasificacion c,2001-05-01,28,304,28,304,332
70302,SAN MIGUEL DE VELASCO,estado nutricional en menores de 5 anos,clasificacion c,2001-05-01,37,388,37,388,425
51001,SAN PABLO DE LIPEZ,estado nutricional en menores de 5 anos,clasificacion c,2001-05-01,7,47,7,47,54
50501,SAN PEDRO DE BUENA VISTA,estado nutricional en menores de 5 anos,clasificacion c,2001-05-01,24,502,24,502,526
21801,SAN PEDRO DE CURAHUARA,estado nutricional en menores de 5 anos,clasificacion c,2001-05-01,3,47,3,47,50
50902,SAN PEDRO DE QUEMES,estado nutricional en menores de 5 anos,clasificacion c,2001-05-01,2,31,2,31,33
21702,SAN PEDRO DE TIQUINA,estado nutricional en menores de 5 anos,clasificacion c,2001-05-01,5,72,5,72,77
90202,SAN PEDRO(PND),estado nutricional en menores de 5 anos,clasificacion c,2001-05-01,0,5,0,5,5
70303,SAN RAFAEL,estado nutricional en menores de 5 anos,clasificacion c,2001-05-01,13,144,13,144,157
80702,SAN RAMON,estado nutricional en menores de 5 anos,clasificacion c,2001-05-01,8,98,8,98,106
80702,SAN RAMON,estado nutricional en menores de 5 anos,clasificacion c,2001-05-01,4,50,4,50,54
80401,SANTA ANA,estado nutricional en menores de 5 anos,clasificacion c,2001-05-01,24,190,24,190,214
70101,SANTA CRUZ DE LA SIERRA,estado nutricional en menores de 5 anos,clasificacion c,2001-05-01,983,2658,983,2658,3641
80303,SANTA ROSA,estado nutricional en menores de 5 anos,clasificacion c,2001-05-01,20,68,20,68,88
70602,SANTA ROSA DEL SARA,estado nutricional en menores de 5 anos,clasificacion c,2001-05-01,11,117,11,117,128
20308,SANTIAGO DE CALLAPA,estado nutricional en menores de 5 anos,clasificacion c,2001-05-01,5,48,5,48,53
41401,SANTIAGO DE HUARI,estado nutricional en menores de 5 anos,clasificacion c,2001-05-01,64,48,64,48,112
21901,SANTIAGO DE MACHACA,estado nutricional en menores de 5 anos,clasificacion c,2001-05-01,8,3,8,3,11
30702,SANTIVAÃ‘ES,estado nutricional en menores de 5 anos,clasificacion c,2001-05-01,49,29,49,29,78
40202,SANTUARIO DE QUILLACAS,estado nutricional en menores de 5 anos,clasificacion c,2001-05-01,14,47,14,47,61
20902,SAPAHAQUI,estado nutricional en menores de 5 anos,clasificacion c,2001-05-01,3,43,3,43,46
21301,SICA SICA (VILLA AROMA),estado nutricional en menores de 5 anos,clasificacion c,2001-05-01,20,71,20,71,91
30703,SICAYA,estado nutricional en menores de 5 anos,clasificacion c,2001-05-01,2,39,2,39,41
30902,SIPE SIPE,estado nutricional en menores de 5 anos,clasificacion c,2001-05-01,147,608,147,608,755
10403,SOPACHUY,estado nutricional en menores de 5 anos,clasificacion c,2001-05-01,13,317,13,317,330
20601,SORATA,estado nutricional en menores de 5 anos,clasificacion c,2001-05-01,26,363,26,363,389
10101,SUCRE,estado nutricional en menores de 5 anos,clasificacion c,2001-05-01,366,4572,366,4572,4938
31404,TACACHI,estado nutricional en menores de 5 anos,clasificacion c,2001-05-01,0,27,0,27,27
20603,TACACOMA,estado nutricional en menores de 5 anos,clasificacion c,2001-05-01,4,42,4,42,46
50303,TACOBAMBA,estado nutricional en menores de 5 anos,clasificacion c,2001-05-01,11,183,11,183,194
30602,TACOPAYA,estado nutricional en menores de 5 anos,clasificacion c,2001-05-01,5,84,5,84,89
51402,TAHUA,estado nutricional en menores de 5 anos,clasificacion c,2001-05-01,2,32,2,32,34
31101,TAPACARI,estado nutricional en menores de 5 anos,clasificacion c,2001-05-01,12,189,12,189,201
10601,TARABUCO,estado nutricional en menores de 5 anos,clasificacion c,2001-05-01,56,1083,56,1083,1139
30401,TARATA,estado nutricional en menores de 5 anos,clasificacion c,2001-05-01,11,175,11,175,186
60101,TARIJA,estado nutricional en menores de 5 anos,clasificacion c,2001-05-01,141,1411,141,1411,1552
10202,TARVITA,estado nutricional en menores de 5 anos,clasificacion c,2001-05-01,19,388,19,388,407
20803,TIAWANACU,estado nutricional en menores de 5 anos,clasificacion c,2001-05-01,42,161,42,161,203
50102,TINGUIPAYA,estado nutricional en menores de 5 anos,clasificacion c,2001-05-01,18,146,18,146,164
20606,TIPUANI,estado nutricional en menores de 5 anos,clasificacion c,2001-05-01,49,8,49,8,57
30903,TIQUIPAYA,estado nutricional en menores de 5 anos,clasificacion c,2001-05-01,1,36,1,36,37
31601,TIRAQUE (CBBA),estado nutricional en menores de 5 anos,clasificacion c,2001-05-01,194,177,194,177,371
21703,TITO YUPANQUI (PARQUIPUJIO),estado nutricional en menores de 5 anos,clasificacion c,2001-05-01,2,29,2,29,31
30802,TOCO,estado nutricional en menores de 5 anos,clasificacion c,2001-05-01,4,67,4,67,71
41502,TODOS SANTOS,estado nutricional en menores de 5 anos,clasificacion c,2001-05-01,0,5,0,5,5
30803,TOLATA,estado nutricional en menores de 5 anos,clasificacion c,2001-05-01,0,23,0,23,23
41001,TOLEDO,estado nutricional en menores de 5 anos,clasificacion c,2001-05-01,5,85,5,85,90
51202,TOMAVE,estado nutricional en menores de 5 anos,clasificacion c,2001-05-01,21,183,21,183,204
10402,TOMINA,estado nutricional en menores de 5 anos,clasificacion c,2001-05-01,15,482,15,482,497
50502,TORO TORO,estado nutricional en menores de 5 anos,clasificacion c,2001-05-01,14,44,14,44,58
31201,TOTORA(CBBA),estado nutricional en menores de 5 anos,clasificacion c,2001-05-01,9,294,9,294,303
41301,TOTORA(ORR),estado nutricional en menores de 5 anos,clasificacion c,2001-05-01,1,73,1,73,74
70802,TRIGAL,estado nutricional en menores de 5 anos,clasificacion c,2001-05-01,3,24,3,24,27
80101,TRINIDAD,estado nutricional en menores de 5 anos,clasificacion c,2001-05-01,105,380,105,380,485
50801,TUPIZA,estado nutricional en menores de 5 anos,clasificacion c,2001-05-01,62,995,62,995,1057
40402,TURCO,estado nutricional en menores de 5 anos,clasificacion c,2001-05-01,31,28,31,28,59
21302,UMALA,estado nutricional en menores de 5 anos,clasificacion c,2001-05-01,4,67,4,67,71
50201,UNCIA,estado nutricional en menores de 5 anos,clasificacion c,2001-05-01,15,236,15,236,251
60401,URIONDO (A. CONCEPCION),estado nutricional en menores de 5 anos,clasificacion c,2001-05-01,6,113,6,113,119
71502,URUBICHA,estado nutricional en menores de 5 anos,clasificacion c,2001-05-01,10,197,10,197,207
51201,UYUNI,estado nutricional en menores de 5 anos,clasificacion c,2001-05-01,37,501,37,501,538
30502,VACAS,estado nutricional en menores de 5 anos,clasificacion c,2001-05-01,3,8,3,8,11
70801,VALLEGRANDE,estado nutricional en menores de 5 anos,clasificacion c,2001-05-01,13,219,13,219,232
20801,VIACHA,estado nutricional en menores de 5 anos,clasificacion c,2001-05-01,33,563,33,563,596
31302,VILA VILA,estado nutricional en menores de 5 anos,clasificacion c,2001-05-01,23,15,23,15,38
60303,VILLA MONTES,estado nutricional en menores de 5 anos,clasificacion c,2001-05-01,40,356,40,356,396
90502,VILLA NUEVA (LOMA ALTA),estado nutricional en menores de 5 anos,clasificacion c,2001-05-01,0,2,0,2,2
31402,VILLA RIVERO,estado nutricional en menores de 5 anos,clasificacion c,2001-05-01,0,8,0,8,8
10801,VILLA SERRANO,estado nutricional en menores de 5 anos,clasificacion c,2001-05-01,26,542,26,542,568
31003,VILLA TUNARI,estado nutricional en menores de 5 anos,clasificacion c,2001-05-01,92,290,92,290,382
11001,VILLA VACA GUZMAN (MUYUPAMPA),estado nutricional en menores de 5 anos,clasificacion c,2001-05-01,20,555,20,555,575
51501,VILLAZON,estado nutricional en menores de 5 anos,clasificacion c,2001-05-01,59,861,59,861,920
30904,VINTO,estado nutricional en menores de 5 anos,clasificacion c,2001-05-01,25,183,25,183,208
50602,VITICHI,estado nutricional en menores de 5 anos,clasificacion c,2001-05-01,4,82,4,82,86
20306,WALDO BALLIVIAN,estado nutricional en menores de 5 anos,clasificacion c,2001-05-01,16,7,16,7,23
70201,WARNES,estado nutricional en menores de 5 anos,clasificacion c,2001-05-01,37,552,37,552,589
20903,YACO,estado nutricional en menores de 5 anos,clasificacion c,2001-05-01,1,60,1,60,61
60301,YACUIBA,estado nutricional en menores de 5 anos,clasificacion c,2001-05-01,98,770,98,770,868
10602,YAMPARAEZ,estado nutricional en menores de 5 anos,clasificacion c,2001-05-01,48,665,48,665,713
21103,YANACACHI,estado nutricional en menores de 5 anos,clasificacion c,2001-05-01,4,108,4,108,112
70403,YAPACANI,estado nutricional en menores de 5 anos,clasificacion c,2001-05-01,37,308,37,308,345
50103,YOCALLA,estado nutricional en menores de 5 anos,clasificacion c,2001-05-01,17,228,17,228,245
10102,YOTALA,estado nutricional en menores de 5 anos,clasificacion c,2001-05-01,20,518,20,518,538
60402,YUNCHARA,estado nutricional en menores de 5 anos,clasificacion c,2001-05-01,7,42,7,42,49
10301,ZUDAÃ‘EZ,estado nutricional en menores de 5 anos,clasificacion c,2001-05-01,13,386,13,386,399
51302,ACACIO,estado nutricional en menores de 5 anos,clasificacion c,2001-06-01,9,127,9,127,136
20201,ACHACACHI,estado nutricional en menores de 5 anos,clasificacion c,2001-06-01,70,936,70,936,1006
20104,ACHOCALLA,estado nutricional en menores de 5 anos,clasificacion c,2001-06-01,5,124,5,124,129
30201,AIQUILE,estado nutricional en menores de 5 anos,clasificacion c,2001-06-01,48,191,48,191,239
31303,ALALAY,estado nutricional en menores de 5 anos,clasificacion c,2001-06-01,46,48,46,48,94
10404,ALCALA,estado nutricional en menores de 5 anos,clasificacion c,2001-06-01,4,162,4,162,166
20202,ANCORAIMES,estado nutricional en menores de 5 anos,clasificacion c,2001-06-01,30,401,30,401,431
41201,ANDAMARCA,estado nutricional en menores de 5 anos,clasificacion c,2001-06-01,6,39,6,39,45
30402,ANZALDO,estado nutricional en menores de 5 anos,clasificacion c,2001-06-01,4,94,4,94,98
20701,APOLO,estado nutricional en menores de 5 anos,clasificacion c,2001-06-01,29,6,29,6,35
51301,ARAMPAMPA,estado nutricional en menores de 5 anos,clasificacion c,2001-06-01,4,205,4,205,209
30501,ARANI,estado nutricional en menores de 5 anos,clasificacion c,2001-06-01,15,93,15,93,108
30403,ARBIETO,estado nutricional en menores de 5 anos,clasificacion c,2001-06-01,7,91,7,91,98
30601,ARQUE,estado nutricional en menores de 5 anos,clasificacion c,2001-06-01,8,134,8,134,142
71501,ASCENCION DE GUARAYOS,estado nutricional en menores de 5 anos,clasificacion c,2001-06-01,55,702,55,702,757
50802,ATOCHA,estado nutricional en menores de 5 anos,clasificacion c,2001-06-01,7,79,7,79,86
20503,AUCAPATA,estado nutricional en menores de 5 anos,clasificacion c,2001-06-01,7,7,7,7,14
21303,AYO AYO,estado nutricional en menores de 5 anos,clasificacion c,2001-06-01,6,68,6,68,74
30301,AYOPAYA (V. DE INDEPENDENCIA),estado nutricional en menores de 5 anos,clasificacion c,2001-06-01,39,338,39,338,377
10201,AZURDUY,estado nutricional en menores de 5 anos,clasificacion c,2001-06-01,19,435,19,435,454
21203,BATALLAS,estado nutricional en menores de 5 anos,clasificacion c,2001-06-01,15,370,15,370,385
80802,BAURES,estado nutricional en menores de 5 anos,clasificacion c,2001-06-01,2,165,2,165,167
41202,BELEN DE ANDAMARCA,estado nutricional en menores de 5 anos,clasificacion c,2001-06-01,0,7,0,7,7
50104,BELEN DE URMIRI,estado nutricional en menores de 5 anos,clasificacion c,2001-06-01,2,64,2,64,66
90104,BELLA FLOR,estado nutricional en menores de 5 anos,clasificacion c,2001-06-01,1,76,1,76,77
60202,BERMEJO,estado nutricional en menores de 5 anos,clasificacion c,2001-06-01,6,89,6,89,95
50301,BETANZOS,estado nutricional en menores de 5 anos,clasificacion c,2001-06-01,35,226,35,226,261
31501,BOLIVAR,estado nutricional en menores de 5 anos,clasificacion c,2001-06-01,1,40,1,40,41
90103,BOLPEBRA,estado nutricional en menores de 5 anos,clasificacion c,2001-06-01,0,18,0,18,18
70707,BOYUIBE,estado nutricional en menores de 5 anos,clasificacion c,2001-06-01,7,114,7,114,121
70401,BUENA VISTA,estado nutricional en menores de 5 anos,clasificacion c,2001-06-01,180,103,180,103,283
70703,CABEZAS,estado nutricional en menores de 5 anos,clasificacion c,2001-06-01,10,471,10,471,481
20905,CAIROMA,estado nutricional en menores de 5 anos,clasificacion c,2001-06-01,9,112,9,112,121
51102,"CAIZA ""D""",estado nutricional en menores de 5 anos,clasificacion c,2001-06-01,44,413,44,413,457
21003,CAJUATA,estado nutricional en menores de 5 anos,clasificacion c,2001-06-01,7,27,7,27,34
20303,CALACOTO,estado nutricional en menores de 5 anos,clasificacion c,2001-06-01,6,19,6,19,25
21304,CALAMARCA,estado nutricional en menores de 5 anos,clasificacion c,2001-06-01,60,96,60,96,156
10701,CAMARGO,estado nutricional en menores de 5 anos,clasificacion c,2001-06-01,23,390,23,390,413
10901,CAMATAQUI (C. VILLA ABECIA),estado nutricional en menores de 5 anos,clasificacion c,2001-06-01,11,220,11,220,231
70706,CAMIRI,estado nutricional en menores de 5 anos,clasificacion c,2001-06-01,52,425,52,425,477
30701,CAPINOTA,estado nutricional en menores de 5 anos,clasificacion c,2001-06-01,137,58,137,58,195
20302,CAQUIAVIRI,estado nutricional en menores de 5 anos,clasificacion c,2001-06-01,7,90,7,90,97
40102,CARACOLLO,estado nutricional en menores de 5 anos,clasificacion c,2001-06-01,12,183,12,183,195
22001,CARANAVI,estado nutricional en menores de 5 anos,clasificacion c,2001-06-01,228,715,228,715,943
41503,CARANGAS,estado nutricional en menores de 5 anos,clasificacion c,2001-06-01,0,2,0,2,2
60302,CARAPARI,estado nutricional en menores de 5 anos,clasificacion c,2001-06-01,8,250,8,250,258
50702,CARIPUYO,estado nutricional en menores de 5 anos,clasificacion c,2001-06-01,6,245,6,245,251
21803,CHACARILLA,estado nutricional en menores de 5 anos,clasificacion c,2001-06-01,1,20,1,20,21
40201,CHALLAPATA,estado nutricional en menores de 5 anos,clasificacion c,2001-06-01,21,26,21,26,47
50302,CHAQUI,estado nutricional en menores de 5 anos,clasificacion c,2001-06-01,10,93,10,93,103
70702,CHARAGUA,estado nutricional en menores de 5 anos,clasificacion c,2001-06-01,49,485,49,485,534
20305,CHARAÃ‘A,estado nutricional en menores de 5 anos,clasificacion c,2001-06-01,0,15,0,15,15
50202,CHAYANTA,estado nutricional en menores de 5 anos,clasificacion c,2001-06-01,17,178,17,178,195
31204,CHIMORE,estado nutricional en menores de 5 anos,clasificacion c,2001-06-01,48,210,48,210,258
40903,CHIPAYA,estado nutricional en menores de 5 anos,clasificacion c,2001-06-01,10,19,10,19,29
40302,CHOQUE COTA,estado nutricional en menores de 5 anos,clasificacion c,2001-06-01,4,12,4,12,16
21101,CHULUMANI (V. DE LA LIBERTAD),estado nutricional en menores de 5 anos,clasificacion c,2001-06-01,19,116,19,116,135
20501,CHUMA,estado nutricional en menores de 5 anos,clasificacion c,2001-06-01,29,26,29,26,55
30801,CLIZA,estado nutricional en menores de 5 anos,clasificacion c,2001-06-01,12,76,12,76,88
90101,COBIJA,estado nutricional en menores de 5 anos,clasificacion c,2001-06-01,124,194,124,194,318
30101,COCHABAMBA,estado nutricional en menores de 5 anos,clasificacion c,2001-06-01,477,1705,477,1705,2182
40902,COIPASA,estado nutricional en menores de 5 anos,clasificacion c,2001-06-01,1,3,1,3,4
30905,COLCAPIRHUA,estado nutricional en menores de 5 anos,clasificacion c,2001-06-01,41,47,41,47,88
50901,"COLCHA ""K""",estado nutricional en menores de 5 anos,clasificacion c,2001-06-01,22,338,22,338,360
21307,COLLANA,estado nutricional en menores de 5 anos,clasificacion c,2001-06-01,16,0,16,0,16
31002,COLOMI,estado nutricional en menores de 5 anos,clasificacion c,2001-06-01,68,286,68,286,354
70603,COLPA BELGICA,estado nutricional en menores de 5 anos,clasificacion c,2001-06-01,22,54,22,54,76
50401,COLQUECHACA,estado nutricional en menores de 5 anos,clasificacion c,2001-06-01,32,405,32,405,437
21306,COLQUENCHA,estado nutricional en menores de 5 anos,clasificacion c,2001-06-01,46,78,46,78,124
21004,COLQUIRI,estado nutricional en menores de 5 anos,clasificacion c,2001-06-01,26,310,26,310,336
20304,COMANCHE,estado nutricional en menores de 5 anos,clasificacion c,2001-06-01,6,32,6,32,38
71301,COMARAPA,estado nutricional en menores de 5 anos,clasificacion c,2001-06-01,8,220,8,220,228
20605,COMBAYA,estado nutricional en menores de 5 anos,clasificacion c,2001-06-01,1,62,1,62,63
71101,CONCEPCION,estado nutricional en menores de 5 anos,clasificacion c,2001-06-01,45,156,45,156,201
21701,COPACABANA,estado nutricional en menores de 5 anos,clasificacion c,2001-06-01,11,311,11,311,322
21402,CORIPATA,estado nutricional en menores de 5 anos,clasificacion c,2001-06-01,16,86,16,86,102
20301,CORO CORO,estado nutricional en menores de 5 anos,clasificacion c,2001-06-01,9,158,9,158,167
21401,COROICO,estado nutricional en menores de 5 anos,clasificacion c,2001-06-01,120,105,120,105,225
40301,CORQUE,estado nutricional en menores de 5 anos,clasificacion c,2001-06-01,4,41,4,41,45
50601,COTAGAITA,estado nutricional en menores de 5 anos,clasificacion c,2001-06-01,10,458,10,458,468
70102,COTOCA,estado nutricional en menores de 5 anos,clasificacion c,2001-06-01,30,124,30,124,154
31405,CUCHUMUELA (V. G. VILLARROEL),estado nutricional en menores de 5 anos,clasificacion c,2001-06-01,3,30,3,30,33
70704,CUEVO,estado nutricional en menores de 5 anos,clasificacion c,2001-06-01,59,116,59,116,175
10902,CULPINA,estado nutricional en menores de 5 anos,clasificacion c,2001-06-01,30,660,30,660,690
40401,CURAHUARA DE CARANGAS,estado nutricional en menores de 5 anos,clasificacion c,2001-06-01,50,29,50,29,79
21602,CURVA,estado nutricional en menores de 5 anos,clasificacion c,2001-06-01,1,24,1,24,25
20804,DESAGUADERO,estado nutricional en menores de 5 anos,clasificacion c,2001-06-01,34,23,34,23,57
20105,EL ALTO,estado nutricional en menores de 5 anos,clasificacion c,2001-06-01,2032,3981,2032,3981,6013
40103,EL CHORO,estado nutricional en menores de 5 anos,clasificacion c,2001-06-01,2,15,2,15,17
71503,EL PUENTE(STC),estado nutricional en menores de 5 anos,clasificacion c,2001-06-01,12,194,12,194,206
60502,EL PUENTE(TJA),estado nutricional en menores de 5 anos,clasificacion c,2001-06-01,10,97,10,97,107
70105,EL TORNO,estado nutricional en menores de 5 anos,clasificacion c,2001-06-01,29,322,29,322,351
10405,EL VILLAR,estado nutricional en menores de 5 anos,clasificacion c,2001-06-01,14,278,14,278,292
60601,ENTRE RIOS,estado nutricional en menores de 5 anos,clasificacion c,2001-06-01,15,276,15,276,291
40502,ESCARA,estado nutricional en menores de 5 anos,clasificacion c,2001-06-01,0,3,0,3,3
41101,EUCALIPTUS,estado nutricional en menores de 5 anos,clasificacion c,2001-06-01,5,36,5,36,41
80402,EXALTACION,estado nutricional en menores de 5 anos,clasificacion c,2001-06-01,6,25,6,25,31
90203,FILADELFIA,estado nutricional en menores de 5 anos,clasificacion c,2001-06-01,3,27,3,27,30
71002,GENERAL SAAVEDRA,estado nutricional en menores de 5 anos,clasificacion c,2001-06-01,47,212,47,212,259
21601,GRAL. J.J. PEREZ (CHARAZANI),estado nutricional en menores de 5 anos,clasificacion c,2001-06-01,14,79,14,79,93
20602,GUANAY,estado nutricional en menores de 5 anos,clasificacion c,2001-06-01,124,467,124,467,591
20802,GUAQUI,estado nutricional en menores de 5 anos,clasificacion c,2001-06-01,2,50,2,50,52
80202,GUAYARAMERIN,estado nutricional en menores de 5 anos,clasificacion c,2001-06-01,29,283,29,283,312
70705,GUTIERREZ,estado nutricional en menores de 5 anos,clasificacion c,2001-06-01,80,424,80,424,504
10502,HUACARETA,estado nutricional en menores de 5 anos,clasificacion c,2001-06-01,14,668,14,668,682
11002,HUACAYA (VILLA DE HUACAYA),estado nutricional en menores de 5 anos,clasificacion c,2001-06-01,0,72,0,72,72
40501,HUACHACALLA,estado nutricional en menores de 5 anos,clasificacion c,2001-06-01,6,2,6,2,8
40701,HUANUNI,estado nutricional en menores de 5 anos,clasificacion c,2001-06-01,24,17,24,17,41
80803,HUARACAJE,estado nutricional en menores de 5 anos,clasificacion c,2001-06-01,15,54,15,54,69
41601,HUAYLLAMARCA,estado nutricional en menores de 5 anos,clasificacion c,2001-06-01,5,89,5,89,94
21005,ICHOCA,estado nutricional en menores de 5 anos,clasificacion c,2001-06-01,2,114,2,114,116
10304,ICLA,estado nutricional en menores de 5 anos,clasificacion c,2001-06-01,121,408,121,408,529
10703,INCAHUASI,estado nutricional en menores de 5 anos,clasificacion c,2001-06-01,32,536,32,536,568
21001,INQUISIVI,estado nutricional en menores de 5 anos,clasificacion c,2001-06-01,8,130,8,130,138
21102,IRUPANA (VILLA DE LANZA),estado nutricional en menores de 5 anos,clasificacion c,2001-06-01,54,231,54,231,285
21501,IXIAMAS,estado nutricional en menores de 5 anos,clasificacion c,2001-06-01,25,223,25,223,248
21105,LA ASUNTA,estado nutricional en menores de 5 anos,clasificacion c,2001-06-01,78,179,78,179,257
70104,LA GUARDIA,estado nutricional en menores de 5 anos,clasificacion c,2001-06-01,38,555,38,555,593
20101,LA PAZ,estado nutricional en menores de 5 anos,clasificacion c,2001-06-01,1656,3171,1656,3171,4827
41501,LA RIVERA,estado nutricional en menores de 5 anos,clasificacion c,2001-06-01,1,4,1,4,5
70701,LAGUNILLAS,estado nutricional en menores de 5 anos,clasificacion c,2001-06-01,39,187,39,187,226
21202,LAJA,estado nutricional en menores de 5 anos,clasificacion c,2001-06-01,1,136,1,136,137
10903,LAS CARRERAS,estado nutricional en menores de 5 anos,clasificacion c,2001-06-01,2,92,2,92,94
21006,LICOMA PAMPA,estado nutricional en menores de 5 anos,clasificacion c,2001-06-01,18,4,18,4,22
50203,LLALLAGUA,estado nutricional en menores de 5 anos,clasificacion c,2001-06-01,12,208,12,208,220
51401,LLICA,estado nutricional en menores de 5 anos,clasificacion c,2001-06-01,16,179,16,179,195
80601,LORETO,estado nutricional en menores de 5 anos,clasificacion c,2001-06-01,19,27,19,27,46
20901,LURIBAY,estado nutricional en menores de 5 anos,clasificacion c,2001-06-01,9,105,9,105,114
40702,MACHACAMARCA,estado nutricional en menores de 5 anos,clasificacion c,2001-06-01,36,20,36,20,56
11003,MACHARETI,estado nutricional en menores de 5 anos,clasificacion c,2001-06-01,10,580,10,580,590
80801,MAGDALENA,estado nutricional en menores de 5 anos,clasificacion c,2001-06-01,2,66,2,66,68
70903,MAIRANA,estado nutricional en menores de 5 anos,clasificacion c,2001-06-01,69,80,69,80,149
20904,MALLA,estado nutricional en menores de 5 anos,clasificacion c,2001-06-01,4,46,4,46,50
20103,MECAPACA,estado nutricional en menores de 5 anos,clasificacion c,2001-06-01,17,161,17,161,178
71003,MINEROS,estado nutricional en menores de 5 anos,clasificacion c,2001-06-01,62,593,62,593,655
31301,MIZQUE,estado nutricional en menores de 5 anos,clasificacion c,2001-06-01,193,237,193,237,430
20402,MOCOMOCO,estado nutricional en menores de 5 anos,clasificacion c,2001-06-01,95,67,95,67,162
51002,MOJINETE,estado nutricional en menores de 5 anos,clasificacion c,2001-06-01,0,33,0,33,33
10303,MOJOCOYA,estado nutricional en menores de 5 anos,clasificacion c,2001-06-01,20,517,20,517,537
10501,MONTEAGUDO,estado nutricional en menores de 5 anos,clasificacion c,2001-06-01,74,1075,74,1075,1149
71001,MONTERO,estado nutricional en menores de 5 anos,clasificacion c,2001-06-01,57,784,57,784,841
70803,MORO MORO,estado nutricional en menores de 5 anos,clasificacion c,2001-06-01,2,10,2,10,12
30302,MOROCHATA,estado nutricional en menores de 5 anos,clasificacion c,2001-06-01,49,132,49,132,181
90401,NACEBE (SANTA ROSA DEL ABUNA),estado nutricional en menores de 5 anos,clasificacion c,2001-06-01,1,32,1,32,33
20307,NAZACARA DE PACAJES,estado nutricional en menores de 5 anos,clasificacion c,2001-06-01,0,1,0,1,1
90501,NUEVO MANOA (NUEVA ESPERANZA),estado nutricional en menores de 5 anos,clasificacion c,2001-06-01,0,17,0,17,17
50404,OCURI,estado nutricional en menores de 5 anos,clasificacion c,2001-06-01,9,232,9,232,241
70202,OKINAWA,estado nutricional en menores de 5 anos,clasificacion c,2001-06-01,3,45,3,45,48
30203,OMEREQUE,estado nutricional en menores de 5 anos,clasificacion c,2001-06-01,3,135,3,135,138
40101,ORURO,estado nutricional en menores de 5 anos,clasificacion c,2001-06-01,182,2287,182,2287,2469
60201,PADCAYA,estado nutricional en menores de 5 anos,clasificacion c,2001-06-01,21,185,21,185,206
10401,PADILLA,estado nutricional en menores de 5 anos,clasificacion c,2001-06-01,26,746,26,746,772
70502,PAILON,estado nutricional en menores de 5 anos,clasificacion c,2001-06-01,10,164,10,164,174
20102,PALCA,estado nutricional en menores de 5 anos,clasificacion c,2001-06-01,44,152,44,152,196
21104,PALOS BLANCOS,estado nutricional en menores de 5 anos,clasificacion c,2001-06-01,218,270,218,270,488
40802,PAMPA AULLAGAS,estado nutricional en menores de 5 anos,clasificacion c,2001-06-01,33,29,33,29,62
70902,PAMPA GRANDE,estado nutricional en menores de 5 anos,clasificacion c,2001-06-01,4,123,4,123,127
21802,PAPEL PAMPA,estado nutricional en menores de 5 anos,clasificacion c,2001-06-01,4,41,4,41,45
30202,PASORAPA,estado nutricional en menores de 5 anos,clasificacion c,2001-06-01,0,64,0,64,64
21305,PATACAMAYA,estado nutricional en menores de 5 anos,clasificacion c,2001-06-01,99,64,99,64,163
40602,PAZÃ‘A,estado nutricional en menores de 5 anos,clasificacion c,2001-06-01,2,23,2,23,25
20702,PELECHUCO,estado nutricional en menores de 5 anos,clasificacion c,2001-06-01,15,44,15,44,59
50403,POCOATA,estado nutricional en menores de 5 anos,clasificacion c,2001-06-01,38,449,38,449,487
31203,POCONA,estado nutricional en menores de 5 anos,clasificacion c,2001-06-01,17,169,17,169,186
31202,POJO (CBBA),estado nutricional en menores de 5 anos,clasificacion c,2001-06-01,90,578,90,578,668
40601,POOPO,estado nutricional en menores de 5 anos,clasificacion c,2001-06-01,1,41,1,41,42
51203,PORCO,estado nutricional en menores de 5 anos,clasificacion c,2001-06-01,14,130,14,130,144
10103,POROMA,estado nutricional en menores de 5 anos,clasificacion c,2001-06-01,26,521,26,521,547
70103,PORONGO,estado nutricional en menores de 5 anos,clasificacion c,2001-06-01,4,134,4,134,138
70601,PORTACHUELO,estado nutricional en menores de 5 anos,clasificacion c,2001-06-01,120,90,120,90,210
90102,PORVENIR,estado nutricional en menores de 5 anos,clasificacion c,2001-06-01,2,93,2,93,95
50101,POTOSI,estado nutricional en menores de 5 anos,clasificacion c,2001-06-01,131,1695,131,1695,1826
10302,PRESTO,estado nutricional en menores de 5 anos,clasificacion c,2001-06-01,23,313,23,313,336
70805,PUCARA,estado nutricional en menores de 5 anos,clasificacion c,2001-06-01,2,12,2,12,14
21201,PUCARANI,estado nutricional en menores de 5 anos,clasificacion c,2001-06-01,33,246,33,246,279
20401,PUERTO ACOSTA,estado nutricional en menores de 5 anos,clasificacion c,2001-06-01,125,139,125,139,264
20403,PUERTO CARABUCO,estado nutricional en menores de 5 anos,clasificacion c,2001-06-01,115,192,115,192,307
90301,PUERTO GONZALO MORENO,estado nutricional en menores de 5 anos,clasificacion c,2001-06-01,2,2,2,2,4
21204,PUERTO PEREZ,estado nutricional en menores de 5 anos,clasificacion c,2001-06-01,7,58,7,58,65
71402,PUERTO QUIJARRO,estado nutricional en menores de 5 anos,clasificacion c,2001-06-01,98,37,98,37,135
90201,PUERTO RICO,estado nutricional en menores de 5 anos,clasificacion c,2001-06-01,2,38,2,38,40
80703,PUERTO SILES,estado nutricional en menores de 5 anos,clasificacion c,2001-06-01,2,60,2,60,62
71401,PUERTO SUAREZ,estado nutricional en menores de 5 anos,clasificacion c,2001-06-01,211,63,211,63,274
31205,PUERTO VILLARROEL,estado nutricional en menores de 5 anos,clasificacion c,2001-06-01,255,339,255,339,594
51101,PUNA,estado nutricional en menores de 5 anos,clasificacion c,2001-06-01,70,431,70,431,501
31401,PUNATA,estado nutricional en menores de 5 anos,clasificacion c,2001-06-01,70,167,70,167,237
20604,QUIABAYA,estado nutricional en menores de 5 anos,clasificacion c,2001-06-01,4,40,4,40,44
30901,QUILLACOLLO,estado nutricional en menores de 5 anos,clasificacion c,2001-06-01,2,24,2,24,26
21002,QUIME,estado nutricional en menores de 5 anos,clasificacion c,2001-06-01,98,67,98,67,165
70904,QUIRUSILLAS,estado nutricional en menores de 5 anos,clasificacion c,2001-06-01,3,31,3,31,34
50402,RAVELO,estado nutricional en menores de 5 anos,clasificacion c,2001-06-01,54,514,54,514,568
80301,REYES,estado nutricional en menores de 5 anos,clasificacion c,2001-06-01,7,146,7,146,153
80201,RIBERALTA,estado nutricional en menores de 5 anos,clasificacion c,2001-06-01,42,249,42,249,291
70503,ROBORE,estado nutricional en menores de 5 anos,clasificacion c,2001-06-01,25,251,25,251,276
80304,RURRENABAQUE,estado nutricional en menores de 5 anos,clasificacion c,2001-06-01,50,64,50,64,114
40901,SABAYA,estado nutricional en menores de 5 anos,clasificacion c,2001-06-01,2,31,2,31,33
31001,SACABA,estado nutricional en menores de 5 anos,clasificacion c,2001-06-01,227,201,227,201,428
30404,SACABAMBA,estado nutricional en menores de 5 anos,clasificacion c,2001-06-01,4,136,4,136,140
50701,SACACA,estado nutricional en menores de 5 anos,clasificacion c,2001-06-01,38,522,38,522,560
71302,SAIPINA,estado nutricional en menores de 5 anos,clasificacion c,2001-06-01,2,102,2,102,104
40801,SALINAS DE GARCI MENDOZA,estado nutricional en menores de 5 anos,clasificacion c,2001-06-01,21,28,21,28,49
70901,SAMAIPATA,estado nutricional en menores de 5 anos,clasificacion c,2001-06-01,13,140,13,140,153
51601,SAN AGUSTIN,estado nutricional en menores de 5 anos,clasificacion c,2001-06-01,7,45,7,45,52
80602,SAN ANDRES,estado nutricional en menores de 5 anos,clasificacion c,2001-06-01,0,19,0,19,19
51003,SAN ANTONIO DE ESMORUCO,estado nutricional en menores de 5 anos,clasificacion c,2001-06-01,5,26,5,26,31
71105,SAN ANTONIO DE LOMERIO,estado nutricional en menores de 5 anos,clasificacion c,2001-06-01,41,220,41,220,261
31403,SAN BENITO,estado nutricional en menores de 5 anos,clasificacion c,2001-06-01,19,112,19,112,131
80302,SAN BORJA,estado nutricional en menores de 5 anos,clasificacion c,2001-06-01,56,472,56,472,528
21502,SAN BUENA VENTURA,estado nutricional en menores de 5 anos,clasificacion c,2001-06-01,12,259,12,259,271
70402,SAN CARLOS,estado nutricional en menores de 5 anos,clasificacion c,2001-06-01,13,136,13,136,149
80501,SAN IGNACIO,estado nutricional en menores de 5 anos,clasificacion c,2001-06-01,15,202,15,202,217
70301,SAN IGNACIO DE VELASCO,estado nutricional en menores de 5 anos,clasificacion c,2001-06-01,161,927,161,927,1088
80102,SAN JAVIER(BNI),estado nutricional en menores de 5 anos,clasificacion c,2001-06-01,0,30,0,30,30
71102,SAN JAVIER(STC),estado nutricional en menores de 5 anos,clasificacion c,2001-06-01,3,228,3,228,231
80701,SAN JOAQUIN,estado nutricional en menores de 5 anos,clasificacion c,2001-06-01,10,53,10,53,63
70501,SAN JOSE DE CHIQUITOS,estado nutricional en menores de 5 anos,clasificacion c,2001-06-01,148,110,148,110,258
71104,SAN JULIAN,estado nutricional en menores de 5 anos,clasificacion c,2001-06-01,73,867,73,867,940
90302,SAN LORENZO(PND),estado nutricional en menores de 5 anos,clasificacion c,2001-06-01,0,31,0,31,31
60501,SAN LORENZO(TJA),estado nutricional en menores de 5 anos,clasificacion c,2001-06-01,11,44,11,44,55
10702,SAN LUCAS,estado nutricional en menores de 5 anos,clasificacion c,2001-06-01,77,1129,77,1129,1206
71201,SAN MATIAS,estado nutricional en menores de 5 anos,clasificacion c,2001-06-01,10,252,10,252,262
70302,SAN MIGUEL DE VELASCO,estado nutricional en menores de 5 anos,clasificacion c,2001-06-01,28,196,28,196,224
51001,SAN PABLO DE LIPEZ,estado nutricional en menores de 5 anos,clasificacion c,2001-06-01,5,21,5,21,26
50501,SAN PEDRO DE BUENA VISTA,estado nutricional en menores de 5 anos,clasificacion c,2001-06-01,17,528,17,528,545
21801,SAN PEDRO DE CURAHUARA,estado nutricional en menores de 5 anos,clasificacion c,2001-06-01,1,152,1,152,153
50902,SAN PEDRO DE QUEMES,estado nutricional en menores de 5 anos,clasificacion c,2001-06-01,4,20,4,20,24
21702,SAN PEDRO DE TIQUINA,estado nutricional en menores de 5 anos,clasificacion c,2001-06-01,5,62,5,62,67
90202,SAN PEDRO(PND),estado nutricional en menores de 5 anos,clasificacion c,2001-06-01,0,13,0,13,13
70303,SAN RAFAEL,estado nutricional en menores de 5 anos,clasificacion c,2001-06-01,36,57,36,57,93
80702,SAN RAMON,estado nutricional en menores de 5 anos,clasificacion c,2001-06-01,114,93,114,93,207
80702,SAN RAMON,estado nutricional en menores de 5 anos,clasificacion c,2001-06-01,10,37,10,37,47
70101,SANTA CRUZ DE LA SIERRA,estado nutricional en menores de 5 anos,clasificacion c,2001-06-01,1307,2999,1307,2999,4306
80303,SANTA ROSA,estado nutricional en menores de 5 anos,clasificacion c,2001-06-01,20,73,20,73,93
70602,SANTA ROSA DEL SARA,estado nutricional en menores de 5 anos,clasificacion c,2001-06-01,38,113,38,113,151
20308,SANTIAGO DE CALLAPA,estado nutricional en menores de 5 anos,clasificacion c,2001-06-01,17,12,17,12,29
41401,SANTIAGO DE HUARI,estado nutricional en menores de 5 anos,clasificacion c,2001-06-01,34,17,34,17,51
21901,SANTIAGO DE MACHACA,estado nutricional en menores de 5 anos,clasificacion c,2001-06-01,1,6,1,6,7
30702,SANTIVAÃ‘ES,estado nutricional en menores de 5 anos,clasificacion c,2001-06-01,7,133,7,133,140
40202,SANTUARIO DE QUILLACAS,estado nutricional en menores de 5 anos,clasificacion c,2001-06-01,17,27,17,27,44
20902,SAPAHAQUI,estado nutricional en menores de 5 anos,clasificacion c,2001-06-01,4,57,4,57,61
90303,SENA,estado nutricional en menores de 5 anos,clasificacion c,2001-06-01,0,10,0,10,10
21301,SICA SICA (VILLA AROMA),estado nutricional en menores de 5 anos,clasificacion c,2001-06-01,52,117,52,117,169
30703,SICAYA,estado nutricional en menores de 5 anos,clasificacion c,2001-06-01,3,12,3,12,15
30902,SIPE SIPE,estado nutricional en menores de 5 anos,clasificacion c,2001-06-01,41,327,41,327,368
10403,SOPACHUY,estado nutricional en menores de 5 anos,clasificacion c,2001-06-01,14,316,14,316,330
20601,SORATA,estado nutricional en menores de 5 anos,clasificacion c,2001-06-01,30,293,30,293,323
10101,SUCRE,estado nutricional en menores de 5 anos,clasificacion c,2001-06-01,217,4318,217,4318,4535
31404,TACACHI,estado nutricional en menores de 5 anos,clasificacion c,2001-06-01,0,17,0,17,17
20603,TACACOMA,estado nutricional en menores de 5 anos,clasificacion c,2001-06-01,8,48,8,48,56
50303,TACOBAMBA,estado nutricional en menores de 5 anos,clasificacion c,2001-06-01,10,159,10,159,169
30602,TACOPAYA,estado nutricional en menores de 5 anos,clasificacion c,2001-06-01,6,52,6,52,58
51402,TAHUA,estado nutricional en menores de 5 anos,clasificacion c,2001-06-01,5,36,5,36,41
31101,TAPACARI,estado nutricional en menores de 5 anos,clasificacion c,2001-06-01,16,288,16,288,304
10601,TARABUCO,estado nutricional en menores de 5 anos,clasificacion c,2001-06-01,62,1045,62,1045,1107
30401,TARATA,estado nutricional en menores de 5 anos,clasificacion c,2001-06-01,8,114,8,114,122
60101,TARIJA,estado nutricional en menores de 5 anos,clasificacion c,2001-06-01,191,910,191,910,1101
10202,TARVITA,estado nutricional en menores de 5 anos,clasificacion c,2001-06-01,35,438,35,438,473
20803,TIAWANACU,estado nutricional en menores de 5 anos,clasificacion c,2001-06-01,46,72,46,72,118
50102,TINGUIPAYA,estado nutricional en menores de 5 anos,clasificacion c,2001-06-01,30,236,30,236,266
20606,TIPUANI,estado nutricional en menores de 5 anos,clasificacion c,2001-06-01,67,55,67,55,122
30903,TIQUIPAYA,estado nutricional en menores de 5 anos,clasificacion c,2001-06-01,1,73,1,73,74
31601,TIRAQUE (CBBA),estado nutricional en menores de 5 anos,clasificacion c,2001-06-01,129,367,129,367,496
21703,TITO YUPANQUI (PARQUIPUJIO),estado nutricional en menores de 5 anos,clasificacion c,2001-06-01,0,12,0,12,12
30802,TOCO,estado nutricional en menores de 5 anos,clasificacion c,2001-06-01,1,19,1,19,20
41502,TODOS SANTOS,estado nutricional en menores de 5 anos,clasificacion c,2001-06-01,2,2,2,2,4
30803,TOLATA,estado nutricional en menores de 5 anos,clasificacion c,2001-06-01,2,25,2,25,27
41001,TOLEDO,estado nutricional en menores de 5 anos,clasificacion c,2001-06-01,9,83,9,83,92
51202,TOMAVE,estado nutricional en menores de 5 anos,clasificacion c,2001-06-01,29,325,29,325,354
10402,TOMINA,estado nutricional en menores de 5 anos,clasificacion c,2001-06-01,11,462,11,462,473
50502,TORO TORO,estado nutricional en menores de 5 anos,clasificacion c,2001-06-01,24,30,24,30,54
31201,TOTORA(CBBA),estado nutricional en menores de 5 anos,clasificacion c,2001-06-01,23,278,23,278,301
41301,TOTORA(ORR),estado nutricional en menores de 5 anos,clasificacion c,2001-06-01,4,109,4,109,113
70802,TRIGAL,estado nutricional en menores de 5 anos,clasificacion c,2001-06-01,6,12,6,12,18
80101,TRINIDAD,estado nutricional en menores de 5 anos,clasificacion c,2001-06-01,57,337,57,337,394
50801,TUPIZA,estado nutricional en menores de 5 anos,clasificacion c,2001-06-01,57,990,57,990,1047
40402,TURCO,estado nutricional en menores de 5 anos,clasificacion c,2001-06-01,24,28,24,28,52
21302,UMALA,estado nutricional en menores de 5 anos,clasificacion c,2001-06-01,4,67,4,67,71
50201,UNCIA,estado nutricional en menores de 5 anos,clasificacion c,2001-06-01,9,193,9,193,202
60401,URIONDO (A. CONCEPCION),estado nutricional en menores de 5 anos,clasificacion c,2001-06-01,5,137,5,137,142
71502,URUBICHA,estado nutricional en menores de 5 anos,clasificacion c,2001-06-01,3,24,3,24,27
51201,UYUNI,estado nutricional en menores de 5 anos,clasificacion c,2001-06-01,50,481,50,481,531
30502,VACAS,estado nutricional en menores de 5 anos,clasificacion c,2001-06-01,15,30,15,30,45
70801,VALLEGRANDE,estado nutricional en menores de 5 anos,clasificacion c,2001-06-01,95,215,95,215,310
20801,VIACHA,estado nutricional en menores de 5 anos,clasificacion c,2001-06-01,38,454,38,454,492
31302,VILA VILA,estado nutricional en menores de 5 anos,clasificacion c,2001-06-01,44,26,44,26,70
60303,VILLA MONTES,estado nutricional en menores de 5 anos,clasificacion c,2001-06-01,105,202,105,202,307
90502,VILLA NUEVA (LOMA ALTA),estado nutricional en menores de 5 anos,clasificacion c,2001-06-01,0,3,0,3,3
31402,VILLA RIVERO,estado nutricional en menores de 5 anos,clasificacion c,2001-06-01,0,56,0,56,56
10801,VILLA SERRANO,estado nutricional en menores de 5 anos,clasificacion c,2001-06-01,28,563,28,563,591
31003,VILLA TUNARI,estado nutricional en menores de 5 anos,clasificacion c,2001-06-01,155,118,155,118,273
11001,VILLA VACA GUZMAN (MUYUPAMPA),estado nutricional en menores de 5 anos,clasificacion c,2001-06-01,24,551,24,551,575
51501,VILLAZON,estado nutricional en menores de 5 anos,clasificacion c,2001-06-01,30,1224,30,1224,1254
50602,VITICHI,estado nutricional en menores de 5 anos,clasificacion c,2001-06-01,16,241,16,241,257
20306,WALDO BALLIVIAN,estado nutricional en menores de 5 anos,clasificacion c,2001-06-01,2,31,2,31,33
70201,WARNES,estado nutricional en menores de 5 anos,clasificacion c,2001-06-01,72,377,72,377,449
20903,YACO,estado nutricional en menores de 5 anos,clasificacion c,2001-06-01,5,52,5,52,57
60301,YACUIBA,estado nutricional en menores de 5 anos,clasificacion c,2001-06-01,55,594,55,594,649
10602,YAMPARAEZ,estado nutricional en menores de 5 anos,clasificacion c,2001-06-01,39,656,39,656,695
21103,YANACACHI,estado nutricional en menores de 5 anos,clasificacion c,2001-06-01,61,25,61,25,86
70403,YAPACANI,estado nutricional en menores de 5 anos,clasificacion c,2001-06-01,67,477,67,477,544
50103,YOCALLA,estado nutricional en menores de 5 anos,clasificacion c,2001-06-01,9,237,9,237,246
10102,YOTALA,estado nutricional en menores de 5 anos,clasificacion c,2001-06-01,27,591,27,591,618
60402,YUNCHARA,estado nutricional en menores de 5 anos,clasificacion c,2001-06-01,1,70,1,70,71
10301,ZUDAÃ‘EZ,estado nutricional en menores de 5 anos,clasificacion c,2001-06-01,15,395,15,395,410
51302,ACACIO,estado nutricional en menores de 5 anos,clasificacion c,2001-07-01,10,161,10,161,171
20201,ACHACACHI,estado nutricional en menores de 5 anos,clasificacion c,2001-07-01,57,932,57,932,989
20104,ACHOCALLA,estado nutricional en menores de 5 anos,clasificacion c,2001-07-01,9,89,9,89,98
30201,AIQUILE,estado nutricional en menores de 5 anos,clasificacion c,2001-07-01,76,269,76,269,345
31303,ALALAY,estado nutricional en menores de 5 anos,clasificacion c,2001-07-01,40,18,40,18,58
10404,ALCALA,estado nutricional en menores de 5 anos,clasificacion c,2001-07-01,0,215,0,215,215
20202,ANCORAIMES,estado nutricional en menores de 5 anos,clasificacion c,2001-07-01,18,426,18,426,444
41201,ANDAMARCA,estado nutricional en menores de 5 anos,clasificacion c,2001-07-01,9,27,9,27,36
40603,ANTEQUERA,estado nutricional en menores de 5 anos,clasificacion c,2001-07-01,20,8,20,8,28
30402,ANZALDO,estado nutricional en menores de 5 anos,clasificacion c,2001-07-01,0,84,0,84,84
20701,APOLO,estado nutricional en menores de 5 anos,clasificacion c,2001-07-01,44,10,44,10,54
51301,ARAMPAMPA,estado nutricional en menores de 5 anos,clasificacion c,2001-07-01,6,102,6,102,108
30501,ARANI,estado nutricional en menores de 5 anos,clasificacion c,2001-07-01,8,133,8,133,141
30403,ARBIETO,estado nutricional en menores de 5 anos,clasificacion c,2001-07-01,4,81,4,81,85
30601,ARQUE,estado nutricional en menores de 5 anos,clasificacion c,2001-07-01,9,54,9,54,63
71501,ASCENCION DE GUARAYOS,estado nutricional en menores de 5 anos,clasificacion c,2001-07-01,3,60,3,60,63
50802,ATOCHA,estado nutricional en menores de 5 anos,clasificacion c,2001-07-01,12,150,12,150,162
20502,AYATA,estado nutricional en menores de 5 anos,clasificacion c,2001-07-01,13,21,13,21,34
21303,AYO AYO,estado nutricional en menores de 5 anos,clasificacion c,2001-07-01,9,43,9,43,52
30301,AYOPAYA (V. DE INDEPENDENCIA),estado nutricional en menores de 5 anos,clasificacion c,2001-07-01,237,318,237,318,555
10201,AZURDUY,estado nutricional en menores de 5 anos,clasificacion c,2001-07-01,5,208,5,208,213
21203,BATALLAS,estado nutricional en menores de 5 anos,clasificacion c,2001-07-01,11,357,11,357,368
80802,BAURES,estado nutricional en menores de 5 anos,clasificacion c,2001-07-01,38,54,38,54,92
41202,BELEN DE ANDAMARCA,estado nutricional en menores de 5 anos,clasificacion c,2001-07-01,1,14,1,14,15
50104,BELEN DE URMIRI,estado nutricional en menores de 5 anos,clasificacion c,2001-07-01,7,52,7,52,59
90104,BELLA FLOR,estado nutricional en menores de 5 anos,clasificacion c,2001-07-01,1,79,1,79,80
60202,BERMEJO,estado nutricional en menores de 5 anos,clasificacion c,2001-07-01,12,78,12,78,90
50301,BETANZOS,estado nutricional en menores de 5 anos,clasificacion c,2001-07-01,32,490,32,490,522
31501,BOLIVAR,estado nutricional en menores de 5 anos,clasificacion c,2001-07-01,7,180,7,180,187
90103,BOLPEBRA,estado nutricional en menores de 5 anos,clasificacion c,2001-07-01,0,34,0,34,34
70707,BOYUIBE,estado nutricional en menores de 5 anos,clasificacion c,2001-07-01,8,64,8,64,72
70401,BUENA VISTA,estado nutricional en menores de 5 anos,clasificacion c,2001-07-01,249,160,249,160,409
70703,CABEZAS,estado nutricional en menores de 5 anos,clasificacion c,2001-07-01,13,288,13,288,301
20905,CAIROMA,estado nutricional en menores de 5 anos,clasificacion c,2001-07-01,10,51,10,51,61
51102,"CAIZA ""D""",estado nutricional en menores de 5 anos,clasificacion c,2001-07-01,22,229,22,229,251
21003,CAJUATA,estado nutricional en menores de 5 anos,clasificacion c,2001-07-01,61,30,61,30,91
20303,CALACOTO,estado nutricional en menores de 5 anos,clasificacion c,2001-07-01,7,44,7,44,51
21304,CALAMARCA,estado nutricional en menores de 5 anos,clasificacion c,2001-07-01,35,83,35,83,118
10701,CAMARGO,estado nutricional en menores de 5 anos,clasificacion c,2001-07-01,34,200,34,200,234
10901,CAMATAQUI (C. VILLA ABECIA),estado nutricional en menores de 5 anos,clasificacion c,2001-07-01,18,197,18,197,215
70706,CAMIRI,estado nutricional en menores de 5 anos,clasificacion c,2001-07-01,109,225,109,225,334
30701,CAPINOTA,estado nutricional en menores de 5 anos,clasificacion c,2001-07-01,99,96,99,96,195
20302,CAQUIAVIRI,estado nutricional en menores de 5 anos,clasificacion c,2001-07-01,1,48,1,48,49
40102,CARACOLLO,estado nutricional en menores de 5 anos,clasificacion c,2001-07-01,14,256,14,256,270
22001,CARANAVI,estado nutricional en menores de 5 anos,clasificacion c,2001-07-01,313,637,313,637,950
41503,CARANGAS,estado nutricional en menores de 5 anos,clasificacion c,2001-07-01,0,2,0,2,2
60302,CARAPARI,estado nutricional en menores de 5 anos,clasificacion c,2001-07-01,21,189,21,189,210
50702,CARIPUYO,estado nutricional en menores de 5 anos,clasificacion c,2001-07-01,8,89,8,89,97
21803,CHACARILLA,estado nutricional en menores de 5 anos,clasificacion c,2001-07-01,0,18,0,18,18
40201,CHALLAPATA,estado nutricional en menores de 5 anos,clasificacion c,2001-07-01,65,110,65,110,175
50302,CHAQUI,estado nutricional en menores de 5 anos,clasificacion c,2001-07-01,15,148,15,148,163
70702,CHARAGUA,estado nutricional en menores de 5 anos,clasificacion c,2001-07-01,33,413,33,413,446
20305,CHARAÃ‘A,estado nutricional en menores de 5 anos,clasificacion c,2001-07-01,0,28,0,28,28
50202,CHAYANTA,estado nutricional en menores de 5 anos,clasificacion c,2001-07-01,30,216,30,216,246
31204,CHIMORE,estado nutricional en menores de 5 anos,clasificacion c,2001-07-01,27,152,27,152,179
40903,CHIPAYA,estado nutricional en menores de 5 anos,clasificacion c,2001-07-01,2,26,2,26,28
40302,CHOQUE COTA,estado nutricional en menores de 5 anos,clasificacion c,2001-07-01,5,43,5,43,48
21101,CHULUMANI (V. DE LA LIBERTAD),estado nutricional en menores de 5 anos,clasificacion c,2001-07-01,10,124,10,124,134
20501,CHUMA,estado nutricional en menores de 5 anos,clasificacion c,2001-07-01,23,28,23,28,51
30801,CLIZA,estado nutricional en menores de 5 anos,clasificacion c,2001-07-01,11,83,11,83,94
90101,COBIJA,estado nutricional en menores de 5 anos,clasificacion c,2001-07-01,213,181,213,181,394
30101,COCHABAMBA,estado nutricional en menores de 5 anos,clasificacion c,2001-07-01,1085,1585,1085,1585,2670
40902,COIPASA,estado nutricional en menores de 5 anos,clasificacion c,2001-07-01,1,10,1,10,11
30905,COLCAPIRHUA,estado nutricional en menores de 5 anos,clasificacion c,2001-07-01,73,49,73,49,122
50901,"COLCHA ""K""",estado nutricional en menores de 5 anos,clasificacion c,2001-07-01,18,128,18,128,146
21307,COLLANA,estado nutricional en menores de 5 anos,clasificacion c,2001-07-01,8,0,8,0,8
31002,COLOMI,estado nutricional en menores de 5 anos,clasificacion c,2001-07-01,78,249,78,249,327
50401,COLQUECHACA,estado nutricional en menores de 5 anos,clasificacion c,2001-07-01,33,173,33,173,206
21306,COLQUENCHA,estado nutricional en menores de 5 anos,clasificacion c,2001-07-01,42,87,42,87,129
21004,COLQUIRI,estado nutricional en menores de 5 anos,clasificacion c,2001-07-01,25,227,25,227,252
20304,COMANCHE,estado nutricional en menores de 5 anos,clasificacion c,2001-07-01,10,34,10,34,44
71301,COMARAPA,estado nutricional en menores de 5 anos,clasificacion c,2001-07-01,19,220,19,220,239
20605,COMBAYA,estado nutricional en menores de 5 anos,clasificacion c,2001-07-01,1,80,1,80,81
71101,CONCEPCION,estado nutricional en menores de 5 anos,clasificacion c,2001-07-01,13,37,13,37,50
21701,COPACABANA,estado nutricional en menores de 5 anos,clasificacion c,2001-07-01,12,253,12,253,265
21402,CORIPATA,estado nutricional en menores de 5 anos,clasificacion c,2001-07-01,9,72,9,72,81
20301,CORO CORO,estado nutricional en menores de 5 anos,clasificacion c,2001-07-01,10,79,10,79,89
21401,COROICO,estado nutricional en menores de 5 anos,clasificacion c,2001-07-01,69,114,69,114,183
40301,CORQUE,estado nutricional en menores de 5 anos,clasificacion c,2001-07-01,14,128,14,128,142
50601,COTAGAITA,estado nutricional en menores de 5 anos,clasificacion c,2001-07-01,26,278,26,278,304
70102,COTOCA,estado nutricional en menores de 5 anos,clasificacion c,2001-07-01,23,151,23,151,174
31405,CUCHUMUELA (V. G. VILLARROEL),estado nutricional en menores de 5 anos,clasificacion c,2001-07-01,3,12,3,12,15
70704,CUEVO,estado nutricional en menores de 5 anos,clasificacion c,2001-07-01,60,75,60,75,135
10902,CULPINA,estado nutricional en menores de 5 anos,clasificacion c,2001-07-01,37,433,37,433,470
40401,CURAHUARA DE CARANGAS,estado nutricional en menores de 5 anos,clasificacion c,2001-07-01,69,28,69,28,97
21602,CURVA,estado nutricional en menores de 5 anos,clasificacion c,2001-07-01,14,7,14,7,21
20804,DESAGUADERO,estado nutricional en menores de 5 anos,clasificacion c,2001-07-01,8,65,8,65,73
20105,EL ALTO,estado nutricional en menores de 5 anos,clasificacion c,2001-07-01,2720,4116,2720,4116,6836
40103,EL CHORO,estado nutricional en menores de 5 anos,clasificacion c,2001-07-01,14,22,14,22,36
71503,EL PUENTE(STC),estado nutricional en menores de 5 anos,clasificacion c,2001-07-01,35,317,35,317,352
60502,EL PUENTE(TJA),estado nutricional en menores de 5 anos,clasificacion c,2001-07-01,15,74,15,74,89
70105,EL TORNO,estado nutricional en menores de 5 anos,clasificacion c,2001-07-01,29,348,29,348,377
10405,EL VILLAR,estado nutricional en menores de 5 anos,clasificacion c,2001-07-01,11,243,11,243,254
60601,ENTRE RIOS,estado nutricional en menores de 5 anos,clasificacion c,2001-07-01,151,348,151,348,499
41101,EUCALIPTUS,estado nutricional en menores de 5 anos,clasificacion c,2001-07-01,5,138,5,138,143
90203,FILADELFIA,estado nutricional en menores de 5 anos,clasificacion c,2001-07-01,0,9,0,9,9
71002,GENERAL SAAVEDRA,estado nutricional en menores de 5 anos,clasificacion c,2001-07-01,18,392,18,392,410
21601,GRAL. J.J. PEREZ (CHARAZANI),estado nutricional en menores de 5 anos,clasificacion c,2001-07-01,29,40,29,40,69
20602,GUANAY,estado nutricional en menores de 5 anos,clasificacion c,2001-07-01,30,457,30,457,487
20802,GUAQUI,estado nutricional en menores de 5 anos,clasificacion c,2001-07-01,8,46,8,46,54
80202,GUAYARAMERIN,estado nutricional en menores de 5 anos,clasificacion c,2001-07-01,77,592,77,592,669
70705,GUTIERREZ,estado nutricional en menores de 5 anos,clasificacion c,2001-07-01,99,382,99,382,481
10502,HUACARETA,estado nutricional en menores de 5 anos,clasificacion c,2001-07-01,14,452,14,452,466
40501,HUACHACALLA,estado nutricional en menores de 5 anos,clasificacion c,2001-07-01,11,6,11,6,17
40701,HUANUNI,estado nutricional en menores de 5 anos,clasificacion c,2001-07-01,13,103,13,103,116
80803,HUARACAJE,estado nutricional en menores de 5 anos,clasificacion c,2001-07-01,24,26,24,26,50
41601,HUAYLLAMARCA,estado nutricional en menores de 5 anos,clasificacion c,2001-07-01,3,86,3,86,89
21005,ICHOCA,estado nutricional en menores de 5 anos,clasificacion c,2001-07-01,1,50,1,50,51
10304,ICLA,estado nutricional en menores de 5 anos,clasificacion c,2001-07-01,157,309,157,309,466
10703,INCAHUASI,estado nutricional en menores de 5 anos,clasificacion c,2001-07-01,35,343,35,343,378
21001,INQUISIVI,estado nutricional en menores de 5 anos,clasificacion c,2001-07-01,12,130,12,130,142
21102,IRUPANA (VILLA DE LANZA),estado nutricional en menores de 5 anos,clasificacion c,2001-07-01,40,209,40,209,249
21501,IXIAMAS,estado nutricional en menores de 5 anos,clasificacion c,2001-07-01,11,150,11,150,161
21105,LA ASUNTA,estado nutricional en menores de 5 anos,clasificacion c,2001-07-01,92,99,92,99,191
70104,LA GUARDIA,estado nutricional en menores de 5 anos,clasificacion c,2001-07-01,45,539,45,539,584
20101,LA PAZ,estado nutricional en menores de 5 anos,clasificacion c,2001-07-01,2498,3358,2498,3358,5856
41501,LA RIVERA,estado nutricional en menores de 5 anos,clasificacion c,2001-07-01,0,7,0,7,7
70701,LAGUNILLAS,estado nutricional en menores de 5 anos,clasificacion c,2001-07-01,24,74,24,74,98
21202,LAJA,estado nutricional en menores de 5 anos,clasificacion c,2001-07-01,15,182,15,182,197
10903,LAS CARRERAS,estado nutricional en menores de 5 anos,clasificacion c,2001-07-01,7,146,7,146,153
21006,LICOMA PAMPA,estado nutricional en menores de 5 anos,clasificacion c,2001-07-01,26,4,26,4,30
50203,LLALLAGUA,estado nutricional en menores de 5 anos,clasificacion c,2001-07-01,26,152,26,152,178
51401,LLICA,estado nutricional en menores de 5 anos,clasificacion c,2001-07-01,7,69,7,69,76
80601,LORETO,estado nutricional en menores de 5 anos,clasificacion c,2001-07-01,5,126,5,126,131
20901,LURIBAY,estado nutricional en menores de 5 anos,clasificacion c,2001-07-01,3,109,3,109,112
40702,MACHACAMARCA,estado nutricional en menores de 5 anos,clasificacion c,2001-07-01,1,31,1,31,32
11003,MACHARETI,estado nutricional en menores de 5 anos,clasificacion c,2001-07-01,15,466,15,466,481
80801,MAGDALENA,estado nutricional en menores de 5 anos,clasificacion c,2001-07-01,9,68,9,68,77
70903,MAIRANA,estado nutricional en menores de 5 anos,clasificacion c,2001-07-01,112,78,112,78,190
20904,MALLA,estado nutricional en menores de 5 anos,clasificacion c,2001-07-01,0,15,0,15,15
20103,MECAPACA,estado nutricional en menores de 5 anos,clasificacion c,2001-07-01,3,117,3,117,120
71003,MINEROS,estado nutricional en menores de 5 anos,clasificacion c,2001-07-01,91,802,91,802,893
31301,MIZQUE,estado nutricional en menores de 5 anos,clasificacion c,2001-07-01,189,108,189,108,297
20402,MOCOMOCO,estado nutricional en menores de 5 anos,clasificacion c,2001-07-01,99,48,99,48,147
51002,MOJINETE,estado nutricional en menores de 5 anos,clasificacion c,2001-07-01,2,20,2,20,22
10303,MOJOCOYA,estado nutricional en menores de 5 anos,clasificacion c,2001-07-01,10,474,10,474,484
10501,MONTEAGUDO,estado nutricional en menores de 5 anos,clasificacion c,2001-07-01,65,831,65,831,896
71001,MONTERO,estado nutricional en menores de 5 anos,clasificacion c,2001-07-01,138,1798,138,1798,1936
70803,MORO MORO,estado nutricional en menores de 5 anos,clasificacion c,2001-07-01,29,4,29,4,33
30302,MOROCHATA,estado nutricional en menores de 5 anos,clasificacion c,2001-07-01,36,25,36,25,61
90401,NACEBE (SANTA ROSA DEL ABUNA),estado nutricional en menores de 5 anos,clasificacion c,2001-07-01,0,13,0,13,13
20307,NAZACARA DE PACAJES,estado nutricional en menores de 5 anos,clasificacion c,2001-07-01,0,1,0,1,1
50404,OCURI,estado nutricional en menores de 5 anos,clasificacion c,2001-07-01,12,169,12,169,181
70202,OKINAWA,estado nutricional en menores de 5 anos,clasificacion c,2001-07-01,4,93,4,93,97
30203,OMEREQUE,estado nutricional en menores de 5 anos,clasificacion c,2001-07-01,4,53,4,53,57
40101,ORURO,estado nutricional en menores de 5 anos,clasificacion c,2001-07-01,222,2636,222,2636,2858
60201,PADCAYA,estado nutricional en menores de 5 anos,clasificacion c,2001-07-01,44,370,44,370,414
10401,PADILLA,estado nutricional en menores de 5 anos,clasificacion c,2001-07-01,16,685,16,685,701
70502,PAILON,estado nutricional en menores de 5 anos,clasificacion c,2001-07-01,11,236,11,236,247
20102,PALCA,estado nutricional en menores de 5 anos,clasificacion c,2001-07-01,59,66,59,66,125
21104,PALOS BLANCOS,estado nutricional en menores de 5 anos,clasificacion c,2001-07-01,173,266,173,266,439
40802,PAMPA AULLAGAS,estado nutricional en menores de 5 anos,clasificacion c,2001-07-01,36,22,36,22,58
70902,PAMPA GRANDE,estado nutricional en menores de 5 anos,clasificacion c,2001-07-01,7,79,7,79,86
21802,PAPEL PAMPA,estado nutricional en menores de 5 anos,clasificacion c,2001-07-01,0,41,0,41,41
30202,PASORAPA,estado nutricional en menores de 5 anos,clasificacion c,2001-07-01,3,36,3,36,39
21305,PATACAMAYA,estado nutricional en menores de 5 anos,clasificacion c,2001-07-01,86,36,86,36,122
40602,PAZÃ‘A,estado nutricional en menores de 5 anos,clasificacion c,2001-07-01,10,45,10,45,55
20702,PELECHUCO,estado nutricional en menores de 5 anos,clasificacion c,2001-07-01,10,24,10,24,34
50403,POCOATA,estado nutricional en menores de 5 anos,clasificacion c,2001-07-01,35,199,35,199,234
31203,POCONA,estado nutricional en menores de 5 anos,clasificacion c,2001-07-01,49,63,49,63,112
31202,POJO (CBBA),estado nutricional en menores de 5 anos,clasificacion c,2001-07-01,196,637,196,637,833
40601,POOPO,estado nutricional en menores de 5 anos,clasificacion c,2001-07-01,1,56,1,56,57
51203,PORCO,estado nutricional en menores de 5 anos,clasificacion c,2001-07-01,12,48,12,48,60
10103,POROMA,estado nutricional en menores de 5 anos,clasificacion c,2001-07-01,37,500,37,500,537
70103,PORONGO,estado nutricional en menores de 5 anos,clasificacion c,2001-07-01,4,149,4,149,153
70601,PORTACHUELO,estado nutricional en menores de 5 anos,clasificacion c,2001-07-01,143,156,143,156,299
90102,PORVENIR,estado nutricional en menores de 5 anos,clasificacion c,2001-07-01,7,137,7,137,144
70804,POSTRER VALLE,estado nutricional en menores de 5 anos,clasificacion c,2001-07-01,2,45,2,45,47
50101,POTOSI,estado nutricional en menores de 5 anos,clasificacion c,2001-07-01,155,1319,155,1319,1474
10302,PRESTO,estado nutricional en menores de 5 anos,clasificacion c,2001-07-01,7,134,7,134,141
70805,PUCARA,estado nutricional en menores de 5 anos,clasificacion c,2001-07-01,0,1,0,1,1
21201,PUCARANI,estado nutricional en menores de 5 anos,clasificacion c,2001-07-01,21,159,21,159,180
20401,PUERTO ACOSTA,estado nutricional en menores de 5 anos,clasificacion c,2001-07-01,137,160,137,160,297
20403,PUERTO CARABUCO,estado nutricional en menores de 5 anos,clasificacion c,2001-07-01,109,149,109,149,258
90301,PUERTO GONZALO MORENO,estado nutricional en menores de 5 anos,clasificacion c,2001-07-01,36,54,36,54,90
21204,PUERTO PEREZ,estado nutricional en menores de 5 anos,clasificacion c,2001-07-01,7,54,7,54,61
71402,PUERTO QUIJARRO,estado nutricional en menores de 5 anos,clasificacion c,2001-07-01,145,44,145,44,189
90201,PUERTO RICO,estado nutricional en menores de 5 anos,clasificacion c,2001-07-01,8,140,8,140,148
80703,PUERTO SILES,estado nutricional en menores de 5 anos,clasificacion c,2001-07-01,5,7,5,7,12
71401,PUERTO SUAREZ,estado nutricional en menores de 5 anos,clasificacion c,2001-07-01,204,55,204,55,259
31205,PUERTO VILLARROEL,estado nutricional en menores de 5 anos,clasificacion c,2001-07-01,289,307,289,307,596
51101,PUNA,estado nutricional en menores de 5 anos,clasificacion c,2001-07-01,79,339,79,339,418
31401,PUNATA,estado nutricional en menores de 5 anos,clasificacion c,2001-07-01,21,78,21,78,99
20604,QUIABAYA,estado nutricional en menores de 5 anos,clasificacion c,2001-07-01,0,24,0,24,24
30901,QUILLACOLLO,estado nutricional en menores de 5 anos,clasificacion c,2001-07-01,49,152,49,152,201
21002,QUIME,estado nutricional en menores de 5 anos,clasificacion c,2001-07-01,97,82,97,82,179
70904,QUIRUSILLAS,estado nutricional en menores de 5 anos,clasificacion c,2001-07-01,3,25,3,25,28
50402,RAVELO,estado nutricional en menores de 5 anos,clasificacion c,2001-07-01,30,196,30,196,226
80301,REYES,estado nutricional en menores de 5 anos,clasificacion c,2001-07-01,16,156,16,156,172
80201,RIBERALTA,estado nutricional en menores de 5 anos,clasificacion c,2001-07-01,98,860,98,860,958
70503,ROBORE,estado nutricional en menores de 5 anos,clasificacion c,2001-07-01,24,430,24,430,454
80304,RURRENABAQUE,estado nutricional en menores de 5 anos,clasificacion c,2001-07-01,63,60,63,60,123
40901,SABAYA,estado nutricional en menores de 5 anos,clasificacion c,2001-07-01,2,24,2,24,26
31001,SACABA,estado nutricional en menores de 5 anos,clasificacion c,2001-07-01,59,158,59,158,217
30404,SACABAMBA,estado nutricional en menores de 5 anos,clasificacion c,2001-07-01,4,83,4,83,87
50701,SACACA,estado nutricional en menores de 5 anos,clasificacion c,2001-07-01,26,66,26,66,92
71302,SAIPINA,estado nutricional en menores de 5 anos,clasificacion c,2001-07-01,4,67,4,67,71
40801,SALINAS DE GARCI MENDOZA,estado nutricional en menores de 5 anos,clasificacion c,2001-07-01,31,120,31,120,151
70901,SAMAIPATA,estado nutricional en menores de 5 anos,clasificacion c,2001-07-01,9,86,9,86,95
51601,SAN AGUSTIN,estado nutricional en menores de 5 anos,clasificacion c,2001-07-01,8,38,8,38,46
80602,SAN ANDRES,estado nutricional en menores de 5 anos,clasificacion c,2001-07-01,1,55,1,55,56
51003,SAN ANTONIO DE ESMORUCO,estado nutricional en menores de 5 anos,clasificacion c,2001-07-01,4,30,4,30,34
71105,SAN ANTONIO DE LOMERIO,estado nutricional en menores de 5 anos,clasificacion c,2001-07-01,119,177,119,177,296
31403,SAN BENITO,estado nutricional en menores de 5 anos,clasificacion c,2001-07-01,12,77,12,77,89
80302,SAN BORJA,estado nutricional en menores de 5 anos,clasificacion c,2001-07-01,102,684,102,684,786
21502,SAN BUENA VENTURA,estado nutricional en menores de 5 anos,clasificacion c,2001-07-01,15,188,15,188,203
70402,SAN CARLOS,estado nutricional en menores de 5 anos,clasificacion c,2001-07-01,21,202,21,202,223
80501,SAN IGNACIO,estado nutricional en menores de 5 anos,clasificacion c,2001-07-01,11,178,11,178,189
70301,SAN IGNACIO DE VELASCO,estado nutricional en menores de 5 anos,clasificacion c,2001-07-01,436,505,436,505,941
80102,SAN JAVIER(BNI),estado nutricional en menores de 5 anos,clasificacion c,2001-07-01,0,85,0,85,85
71102,SAN JAVIER(STC),estado nutricional en menores de 5 anos,clasificacion c,2001-07-01,3,278,3,278,281
80701,SAN JOAQUIN,estado nutricional en menores de 5 anos,clasificacion c,2001-07-01,6,57,6,57,63
70501,SAN JOSE DE CHIQUITOS,estado nutricional en menores de 5 anos,clasificacion c,2001-07-01,114,101,114,101,215
71104,SAN JULIAN,estado nutricional en menores de 5 anos,clasificacion c,2001-07-01,116,599,116,599,715
60501,SAN LORENZO(TJA),estado nutricional en menores de 5 anos,clasificacion c,2001-07-01,8,46,8,46,54
10702,SAN LUCAS,estado nutricional en menores de 5 anos,clasificacion c,2001-07-01,67,902,67,902,969
71201,SAN MATIAS,estado nutricional en menores de 5 anos,clasificacion c,2001-07-01,28,169,28,169,197
70302,SAN MIGUEL DE VELASCO,estado nutricional en menores de 5 anos,clasificacion c,2001-07-01,14,179,14,179,193
51001,SAN PABLO DE LIPEZ,estado nutricional en menores de 5 anos,clasificacion c,2001-07-01,9,60,9,60,69
50501,SAN PEDRO DE BUENA VISTA,estado nutricional en menores de 5 anos,clasificacion c,2001-07-01,12,222,12,222,234
21801,SAN PEDRO DE CURAHUARA,estado nutricional en menores de 5 anos,clasificacion c,2001-07-01,4,54,4,54,58
50902,SAN PEDRO DE QUEMES,estado nutricional en menores de 5 anos,clasificacion c,2001-07-01,0,10,0,10,10
21702,SAN PEDRO DE TIQUINA,estado nutricional en menores de 5 anos,clasificacion c,2001-07-01,7,66,7,66,73
90202,SAN PEDRO(PND),estado nutricional en menores de 5 anos,clasificacion c,2001-07-01,1,5,1,5,6
70303,SAN RAFAEL,estado nutricional en menores de 5 anos,clasificacion c,2001-07-01,47,29,47,29,76
80702,SAN RAMON,estado nutricional en menores de 5 anos,clasificacion c,2001-07-01,21,82,21,82,103
80401,SANTA ANA,estado nutricional en menores de 5 anos,clasificacion c,2001-07-01,1,64,1,64,65
70101,SANTA CRUZ DE LA SIERRA,estado nutricional en menores de 5 anos,clasificacion c,2001-07-01,2451,3192,2451,3192,5643
80303,SANTA ROSA,estado nutricional en menores de 5 anos,clasificacion c,2001-07-01,2,12,2,12,14
70602,SANTA ROSA DEL SARA,estado nutricional en menores de 5 anos,clasificacion c,2001-07-01,30,154,30,154,184
20308,SANTIAGO DE CALLAPA,estado nutricional en menores de 5 anos,clasificacion c,2001-07-01,2,42,2,42,44
41401,SANTIAGO DE HUARI,estado nutricional en menores de 5 anos,clasificacion c,2001-07-01,34,56,34,56,90
21901,SANTIAGO DE MACHACA,estado nutricional en menores de 5 anos,clasificacion c,2001-07-01,1,21,1,21,22
30702,SANTIVAÃ‘ES,estado nutricional en menores de 5 anos,clasificacion c,2001-07-01,64,54,64,54,118
40202,SANTUARIO DE QUILLACAS,estado nutricional en menores de 5 anos,clasificacion c,2001-07-01,10,27,10,27,37
20902,SAPAHAQUI,estado nutricional en menores de 5 anos,clasificacion c,2001-07-01,3,64,3,64,67
90303,SENA,estado nutricional en menores de 5 anos,clasificacion c,2001-07-01,4,16,4,16,20
21301,SICA SICA (VILLA AROMA),estado nutricional en menores de 5 anos,clasificacion c,2001-07-01,31,104,31,104,135
30703,SICAYA,estado nutricional en menores de 5 anos,clasificacion c,2001-07-01,3,14,3,14,17
30902,SIPE SIPE,estado nutricional en menores de 5 anos,clasificacion c,2001-07-01,255,339,255,339,594
10403,SOPACHUY,estado nutricional en menores de 5 anos,clasificacion c,2001-07-01,26,287,26,287,313
20601,SORATA,estado nutricional en menores de 5 anos,clasificacion c,2001-07-01,19,267,19,267,286
10101,SUCRE,estado nutricional en menores de 5 anos,clasificacion c,2001-07-01,337,4796,337,4796,5133
20603,TACACOMA,estado nutricional en menores de 5 anos,clasificacion c,2001-07-01,7,55,7,55,62
50303,TACOBAMBA,estado nutricional en menores de 5 anos,clasificacion c,2001-07-01,11,138,11,138,149
30602,TACOPAYA,estado nutricional en menores de 5 anos,clasificacion c,2001-07-01,2,36,2,36,38
51402,TAHUA,estado nutricional en menores de 5 anos,clasificacion c,2001-07-01,2,24,2,24,26
31101,TAPACARI,estado nutricional en menores de 5 anos,clasificacion c,2001-07-01,21,167,21,167,188
10601,TARABUCO,estado nutricional en menores de 5 anos,clasificacion c,2001-07-01,53,1014,53,1014,1067
30401,TARATA,estado nutricional en menores de 5 anos,clasificacion c,2001-07-01,12,113,12,113,125
60101,TARIJA,estado nutricional en menores de 5 anos,clasificacion c,2001-07-01,321,1257,321,1257,1578
10202,TARVITA,estado nutricional en menores de 5 anos,clasificacion c,2001-07-01,30,395,30,395,425
20803,TIAWANACU,estado nutricional en menores de 5 anos,clasificacion c,2001-07-01,97,48,97,48,145
50102,TINGUIPAYA,estado nutricional en menores de 5 anos,clasificacion c,2001-07-01,34,162,34,162,196
20606,TIPUANI,estado nutricional en menores de 5 anos,clasificacion c,2001-07-01,63,37,63,37,100
30903,TIQUIPAYA,estado nutricional en menores de 5 anos,clasificacion c,2001-07-01,44,378,44,378,422
31601,TIRAQUE (CBBA),estado nutricional en menores de 5 anos,clasificacion c,2001-07-01,120,227,120,227,347
30802,TOCO,estado nutricional en menores de 5 anos,clasificacion c,2001-07-01,2,32,2,32,34
41502,TODOS SANTOS,estado nutricional en menores de 5 anos,clasificacion c,2001-07-01,0,4,0,4,4
30803,TOLATA,estado nutricional en menores de 5 anos,clasificacion c,2001-07-01,1,20,1,20,21
41001,TOLEDO,estado nutricional en menores de 5 anos,clasificacion c,2001-07-01,10,111,10,111,121
51202,TOMAVE,estado nutricional en menores de 5 anos,clasificacion c,2001-07-01,20,146,20,146,166
10402,TOMINA,estado nutricional en menores de 5 anos,clasificacion c,2001-07-01,15,414,15,414,429
50502,TORO TORO,estado nutricional en menores de 5 anos,clasificacion c,2001-07-01,11,70,11,70,81
31201,TOTORA(CBBA),estado nutricional en menores de 5 anos,clasificacion c,2001-07-01,78,133,78,133,211
41301,TOTORA(ORR),estado nutricional en menores de 5 anos,clasificacion c,2001-07-01,7,62,7,62,69
70802,TRIGAL,estado nutricional en menores de 5 anos,clasificacion c,2001-07-01,14,6,14,6,20
80101,TRINIDAD,estado nutricional en menores de 5 anos,clasificacion c,2001-07-01,96,698,96,698,794
50801,TUPIZA,estado nutricional en menores de 5 anos,clasificacion c,2001-07-01,39,846,39,846,885
40402,TURCO,estado nutricional en menores de 5 anos,clasificacion c,2001-07-01,36,45,36,45,81
21302,UMALA,estado nutricional en menores de 5 anos,clasificacion c,2001-07-01,2,44,2,44,46
50201,UNCIA,estado nutricional en menores de 5 anos,clasificacion c,2001-07-01,33,379,33,379,412
60401,URIONDO (A. CONCEPCION),estado nutricional en menores de 5 anos,clasificacion c,2001-07-01,7,98,7,98,105
71502,URUBICHA,estado nutricional en menores de 5 anos,clasificacion c,2001-07-01,3,50,3,50,53
51201,UYUNI,estado nutricional en menores de 5 anos,clasificacion c,2001-07-01,26,414,26,414,440
30502,VACAS,estado nutricional en menores de 5 anos,clasificacion c,2001-07-01,7,26,7,26,33
70801,VALLEGRANDE,estado nutricional en menores de 5 anos,clasificacion c,2001-07-01,167,168,167,168,335
20801,VIACHA,estado nutricional en menores de 5 anos,clasificacion c,2001-07-01,73,454,73,454,527
31302,VILA VILA,estado nutricional en menores de 5 anos,clasificacion c,2001-07-01,44,26,44,26,70
60303,VILLA MONTES,estado nutricional en menores de 5 anos,clasificacion c,2001-07-01,191,306,191,306,497
90502,VILLA NUEVA (LOMA ALTA),estado nutricional en menores de 5 anos,clasificacion c,2001-07-01,2,3,2,3,5
31402,VILLA RIVERO,estado nutricional en menores de 5 anos,clasificacion c,2001-07-01,0,2,0,2,2
10801,VILLA SERRANO,estado nutricional en menores de 5 anos,clasificacion c,2001-07-01,15,602,15,602,617
31003,VILLA TUNARI,estado nutricional en menores de 5 anos,clasificacion c,2001-07-01,261,148,261,148,409
11001,VILLA VACA GUZMAN (MUYUPAMPA),estado nutricional en menores de 5 anos,clasificacion c,2001-07-01,24,381,24,381,405
51501,VILLAZON,estado nutricional en menores de 5 anos,clasificacion c,2001-07-01,20,690,20,690,710
30904,VINTO,estado nutricional en menores de 5 anos,clasificacion c,2001-07-01,81,21,81,21,102
50602,VITICHI,estado nutricional en menores de 5 anos,clasificacion c,2001-07-01,4,36,4,36,40
20306,WALDO BALLIVIAN,estado nutricional en menores de 5 anos,clasificacion c,2001-07-01,1,30,1,30,31
70201,WARNES,estado nutricional en menores de 5 anos,clasificacion c,2001-07-01,150,452,150,452,602
20903,YACO,estado nutricional en menores de 5 anos,clasificacion c,2001-07-01,3,44,3,44,47
60301,YACUIBA,estado nutricional en menores de 5 anos,clasificacion c,2001-07-01,97,935,97,935,1032
10602,YAMPARAEZ,estado nutricional en menores de 5 anos,clasificacion c,2001-07-01,40,656,40,656,696
21103,YANACACHI,estado nutricional en menores de 5 anos,clasificacion c,2001-07-01,55,60,55,60,115
70403,YAPACANI,estado nutricional en menores de 5 anos,clasificacion c,2001-07-01,83,609,83,609,692
50103,YOCALLA,estado nutricional en menores de 5 anos,clasificacion c,2001-07-01,12,223,12,223,235
10102,YOTALA,estado nutricional en menores de 5 anos,clasificacion c,2001-07-01,19,501,19,501,520
60402,YUNCHARA,estado nutricional en menores de 5 anos,clasificacion c,2001-07-01,10,41,10,41,51
10301,ZUDAÃ‘EZ,estado nutricional en menores de 5 anos,clasificacion c,2001-07-01,9,331,9,331,340
51302,ACACIO,estado nutricional en menores de 5 anos,clasificacion c,2001-08-01,15,227,15,227,242
20201,ACHACACHI,estado nutricional en menores de 5 anos,clasificacion c,2001-08-01,76,1200,76,1200,1276
20104,ACHOCALLA,estado nutricional en menores de 5 anos,clasificacion c,2001-08-01,11,110,11,110,121
30201,AIQUILE,estado nutricional en menores de 5 anos,clasificacion c,2001-08-01,20,139,20,139,159
31303,ALALAY,estado nutricional en menores de 5 anos,clasificacion c,2001-08-01,13,7,13,7,20
10404,ALCALA,estado nutricional en menores de 5 anos,clasificacion c,2001-08-01,10,174,10,174,184
20202,ANCORAIMES,estado nutricional en menores de 5 anos,clasificacion c,2001-08-01,27,344,27,344,371
41201,ANDAMARCA,estado nutricional en menores de 5 anos,clasificacion c,2001-08-01,8,35,8,35,43
30402,ANZALDO,estado nutricional en menores de 5 anos,clasificacion c,2001-08-01,16,105,16,105,121
20701,APOLO,estado nutricional en menores de 5 anos,clasificacion c,2001-08-01,61,23,61,23,84
51301,ARAMPAMPA,estado nutricional en menores de 5 anos,clasificacion c,2001-08-01,10,132,10,132,142
30501,ARANI,estado nutricional en menores de 5 anos,clasificacion c,2001-08-01,16,174,16,174,190
30403,ARBIETO,estado nutricional en menores de 5 anos,clasificacion c,2001-08-01,4,54,4,54,58
30601,ARQUE,estado nutricional en menores de 5 anos,clasificacion c,2001-08-01,41,94,41,94,135
71501,ASCENCION DE GUARAYOS,estado nutricional en menores de 5 anos,clasificacion c,2001-08-01,399,389,399,389,788
50802,ATOCHA,estado nutricional en menores de 5 anos,clasificacion c,2001-08-01,25,181,25,181,206
20503,AUCAPATA,estado nutricional en menores de 5 anos,clasificacion c,2001-08-01,3,13,3,13,16
20502,AYATA,estado nutricional en menores de 5 anos,clasificacion c,2001-08-01,60,11,60,11,71
21303,AYO AYO,estado nutricional en menores de 5 anos,clasificacion c,2001-08-01,8,70,8,70,78
30301,AYOPAYA (V. DE INDEPENDENCIA),estado nutricional en menores de 5 anos,clasificacion c,2001-08-01,167,216,167,216,383
10201,AZURDUY,estado nutricional en menores de 5 anos,clasificacion c,2001-08-01,25,289,25,289,314
21203,BATALLAS,estado nutricional en menores de 5 anos,clasificacion c,2001-08-01,25,424,25,424,449
80802,BAURES,estado nutricional en menores de 5 anos,clasificacion c,2001-08-01,31,26,31,26,57
41202,BELEN DE ANDAMARCA,estado nutricional en menores de 5 anos,clasificacion c,2001-08-01,4,12,4,12,16
50104,BELEN DE URMIRI,estado nutricional en menores de 5 anos,clasificacion c,2001-08-01,7,59,7,59,66
90104,BELLA FLOR,estado nutricional en menores de 5 anos,clasificacion c,2001-08-01,2,97,2,97,99
60202,BERMEJO,estado nutricional en menores de 5 anos,clasificacion c,2001-08-01,15,97,15,97,112
50301,BETANZOS,estado nutricional en menores de 5 anos,clasificacion c,2001-08-01,33,157,33,157,190
31501,BOLIVAR,estado nutricional en menores de 5 anos,clasificacion c,2001-08-01,78,43,78,43,121
90103,BOLPEBRA,estado nutricional en menores de 5 anos,clasificacion c,2001-08-01,0,26,0,26,26
70707,BOYUIBE,estado nutricional en menores de 5 anos,clasificacion c,2001-08-01,10,171,10,171,181
70401,BUENA VISTA,estado nutricional en menores de 5 anos,clasificacion c,2001-08-01,183,182,183,182,365
70703,CABEZAS,estado nutricional en menores de 5 anos,clasificacion c,2001-08-01,12,300,12,300,312
20905,CAIROMA,estado nutricional en menores de 5 anos,clasificacion c,2001-08-01,0,5,0,5,5
51102,"CAIZA ""D""",estado nutricional en menores de 5 anos,clasificacion c,2001-08-01,14,296,14,296,310
21003,CAJUATA,estado nutricional en menores de 5 anos,clasificacion c,2001-08-01,41,20,41,20,61
20303,CALACOTO,estado nutricional en menores de 5 anos,clasificacion c,2001-08-01,12,10,12,10,22
21304,CALAMARCA,estado nutricional en menores de 5 anos,clasificacion c,2001-08-01,20,127,20,127,147
10701,CAMARGO,estado nutricional en menores de 5 anos,clasificacion c,2001-08-01,36,321,36,321,357
10901,CAMATAQUI (C. VILLA ABECIA),estado nutricional en menores de 5 anos,clasificacion c,2001-08-01,3,237,3,237,240
70706,CAMIRI,estado nutricional en menores de 5 anos,clasificacion c,2001-08-01,107,268,107,268,375
30701,CAPINOTA,estado nutricional en menores de 5 anos,clasificacion c,2001-08-01,96,47,96,47,143
20302,CAQUIAVIRI,estado nutricional en menores de 5 anos,clasificacion c,2001-08-01,27,96,27,96,123
40102,CARACOLLO,estado nutricional en menores de 5 anos,clasificacion c,2001-08-01,80,109,80,109,189
22001,CARANAVI,estado nutricional en menores de 5 anos,clasificacion c,2001-08-01,283,726,283,726,1009
60302,CARAPARI,estado nutricional en menores de 5 anos,clasificacion c,2001-08-01,52,150,52,150,202
50702,CARIPUYO,estado nutricional en menores de 5 anos,clasificacion c,2001-08-01,18,191,18,191,209
21902,CATACORA,estado nutricional en menores de 5 anos,clasificacion c,2001-08-01,2,20,2,20,22
21803,CHACARILLA,estado nutricional en menores de 5 anos,clasificacion c,2001-08-01,0,17,0,17,17
40201,CHALLAPATA,estado nutricional en menores de 5 anos,clasificacion c,2001-08-01,90,62,90,62,152
50302,CHAQUI,estado nutricional en menores de 5 anos,clasificacion c,2001-08-01,23,104,23,104,127
70702,CHARAGUA,estado nutricional en menores de 5 anos,clasificacion c,2001-08-01,36,542,36,542,578
20305,CHARAÃ‘A,estado nutricional en menores de 5 anos,clasificacion c,2001-08-01,6,45,6,45,51
50202,CHAYANTA,estado nutricional en menores de 5 anos,clasificacion c,2001-08-01,27,179,27,179,206
31204,CHIMORE,estado nutricional en menores de 5 anos,clasificacion c,2001-08-01,23,113,23,113,136
40903,CHIPAYA,estado nutricional en menores de 5 anos,clasificacion c,2001-08-01,1,0,1,0,1
21101,CHULUMANI (V. DE LA LIBERTAD),estado nutricional en menores de 5 anos,clasificacion c,2001-08-01,32,172,32,172,204
20501,CHUMA,estado nutricional en menores de 5 anos,clasificacion c,2001-08-01,16,11,16,11,27
30801,CLIZA,estado nutricional en menores de 5 anos,clasificacion c,2001-08-01,21,88,21,88,109
90101,COBIJA,estado nutricional en menores de 5 anos,clasificacion c,2001-08-01,209,226,209,226,435
30101,COCHABAMBA,estado nutricional en menores de 5 anos,clasificacion c,2001-08-01,1513,1626,1513,1626,3139
40902,COIPASA,estado nutricional en menores de 5 anos,clasificacion c,2001-08-01,2,14,2,14,16
30905,COLCAPIRHUA,estado nutricional en menores de 5 anos,clasificacion c,2001-08-01,110,158,110,158,268
50901,"COLCHA ""K""",estado nutricional en menores de 5 anos,clasificacion c,2001-08-01,31,293,31,293,324
21307,COLLANA,estado nutricional en menores de 5 anos,clasificacion c,2001-08-01,11,0,11,0,11
31002,COLOMI,estado nutricional en menores de 5 anos,clasificacion c,2001-08-01,80,252,80,252,332
70603,COLPA BELGICA,estado nutricional en menores de 5 anos,clasificacion c,2001-08-01,50,33,50,33,83
50401,COLQUECHACA,estado nutricional en menores de 5 anos,clasificacion c,2001-08-01,64,163,64,163,227
21306,COLQUENCHA,estado nutricional en menores de 5 anos,clasificacion c,2001-08-01,29,69,29,69,98
21004,COLQUIRI,estado nutricional en menores de 5 anos,clasificacion c,2001-08-01,90,146,90,146,236
20304,COMANCHE,estado nutricional en menores de 5 anos,clasificacion c,2001-08-01,8,38,8,38,46
71301,COMARAPA,estado nutricional en menores de 5 anos,clasificacion c,2001-08-01,7,131,7,131,138
20605,COMBAYA,estado nutricional en menores de 5 anos,clasificacion c,2001-08-01,3,38,3,38,41
71101,CONCEPCION,estado nutricional en menores de 5 anos,clasificacion c,2001-08-01,66,26,66,26,92
21701,COPACABANA,estado nutricional en menores de 5 anos,clasificacion c,2001-08-01,17,215,17,215,232
21402,CORIPATA,estado nutricional en menores de 5 anos,clasificacion c,2001-08-01,6,72,6,72,78
20301,CORO CORO,estado nutricional en menores de 5 anos,clasificacion c,2001-08-01,18,209,18,209,227
21401,COROICO,estado nutricional en menores de 5 anos,clasificacion c,2001-08-01,155,71,155,71,226
40301,CORQUE,estado nutricional en menores de 5 anos,clasificacion c,2001-08-01,27,64,27,64,91
50601,COTAGAITA,estado nutricional en menores de 5 anos,clasificacion c,2001-08-01,37,393,37,393,430
70102,COTOCA,estado nutricional en menores de 5 anos,clasificacion c,2001-08-01,19,227,19,227,246
31405,CUCHUMUELA (V. G. VILLARROEL),estado nutricional en menores de 5 anos,clasificacion c,2001-08-01,4,54,4,54,58
70704,CUEVO,estado nutricional en menores de 5 anos,clasificacion c,2001-08-01,65,75,65,75,140
10902,CULPINA,estado nutricional en menores de 5 anos,clasificacion c,2001-08-01,48,826,48,826,874
40401,CURAHUARA DE CARANGAS,estado nutricional en menores de 5 anos,clasificacion c,2001-08-01,65,11,65,11,76
21602,CURVA,estado nutricional en menores de 5 anos,clasificacion c,2001-08-01,10,5,10,5,15
20804,DESAGUADERO,estado nutricional en menores de 5 anos,clasificacion c,2001-08-01,6,77,6,77,83
20105,EL ALTO,estado nutricional en menores de 5 anos,clasificacion c,2001-08-01,3830,4437,3830,4437,8267
40103,EL CHORO,estado nutricional en menores de 5 anos,clasificacion c,2001-08-01,4,3,4,3,7
71503,EL PUENTE(STC),estado nutricional en menores de 5 anos,clasificacion c,2001-08-01,37,221,37,221,258
60502,EL PUENTE(TJA),estado nutricional en menores de 5 anos,clasificacion c,2001-08-01,15,65,15,65,80
70105,EL TORNO,estado nutricional en menores de 5 anos,clasificacion c,2001-08-01,31,439,31,439,470
10405,EL VILLAR,estado nutricional en menores de 5 anos,clasificacion c,2001-08-01,10,218,10,218,228
60601,ENTRE RIOS,estado nutricional en menores de 5 anos,clasificacion c,2001-08-01,137,293,137,293,430
41101,EUCALIPTUS,estado nutricional en menores de 5 anos,clasificacion c,2001-08-01,13,53,13,53,66
80402,EXALTACION,estado nutricional en menores de 5 anos,clasificacion c,2001-08-01,2,66,2,66,68
90203,FILADELFIA,estado nutricional en menores de 5 anos,clasificacion c,2001-08-01,1,16,1,16,17
71002,GENERAL SAAVEDRA,estado nutricional en menores de 5 anos,clasificacion c,2001-08-01,9,430,9,430,439
21601,GRAL. J.J. PEREZ (CHARAZANI),estado nutricional en menores de 5 anos,clasificacion c,2001-08-01,30,56,30,56,86
20602,GUANAY,estado nutricional en menores de 5 anos,clasificacion c,2001-08-01,19,232,19,232,251
20802,GUAQUI,estado nutricional en menores de 5 anos,clasificacion c,2001-08-01,7,63,7,63,70
80202,GUAYARAMERIN,estado nutricional en menores de 5 anos,clasificacion c,2001-08-01,116,713,116,713,829
70705,GUTIERREZ,estado nutricional en menores de 5 anos,clasificacion c,2001-08-01,126,345,126,345,471
10502,HUACARETA,estado nutricional en menores de 5 anos,clasificacion c,2001-08-01,20,529,20,529,549
40501,HUACHACALLA,estado nutricional en menores de 5 anos,clasificacion c,2001-08-01,6,7,6,7,13
40701,HUANUNI,estado nutricional en menores de 5 anos,clasificacion c,2001-08-01,22,8,22,8,30
80803,HUARACAJE,estado nutricional en menores de 5 anos,clasificacion c,2001-08-01,23,26,23,26,49
41601,HUAYLLAMARCA,estado nutricional en menores de 5 anos,clasificacion c,2001-08-01,9,152,9,152,161
21005,ICHOCA,estado nutricional en menores de 5 anos,clasificacion c,2001-08-01,3,48,3,48,51
10304,ICLA,estado nutricional en menores de 5 anos,clasificacion c,2001-08-01,185,303,185,303,488
10703,INCAHUASI,estado nutricional en menores de 5 anos,clasificacion c,2001-08-01,30,440,30,440,470
21001,INQUISIVI,estado nutricional en menores de 5 anos,clasificacion c,2001-08-01,10,163,10,163,173
21102,IRUPANA (VILLA DE LANZA),estado nutricional en menores de 5 anos,clasificacion c,2001-08-01,50,197,50,197,247
21501,IXIAMAS,estado nutricional en menores de 5 anos,clasificacion c,2001-08-01,18,147,18,147,165
21105,LA ASUNTA,estado nutricional en menores de 5 anos,clasificacion c,2001-08-01,80,154,80,154,234
70104,LA GUARDIA,estado nutricional en menores de 5 anos,clasificacion c,2001-08-01,43,665,43,665,708
20101,LA PAZ,estado nutricional en menores de 5 anos,clasificacion c,2001-08-01,2819,3453,2819,3453,6272
41501,LA RIVERA,estado nutricional en menores de 5 anos,clasificacion c,2001-08-01,0,9,0,9,9
70701,LAGUNILLAS,estado nutricional en menores de 5 anos,clasificacion c,2001-08-01,82,154,82,154,236
21202,LAJA,estado nutricional en menores de 5 anos,clasificacion c,2001-08-01,36,163,36,163,199
10903,LAS CARRERAS,estado nutricional en menores de 5 anos,clasificacion c,2001-08-01,10,105,10,105,115
50203,LLALLAGUA,estado nutricional en menores de 5 anos,clasificacion c,2001-08-01,42,175,42,175,217
51401,LLICA,estado nutricional en menores de 5 anos,clasificacion c,2001-08-01,9,88,9,88,97
80601,LORETO,estado nutricional en menores de 5 anos,clasificacion c,2001-08-01,3,91,3,91,94
20901,LURIBAY,estado nutricional en menores de 5 anos,clasificacion c,2001-08-01,7,118,7,118,125
40702,MACHACAMARCA,estado nutricional en menores de 5 anos,clasificacion c,2001-08-01,36,19,36,19,55
11003,MACHARETI,estado nutricional en menores de 5 anos,clasificacion c,2001-08-01,19,512,19,512,531
80801,MAGDALENA,estado nutricional en menores de 5 anos,clasificacion c,2001-08-01,104,205,104,205,309
70903,MAIRANA,estado nutricional en menores de 5 anos,clasificacion c,2001-08-01,105,93,105,93,198
20904,MALLA,estado nutricional en menores de 5 anos,clasificacion c,2001-08-01,1,26,1,26,27
20103,MECAPACA,estado nutricional en menores de 5 anos,clasificacion c,2001-08-01,7,137,7,137,144
71003,MINEROS,estado nutricional en menores de 5 anos,clasificacion c,2001-08-01,69,886,69,886,955
31301,MIZQUE,estado nutricional en menores de 5 anos,clasificacion c,2001-08-01,201,87,201,87,288
20402,MOCOMOCO,estado nutricional en menores de 5 anos,clasificacion c,2001-08-01,103,109,103,109,212
51002,MOJINETE,estado nutricional en menores de 5 anos,clasificacion c,2001-08-01,1,29,1,29,30
10303,MOJOCOYA,estado nutricional en menores de 5 anos,clasificacion c,2001-08-01,28,452,28,452,480
10501,MONTEAGUDO,estado nutricional en menores de 5 anos,clasificacion c,2001-08-01,80,1012,80,1012,1092
71001,MONTERO,estado nutricional en menores de 5 anos,clasificacion c,2001-08-01,249,2272,249,2272,2521
70803,MORO MORO,estado nutricional en menores de 5 anos,clasificacion c,2001-08-01,23,20,23,20,43
30302,MOROCHATA,estado nutricional en menores de 5 anos,clasificacion c,2001-08-01,114,153,114,153,267
90401,NACEBE (SANTA ROSA DEL ABUNA),estado nutricional en menores de 5 anos,clasificacion c,2001-08-01,13,18,13,18,31
20307,NAZACARA DE PACAJES,estado nutricional en menores de 5 anos,clasificacion c,2001-08-01,2,3,2,3,5
90501,NUEVO MANOA (NUEVA ESPERANZA),estado nutricional en menores de 5 anos,clasificacion c,2001-08-01,8,23,8,23,31
50404,OCURI,estado nutricional en menores de 5 anos,clasificacion c,2001-08-01,20,189,20,189,209
70202,OKINAWA,estado nutricional en menores de 5 anos,clasificacion c,2001-08-01,11,95,11,95,106
30203,OMEREQUE,estado nutricional en menores de 5 anos,clasificacion c,2001-08-01,4,62,4,62,66
40101,ORURO,estado nutricional en menores de 5 anos,clasificacion c,2001-08-01,248,2724,248,2724,2972
60201,PADCAYA,estado nutricional en menores de 5 anos,clasificacion c,2001-08-01,63,258,63,258,321
10401,PADILLA,estado nutricional en menores de 5 anos,clasificacion c,2001-08-01,38,727,38,727,765
70502,PAILON,estado nutricional en menores de 5 anos,clasificacion c,2001-08-01,0,145,0,145,145
20102,PALCA,estado nutricional en menores de 5 anos,clasificacion c,2001-08-01,139,158,139,158,297
21104,PALOS BLANCOS,estado nutricional en menores de 5 anos,clasificacion c,2001-08-01,160,217,160,217,377
40802,PAMPA AULLAGAS,estado nutricional en menores de 5 anos,clasificacion c,2001-08-01,39,22,39,22,61
70902,PAMPA GRANDE,estado nutricional en menores de 5 anos,clasificacion c,2001-08-01,9,96,9,96,105
21802,PAPEL PAMPA,estado nutricional en menores de 5 anos,clasificacion c,2001-08-01,0,31,0,31,31
30202,PASORAPA,estado nutricional en menores de 5 anos,clasificacion c,2001-08-01,0,60,0,60,60
21305,PATACAMAYA,estado nutricional en menores de 5 anos,clasificacion c,2001-08-01,77,102,77,102,179
40602,PAZÃ‘A,estado nutricional en menores de 5 anos,clasificacion c,2001-08-01,4,34,4,34,38
20702,PELECHUCO,estado nutricional en menores de 5 anos,clasificacion c,2001-08-01,16,17,16,17,33
50403,POCOATA,estado nutricional en menores de 5 anos,clasificacion c,2001-08-01,101,300,101,300,401
31203,POCONA,estado nutricional en menores de 5 anos,clasificacion c,2001-08-01,53,121,53,121,174
31202,POJO (CBBA),estado nutricional en menores de 5 anos,clasificacion c,2001-08-01,172,372,172,372,544
40601,POOPO,estado nutricional en menores de 5 anos,clasificacion c,2001-08-01,4,51,4,51,55
51203,PORCO,estado nutricional en menores de 5 anos,clasificacion c,2001-08-01,15,89,15,89,104
10103,POROMA,estado nutricional en menores de 5 anos,clasificacion c,2001-08-01,25,446,25,446,471
70103,PORONGO,estado nutricional en menores de 5 anos,clasificacion c,2001-08-01,11,229,11,229,240
70601,PORTACHUELO,estado nutricional en menores de 5 anos,clasificacion c,2001-08-01,168,193,168,193,361
90102,PORVENIR,estado nutricional en menores de 5 anos,clasificacion c,2001-08-01,1,142,1,142,143
70804,POSTRER VALLE,estado nutricional en menores de 5 anos,clasificacion c,2001-08-01,16,25,16,25,41
50101,POTOSI,estado nutricional en menores de 5 anos,clasificacion c,2001-08-01,235,1682,235,1682,1917
10302,PRESTO,estado nutricional en menores de 5 anos,clasificacion c,2001-08-01,22,384,22,384,406
70805,PUCARA,estado nutricional en menores de 5 anos,clasificacion c,2001-08-01,11,55,11,55,66
21201,PUCARANI,estado nutricional en menores de 5 anos,clasificacion c,2001-08-01,18,233,18,233,251
20401,PUERTO ACOSTA,estado nutricional en menores de 5 anos,clasificacion c,2001-08-01,173,162,173,162,335
20403,PUERTO CARABUCO,estado nutricional en menores de 5 anos,clasificacion c,2001-08-01,84,92,84,92,176
90301,PUERTO GONZALO MORENO,estado nutricional en menores de 5 anos,clasificacion c,2001-08-01,13,37,13,37,50
21204,PUERTO PEREZ,estado nutricional en menores de 5 anos,clasificacion c,2001-08-01,7,50,7,50,57
71402,PUERTO QUIJARRO,estado nutricional en menores de 5 anos,clasificacion c,2001-08-01,156,47,156,47,203
90201,PUERTO RICO,estado nutricional en menores de 5 anos,clasificacion c,2001-08-01,5,42,5,42,47
80703,PUERTO SILES,estado nutricional en menores de 5 anos,clasificacion c,2001-08-01,9,78,9,78,87
71401,PUERTO SUAREZ,estado nutricional en menores de 5 anos,clasificacion c,2001-08-01,238,50,238,50,288
31205,PUERTO VILLARROEL,estado nutricional en menores de 5 anos,clasificacion c,2001-08-01,381,380,381,380,761
51101,PUNA,estado nutricional en menores de 5 anos,clasificacion c,2001-08-01,75,439,75,439,514
31401,PUNATA,estado nutricional en menores de 5 anos,clasificacion c,2001-08-01,72,358,72,358,430
20604,QUIABAYA,estado nutricional en menores de 5 anos,clasificacion c,2001-08-01,2,31,2,31,33
30901,QUILLACOLLO,estado nutricional en menores de 5 anos,clasificacion c,2001-08-01,2,88,2,88,90
21002,QUIME,estado nutricional en menores de 5 anos,clasificacion c,2001-08-01,100,56,100,56,156
70904,QUIRUSILLAS,estado nutricional en menores de 5 anos,clasificacion c,2001-08-01,2,30,2,30,32
50402,RAVELO,estado nutricional en menores de 5 anos,clasificacion c,2001-08-01,37,424,37,424,461
80301,REYES,estado nutricional en menores de 5 anos,clasificacion c,2001-08-01,25,193,25,193,218
80201,RIBERALTA,estado nutricional en menores de 5 anos,clasificacion c,2001-08-01,124,1195,124,1195,1319
70503,ROBORE,estado nutricional en menores de 5 anos,clasificacion c,2001-08-01,22,216,22,216,238
80304,RURRENABAQUE,estado nutricional en menores de 5 anos,clasificacion c,2001-08-01,129,121,129,121,250
40901,SABAYA,estado nutricional en menores de 5 anos,clasificacion c,2001-08-01,3,11,3,11,14
31001,SACABA,estado nutricional en menores de 5 anos,clasificacion c,2001-08-01,279,261,279,261,540
30404,SACABAMBA,estado nutricional en menores de 5 anos,clasificacion c,2001-08-01,12,159,12,159,171
50701,SACACA,estado nutricional en menores de 5 anos,clasificacion c,2001-08-01,21,281,21,281,302
71302,SAIPINA,estado nutricional en menores de 5 anos,clasificacion c,2001-08-01,9,34,9,34,43
40801,SALINAS DE GARCI MENDOZA,estado nutricional en menores de 5 anos,clasificacion c,2001-08-01,33,47,33,47,80
70901,SAMAIPATA,estado nutricional en menores de 5 anos,clasificacion c,2001-08-01,4,91,4,91,95
51601,SAN AGUSTIN,estado nutricional en menores de 5 anos,clasificacion c,2001-08-01,5,58,5,58,63
80602,SAN ANDRES,estado nutricional en menores de 5 anos,clasificacion c,2001-08-01,12,185,12,185,197
51003,SAN ANTONIO DE ESMORUCO,estado nutricional en menores de 5 anos,clasificacion c,2001-08-01,2,26,2,26,28
71105,SAN ANTONIO DE LOMERIO,estado nutricional en menores de 5 anos,clasificacion c,2001-08-01,128,176,128,176,304
31403,SAN BENITO,estado nutricional en menores de 5 anos,clasificacion c,2001-08-01,6,76,6,76,82
80302,SAN BORJA,estado nutricional en menores de 5 anos,clasificacion c,2001-08-01,56,440,56,440,496
21502,SAN BUENA VENTURA,estado nutricional en menores de 5 anos,clasificacion c,2001-08-01,11,134,11,134,145
70402,SAN CARLOS,estado nutricional en menores de 5 anos,clasificacion c,2001-08-01,50,173,50,173,223
80501,SAN IGNACIO,estado nutricional en menores de 5 anos,clasificacion c,2001-08-01,17,442,17,442,459
70301,SAN IGNACIO DE VELASCO,estado nutricional en menores de 5 anos,clasificacion c,2001-08-01,460,555,460,555,1015
80102,SAN JAVIER(BNI),estado nutricional en menores de 5 anos,clasificacion c,2001-08-01,3,51,3,51,54
71102,SAN JAVIER(STC),estado nutricional en menores de 5 anos,clasificacion c,2001-08-01,11,260,11,260,271
80701,SAN JOAQUIN,estado nutricional en menores de 5 anos,clasificacion c,2001-08-01,6,78,6,78,84
70501,SAN JOSE DE CHIQUITOS,estado nutricional en menores de 5 anos,clasificacion c,2001-08-01,152,84,152,84,236
71104,SAN JULIAN,estado nutricional en menores de 5 anos,clasificacion c,2001-08-01,246,775,246,775,1021
90302,SAN LORENZO(PND),estado nutricional en menores de 5 anos,clasificacion c,2001-08-01,9,18,9,18,27
60501,SAN LORENZO(TJA),estado nutricional en menores de 5 anos,clasificacion c,2001-08-01,13,50,13,50,63
10702,SAN LUCAS,estado nutricional en menores de 5 anos,clasificacion c,2001-08-01,115,968,115,968,1083
71201,SAN MATIAS,estado nutricional en menores de 5 anos,clasificacion c,2001-08-01,33,240,33,240,273
70302,SAN MIGUEL DE VELASCO,estado nutricional en menores de 5 anos,clasificacion c,2001-08-01,18,193,18,193,211
51001,SAN PABLO DE LIPEZ,estado nutricional en menores de 5 anos,clasificacion c,2001-08-01,4,46,4,46,50
50501,SAN PEDRO DE BUENA VISTA,estado nutricional en menores de 5 anos,clasificacion c,2001-08-01,22,397,22,397,419
21801,SAN PEDRO DE CURAHUARA,estado nutricional en menores de 5 anos,clasificacion c,2001-08-01,13,71,13,71,84
50902,SAN PEDRO DE QUEMES,estado nutricional en menores de 5 anos,clasificacion c,2001-08-01,3,26,3,26,29
21702,SAN PEDRO DE TIQUINA,estado nutricional en menores de 5 anos,clasificacion c,2001-08-01,4,124,4,124,128
90202,SAN PEDRO(PND),estado nutricional en menores de 5 anos,clasificacion c,2001-08-01,18,15,18,15,33
70303,SAN RAFAEL,estado nutricional en menores de 5 anos,clasificacion c,2001-08-01,87,55,87,55,142
80702,SAN RAMON,estado nutricional en menores de 5 anos,clasificacion c,2001-08-01,115,90,115,90,205
80702,SAN RAMON,estado nutricional en menores de 5 anos,clasificacion c,2001-08-01,18,78,18,78,96
80401,SANTA ANA,estado nutricional en menores de 5 anos,clasificacion c,2001-08-01,31,61,31,61,92
70101,SANTA CRUZ DE LA SIERRA,estado nutricional en menores de 5 anos,clasificacion c,2001-08-01,2650,3330,2650,3330,5980
80303,SANTA ROSA,estado nutricional en menores de 5 anos,clasificacion c,2001-08-01,78,257,78,257,335
70602,SANTA ROSA DEL SARA,estado nutricional en menores de 5 anos,clasificacion c,2001-08-01,60,129,60,129,189
20308,SANTIAGO DE CALLAPA,estado nutricional en menores de 5 anos,clasificacion c,2001-08-01,3,44,3,44,47
41401,SANTIAGO DE HUARI,estado nutricional en menores de 5 anos,clasificacion c,2001-08-01,17,45,17,45,62
21901,SANTIAGO DE MACHACA,estado nutricional en menores de 5 anos,clasificacion c,2001-08-01,5,50,5,50,55
30702,SANTIVAÃ‘ES,estado nutricional en menores de 5 anos,clasificacion c,2001-08-01,54,39,54,39,93
40202,SANTUARIO DE QUILLACAS,estado nutricional en menores de 5 anos,clasificacion c,2001-08-01,9,42,9,42,51
20902,SAPAHAQUI,estado nutricional en menores de 5 anos,clasificacion c,2001-08-01,2,62,2,62,64
90303,SENA,estado nutricional en menores de 5 anos,clasificacion c,2001-08-01,3,22,3,22,25
21301,SICA SICA (VILLA AROMA),estado nutricional en menores de 5 anos,clasificacion c,2001-08-01,44,117,44,117,161
30703,SICAYA,estado nutricional en menores de 5 anos,clasificacion c,2001-08-01,7,13,7,13,20
30902,SIPE SIPE,estado nutricional en menores de 5 anos,clasificacion c,2001-08-01,406,266,406,266,672
10403,SOPACHUY,estado nutricional en menores de 5 anos,clasificacion c,2001-08-01,35,343,35,343,378
20601,SORATA,estado nutricional en menores de 5 anos,clasificacion c,2001-08-01,16,244,16,244,260
10101,SUCRE,estado nutricional en menores de 5 anos,clasificacion c,2001-08-01,421,4405,421,4405,4826
31404,TACACHI,estado nutricional en menores de 5 anos,clasificacion c,2001-08-01,1,9,1,9,10
20603,TACACOMA,estado nutricional en menores de 5 anos,clasificacion c,2001-08-01,4,36,4,36,40
50303,TACOBAMBA,estado nutricional en menores de 5 anos,clasificacion c,2001-08-01,23,218,23,218,241
30602,TACOPAYA,estado nutricional en menores de 5 anos,clasificacion c,2001-08-01,4,188,4,188,192
51402,TAHUA,estado nutricional en menores de 5 anos,clasificacion c,2001-08-01,2,20,2,20,22
31101,TAPACARI,estado nutricional en menores de 5 anos,clasificacion c,2001-08-01,11,150,11,150,161
10601,TARABUCO,estado nutricional en menores de 5 anos,clasificacion c,2001-08-01,99,956,99,956,1055
30401,TARATA,estado nutricional en menores de 5 anos,clasificacion c,2001-08-01,22,151,22,151,173
60101,TARIJA,estado nutricional en menores de 5 anos,clasificacion c,2001-08-01,308,1110,308,1110,1418
10202,TARVITA,estado nutricional en menores de 5 anos,clasificacion c,2001-08-01,52,316,52,316,368
20803,TIAWANACU,estado nutricional en menores de 5 anos,clasificacion c,2001-08-01,75,49,75,49,124
50102,TINGUIPAYA,estado nutricional en menores de 5 anos,clasificacion c,2001-08-01,17,203,17,203,220
20606,TIPUANI,estado nutricional en menores de 5 anos,clasificacion c,2001-08-01,28,46,28,46,74
30903,TIQUIPAYA,estado nutricional en menores de 5 anos,clasificacion c,2001-08-01,38,62,38,62,100
31601,TIRAQUE (CBBA),estado nutricional en menores de 5 anos,clasificacion c,2001-08-01,135,223,135,223,358
21703,TITO YUPANQUI (PARQUIPUJIO),estado nutricional en menores de 5 anos,clasificacion c,2001-08-01,1,15,1,15,16
30802,TOCO,estado nutricional en menores de 5 anos,clasificacion c,2001-08-01,4,24,4,24,28
41502,TODOS SANTOS,estado nutricional en menores de 5 anos,clasificacion c,2001-08-01,1,1,1,1,2
30803,TOLATA,estado nutricional en menores de 5 anos,clasificacion c,2001-08-01,2,48,2,48,50
41001,TOLEDO,estado nutricional en menores de 5 anos,clasificacion c,2001-08-01,43,64,43,64,107
51202,TOMAVE,estado nutricional en menores de 5 anos,clasificacion c,2001-08-01,22,239,22,239,261
10402,TOMINA,estado nutricional en menores de 5 anos,clasificacion c,2001-08-01,25,412,25,412,437
50502,TORO TORO,estado nutricional en menores de 5 anos,clasificacion c,2001-08-01,30,68,30,68,98
31201,TOTORA(CBBA),estado nutricional en menores de 5 anos,clasificacion c,2001-08-01,149,196,149,196,345
41301,TOTORA(ORR),estado nutricional en menores de 5 anos,clasificacion c,2001-08-01,9,98,9,98,107
70802,TRIGAL,estado nutricional en menores de 5 anos,clasificacion c,2001-08-01,15,10,15,10,25
80101,TRINIDAD,estado nutricional en menores de 5 anos,clasificacion c,2001-08-01,141,654,141,654,795
50801,TUPIZA,estado nutricional en menores de 5 anos,clasificacion c,2001-08-01,66,1037,66,1037,1103
40402,TURCO,estado nutricional en menores de 5 anos,clasificacion c,2001-08-01,16,33,16,33,49
21302,UMALA,estado nutricional en menores de 5 anos,clasificacion c,2001-08-01,6,57,6,57,63
50201,UNCIA,estado nutricional en menores de 5 anos,clasificacion c,2001-08-01,14,242,14,242,256
60401,URIONDO (A. CONCEPCION),estado nutricional en menores de 5 anos,clasificacion c,2001-08-01,6,149,6,149,155
71502,URUBICHA,estado nutricional en menores de 5 anos,clasificacion c,2001-08-01,26,539,26,539,565
51201,UYUNI,estado nutricional en menores de 5 anos,clasificacion c,2001-08-01,37,675,37,675,712
30502,VACAS,estado nutricional en menores de 5 anos,clasificacion c,2001-08-01,2,14,2,14,16
70801,VALLEGRANDE,estado nutricional en menores de 5 anos,clasificacion c,2001-08-01,177,210,177,210,387
20801,VIACHA,estado nutricional en menores de 5 anos,clasificacion c,2001-08-01,53,511,53,511,564
31302,VILA VILA,estado nutricional en menores de 5 anos,clasificacion c,2001-08-01,60,40,60,40,100
60303,VILLA MONTES,estado nutricional en menores de 5 anos,clasificacion c,2001-08-01,180,161,180,161,341
90502,VILLA NUEVA (LOMA ALTA),estado nutricional en menores de 5 anos,clasificacion c,2001-08-01,0,3,0,3,3
31402,VILLA RIVERO,estado nutricional en menores de 5 anos,clasificacion c,2001-08-01,6,19,6,19,25
10801,VILLA SERRANO,estado nutricional en menores de 5 anos,clasificacion c,2001-08-01,21,592,21,592,613
31003,VILLA TUNARI,estado nutricional en menores de 5 anos,clasificacion c,2001-08-01,295,204,295,204,499
11001,VILLA VACA GUZMAN (MUYUPAMPA),estado nutricional en menores de 5 anos,clasificacion c,2001-08-01,31,432,31,432,463
51501,VILLAZON,estado nutricional en menores de 5 anos,clasificacion c,2001-08-01,35,694,35,694,729
30904,VINTO,estado nutricional en menores de 5 anos,clasificacion c,2001-08-01,64,18,64,18,82
50602,VITICHI,estado nutricional en menores de 5 anos,clasificacion c,2001-08-01,10,165,10,165,175
20306,WALDO BALLIVIAN,estado nutricional en menores de 5 anos,clasificacion c,2001-08-01,1,27,1,27,28
70201,WARNES,estado nutricional en menores de 5 anos,clasificacion c,2001-08-01,294,475,294,475,769
20903,YACO,estado nutricional en menores de 5 anos,clasificacion c,2001-08-01,3,52,3,52,55
60301,YACUIBA,estado nutricional en menores de 5 anos,clasificacion c,2001-08-01,469,324,469,324,793
10602,YAMPARAEZ,estado nutricional en menores de 5 anos,clasificacion c,2001-08-01,36,661,36,661,697
21103,YANACACHI,estado nutricional en menores de 5 anos,clasificacion c,2001-08-01,41,61,41,61,102
70403,YAPACANI,estado nutricional en menores de 5 anos,clasificacion c,2001-08-01,155,540,155,540,695
50103,YOCALLA,estado nutricional en menores de 5 anos,clasificacion c,2001-08-01,11,296,11,296,307
10102,YOTALA,estado nutricional en menores de 5 anos,clasificacion c,2001-08-01,18,485,18,485,503
60402,YUNCHARA,estado nutricional en menores de 5 anos,clasificacion c,2001-08-01,11,49,11,49,60
10301,ZUDAÃ‘EZ,estado nutricional en menores de 5 anos,clasificacion c,2001-08-01,22,402,22,402,424
51302,ACACIO,estado nutricional en menores de 5 anos,clasificacion c,2001-09-01,20,209,20,209,229
20201,ACHACACHI,estado nutricional en menores de 5 anos,clasificacion c,2001-09-01,63,1083,63,1083,1146
20104,ACHOCALLA,estado nutricional en menores de 5 anos,clasificacion c,2001-09-01,9,25,9,25,34
30201,AIQUILE,estado nutricional en menores de 5 anos,clasificacion c,2001-09-01,40,181,40,181,221
31303,ALALAY,estado nutricional en menores de 5 anos,clasificacion c,2001-09-01,18,18,18,18,36
10404,ALCALA,estado nutricional en menores de 5 anos,clasificacion c,2001-09-01,8,108,8,108,116
20202,ANCORAIMES,estado nutricional en menores de 5 anos,clasificacion c,2001-09-01,25,325,25,325,350
41201,ANDAMARCA,estado nutricional en menores de 5 anos,clasificacion c,2001-09-01,14,43,14,43,57
40603,ANTEQUERA,estado nutricional en menores de 5 anos,clasificacion c,2001-09-01,2,5,2,5,7
30402,ANZALDO,estado nutricional en menores de 5 anos,clasificacion c,2001-09-01,25,72,25,72,97
20701,APOLO,estado nutricional en menores de 5 anos,clasificacion c,2001-09-01,35,8,35,8,43
51301,ARAMPAMPA,estado nutricional en menores de 5 anos,clasificacion c,2001-09-01,6,93,6,93,99
30501,ARANI,estado nutricional en menores de 5 anos,clasificacion c,2001-09-01,11,140,11,140,151
30403,ARBIETO,estado nutricional en menores de 5 anos,clasificacion c,2001-09-01,5,41,5,41,46
30601,ARQUE,estado nutricional en menores de 5 anos,clasificacion c,2001-09-01,68,62,68,62,130
71501,ASCENCION DE GUARAYOS,estado nutricional en menores de 5 anos,clasificacion c,2001-09-01,2,63,2,63,65
50802,ATOCHA,estado nutricional en menores de 5 anos,clasificacion c,2001-09-01,19,107,19,107,126
20503,AUCAPATA,estado nutricional en menores de 5 anos,clasificacion c,2001-09-01,40,8,40,8,48
20502,AYATA,estado nutricional en menores de 5 anos,clasificacion c,2001-09-01,35,27,35,27,62
21303,AYO AYO,estado nutricional en menores de 5 anos,clasificacion c,2001-09-01,10,64,10,64,74
30301,AYOPAYA (V. DE INDEPENDENCIA),estado nutricional en menores de 5 anos,clasificacion c,2001-09-01,209,232,209,232,441
10201,AZURDUY,estado nutricional en menores de 5 anos,clasificacion c,2001-09-01,34,211,34,211,245
21203,BATALLAS,estado nutricional en menores de 5 anos,clasificacion c,2001-09-01,14,312,14,312,326
80802,BAURES,estado nutricional en menores de 5 anos,clasificacion c,2001-09-01,38,72,38,72,110
41202,BELEN DE ANDAMARCA,estado nutricional en menores de 5 anos,clasificacion c,2001-09-01,1,2,1,2,3
50104,BELEN DE URMIRI,estado nutricional en menores de 5 anos,clasificacion c,2001-09-01,6,66,6,66,72
90104,BELLA FLOR,estado nutricional en menores de 5 anos,clasificacion c,2001-09-01,24,40,24,40,64
60202,BERMEJO,estado nutricional en menores de 5 anos,clasificacion c,2001-09-01,6,71,6,71,77
50301,BETANZOS,estado nutricional en menores de 5 anos,clasificacion c,2001-09-01,68,552,68,552,620
31501,BOLIVAR,estado nutricional en menores de 5 anos,clasificacion c,2001-09-01,41,29,41,29,70
90103,BOLPEBRA,estado nutricional en menores de 5 anos,clasificacion c,2001-09-01,0,26,0,26,26
70707,BOYUIBE,estado nutricional en menores de 5 anos,clasificacion c,2001-09-01,12,59,12,59,71
70401,BUENA VISTA,estado nutricional en menores de 5 anos,clasificacion c,2001-09-01,199,184,199,184,383
70703,CABEZAS,estado nutricional en menores de 5 anos,clasificacion c,2001-09-01,15,238,15,238,253
20905,CAIROMA,estado nutricional en menores de 5 anos,clasificacion c,2001-09-01,2,46,2,46,48
51102,"CAIZA ""D""",estado nutricional en menores de 5 anos,clasificacion c,2001-09-01,38,277,38,277,315
21003,CAJUATA,estado nutricional en menores de 5 anos,clasificacion c,2001-09-01,35,11,35,11,46
20303,CALACOTO,estado nutricional en menores de 5 anos,clasificacion c,2001-09-01,21,25,21,25,46
21304,CALAMARCA,estado nutricional en menores de 5 anos,clasificacion c,2001-09-01,14,144,14,144,158
10701,CAMARGO,estado nutricional en menores de 5 anos,clasificacion c,2001-09-01,17,201,17,201,218
10901,CAMATAQUI (C. VILLA ABECIA),estado nutricional en menores de 5 anos,clasificacion c,2001-09-01,7,513,7,513,520
70706,CAMIRI,estado nutricional en menores de 5 anos,clasificacion c,2001-09-01,125,172,125,172,297
30701,CAPINOTA,estado nutricional en menores de 5 anos,clasificacion c,2001-09-01,121,95,121,95,216
20302,CAQUIAVIRI,estado nutricional en menores de 5 anos,clasificacion c,2001-09-01,32,74,32,74,106
40102,CARACOLLO,estado nutricional en menores de 5 anos,clasificacion c,2001-09-01,98,157,98,157,255
22001,CARANAVI,estado nutricional en menores de 5 anos,clasificacion c,2001-09-01,271,831,271,831,1102
41503,CARANGAS,estado nutricional en menores de 5 anos,clasificacion c,2001-09-01,0,4,0,4,4
60302,CARAPARI,estado nutricional en menores de 5 anos,clasificacion c,2001-09-01,11,61,11,61,72
50702,CARIPUYO,estado nutricional en menores de 5 anos,clasificacion c,2001-09-01,18,217,18,217,235
21902,CATACORA,estado nutricional en menores de 5 anos,clasificacion c,2001-09-01,1,23,1,23,24
21803,CHACARILLA,estado nutricional en menores de 5 anos,clasificacion c,2001-09-01,1,16,1,16,17
40201,CHALLAPATA,estado nutricional en menores de 5 anos,clasificacion c,2001-09-01,82,59,82,59,141
50302,CHAQUI,estado nutricional en menores de 5 anos,clasificacion c,2001-09-01,24,147,24,147,171
70702,CHARAGUA,estado nutricional en menores de 5 anos,clasificacion c,2001-09-01,30,486,30,486,516
20305,CHARAÃ‘A,estado nutricional en menores de 5 anos,clasificacion c,2001-09-01,3,30,3,30,33
50202,CHAYANTA,estado nutricional en menores de 5 anos,clasificacion c,2001-09-01,31,112,31,112,143
31204,CHIMORE,estado nutricional en menores de 5 anos,clasificacion c,2001-09-01,52,127,52,127,179
40302,CHOQUE COTA,estado nutricional en menores de 5 anos,clasificacion c,2001-09-01,3,21,3,21,24
21101,CHULUMANI (V. DE LA LIBERTAD),estado nutricional en menores de 5 anos,clasificacion c,2001-09-01,14,126,14,126,140
20501,CHUMA,estado nutricional en menores de 5 anos,clasificacion c,2001-09-01,36,14,36,14,50
30801,CLIZA,estado nutricional en menores de 5 anos,clasificacion c,2001-09-01,13,37,13,37,50
90101,COBIJA,estado nutricional en menores de 5 anos,clasificacion c,2001-09-01,189,160,189,160,349
30101,COCHABAMBA,estado nutricional en menores de 5 anos,clasificacion c,2001-09-01,1145,1356,1145,1356,2501
40902,COIPASA,estado nutricional en menores de 5 anos,clasificacion c,2001-09-01,1,3,1,3,4
30905,COLCAPIRHUA,estado nutricional en menores de 5 anos,clasificacion c,2001-09-01,602,301,602,301,903
50901,"COLCHA ""K""",estado nutricional en menores de 5 anos,clasificacion c,2001-09-01,24,120,24,120,144
21307,COLLANA,estado nutricional en menores de 5 anos,clasificacion c,2001-09-01,24,0,24,0,24
31002,COLOMI,estado nutricional en menores de 5 anos,clasificacion c,2001-09-01,92,107,92,107,199
70603,COLPA BELGICA,estado nutricional en menores de 5 anos,clasificacion c,2001-09-01,93,15,93,15,108
50401,COLQUECHACA,estado nutricional en menores de 5 anos,clasificacion c,2001-09-01,58,192,58,192,250
21306,COLQUENCHA,estado nutricional en menores de 5 anos,clasificacion c,2001-09-01,64,68,64,68,132
21004,COLQUIRI,estado nutricional en menores de 5 anos,clasificacion c,2001-09-01,147,37,147,37,184
20304,COMANCHE,estado nutricional en menores de 5 anos,clasificacion c,2001-09-01,13,33,13,33,46
71301,COMARAPA,estado nutricional en menores de 5 anos,clasificacion c,2001-09-01,69,121,69,121,190
20605,COMBAYA,estado nutricional en menores de 5 anos,clasificacion c,2001-09-01,3,47,3,47,50
71101,CONCEPCION,estado nutricional en menores de 5 anos,clasificacion c,2001-09-01,27,24,27,24,51
21701,COPACABANA,estado nutricional en menores de 5 anos,clasificacion c,2001-09-01,18,211,18,211,229
21402,CORIPATA,estado nutricional en menores de 5 anos,clasificacion c,2001-09-01,9,75,9,75,84
20301,CORO CORO,estado nutricional en menores de 5 anos,clasificacion c,2001-09-01,35,63,35,63,98
21401,COROICO,estado nutricional en menores de 5 anos,clasificacion c,2001-09-01,139,67,139,67,206
40301,CORQUE,estado nutricional en menores de 5 anos,clasificacion c,2001-09-01,4,10,4,10,14
50601,COTAGAITA,estado nutricional en menores de 5 anos,clasificacion c,2001-09-01,43,433,43,433,476
70102,COTOCA,estado nutricional en menores de 5 anos,clasificacion c,2001-09-01,45,240,45,240,285
31405,CUCHUMUELA (V. G. VILLARROEL),estado nutricional en menores de 5 anos,clasificacion c,2001-09-01,0,8,0,8,8
70704,CUEVO,estado nutricional en menores de 5 anos,clasificacion c,2001-09-01,55,91,55,91,146
10902,CULPINA,estado nutricional en menores de 5 anos,clasificacion c,2001-09-01,36,607,36,607,643
40401,CURAHUARA DE CARANGAS,estado nutricional en menores de 5 anos,clasificacion c,2001-09-01,40,28,40,28,68
21602,CURVA,estado nutricional en menores de 5 anos,clasificacion c,2001-09-01,22,6,22,6,28
20804,DESAGUADERO,estado nutricional en menores de 5 anos,clasificacion c,2001-09-01,10,107,10,107,117
20105,EL ALTO,estado nutricional en menores de 5 anos,clasificacion c,2001-09-01,2701,4015,2701,4015,6716
40103,EL CHORO,estado nutricional en menores de 5 anos,clasificacion c,2001-09-01,5,11,5,11,16
71503,EL PUENTE(STC),estado nutricional en menores de 5 anos,clasificacion c,2001-09-01,17,259,17,259,276
60502,EL PUENTE(TJA),estado nutricional en menores de 5 anos,clasificacion c,2001-09-01,56,28,56,28,84
70105,EL TORNO,estado nutricional en menores de 5 anos,clasificacion c,2001-09-01,44,354,44,354,398
10405,EL VILLAR,estado nutricional en menores de 5 anos,clasificacion c,2001-09-01,12,235,12,235,247
60601,ENTRE RIOS,estado nutricional en menores de 5 anos,clasificacion c,2001-09-01,85,366,85,366,451
40502,ESCARA,estado nutricional en menores de 5 anos,clasificacion c,2001-09-01,2,3,2,3,5
41101,EUCALIPTUS,estado nutricional en menores de 5 anos,clasificacion c,2001-09-01,11,143,11,143,154
80402,EXALTACION,estado nutricional en menores de 5 anos,clasificacion c,2001-09-01,1,26,1,26,27
90203,FILADELFIA,estado nutricional en menores de 5 anos,clasificacion c,2001-09-01,1,29,1,29,30
71002,GENERAL SAAVEDRA,estado nutricional en menores de 5 anos,clasificacion c,2001-09-01,8,441,8,441,449
21601,GRAL. J.J. PEREZ (CHARAZANI),estado nutricional en menores de 5 anos,clasificacion c,2001-09-01,14,48,14,48,62
20602,GUANAY,estado nutricional en menores de 5 anos,clasificacion c,2001-09-01,95,525,95,525,620
20802,GUAQUI,estado nutricional en menores de 5 anos,clasificacion c,2001-09-01,7,56,7,56,63
80202,GUAYARAMERIN,estado nutricional en menores de 5 anos,clasificacion c,2001-09-01,263,367,263,367,630
70705,GUTIERREZ,estado nutricional en menores de 5 anos,clasificacion c,2001-09-01,43,298,43,298,341
10502,HUACARETA,estado nutricional en menores de 5 anos,clasificacion c,2001-09-01,21,532,21,532,553
40501,HUACHACALLA,estado nutricional en menores de 5 anos,clasificacion c,2001-09-01,5,3,5,3,8
40701,HUANUNI,estado nutricional en menores de 5 anos,clasificacion c,2001-09-01,31,35,31,35,66
80803,HUARACAJE,estado nutricional en menores de 5 anos,clasificacion c,2001-09-01,28,22,28,22,50
41601,HUAYLLAMARCA,estado nutricional en menores de 5 anos,clasificacion c,2001-09-01,8,90,8,90,98
21005,ICHOCA,estado nutricional en menores de 5 anos,clasificacion c,2001-09-01,3,68,3,68,71
10304,ICLA,estado nutricional en menores de 5 anos,clasificacion c,2001-09-01,167,320,167,320,487
10703,INCAHUASI,estado nutricional en menores de 5 anos,clasificacion c,2001-09-01,53,296,53,296,349
21001,INQUISIVI,estado nutricional en menores de 5 anos,clasificacion c,2001-09-01,3,95,3,95,98
21102,IRUPANA (VILLA DE LANZA),estado nutricional en menores de 5 anos,clasificacion c,2001-09-01,61,179,61,179,240
21501,IXIAMAS,estado nutricional en menores de 5 anos,clasificacion c,2001-09-01,86,95,86,95,181
21105,LA ASUNTA,estado nutricional en menores de 5 anos,clasificacion c,2001-09-01,69,194,69,194,263
70104,LA GUARDIA,estado nutricional en menores de 5 anos,clasificacion c,2001-09-01,62,557,62,557,619
20101,LA PAZ,estado nutricional en menores de 5 anos,clasificacion c,2001-09-01,2110,3109,2110,3109,5219
70701,LAGUNILLAS,estado nutricional en menores de 5 anos,clasificacion c,2001-09-01,30,129,30,129,159
21202,LAJA,estado nutricional en menores de 5 anos,clasificacion c,2001-09-01,13,193,13,193,206
10903,LAS CARRERAS,estado nutricional en menores de 5 anos,clasificacion c,2001-09-01,9,107,9,107,116
50203,LLALLAGUA,estado nutricional en menores de 5 anos,clasificacion c,2001-09-01,26,162,26,162,188
51401,LLICA,estado nutricional en menores de 5 anos,clasificacion c,2001-09-01,7,79,7,79,86
80601,LORETO,estado nutricional en menores de 5 anos,clasificacion c,2001-09-01,7,90,7,90,97
20901,LURIBAY,estado nutricional en menores de 5 anos,clasificacion c,2001-09-01,3,38,3,38,41
40702,MACHACAMARCA,estado nutricional en menores de 5 anos,clasificacion c,2001-09-01,9,12,9,12,21
11003,MACHARETI,estado nutricional en menores de 5 anos,clasificacion c,2001-09-01,23,426,23,426,449
80801,MAGDALENA,estado nutricional en menores de 5 anos,clasificacion c,2001-09-01,42,68,42,68,110
70903,MAIRANA,estado nutricional en menores de 5 anos,clasificacion c,2001-09-01,107,77,107,77,184
20103,MECAPACA,estado nutricional en menores de 5 anos,clasificacion c,2001-09-01,33,112,33,112,145
71003,MINEROS,estado nutricional en menores de 5 anos,clasificacion c,2001-09-01,70,819,70,819,889
31301,MIZQUE,estado nutricional en menores de 5 anos,clasificacion c,2001-09-01,26,98,26,98,124
20402,MOCOMOCO,estado nutricional en menores de 5 anos,clasificacion c,2001-09-01,138,223,138,223,361
51002,MOJINETE,estado nutricional en menores de 5 anos,clasificacion c,2001-09-01,1,48,1,48,49
10303,MOJOCOYA,estado nutricional en menores de 5 anos,clasificacion c,2001-09-01,22,441,22,441,463
10501,MONTEAGUDO,estado nutricional en menores de 5 anos,clasificacion c,2001-09-01,67,746,67,746,813
71001,MONTERO,estado nutricional en menores de 5 anos,clasificacion c,2001-09-01,159,1735,159,1735,1894
70803,MORO MORO,estado nutricional en menores de 5 anos,clasificacion c,2001-09-01,29,26,29,26,55
30302,MOROCHATA,estado nutricional en menores de 5 anos,clasificacion c,2001-09-01,71,112,71,112,183
90401,NACEBE (SANTA ROSA DEL ABUNA),estado nutricional en menores de 5 anos,clasificacion c,2001-09-01,2,37,2,37,39
20307,NAZACARA DE PACAJES,estado nutricional en menores de 5 anos,clasificacion c,2001-09-01,2,8,2,8,10
50404,OCURI,estado nutricional en menores de 5 anos,clasificacion c,2001-09-01,90,170,90,170,260
70202,OKINAWA,estado nutricional en menores de 5 anos,clasificacion c,2001-09-01,3,81,3,81,84
30203,OMEREQUE,estado nutricional en menores de 5 anos,clasificacion c,2001-09-01,9,84,9,84,93
40101,ORURO,estado nutricional en menores de 5 anos,clasificacion c,2001-09-01,188,2139,188,2139,2327
60201,PADCAYA,estado nutricional en menores de 5 anos,clasificacion c,2001-09-01,65,233,65,233,298
10401,PADILLA,estado nutricional en menores de 5 anos,clasificacion c,2001-09-01,36,728,36,728,764
70502,PAILON,estado nutricional en menores de 5 anos,clasificacion c,2001-09-01,20,258,20,258,278
20102,PALCA,estado nutricional en menores de 5 anos,clasificacion c,2001-09-01,141,105,141,105,246
21104,PALOS BLANCOS,estado nutricional en menores de 5 anos,clasificacion c,2001-09-01,175,296,175,296,471
40802,PAMPA AULLAGAS,estado nutricional en menores de 5 anos,clasificacion c,2001-09-01,34,16,34,16,50
70902,PAMPA GRANDE,estado nutricional en menores de 5 anos,clasificacion c,2001-09-01,36,59,36,59,95
21802,PAPEL PAMPA,estado nutricional en menores de 5 anos,clasificacion c,2001-09-01,3,39,3,39,42
30202,PASORAPA,estado nutricional en menores de 5 anos,clasificacion c,2001-09-01,5,47,5,47,52
21305,PATACAMAYA,estado nutricional en menores de 5 anos,clasificacion c,2001-09-01,87,24,87,24,111
40602,PAZÃ‘A,estado nutricional en menores de 5 anos,clasificacion c,2001-09-01,8,66,8,66,74
20702,PELECHUCO,estado nutricional en menores de 5 anos,clasificacion c,2001-09-01,20,13,20,13,33
50403,POCOATA,estado nutricional en menores de 5 anos,clasificacion c,2001-09-01,122,210,122,210,332
31203,POCONA,estado nutricional en menores de 5 anos,clasificacion c,2001-09-01,82,174,82,174,256
31202,POJO (CBBA),estado nutricional en menores de 5 anos,clasificacion c,2001-09-01,187,439,187,439,626
40601,POOPO,estado nutricional en menores de 5 anos,clasificacion c,2001-09-01,2,51,2,51,53
51203,PORCO,estado nutricional en menores de 5 anos,clasificacion c,2001-09-01,20,99,20,99,119
10103,POROMA,estado nutricional en menores de 5 anos,clasificacion c,2001-09-01,16,358,16,358,374
70103,PORONGO,estado nutricional en menores de 5 anos,clasificacion c,2001-09-01,11,156,11,156,167
70601,PORTACHUELO,estado nutricional en menores de 5 anos,clasificacion c,2001-09-01,143,95,143,95,238
90102,PORVENIR,estado nutricional en menores de 5 anos,clasificacion c,2001-09-01,1,97,1,97,98
70804,POSTRER VALLE,estado nutricional en menores de 5 anos,clasificacion c,2001-09-01,16,18,16,18,34
50101,POTOSI,estado nutricional en menores de 5 anos,clasificacion c,2001-09-01,206,1238,206,1238,1444
10302,PRESTO,estado nutricional en menores de 5 anos,clasificacion c,2001-09-01,16,213,16,213,229
70805,PUCARA,estado nutricional en menores de 5 anos,clasificacion c,2001-09-01,1,7,1,7,8
21201,PUCARANI,estado nutricional en menores de 5 anos,clasificacion c,2001-09-01,15,258,15,258,273
20403,PUERTO CARABUCO,estado nutricional en menores de 5 anos,clasificacion c,2001-09-01,136,169,136,169,305
90301,PUERTO GONZALO MORENO,estado nutricional en menores de 5 anos,clasificacion c,2001-09-01,5,68,5,68,73
21204,PUERTO PEREZ,estado nutricional en menores de 5 anos,clasificacion c,2001-09-01,16,77,16,77,93
71402,PUERTO QUIJARRO,estado nutricional en menores de 5 anos,clasificacion c,2001-09-01,112,31,112,31,143
90201,PUERTO RICO,estado nutricional en menores de 5 anos,clasificacion c,2001-09-01,12,57,12,57,69
80703,PUERTO SILES,estado nutricional en menores de 5 anos,clasificacion c,2001-09-01,5,6,5,6,11
71401,PUERTO SUAREZ,estado nutricional en menores de 5 anos,clasificacion c,2001-09-01,218,75,218,75,293
31205,PUERTO VILLARROEL,estado nutricional en menores de 5 anos,clasificacion c,2001-09-01,293,222,293,222,515
51101,PUNA,estado nutricional en menores de 5 anos,clasificacion c,2001-09-01,151,526,151,526,677
31401,PUNATA,estado nutricional en menores de 5 anos,clasificacion c,2001-09-01,68,147,68,147,215
20604,QUIABAYA,estado nutricional en menores de 5 anos,clasificacion c,2001-09-01,4,55,4,55,59
30901,QUILLACOLLO,estado nutricional en menores de 5 anos,clasificacion c,2001-09-01,42,157,42,157,199
21002,QUIME,estado nutricional en menores de 5 anos,clasificacion c,2001-09-01,66,109,66,109,175
70904,QUIRUSILLAS,estado nutricional en menores de 5 anos,clasificacion c,2001-09-01,1,29,1,29,30
50402,RAVELO,estado nutricional en menores de 5 anos,clasificacion c,2001-09-01,39,362,39,362,401
80301,REYES,estado nutricional en menores de 5 anos,clasificacion c,2001-09-01,27,336,27,336,363
80201,RIBERALTA,estado nutricional en menores de 5 anos,clasificacion c,2001-09-01,125,857,125,857,982
70503,ROBORE,estado nutricional en menores de 5 anos,clasificacion c,2001-09-01,26,263,26,263,289
80304,RURRENABAQUE,estado nutricional en menores de 5 anos,clasificacion c,2001-09-01,116,107,116,107,223
40901,SABAYA,estado nutricional en menores de 5 anos,clasificacion c,2001-09-01,3,15,3,15,18
31001,SACABA,estado nutricional en menores de 5 anos,clasificacion c,2001-09-01,312,244,312,244,556
30404,SACABAMBA,estado nutricional en menores de 5 anos,clasificacion c,2001-09-01,9,126,9,126,135
50701,SACACA,estado nutricional en menores de 5 anos,clasificacion c,2001-09-01,24,334,24,334,358
71302,SAIPINA,estado nutricional en menores de 5 anos,clasificacion c,2001-09-01,18,17,18,17,35
40801,SALINAS DE GARCI MENDOZA,estado nutricional en menores de 5 anos,clasificacion c,2001-09-01,32,30,32,30,62
70901,SAMAIPATA,estado nutricional en menores de 5 anos,clasificacion c,2001-09-01,6,122,6,122,128
51601,SAN AGUSTIN,estado nutricional en menores de 5 anos,clasificacion c,2001-09-01,4,60,4,60,64
80602,SAN ANDRES,estado nutricional en menores de 5 anos,clasificacion c,2001-09-01,13,162,13,162,175
51003,SAN ANTONIO DE ESMORUCO,estado nutricional en menores de 5 anos,clasificacion c,2001-09-01,4,33,4,33,37
71105,SAN ANTONIO DE LOMERIO,estado nutricional en menores de 5 anos,clasificacion c,2001-09-01,100,152,100,152,252
31403,SAN BENITO,estado nutricional en menores de 5 anos,clasificacion c,2001-09-01,3,85,3,85,88
80302,SAN BORJA,estado nutricional en menores de 5 anos,clasificacion c,2001-09-01,391,310,391,310,701
21502,SAN BUENA VENTURA,estado nutricional en menores de 5 anos,clasificacion c,2001-09-01,57,297,57,297,354
70402,SAN CARLOS,estado nutricional en menores de 5 anos,clasificacion c,2001-09-01,17,119,17,119,136
80501,SAN IGNACIO,estado nutricional en menores de 5 anos,clasificacion c,2001-09-01,86,322,86,322,408
70301,SAN IGNACIO DE VELASCO,estado nutricional en menores de 5 anos,clasificacion c,2001-09-01,485,451,485,451,936
80102,SAN JAVIER(BNI),estado nutricional en menores de 5 anos,clasificacion c,2001-09-01,10,129,10,129,139
71102,SAN JAVIER(STC),estado nutricional en menores de 5 anos,clasificacion c,2001-09-01,4,191,4,191,195
80701,SAN JOAQUIN,estado nutricional en menores de 5 anos,clasificacion c,2001-09-01,1,43,1,43,44
70501,SAN JOSE DE CHIQUITOS,estado nutricional en menores de 5 anos,clasificacion c,2001-09-01,124,46,124,46,170
71104,SAN JULIAN,estado nutricional en menores de 5 anos,clasificacion c,2001-09-01,179,537,179,537,716
90302,SAN LORENZO(PND),estado nutricional en menores de 5 anos,clasificacion c,2001-09-01,0,16,0,16,16
60501,SAN LORENZO(TJA),estado nutricional en menores de 5 anos,clasificacion c,2001-09-01,12,45,12,45,57
10702,SAN LUCAS,estado nutricional en menores de 5 anos,clasificacion c,2001-09-01,102,974,102,974,1076
71201,SAN MATIAS,estado nutricional en menores de 5 anos,clasificacion c,2001-09-01,59,70,59,70,129
70302,SAN MIGUEL DE VELASCO,estado nutricional en menores de 5 anos,clasificacion c,2001-09-01,25,313,25,313,338
51001,SAN PABLO DE LIPEZ,estado nutricional en menores de 5 anos,clasificacion c,2001-09-01,9,58,9,58,67
50501,SAN PEDRO DE BUENA VISTA,estado nutricional en menores de 5 anos,clasificacion c,2001-09-01,14,313,14,313,327
21801,SAN PEDRO DE CURAHUARA,estado nutricional en menores de 5 anos,clasificacion c,2001-09-01,2,39,2,39,41
50902,SAN PEDRO DE QUEMES,estado nutricional en menores de 5 anos,clasificacion c,2001-09-01,3,25,3,25,28
21702,SAN PEDRO DE TIQUINA,estado nutricional en menores de 5 anos,clasificacion c,2001-09-01,11,131,11,131,142
90202,SAN PEDRO(PND),estado nutricional en menores de 5 anos,clasificacion c,2001-09-01,2,3,2,3,5
70303,SAN RAFAEL,estado nutricional en menores de 5 anos,clasificacion c,2001-09-01,90,52,90,52,142
80702,SAN RAMON,estado nutricional en menores de 5 anos,clasificacion c,2001-09-01,7,113,7,113,120
80702,SAN RAMON,estado nutricional en menores de 5 anos,clasificacion c,2001-09-01,135,99,135,99,234
80401,SANTA ANA,estado nutricional en menores de 5 anos,clasificacion c,2001-09-01,70,136,70,136,206
70101,SANTA CRUZ DE LA SIERRA,estado nutricional en menores de 5 anos,clasificacion c,2001-09-01,1974,1863,1974,1863,3837
80303,SANTA ROSA,estado nutricional en menores de 5 anos,clasificacion c,2001-09-01,79,49,79,49,128
70602,SANTA ROSA DEL SARA,estado nutricional en menores de 5 anos,clasificacion c,2001-09-01,53,111,53,111,164
20308,SANTIAGO DE CALLAPA,estado nutricional en menores de 5 anos,clasificacion c,2001-09-01,3,23,3,23,26
41401,SANTIAGO DE HUARI,estado nutricional en menores de 5 anos,clasificacion c,2001-09-01,50,33,50,33,83
21901,SANTIAGO DE MACHACA,estado nutricional en menores de 5 anos,clasificacion c,2001-09-01,2,34,2,34,36
30702,SANTIVAÃ‘ES,estado nutricional en menores de 5 anos,clasificacion c,2001-09-01,72,21,72,21,93
40202,SANTUARIO DE QUILLACAS,estado nutricional en menores de 5 anos,clasificacion c,2001-09-01,6,34,6,34,40
20902,SAPAHAQUI,estado nutricional en menores de 5 anos,clasificacion c,2001-09-01,3,33,3,33,36
90303,SENA,estado nutricional en menores de 5 anos,clasificacion c,2001-09-01,0,9,0,9,9
21301,SICA SICA (VILLA AROMA),estado nutricional en menores de 5 anos,clasificacion c,2001-09-01,91,127,91,127,218
30703,SICAYA,estado nutricional en menores de 5 anos,clasificacion c,2001-09-01,1,14,1,14,15
30902,SIPE SIPE,estado nutricional en menores de 5 anos,clasificacion c,2001-09-01,313,221,313,221,534
10403,SOPACHUY,estado nutricional en menores de 5 anos,clasificacion c,2001-09-01,27,31,27,31,58
20601,SORATA,estado nutricional en menores de 5 anos,clasificacion c,2001-09-01,21,353,21,353,374
10101,SUCRE,estado nutricional en menores de 5 anos,clasificacion c,2001-09-01,338,3376,338,3376,3714
31404,TACACHI,estado nutricional en menores de 5 anos,clasificacion c,2001-09-01,1,7,1,7,8
20603,TACACOMA,estado nutricional en menores de 5 anos,clasificacion c,2001-09-01,2,68,2,68,70
50303,TACOBAMBA,estado nutricional en menores de 5 anos,clasificacion c,2001-09-01,22,219,22,219,241
30602,TACOPAYA,estado nutricional en menores de 5 anos,clasificacion c,2001-09-01,10,43,10,43,53
51402,TAHUA,estado nutricional en menores de 5 anos,clasificacion c,2001-09-01,0,26,0,26,26
31101,TAPACARI,estado nutricional en menores de 5 anos,clasificacion c,2001-09-01,24,180,24,180,204
10601,TARABUCO,estado nutricional en menores de 5 anos,clasificacion c,2001-09-01,84,913,84,913,997
30401,TARATA,estado nutricional en menores de 5 anos,clasificacion c,2001-09-01,32,108,32,108,140
60101,TARIJA,estado nutricional en menores de 5 anos,clasificacion c,2001-09-01,364,957,364,957,1321
10202,TARVITA,estado nutricional en menores de 5 anos,clasificacion c,2001-09-01,43,269,43,269,312
20803,TIAWANACU,estado nutricional en menores de 5 anos,clasificacion c,2001-09-01,76,51,76,51,127
50102,TINGUIPAYA,estado nutricional en menores de 5 anos,clasificacion c,2001-09-01,51,153,51,153,204
20606,TIPUANI,estado nutricional en menores de 5 anos,clasificacion c,2001-09-01,17,11,17,11,28
30903,TIQUIPAYA,estado nutricional en menores de 5 anos,clasificacion c,2001-09-01,7,34,7,34,41
31601,TIRAQUE (CBBA),estado nutricional en menores de 5 anos,clasificacion c,2001-09-01,164,165,164,165,329
21703,TITO YUPANQUI (PARQUIPUJIO),estado nutricional en menores de 5 anos,clasificacion c,2001-09-01,1,25,1,25,26
30802,TOCO,estado nutricional en menores de 5 anos,clasificacion c,2001-09-01,2,23,2,23,25
30803,TOLATA,estado nutricional en menores de 5 anos,clasificacion c,2001-09-01,3,7,3,7,10
41001,TOLEDO,estado nutricional en menores de 5 anos,clasificacion c,2001-09-01,38,34,38,34,72
51202,TOMAVE,estado nutricional en menores de 5 anos,clasificacion c,2001-09-01,23,250,23,250,273
10402,TOMINA,estado nutricional en menores de 5 anos,clasificacion c,2001-09-01,20,515,20,515,535
50502,TORO TORO,estado nutricional en menores de 5 anos,clasificacion c,2001-09-01,12,88,12,88,100
31201,TOTORA(CBBA),estado nutricional en menores de 5 anos,clasificacion c,2001-09-01,59,80,59,80,139
41301,TOTORA(ORR),estado nutricional en menores de 5 anos,clasificacion c,2001-09-01,8,50,8,50,58
70802,TRIGAL,estado nutricional en menores de 5 anos,clasificacion c,2001-09-01,19,18,19,18,37
80101,TRINIDAD,estado nutricional en menores de 5 anos,clasificacion c,2001-09-01,96,557,96,557,653
50801,TUPIZA,estado nutricional en menores de 5 anos,clasificacion c,2001-09-01,53,788,53,788,841
40402,TURCO,estado nutricional en menores de 5 anos,clasificacion c,2001-09-01,16,10,16,10,26
21302,UMALA,estado nutricional en menores de 5 anos,clasificacion c,2001-09-01,4,50,4,50,54
50201,UNCIA,estado nutricional en menores de 5 anos,clasificacion c,2001-09-01,18,294,18,294,312
60401,URIONDO (A. CONCEPCION),estado nutricional en menores de 5 anos,clasificacion c,2001-09-01,14,141,14,141,155
71502,URUBICHA,estado nutricional en menores de 5 anos,clasificacion c,2001-09-01,12,267,12,267,279
51201,UYUNI,estado nutricional en menores de 5 anos,clasificacion c,2001-09-01,64,610,64,610,674
30502,VACAS,estado nutricional en menores de 5 anos,clasificacion c,2001-09-01,5,34,5,34,39
70801,VALLEGRANDE,estado nutricional en menores de 5 anos,clasificacion c,2001-09-01,90,201,90,201,291
20801,VIACHA,estado nutricional en menores de 5 anos,clasificacion c,2001-09-01,49,442,49,442,491
31302,VILA VILA,estado nutricional en menores de 5 anos,clasificacion c,2001-09-01,43,32,43,32,75
60303,VILLA MONTES,estado nutricional en menores de 5 anos,clasificacion c,2001-09-01,137,139,137,139,276
31402,VILLA RIVERO,estado nutricional en menores de 5 anos,clasificacion c,2001-09-01,1,18,1,18,19
10801,VILLA SERRANO,estado nutricional en menores de 5 anos,clasificacion c,2001-09-01,20,563,20,563,583
31003,VILLA TUNARI,estado nutricional en menores de 5 anos,clasificacion c,2001-09-01,261,217,261,217,478
11001,VILLA VACA GUZMAN (MUYUPAMPA),estado nutricional en menores de 5 anos,clasificacion c,2001-09-01,35,370,35,370,405
51501,VILLAZON,estado nutricional en menores de 5 anos,clasificacion c,2001-09-01,38,614,38,614,652
50602,VITICHI,estado nutricional en menores de 5 anos,clasificacion c,2001-09-01,55,225,55,225,280
20306,WALDO BALLIVIAN,estado nutricional en menores de 5 anos,clasificacion c,2001-09-01,0,22,0,22,22
70201,WARNES,estado nutricional en menores de 5 anos,clasificacion c,2001-09-01,233,258,233,258,491
20903,YACO,estado nutricional en menores de 5 anos,clasificacion c,2001-09-01,8,71,8,71,79
60301,YACUIBA,estado nutricional en menores de 5 anos,clasificacion c,2001-09-01,340,191,340,191,531
10602,YAMPARAEZ,estado nutricional en menores de 5 anos,clasificacion c,2001-09-01,36,678,36,678,714
21103,YANACACHI,estado nutricional en menores de 5 anos,clasificacion c,2001-09-01,31,21,31,21,52
70403,YAPACANI,estado nutricional en menores de 5 anos,clasificacion c,2001-09-01,268,412,268,412,680
50103,YOCALLA,estado nutricional en menores de 5 anos,clasificacion c,2001-09-01,17,323,17,323,340
10102,YOTALA,estado nutricional en menores de 5 anos,clasificacion c,2001-09-01,25,487,25,487,512
60402,YUNCHARA,estado nutricional en menores de 5 anos,clasificacion c,2001-09-01,18,32,18,32,50
10301,ZUDAÃ‘EZ,estado nutricional en menores de 5 anos,clasificacion c,2001-09-01,17,375,17,375,392
51302,ACACIO,estado nutricional en menores de 5 anos,clasificacion c,2001-10-01,12,155,12,155,167
20201,ACHACACHI,estado nutricional en menores de 5 anos,clasificacion c,2001-10-01,80,823,80,823,903
20104,ACHOCALLA,estado nutricional en menores de 5 anos,clasificacion c,2001-10-01,26,35,26,35,61
30201,AIQUILE,estado nutricional en menores de 5 anos,clasificacion c,2001-10-01,74,116,74,116,190
31303,ALALAY,estado nutricional en menores de 5 anos,clasificacion c,2001-10-01,20,21,20,21,41
10404,ALCALA,estado nutricional en menores de 5 anos,clasificacion c,2001-10-01,14,182,14,182,196
20202,ANCORAIMES,estado nutricional en menores de 5 anos,clasificacion c,2001-10-01,16,445,16,445,461
41201,ANDAMARCA,estado nutricional en menores de 5 anos,clasificacion c,2001-10-01,24,26,24,26,50
40603,ANTEQUERA,estado nutricional en menores de 5 anos,clasificacion c,2001-10-01,28,11,28,11,39
30402,ANZALDO,estado nutricional en menores de 5 anos,clasificacion c,2001-10-01,17,116,17,116,133
20701,APOLO,estado nutricional en menores de 5 anos,clasificacion c,2001-10-01,39,19,39,19,58
51301,ARAMPAMPA,estado nutricional en menores de 5 anos,clasificacion c,2001-10-01,6,85,6,85,91
30501,ARANI,estado nutricional en menores de 5 anos,clasificacion c,2001-10-01,55,173,55,173,228
30403,ARBIETO,estado nutricional en menores de 5 anos,clasificacion c,2001-10-01,4,63,4,63,67
30601,ARQUE,estado nutricional en menores de 5 anos,clasificacion c,2001-10-01,28,34,28,34,62
71501,ASCENCION DE GUARAYOS,estado nutricional en menores de 5 anos,clasificacion c,2001-10-01,363,457,363,457,820
50802,ATOCHA,estado nutricional en menores de 5 anos,clasificacion c,2001-10-01,11,143,11,143,154
20503,AUCAPATA,estado nutricional en menores de 5 anos,clasificacion c,2001-10-01,2,6,2,6,8
20502,AYATA,estado nutricional en menores de 5 anos,clasificacion c,2001-10-01,73,30,73,30,103
21303,AYO AYO,estado nutricional en menores de 5 anos,clasificacion c,2001-10-01,84,30,84,30,114
30301,AYOPAYA (V. DE INDEPENDENCIA),estado nutricional en menores de 5 anos,clasificacion c,2001-10-01,221,242,221,242,463
10201,AZURDUY,estado nutricional en menores de 5 anos,clasificacion c,2001-10-01,23,345,23,345,368
21203,BATALLAS,estado nutricional en menores de 5 anos,clasificacion c,2001-10-01,23,328,23,328,351
80802,BAURES,estado nutricional en menores de 5 anos,clasificacion c,2001-10-01,66,81,66,81,147
41202,BELEN DE ANDAMARCA,estado nutricional en menores de 5 anos,clasificacion c,2001-10-01,0,3,0,3,3
50104,BELEN DE URMIRI,estado nutricional en menores de 5 anos,clasificacion c,2001-10-01,0,64,0,64,64
90104,BELLA FLOR,estado nutricional en menores de 5 anos,clasificacion c,2001-10-01,68,123,68,123,191
60202,BERMEJO,estado nutricional en menores de 5 anos,clasificacion c,2001-10-01,33,102,33,102,135
50301,BETANZOS,estado nutricional en menores de 5 anos,clasificacion c,2001-10-01,53,270,53,270,323
31501,BOLIVAR,estado nutricional en menores de 5 anos,clasificacion c,2001-10-01,93,84,93,84,177
90103,BOLPEBRA,estado nutricional en menores de 5 anos,clasificacion c,2001-10-01,4,45,4,45,49
70707,BOYUIBE,estado nutricional en menores de 5 anos,clasificacion c,2001-10-01,60,72,60,72,132
70401,BUENA VISTA,estado nutricional en menores de 5 anos,clasificacion c,2001-10-01,232,212,232,212,444
70703,CABEZAS,estado nutricional en menores de 5 anos,clasificacion c,2001-10-01,38,321,38,321,359
20905,CAIROMA,estado nutricional en menores de 5 anos,clasificacion c,2001-10-01,1,11,1,11,12
51102,"CAIZA ""D""",estado nutricional en menores de 5 anos,clasificacion c,2001-10-01,30,285,30,285,315
21003,CAJUATA,estado nutricional en menores de 5 anos,clasificacion c,2001-10-01,23,3,23,3,26
20303,CALACOTO,estado nutricional en menores de 5 anos,clasificacion c,2001-10-01,5,5,5,5,10
21304,CALAMARCA,estado nutricional en menores de 5 anos,clasificacion c,2001-10-01,37,106,37,106,143
10701,CAMARGO,estado nutricional en menores de 5 anos,clasificacion c,2001-10-01,18,221,18,221,239
10901,CAMATAQUI (C. VILLA ABECIA),estado nutricional en menores de 5 anos,clasificacion c,2001-10-01,8,89,8,89,97
70706,CAMIRI,estado nutricional en menores de 5 anos,clasificacion c,2001-10-01,175,268,175,268,443
30701,CAPINOTA,estado nutricional en menores de 5 anos,clasificacion c,2001-10-01,165,112,165,112,277
20302,CAQUIAVIRI,estado nutricional en menores de 5 anos,clasificacion c,2001-10-01,86,69,86,69,155
40102,CARACOLLO,estado nutricional en menores de 5 anos,clasificacion c,2001-10-01,74,104,74,104,178
22001,CARANAVI,estado nutricional en menores de 5 anos,clasificacion c,2001-10-01,298,582,298,582,880
60302,CARAPARI,estado nutricional en menores de 5 anos,clasificacion c,2001-10-01,44,145,44,145,189
50702,CARIPUYO,estado nutricional en menores de 5 anos,clasificacion c,2001-10-01,16,189,16,189,205
21902,CATACORA,estado nutricional en menores de 5 anos,clasificacion c,2001-10-01,1,4,1,4,5
21803,CHACARILLA,estado nutricional en menores de 5 anos,clasificacion c,2001-10-01,0,20,0,20,20
40201,CHALLAPATA,estado nutricional en menores de 5 anos,clasificacion c,2001-10-01,69,72,69,72,141
50302,CHAQUI,estado nutricional en menores de 5 anos,clasificacion c,2001-10-01,18,128,18,128,146
70702,CHARAGUA,estado nutricional en menores de 5 anos,clasificacion c,2001-10-01,33,604,33,604,637
20305,CHARAÃ‘A,estado nutricional en menores de 5 anos,clasificacion c,2001-10-01,1,47,1,47,48
50202,CHAYANTA,estado nutricional en menores de 5 anos,clasificacion c,2001-10-01,10,62,10,62,72
31204,CHIMORE,estado nutricional en menores de 5 anos,clasificacion c,2001-10-01,61,200,61,200,261
40903,CHIPAYA,estado nutricional en menores de 5 anos,clasificacion c,2001-10-01,5,5,5,5,10
40302,CHOQUE COTA,estado nutricional en menores de 5 anos,clasificacion c,2001-10-01,1,27,1,27,28
21101,CHULUMANI (V. DE LA LIBERTAD),estado nutricional en menores de 5 anos,clasificacion c,2001-10-01,42,85,42,85,127
20501,CHUMA,estado nutricional en menores de 5 anos,clasificacion c,2001-10-01,35,22,35,22,57
30801,CLIZA,estado nutricional en menores de 5 anos,clasificacion c,2001-10-01,12,72,12,72,84
90101,COBIJA,estado nutricional en menores de 5 anos,clasificacion c,2001-10-01,245,135,245,135,380
30101,COCHABAMBA,estado nutricional en menores de 5 anos,clasificacion c,2001-10-01,1529,1789,1529,1789,3318
40902,COIPASA,estado nutricional en menores de 5 anos,clasificacion c,2001-10-01,2,6,2,6,8
30905,COLCAPIRHUA,estado nutricional en menores de 5 anos,clasificacion c,2001-10-01,348,331,348,331,679
50901,"COLCHA ""K""",estado nutricional en menores de 5 anos,clasificacion c,2001-10-01,27,257,27,257,284
21307,COLLANA,estado nutricional en menores de 5 anos,clasificacion c,2001-10-01,14,0,14,0,14
31002,COLOMI,estado nutricional en menores de 5 anos,clasificacion c,2001-10-01,68,81,68,81,149
70603,COLPA BELGICA,estado nutricional en menores de 5 anos,clasificacion c,2001-10-01,57,22,57,22,79
50401,COLQUECHACA,estado nutricional en menores de 5 anos,clasificacion c,2001-10-01,38,174,38,174,212
21306,COLQUENCHA,estado nutricional en menores de 5 anos,clasificacion c,2001-10-01,41,69,41,69,110
21004,COLQUIRI,estado nutricional en menores de 5 anos,clasificacion c,2001-10-01,83,49,83,49,132
20304,COMANCHE,estado nutricional en menores de 5 anos,clasificacion c,2001-10-01,6,44,6,44,50
71301,COMARAPA,estado nutricional en menores de 5 anos,clasificacion c,2001-10-01,66,155,66,155,221
20605,COMBAYA,estado nutricional en menores de 5 anos,clasificacion c,2001-10-01,6,68,6,68,74
71101,CONCEPCION,estado nutricional en menores de 5 anos,clasificacion c,2001-10-01,131,44,131,44,175
21701,COPACABANA,estado nutricional en menores de 5 anos,clasificacion c,2001-10-01,7,174,7,174,181
21402,CORIPATA,estado nutricional en menores de 5 anos,clasificacion c,2001-10-01,10,71,10,71,81
20301,CORO CORO,estado nutricional en menores de 5 anos,clasificacion c,2001-10-01,53,78,53,78,131
21401,COROICO,estado nutricional en menores de 5 anos,clasificacion c,2001-10-01,113,38,113,38,151
40301,CORQUE,estado nutricional en menores de 5 anos,clasificacion c,2001-10-01,18,93,18,93,111
50601,COTAGAITA,estado nutricional en menores de 5 anos,clasificacion c,2001-10-01,43,305,43,305,348
70102,COTOCA,estado nutricional en menores de 5 anos,clasificacion c,2001-10-01,37,237,37,237,274
31405,CUCHUMUELA (V. G. VILLARROEL),estado nutricional en menores de 5 anos,clasificacion c,2001-10-01,1,1,1,1,2
70704,CUEVO,estado nutricional en menores de 5 anos,clasificacion c,2001-10-01,51,57,51,57,108
10902,CULPINA,estado nutricional en menores de 5 anos,clasificacion c,2001-10-01,48,623,48,623,671
40401,CURAHUARA DE CARANGAS,estado nutricional en menores de 5 anos,clasificacion c,2001-10-01,37,10,37,10,47
21602,CURVA,estado nutricional en menores de 5 anos,clasificacion c,2001-10-01,14,4,14,4,18
20804,DESAGUADERO,estado nutricional en menores de 5 anos,clasificacion c,2001-10-01,8,90,8,90,98
20105,EL ALTO,estado nutricional en menores de 5 anos,clasificacion c,2001-10-01,4126,3878,4126,3878,8004
40103,EL CHORO,estado nutricional en menores de 5 anos,clasificacion c,2001-10-01,2,5,2,5,7
71503,EL PUENTE(STC),estado nutricional en menores de 5 anos,clasificacion c,2001-10-01,11,193,11,193,204
60502,EL PUENTE(TJA),estado nutricional en menores de 5 anos,clasificacion c,2001-10-01,32,67,32,67,99
70105,EL TORNO,estado nutricional en menores de 5 anos,clasificacion c,2001-10-01,52,382,52,382,434
10405,EL VILLAR,estado nutricional en menores de 5 anos,clasificacion c,2001-10-01,13,209,13,209,222
60601,ENTRE RIOS,estado nutricional en menores de 5 anos,clasificacion c,2001-10-01,114,284,114,284,398
40502,ESCARA,estado nutricional en menores de 5 anos,clasificacion c,2001-10-01,2,2,2,2,4
41101,EUCALIPTUS,estado nutricional en menores de 5 anos,clasificacion c,2001-10-01,8,70,8,70,78
80402,EXALTACION,estado nutricional en menores de 5 anos,clasificacion c,2001-10-01,6,27,6,27,33
90203,FILADELFIA,estado nutricional en menores de 5 anos,clasificacion c,2001-10-01,0,30,0,30,30
71002,GENERAL SAAVEDRA,estado nutricional en menores de 5 anos,clasificacion c,2001-10-01,32,419,32,419,451
21601,GRAL. J.J. PEREZ (CHARAZANI),estado nutricional en menores de 5 anos,clasificacion c,2001-10-01,21,3,21,3,24
20602,GUANAY,estado nutricional en menores de 5 anos,clasificacion c,2001-10-01,72,543,72,543,615
20802,GUAQUI,estado nutricional en menores de 5 anos,clasificacion c,2001-10-01,3,50,3,50,53
80202,GUAYARAMERIN,estado nutricional en menores de 5 anos,clasificacion c,2001-10-01,500,269,500,269,769
70705,GUTIERREZ,estado nutricional en menores de 5 anos,clasificacion c,2001-10-01,116,338,116,338,454
10502,HUACARETA,estado nutricional en menores de 5 anos,clasificacion c,2001-10-01,11,436,11,436,447
40501,HUACHACALLA,estado nutricional en menores de 5 anos,clasificacion c,2001-10-01,4,10,4,10,14
40701,HUANUNI,estado nutricional en menores de 5 anos,clasificacion c,2001-10-01,23,19,23,19,42
80803,HUARACAJE,estado nutricional en menores de 5 anos,clasificacion c,2001-10-01,15,27,15,27,42
41601,HUAYLLAMARCA,estado nutricional en menores de 5 anos,clasificacion c,2001-10-01,0,89,0,89,89
21005,ICHOCA,estado nutricional en menores de 5 anos,clasificacion c,2001-10-01,0,23,0,23,23
10304,ICLA,estado nutricional en menores de 5 anos,clasificacion c,2001-10-01,133,328,133,328,461
10703,INCAHUASI,estado nutricional en menores de 5 anos,clasificacion c,2001-10-01,32,386,32,386,418
21001,INQUISIVI,estado nutricional en menores de 5 anos,clasificacion c,2001-10-01,13,140,13,140,153
21102,IRUPANA (VILLA DE LANZA),estado nutricional en menores de 5 anos,clasificacion c,2001-10-01,79,204,79,204,283
21501,IXIAMAS,estado nutricional en menores de 5 anos,clasificacion c,2001-10-01,82,79,82,79,161
21105,LA ASUNTA,estado nutricional en menores de 5 anos,clasificacion c,2001-10-01,39,158,39,158,197
70104,LA GUARDIA,estado nutricional en menores de 5 anos,clasificacion c,2001-10-01,45,641,45,641,686
20101,LA PAZ,estado nutricional en menores de 5 anos,clasificacion c,2001-10-01,2771,3750,2771,3750,6521
41501,LA RIVERA,estado nutricional en menores de 5 anos,clasificacion c,2001-10-01,0,5,0,5,5
70701,LAGUNILLAS,estado nutricional en menores de 5 anos,clasificacion c,2001-10-01,26,93,26,93,119
21202,LAJA,estado nutricional en menores de 5 anos,clasificacion c,2001-10-01,15,220,15,220,235
10903,LAS CARRERAS,estado nutricional en menores de 5 anos,clasificacion c,2001-10-01,10,117,10,117,127
50203,LLALLAGUA,estado nutricional en menores de 5 anos,clasificacion c,2001-10-01,19,128,19,128,147
51401,LLICA,estado nutricional en menores de 5 anos,clasificacion c,2001-10-01,5,78,5,78,83
80601,LORETO,estado nutricional en menores de 5 anos,clasificacion c,2001-10-01,4,60,4,60,64
20901,LURIBAY,estado nutricional en menores de 5 anos,clasificacion c,2001-10-01,9,135,9,135,144
40702,MACHACAMARCA,estado nutricional en menores de 5 anos,clasificacion c,2001-10-01,44,42,44,42,86
11003,MACHARETI,estado nutricional en menores de 5 anos,clasificacion c,2001-10-01,25,481,25,481,506
80801,MAGDALENA,estado nutricional en menores de 5 anos,clasificacion c,2001-10-01,56,111,56,111,167
70903,MAIRANA,estado nutricional en menores de 5 anos,clasificacion c,2001-10-01,121,74,121,74,195
20904,MALLA,estado nutricional en menores de 5 anos,clasificacion c,2001-10-01,6,26,6,26,32
20103,MECAPACA,estado nutricional en menores de 5 anos,clasificacion c,2001-10-01,36,176,36,176,212
71003,MINEROS,estado nutricional en menores de 5 anos,clasificacion c,2001-10-01,64,741,64,741,805
31301,MIZQUE,estado nutricional en menores de 5 anos,clasificacion c,2001-10-01,97,218,97,218,315
20402,MOCOMOCO,estado nutricional en menores de 5 anos,clasificacion c,2001-10-01,147,90,147,90,237
51002,MOJINETE,estado nutricional en menores de 5 anos,clasificacion c,2001-10-01,1,5,1,5,6
10303,MOJOCOYA,estado nutricional en menores de 5 anos,clasificacion c,2001-10-01,14,452,14,452,466
10501,MONTEAGUDO,estado nutricional en menores de 5 anos,clasificacion c,2001-10-01,49,525,49,525,574
71001,MONTERO,estado nutricional en menores de 5 anos,clasificacion c,2001-10-01,163,2028,163,2028,2191
70803,MORO MORO,estado nutricional en menores de 5 anos,clasificacion c,2001-10-01,19,25,19,25,44
30302,MOROCHATA,estado nutricional en menores de 5 anos,clasificacion c,2001-10-01,121,142,121,142,263
90401,NACEBE (SANTA ROSA DEL ABUNA),estado nutricional en menores de 5 anos,clasificacion c,2001-10-01,10,15,10,15,25
20307,NAZACARA DE PACAJES,estado nutricional en menores de 5 anos,clasificacion c,2001-10-01,4,23,4,23,27
90501,NUEVO MANOA (NUEVA ESPERANZA),estado nutricional en menores de 5 anos,clasificacion c,2001-10-01,0,8,0,8,8
50404,OCURI,estado nutricional en menores de 5 anos,clasificacion c,2001-10-01,61,165,61,165,226
70202,OKINAWA,estado nutricional en menores de 5 anos,clasificacion c,2001-10-01,24,153,24,153,177
30203,OMEREQUE,estado nutricional en menores de 5 anos,clasificacion c,2001-10-01,4,86,4,86,90
40101,ORURO,estado nutricional en menores de 5 anos,clasificacion c,2001-10-01,190,2478,190,2478,2668
60201,PADCAYA,estado nutricional en menores de 5 anos,clasificacion c,2001-10-01,89,231,89,231,320
10401,PADILLA,estado nutricional en menores de 5 anos,clasificacion c,2001-10-01,33,700,33,700,733
70502,PAILON,estado nutricional en menores de 5 anos,clasificacion c,2001-10-01,34,284,34,284,318
20102,PALCA,estado nutricional en menores de 5 anos,clasificacion c,2001-10-01,133,84,133,84,217
21104,PALOS BLANCOS,estado nutricional en menores de 5 anos,clasificacion c,2001-10-01,170,206,170,206,376
40802,PAMPA AULLAGAS,estado nutricional en menores de 5 anos,clasificacion c,2001-10-01,21,21,21,21,42
70902,PAMPA GRANDE,estado nutricional en menores de 5 anos,clasificacion c,2001-10-01,42,65,42,65,107
21802,PAPEL PAMPA,estado nutricional en menores de 5 anos,clasificacion c,2001-10-01,7,5,7,5,12
30202,PASORAPA,estado nutricional en menores de 5 anos,clasificacion c,2001-10-01,0,60,0,60,60
21305,PATACAMAYA,estado nutricional en menores de 5 anos,clasificacion c,2001-10-01,95,43,95,43,138
40602,PAZÃ‘A,estado nutricional en menores de 5 anos,clasificacion c,2001-10-01,8,54,8,54,62
20702,PELECHUCO,estado nutricional en menores de 5 anos,clasificacion c,2001-10-01,2,12,2,12,14
50403,POCOATA,estado nutricional en menores de 5 anos,clasificacion c,2001-10-01,80,202,80,202,282
31203,POCONA,estado nutricional en menores de 5 anos,clasificacion c,2001-10-01,27,63,27,63,90
31202,POJO (CBBA),estado nutricional en menores de 5 anos,clasificacion c,2001-10-01,201,384,201,384,585
40601,POOPO,estado nutricional en menores de 5 anos,clasificacion c,2001-10-01,2,59,2,59,61
51203,PORCO,estado nutricional en menores de 5 anos,clasificacion c,2001-10-01,22,230,22,230,252
10103,POROMA,estado nutricional en menores de 5 anos,clasificacion c,2001-10-01,24,436,24,436,460
70103,PORONGO,estado nutricional en menores de 5 anos,clasificacion c,2001-10-01,10,121,10,121,131
70601,PORTACHUELO,estado nutricional en menores de 5 anos,clasificacion c,2001-10-01,185,171,185,171,356
90102,PORVENIR,estado nutricional en menores de 5 anos,clasificacion c,2001-10-01,5,132,5,132,137
70804,POSTRER VALLE,estado nutricional en menores de 5 anos,clasificacion c,2001-10-01,25,41,25,41,66
50101,POTOSI,estado nutricional en menores de 5 anos,clasificacion c,2001-10-01,249,1241,249,1241,1490
10302,PRESTO,estado nutricional en menores de 5 anos,clasificacion c,2001-10-01,31,290,31,290,321
21201,PUCARANI,estado nutricional en menores de 5 anos,clasificacion c,2001-10-01,52,152,52,152,204
20401,PUERTO ACOSTA,estado nutricional en menores de 5 anos,clasificacion c,2001-10-01,156,193,156,193,349
20403,PUERTO CARABUCO,estado nutricional en menores de 5 anos,clasificacion c,2001-10-01,173,104,173,104,277
90301,PUERTO GONZALO MORENO,estado nutricional en menores de 5 anos,clasificacion c,2001-10-01,8,42,8,42,50
21204,PUERTO PEREZ,estado nutricional en menores de 5 anos,clasificacion c,2001-10-01,13,78,13,78,91
71402,PUERTO QUIJARRO,estado nutricional en menores de 5 anos,clasificacion c,2001-10-01,159,40,159,40,199
90201,PUERTO RICO,estado nutricional en menores de 5 anos,clasificacion c,2001-10-01,3,48,3,48,51
80703,PUERTO SILES,estado nutricional en menores de 5 anos,clasificacion c,2001-10-01,7,7,7,7,14
71401,PUERTO SUAREZ,estado nutricional en menores de 5 anos,clasificacion c,2001-10-01,223,48,223,48,271
31205,PUERTO VILLARROEL,estado nutricional en menores de 5 anos,clasificacion c,2001-10-01,387,278,387,278,665
51101,PUNA,estado nutricional en menores de 5 anos,clasificacion c,2001-10-01,66,356,66,356,422
31401,PUNATA,estado nutricional en menores de 5 anos,clasificacion c,2001-10-01,246,174,246,174,420
20604,QUIABAYA,estado nutricional en menores de 5 anos,clasificacion c,2001-10-01,7,59,7,59,66
30901,QUILLACOLLO,estado nutricional en menores de 5 anos,clasificacion c,2001-10-01,90,85,90,85,175
21002,QUIME,estado nutricional en menores de 5 anos,clasificacion c,2001-10-01,56,80,56,80,136
70904,QUIRUSILLAS,estado nutricional en menores de 5 anos,clasificacion c,2001-10-01,10,11,10,11,21
50402,RAVELO,estado nutricional en menores de 5 anos,clasificacion c,2001-10-01,26,357,26,357,383
80301,REYES,estado nutricional en menores de 5 anos,clasificacion c,2001-10-01,91,109,91,109,200
80201,RIBERALTA,estado nutricional en menores de 5 anos,clasificacion c,2001-10-01,530,1008,530,1008,1538
70503,ROBORE,estado nutricional en menores de 5 anos,clasificacion c,2001-10-01,34,214,34,214,248
80304,RURRENABAQUE,estado nutricional en menores de 5 anos,clasificacion c,2001-10-01,121,109,121,109,230
40901,SABAYA,estado nutricional en menores de 5 anos,clasificacion c,2001-10-01,0,15,0,15,15
31001,SACABA,estado nutricional en menores de 5 anos,clasificacion c,2001-10-01,337,113,337,113,450
30404,SACABAMBA,estado nutricional en menores de 5 anos,clasificacion c,2001-10-01,15,140,15,140,155
50701,SACACA,estado nutricional en menores de 5 anos,clasificacion c,2001-10-01,6,140,6,140,146
71302,SAIPINA,estado nutricional en menores de 5 anos,clasificacion c,2001-10-01,39,37,39,37,76
40801,SALINAS DE GARCI MENDOZA,estado nutricional en menores de 5 anos,clasificacion c,2001-10-01,33,38,33,38,71
70901,SAMAIPATA,estado nutricional en menores de 5 anos,clasificacion c,2001-10-01,125,41,125,41,166
51601,SAN AGUSTIN,estado nutricional en menores de 5 anos,clasificacion c,2001-10-01,5,62,5,62,67
80602,SAN ANDRES,estado nutricional en menores de 5 anos,clasificacion c,2001-10-01,8,106,8,106,114
51003,SAN ANTONIO DE ESMORUCO,estado nutricional en menores de 5 anos,clasificacion c,2001-10-01,2,8,2,8,10
71105,SAN ANTONIO DE LOMERIO,estado nutricional en menores de 5 anos,clasificacion c,2001-10-01,144,164,144,164,308
31403,SAN BENITO,estado nutricional en menores de 5 anos,clasificacion c,2001-10-01,8,68,8,68,76
80302,SAN BORJA,estado nutricional en menores de 5 anos,clasificacion c,2001-10-01,335,134,335,134,469
21502,SAN BUENA VENTURA,estado nutricional en menores de 5 anos,clasificacion c,2001-10-01,113,106,113,106,219
70402,SAN CARLOS,estado nutricional en menores de 5 anos,clasificacion c,2001-10-01,20,157,20,157,177
80501,SAN IGNACIO,estado nutricional en menores de 5 anos,clasificacion c,2001-10-01,69,294,69,294,363
70301,SAN IGNACIO DE VELASCO,estado nutricional en menores de 5 anos,clasificacion c,2001-10-01,597,567,597,567,1164
80102,SAN JAVIER(BNI),estado nutricional en menores de 5 anos,clasificacion c,2001-10-01,4,102,4,102,106
71102,SAN JAVIER(STC),estado nutricional en menores de 5 anos,clasificacion c,2001-10-01,155,112,155,112,267
80701,SAN JOAQUIN,estado nutricional en menores de 5 anos,clasificacion c,2001-10-01,8,87,8,87,95
70501,SAN JOSE DE CHIQUITOS,estado nutricional en menores de 5 anos,clasificacion c,2001-10-01,154,41,154,41,195
71104,SAN JULIAN,estado nutricional en menores de 5 anos,clasificacion c,2001-10-01,265,583,265,583,848
90302,SAN LORENZO(PND),estado nutricional en menores de 5 anos,clasificacion c,2001-10-01,8,72,8,72,80
60501,SAN LORENZO(TJA),estado nutricional en menores de 5 anos,clasificacion c,2001-10-01,2,49,2,49,51
10702,SAN LUCAS,estado nutricional en menores de 5 anos,clasificacion c,2001-10-01,87,1074,87,1074,1161
71201,SAN MATIAS,estado nutricional en menores de 5 anos,clasificacion c,2001-10-01,130,103,130,103,233
70302,SAN MIGUEL DE VELASCO,estado nutricional en menores de 5 anos,clasificacion c,2001-10-01,83,158,83,158,241
51001,SAN PABLO DE LIPEZ,estado nutricional en menores de 5 anos,clasificacion c,2001-10-01,2,34,2,34,36
50501,SAN PEDRO DE BUENA VISTA,estado nutricional en menores de 5 anos,clasificacion c,2001-10-01,13,200,13,200,213
21801,SAN PEDRO DE CURAHUARA,estado nutricional en menores de 5 anos,clasificacion c,2001-10-01,25,58,25,58,83
50902,SAN PEDRO DE QUEMES,estado nutricional en menores de 5 anos,clasificacion c,2001-10-01,1,10,1,10,11
21702,SAN PEDRO DE TIQUINA,estado nutricional en menores de 5 anos,clasificacion c,2001-10-01,7,121,7,121,128
90202,SAN PEDRO(PND),estado nutricional en menores de 5 anos,clasificacion c,2001-10-01,6,9,6,9,15
70303,SAN RAFAEL,estado nutricional en menores de 5 anos,clasificacion c,2001-10-01,89,46,89,46,135
80702,SAN RAMON,estado nutricional en menores de 5 anos,clasificacion c,2001-10-01,6,153,6,153,159
80401,SANTA ANA,estado nutricional en menores de 5 anos,clasificacion c,2001-10-01,101,240,101,240,341
70101,SANTA CRUZ DE LA SIERRA,estado nutricional en menores de 5 anos,clasificacion c,2001-10-01,2101,2252,2101,2252,4353
80303,SANTA ROSA,estado nutricional en menores de 5 anos,clasificacion c,2001-10-01,76,38,76,38,114
70602,SANTA ROSA DEL SARA,estado nutricional en menores de 5 anos,clasificacion c,2001-10-01,58,67,58,67,125
20308,SANTIAGO DE CALLAPA,estado nutricional en menores de 5 anos,clasificacion c,2001-10-01,3,50,3,50,53
41401,SANTIAGO DE HUARI,estado nutricional en menores de 5 anos,clasificacion c,2001-10-01,42,33,42,33,75
21901,SANTIAGO DE MACHACA,estado nutricional en menores de 5 anos,clasificacion c,2001-10-01,38,31,38,31,69
30702,SANTIVAÃ‘ES,estado nutricional en menores de 5 anos,clasificacion c,2001-10-01,97,105,97,105,202
40202,SANTUARIO DE QUILLACAS,estado nutricional en menores de 5 anos,clasificacion c,2001-10-01,5,62,5,62,67
20902,SAPAHAQUI,estado nutricional en menores de 5 anos,clasificacion c,2001-10-01,22,65,22,65,87
90303,SENA,estado nutricional en menores de 5 anos,clasificacion c,2001-10-01,1,18,1,18,19
21301,SICA SICA (VILLA AROMA),estado nutricional en menores de 5 anos,clasificacion c,2001-10-01,62,90,62,90,152
30703,SICAYA,estado nutricional en menores de 5 anos,clasificacion c,2001-10-01,3,29,3,29,32
30902,SIPE SIPE,estado nutricional en menores de 5 anos,clasificacion c,2001-10-01,348,208,348,208,556
10403,SOPACHUY,estado nutricional en menores de 5 anos,clasificacion c,2001-10-01,23,138,23,138,161
20601,SORATA,estado nutricional en menores de 5 anos,clasificacion c,2001-10-01,18,243,18,243,261
10101,SUCRE,estado nutricional en menores de 5 anos,clasificacion c,2001-10-01,336,3654,336,3654,3990
31404,TACACHI,estado nutricional en menores de 5 anos,clasificacion c,2001-10-01,1,29,1,29,30
20603,TACACOMA,estado nutricional en menores de 5 anos,clasificacion c,2001-10-01,27,105,27,105,132
50303,TACOBAMBA,estado nutricional en menores de 5 anos,clasificacion c,2001-10-01,19,215,19,215,234
30602,TACOPAYA,estado nutricional en menores de 5 anos,clasificacion c,2001-10-01,21,105,21,105,126
51402,TAHUA,estado nutricional en menores de 5 anos,clasificacion c,2001-10-01,0,24,0,24,24
31101,TAPACARI,estado nutricional en menores de 5 anos,clasificacion c,2001-10-01,16,221,16,221,237
10601,TARABUCO,estado nutricional en menores de 5 anos,clasificacion c,2001-10-01,88,1151,88,1151,1239
30401,TARATA,estado nutricional en menores de 5 anos,clasificacion c,2001-10-01,17,127,17,127,144
60101,TARIJA,estado nutricional en menores de 5 anos,clasificacion c,2001-10-01,360,988,360,988,1348
10202,TARVITA,estado nutricional en menores de 5 anos,clasificacion c,2001-10-01,33,265,33,265,298
20803,TIAWANACU,estado nutricional en menores de 5 anos,clasificacion c,2001-10-01,100,44,100,44,144
50102,TINGUIPAYA,estado nutricional en menores de 5 anos,clasificacion c,2001-10-01,44,143,44,143,187
20606,TIPUANI,estado nutricional en menores de 5 anos,clasificacion c,2001-10-01,60,59,60,59,119
30903,TIQUIPAYA,estado nutricional en menores de 5 anos,clasificacion c,2001-10-01,1,44,1,44,45
31601,TIRAQUE (CBBA),estado nutricional en menores de 5 anos,clasificacion c,2001-10-01,175,258,175,258,433
21703,TITO YUPANQUI (PARQUIPUJIO),estado nutricional en menores de 5 anos,clasificacion c,2001-10-01,4,8,4,8,12
30802,TOCO,estado nutricional en menores de 5 anos,clasificacion c,2001-10-01,6,23,6,23,29
41502,TODOS SANTOS,estado nutricional en menores de 5 anos,clasificacion c,2001-10-01,0,7,0,7,7
30803,TOLATA,estado nutricional en menores de 5 anos,clasificacion c,2001-10-01,4,26,4,26,30
41001,TOLEDO,estado nutricional en menores de 5 anos,clasificacion c,2001-10-01,29,58,29,58,87
51202,TOMAVE,estado nutricional en menores de 5 anos,clasificacion c,2001-10-01,27,233,27,233,260
10402,TOMINA,estado nutricional en menores de 5 anos,clasificacion c,2001-10-01,15,415,15,415,430
50502,TORO TORO,estado nutricional en menores de 5 anos,clasificacion c,2001-10-01,9,44,9,44,53
31201,TOTORA(CBBA),estado nutricional en menores de 5 anos,clasificacion c,2001-10-01,93,109,93,109,202
41301,TOTORA(ORR),estado nutricional en menores de 5 anos,clasificacion c,2001-10-01,11,48,11,48,59
70802,TRIGAL,estado nutricional en menores de 5 anos,clasificacion c,2001-10-01,17,18,17,18,35
80101,TRINIDAD,estado nutricional en menores de 5 anos,clasificacion c,2001-10-01,125,672,125,672,797
50801,TUPIZA,estado nutricional en menores de 5 anos,clasificacion c,2001-10-01,79,886,79,886,965
40402,TURCO,estado nutricional en menores de 5 anos,clasificacion c,2001-10-01,33,34,33,34,67
21302,UMALA,estado nutricional en menores de 5 anos,clasificacion c,2001-10-01,3,107,3,107,110
50201,UNCIA,estado nutricional en menores de 5 anos,clasificacion c,2001-10-01,7,139,7,139,146
60401,URIONDO (A. CONCEPCION),estado nutricional en menores de 5 anos,clasificacion c,2001-10-01,17,139,17,139,156
71502,URUBICHA,estado nutricional en menores de 5 anos,clasificacion c,2001-10-01,118,157,118,157,275
51201,UYUNI,estado nutricional en menores de 5 anos,clasificacion c,2001-10-01,27,436,27,436,463
30502,VACAS,estado nutricional en menores de 5 anos,clasificacion c,2001-10-01,10,29,10,29,39
70801,VALLEGRANDE,estado nutricional en menores de 5 anos,clasificacion c,2001-10-01,174,227,174,227,401
20801,VIACHA,estado nutricional en menores de 5 anos,clasificacion c,2001-10-01,57,551,57,551,608
31302,VILA VILA,estado nutricional en menores de 5 anos,clasificacion c,2001-10-01,0,59,0,59,59
60303,VILLA MONTES,estado nutricional en menores de 5 anos,clasificacion c,2001-10-01,174,139,174,139,313
90502,VILLA NUEVA (LOMA ALTA),estado nutricional en menores de 5 anos,clasificacion c,2001-10-01,0,4,0,4,4
31402,VILLA RIVERO,estado nutricional en menores de 5 anos,clasificacion c,2001-10-01,4,54,4,54,58
10801,VILLA SERRANO,estado nutricional en menores de 5 anos,clasificacion c,2001-10-01,38,620,38,620,658
31003,VILLA TUNARI,estado nutricional en menores de 5 anos,clasificacion c,2001-10-01,332,388,332,388,720
11001,VILLA VACA GUZMAN (MUYUPAMPA),estado nutricional en menores de 5 anos,clasificacion c,2001-10-01,51,498,51,498,549
51501,VILLAZON,estado nutricional en menores de 5 anos,clasificacion c,2001-10-01,46,677,46,677,723
30904,VINTO,estado nutricional en menores de 5 anos,clasificacion c,2001-10-01,229,35,229,35,264
50602,VITICHI,estado nutricional en menores de 5 anos,clasificacion c,2001-10-01,13,286,13,286,299
70201,WARNES,estado nutricional en menores de 5 anos,clasificacion c,2001-10-01,352,376,352,376,728
20903,YACO,estado nutricional en menores de 5 anos,clasificacion c,2001-10-01,2,60,2,60,62
60301,YACUIBA,estado nutricional en menores de 5 anos,clasificacion c,2001-10-01,440,95,440,95,535
10602,YAMPARAEZ,estado nutricional en menores de 5 anos,clasificacion c,2001-10-01,37,708,37,708,745
21103,YANACACHI,estado nutricional en menores de 5 anos,clasificacion c,2001-10-01,31,25,31,25,56
70403,YAPACANI,estado nutricional en menores de 5 anos,clasificacion c,2001-10-01,275,381,275,381,656
50103,YOCALLA,estado nutricional en menores de 5 anos,clasificacion c,2001-10-01,15,155,15,155,170
10102,YOTALA,estado nutricional en menores de 5 anos,clasificacion c,2001-10-01,20,472,20,472,492
60402,YUNCHARA,estado nutricional en menores de 5 anos,clasificacion c,2001-10-01,15,26,15,26,41
10301,ZUDAÃ‘EZ,estado nutricional en menores de 5 anos,clasificacion c,2001-10-01,26,372,26,372,398
51302,ACACIO,estado nutricional en menores de 5 anos,clasificacion c,2001-11-01,18,223,18,223,241
20201,ACHACACHI,estado nutricional en menores de 5 anos,clasificacion c,2001-11-01,136,1311,136,1311,1447
20104,ACHOCALLA,estado nutricional en menores de 5 anos,clasificacion c,2001-11-01,46,52,46,52,98
30201,AIQUILE,estado nutricional en menores de 5 anos,clasificacion c,2001-11-01,3,5,3,5,8
31303,ALALAY,estado nutricional en menores de 5 anos,clasificacion c,2001-11-01,25,28,25,28,53
10404,ALCALA,estado nutricional en menores de 5 anos,clasificacion c,2001-11-01,10,140,10,140,150
20202,ANCORAIMES,estado nutricional en menores de 5 anos,clasificacion c,2001-11-01,18,285,18,285,303
41201,ANDAMARCA,estado nutricional en menores de 5 anos,clasificacion c,2001-11-01,28,18,28,18,46
40603,ANTEQUERA,estado nutricional en menores de 5 anos,clasificacion c,2001-11-01,0,2,0,2,2
30402,ANZALDO,estado nutricional en menores de 5 anos,clasificacion c,2001-11-01,20,112,20,112,132
20701,APOLO,estado nutricional en menores de 5 anos,clasificacion c,2001-11-01,39,13,39,13,52
51301,ARAMPAMPA,estado nutricional en menores de 5 anos,clasificacion c,2001-11-01,4,141,4,141,145
30501,ARANI,estado nutricional en menores de 5 anos,clasificacion c,2001-11-01,29,206,29,206,235
30403,ARBIETO,estado nutricional en menores de 5 anos,clasificacion c,2001-11-01,2,50,2,50,52
30601,ARQUE,estado nutricional en menores de 5 anos,clasificacion c,2001-11-01,85,88,85,88,173
71501,ASCENCION DE GUARAYOS,estado nutricional en menores de 5 anos,clasificacion c,2001-11-01,0,52,0,52,52
50802,ATOCHA,estado nutricional en menores de 5 anos,clasificacion c,2001-11-01,14,174,14,174,188
20503,AUCAPATA,estado nutricional en menores de 5 anos,clasificacion c,2001-11-01,15,0,15,0,15
20502,AYATA,estado nutricional en menores de 5 anos,clasificacion c,2001-11-01,12,42,12,42,54
21303,AYO AYO,estado nutricional en menores de 5 anos,clasificacion c,2001-11-01,86,37,86,37,123
30301,AYOPAYA (V. DE INDEPENDENCIA),estado nutricional en menores de 5 anos,clasificacion c,2001-11-01,215,276,215,276,491
10201,AZURDUY,estado nutricional en menores de 5 anos,clasificacion c,2001-11-01,14,223,14,223,237
21203,BATALLAS,estado nutricional en menores de 5 anos,clasificacion c,2001-11-01,29,428,29,428,457
80802,BAURES,estado nutricional en menores de 5 anos,clasificacion c,2001-11-01,34,46,34,46,80
41202,BELEN DE ANDAMARCA,estado nutricional en menores de 5 anos,clasificacion c,2001-11-01,8,7,8,7,15
50104,BELEN DE URMIRI,estado nutricional en menores de 5 anos,clasificacion c,2001-11-01,5,47,5,47,52
90104,BELLA FLOR,estado nutricional en menores de 5 anos,clasificacion c,2001-11-01,80,127,80,127,207
60202,BERMEJO,estado nutricional en menores de 5 anos,clasificacion c,2001-11-01,28,80,28,80,108
50301,BETANZOS,estado nutricional en menores de 5 anos,clasificacion c,2001-11-01,69,764,69,764,833
31501,BOLIVAR,estado nutricional en menores de 5 anos,clasificacion c,2001-11-01,62,70,62,70,132
90103,BOLPEBRA,estado nutricional en menores de 5 anos,clasificacion c,2001-11-01,4,45,4,45,49
70707,BOYUIBE,estado nutricional en menores de 5 anos,clasificacion c,2001-11-01,10,97,10,97,107
70401,BUENA VISTA,estado nutricional en menores de 5 anos,clasificacion c,2001-11-01,204,204,204,204,408
70703,CABEZAS,estado nutricional en menores de 5 anos,clasificacion c,2001-11-01,33,302,33,302,335
20905,CAIROMA,estado nutricional en menores de 5 anos,clasificacion c,2001-11-01,3,29,3,29,32
51102,"CAIZA ""D""",estado nutricional en menores de 5 anos,clasificacion c,2001-11-01,27,53,27,53,80
21003,CAJUATA,estado nutricional en menores de 5 anos,clasificacion c,2001-11-01,29,14,29,14,43
20303,CALACOTO,estado nutricional en menores de 5 anos,clasificacion c,2001-11-01,10,7,10,7,17
21304,CALAMARCA,estado nutricional en menores de 5 anos,clasificacion c,2001-11-01,10,132,10,132,142
10701,CAMARGO,estado nutricional en menores de 5 anos,clasificacion c,2001-11-01,33,295,33,295,328
10901,CAMATAQUI (C. VILLA ABECIA),estado nutricional en menores de 5 anos,clasificacion c,2001-11-01,5,143,5,143,148
70706,CAMIRI,estado nutricional en menores de 5 anos,clasificacion c,2001-11-01,172,216,172,216,388
30701,CAPINOTA,estado nutricional en menores de 5 anos,clasificacion c,2001-11-01,142,88,142,88,230
20302,CAQUIAVIRI,estado nutricional en menores de 5 anos,clasificacion c,2001-11-01,68,60,68,60,128
40102,CARACOLLO,estado nutricional en menores de 5 anos,clasificacion c,2001-11-01,73,170,73,170,243
22001,CARANAVI,estado nutricional en menores de 5 anos,clasificacion c,2001-11-01,271,725,271,725,996
41503,CARANGAS,estado nutricional en menores de 5 anos,clasificacion c,2001-11-01,0,1,0,1,1
60302,CARAPARI,estado nutricional en menores de 5 anos,clasificacion c,2001-11-01,48,144,48,144,192
50702,CARIPUYO,estado nutricional en menores de 5 anos,clasificacion c,2001-11-01,40,209,40,209,249
21902,CATACORA,estado nutricional en menores de 5 anos,clasificacion c,2001-11-01,1,7,1,7,8
21803,CHACARILLA,estado nutricional en menores de 5 anos,clasificacion c,2001-11-01,3,15,3,15,18
40201,CHALLAPATA,estado nutricional en menores de 5 anos,clasificacion c,2001-11-01,68,81,68,81,149
50302,CHAQUI,estado nutricional en menores de 5 anos,clasificacion c,2001-11-01,16,159,16,159,175
70702,CHARAGUA,estado nutricional en menores de 5 anos,clasificacion c,2001-11-01,34,624,34,624,658
20305,CHARAÃ‘A,estado nutricional en menores de 5 anos,clasificacion c,2001-11-01,1,27,1,27,28
50202,CHAYANTA,estado nutricional en menores de 5 anos,clasificacion c,2001-11-01,10,175,10,175,185
31204,CHIMORE,estado nutricional en menores de 5 anos,clasificacion c,2001-11-01,44,150,44,150,194
40903,CHIPAYA,estado nutricional en menores de 5 anos,clasificacion c,2001-11-01,1,16,1,16,17
40302,CHOQUE COTA,estado nutricional en menores de 5 anos,clasificacion c,2001-11-01,0,14,0,14,14
21101,CHULUMANI (V. DE LA LIBERTAD),estado nutricional en menores de 5 anos,clasificacion c,2001-11-01,1,41,1,41,42
20501,CHUMA,estado nutricional en menores de 5 anos,clasificacion c,2001-11-01,35,21,35,21,56
30801,CLIZA,estado nutricional en menores de 5 anos,clasificacion c,2001-11-01,15,98,15,98,113
90101,COBIJA,estado nutricional en menores de 5 anos,clasificacion c,2001-11-01,270,247,270,247,517
30101,COCHABAMBA,estado nutricional en menores de 5 anos,clasificacion c,2001-11-01,1319,1280,1319,1280,2599
30905,COLCAPIRHUA,estado nutricional en menores de 5 anos,clasificacion c,2001-11-01,231,234,231,234,465
50901,"COLCHA ""K""",estado nutricional en menores de 5 anos,clasificacion c,2001-11-01,30,314,30,314,344
21307,COLLANA,estado nutricional en menores de 5 anos,clasificacion c,2001-11-01,9,0,9,0,9
31002,COLOMI,estado nutricional en menores de 5 anos,clasificacion c,2001-11-01,171,216,171,216,387
70603,COLPA BELGICA,estado nutricional en menores de 5 anos,clasificacion c,2001-11-01,51,13,51,13,64
50401,COLQUECHACA,estado nutricional en menores de 5 anos,clasificacion c,2001-11-01,34,186,34,186,220
21306,COLQUENCHA,estado nutricional en menores de 5 anos,clasificacion c,2001-11-01,59,77,59,77,136
21004,COLQUIRI,estado nutricional en menores de 5 anos,clasificacion c,2001-11-01,96,92,96,92,188
20304,COMANCHE,estado nutricional en menores de 5 anos,clasificacion c,2001-11-01,11,44,11,44,55
71301,COMARAPA,estado nutricional en menores de 5 anos,clasificacion c,2001-11-01,141,197,141,197,338
20605,COMBAYA,estado nutricional en menores de 5 anos,clasificacion c,2001-11-01,8,45,8,45,53
71101,CONCEPCION,estado nutricional en menores de 5 anos,clasificacion c,2001-11-01,35,42,35,42,77
21701,COPACABANA,estado nutricional en menores de 5 anos,clasificacion c,2001-11-01,102,232,102,232,334
21402,CORIPATA,estado nutricional en menores de 5 anos,clasificacion c,2001-11-01,8,49,8,49,57
21401,COROICO,estado nutricional en menores de 5 anos,clasificacion c,2001-11-01,114,52,114,52,166
40301,CORQUE,estado nutricional en menores de 5 anos,clasificacion c,2001-11-01,38,25,38,25,63
50601,COTAGAITA,estado nutricional en menores de 5 anos,clasificacion c,2001-11-01,18,414,18,414,432
70102,COTOCA,estado nutricional en menores de 5 anos,clasificacion c,2001-11-01,39,266,39,266,305
70704,CUEVO,estado nutricional en menores de 5 anos,clasificacion c,2001-11-01,37,103,37,103,140
10902,CULPINA,estado nutricional en menores de 5 anos,clasificacion c,2001-11-01,42,583,42,583,625
40401,CURAHUARA DE CARANGAS,estado nutricional en menores de 5 anos,clasificacion c,2001-11-01,57,23,57,23,80
20804,DESAGUADERO,estado nutricional en menores de 5 anos,clasificacion c,2001-11-01,4,78,4,78,82
20105,EL ALTO,estado nutricional en menores de 5 anos,clasificacion c,2001-11-01,3936,3724,3936,3724,7660
40103,EL CHORO,estado nutricional en menores de 5 anos,clasificacion c,2001-11-01,14,12,14,12,26
71503,EL PUENTE(STC),estado nutricional en menores de 5 anos,clasificacion c,2001-11-01,29,183,29,183,212
60502,EL PUENTE(TJA),estado nutricional en menores de 5 anos,clasificacion c,2001-11-01,15,70,15,70,85
70105,EL TORNO,estado nutricional en menores de 5 anos,clasificacion c,2001-11-01,47,411,47,411,458
10405,EL VILLAR,estado nutricional en menores de 5 anos,clasificacion c,2001-11-01,18,250,18,250,268
60601,ENTRE RIOS,estado nutricional en menores de 5 anos,clasificacion c,2001-11-01,147,318,147,318,465
41101,EUCALIPTUS,estado nutricional en menores de 5 anos,clasificacion c,2001-11-01,9,117,9,117,126
90503,EUREKA (SANTOS MERCADO),estado nutricional en menores de 5 anos,clasificacion c,2001-11-01,0,6,0,6,6
80402,EXALTACION,estado nutricional en menores de 5 anos,clasificacion c,2001-11-01,2,21,2,21,23
90203,FILADELFIA,estado nutricional en menores de 5 anos,clasificacion c,2001-11-01,0,19,0,19,19
71002,GENERAL SAAVEDRA,estado nutricional en menores de 5 anos,clasificacion c,2001-11-01,11,608,11,608,619
21601,GRAL. J.J. PEREZ (CHARAZANI),estado nutricional en menores de 5 anos,clasificacion c,2001-11-01,22,64,22,64,86
20602,GUANAY,estado nutricional en menores de 5 anos,clasificacion c,2001-11-01,69,245,69,245,314
20802,GUAQUI,estado nutricional en menores de 5 anos,clasificacion c,2001-11-01,2,50,2,50,52
80202,GUAYARAMERIN,estado nutricional en menores de 5 anos,clasificacion c,2001-11-01,392,223,392,223,615
70705,GUTIERREZ,estado nutricional en menores de 5 anos,clasificacion c,2001-11-01,73,322,73,322,395
10502,HUACARETA,estado nutricional en menores de 5 anos,clasificacion c,2001-11-01,13,456,13,456,469
11002,HUACAYA (VILLA DE HUACAYA),estado nutricional en menores de 5 anos,clasificacion c,2001-11-01,0,57,0,57,57
40501,HUACHACALLA,estado nutricional en menores de 5 anos,clasificacion c,2001-11-01,3,5,3,5,8
40701,HUANUNI,estado nutricional en menores de 5 anos,clasificacion c,2001-11-01,17,11,17,11,28
80803,HUARACAJE,estado nutricional en menores de 5 anos,clasificacion c,2001-11-01,25,31,25,31,56
41601,HUAYLLAMARCA,estado nutricional en menores de 5 anos,clasificacion c,2001-11-01,22,78,22,78,100
21005,ICHOCA,estado nutricional en menores de 5 anos,clasificacion c,2001-11-01,0,38,0,38,38
10304,ICLA,estado nutricional en menores de 5 anos,clasificacion c,2001-11-01,204,338,204,338,542
10703,INCAHUASI,estado nutricional en menores de 5 anos,clasificacion c,2001-11-01,50,332,50,332,382
90402,INGAVI (HUMAITA),estado nutricional en menores de 5 anos,clasificacion c,2001-11-01,0,2,0,2,2
21001,INQUISIVI,estado nutricional en menores de 5 anos,clasificacion c,2001-11-01,5,147,5,147,152
21102,IRUPANA (VILLA DE LANZA),estado nutricional en menores de 5 anos,clasificacion c,2001-11-01,36,283,36,283,319
21501,IXIAMAS,estado nutricional en menores de 5 anos,clasificacion c,2001-11-01,90,97,90,97,187
21105,LA ASUNTA,estado nutricional en menores de 5 anos,clasificacion c,2001-11-01,101,255,101,255,356
70104,LA GUARDIA,estado nutricional en menores de 5 anos,clasificacion c,2001-11-01,45,722,45,722,767
20101,LA PAZ,estado nutricional en menores de 5 anos,clasificacion c,2001-11-01,2765,3425,2765,3425,6190
41501,LA RIVERA,estado nutricional en menores de 5 anos,clasificacion c,2001-11-01,1,3,1,3,4
70701,LAGUNILLAS,estado nutricional en menores de 5 anos,clasificacion c,2001-11-01,83,148,83,148,231
21202,LAJA,estado nutricional en menores de 5 anos,clasificacion c,2001-11-01,12,188,12,188,200
10903,LAS CARRERAS,estado nutricional en menores de 5 anos,clasificacion c,2001-11-01,6,166,6,166,172
50203,LLALLAGUA,estado nutricional en menores de 5 anos,clasificacion c,2001-11-01,55,351,55,351,406
51401,LLICA,estado nutricional en menores de 5 anos,clasificacion c,2001-11-01,14,199,14,199,213
80601,LORETO,estado nutricional en menores de 5 anos,clasificacion c,2001-11-01,3,65,3,65,68
20901,LURIBAY,estado nutricional en menores de 5 anos,clasificacion c,2001-11-01,5,212,5,212,217
40702,MACHACAMARCA,estado nutricional en menores de 5 anos,clasificacion c,2001-11-01,23,31,23,31,54
11003,MACHARETI,estado nutricional en menores de 5 anos,clasificacion c,2001-11-01,30,519,30,519,549
80801,MAGDALENA,estado nutricional en menores de 5 anos,clasificacion c,2001-11-01,45,64,45,64,109
70903,MAIRANA,estado nutricional en menores de 5 anos,clasificacion c,2001-11-01,66,90,66,90,156
20103,MECAPACA,estado nutricional en menores de 5 anos,clasificacion c,2001-11-01,17,109,17,109,126
71003,MINEROS,estado nutricional en menores de 5 anos,clasificacion c,2001-11-01,52,856,52,856,908
31301,MIZQUE,estado nutricional en menores de 5 anos,clasificacion c,2001-11-01,50,205,50,205,255
20402,MOCOMOCO,estado nutricional en menores de 5 anos,clasificacion c,2001-11-01,130,149,130,149,279
51002,MOJINETE,estado nutricional en menores de 5 anos,clasificacion c,2001-11-01,11,15,11,15,26
10303,MOJOCOYA,estado nutricional en menores de 5 anos,clasificacion c,2001-11-01,12,189,12,189,201
10501,MONTEAGUDO,estado nutricional en menores de 5 anos,clasificacion c,2001-11-01,55,704,55,704,759
71001,MONTERO,estado nutricional en menores de 5 anos,clasificacion c,2001-11-01,137,1840,137,1840,1977
70803,MORO MORO,estado nutricional en menores de 5 anos,clasificacion c,2001-11-01,54,22,54,22,76
30302,MOROCHATA,estado nutricional en menores de 5 anos,clasificacion c,2001-11-01,72,94,72,94,166
90401,NACEBE (SANTA ROSA DEL ABUNA),estado nutricional en menores de 5 anos,clasificacion c,2001-11-01,8,45,8,45,53
20307,NAZACARA DE PACAJES,estado nutricional en menores de 5 anos,clasificacion c,2001-11-01,3,13,3,13,16
50404,OCURI,estado nutricional en menores de 5 anos,clasificacion c,2001-11-01,66,227,66,227,293
70202,OKINAWA,estado nutricional en menores de 5 anos,clasificacion c,2001-11-01,50,114,50,114,164
30203,OMEREQUE,estado nutricional en menores de 5 anos,clasificacion c,2001-11-01,35,47,35,47,82
40101,ORURO,estado nutricional en menores de 5 anos,clasificacion c,2001-11-01,169,2339,169,2339,2508
60201,PADCAYA,estado nutricional en menores de 5 anos,clasificacion c,2001-11-01,79,187,79,187,266
10401,PADILLA,estado nutricional en menores de 5 anos,clasificacion c,2001-11-01,30,621,30,621,651
70502,PAILON,estado nutricional en menores de 5 anos,clasificacion c,2001-11-01,30,172,30,172,202
20102,PALCA,estado nutricional en menores de 5 anos,clasificacion c,2001-11-01,144,92,144,92,236
21104,PALOS BLANCOS,estado nutricional en menores de 5 anos,clasificacion c,2001-11-01,198,358,198,358,556
40802,PAMPA AULLAGAS,estado nutricional en menores de 5 anos,clasificacion c,2001-11-01,49,26,49,26,75
70902,PAMPA GRANDE,estado nutricional en menores de 5 anos,clasificacion c,2001-11-01,40,59,40,59,99
21802,PAPEL PAMPA,estado nutricional en menores de 5 anos,clasificacion c,2001-11-01,85,115,85,115,200
30202,PASORAPA,estado nutricional en menores de 5 anos,clasificacion c,2001-11-01,7,23,7,23,30
21305,PATACAMAYA,estado nutricional en menores de 5 anos,clasificacion c,2001-11-01,70,66,70,66,136
40602,PAZÃ‘A,estado nutricional en menores de 5 anos,clasificacion c,2001-11-01,7,53,7,53,60
20702,PELECHUCO,estado nutricional en menores de 5 anos,clasificacion c,2001-11-01,9,19,9,19,28
50403,POCOATA,estado nutricional en menores de 5 anos,clasificacion c,2001-11-01,81,289,81,289,370
31203,POCONA,estado nutricional en menores de 5 anos,clasificacion c,2001-11-01,40,41,40,41,81
31202,POJO (CBBA),estado nutricional en menores de 5 anos,clasificacion c,2001-11-01,216,377,216,377,593
40601,POOPO,estado nutricional en menores de 5 anos,clasificacion c,2001-11-01,1,48,1,48,49
51203,PORCO,estado nutricional en menores de 5 anos,clasificacion c,2001-11-01,49,66,49,66,115
10103,POROMA,estado nutricional en menores de 5 anos,clasificacion c,2001-11-01,29,514,29,514,543
70103,PORONGO,estado nutricional en menores de 5 anos,clasificacion c,2001-11-01,10,123,10,123,133
70601,PORTACHUELO,estado nutricional en menores de 5 anos,clasificacion c,2001-11-01,143,136,143,136,279
90102,PORVENIR,estado nutricional en menores de 5 anos,clasificacion c,2001-11-01,3,150,3,150,153
50101,POTOSI,estado nutricional en menores de 5 anos,clasificacion c,2001-11-01,222,893,222,893,1115
70805,PUCARA,estado nutricional en menores de 5 anos,clasificacion c,2001-11-01,0,17,0,17,17
21201,PUCARANI,estado nutricional en menores de 5 anos,clasificacion c,2001-11-01,26,227,26,227,253
20401,PUERTO ACOSTA,estado nutricional en menores de 5 anos,clasificacion c,2001-11-01,217,146,217,146,363
20403,PUERTO CARABUCO,estado nutricional en menores de 5 anos,clasificacion c,2001-11-01,123,116,123,116,239
90301,PUERTO GONZALO MORENO,estado nutricional en menores de 5 anos,clasificacion c,2001-11-01,6,66,6,66,72
21204,PUERTO PEREZ,estado nutricional en menores de 5 anos,clasificacion c,2001-11-01,7,104,7,104,111
71402,PUERTO QUIJARRO,estado nutricional en menores de 5 anos,clasificacion c,2001-11-01,146,42,146,42,188
90201,PUERTO RICO,estado nutricional en menores de 5 anos,clasificacion c,2001-11-01,11,52,11,52,63
80703,PUERTO SILES,estado nutricional en menores de 5 anos,clasificacion c,2001-11-01,5,12,5,12,17
71401,PUERTO SUAREZ,estado nutricional en menores de 5 anos,clasificacion c,2001-11-01,186,54,186,54,240
31205,PUERTO VILLARROEL,estado nutricional en menores de 5 anos,clasificacion c,2001-11-01,311,189,311,189,500
51101,PUNA,estado nutricional en menores de 5 anos,clasificacion c,2001-11-01,39,218,39,218,257
31401,PUNATA,estado nutricional en menores de 5 anos,clasificacion c,2001-11-01,113,166,113,166,279
20604,QUIABAYA,estado nutricional en menores de 5 anos,clasificacion c,2001-11-01,6,72,6,72,78
30901,QUILLACOLLO,estado nutricional en menores de 5 anos,clasificacion c,2001-11-01,65,74,65,74,139
21002,QUIME,estado nutricional en menores de 5 anos,clasificacion c,2001-11-01,67,109,67,109,176
70904,QUIRUSILLAS,estado nutricional en menores de 5 anos,clasificacion c,2001-11-01,20,15,20,15,35
50402,RAVELO,estado nutricional en menores de 5 anos,clasificacion c,2001-11-01,25,291,25,291,316
80301,REYES,estado nutricional en menores de 5 anos,clasificacion c,2001-11-01,41,316,41,316,357
80201,RIBERALTA,estado nutricional en menores de 5 anos,clasificacion c,2001-11-01,746,331,746,331,1077
70503,ROBORE,estado nutricional en menores de 5 anos,clasificacion c,2001-11-01,21,200,21,200,221
80304,RURRENABAQUE,estado nutricional en menores de 5 anos,clasificacion c,2001-11-01,79,82,79,82,161
40901,SABAYA,estado nutricional en menores de 5 anos,clasificacion c,2001-11-01,2,19,2,19,21
31001,SACABA,estado nutricional en menores de 5 anos,clasificacion c,2001-11-01,117,230,117,230,347
30404,SACABAMBA,estado nutricional en menores de 5 anos,clasificacion c,2001-11-01,8,136,8,136,144
50701,SACACA,estado nutricional en menores de 5 anos,clasificacion c,2001-11-01,16,341,16,341,357
71302,SAIPINA,estado nutricional en menores de 5 anos,clasificacion c,2001-11-01,32,52,32,52,84
40801,SALINAS DE GARCI MENDOZA,estado nutricional en menores de 5 anos,clasificacion c,2001-11-01,20,32,20,32,52
70901,SAMAIPATA,estado nutricional en menores de 5 anos,clasificacion c,2001-11-01,90,40,90,40,130
51601,SAN AGUSTIN,estado nutricional en menores de 5 anos,clasificacion c,2001-11-01,7,52,7,52,59
80602,SAN ANDRES,estado nutricional en menores de 5 anos,clasificacion c,2001-11-01,7,112,7,112,119
51003,SAN ANTONIO DE ESMORUCO,estado nutricional en menores de 5 anos,clasificacion c,2001-11-01,6,48,6,48,54
71105,SAN ANTONIO DE LOMERIO,estado nutricional en menores de 5 anos,clasificacion c,2001-11-01,93,99,93,99,192
31403,SAN BENITO,estado nutricional en menores de 5 anos,clasificacion c,2001-11-01,25,216,25,216,241
80302,SAN BORJA,estado nutricional en menores de 5 anos,clasificacion c,2001-11-01,415,211,415,211,626
21502,SAN BUENA VENTURA,estado nutricional en menores de 5 anos,clasificacion c,2001-11-01,109,141,109,141,250
70402,SAN CARLOS,estado nutricional en menores de 5 anos,clasificacion c,2001-11-01,24,59,24,59,83
80501,SAN IGNACIO,estado nutricional en menores de 5 anos,clasificacion c,2001-11-01,67,337,67,337,404
70301,SAN IGNACIO DE VELASCO,estado nutricional en menores de 5 anos,clasificacion c,2001-11-01,460,263,460,263,723
80102,SAN JAVIER(BNI),estado nutricional en menores de 5 anos,clasificacion c,2001-11-01,2,150,2,150,152
71102,SAN JAVIER(STC),estado nutricional en menores de 5 anos,clasificacion c,2001-11-01,29,43,29,43,72
80701,SAN JOAQUIN,estado nutricional en menores de 5 anos,clasificacion c,2001-11-01,1,56,1,56,57
70501,SAN JOSE DE CHIQUITOS,estado nutricional en menores de 5 anos,clasificacion c,2001-11-01,100,58,100,58,158
71104,SAN JULIAN,estado nutricional en menores de 5 anos,clasificacion c,2001-11-01,244,529,244,529,773
90302,SAN LORENZO(PND),estado nutricional en menores de 5 anos,clasificacion c,2001-11-01,10,27,10,27,37
60501,SAN LORENZO(TJA),estado nutricional en menores de 5 anos,clasificacion c,2001-11-01,112,81,112,81,193
10702,SAN LUCAS,estado nutricional en menores de 5 anos,clasificacion c,2001-11-01,69,1073,69,1073,1142
71201,SAN MATIAS,estado nutricional en menores de 5 anos,clasificacion c,2001-11-01,90,60,90,60,150
70302,SAN MIGUEL DE VELASCO,estado nutricional en menores de 5 anos,clasificacion c,2001-11-01,92,145,92,145,237
51001,SAN PABLO DE LIPEZ,estado nutricional en menores de 5 anos,clasificacion c,2001-11-01,6,87,6,87,93
50501,SAN PEDRO DE BUENA VISTA,estado nutricional en menores de 5 anos,clasificacion c,2001-11-01,29,482,29,482,511
21801,SAN PEDRO DE CURAHUARA,estado nutricional en menores de 5 anos,clasificacion c,2001-11-01,4,90,4,90,94
50902,SAN PEDRO DE QUEMES,estado nutricional en menores de 5 anos,clasificacion c,2001-11-01,0,36,0,36,36
21702,SAN PEDRO DE TIQUINA,estado nutricional en menores de 5 anos,clasificacion c,2001-11-01,3,102,3,102,105
70303,SAN RAFAEL,estado nutricional en menores de 5 anos,clasificacion c,2001-11-01,81,57,81,57,138
80702,SAN RAMON,estado nutricional en menores de 5 anos,clasificacion c,2001-11-01,8,110,8,110,118
80702,SAN RAMON,estado nutricional en menores de 5 anos,clasificacion c,2001-11-01,150,99,150,99,249
80401,SANTA ANA,estado nutricional en menores de 5 anos,clasificacion c,2001-11-01,72,154,72,154,226
70101,SANTA CRUZ DE LA SIERRA,estado nutricional en menores de 5 anos,clasificacion c,2001-11-01,2494,2639,2494,2639,5133
80303,SANTA ROSA,estado nutricional en menores de 5 anos,clasificacion c,2001-11-01,83,35,83,35,118
70602,SANTA ROSA DEL SARA,estado nutricional en menores de 5 anos,clasificacion c,2001-11-01,21,92,21,92,113
20308,SANTIAGO DE CALLAPA,estado nutricional en menores de 5 anos,clasificacion c,2001-11-01,5,37,5,37,42
41401,SANTIAGO DE HUARI,estado nutricional en menores de 5 anos,clasificacion c,2001-11-01,33,25,33,25,58
21901,SANTIAGO DE MACHACA,estado nutricional en menores de 5 anos,clasificacion c,2001-11-01,20,10,20,10,30
30702,SANTIVAÃ‘ES,estado nutricional en menores de 5 anos,clasificacion c,2001-11-01,81,19,81,19,100
40202,SANTUARIO DE QUILLACAS,estado nutricional en menores de 5 anos,clasificacion c,2001-11-01,6,52,6,52,58
20902,SAPAHAQUI,estado nutricional en menores de 5 anos,clasificacion c,2001-11-01,8,71,8,71,79
90303,SENA,estado nutricional en menores de 5 anos,clasificacion c,2001-11-01,29,6,29,6,35
21301,SICA SICA (VILLA AROMA),estado nutricional en menores de 5 anos,clasificacion c,2001-11-01,101,43,101,43,144
30703,SICAYA,estado nutricional en menores de 5 anos,clasificacion c,2001-11-01,7,29,7,29,36
30902,SIPE SIPE,estado nutricional en menores de 5 anos,clasificacion c,2001-11-01,362,208,362,208,570
10403,SOPACHUY,estado nutricional en menores de 5 anos,clasificacion c,2001-11-01,40,176,40,176,216
20601,SORATA,estado nutricional en menores de 5 anos,clasificacion c,2001-11-01,39,453,39,453,492
10101,SUCRE,estado nutricional en menores de 5 anos,clasificacion c,2001-11-01,241,3699,241,3699,3940
31404,TACACHI,estado nutricional en menores de 5 anos,clasificacion c,2001-11-01,6,12,6,12,18
20603,TACACOMA,estado nutricional en menores de 5 anos,clasificacion c,2001-11-01,25,48,25,48,73
50303,TACOBAMBA,estado nutricional en menores de 5 anos,clasificacion c,2001-11-01,41,359,41,359,400
30602,TACOPAYA,estado nutricional en menores de 5 anos,clasificacion c,2001-11-01,5,106,5,106,111
51402,TAHUA,estado nutricional en menores de 5 anos,clasificacion c,2001-11-01,4,50,4,50,54
31101,TAPACARI,estado nutricional en menores de 5 anos,clasificacion c,2001-11-01,25,216,25,216,241
10601,TARABUCO,estado nutricional en menores de 5 anos,clasificacion c,2001-11-01,87,967,87,967,1054
30401,TARATA,estado nutricional en menores de 5 anos,clasificacion c,2001-11-01,25,129,25,129,154
60101,TARIJA,estado nutricional en menores de 5 anos,clasificacion c,2001-11-01,565,1775,565,1775,2340
10202,TARVITA,estado nutricional en menores de 5 anos,clasificacion c,2001-11-01,24,383,24,383,407
20803,TIAWANACU,estado nutricional en menores de 5 anos,clasificacion c,2001-11-01,59,74,59,74,133
50102,TINGUIPAYA,estado nutricional en menores de 5 anos,clasificacion c,2001-11-01,30,225,30,225,255
20606,TIPUANI,estado nutricional en menores de 5 anos,clasificacion c,2001-11-01,68,17,68,17,85
30903,TIQUIPAYA,estado nutricional en menores de 5 anos,clasificacion c,2001-11-01,8,143,8,143,151
31601,TIRAQUE (CBBA),estado nutricional en menores de 5 anos,clasificacion c,2001-11-01,133,229,133,229,362
21703,TITO YUPANQUI (PARQUIPUJIO),estado nutricional en menores de 5 anos,clasificacion c,2001-11-01,3,47,3,47,50
30802,TOCO,estado nutricional en menores de 5 anos,clasificacion c,2001-11-01,0,17,0,17,17
41502,TODOS SANTOS,estado nutricional en menores de 5 anos,clasificacion c,2001-11-01,1,1,1,1,2
30803,TOLATA,estado nutricional en menores de 5 anos,clasificacion c,2001-11-01,6,16,6,16,22
41001,TOLEDO,estado nutricional en menores de 5 anos,clasificacion c,2001-11-01,19,44,19,44,63
51202,TOMAVE,estado nutricional en menores de 5 anos,clasificacion c,2001-11-01,16,261,16,261,277
10402,TOMINA,estado nutricional en menores de 5 anos,clasificacion c,2001-11-01,27,457,27,457,484
50502,TORO TORO,estado nutricional en menores de 5 anos,clasificacion c,2001-11-01,18,149,18,149,167
31201,TOTORA(CBBA),estado nutricional en menores de 5 anos,clasificacion c,2001-11-01,48,63,48,63,111
41301,TOTORA(ORR),estado nutricional en menores de 5 anos,clasificacion c,2001-11-01,6,68,6,68,74
70802,TRIGAL,estado nutricional en menores de 5 anos,clasificacion c,2001-11-01,11,13,11,13,24
80101,TRINIDAD,estado nutricional en menores de 5 anos,clasificacion c,2001-11-01,127,932,127,932,1059
50801,TUPIZA,estado nutricional en menores de 5 anos,clasificacion c,2001-11-01,81,803,81,803,884
40402,TURCO,estado nutricional en menores de 5 anos,clasificacion c,2001-11-01,25,26,25,26,51
21302,UMALA,estado nutricional en menores de 5 anos,clasificacion c,2001-11-01,35,50,35,50,85
50201,UNCIA,estado nutricional en menores de 5 anos,clasificacion c,2001-11-01,21,191,21,191,212
60401,URIONDO (A. CONCEPCION),estado nutricional en menores de 5 anos,clasificacion c,2001-11-01,10,191,10,191,201
71502,URUBICHA,estado nutricional en menores de 5 anos,clasificacion c,2001-11-01,4,163,4,163,167
51201,UYUNI,estado nutricional en menores de 5 anos,clasificacion c,2001-11-01,32,413,32,413,445
30502,VACAS,estado nutricional en menores de 5 anos,clasificacion c,2001-11-01,12,46,12,46,58
70801,VALLEGRANDE,estado nutricional en menores de 5 anos,clasificacion c,2001-11-01,177,176,177,176,353
20801,VIACHA,estado nutricional en menores de 5 anos,clasificacion c,2001-11-01,92,536,92,536,628
31302,VILA VILA,estado nutricional en menores de 5 anos,clasificacion c,2001-11-01,6,87,6,87,93
60303,VILLA MONTES,estado nutricional en menores de 5 anos,clasificacion c,2001-11-01,112,113,112,113,225
90502,VILLA NUEVA (LOMA ALTA),estado nutricional en menores de 5 anos,clasificacion c,2001-11-01,4,0,4,0,4
31402,VILLA RIVERO,estado nutricional en menores de 5 anos,clasificacion c,2001-11-01,5,48,5,48,53
10801,VILLA SERRANO,estado nutricional en menores de 5 anos,clasificacion c,2001-11-01,30,622,30,622,652
31003,VILLA TUNARI,estado nutricional en menores de 5 anos,clasificacion c,2001-11-01,241,244,241,244,485
11001,VILLA VACA GUZMAN (MUYUPAMPA),estado nutricional en menores de 5 anos,clasificacion c,2001-11-01,56,408,56,408,464
51501,VILLAZON,estado nutricional en menores de 5 anos,clasificacion c,2001-11-01,51,720,51,720,771
30904,VINTO,estado nutricional en menores de 5 anos,clasificacion c,2001-11-01,153,55,153,55,208
50602,VITICHI,estado nutricional en menores de 5 anos,clasificacion c,2001-11-01,16,130,16,130,146
70201,WARNES,estado nutricional en menores de 5 anos,clasificacion c,2001-11-01,317,269,317,269,586
20903,YACO,estado nutricional en menores de 5 anos,clasificacion c,2001-11-01,8,75,8,75,83
60301,YACUIBA,estado nutricional en menores de 5 anos,clasificacion c,2001-11-01,464,301,464,301,765
10602,YAMPARAEZ,estado nutricional en menores de 5 anos,clasificacion c,2001-11-01,35,658,35,658,693
21103,YANACACHI,estado nutricional en menores de 5 anos,clasificacion c,2001-11-01,9,27,9,27,36
70403,YAPACANI,estado nutricional en menores de 5 anos,clasificacion c,2001-11-01,285,294,285,294,579
50103,YOCALLA,estado nutricional en menores de 5 anos,clasificacion c,2001-11-01,7,85,7,85,92
10102,YOTALA,estado nutricional en menores de 5 anos,clasificacion c,2001-11-01,23,515,23,515,538
60402,YUNCHARA,estado nutricional en menores de 5 anos,clasificacion c,2001-11-01,14,17,14,17,31
10301,ZUDAÃ‘EZ,estado nutricional en menores de 5 anos,clasificacion c,2001-11-01,21,396,21,396,417
51302,ACACIO,estado nutricional en menores de 5 anos,clasificacion c,2001-12-01,6,125,6,125,131
20201,ACHACACHI,estado nutricional en menores de 5 anos,clasificacion c,2001-12-01,32,654,32,654,686
20104,ACHOCALLA,estado nutricional en menores de 5 anos,clasificacion c,2001-12-01,24,64,24,64,88
30201,AIQUILE,estado nutricional en menores de 5 anos,clasificacion c,2001-12-01,21,12,21,12,33
31303,ALALAY,estado nutricional en menores de 5 anos,clasificacion c,2001-12-01,5,27,5,27,32
10404,ALCALA,estado nutricional en menores de 5 anos,clasificacion c,2001-12-01,7,170,7,170,177
20202,ANCORAIMES,estado nutricional en menores de 5 anos,clasificacion c,2001-12-01,13,212,13,212,225
41201,ANDAMARCA,estado nutricional en menores de 5 anos,clasificacion c,2001-12-01,24,13,24,13,37
40603,ANTEQUERA,estado nutricional en menores de 5 anos,clasificacion c,2001-12-01,2,3,2,3,5
30402,ANZALDO,estado nutricional en menores de 5 anos,clasificacion c,2001-12-01,11,80,11,80,91
20701,APOLO,estado nutricional en menores de 5 anos,clasificacion c,2001-12-01,30,11,30,11,41
51301,ARAMPAMPA,estado nutricional en menores de 5 anos,clasificacion c,2001-12-01,7,65,7,65,72
30501,ARANI,estado nutricional en menores de 5 anos,clasificacion c,2001-12-01,10,64,10,64,74
30403,ARBIETO,estado nutricional en menores de 5 anos,clasificacion c,2001-12-01,9,14,9,14,23
30601,ARQUE,estado nutricional en menores de 5 anos,clasificacion c,2001-12-01,27,48,27,48,75
71501,ASCENCION DE GUARAYOS,estado nutricional en menores de 5 anos,clasificacion c,2001-12-01,308,455,308,455,763
50802,ATOCHA,estado nutricional en menores de 5 anos,clasificacion c,2001-12-01,19,115,19,115,134
20503,AUCAPATA,estado nutricional en menores de 5 anos,clasificacion c,2001-12-01,7,3,7,3,10
20502,AYATA,estado nutricional en menores de 5 anos,clasificacion c,2001-12-01,3,18,3,18,21
21303,AYO AYO,estado nutricional en menores de 5 anos,clasificacion c,2001-12-01,122,18,122,18,140
30301,AYOPAYA (V. DE INDEPENDENCIA),estado nutricional en menores de 5 anos,clasificacion c,2001-12-01,124,134,124,134,258
10201,AZURDUY,estado nutricional en menores de 5 anos,clasificacion c,2001-12-01,9,269,9,269,278
21203,BATALLAS,estado nutricional en menores de 5 anos,clasificacion c,2001-12-01,17,488,17,488,505
80802,BAURES,estado nutricional en menores de 5 anos,clasificacion c,2001-12-01,30,44,30,44,74
41202,BELEN DE ANDAMARCA,estado nutricional en menores de 5 anos,clasificacion c,2001-12-01,5,11,5,11,16
50104,BELEN DE URMIRI,estado nutricional en menores de 5 anos,clasificacion c,2001-12-01,3,21,3,21,24
90104,BELLA FLOR,estado nutricional en menores de 5 anos,clasificacion c,2001-12-01,72,127,72,127,199
60202,BERMEJO,estado nutricional en menores de 5 anos,clasificacion c,2001-12-01,14,48,14,48,62
50301,BETANZOS,estado nutricional en menores de 5 anos,clasificacion c,2001-12-01,35,308,35,308,343
31501,BOLIVAR,estado nutricional en menores de 5 anos,clasificacion c,2001-12-01,39,48,39,48,87
90103,BOLPEBRA,estado nutricional en menores de 5 anos,clasificacion c,2001-12-01,2,23,2,23,25
70707,BOYUIBE,estado nutricional en menores de 5 anos,clasificacion c,2001-12-01,12,82,12,82,94
70401,BUENA VISTA,estado nutricional en menores de 5 anos,clasificacion c,2001-12-01,186,174,186,174,360
70703,CABEZAS,estado nutricional en menores de 5 anos,clasificacion c,2001-12-01,28,215,28,215,243
20905,CAIROMA,estado nutricional en menores de 5 anos,clasificacion c,2001-12-01,1,16,1,16,17
51102,"CAIZA ""D""",estado nutricional en menores de 5 anos,clasificacion c,2001-12-01,37,235,37,235,272
21003,CAJUATA,estado nutricional en menores de 5 anos,clasificacion c,2001-12-01,29,5,29,5,34
20303,CALACOTO,estado nutricional en menores de 5 anos,clasificacion c,2001-12-01,8,19,8,19,27
21304,CALAMARCA,estado nutricional en menores de 5 anos,clasificacion c,2001-12-01,10,126,10,126,136
10701,CAMARGO,estado nutricional en menores de 5 anos,clasificacion c,2001-12-01,20,134,20,134,154
10901,CAMATAQUI (C. VILLA ABECIA),estado nutricional en menores de 5 anos,clasificacion c,2001-12-01,5,97,5,97,102
70706,CAMIRI,estado nutricional en menores de 5 anos,clasificacion c,2001-12-01,99,133,99,133,232
30701,CAPINOTA,estado nutricional en menores de 5 anos,clasificacion c,2001-12-01,123,87,123,87,210
20302,CAQUIAVIRI,estado nutricional en menores de 5 anos,clasificacion c,2001-12-01,30,29,30,29,59
40102,CARACOLLO,estado nutricional en menores de 5 anos,clasificacion c,2001-12-01,40,45,40,45,85
22001,CARANAVI,estado nutricional en menores de 5 anos,clasificacion c,2001-12-01,209,379,209,379,588
41503,CARANGAS,estado nutricional en menores de 5 anos,clasificacion c,2001-12-01,0,4,0,4,4
60302,CARAPARI,estado nutricional en menores de 5 anos,clasificacion c,2001-12-01,25,132,25,132,157
50702,CARIPUYO,estado nutricional en menores de 5 anos,clasificacion c,2001-12-01,4,111,4,111,115
40201,CHALLAPATA,estado nutricional en menores de 5 anos,clasificacion c,2001-12-01,55,47,55,47,102
50302,CHAQUI,estado nutricional en menores de 5 anos,clasificacion c,2001-12-01,10,119,10,119,129
70702,CHARAGUA,estado nutricional en menores de 5 anos,clasificacion c,2001-12-01,46,544,46,544,590
20305,CHARAÃ‘A,estado nutricional en menores de 5 anos,clasificacion c,2001-12-01,0,13,0,13,13
50202,CHAYANTA,estado nutricional en menores de 5 anos,clasificacion c,2001-12-01,14,56,14,56,70
31204,CHIMORE,estado nutricional en menores de 5 anos,clasificacion c,2001-12-01,56,155,56,155,211
40302,CHOQUE COTA,estado nutricional en menores de 5 anos,clasificacion c,2001-12-01,3,10,3,10,13
21101,CHULUMANI (V. DE LA LIBERTAD),estado nutricional en menores de 5 anos,clasificacion c,2001-12-01,31,81,31,81,112
20501,CHUMA,estado nutricional en menores de 5 anos,clasificacion c,2001-12-01,13,29,13,29,42
30801,CLIZA,estado nutricional en menores de 5 anos,clasificacion c,2001-12-01,25,124,25,124,149
90101,COBIJA,estado nutricional en menores de 5 anos,clasificacion c,2001-12-01,176,193,176,193,369
30101,COCHABAMBA,estado nutricional en menores de 5 anos,clasificacion c,2001-12-01,942,1161,942,1161,2103
40902,COIPASA,estado nutricional en menores de 5 anos,clasificacion c,2001-12-01,0,1,0,1,1
30905,COLCAPIRHUA,estado nutricional en menores de 5 anos,clasificacion c,2001-12-01,265,171,265,171,436
50901,"COLCHA ""K""",estado nutricional en menores de 5 anos,clasificacion c,2001-12-01,8,135,8,135,143
21307,COLLANA,estado nutricional en menores de 5 anos,clasificacion c,2001-12-01,2,8,2,8,10
31002,COLOMI,estado nutricional en menores de 5 anos,clasificacion c,2001-12-01,161,188,161,188,349
70603,COLPA BELGICA,estado nutricional en menores de 5 anos,clasificacion c,2001-12-01,49,18,49,18,67
50401,COLQUECHACA,estado nutricional en menores de 5 anos,clasificacion c,2001-12-01,22,136,22,136,158
21306,COLQUENCHA,estado nutricional en menores de 5 anos,clasificacion c,2001-12-01,33,43,33,43,76
21004,COLQUIRI,estado nutricional en menores de 5 anos,clasificacion c,2001-12-01,49,67,49,67,116
20304,COMANCHE,estado nutricional en menores de 5 anos,clasificacion c,2001-12-01,6,28,6,28,34
71301,COMARAPA,estado nutricional en menores de 5 anos,clasificacion c,2001-12-01,59,108,59,108,167
20605,COMBAYA,estado nutricional en menores de 5 anos,clasificacion c,2001-12-01,2,32,2,32,34
71101,CONCEPCION,estado nutricional en menores de 5 anos,clasificacion c,2001-12-01,28,41,28,41,69
21701,COPACABANA,estado nutricional en menores de 5 anos,clasificacion c,2001-12-01,38,140,38,140,178
21402,CORIPATA,estado nutricional en menores de 5 anos,clasificacion c,2001-12-01,23,40,23,40,63
20301,CORO CORO,estado nutricional en menores de 5 anos,clasificacion c,2001-12-01,31,39,31,39,70
21401,COROICO,estado nutricional en menores de 5 anos,clasificacion c,2001-12-01,117,56,117,56,173
40301,CORQUE,estado nutricional en menores de 5 anos,clasificacion c,2001-12-01,31,36,31,36,67
50601,COTAGAITA,estado nutricional en menores de 5 anos,clasificacion c,2001-12-01,54,396,54,396,450
70102,COTOCA,estado nutricional en menores de 5 anos,clasificacion c,2001-12-01,29,250,29,250,279
31405,CUCHUMUELA (V. G. VILLARROEL),estado nutricional en menores de 5 anos,clasificacion c,2001-12-01,4,5,4,5,9
70704,CUEVO,estado nutricional en menores de 5 anos,clasificacion c,2001-12-01,34,51,34,51,85
10902,CULPINA,estado nutricional en menores de 5 anos,clasificacion c,2001-12-01,26,408,26,408,434
40401,CURAHUARA DE CARANGAS,estado nutricional en menores de 5 anos,clasificacion c,2001-12-01,31,13,31,13,44
21602,CURVA,estado nutricional en menores de 5 anos,clasificacion c,2001-12-01,13,1,13,1,14
20804,DESAGUADERO,estado nutricional en menores de 5 anos,clasificacion c,2001-12-01,3,50,3,50,53
20105,EL ALTO,estado nutricional en menores de 5 anos,clasificacion c,2001-12-01,3351,2835,3351,2835,6186
40103,EL CHORO,estado nutricional en menores de 5 anos,clasificacion c,2001-12-01,21,1,21,1,22
71503,EL PUENTE(STC),estado nutricional en menores de 5 anos,clasificacion c,2001-12-01,26,625,26,625,651
60502,EL PUENTE(TJA),estado nutricional en menores de 5 anos,clasificacion c,2001-12-01,41,164,41,164,205
70105,EL TORNO,estado nutricional en menores de 5 anos,clasificacion c,2001-12-01,30,364,30,364,394
10405,EL VILLAR,estado nutricional en menores de 5 anos,clasificacion c,2001-12-01,7,246,7,246,253
60601,ENTRE RIOS,estado nutricional en menores de 5 anos,clasificacion c,2001-12-01,155,226,155,226,381
41101,EUCALIPTUS,estado nutricional en menores de 5 anos,clasificacion c,2001-12-01,5,49,5,49,54
80402,EXALTACION,estado nutricional en menores de 5 anos,clasificacion c,2001-12-01,3,29,3,29,32
90203,FILADELFIA,estado nutricional en menores de 5 anos,clasificacion c,2001-12-01,71,121,71,121,192
71002,GENERAL SAAVEDRA,estado nutricional en menores de 5 anos,clasificacion c,2001-12-01,39,301,39,301,340
21601,GRAL. J.J. PEREZ (CHARAZANI),estado nutricional en menores de 5 anos,clasificacion c,2001-12-01,7,4,7,4,11
20602,GUANAY,estado nutricional en menores de 5 anos,clasificacion c,2001-12-01,61,309,61,309,370
20802,GUAQUI,estado nutricional en menores de 5 anos,clasificacion c,2001-12-01,3,32,3,32,35
80202,GUAYARAMERIN,estado nutricional en menores de 5 anos,clasificacion c,2001-12-01,315,135,315,135,450
70705,GUTIERREZ,estado nutricional en menores de 5 anos,clasificacion c,2001-12-01,82,327,82,327,409
10502,HUACARETA,estado nutricional en menores de 5 anos,clasificacion c,2001-12-01,19,289,19,289,308
11002,HUACAYA (VILLA DE HUACAYA),estado nutricional en menores de 5 anos,clasificacion c,2001-12-01,0,38,0,38,38
40501,HUACHACALLA,estado nutricional en menores de 5 anos,clasificacion c,2001-12-01,2,15,2,15,17
40701,HUANUNI,estado nutricional en menores de 5 anos,clasificacion c,2001-12-01,22,15,22,15,37
80803,HUARACAJE,estado nutricional en menores de 5 anos,clasificacion c,2001-12-01,22,31,22,31,53
41601,HUAYLLAMARCA,estado nutricional en menores de 5 anos,clasificacion c,2001-12-01,15,49,15,49,64
21005,ICHOCA,estado nutricional en menores de 5 anos,clasificacion c,2001-12-01,3,30,3,30,33
10304,ICLA,estado nutricional en menores de 5 anos,clasificacion c,2001-12-01,195,272,195,272,467
10703,INCAHUASI,estado nutricional en menores de 5 anos,clasificacion c,2001-12-01,18,227,18,227,245
21001,INQUISIVI,estado nutricional en menores de 5 anos,clasificacion c,2001-12-01,11,80,11,80,91
21102,IRUPANA (VILLA DE LANZA),estado nutricional en menores de 5 anos,clasificacion c,2001-12-01,31,218,31,218,249
21501,IXIAMAS,estado nutricional en menores de 5 anos,clasificacion c,2001-12-01,45,25,45,25,70
21105,LA ASUNTA,estado nutricional en menores de 5 anos,clasificacion c,2001-12-01,39,142,39,142,181
70104,LA GUARDIA,estado nutricional en menores de 5 anos,clasificacion c,2001-12-01,51,539,51,539,590
20101,LA PAZ,estado nutricional en menores de 5 anos,clasificacion c,2001-12-01,2107,2660,2107,2660,4767
41501,LA RIVERA,estado nutricional en menores de 5 anos,clasificacion c,2001-12-01,0,3,0,3,3
70701,LAGUNILLAS,estado nutricional en menores de 5 anos,clasificacion c,2001-12-01,44,89,44,89,133
21202,LAJA,estado nutricional en menores de 5 anos,clasificacion c,2001-12-01,5,140,5,140,145
10903,LAS CARRERAS,estado nutricional en menores de 5 anos,clasificacion c,2001-12-01,2,129,2,129,131
50203,LLALLAGUA,estado nutricional en menores de 5 anos,clasificacion c,2001-12-01,32,158,32,158,190
51401,LLICA,estado nutricional en menores de 5 anos,clasificacion c,2001-12-01,13,72,13,72,85
80601,LORETO,estado nutricional en menores de 5 anos,clasificacion c,2001-12-01,1,96,1,96,97
20901,LURIBAY,estado nutricional en menores de 5 anos,clasificacion c,2001-12-01,2,130,2,130,132
40702,MACHACAMARCA,estado nutricional en menores de 5 anos,clasificacion c,2001-12-01,48,53,48,53,101
11003,MACHARETI,estado nutricional en menores de 5 anos,clasificacion c,2001-12-01,23,354,23,354,377
80801,MAGDALENA,estado nutricional en menores de 5 anos,clasificacion c,2001-12-01,17,28,17,28,45
70903,MAIRANA,estado nutricional en menores de 5 anos,clasificacion c,2001-12-01,117,55,117,55,172
20103,MECAPACA,estado nutricional en menores de 5 anos,clasificacion c,2001-12-01,9,88,9,88,97
71003,MINEROS,estado nutricional en menores de 5 anos,clasificacion c,2001-12-01,65,631,65,631,696
31301,MIZQUE,estado nutricional en menores de 5 anos,clasificacion c,2001-12-01,18,125,18,125,143
20402,MOCOMOCO,estado nutricional en menores de 5 anos,clasificacion c,2001-12-01,49,33,49,33,82
51002,MOJINETE,estado nutricional en menores de 5 anos,clasificacion c,2001-12-01,1,12,1,12,13
10303,MOJOCOYA,estado nutricional en menores de 5 anos,clasificacion c,2001-12-01,14,428,14,428,442
10501,MONTEAGUDO,estado nutricional en menores de 5 anos,clasificacion c,2001-12-01,33,631,33,631,664
71001,MONTERO,estado nutricional en menores de 5 anos,clasificacion c,2001-12-01,118,1464,118,1464,1582
70803,MORO MORO,estado nutricional en menores de 5 anos,clasificacion c,2001-12-01,30,19,30,19,49
30302,MOROCHATA,estado nutricional en menores de 5 anos,clasificacion c,2001-12-01,42,162,42,162,204
90401,NACEBE (SANTA ROSA DEL ABUNA),estado nutricional en menores de 5 anos,clasificacion c,2001-12-01,4,0,4,0,4
90501,NUEVO MANOA (NUEVA ESPERANZA),estado nutricional en menores de 5 anos,clasificacion c,2001-12-01,7,16,7,16,23
50404,OCURI,estado nutricional en menores de 5 anos,clasificacion c,2001-12-01,80,184,80,184,264
70202,OKINAWA,estado nutricional en menores de 5 anos,clasificacion c,2001-12-01,52,135,52,135,187
30203,OMEREQUE,estado nutricional en menores de 5 anos,clasificacion c,2001-12-01,4,38,4,38,42
40101,ORURO,estado nutricional en menores de 5 anos,clasificacion c,2001-12-01,239,1803,239,1803,2042
60201,PADCAYA,estado nutricional en menores de 5 anos,clasificacion c,2001-12-01,69,128,69,128,197
10401,PADILLA,estado nutricional en menores de 5 anos,clasificacion c,2001-12-01,47,721,47,721,768
70502,PAILON,estado nutricional en menores de 5 anos,clasificacion c,2001-12-01,2,47,2,47,49
20102,PALCA,estado nutricional en menores de 5 anos,clasificacion c,2001-12-01,107,67,107,67,174
21104,PALOS BLANCOS,estado nutricional en menores de 5 anos,clasificacion c,2001-12-01,70,128,70,128,198
40802,PAMPA AULLAGAS,estado nutricional en menores de 5 anos,clasificacion c,2001-12-01,22,9,22,9,31
70902,PAMPA GRANDE,estado nutricional en menores de 5 anos,clasificacion c,2001-12-01,19,54,19,54,73
21802,PAPEL PAMPA,estado nutricional en menores de 5 anos,clasificacion c,2001-12-01,6,39,6,39,45
30202,PASORAPA,estado nutricional en menores de 5 anos,clasificacion c,2001-12-01,11,46,11,46,57
21305,PATACAMAYA,estado nutricional en menores de 5 anos,clasificacion c,2001-12-01,75,75,75,75,150
40602,PAZÃ‘A,estado nutricional en menores de 5 anos,clasificacion c,2001-12-01,6,33,6,33,39
20702,PELECHUCO,estado nutricional en menores de 5 anos,clasificacion c,2001-12-01,10,19,10,19,29
50403,POCOATA,estado nutricional en menores de 5 anos,clasificacion c,2001-12-01,80,319,80,319,399
31203,POCONA,estado nutricional en menores de 5 anos,clasificacion c,2001-12-01,15,44,15,44,59
31202,POJO (CBBA),estado nutricional en menores de 5 anos,clasificacion c,2001-12-01,133,307,133,307,440
40601,POOPO,estado nutricional en menores de 5 anos,clasificacion c,2001-12-01,7,36,7,36,43
51203,PORCO,estado nutricional en menores de 5 anos,clasificacion c,2001-12-01,47,89,47,89,136
10103,POROMA,estado nutricional en menores de 5 anos,clasificacion c,2001-12-01,29,329,29,329,358
70103,PORONGO,estado nutricional en menores de 5 anos,clasificacion c,2001-12-01,2,77,2,77,79
70601,PORTACHUELO,estado nutricional en menores de 5 anos,clasificacion c,2001-12-01,179,83,179,83,262
90102,PORVENIR,estado nutricional en menores de 5 anos,clasificacion c,2001-12-01,14,128,14,128,142
70804,POSTRER VALLE,estado nutricional en menores de 5 anos,clasificacion c,2001-12-01,7,16,7,16,23
50101,POTOSI,estado nutricional en menores de 5 anos,clasificacion c,2001-12-01,209,842,209,842,1051
10302,PRESTO,estado nutricional en menores de 5 anos,clasificacion c,2001-12-01,20,238,20,238,258
21201,PUCARANI,estado nutricional en menores de 5 anos,clasificacion c,2001-12-01,10,129,10,129,139
20401,PUERTO ACOSTA,estado nutricional en menores de 5 anos,clasificacion c,2001-12-01,169,130,169,130,299
20403,PUERTO CARABUCO,estado nutricional en menores de 5 anos,clasificacion c,2001-12-01,101,71,101,71,172
90301,PUERTO GONZALO MORENO,estado nutricional en menores de 5 anos,clasificacion c,2001-12-01,12,45,12,45,57
21204,PUERTO PEREZ,estado nutricional en menores de 5 anos,clasificacion c,2001-12-01,0,40,0,40,40
71402,PUERTO QUIJARRO,estado nutricional en menores de 5 anos,clasificacion c,2001-12-01,96,26,96,26,122
90201,PUERTO RICO,estado nutricional en menores de 5 anos,clasificacion c,2001-12-01,2,0,2,0,2
80703,PUERTO SILES,estado nutricional en menores de 5 anos,clasificacion c,2001-12-01,3,167,3,167,170
71401,PUERTO SUAREZ,estado nutricional en menores de 5 anos,clasificacion c,2001-12-01,171,52,171,52,223
31205,PUERTO VILLARROEL,estado nutricional en menores de 5 anos,clasificacion c,2001-12-01,210,171,210,171,381
51101,PUNA,estado nutricional en menores de 5 anos,clasificacion c,2001-12-01,56,325,56,325,381
31401,PUNATA,estado nutricional en menores de 5 anos,clasificacion c,2001-12-01,71,166,71,166,237
20604,QUIABAYA,estado nutricional en menores de 5 anos,clasificacion c,2001-12-01,1,9,1,9,10
30901,QUILLACOLLO,estado nutricional en menores de 5 anos,clasificacion c,2001-12-01,73,94,73,94,167
21002,QUIME,estado nutricional en menores de 5 anos,clasificacion c,2001-12-01,68,82,68,82,150
70904,QUIRUSILLAS,estado nutricional en menores de 5 anos,clasificacion c,2001-12-01,11,12,11,12,23
50402,RAVELO,estado nutricional en menores de 5 anos,clasificacion c,2001-12-01,24,303,24,303,327
80201,RIBERALTA,estado nutricional en menores de 5 anos,clasificacion c,2001-12-01,655,363,655,363,1018
70503,ROBORE,estado nutricional en menores de 5 anos,clasificacion c,2001-12-01,17,162,17,162,179
80304,RURRENABAQUE,estado nutricional en menores de 5 anos,clasificacion c,2001-12-01,150,48,150,48,198
40901,SABAYA,estado nutricional en menores de 5 anos,clasificacion c,2001-12-01,3,42,3,42,45
31001,SACABA,estado nutricional en menores de 5 anos,clasificacion c,2001-12-01,268,27,268,27,295
30404,SACABAMBA,estado nutricional en menores de 5 anos,clasificacion c,2001-12-01,6,79,6,79,85
50701,SACACA,estado nutricional en menores de 5 anos,clasificacion c,2001-12-01,5,197,5,197,202
71302,SAIPINA,estado nutricional en menores de 5 anos,clasificacion c,2001-12-01,37,64,37,64,101
40801,SALINAS DE GARCI MENDOZA,estado nutricional en menores de 5 anos,clasificacion c,2001-12-01,25,18,25,18,43
70901,SAMAIPATA,estado nutricional en menores de 5 anos,clasificacion c,2001-12-01,96,40,96,40,136
51601,SAN AGUSTIN,estado nutricional en menores de 5 anos,clasificacion c,2001-12-01,6,31,6,31,37
80602,SAN ANDRES,estado nutricional en menores de 5 anos,clasificacion c,2001-12-01,39,53,39,53,92
51003,SAN ANTONIO DE ESMORUCO,estado nutricional en menores de 5 anos,clasificacion c,2001-12-01,4,21,4,21,25
71105,SAN ANTONIO DE LOMERIO,estado nutricional en menores de 5 anos,clasificacion c,2001-12-01,76,88,76,88,164
31403,SAN BENITO,estado nutricional en menores de 5 anos,clasificacion c,2001-12-01,6,149,6,149,155
80302,SAN BORJA,estado nutricional en menores de 5 anos,clasificacion c,2001-12-01,281,182,281,182,463
21502,SAN BUENA VENTURA,estado nutricional en menores de 5 anos,clasificacion c,2001-12-01,43,146,43,146,189
70402,SAN CARLOS,estado nutricional en menores de 5 anos,clasificacion c,2001-12-01,10,30,10,30,40
80501,SAN IGNACIO,estado nutricional en menores de 5 anos,clasificacion c,2001-12-01,56,234,56,234,290
70301,SAN IGNACIO DE VELASCO,estado nutricional en menores de 5 anos,clasificacion c,2001-12-01,451,332,451,332,783
80102,SAN JAVIER(BNI),estado nutricional en menores de 5 anos,clasificacion c,2001-12-01,2,61,2,61,63
71102,SAN JAVIER(STC),estado nutricional en menores de 5 anos,clasificacion c,2001-12-01,100,95,100,95,195
80701,SAN JOAQUIN,estado nutricional en menores de 5 anos,clasificacion c,2001-12-01,0,44,0,44,44
70501,SAN JOSE DE CHIQUITOS,estado nutricional en menores de 5 anos,clasificacion c,2001-12-01,80,46,80,46,126
71104,SAN JULIAN,estado nutricional en menores de 5 anos,clasificacion c,2001-12-01,197,590,197,590,787
90302,SAN LORENZO(PND),estado nutricional en menores de 5 anos,clasificacion c,2001-12-01,3,20,3,20,23
60501,SAN LORENZO(TJA),estado nutricional en menores de 5 anos,clasificacion c,2001-12-01,13,39,13,39,52
10702,SAN LUCAS,estado nutricional en menores de 5 anos,clasificacion c,2001-12-01,53,802,53,802,855
71201,SAN MATIAS,estado nutricional en menores de 5 anos,clasificacion c,2001-12-01,114,62,114,62,176
70302,SAN MIGUEL DE VELASCO,estado nutricional en menores de 5 anos,clasificacion c,2001-12-01,120,54,120,54,174
51001,SAN PABLO DE LIPEZ,estado nutricional en menores de 5 anos,clasificacion c,2001-12-01,3,41,3,41,44
50501,SAN PEDRO DE BUENA VISTA,estado nutricional en menores de 5 anos,clasificacion c,2001-12-01,15,145,15,145,160
21801,SAN PEDRO DE CURAHUARA,estado nutricional en menores de 5 anos,clasificacion c,2001-12-01,6,43,6,43,49
50902,SAN PEDRO DE QUEMES,estado nutricional en menores de 5 anos,clasificacion c,2001-12-01,0,9,0,9,9
21702,SAN PEDRO DE TIQUINA,estado nutricional en menores de 5 anos,clasificacion c,2001-12-01,1,78,1,78,79
70303,SAN RAFAEL,estado nutricional en menores de 5 anos,clasificacion c,2001-12-01,78,77,78,77,155
80702,SAN RAMON,estado nutricional en menores de 5 anos,clasificacion c,2001-12-01,144,99,144,99,243
80702,SAN RAMON,estado nutricional en menores de 5 anos,clasificacion c,2001-12-01,10,92,10,92,102
80401,SANTA ANA,estado nutricional en menores de 5 anos,clasificacion c,2001-12-01,81,65,81,65,146
70101,SANTA CRUZ DE LA SIERRA,estado nutricional en menores de 5 anos,clasificacion c,2001-12-01,1368,2902,1368,2902,4270
80303,SANTA ROSA,estado nutricional en menores de 5 anos,clasificacion c,2001-12-01,87,145,87,145,232
70602,SANTA ROSA DEL SARA,estado nutricional en menores de 5 anos,clasificacion c,2001-12-01,18,82,18,82,100
41401,SANTIAGO DE HUARI,estado nutricional en menores de 5 anos,clasificacion c,2001-12-01,25,21,25,21,46
30702,SANTIVAÃ‘ES,estado nutricional en menores de 5 anos,clasificacion c,2001-12-01,39,18,39,18,57
40202,SANTUARIO DE QUILLACAS,estado nutricional en menores de 5 anos,clasificacion c,2001-12-01,2,27,2,27,29
20902,SAPAHAQUI,estado nutricional en menores de 5 anos,clasificacion c,2001-12-01,3,51,3,51,54
21301,SICA SICA (VILLA AROMA),estado nutricional en menores de 5 anos,clasificacion c,2001-12-01,22,56,22,56,78
30703,SICAYA,estado nutricional en menores de 5 anos,clasificacion c,2001-12-01,3,16,3,16,19
30902,SIPE SIPE,estado nutricional en menores de 5 anos,clasificacion c,2001-12-01,271,151,271,151,422
10403,SOPACHUY,estado nutricional en menores de 5 anos,clasificacion c,2001-12-01,35,100,35,100,135
20601,SORATA,estado nutricional en menores de 5 anos,clasificacion c,2001-12-01,25,387,25,387,412
10101,SUCRE,estado nutricional en menores de 5 anos,clasificacion c,2001-12-01,270,2428,270,2428,2698
31404,TACACHI,estado nutricional en menores de 5 anos,clasificacion c,2001-12-01,0,25,0,25,25
20603,TACACOMA,estado nutricional en menores de 5 anos,clasificacion c,2001-12-01,10,87,10,87,97
50303,TACOBAMBA,estado nutricional en menores de 5 anos,clasificacion c,2001-12-01,23,249,23,249,272
51402,TAHUA,estado nutricional en menores de 5 anos,clasificacion c,2001-12-01,3,37,3,37,40
31101,TAPACARI,estado nutricional en menores de 5 anos,clasificacion c,2001-12-01,20,96,20,96,116
10601,TARABUCO,estado nutricional en menores de 5 anos,clasificacion c,2001-12-01,87,1011,87,1011,1098
30401,TARATA,estado nutricional en menores de 5 anos,clasificacion c,2001-12-01,16,96,16,96,112
60101,TARIJA,estado nutricional en menores de 5 anos,clasificacion c,2001-12-01,296,890,296,890,1186
10202,TARVITA,estado nutricional en menores de 5 anos,clasificacion c,2001-12-01,31,417,31,417,448
20803,TIAWANACU,estado nutricional en menores de 5 anos,clasificacion c,2001-12-01,59,42,59,42,101
50102,TINGUIPAYA,estado nutricional en menores de 5 anos,clasificacion c,2001-12-01,20,121,20,121,141
20606,TIPUANI,estado nutricional en menores de 5 anos,clasificacion c,2001-12-01,49,14,49,14,63
30903,TIQUIPAYA,estado nutricional en menores de 5 anos,clasificacion c,2001-12-01,2,48,2,48,50
31601,TIRAQUE (CBBA),estado nutricional en menores de 5 anos,clasificacion c,2001-12-01,155,157,155,157,312
21703,TITO YUPANQUI (PARQUIPUJIO),estado nutricional en menores de 5 anos,clasificacion c,2001-12-01,0,20,0,20,20
30802,TOCO,estado nutricional en menores de 5 anos,clasificacion c,2001-12-01,0,12,0,12,12
41502,TODOS SANTOS,estado nutricional en menores de 5 anos,clasificacion c,2001-12-01,0,5,0,5,5
30803,TOLATA,estado nutricional en menores de 5 anos,clasificacion c,2001-12-01,2,8,2,8,10
41001,TOLEDO,estado nutricional en menores de 5 anos,clasificacion c,2001-12-01,37,33,37,33,70
51202,TOMAVE,estado nutricional en menores de 5 anos,clasificacion c,2001-12-01,19,203,19,203,222
10402,TOMINA,estado nutricional en menores de 5 anos,clasificacion c,2001-12-01,19,373,19,373,392
50502,TORO TORO,estado nutricional en menores de 5 anos,clasificacion c,2001-12-01,9,88,9,88,97
31201,TOTORA(CBBA),estado nutricional en menores de 5 anos,clasificacion c,2001-12-01,87,130,87,130,217
41301,TOTORA(ORR),estado nutricional en menores de 5 anos,clasificacion c,2001-12-01,7,81,7,81,88
70802,TRIGAL,estado nutricional en menores de 5 anos,clasificacion c,2001-12-01,12,5,12,5,17
80101,TRINIDAD,estado nutricional en menores de 5 anos,clasificacion c,2001-12-01,82,684,82,684,766
50801,TUPIZA,estado nutricional en menores de 5 anos,clasificacion c,2001-12-01,71,831,71,831,902
40402,TURCO,estado nutricional en menores de 5 anos,clasificacion c,2001-12-01,33,24,33,24,57
21302,UMALA,estado nutricional en menores de 5 anos,clasificacion c,2001-12-01,5,62,5,62,67
50201,UNCIA,estado nutricional en menores de 5 anos,clasificacion c,2001-12-01,14,134,14,134,148
60401,URIONDO (A. CONCEPCION),estado nutricional en menores de 5 anos,clasificacion c,2001-12-01,13,119,13,119,132
71502,URUBICHA,estado nutricional en menores de 5 anos,clasificacion c,2001-12-01,112,346,112,346,458
51201,UYUNI,estado nutricional en menores de 5 anos,clasificacion c,2001-12-01,15,224,15,224,239
30502,VACAS,estado nutricional en menores de 5 anos,clasificacion c,2001-12-01,3,24,3,24,27
70801,VALLEGRANDE,estado nutricional en menores de 5 anos,clasificacion c,2001-12-01,119,198,119,198,317
20801,VIACHA,estado nutricional en menores de 5 anos,clasificacion c,2001-12-01,40,347,40,347,387
31302,VILA VILA,estado nutricional en menores de 5 anos,clasificacion c,2001-12-01,3,92,3,92,95
60303,VILLA MONTES,estado nutricional en menores de 5 anos,clasificacion c,2001-12-01,180,149,180,149,329
90502,VILLA NUEVA (LOMA ALTA),estado nutricional en menores de 5 anos,clasificacion c,2001-12-01,2,0,2,0,2
31402,VILLA RIVERO,estado nutricional en menores de 5 anos,clasificacion c,2001-12-01,10,29,10,29,39
10801,VILLA SERRANO,estado nutricional en menores de 5 anos,clasificacion c,2001-12-01,20,578,20,578,598
31003,VILLA TUNARI,estado nutricional en menores de 5 anos,clasificacion c,2001-12-01,254,275,254,275,529
11001,VILLA VACA GUZMAN (MUYUPAMPA),estado nutricional en menores de 5 anos,clasificacion c,2001-12-01,29,338,29,338,367
51501,VILLAZON,estado nutricional en menores de 5 anos,clasificacion c,2001-12-01,41,705,41,705,746
30904,VINTO,estado nutricional en menores de 5 anos,clasificacion c,2001-12-01,70,20,70,20,90
50602,VITICHI,estado nutricional en menores de 5 anos,clasificacion c,2001-12-01,16,192,16,192,208
70201,WARNES,estado nutricional en menores de 5 anos,clasificacion c,2001-12-01,173,218,173,218,391
20903,YACO,estado nutricional en menores de 5 anos,clasificacion c,2001-12-01,2,22,2,22,24
60301,YACUIBA,estado nutricional en menores de 5 anos,clasificacion c,2001-12-01,509,188,509,188,697
10602,YAMPARAEZ,estado nutricional en menores de 5 anos,clasificacion c,2001-12-01,40,632,40,632,672
21103,YANACACHI,estado nutricional en menores de 5 anos,clasificacion c,2001-12-01,26,37,26,37,63
70403,YAPACANI,estado nutricional en menores de 5 anos,clasificacion c,2001-12-01,202,248,202,248,450
50103,YOCALLA,estado nutricional en menores de 5 anos,clasificacion c,2001-12-01,1,87,1,87,88
10102,YOTALA,estado nutricional en menores de 5 anos,clasificacion c,2001-12-01,21,499,21,499,520
60402,YUNCHARA,estado nutricional en menores de 5 anos,clasificacion c,2001-12-01,8,37,8,37,45
10301,ZUDAÃ‘EZ,estado nutricional en menores de 5 anos,clasificacion c,2001-12-01,26,333,26,333,359
51302,ACACIO,estado nutricional en menores de 5 anos,clasificacion c,2002-01-01,12,185,12,185,197
20201,ACHACACHI,estado nutricional en menores de 5 anos,clasificacion c,2002-01-01,65,621,65,621,686
20104,ACHOCALLA,estado nutricional en menores de 5 anos,clasificacion c,2002-01-01,46,63,46,63,109
30201,AIQUILE,estado nutricional en menores de 5 anos,clasificacion c,2002-01-01,17,25,17,25,42
31303,ALALAY,estado nutricional en menores de 5 anos,clasificacion c,2002-01-01,28,21,28,21,49
10404,ALCALA,estado nutricional en menores de 5 anos,clasificacion c,2002-01-01,6,191,6,191,197
20202,ANCORAIMES,estado nutricional en menores de 5 anos,clasificacion c,2002-01-01,24,378,24,378,402
41201,ANDAMARCA,estado nutricional en menores de 5 anos,clasificacion c,2002-01-01,30,5,30,5,35
40603,ANTEQUERA,estado nutricional en menores de 5 anos,clasificacion c,2002-01-01,18,24,18,24,42
30402,ANZALDO,estado nutricional en menores de 5 anos,clasificacion c,2002-01-01,9,87,9,87,96
20701,APOLO,estado nutricional en menores de 5 anos,clasificacion c,2002-01-01,42,10,42,10,52
51301,ARAMPAMPA,estado nutricional en menores de 5 anos,clasificacion c,2002-01-01,7,100,7,100,107
30501,ARANI,estado nutricional en menores de 5 anos,clasificacion c,2002-01-01,13,60,13,60,73
30403,ARBIETO,estado nutricional en menores de 5 anos,clasificacion c,2002-01-01,2,22,2,22,24
30601,ARQUE,estado nutricional en menores de 5 anos,clasificacion c,2002-01-01,24,5,24,5,29
50802,ATOCHA,estado nutricional en menores de 5 anos,clasificacion c,2002-01-01,4,66,4,66,70
20503,AUCAPATA,estado nutricional en menores de 5 anos,clasificacion c,2002-01-01,5,2,5,2,7
20502,AYATA,estado nutricional en menores de 5 anos,clasificacion c,2002-01-01,13,10,13,10,23
21303,AYO AYO,estado nutricional en menores de 5 anos,clasificacion c,2002-01-01,89,15,89,15,104
30301,AYOPAYA (V. DE INDEPENDENCIA),estado nutricional en menores de 5 anos,clasificacion c,2002-01-01,180,169,180,169,349
10201,AZURDUY,estado nutricional en menores de 5 anos,clasificacion c,2002-01-01,11,194,11,194,205
21203,BATALLAS,estado nutricional en menores de 5 anos,clasificacion c,2002-01-01,13,259,13,259,272
80802,BAURES,estado nutricional en menores de 5 anos,clasificacion c,2002-01-01,53,64,53,64,117
41202,BELEN DE ANDAMARCA,estado nutricional en menores de 5 anos,clasificacion c,2002-01-01,3,1,3,1,4
50104,BELEN DE URMIRI,estado nutricional en menores de 5 anos,clasificacion c,2002-01-01,3,28,3,28,31
90104,BELLA FLOR,estado nutricional en menores de 5 anos,clasificacion c,2002-01-01,63,57,63,57,120
60202,BERMEJO,estado nutricional en menores de 5 anos,clasificacion c,2002-01-01,20,77,20,77,97
50301,BETANZOS,estado nutricional en menores de 5 anos,clasificacion c,2002-01-01,75,583,75,583,658
31501,BOLIVAR,estado nutricional en menores de 5 anos,clasificacion c,2002-01-01,107,154,107,154,261
90103,BOLPEBRA,estado nutricional en menores de 5 anos,clasificacion c,2002-01-01,0,42,0,42,42
70707,BOYUIBE,estado nutricional en menores de 5 anos,clasificacion c,2002-01-01,9,81,9,81,90
70401,BUENA VISTA,estado nutricional en menores de 5 anos,clasificacion c,2002-01-01,229,129,229,129,358
70703,CABEZAS,estado nutricional en menores de 5 anos,clasificacion c,2002-01-01,19,185,19,185,204
20905,CAIROMA,estado nutricional en menores de 5 anos,clasificacion c,2002-01-01,3,86,3,86,89
51102,"CAIZA ""D""",estado nutricional en menores de 5 anos,clasificacion c,2002-01-01,41,179,41,179,220
21003,CAJUATA,estado nutricional en menores de 5 anos,clasificacion c,2002-01-01,46,23,46,23,69
20303,CALACOTO,estado nutricional en menores de 5 anos,clasificacion c,2002-01-01,13,5,13,5,18
21304,CALAMARCA,estado nutricional en menores de 5 anos,clasificacion c,2002-01-01,50,13,50,13,63
10701,CAMARGO,estado nutricional en menores de 5 anos,clasificacion c,2002-01-01,17,249,17,249,266
10901,CAMATAQUI (C. VILLA ABECIA),estado nutricional en menores de 5 anos,clasificacion c,2002-01-01,4,100,4,100,104
70706,CAMIRI,estado nutricional en menores de 5 anos,clasificacion c,2002-01-01,137,214,137,214,351
30701,CAPINOTA,estado nutricional en menores de 5 anos,clasificacion c,2002-01-01,150,72,150,72,222
20302,CAQUIAVIRI,estado nutricional en menores de 5 anos,clasificacion c,2002-01-01,54,57,54,57,111
40102,CARACOLLO,estado nutricional en menores de 5 anos,clasificacion c,2002-01-01,135,183,135,183,318
22001,CARANAVI,estado nutricional en menores de 5 anos,clasificacion c,2002-01-01,243,364,243,364,607
41503,CARANGAS,estado nutricional en menores de 5 anos,clasificacion c,2002-01-01,0,4,0,4,4
60302,CARAPARI,estado nutricional en menores de 5 anos,clasificacion c,2002-01-01,62,182,62,182,244
50702,CARIPUYO,estado nutricional en menores de 5 anos,clasificacion c,2002-01-01,13,188,13,188,201
21902,CATACORA,estado nutricional en menores de 5 anos,clasificacion c,2002-01-01,1,2,1,2,3
40201,CHALLAPATA,estado nutricional en menores de 5 anos,clasificacion c,2002-01-01,84,75,84,75,159
50302,CHAQUI,estado nutricional en menores de 5 anos,clasificacion c,2002-01-01,18,185,18,185,203
70702,CHARAGUA,estado nutricional en menores de 5 anos,clasificacion c,2002-01-01,59,663,59,663,722
20305,CHARAÃ‘A,estado nutricional en menores de 5 anos,clasificacion c,2002-01-01,1,19,1,19,20
31204,CHIMORE,estado nutricional en menores de 5 anos,clasificacion c,2002-01-01,46,78,46,78,124
40903,CHIPAYA,estado nutricional en menores de 5 anos,clasificacion c,2002-01-01,4,0,4,0,4
21101,CHULUMANI (V. DE LA LIBERTAD),estado nutricional en menores de 5 anos,clasificacion c,2002-01-01,56,89,56,89,145
20501,CHUMA,estado nutricional en menores de 5 anos,clasificacion c,2002-01-01,8,5,8,5,13
30801,CLIZA,estado nutricional en menores de 5 anos,clasificacion c,2002-01-01,19,82,19,82,101
90101,COBIJA,estado nutricional en menores de 5 anos,clasificacion c,2002-01-01,222,101,222,101,323
30101,COCHABAMBA,estado nutricional en menores de 5 anos,clasificacion c,2002-01-01,1234,1231,1234,1231,2465
30905,COLCAPIRHUA,estado nutricional en menores de 5 anos,clasificacion c,2002-01-01,304,219,304,219,523
50901,"COLCHA ""K""",estado nutricional en menores de 5 anos,clasificacion c,2002-01-01,17,216,17,216,233
21307,COLLANA,estado nutricional en menores de 5 anos,clasificacion c,2002-01-01,9,0,9,0,9
31002,COLOMI,estado nutricional en menores de 5 anos,clasificacion c,2002-01-01,131,119,131,119,250
50401,COLQUECHACA,estado nutricional en menores de 5 anos,clasificacion c,2002-01-01,80,127,80,127,207
21306,COLQUENCHA,estado nutricional en menores de 5 anos,clasificacion c,2002-01-01,51,27,51,27,78
21004,COLQUIRI,estado nutricional en menores de 5 anos,clasificacion c,2002-01-01,70,53,70,53,123
20304,COMANCHE,estado nutricional en menores de 5 anos,clasificacion c,2002-01-01,8,33,8,33,41
71301,COMARAPA,estado nutricional en menores de 5 anos,clasificacion c,2002-01-01,64,190,64,190,254
20605,COMBAYA,estado nutricional en menores de 5 anos,clasificacion c,2002-01-01,4,38,4,38,42
71101,CONCEPCION,estado nutricional en menores de 5 anos,clasificacion c,2002-01-01,21,72,21,72,93
21701,COPACABANA,estado nutricional en menores de 5 anos,clasificacion c,2002-01-01,32,147,32,147,179
21402,CORIPATA,estado nutricional en menores de 5 anos,clasificacion c,2002-01-01,31,34,31,34,65
20301,CORO CORO,estado nutricional en menores de 5 anos,clasificacion c,2002-01-01,45,84,45,84,129
21401,COROICO,estado nutricional en menores de 5 anos,clasificacion c,2002-01-01,107,88,107,88,195
40301,CORQUE,estado nutricional en menores de 5 anos,clasificacion c,2002-01-01,25,19,25,19,44
50601,COTAGAITA,estado nutricional en menores de 5 anos,clasificacion c,2002-01-01,85,238,85,238,323
70102,COTOCA,estado nutricional en menores de 5 anos,clasificacion c,2002-01-01,170,226,170,226,396
31405,CUCHUMUELA (V. G. VILLARROEL),estado nutricional en menores de 5 anos,clasificacion c,2002-01-01,1,24,1,24,25
70704,CUEVO,estado nutricional en menores de 5 anos,clasificacion c,2002-01-01,75,93,75,93,168
10902,CULPINA,estado nutricional en menores de 5 anos,clasificacion c,2002-01-01,52,468,52,468,520
40401,CURAHUARA DE CARANGAS,estado nutricional en menores de 5 anos,clasificacion c,2002-01-01,44,36,44,36,80
21602,CURVA,estado nutricional en menores de 5 anos,clasificacion c,2002-01-01,11,3,11,3,14
20804,DESAGUADERO,estado nutricional en menores de 5 anos,clasificacion c,2002-01-01,6,36,6,36,42
20105,EL ALTO,estado nutricional en menores de 5 anos,clasificacion c,2002-01-01,3966,2986,3966,2986,6952
40103,EL CHORO,estado nutricional en menores de 5 anos,clasificacion c,2002-01-01,19,7,19,7,26
71503,EL PUENTE(STC),estado nutricional en menores de 5 anos,clasificacion c,2002-01-01,28,151,28,151,179
60502,EL PUENTE(TJA),estado nutricional en menores de 5 anos,clasificacion c,2002-01-01,15,52,15,52,67
70105,EL TORNO,estado nutricional en menores de 5 anos,clasificacion c,2002-01-01,248,289,248,289,537
10405,EL VILLAR,estado nutricional en menores de 5 anos,clasificacion c,2002-01-01,7,186,7,186,193
60601,ENTRE RIOS,estado nutricional en menores de 5 anos,clasificacion c,2002-01-01,122,197,122,197,319
41101,EUCALIPTUS,estado nutricional en menores de 5 anos,clasificacion c,2002-01-01,8,32,8,32,40
90503,EUREKA (SANTOS MERCADO),estado nutricional en menores de 5 anos,clasificacion c,2002-01-01,0,8,0,8,8
80402,EXALTACION,estado nutricional en menores de 5 anos,clasificacion c,2002-01-01,10,55,10,55,65
90203,FILADELFIA,estado nutricional en menores de 5 anos,clasificacion c,2002-01-01,9,31,9,31,40
71002,GENERAL SAAVEDRA,estado nutricional en menores de 5 anos,clasificacion c,2002-01-01,99,469,99,469,568
21601,GRAL. J.J. PEREZ (CHARAZANI),estado nutricional en menores de 5 anos,clasificacion c,2002-01-01,19,27,19,27,46
20602,GUANAY,estado nutricional en menores de 5 anos,clasificacion c,2002-01-01,67,525,67,525,592
20802,GUAQUI,estado nutricional en menores de 5 anos,clasificacion c,2002-01-01,3,13,3,13,16
80202,GUAYARAMERIN,estado nutricional en menores de 5 anos,clasificacion c,2002-01-01,327,211,327,211,538
70705,GUTIERREZ,estado nutricional en menores de 5 anos,clasificacion c,2002-01-01,70,552,70,552,622
10502,HUACARETA,estado nutricional en menores de 5 anos,clasificacion c,2002-01-01,43,389,43,389,432
11002,HUACAYA (VILLA DE HUACAYA),estado nutricional en menores de 5 anos,clasificacion c,2002-01-01,3,49,3,49,52
40501,HUACHACALLA,estado nutricional en menores de 5 anos,clasificacion c,2002-01-01,1,16,1,16,17
40701,HUANUNI,estado nutricional en menores de 5 anos,clasificacion c,2002-01-01,22,8,22,8,30
80803,HUARACAJE,estado nutricional en menores de 5 anos,clasificacion c,2002-01-01,4,25,4,25,29
41601,HUAYLLAMARCA,estado nutricional en menores de 5 anos,clasificacion c,2002-01-01,27,76,27,76,103
21005,ICHOCA,estado nutricional en menores de 5 anos,clasificacion c,2002-01-01,4,36,4,36,40
10304,ICLA,estado nutricional en menores de 5 anos,clasificacion c,2002-01-01,175,228,175,228,403
10703,INCAHUASI,estado nutricional en menores de 5 anos,clasificacion c,2002-01-01,19,200,19,200,219
21001,INQUISIVI,estado nutricional en menores de 5 anos,clasificacion c,2002-01-01,35,102,35,102,137
21102,IRUPANA (VILLA DE LANZA),estado nutricional en menores de 5 anos,clasificacion c,2002-01-01,51,204,51,204,255
21501,IXIAMAS,estado nutricional en menores de 5 anos,clasificacion c,2002-01-01,70,85,70,85,155
21105,LA ASUNTA,estado nutricional en menores de 5 anos,clasificacion c,2002-01-01,56,120,56,120,176
70104,LA GUARDIA,estado nutricional en menores de 5 anos,clasificacion c,2002-01-01,267,405,267,405,672
20101,LA PAZ,estado nutricional en menores de 5 anos,clasificacion c,2002-01-01,2701,3032,2701,3032,5733
41501,LA RIVERA,estado nutricional en menores de 5 anos,clasificacion c,2002-01-01,1,3,1,3,4
70701,LAGUNILLAS,estado nutricional en menores de 5 anos,clasificacion c,2002-01-01,71,98,71,98,169
21202,LAJA,estado nutricional en menores de 5 anos,clasificacion c,2002-01-01,1,91,1,91,92
10903,LAS CARRERAS,estado nutricional en menores de 5 anos,clasificacion c,2002-01-01,3,56,3,56,59
51401,LLICA,estado nutricional en menores de 5 anos,clasificacion c,2002-01-01,4,43,4,43,47
80601,LORETO,estado nutricional en menores de 5 anos,clasificacion c,2002-01-01,8,86,8,86,94
20901,LURIBAY,estado nutricional en menores de 5 anos,clasificacion c,2002-01-01,4,51,4,51,55
40702,MACHACAMARCA,estado nutricional en menores de 5 anos,clasificacion c,2002-01-01,59,35,59,35,94
11003,MACHARETI,estado nutricional en menores de 5 anos,clasificacion c,2002-01-01,18,381,18,381,399
80801,MAGDALENA,estado nutricional en menores de 5 anos,clasificacion c,2002-01-01,72,107,72,107,179
70903,MAIRANA,estado nutricional en menores de 5 anos,clasificacion c,2002-01-01,113,89,113,89,202
20103,MECAPACA,estado nutricional en menores de 5 anos,clasificacion c,2002-01-01,8,95,8,95,103
71003,MINEROS,estado nutricional en menores de 5 anos,clasificacion c,2002-01-01,155,778,155,778,933
31301,MIZQUE,estado nutricional en menores de 5 anos,clasificacion c,2002-01-01,34,86,34,86,120
20402,MOCOMOCO,estado nutricional en menores de 5 anos,clasificacion c,2002-01-01,69,31,69,31,100
51002,MOJINETE,estado nutricional en menores de 5 anos,clasificacion c,2002-01-01,1,18,1,18,19
10303,MOJOCOYA,estado nutricional en menores de 5 anos,clasificacion c,2002-01-01,215,253,215,253,468
10501,MONTEAGUDO,estado nutricional en menores de 5 anos,clasificacion c,2002-01-01,142,492,142,492,634
71001,MONTERO,estado nutricional en menores de 5 anos,clasificacion c,2002-01-01,113,1995,113,1995,2108
70803,MORO MORO,estado nutricional en menores de 5 anos,clasificacion c,2002-01-01,30,9,30,9,39
30302,MOROCHATA,estado nutricional en menores de 5 anos,clasificacion c,2002-01-01,24,23,24,23,47
90401,NACEBE (SANTA ROSA DEL ABUNA),estado nutricional en menores de 5 anos,clasificacion c,2002-01-01,0,10,0,10,10
20307,NAZACARA DE PACAJES,estado nutricional en menores de 5 anos,clasificacion c,2002-01-01,11,0,11,0,11
50404,OCURI,estado nutricional en menores de 5 anos,clasificacion c,2002-01-01,58,101,58,101,159
70202,OKINAWA,estado nutricional en menores de 5 anos,clasificacion c,2002-01-01,25,40,25,40,65
40101,ORURO,estado nutricional en menores de 5 anos,clasificacion c,2002-01-01,215,2062,215,2062,2277
60201,PADCAYA,estado nutricional en menores de 5 anos,clasificacion c,2002-01-01,73,162,73,162,235
10401,PADILLA,estado nutricional en menores de 5 anos,clasificacion c,2002-01-01,41,711,41,711,752
70502,PAILON,estado nutricional en menores de 5 anos,clasificacion c,2002-01-01,14,236,14,236,250
20102,PALCA,estado nutricional en menores de 5 anos,clasificacion c,2002-01-01,64,49,64,49,113
21104,PALOS BLANCOS,estado nutricional en menores de 5 anos,clasificacion c,2002-01-01,167,234,167,234,401
40802,PAMPA AULLAGAS,estado nutricional en menores de 5 anos,clasificacion c,2002-01-01,27,18,27,18,45
70902,PAMPA GRANDE,estado nutricional en menores de 5 anos,clasificacion c,2002-01-01,33,45,33,45,78
21802,PAPEL PAMPA,estado nutricional en menores de 5 anos,clasificacion c,2002-01-01,26,0,26,0,26
30202,PASORAPA,estado nutricional en menores de 5 anos,clasificacion c,2002-01-01,16,32,16,32,48
21305,PATACAMAYA,estado nutricional en menores de 5 anos,clasificacion c,2002-01-01,66,40,66,40,106
40602,PAZÃ‘A,estado nutricional en menores de 5 anos,clasificacion c,2002-01-01,8,67,8,67,75
20702,PELECHUCO,estado nutricional en menores de 5 anos,clasificacion c,2002-01-01,14,10,14,10,24
50403,POCOATA,estado nutricional en menores de 5 anos,clasificacion c,2002-01-01,91,232,91,232,323
31203,POCONA,estado nutricional en menores de 5 anos,clasificacion c,2002-01-01,13,105,13,105,118
31202,POJO (CBBA),estado nutricional en menores de 5 anos,clasificacion c,2002-01-01,187,334,187,334,521
40601,POOPO,estado nutricional en menores de 5 anos,clasificacion c,2002-01-01,3,88,3,88,91
51203,PORCO,estado nutricional en menores de 5 anos,clasificacion c,2002-01-01,43,26,43,26,69
10103,POROMA,estado nutricional en menores de 5 anos,clasificacion c,2002-01-01,132,226,132,226,358
70103,PORONGO,estado nutricional en menores de 5 anos,clasificacion c,2002-01-01,20,210,20,210,230
70601,PORTACHUELO,estado nutricional en menores de 5 anos,clasificacion c,2002-01-01,226,110,226,110,336
90102,PORVENIR,estado nutricional en menores de 5 anos,clasificacion c,2002-01-01,1,138,1,138,139
70804,POSTRER VALLE,estado nutricional en menores de 5 anos,clasificacion c,2002-01-01,1,15,1,15,16
50101,POTOSI,estado nutricional en menores de 5 anos,clasificacion c,2002-01-01,370,867,370,867,1237
10302,PRESTO,estado nutricional en menores de 5 anos,clasificacion c,2002-01-01,137,124,137,124,261
21201,PUCARANI,estado nutricional en menores de 5 anos,clasificacion c,2002-01-01,13,96,13,96,109
20401,PUERTO ACOSTA,estado nutricional en menores de 5 anos,clasificacion c,2002-01-01,101,120,101,120,221
20403,PUERTO CARABUCO,estado nutricional en menores de 5 anos,clasificacion c,2002-01-01,98,116,98,116,214
90301,PUERTO GONZALO MORENO,estado nutricional en menores de 5 anos,clasificacion c,2002-01-01,15,3,15,3,18
21204,PUERTO PEREZ,estado nutricional en menores de 5 anos,clasificacion c,2002-01-01,8,44,8,44,52
71402,PUERTO QUIJARRO,estado nutricional en menores de 5 anos,clasificacion c,2002-01-01,219,54,219,54,273
90201,PUERTO RICO,estado nutricional en menores de 5 anos,clasificacion c,2002-01-01,10,49,10,49,59
80703,PUERTO SILES,estado nutricional en menores de 5 anos,clasificacion c,2002-01-01,0,4,0,4,4
71401,PUERTO SUAREZ,estado nutricional en menores de 5 anos,clasificacion c,2002-01-01,242,37,242,37,279
31205,PUERTO VILLARROEL,estado nutricional en menores de 5 anos,clasificacion c,2002-01-01,334,311,334,311,645
51101,PUNA,estado nutricional en menores de 5 anos,clasificacion c,2002-01-01,67,359,67,359,426
31401,PUNATA,estado nutricional en menores de 5 anos,clasificacion c,2002-01-01,15,42,15,42,57
20604,QUIABAYA,estado nutricional en menores de 5 anos,clasificacion c,2002-01-01,1,28,1,28,29
30901,QUILLACOLLO,estado nutricional en menores de 5 anos,clasificacion c,2002-01-01,150,137,150,137,287
21002,QUIME,estado nutricional en menores de 5 anos,clasificacion c,2002-01-01,63,116,63,116,179
70904,QUIRUSILLAS,estado nutricional en menores de 5 anos,clasificacion c,2002-01-01,16,17,16,17,33
50402,RAVELO,estado nutricional en menores de 5 anos,clasificacion c,2002-01-01,51,217,51,217,268
80301,REYES,estado nutricional en menores de 5 anos,clasificacion c,2002-01-01,113,82,113,82,195
80201,RIBERALTA,estado nutricional en menores de 5 anos,clasificacion c,2002-01-01,698,456,698,456,1154
70503,ROBORE,estado nutricional en menores de 5 anos,clasificacion c,2002-01-01,29,170,29,170,199
80304,RURRENABAQUE,estado nutricional en menores de 5 anos,clasificacion c,2002-01-01,72,82,72,82,154
40901,SABAYA,estado nutricional en menores de 5 anos,clasificacion c,2002-01-01,2,15,2,15,17
31001,SACABA,estado nutricional en menores de 5 anos,clasificacion c,2002-01-01,243,144,243,144,387
30404,SACABAMBA,estado nutricional en menores de 5 anos,clasificacion c,2002-01-01,9,30,9,30,39
50701,SACACA,estado nutricional en menores de 5 anos,clasificacion c,2002-01-01,56,221,56,221,277
71302,SAIPINA,estado nutricional en menores de 5 anos,clasificacion c,2002-01-01,28,26,28,26,54
40801,SALINAS DE GARCI MENDOZA,estado nutricional en menores de 5 anos,clasificacion c,2002-01-01,32,61,32,61,93
70901,SAMAIPATA,estado nutricional en menores de 5 anos,clasificacion c,2002-01-01,128,57,128,57,185
51601,SAN AGUSTIN,estado nutricional en menores de 5 anos,clasificacion c,2002-01-01,11,45,11,45,56
51003,SAN ANTONIO DE ESMORUCO,estado nutricional en menores de 5 anos,clasificacion c,2002-01-01,2,1,2,1,3
71105,SAN ANTONIO DE LOMERIO,estado nutricional en menores de 5 anos,clasificacion c,2002-01-01,105,144,105,144,249
31403,SAN BENITO,estado nutricional en menores de 5 anos,clasificacion c,2002-01-01,0,128,0,128,128
80302,SAN BORJA,estado nutricional en menores de 5 anos,clasificacion c,2002-01-01,380,274,380,274,654
21502,SAN BUENA VENTURA,estado nutricional en menores de 5 anos,clasificacion c,2002-01-01,145,84,145,84,229
70402,SAN CARLOS,estado nutricional en menores de 5 anos,clasificacion c,2002-01-01,29,27,29,27,56
80501,SAN IGNACIO,estado nutricional en menores de 5 anos,clasificacion c,2002-01-01,42,452,42,452,494
70301,SAN IGNACIO DE VELASCO,estado nutricional en menores de 5 anos,clasificacion c,2002-01-01,500,305,500,305,805
80102,SAN JAVIER(BNI),estado nutricional en menores de 5 anos,clasificacion c,2002-01-01,0,17,0,17,17
71102,SAN JAVIER(STC),estado nutricional en menores de 5 anos,clasificacion c,2002-01-01,27,34,27,34,61
80701,SAN JOAQUIN,estado nutricional en menores de 5 anos,clasificacion c,2002-01-01,4,60,4,60,64
70501,SAN JOSE DE CHIQUITOS,estado nutricional en menores de 5 anos,clasificacion c,2002-01-01,109,67,109,67,176
71104,SAN JULIAN,estado nutricional en menores de 5 anos,clasificacion c,2002-01-01,191,440,191,440,631
90302,SAN LORENZO(PND),estado nutricional en menores de 5 anos,clasificacion c,2002-01-01,5,14,5,14,19
60501,SAN LORENZO(TJA),estado nutricional en menores de 5 anos,clasificacion c,2002-01-01,25,54,25,54,79
10702,SAN LUCAS,estado nutricional en menores de 5 anos,clasificacion c,2002-01-01,70,865,70,865,935
71201,SAN MATIAS,estado nutricional en menores de 5 anos,clasificacion c,2002-01-01,127,119,127,119,246
70302,SAN MIGUEL DE VELASCO,estado nutricional en menores de 5 anos,clasificacion c,2002-01-01,102,243,102,243,345
51001,SAN PABLO DE LIPEZ,estado nutricional en menores de 5 anos,clasificacion c,2002-01-01,14,31,14,31,45
50501,SAN PEDRO DE BUENA VISTA,estado nutricional en menores de 5 anos,clasificacion c,2002-01-01,2,92,2,92,94
21801,SAN PEDRO DE CURAHUARA,estado nutricional en menores de 5 anos,clasificacion c,2002-01-01,19,53,19,53,72
50902,SAN PEDRO DE QUEMES,estado nutricional en menores de 5 anos,clasificacion c,2002-01-01,0,12,0,12,12
21702,SAN PEDRO DE TIQUINA,estado nutricional en menores de 5 anos,clasificacion c,2002-01-01,7,93,7,93,100
90202,SAN PEDRO(PND),estado nutricional en menores de 5 anos,clasificacion c,2002-01-01,4,0,4,0,4
70303,SAN RAFAEL,estado nutricional en menores de 5 anos,clasificacion c,2002-01-01,60,39,60,39,99
80702,SAN RAMON,estado nutricional en menores de 5 anos,clasificacion c,2002-01-01,133,89,133,89,222
80702,SAN RAMON,estado nutricional en menores de 5 anos,clasificacion c,2002-01-01,8,254,8,254,262
80401,SANTA ANA,estado nutricional en menores de 5 anos,clasificacion c,2002-01-01,149,84,149,84,233
70101,SANTA CRUZ DE LA SIERRA,estado nutricional en menores de 5 anos,clasificacion c,2002-01-01,1621,2438,1621,2438,4059
80303,SANTA ROSA,estado nutricional en menores de 5 anos,clasificacion c,2002-01-01,76,46,76,46,122
70602,SANTA ROSA DEL SARA,estado nutricional en menores de 5 anos,clasificacion c,2002-01-01,40,138,40,138,178
20308,SANTIAGO DE CALLAPA,estado nutricional en menores de 5 anos,clasificacion c,2002-01-01,1,11,1,11,12
41401,SANTIAGO DE HUARI,estado nutricional en menores de 5 anos,clasificacion c,2002-01-01,22,28,22,28,50
21901,SANTIAGO DE MACHACA,estado nutricional en menores de 5 anos,clasificacion c,2002-01-01,21,13,21,13,34
30702,SANTIVAÃ‘ES,estado nutricional en menores de 5 anos,clasificacion c,2002-01-01,119,83,119,83,202
40202,SANTUARIO DE QUILLACAS,estado nutricional en menores de 5 anos,clasificacion c,2002-01-01,2,20,2,20,22
20902,SAPAHAQUI,estado nutricional en menores de 5 anos,clasificacion c,2002-01-01,0,28,0,28,28
90303,SENA,estado nutricional en menores de 5 anos,clasificacion c,2002-01-01,1,29,1,29,30
21301,SICA SICA (VILLA AROMA),estado nutricional en menores de 5 anos,clasificacion c,2002-01-01,56,34,56,34,90
30703,SICAYA,estado nutricional en menores de 5 anos,clasificacion c,2002-01-01,2,28,2,28,30
30902,SIPE SIPE,estado nutricional en menores de 5 anos,clasificacion c,2002-01-01,384,269,384,269,653
10403,SOPACHUY,estado nutricional en menores de 5 anos,clasificacion c,2002-01-01,15,104,15,104,119
20601,SORATA,estado nutricional en menores de 5 anos,clasificacion c,2002-01-01,139,244,139,244,383
10101,SUCRE,estado nutricional en menores de 5 anos,clasificacion c,2002-01-01,387,3027,387,3027,3414
31404,TACACHI,estado nutricional en menores de 5 anos,clasificacion c,2002-01-01,4,24,4,24,28
20603,TACACOMA,estado nutricional en menores de 5 anos,clasificacion c,2002-01-01,14,27,14,27,41
50303,TACOBAMBA,estado nutricional en menores de 5 anos,clasificacion c,2002-01-01,27,133,27,133,160
30602,TACOPAYA,estado nutricional en menores de 5 anos,clasificacion c,2002-01-01,58,81,58,81,139
51402,TAHUA,estado nutricional en menores de 5 anos,clasificacion c,2002-01-01,4,32,4,32,36
31101,TAPACARI,estado nutricional en menores de 5 anos,clasificacion c,2002-01-01,18,96,18,96,114
10601,TARABUCO,estado nutricional en menores de 5 anos,clasificacion c,2002-01-01,86,996,86,996,1082
30401,TARATA,estado nutricional en menores de 5 anos,clasificacion c,2002-01-01,13,129,13,129,142
60101,TARIJA,estado nutricional en menores de 5 anos,clasificacion c,2002-01-01,414,721,414,721,1135
10202,TARVITA,estado nutricional en menores de 5 anos,clasificacion c,2002-01-01,140,149,140,149,289
20803,TIAWANACU,estado nutricional en menores de 5 anos,clasificacion c,2002-01-01,47,16,47,16,63
50102,TINGUIPAYA,estado nutricional en menores de 5 anos,clasificacion c,2002-01-01,19,52,19,52,71
20606,TIPUANI,estado nutricional en menores de 5 anos,clasificacion c,2002-01-01,74,23,74,23,97
30903,TIQUIPAYA,estado nutricional en menores de 5 anos,clasificacion c,2002-01-01,6,80,6,80,86
31601,TIRAQUE (CBBA),estado nutricional en menores de 5 anos,clasificacion c,2002-01-01,145,224,145,224,369
21703,TITO YUPANQUI (PARQUIPUJIO),estado nutricional en menores de 5 anos,clasificacion c,2002-01-01,2,22,2,22,24
30802,TOCO,estado nutricional en menores de 5 anos,clasificacion c,2002-01-01,0,4,0,4,4
41502,TODOS SANTOS,estado nutricional en menores de 5 anos,clasificacion c,2002-01-01,0,1,0,1,1
30803,TOLATA,estado nutricional en menores de 5 anos,clasificacion c,2002-01-01,7,11,7,11,18
41001,TOLEDO,estado nutricional en menores de 5 anos,clasificacion c,2002-01-01,47,22,47,22,69
51202,TOMAVE,estado nutricional en menores de 5 anos,clasificacion c,2002-01-01,13,179,13,179,192
10402,TOMINA,estado nutricional en menores de 5 anos,clasificacion c,2002-01-01,93,324,93,324,417
50502,TORO TORO,estado nutricional en menores de 5 anos,clasificacion c,2002-01-01,3,34,3,34,37
31201,TOTORA(CBBA),estado nutricional en menores de 5 anos,clasificacion c,2002-01-01,37,51,37,51,88
41301,TOTORA(ORR),estado nutricional en menores de 5 anos,clasificacion c,2002-01-01,7,50,7,50,57
70802,TRIGAL,estado nutricional en menores de 5 anos,clasificacion c,2002-01-01,18,14,18,14,32
80101,TRINIDAD,estado nutricional en menores de 5 anos,clasificacion c,2002-01-01,127,538,127,538,665
50801,TUPIZA,estado nutricional en menores de 5 anos,clasificacion c,2002-01-01,68,916,68,916,984
40402,TURCO,estado nutricional en menores de 5 anos,clasificacion c,2002-01-01,33,16,33,16,49
21302,UMALA,estado nutricional en menores de 5 anos,clasificacion c,2002-01-01,13,21,13,21,34
50201,UNCIA,estado nutricional en menores de 5 anos,clasificacion c,2002-01-01,7,63,7,63,70
60401,URIONDO (A. CONCEPCION),estado nutricional en menores de 5 anos,clasificacion c,2002-01-01,80,96,80,96,176
71502,URUBICHA,estado nutricional en menores de 5 anos,clasificacion c,2002-01-01,7,50,7,50,57
51201,UYUNI,estado nutricional en menores de 5 anos,clasificacion c,2002-01-01,30,179,30,179,209
30502,VACAS,estado nutricional en menores de 5 anos,clasificacion c,2002-01-01,18,42,18,42,60
70801,VALLEGRANDE,estado nutricional en menores de 5 anos,clasificacion c,2002-01-01,136,219,136,219,355
20801,VIACHA,estado nutricional en menores de 5 anos,clasificacion c,2002-01-01,73,367,73,367,440
31302,VILA VILA,estado nutricional en menores de 5 anos,clasificacion c,2002-01-01,4,20,4,20,24
60303,VILLA MONTES,estado nutricional en menores de 5 anos,clasificacion c,2002-01-01,210,183,210,183,393
31402,VILLA RIVERO,estado nutricional en menores de 5 anos,clasificacion c,2002-01-01,4,14,4,14,18
10801,VILLA SERRANO,estado nutricional en menores de 5 anos,clasificacion c,2002-01-01,25,515,25,515,540
31003,VILLA TUNARI,estado nutricional en menores de 5 anos,clasificacion c,2002-01-01,259,285,259,285,544
11001,VILLA VACA GUZMAN (MUYUPAMPA),estado nutricional en menores de 5 anos,clasificacion c,2002-01-01,23,357,23,357,380
51501,VILLAZON,estado nutricional en menores de 5 anos,clasificacion c,2002-01-01,60,611,60,611,671
30904,VINTO,estado nutricional en menores de 5 anos,clasificacion c,2002-01-01,93,92,93,92,185
50602,VITICHI,estado nutricional en menores de 5 anos,clasificacion c,2002-01-01,44,121,44,121,165
20306,WALDO BALLIVIAN,estado nutricional en menores de 5 anos,clasificacion c,2002-01-01,1,14,1,14,15
70201,WARNES,estado nutricional en menores de 5 anos,clasificacion c,2002-01-01,311,361,311,361,672
20903,YACO,estado nutricional en menores de 5 anos,clasificacion c,2002-01-01,3,31,3,31,34
60301,YACUIBA,estado nutricional en menores de 5 anos,clasificacion c,2002-01-01,334,115,334,115,449
10602,YAMPARAEZ,estado nutricional en menores de 5 anos,clasificacion c,2002-01-01,303,421,303,421,724
21103,YANACACHI,estado nutricional en menores de 5 anos,clasificacion c,2002-01-01,64,35,64,35,99
70403,YAPACANI,estado nutricional en menores de 5 anos,clasificacion c,2002-01-01,316,362,316,362,678
50103,YOCALLA,estado nutricional en menores de 5 anos,clasificacion c,2002-01-01,7,72,7,72,79
10102,YOTALA,estado nutricional en menores de 5 anos,clasificacion c,2002-01-01,168,281,168,281,449
60402,YUNCHARA,estado nutricional en menores de 5 anos,clasificacion c,2002-01-01,17,34,17,34,51
10301,ZUDAÃ‘EZ,estado nutricional en menores de 5 anos,clasificacion c,2002-01-01,183,202,183,202,385
51302,ACACIO,estado nutricional en menores de 5 anos,clasificacion c,2002-02-01,7,160,7,160,167
20201,ACHACACHI,estado nutricional en menores de 5 anos,clasificacion c,2002-02-01,306,595,306,595,901
20104,ACHOCALLA,estado nutricional en menores de 5 anos,clasificacion c,2002-02-01,2,45,2,45,47
30201,AIQUILE,estado nutricional en menores de 5 anos,clasificacion c,2002-02-01,3,7,3,7,10
31303,ALALAY,estado nutricional en menores de 5 anos,clasificacion c,2002-02-01,2,15,2,15,17
10404,ALCALA,estado nutricional en menores de 5 anos,clasificacion c,2002-02-01,53,79,53,79,132
20202,ANCORAIMES,estado nutricional en menores de 5 anos,clasificacion c,2002-02-01,117,184,117,184,301
41201,ANDAMARCA,estado nutricional en menores de 5 anos,clasificacion c,2002-02-01,13,9,13,9,22
40603,ANTEQUERA,estado nutricional en menores de 5 anos,clasificacion c,2002-02-01,16,1,16,1,17
30402,ANZALDO,estado nutricional en menores de 5 anos,clasificacion c,2002-02-01,3,60,3,60,63
20701,APOLO,estado nutricional en menores de 5 anos,clasificacion c,2002-02-01,47,8,47,8,55
51301,ARAMPAMPA,estado nutricional en menores de 5 anos,clasificacion c,2002-02-01,8,95,8,95,103
30501,ARANI,estado nutricional en menores de 5 anos,clasificacion c,2002-02-01,4,17,4,17,21
30403,ARBIETO,estado nutricional en menores de 5 anos,clasificacion c,2002-02-01,0,32,0,32,32
30601,ARQUE,estado nutricional en menores de 5 anos,clasificacion c,2002-02-01,2,14,2,14,16
71501,ASCENCION DE GUARAYOS,estado nutricional en menores de 5 anos,clasificacion c,2002-02-01,344,529,344,529,873
50802,ATOCHA,estado nutricional en menores de 5 anos,clasificacion c,2002-02-01,16,104,16,104,120
20502,AYATA,estado nutricional en menores de 5 anos,clasificacion c,2002-02-01,16,7,16,7,23
21303,AYO AYO,estado nutricional en menores de 5 anos,clasificacion c,2002-02-01,66,17,66,17,83
30301,AYOPAYA (V. DE INDEPENDENCIA),estado nutricional en menores de 5 anos,clasificacion c,2002-02-01,163,153,163,153,316
10201,AZURDUY,estado nutricional en menores de 5 anos,clasificacion c,2002-02-01,63,216,63,216,279
21203,BATALLAS,estado nutricional en menores de 5 anos,clasificacion c,2002-02-01,9,259,9,259,268
80802,BAURES,estado nutricional en menores de 5 anos,clasificacion c,2002-02-01,52,75,52,75,127
41202,BELEN DE ANDAMARCA,estado nutricional en menores de 5 anos,clasificacion c,2002-02-01,5,6,5,6,11
50104,BELEN DE URMIRI,estado nutricional en menores de 5 anos,clasificacion c,2002-02-01,1,19,1,19,20
90104,BELLA FLOR,estado nutricional en menores de 5 anos,clasificacion c,2002-02-01,71,112,71,112,183
60202,BERMEJO,estado nutricional en menores de 5 anos,clasificacion c,2002-02-01,27,73,27,73,100
50301,BETANZOS,estado nutricional en menores de 5 anos,clasificacion c,2002-02-01,50,305,50,305,355
31501,BOLIVAR,estado nutricional en menores de 5 anos,clasificacion c,2002-02-01,42,58,42,58,100
90103,BOLPEBRA,estado nutricional en menores de 5 anos,clasificacion c,2002-02-01,2,10,2,10,12
70707,BOYUIBE,estado nutricional en menores de 5 anos,clasificacion c,2002-02-01,6,91,6,91,97
70401,BUENA VISTA,estado nutricional en menores de 5 anos,clasificacion c,2002-02-01,202,184,202,184,386
70703,CABEZAS,estado nutricional en menores de 5 anos,clasificacion c,2002-02-01,19,153,19,153,172
20905,CAIROMA,estado nutricional en menores de 5 anos,clasificacion c,2002-02-01,3,13,3,13,16
51102,"CAIZA ""D""",estado nutricional en menores de 5 anos,clasificacion c,2002-02-01,65,294,65,294,359
21003,CAJUATA,estado nutricional en menores de 5 anos,clasificacion c,2002-02-01,38,12,38,12,50
20303,CALACOTO,estado nutricional en menores de 5 anos,clasificacion c,2002-02-01,13,11,13,11,24
21304,CALAMARCA,estado nutricional en menores de 5 anos,clasificacion c,2002-02-01,34,7,34,7,41
10701,CAMARGO,estado nutricional en menores de 5 anos,clasificacion c,2002-02-01,6,122,6,122,128
10901,CAMATAQUI (C. VILLA ABECIA),estado nutricional en menores de 5 anos,clasificacion c,2002-02-01,1,39,1,39,40
70706,CAMIRI,estado nutricional en menores de 5 anos,clasificacion c,2002-02-01,154,246,154,246,400
30701,CAPINOTA,estado nutricional en menores de 5 anos,clasificacion c,2002-02-01,34,15,34,15,49
20302,CAQUIAVIRI,estado nutricional en menores de 5 anos,clasificacion c,2002-02-01,30,33,30,33,63
40102,CARACOLLO,estado nutricional en menores de 5 anos,clasificacion c,2002-02-01,118,170,118,170,288
22001,CARANAVI,estado nutricional en menores de 5 anos,clasificacion c,2002-02-01,249,356,249,356,605
60302,CARAPARI,estado nutricional en menores de 5 anos,clasificacion c,2002-02-01,55,91,55,91,146
50702,CARIPUYO,estado nutricional en menores de 5 anos,clasificacion c,2002-02-01,14,73,14,73,87
21902,CATACORA,estado nutricional en menores de 5 anos,clasificacion c,2002-02-01,5,1,5,1,6
40201,CHALLAPATA,estado nutricional en menores de 5 anos,clasificacion c,2002-02-01,47,34,47,34,81
50302,CHAQUI,estado nutricional en menores de 5 anos,clasificacion c,2002-02-01,19,65,19,65,84
70702,CHARAGUA,estado nutricional en menores de 5 anos,clasificacion c,2002-02-01,44,567,44,567,611
20305,CHARAÃ‘A,estado nutricional en menores de 5 anos,clasificacion c,2002-02-01,8,12,8,12,20
31204,CHIMORE,estado nutricional en menores de 5 anos,clasificacion c,2002-02-01,39,21,39,21,60
40903,CHIPAYA,estado nutricional en menores de 5 anos,clasificacion c,2002-02-01,1,2,1,2,3
40302,CHOQUE COTA,estado nutricional en menores de 5 anos,clasificacion c,2002-02-01,3,12,3,12,15
21101,CHULUMANI (V. DE LA LIBERTAD),estado nutricional en menores de 5 anos,clasificacion c,2002-02-01,51,32,51,32,83
20501,CHUMA,estado nutricional en menores de 5 anos,clasificacion c,2002-02-01,4,4,4,4,8
30801,CLIZA,estado nutricional en menores de 5 anos,clasificacion c,2002-02-01,20,75,20,75,95
90101,COBIJA,estado nutricional en menores de 5 anos,clasificacion c,2002-02-01,103,46,103,46,149
30101,COCHABAMBA,estado nutricional en menores de 5 anos,clasificacion c,2002-02-01,812,844,812,844,1656
40902,COIPASA,estado nutricional en menores de 5 anos,clasificacion c,2002-02-01,2,3,2,3,5
30905,COLCAPIRHUA,estado nutricional en menores de 5 anos,clasificacion c,2002-02-01,150,141,150,141,291
50901,"COLCHA ""K""",estado nutricional en menores de 5 anos,clasificacion c,2002-02-01,10,92,10,92,102
21307,COLLANA,estado nutricional en menores de 5 anos,clasificacion c,2002-02-01,12,0,12,0,12
31002,COLOMI,estado nutricional en menores de 5 anos,clasificacion c,2002-02-01,130,126,130,126,256
50401,COLQUECHACA,estado nutricional en menores de 5 anos,clasificacion c,2002-02-01,75,104,75,104,179
21306,COLQUENCHA,estado nutricional en menores de 5 anos,clasificacion c,2002-02-01,32,11,32,11,43
21004,COLQUIRI,estado nutricional en menores de 5 anos,clasificacion c,2002-02-01,74,50,74,50,124
20304,COMANCHE,estado nutricional en menores de 5 anos,clasificacion c,2002-02-01,2,12,2,12,14
71301,COMARAPA,estado nutricional en menores de 5 anos,clasificacion c,2002-02-01,30,132,30,132,162
20605,COMBAYA,estado nutricional en menores de 5 anos,clasificacion c,2002-02-01,0,56,0,56,56
71101,CONCEPCION,estado nutricional en menores de 5 anos,clasificacion c,2002-02-01,4,119,4,119,123
21701,COPACABANA,estado nutricional en menores de 5 anos,clasificacion c,2002-02-01,47,189,47,189,236
21402,CORIPATA,estado nutricional en menores de 5 anos,clasificacion c,2002-02-01,21,16,21,16,37
20301,CORO CORO,estado nutricional en menores de 5 anos,clasificacion c,2002-02-01,35,26,35,26,61
21401,COROICO,estado nutricional en menores de 5 anos,clasificacion c,2002-02-01,90,25,90,25,115
40301,CORQUE,estado nutricional en menores de 5 anos,clasificacion c,2002-02-01,30,26,30,26,56
50601,COTAGAITA,estado nutricional en menores de 5 anos,clasificacion c,2002-02-01,61,196,61,196,257
70102,COTOCA,estado nutricional en menores de 5 anos,clasificacion c,2002-02-01,95,177,95,177,272
31405,CUCHUMUELA (V. G. VILLARROEL),estado nutricional en menores de 5 anos,clasificacion c,2002-02-01,3,10,3,10,13
70704,CUEVO,estado nutricional en menores de 5 anos,clasificacion c,2002-02-01,63,78,63,78,141
10902,CULPINA,estado nutricional en menores de 5 anos,clasificacion c,2002-02-01,32,418,32,418,450
40401,CURAHUARA DE CARANGAS,estado nutricional en menores de 5 anos,clasificacion c,2002-02-01,32,20,32,20,52
21602,CURVA,estado nutricional en menores de 5 anos,clasificacion c,2002-02-01,17,3,17,3,20
20804,DESAGUADERO,estado nutricional en menores de 5 anos,clasificacion c,2002-02-01,5,61,5,61,66
20105,EL ALTO,estado nutricional en menores de 5 anos,clasificacion c,2002-02-01,2873,1940,2873,1940,4813
40103,EL CHORO,estado nutricional en menores de 5 anos,clasificacion c,2002-02-01,4,11,4,11,15
71503,EL PUENTE(STC),estado nutricional en menores de 5 anos,clasificacion c,2002-02-01,43,221,43,221,264
60502,EL PUENTE(TJA),estado nutricional en menores de 5 anos,clasificacion c,2002-02-01,39,104,39,104,143
70105,EL TORNO,estado nutricional en menores de 5 anos,clasificacion c,2002-02-01,213,103,213,103,316
10405,EL VILLAR,estado nutricional en menores de 5 anos,clasificacion c,2002-02-01,65,95,65,95,160
60601,ENTRE RIOS,estado nutricional en menores de 5 anos,clasificacion c,2002-02-01,87,128,87,128,215
41101,EUCALIPTUS,estado nutricional en menores de 5 anos,clasificacion c,2002-02-01,8,83,8,83,91
90503,EUREKA (SANTOS MERCADO),estado nutricional en menores de 5 anos,clasificacion c,2002-02-01,0,3,0,3,3
80402,EXALTACION,estado nutricional en menores de 5 anos,clasificacion c,2002-02-01,7,47,7,47,54
90203,FILADELFIA,estado nutricional en menores de 5 anos,clasificacion c,2002-02-01,4,17,4,17,21
71002,GENERAL SAAVEDRA,estado nutricional en menores de 5 anos,clasificacion c,2002-02-01,52,422,52,422,474
21601,GRAL. J.J. PEREZ (CHARAZANI),estado nutricional en menores de 5 anos,clasificacion c,2002-02-01,26,22,26,22,48
20602,GUANAY,estado nutricional en menores de 5 anos,clasificacion c,2002-02-01,31,250,31,250,281
20802,GUAQUI,estado nutricional en menores de 5 anos,clasificacion c,2002-02-01,4,34,4,34,38
80202,GUAYARAMERIN,estado nutricional en menores de 5 anos,clasificacion c,2002-02-01,167,87,167,87,254
70705,GUTIERREZ,estado nutricional en menores de 5 anos,clasificacion c,2002-02-01,83,387,83,387,470
10502,HUACARETA,estado nutricional en menores de 5 anos,clasificacion c,2002-02-01,161,293,161,293,454
11002,HUACAYA (VILLA DE HUACAYA),estado nutricional en menores de 5 anos,clasificacion c,2002-02-01,28,37,28,37,65
40501,HUACHACALLA,estado nutricional en menores de 5 anos,clasificacion c,2002-02-01,4,29,4,29,33
80803,HUARACAJE,estado nutricional en menores de 5 anos,clasificacion c,2002-02-01,38,35,38,35,73
41601,HUAYLLAMARCA,estado nutricional en menores de 5 anos,clasificacion c,2002-02-01,30,13,30,13,43
21005,ICHOCA,estado nutricional en menores de 5 anos,clasificacion c,2002-02-01,18,62,18,62,80
10304,ICLA,estado nutricional en menores de 5 anos,clasificacion c,2002-02-01,111,168,111,168,279
10703,INCAHUASI,estado nutricional en menores de 5 anos,clasificacion c,2002-02-01,22,316,22,316,338
21001,INQUISIVI,estado nutricional en menores de 5 anos,clasificacion c,2002-02-01,18,75,18,75,93
21102,IRUPANA (VILLA DE LANZA),estado nutricional en menores de 5 anos,clasificacion c,2002-02-01,42,161,42,161,203
21501,IXIAMAS,estado nutricional en menores de 5 anos,clasificacion c,2002-02-01,47,61,47,61,108
21105,LA ASUNTA,estado nutricional en menores de 5 anos,clasificacion c,2002-02-01,51,159,51,159,210
70104,LA GUARDIA,estado nutricional en menores de 5 anos,clasificacion c,2002-02-01,333,180,333,180,513
20101,LA PAZ,estado nutricional en menores de 5 anos,clasificacion c,2002-02-01,2535,2312,2535,2312,4847
41501,LA RIVERA,estado nutricional en menores de 5 anos,clasificacion c,2002-02-01,2,2,2,2,4
70701,LAGUNILLAS,estado nutricional en menores de 5 anos,clasificacion c,2002-02-01,25,67,25,67,92
21202,LAJA,estado nutricional en menores de 5 anos,clasificacion c,2002-02-01,3,84,3,84,87
10903,LAS CARRERAS,estado nutricional en menores de 5 anos,clasificacion c,2002-02-01,7,74,7,74,81
51401,LLICA,estado nutricional en menores de 5 anos,clasificacion c,2002-02-01,4,38,4,38,42
80601,LORETO,estado nutricional en menores de 5 anos,clasificacion c,2002-02-01,3,46,3,46,49
20901,LURIBAY,estado nutricional en menores de 5 anos,clasificacion c,2002-02-01,6,86,6,86,92
40702,MACHACAMARCA,estado nutricional en menores de 5 anos,clasificacion c,2002-02-01,28,8,28,8,36
11003,MACHARETI,estado nutricional en menores de 5 anos,clasificacion c,2002-02-01,133,135,133,135,268
80801,MAGDALENA,estado nutricional en menores de 5 anos,clasificacion c,2002-02-01,29,23,29,23,52
70903,MAIRANA,estado nutricional en menores de 5 anos,clasificacion c,2002-02-01,92,49,92,49,141
20103,MECAPACA,estado nutricional en menores de 5 anos,clasificacion c,2002-02-01,59,111,59,111,170
71003,MINEROS,estado nutricional en menores de 5 anos,clasificacion c,2002-02-01,287,380,287,380,667
31301,MIZQUE,estado nutricional en menores de 5 anos,clasificacion c,2002-02-01,25,106,25,106,131
20402,MOCOMOCO,estado nutricional en menores de 5 anos,clasificacion c,2002-02-01,75,128,75,128,203
51002,MOJINETE,estado nutricional en menores de 5 anos,clasificacion c,2002-02-01,0,5,0,5,5
10303,MOJOCOYA,estado nutricional en menores de 5 anos,clasificacion c,2002-02-01,221,278,221,278,499
10501,MONTEAGUDO,estado nutricional en menores de 5 anos,clasificacion c,2002-02-01,374,370,374,370,744
71001,MONTERO,estado nutricional en menores de 5 anos,clasificacion c,2002-02-01,67,1208,67,1208,1275
70803,MORO MORO,estado nutricional en menores de 5 anos,clasificacion c,2002-02-01,16,8,16,8,24
30302,MOROCHATA,estado nutricional en menores de 5 anos,clasificacion c,2002-02-01,45,56,45,56,101
90401,NACEBE (SANTA ROSA DEL ABUNA),estado nutricional en menores de 5 anos,clasificacion c,2002-02-01,0,12,0,12,12
20307,NAZACARA DE PACAJES,estado nutricional en menores de 5 anos,clasificacion c,2002-02-01,6,1,6,1,7
50404,OCURI,estado nutricional en menores de 5 anos,clasificacion c,2002-02-01,60,71,60,71,131
70202,OKINAWA,estado nutricional en menores de 5 anos,clasificacion c,2002-02-01,39,56,39,56,95
30203,OMEREQUE,estado nutricional en menores de 5 anos,clasificacion c,2002-02-01,13,47,13,47,60
40101,ORURO,estado nutricional en menores de 5 anos,clasificacion c,2002-02-01,273,1313,273,1313,1586
60201,PADCAYA,estado nutricional en menores de 5 anos,clasificacion c,2002-02-01,85,110,85,110,195
10401,PADILLA,estado nutricional en menores de 5 anos,clasificacion c,2002-02-01,260,395,260,395,655
70502,PAILON,estado nutricional en menores de 5 anos,clasificacion c,2002-02-01,10,162,10,162,172
20102,PALCA,estado nutricional en menores de 5 anos,clasificacion c,2002-02-01,112,55,112,55,167
21104,PALOS BLANCOS,estado nutricional en menores de 5 anos,clasificacion c,2002-02-01,184,133,184,133,317
40802,PAMPA AULLAGAS,estado nutricional en menores de 5 anos,clasificacion c,2002-02-01,23,9,23,9,32
70902,PAMPA GRANDE,estado nutricional en menores de 5 anos,clasificacion c,2002-02-01,36,47,36,47,83
21802,PAPEL PAMPA,estado nutricional en menores de 5 anos,clasificacion c,2002-02-01,9,27,9,27,36
30202,PASORAPA,estado nutricional en menores de 5 anos,clasificacion c,2002-02-01,28,29,28,29,57
21305,PATACAMAYA,estado nutricional en menores de 5 anos,clasificacion c,2002-02-01,52,12,52,12,64
40602,PAZÃ‘A,estado nutricional en menores de 5 anos,clasificacion c,2002-02-01,4,54,4,54,58
20702,PELECHUCO,estado nutricional en menores de 5 anos,clasificacion c,2002-02-01,14,12,14,12,26
50403,POCOATA,estado nutricional en menores de 5 anos,clasificacion c,2002-02-01,97,180,97,180,277
31203,POCONA,estado nutricional en menores de 5 anos,clasificacion c,2002-02-01,35,67,35,67,102
31202,POJO (CBBA),estado nutricional en menores de 5 anos,clasificacion c,2002-02-01,139,260,139,260,399
40601,POOPO,estado nutricional en menores de 5 anos,clasificacion c,2002-02-01,2,27,2,27,29
51203,PORCO,estado nutricional en menores de 5 anos,clasificacion c,2002-02-01,57,57,57,57,114
10103,POROMA,estado nutricional en menores de 5 anos,clasificacion c,2002-02-01,174,146,174,146,320
70103,PORONGO,estado nutricional en menores de 5 anos,clasificacion c,2002-02-01,97,44,97,44,141
70601,PORTACHUELO,estado nutricional en menores de 5 anos,clasificacion c,2002-02-01,129,68,129,68,197
90102,PORVENIR,estado nutricional en menores de 5 anos,clasificacion c,2002-02-01,1,8,1,8,9
50101,POTOSI,estado nutricional en menores de 5 anos,clasificacion c,2002-02-01,415,352,415,352,767
10302,PRESTO,estado nutricional en menores de 5 anos,clasificacion c,2002-02-01,147,120,147,120,267
70805,PUCARA,estado nutricional en menores de 5 anos,clasificacion c,2002-02-01,3,3,3,3,6
21201,PUCARANI,estado nutricional en menores de 5 anos,clasificacion c,2002-02-01,10,125,10,125,135
20401,PUERTO ACOSTA,estado nutricional en menores de 5 anos,clasificacion c,2002-02-01,67,85,67,85,152
20403,PUERTO CARABUCO,estado nutricional en menores de 5 anos,clasificacion c,2002-02-01,74,157,74,157,231
90301,PUERTO GONZALO MORENO,estado nutricional en menores de 5 anos,clasificacion c,2002-02-01,1,20,1,20,21
21204,PUERTO PEREZ,estado nutricional en menores de 5 anos,clasificacion c,2002-02-01,4,38,4,38,42
71402,PUERTO QUIJARRO,estado nutricional en menores de 5 anos,clasificacion c,2002-02-01,143,57,143,57,200
90201,PUERTO RICO,estado nutricional en menores de 5 anos,clasificacion c,2002-02-01,0,16,0,16,16
80703,PUERTO SILES,estado nutricional en menores de 5 anos,clasificacion c,2002-02-01,0,5,0,5,5
71401,PUERTO SUAREZ,estado nutricional en menores de 5 anos,clasificacion c,2002-02-01,121,21,121,21,142
31205,PUERTO VILLARROEL,estado nutricional en menores de 5 anos,clasificacion c,2002-02-01,214,154,214,154,368
51101,PUNA,estado nutricional en menores de 5 anos,clasificacion c,2002-02-01,22,211,22,211,233
31401,PUNATA,estado nutricional en menores de 5 anos,clasificacion c,2002-02-01,2,27,2,27,29
20604,QUIABAYA,estado nutricional en menores de 5 anos,clasificacion c,2002-02-01,3,79,3,79,82
30901,QUILLACOLLO,estado nutricional en menores de 5 anos,clasificacion c,2002-02-01,4,23,4,23,27
21002,QUIME,estado nutricional en menores de 5 anos,clasificacion c,2002-02-01,45,96,45,96,141
70904,QUIRUSILLAS,estado nutricional en menores de 5 anos,clasificacion c,2002-02-01,11,8,11,8,19
50402,RAVELO,estado nutricional en menores de 5 anos,clasificacion c,2002-02-01,122,162,122,162,284
80301,REYES,estado nutricional en menores de 5 anos,clasificacion c,2002-02-01,45,30,45,30,75
80201,RIBERALTA,estado nutricional en menores de 5 anos,clasificacion c,2002-02-01,276,169,276,169,445
70503,ROBORE,estado nutricional en menores de 5 anos,clasificacion c,2002-02-01,19,148,19,148,167
80304,RURRENABAQUE,estado nutricional en menores de 5 anos,clasificacion c,2002-02-01,66,54,66,54,120
40901,SABAYA,estado nutricional en menores de 5 anos,clasificacion c,2002-02-01,1,20,1,20,21
31001,SACABA,estado nutricional en menores de 5 anos,clasificacion c,2002-02-01,155,29,155,29,184
30404,SACABAMBA,estado nutricional en menores de 5 anos,clasificacion c,2002-02-01,6,47,6,47,53
50701,SACACA,estado nutricional en menores de 5 anos,clasificacion c,2002-02-01,66,213,66,213,279
71302,SAIPINA,estado nutricional en menores de 5 anos,clasificacion c,2002-02-01,24,18,24,18,42
40801,SALINAS DE GARCI MENDOZA,estado nutricional en menores de 5 anos,clasificacion c,2002-02-01,25,24,25,24,49
70901,SAMAIPATA,estado nutricional en menores de 5 anos,clasificacion c,2002-02-01,82,26,82,26,108
51601,SAN AGUSTIN,estado nutricional en menores de 5 anos,clasificacion c,2002-02-01,5,37,5,37,42
51003,SAN ANTONIO DE ESMORUCO,estado nutricional en menores de 5 anos,clasificacion c,2002-02-01,3,32,3,32,35
71105,SAN ANTONIO DE LOMERIO,estado nutricional en menores de 5 anos,clasificacion c,2002-02-01,88,143,88,143,231
31403,SAN BENITO,estado nutricional en menores de 5 anos,clasificacion c,2002-02-01,11,242,11,242,253
80302,SAN BORJA,estado nutricional en menores de 5 anos,clasificacion c,2002-02-01,204,140,204,140,344
21502,SAN BUENA VENTURA,estado nutricional en menores de 5 anos,clasificacion c,2002-02-01,78,70,78,70,148
70402,SAN CARLOS,estado nutricional en menores de 5 anos,clasificacion c,2002-02-01,10,43,10,43,53
80501,SAN IGNACIO,estado nutricional en menores de 5 anos,clasificacion c,2002-02-01,39,259,39,259,298
70301,SAN IGNACIO DE VELASCO,estado nutricional en menores de 5 anos,clasificacion c,2002-02-01,526,377,526,377,903
80102,SAN JAVIER(BNI),estado nutricional en menores de 5 anos,clasificacion c,2002-02-01,16,26,16,26,42
71102,SAN JAVIER(STC),estado nutricional en menores de 5 anos,clasificacion c,2002-02-01,19,238,19,238,257
80701,SAN JOAQUIN,estado nutricional en menores de 5 anos,clasificacion c,2002-02-01,1,24,1,24,25
70501,SAN JOSE DE CHIQUITOS,estado nutricional en menores de 5 anos,clasificacion c,2002-02-01,73,80,73,80,153
71104,SAN JULIAN,estado nutricional en menores de 5 anos,clasificacion c,2002-02-01,381,505,381,505,886
90302,SAN LORENZO(PND),estado nutricional en menores de 5 anos,clasificacion c,2002-02-01,17,9,17,9,26
60501,SAN LORENZO(TJA),estado nutricional en menores de 5 anos,clasificacion c,2002-02-01,27,16,27,16,43
10702,SAN LUCAS,estado nutricional en menores de 5 anos,clasificacion c,2002-02-01,59,783,59,783,842
71201,SAN MATIAS,estado nutricional en menores de 5 anos,clasificacion c,2002-02-01,140,107,140,107,247
70302,SAN MIGUEL DE VELASCO,estado nutricional en menores de 5 anos,clasificacion c,2002-02-01,60,157,60,157,217
51001,SAN PABLO DE LIPEZ,estado nutricional en menores de 5 anos,clasificacion c,2002-02-01,5,33,5,33,38
50501,SAN PEDRO DE BUENA VISTA,estado nutricional en menores de 5 anos,clasificacion c,2002-02-01,12,168,12,168,180
21801,SAN PEDRO DE CURAHUARA,estado nutricional en menores de 5 anos,clasificacion c,2002-02-01,14,29,14,29,43
50902,SAN PEDRO DE QUEMES,estado nutricional en menores de 5 anos,clasificacion c,2002-02-01,1,9,1,9,10
21702,SAN PEDRO DE TIQUINA,estado nutricional en menores de 5 anos,clasificacion c,2002-02-01,4,78,4,78,82
90202,SAN PEDRO(PND),estado nutricional en menores de 5 anos,clasificacion c,2002-02-01,6,4,6,4,10
70303,SAN RAFAEL,estado nutricional en menores de 5 anos,clasificacion c,2002-02-01,101,79,101,79,180
80702,SAN RAMON,estado nutricional en menores de 5 anos,clasificacion c,2002-02-01,100,87,100,87,187
80702,SAN RAMON,estado nutricional en menores de 5 anos,clasificacion c,2002-02-01,56,46,56,46,102
80401,SANTA ANA,estado nutricional en menores de 5 anos,clasificacion c,2002-02-01,45,42,45,42,87
70101,SANTA CRUZ DE LA SIERRA,estado nutricional en menores de 5 anos,clasificacion c,2002-02-01,1709,1774,1709,1774,3483
80303,SANTA ROSA,estado nutricional en menores de 5 anos,clasificacion c,2002-02-01,53,25,53,25,78
70602,SANTA ROSA DEL SARA,estado nutricional en menores de 5 anos,clasificacion c,2002-02-01,25,73,25,73,98
20308,SANTIAGO DE CALLAPA,estado nutricional en menores de 5 anos,clasificacion c,2002-02-01,0,20,0,20,20
41401,SANTIAGO DE HUARI,estado nutricional en menores de 5 anos,clasificacion c,2002-02-01,16,9,16,9,25
21901,SANTIAGO DE MACHACA,estado nutricional en menores de 5 anos,clasificacion c,2002-02-01,13,3,13,3,16
30702,SANTIVAÃ‘ES,estado nutricional en menores de 5 anos,clasificacion c,2002-02-01,88,133,88,133,221
40202,SANTUARIO DE QUILLACAS,estado nutricional en menores de 5 anos,clasificacion c,2002-02-01,8,15,8,15,23
20902,SAPAHAQUI,estado nutricional en menores de 5 anos,clasificacion c,2002-02-01,1,31,1,31,32
21301,SICA SICA (VILLA AROMA),estado nutricional en menores de 5 anos,clasificacion c,2002-02-01,80,10,80,10,90
30703,SICAYA,estado nutricional en menores de 5 anos,clasificacion c,2002-02-01,1,26,1,26,27
30902,SIPE SIPE,estado nutricional en menores de 5 anos,clasificacion c,2002-02-01,186,121,186,121,307
10403,SOPACHUY,estado nutricional en menores de 5 anos,clasificacion c,2002-02-01,71,27,71,27,98
20601,SORATA,estado nutricional en menores de 5 anos,clasificacion c,2002-02-01,92,238,92,238,330
10101,SUCRE,estado nutricional en menores de 5 anos,clasificacion c,2002-02-01,308,2141,308,2141,2449
31404,TACACHI,estado nutricional en menores de 5 anos,clasificacion c,2002-02-01,2,29,2,29,31
20603,TACACOMA,estado nutricional en menores de 5 anos,clasificacion c,2002-02-01,40,50,40,50,90
50303,TACOBAMBA,estado nutricional en menores de 5 anos,clasificacion c,2002-02-01,36,127,36,127,163
30602,TACOPAYA,estado nutricional en menores de 5 anos,clasificacion c,2002-02-01,3,7,3,7,10
51402,TAHUA,estado nutricional en menores de 5 anos,clasificacion c,2002-02-01,2,16,2,16,18
31101,TAPACARI,estado nutricional en menores de 5 anos,clasificacion c,2002-02-01,8,122,8,122,130
10601,TARABUCO,estado nutricional en menores de 5 anos,clasificacion c,2002-02-01,75,921,75,921,996
30401,TARATA,estado nutricional en menores de 5 anos,clasificacion c,2002-02-01,8,60,8,60,68
60101,TARIJA,estado nutricional en menores de 5 anos,clasificacion c,2002-02-01,273,593,273,593,866
10202,TARVITA,estado nutricional en menores de 5 anos,clasificacion c,2002-02-01,227,164,227,164,391
20803,TIAWANACU,estado nutricional en menores de 5 anos,clasificacion c,2002-02-01,52,42,52,42,94
50102,TINGUIPAYA,estado nutricional en menores de 5 anos,clasificacion c,2002-02-01,16,81,16,81,97
20606,TIPUANI,estado nutricional en menores de 5 anos,clasificacion c,2002-02-01,44,9,44,9,53
30903,TIQUIPAYA,estado nutricional en menores de 5 anos,clasificacion c,2002-02-01,4,52,4,52,56
31601,TIRAQUE (CBBA),estado nutricional en menores de 5 anos,clasificacion c,2002-02-01,126,211,126,211,337
21703,TITO YUPANQUI (PARQUIPUJIO),estado nutricional en menores de 5 anos,clasificacion c,2002-02-01,1,29,1,29,30
30802,TOCO,estado nutricional en menores de 5 anos,clasificacion c,2002-02-01,0,5,0,5,5
30803,TOLATA,estado nutricional en menores de 5 anos,clasificacion c,2002-02-01,1,14,1,14,15
41001,TOLEDO,estado nutricional en menores de 5 anos,clasificacion c,2002-02-01,25,19,25,19,44
51202,TOMAVE,estado nutricional en menores de 5 anos,clasificacion c,2002-02-01,12,161,12,161,173
10402,TOMINA,estado nutricional en menores de 5 anos,clasificacion c,2002-02-01,183,221,183,221,404
50502,TORO TORO,estado nutricional en menores de 5 anos,clasificacion c,2002-02-01,15,44,15,44,59
31201,TOTORA(CBBA),estado nutricional en menores de 5 anos,clasificacion c,2002-02-01,72,57,72,57,129
41301,TOTORA(ORR),estado nutricional en menores de 5 anos,clasificacion c,2002-02-01,6,75,6,75,81
70802,TRIGAL,estado nutricional en menores de 5 anos,clasificacion c,2002-02-01,20,8,20,8,28
80101,TRINIDAD,estado nutricional en menores de 5 anos,clasificacion c,2002-02-01,1,0,1,0,1
50801,TUPIZA,estado nutricional en menores de 5 anos,clasificacion c,2002-02-01,60,467,60,467,527
40402,TURCO,estado nutricional en menores de 5 anos,clasificacion c,2002-02-01,20,25,20,25,45
21302,UMALA,estado nutricional en menores de 5 anos,clasificacion c,2002-02-01,17,1,17,1,18
60401,URIONDO (A. CONCEPCION),estado nutricional en menores de 5 anos,clasificacion c,2002-02-01,38,91,38,91,129
71502,URUBICHA,estado nutricional en menores de 5 anos,clasificacion c,2002-02-01,171,570,171,570,741
51201,UYUNI,estado nutricional en menores de 5 anos,clasificacion c,2002-02-01,4,168,4,168,172
30502,VACAS,estado nutricional en menores de 5 anos,clasificacion c,2002-02-01,8,56,8,56,64
70801,VALLEGRANDE,estado nutricional en menores de 5 anos,clasificacion c,2002-02-01,115,104,115,104,219
20801,VIACHA,estado nutricional en menores de 5 anos,clasificacion c,2002-02-01,58,250,58,250,308
31302,VILA VILA,estado nutricional en menores de 5 anos,clasificacion c,2002-02-01,8,48,8,48,56
60303,VILLA MONTES,estado nutricional en menores de 5 anos,clasificacion c,2002-02-01,138,116,138,116,254
90502,VILLA NUEVA (LOMA ALTA),estado nutricional en menores de 5 anos,clasificacion c,2002-02-01,3,0,3,0,3
31402,VILLA RIVERO,estado nutricional en menores de 5 anos,clasificacion c,2002-02-01,1,12,1,12,13
10801,VILLA SERRANO,estado nutricional en menores de 5 anos,clasificacion c,2002-02-01,186,298,186,298,484
31003,VILLA TUNARI,estado nutricional en menores de 5 anos,clasificacion c,2002-02-01,196,161,196,161,357
11001,VILLA VACA GUZMAN (MUYUPAMPA),estado nutricional en menores de 5 anos,clasificacion c,2002-02-01,138,362,138,362,500
51501,VILLAZON,estado nutricional en menores de 5 anos,clasificacion c,2002-02-01,34,486,34,486,520
30904,VINTO,estado nutricional en menores de 5 anos,clasificacion c,2002-02-01,78,58,78,58,136
50602,VITICHI,estado nutricional en menores de 5 anos,clasificacion c,2002-02-01,62,171,62,171,233
20306,WALDO BALLIVIAN,estado nutricional en menores de 5 anos,clasificacion c,2002-02-01,4,15,4,15,19
70201,WARNES,estado nutricional en menores de 5 anos,clasificacion c,2002-02-01,204,265,204,265,469
20903,YACO,estado nutricional en menores de 5 anos,clasificacion c,2002-02-01,5,37,5,37,42
60301,YACUIBA,estado nutricional en menores de 5 anos,clasificacion c,2002-02-01,274,91,274,91,365
10602,YAMPARAEZ,estado nutricional en menores de 5 anos,clasificacion c,2002-02-01,293,359,293,359,652
21103,YANACACHI,estado nutricional en menores de 5 anos,clasificacion c,2002-02-01,43,13,43,13,56
70403,YAPACANI,estado nutricional en menores de 5 anos,clasificacion c,2002-02-01,212,345,212,345,557
50103,YOCALLA,estado nutricional en menores de 5 anos,clasificacion c,2002-02-01,13,136,13,136,149
10102,YOTALA,estado nutricional en menores de 5 anos,clasificacion c,2002-02-01,199,285,199,285,484
60402,YUNCHARA,estado nutricional en menores de 5 anos,clasificacion c,2002-02-01,23,20,23,20,43
10301,ZUDAÃ‘EZ,estado nutricional en menores de 5 anos,clasificacion c,2002-02-01,132,172,132,172,304
51302,ACACIO,estado nutricional en menores de 5 anos,clasificacion c,2002-03-01,32,187,32,187,219
20201,ACHACACHI,estado nutricional en menores de 5 anos,clasificacion c,2002-03-01,358,835,358,835,1193
20104,ACHOCALLA,estado nutricional en menores de 5 anos,clasificacion c,2002-03-01,55,51,55,51,106
30201,AIQUILE,estado nutricional en menores de 5 anos,clasificacion c,2002-03-01,13,9,13,9,22
31303,ALALAY,estado nutricional en menores de 5 anos,clasificacion c,2002-03-01,15,16,15,16,31
10404,ALCALA,estado nutricional en menores de 5 anos,clasificacion c,2002-03-01,81,90,81,90,171
20202,ANCORAIMES,estado nutricional en menores de 5 anos,clasificacion c,2002-03-01,175,229,175,229,404
41201,ANDAMARCA,estado nutricional en menores de 5 anos,clasificacion c,2002-03-01,41,31,41,31,72
40603,ANTEQUERA,estado nutricional en menores de 5 anos,clasificacion c,2002-03-01,0,26,0,26,26
30402,ANZALDO,estado nutricional en menores de 5 anos,clasificacion c,2002-03-01,8,109,8,109,117
20701,APOLO,estado nutricional en menores de 5 anos,clasificacion c,2002-03-01,65,47,65,47,112
51301,ARAMPAMPA,estado nutricional en menores de 5 anos,clasificacion c,2002-03-01,15,63,15,63,78
30501,ARANI,estado nutricional en menores de 5 anos,clasificacion c,2002-03-01,20,114,20,114,134
30403,ARBIETO,estado nutricional en menores de 5 anos,clasificacion c,2002-03-01,5,43,5,43,48
30601,ARQUE,estado nutricional en menores de 5 anos,clasificacion c,2002-03-01,79,114,79,114,193
71501,ASCENCION DE GUARAYOS,estado nutricional en menores de 5 anos,clasificacion c,2002-03-01,0,19,0,19,19
50802,ATOCHA,estado nutricional en menores de 5 anos,clasificacion c,2002-03-01,10,138,10,138,148
20503,AUCAPATA,estado nutricional en menores de 5 anos,clasificacion c,2002-03-01,2,3,2,3,5
20502,AYATA,estado nutricional en menores de 5 anos,clasificacion c,2002-03-01,5,12,5,12,17
21303,AYO AYO,estado nutricional en menores de 5 anos,clasificacion c,2002-03-01,63,7,63,7,70
30301,AYOPAYA (V. DE INDEPENDENCIA),estado nutricional en menores de 5 anos,clasificacion c,2002-03-01,179,182,179,182,361
10201,AZURDUY,estado nutricional en menores de 5 anos,clasificacion c,2002-03-01,196,250,196,250,446
21203,BATALLAS,estado nutricional en menores de 5 anos,clasificacion c,2002-03-01,14,338,14,338,352
80802,BAURES,estado nutricional en menores de 5 anos,clasificacion c,2002-03-01,41,55,41,55,96
41202,BELEN DE ANDAMARCA,estado nutricional en menores de 5 anos,clasificacion c,2002-03-01,6,9,6,9,15
50104,BELEN DE URMIRI,estado nutricional en menores de 5 anos,clasificacion c,2002-03-01,1,23,1,23,24
90104,BELLA FLOR,estado nutricional en menores de 5 anos,clasificacion c,2002-03-01,50,87,50,87,137
60202,BERMEJO,estado nutricional en menores de 5 anos,clasificacion c,2002-03-01,13,78,13,78,91
50301,BETANZOS,estado nutricional en menores de 5 anos,clasificacion c,2002-03-01,235,605,235,605,840
31501,BOLIVAR,estado nutricional en menores de 5 anos,clasificacion c,2002-03-01,62,113,62,113,175
90103,BOLPEBRA,estado nutricional en menores de 5 anos,clasificacion c,2002-03-01,3,90,3,90,93
70707,BOYUIBE,estado nutricional en menores de 5 anos,clasificacion c,2002-03-01,9,90,9,90,99
70401,BUENA VISTA,estado nutricional en menores de 5 anos,clasificacion c,2002-03-01,167,114,167,114,281
70703,CABEZAS,estado nutricional en menores de 5 anos,clasificacion c,2002-03-01,19,230,19,230,249
20905,CAIROMA,estado nutricional en menores de 5 anos,clasificacion c,2002-03-01,0,72,0,72,72
51102,"CAIZA ""D""",estado nutricional en menores de 5 anos,clasificacion c,2002-03-01,98,287,98,287,385
21003,CAJUATA,estado nutricional en menores de 5 anos,clasificacion c,2002-03-01,36,20,36,20,56
20303,CALACOTO,estado nutricional en menores de 5 anos,clasificacion c,2002-03-01,17,11,17,11,28
21304,CALAMARCA,estado nutricional en menores de 5 anos,clasificacion c,2002-03-01,49,67,49,67,116
10701,CAMARGO,estado nutricional en menores de 5 anos,clasificacion c,2002-03-01,34,229,34,229,263
10901,CAMATAQUI (C. VILLA ABECIA),estado nutricional en menores de 5 anos,clasificacion c,2002-03-01,3,123,3,123,126
70706,CAMIRI,estado nutricional en menores de 5 anos,clasificacion c,2002-03-01,149,169,149,169,318
30701,CAPINOTA,estado nutricional en menores de 5 anos,clasificacion c,2002-03-01,132,238,132,238,370
20302,CAQUIAVIRI,estado nutricional en menores de 5 anos,clasificacion c,2002-03-01,58,55,58,55,113
40102,CARACOLLO,estado nutricional en menores de 5 anos,clasificacion c,2002-03-01,104,168,104,168,272
22001,CARANAVI,estado nutricional en menores de 5 anos,clasificacion c,2002-03-01,359,506,359,506,865
41503,CARANGAS,estado nutricional en menores de 5 anos,clasificacion c,2002-03-01,0,1,0,1,1
60302,CARAPARI,estado nutricional en menores de 5 anos,clasificacion c,2002-03-01,50,177,50,177,227
50702,CARIPUYO,estado nutricional en menores de 5 anos,clasificacion c,2002-03-01,30,161,30,161,191
21902,CATACORA,estado nutricional en menores de 5 anos,clasificacion c,2002-03-01,9,7,9,7,16
40201,CHALLAPATA,estado nutricional en menores de 5 anos,clasificacion c,2002-03-01,73,54,73,54,127
50302,CHAQUI,estado nutricional en menores de 5 anos,clasificacion c,2002-03-01,14,105,14,105,119
70702,CHARAGUA,estado nutricional en menores de 5 anos,clasificacion c,2002-03-01,39,480,39,480,519
20305,CHARAÃ‘A,estado nutricional en menores de 5 anos,clasificacion c,2002-03-01,0,15,0,15,15
31204,CHIMORE,estado nutricional en menores de 5 anos,clasificacion c,2002-03-01,37,14,37,14,51
40903,CHIPAYA,estado nutricional en menores de 5 anos,clasificacion c,2002-03-01,2,4,2,4,6
21101,CHULUMANI (V. DE LA LIBERTAD),estado nutricional en menores de 5 anos,clasificacion c,2002-03-01,53,51,53,51,104
20501,CHUMA,estado nutricional en menores de 5 anos,clasificacion c,2002-03-01,21,12,21,12,33
30801,CLIZA,estado nutricional en menores de 5 anos,clasificacion c,2002-03-01,25,89,25,89,114
90101,COBIJA,estado nutricional en menores de 5 anos,clasificacion c,2002-03-01,184,84,184,84,268
30101,COCHABAMBA,estado nutricional en menores de 5 anos,clasificacion c,2002-03-01,1037,969,1037,969,2006
40902,COIPASA,estado nutricional en menores de 5 anos,clasificacion c,2002-03-01,0,8,0,8,8
30905,COLCAPIRHUA,estado nutricional en menores de 5 anos,clasificacion c,2002-03-01,255,153,255,153,408
50901,"COLCHA ""K""",estado nutricional en menores de 5 anos,clasificacion c,2002-03-01,15,249,15,249,264
21307,COLLANA,estado nutricional en menores de 5 anos,clasificacion c,2002-03-01,7,0,7,0,7
31002,COLOMI,estado nutricional en menores de 5 anos,clasificacion c,2002-03-01,148,214,148,214,362
50401,COLQUECHACA,estado nutricional en menores de 5 anos,clasificacion c,2002-03-01,150,123,150,123,273
21306,COLQUENCHA,estado nutricional en menores de 5 anos,clasificacion c,2002-03-01,41,26,41,26,67
21004,COLQUIRI,estado nutricional en menores de 5 anos,clasificacion c,2002-03-01,73,51,73,51,124
20304,COMANCHE,estado nutricional en menores de 5 anos,clasificacion c,2002-03-01,10,21,10,21,31
71301,COMARAPA,estado nutricional en menores de 5 anos,clasificacion c,2002-03-01,58,169,58,169,227
20605,COMBAYA,estado nutricional en menores de 5 anos,clasificacion c,2002-03-01,27,40,27,40,67
71101,CONCEPCION,estado nutricional en menores de 5 anos,clasificacion c,2002-03-01,12,98,12,98,110
21701,COPACABANA,estado nutricional en menores de 5 anos,clasificacion c,2002-03-01,77,209,77,209,286
21402,CORIPATA,estado nutricional en menores de 5 anos,clasificacion c,2002-03-01,35,41,35,41,76
20301,CORO CORO,estado nutricional en menores de 5 anos,clasificacion c,2002-03-01,30,38,30,38,68
21401,COROICO,estado nutricional en menores de 5 anos,clasificacion c,2002-03-01,122,43,122,43,165
40301,CORQUE,estado nutricional en menores de 5 anos,clasificacion c,2002-03-01,34,55,34,55,89
50601,COTAGAITA,estado nutricional en menores de 5 anos,clasificacion c,2002-03-01,105,385,105,385,490
70102,COTOCA,estado nutricional en menores de 5 anos,clasificacion c,2002-03-01,201,101,201,101,302
31405,CUCHUMUELA (V. G. VILLARROEL),estado nutricional en menores de 5 anos,clasificacion c,2002-03-01,1,32,1,32,33
70704,CUEVO,estado nutricional en menores de 5 anos,clasificacion c,2002-03-01,57,37,57,37,94
10902,CULPINA,estado nutricional en menores de 5 anos,clasificacion c,2002-03-01,94,411,94,411,505
40401,CURAHUARA DE CARANGAS,estado nutricional en menores de 5 anos,clasificacion c,2002-03-01,31,21,31,21,52
21602,CURVA,estado nutricional en menores de 5 anos,clasificacion c,2002-03-01,29,4,29,4,33
20804,DESAGUADERO,estado nutricional en menores de 5 anos,clasificacion c,2002-03-01,8,68,8,68,76
20105,EL ALTO,estado nutricional en menores de 5 anos,clasificacion c,2002-03-01,3584,2199,3584,2199,5783
40103,EL CHORO,estado nutricional en menores de 5 anos,clasificacion c,2002-03-01,21,40,21,40,61
71503,EL PUENTE(STC),estado nutricional en menores de 5 anos,clasificacion c,2002-03-01,31,176,31,176,207
60502,EL PUENTE(TJA),estado nutricional en menores de 5 anos,clasificacion c,2002-03-01,23,65,23,65,88
70105,EL TORNO,estado nutricional en menores de 5 anos,clasificacion c,2002-03-01,267,169,267,169,436
10405,EL VILLAR,estado nutricional en menores de 5 anos,clasificacion c,2002-03-01,87,120,87,120,207
60601,ENTRE RIOS,estado nutricional en menores de 5 anos,clasificacion c,2002-03-01,107,191,107,191,298
40502,ESCARA,estado nutricional en menores de 5 anos,clasificacion c,2002-03-01,3,2,3,2,5
41101,EUCALIPTUS,estado nutricional en menores de 5 anos,clasificacion c,2002-03-01,5,67,5,67,72
80402,EXALTACION,estado nutricional en menores de 5 anos,clasificacion c,2002-03-01,9,30,9,30,39
90203,FILADELFIA,estado nutricional en menores de 5 anos,clasificacion c,2002-03-01,2,29,2,29,31
71002,GENERAL SAAVEDRA,estado nutricional en menores de 5 anos,clasificacion c,2002-03-01,109,344,109,344,453
21601,GRAL. J.J. PEREZ (CHARAZANI),estado nutricional en menores de 5 anos,clasificacion c,2002-03-01,44,46,44,46,90
20602,GUANAY,estado nutricional en menores de 5 anos,clasificacion c,2002-03-01,70,525,70,525,595
20802,GUAQUI,estado nutricional en menores de 5 anos,clasificacion c,2002-03-01,9,39,9,39,48
80202,GUAYARAMERIN,estado nutricional en menores de 5 anos,clasificacion c,2002-03-01,269,131,269,131,400
70705,GUTIERREZ,estado nutricional en menores de 5 anos,clasificacion c,2002-03-01,56,350,56,350,406
10502,HUACARETA,estado nutricional en menores de 5 anos,clasificacion c,2002-03-01,165,271,165,271,436
11002,HUACAYA (VILLA DE HUACAYA),estado nutricional en menores de 5 anos,clasificacion c,2002-03-01,35,56,35,56,91
40501,HUACHACALLA,estado nutricional en menores de 5 anos,clasificacion c,2002-03-01,5,20,5,20,25
40701,HUANUNI,estado nutricional en menores de 5 anos,clasificacion c,2002-03-01,11,2,11,2,13
80803,HUARACAJE,estado nutricional en menores de 5 anos,clasificacion c,2002-03-01,23,15,23,15,38
41601,HUAYLLAMARCA,estado nutricional en menores de 5 anos,clasificacion c,2002-03-01,37,14,37,14,51
21005,ICHOCA,estado nutricional en menores de 5 anos,clasificacion c,2002-03-01,8,29,8,29,37
10304,ICLA,estado nutricional en menores de 5 anos,clasificacion c,2002-03-01,157,311,157,311,468
10703,INCAHUASI,estado nutricional en menores de 5 anos,clasificacion c,2002-03-01,37,458,37,458,495
21001,INQUISIVI,estado nutricional en menores de 5 anos,clasificacion c,2002-03-01,24,118,24,118,142
21102,IRUPANA (VILLA DE LANZA),estado nutricional en menores de 5 anos,clasificacion c,2002-03-01,88,193,88,193,281
21501,IXIAMAS,estado nutricional en menores de 5 anos,clasificacion c,2002-03-01,84,88,84,88,172
21105,LA ASUNTA,estado nutricional en menores de 5 anos,clasificacion c,2002-03-01,88,166,88,166,254
70104,LA GUARDIA,estado nutricional en menores de 5 anos,clasificacion c,2002-03-01,450,177,450,177,627
20101,LA PAZ,estado nutricional en menores de 5 anos,clasificacion c,2002-03-01,3049,2648,3049,2648,5697
41501,LA RIVERA,estado nutricional en menores de 5 anos,clasificacion c,2002-03-01,1,2,1,2,3
70701,LAGUNILLAS,estado nutricional en menores de 5 anos,clasificacion c,2002-03-01,29,179,29,179,208
21202,LAJA,estado nutricional en menores de 5 anos,clasificacion c,2002-03-01,3,109,3,109,112
10903,LAS CARRERAS,estado nutricional en menores de 5 anos,clasificacion c,2002-03-01,35,131,35,131,166
21006,LICOMA PAMPA,estado nutricional en menores de 5 anos,clasificacion c,2002-03-01,7,29,7,29,36
51401,LLICA,estado nutricional en menores de 5 anos,clasificacion c,2002-03-01,12,82,12,82,94
80601,LORETO,estado nutricional en menores de 5 anos,clasificacion c,2002-03-01,17,54,17,54,71
20901,LURIBAY,estado nutricional en menores de 5 anos,clasificacion c,2002-03-01,5,136,5,136,141
40702,MACHACAMARCA,estado nutricional en menores de 5 anos,clasificacion c,2002-03-01,48,21,48,21,69
11003,MACHARETI,estado nutricional en menores de 5 anos,clasificacion c,2002-03-01,149,185,149,185,334
80801,MAGDALENA,estado nutricional en menores de 5 anos,clasificacion c,2002-03-01,12,36,12,36,48
70903,MAIRANA,estado nutricional en menores de 5 anos,clasificacion c,2002-03-01,82,65,82,65,147
20103,MECAPACA,estado nutricional en menores de 5 anos,clasificacion c,2002-03-01,79,102,79,102,181
71003,MINEROS,estado nutricional en menores de 5 anos,clasificacion c,2002-03-01,329,396,329,396,725
31301,MIZQUE,estado nutricional en menores de 5 anos,clasificacion c,2002-03-01,17,160,17,160,177
20402,MOCOMOCO,estado nutricional en menores de 5 anos,clasificacion c,2002-03-01,119,120,119,120,239
51002,MOJINETE,estado nutricional en menores de 5 anos,clasificacion c,2002-03-01,2,28,2,28,30
10303,MOJOCOYA,estado nutricional en menores de 5 anos,clasificacion c,2002-03-01,210,292,210,292,502
10501,MONTEAGUDO,estado nutricional en menores de 5 anos,clasificacion c,2002-03-01,450,427,450,427,877
71001,MONTERO,estado nutricional en menores de 5 anos,clasificacion c,2002-03-01,100,1669,100,1669,1769
70803,MORO MORO,estado nutricional en menores de 5 anos,clasificacion c,2002-03-01,35,29,35,29,64
30302,MOROCHATA,estado nutricional en menores de 5 anos,clasificacion c,2002-03-01,104,215,104,215,319
90401,NACEBE (SANTA ROSA DEL ABUNA),estado nutricional en menores de 5 anos,clasificacion c,2002-03-01,0,14,0,14,14
50404,OCURI,estado nutricional en menores de 5 anos,clasificacion c,2002-03-01,115,114,115,114,229
70202,OKINAWA,estado nutricional en menores de 5 anos,clasificacion c,2002-03-01,33,98,33,98,131
30203,OMEREQUE,estado nutricional en menores de 5 anos,clasificacion c,2002-03-01,5,27,5,27,32
40101,ORURO,estado nutricional en menores de 5 anos,clasificacion c,2002-03-01,1149,982,1149,982,2131
60201,PADCAYA,estado nutricional en menores de 5 anos,clasificacion c,2002-03-01,125,162,125,162,287
10401,PADILLA,estado nutricional en menores de 5 anos,clasificacion c,2002-03-01,276,404,276,404,680
70502,PAILON,estado nutricional en menores de 5 anos,clasificacion c,2002-03-01,19,306,19,306,325
20102,PALCA,estado nutricional en menores de 5 anos,clasificacion c,2002-03-01,108,52,108,52,160
21104,PALOS BLANCOS,estado nutricional en menores de 5 anos,clasificacion c,2002-03-01,272,287,272,287,559
40802,PAMPA AULLAGAS,estado nutricional en menores de 5 anos,clasificacion c,2002-03-01,33,37,33,37,70
70902,PAMPA GRANDE,estado nutricional en menores de 5 anos,clasificacion c,2002-03-01,55,38,55,38,93
21802,PAPEL PAMPA,estado nutricional en menores de 5 anos,clasificacion c,2002-03-01,2,32,2,32,34
30202,PASORAPA,estado nutricional en menores de 5 anos,clasificacion c,2002-03-01,38,75,38,75,113
21305,PATACAMAYA,estado nutricional en menores de 5 anos,clasificacion c,2002-03-01,51,12,51,12,63
40602,PAZÃ‘A,estado nutricional en menores de 5 anos,clasificacion c,2002-03-01,4,44,4,44,48
20702,PELECHUCO,estado nutricional en menores de 5 anos,clasificacion c,2002-03-01,18,47,18,47,65
50403,POCOATA,estado nutricional en menores de 5 anos,clasificacion c,2002-03-01,134,240,134,240,374
31203,POCONA,estado nutricional en menores de 5 anos,clasificacion c,2002-03-01,112,91,112,91,203
31202,POJO (CBBA),estado nutricional en menores de 5 anos,clasificacion c,2002-03-01,292,401,292,401,693
40601,POOPO,estado nutricional en menores de 5 anos,clasificacion c,2002-03-01,5,66,5,66,71
51203,PORCO,estado nutricional en menores de 5 anos,clasificacion c,2002-03-01,62,47,62,47,109
10103,POROMA,estado nutricional en menores de 5 anos,clasificacion c,2002-03-01,216,214,216,214,430
70103,PORONGO,estado nutricional en menores de 5 anos,clasificacion c,2002-03-01,90,52,90,52,142
70601,PORTACHUELO,estado nutricional en menores de 5 anos,clasificacion c,2002-03-01,252,130,252,130,382
90102,PORVENIR,estado nutricional en menores de 5 anos,clasificacion c,2002-03-01,0,17,0,17,17
70804,POSTRER VALLE,estado nutricional en menores de 5 anos,clasificacion c,2002-03-01,10,18,10,18,28
50101,POTOSI,estado nutricional en menores de 5 anos,clasificacion c,2002-03-01,735,496,735,496,1231
10302,PRESTO,estado nutricional en menores de 5 anos,clasificacion c,2002-03-01,152,136,152,136,288
70805,PUCARA,estado nutricional en menores de 5 anos,clasificacion c,2002-03-01,0,12,0,12,12
21201,PUCARANI,estado nutricional en menores de 5 anos,clasificacion c,2002-03-01,17,247,17,247,264
20401,PUERTO ACOSTA,estado nutricional en menores de 5 anos,clasificacion c,2002-03-01,97,145,97,145,242
20403,PUERTO CARABUCO,estado nutricional en menores de 5 anos,clasificacion c,2002-03-01,102,114,102,114,216
90301,PUERTO GONZALO MORENO,estado nutricional en menores de 5 anos,clasificacion c,2002-03-01,24,18,24,18,42
21204,PUERTO PEREZ,estado nutricional en menores de 5 anos,clasificacion c,2002-03-01,8,45,8,45,53
71402,PUERTO QUIJARRO,estado nutricional en menores de 5 anos,clasificacion c,2002-03-01,93,33,93,33,126
90201,PUERTO RICO,estado nutricional en menores de 5 anos,clasificacion c,2002-03-01,2,80,2,80,82
80703,PUERTO SILES,estado nutricional en menores de 5 anos,clasificacion c,2002-03-01,0,7,0,7,7
71401,PUERTO SUAREZ,estado nutricional en menores de 5 anos,clasificacion c,2002-03-01,178,51,178,51,229
31205,PUERTO VILLARROEL,estado nutricional en menores de 5 anos,clasificacion c,2002-03-01,272,204,272,204,476
51101,PUNA,estado nutricional en menores de 5 anos,clasificacion c,2002-03-01,114,453,114,453,567
31401,PUNATA,estado nutricional en menores de 5 anos,clasificacion c,2002-03-01,135,211,135,211,346
20604,QUIABAYA,estado nutricional en menores de 5 anos,clasificacion c,2002-03-01,6,87,6,87,93
30901,QUILLACOLLO,estado nutricional en menores de 5 anos,clasificacion c,2002-03-01,61,29,61,29,90
21002,QUIME,estado nutricional en menores de 5 anos,clasificacion c,2002-03-01,75,81,75,81,156
70904,QUIRUSILLAS,estado nutricional en menores de 5 anos,clasificacion c,2002-03-01,13,20,13,20,33
50402,RAVELO,estado nutricional en menores de 5 anos,clasificacion c,2002-03-01,154,274,154,274,428
80301,REYES,estado nutricional en menores de 5 anos,clasificacion c,2002-03-01,120,135,120,135,255
80201,RIBERALTA,estado nutricional en menores de 5 anos,clasificacion c,2002-03-01,759,338,759,338,1097
70503,ROBORE,estado nutricional en menores de 5 anos,clasificacion c,2002-03-01,30,273,30,273,303
80304,RURRENABAQUE,estado nutricional en menores de 5 anos,clasificacion c,2002-03-01,121,146,121,146,267
40901,SABAYA,estado nutricional en menores de 5 anos,clasificacion c,2002-03-01,5,30,5,30,35
31001,SACABA,estado nutricional en menores de 5 anos,clasificacion c,2002-03-01,306,321,306,321,627
30404,SACABAMBA,estado nutricional en menores de 5 anos,clasificacion c,2002-03-01,7,111,7,111,118
50701,SACACA,estado nutricional en menores de 5 anos,clasificacion c,2002-03-01,105,207,105,207,312
71302,SAIPINA,estado nutricional en menores de 5 anos,clasificacion c,2002-03-01,34,36,34,36,70
40801,SALINAS DE GARCI MENDOZA,estado nutricional en menores de 5 anos,clasificacion c,2002-03-01,32,53,32,53,85
70901,SAMAIPATA,estado nutricional en menores de 5 anos,clasificacion c,2002-03-01,83,47,83,47,130
51601,SAN AGUSTIN,estado nutricional en menores de 5 anos,clasificacion c,2002-03-01,7,70,7,70,77
80602,SAN ANDRES,estado nutricional en menores de 5 anos,clasificacion c,2002-03-01,27,20,27,20,47
51003,SAN ANTONIO DE ESMORUCO,estado nutricional en menores de 5 anos,clasificacion c,2002-03-01,2,48,2,48,50
71105,SAN ANTONIO DE LOMERIO,estado nutricional en menores de 5 anos,clasificacion c,2002-03-01,131,150,131,150,281
31403,SAN BENITO,estado nutricional en menores de 5 anos,clasificacion c,2002-03-01,10,196,10,196,206
80302,SAN BORJA,estado nutricional en menores de 5 anos,clasificacion c,2002-03-01,353,222,353,222,575
21502,SAN BUENA VENTURA,estado nutricional en menores de 5 anos,clasificacion c,2002-03-01,119,91,119,91,210
70402,SAN CARLOS,estado nutricional en menores de 5 anos,clasificacion c,2002-03-01,1,25,1,25,26
80501,SAN IGNACIO,estado nutricional en menores de 5 anos,clasificacion c,2002-03-01,97,189,97,189,286
70301,SAN IGNACIO DE VELASCO,estado nutricional en menores de 5 anos,clasificacion c,2002-03-01,470,450,470,450,920
80102,SAN JAVIER(BNI),estado nutricional en menores de 5 anos,clasificacion c,2002-03-01,28,43,28,43,71
71102,SAN JAVIER(STC),estado nutricional en menores de 5 anos,clasificacion c,2002-03-01,13,104,13,104,117
80701,SAN JOAQUIN,estado nutricional en menores de 5 anos,clasificacion c,2002-03-01,2,55,2,55,57
70501,SAN JOSE DE CHIQUITOS,estado nutricional en menores de 5 anos,clasificacion c,2002-03-01,123,78,123,78,201
71104,SAN JULIAN,estado nutricional en menores de 5 anos,clasificacion c,2002-03-01,314,564,314,564,878
90302,SAN LORENZO(PND),estado nutricional en menores de 5 anos,clasificacion c,2002-03-01,2,5,2,5,7
60501,SAN LORENZO(TJA),estado nutricional en menores de 5 anos,clasificacion c,2002-03-01,42,57,42,57,99
10702,SAN LUCAS,estado nutricional en menores de 5 anos,clasificacion c,2002-03-01,183,1115,183,1115,1298
71201,SAN MATIAS,estado nutricional en menores de 5 anos,clasificacion c,2002-03-01,112,72,112,72,184
70302,SAN MIGUEL DE VELASCO,estado nutricional en menores de 5 anos,clasificacion c,2002-03-01,138,151,138,151,289
51001,SAN PABLO DE LIPEZ,estado nutricional en menores de 5 anos,clasificacion c,2002-03-01,27,63,27,63,90
50501,SAN PEDRO DE BUENA VISTA,estado nutricional en menores de 5 anos,clasificacion c,2002-03-01,7,333,7,333,340
21801,SAN PEDRO DE CURAHUARA,estado nutricional en menores de 5 anos,clasificacion c,2002-03-01,28,85,28,85,113
50902,SAN PEDRO DE QUEMES,estado nutricional en menores de 5 anos,clasificacion c,2002-03-01,1,7,1,7,8
21702,SAN PEDRO DE TIQUINA,estado nutricional en menores de 5 anos,clasificacion c,2002-03-01,27,45,27,45,72
90202,SAN PEDRO(PND),estado nutricional en menores de 5 anos,clasificacion c,2002-03-01,2,5,2,5,7
70303,SAN RAFAEL,estado nutricional en menores de 5 anos,clasificacion c,2002-03-01,79,69,79,69,148
80702,SAN RAMON,estado nutricional en menores de 5 anos,clasificacion c,2002-03-01,8,98,8,98,106
80702,SAN RAMON,estado nutricional en menores de 5 anos,clasificacion c,2002-03-01,44,110,44,110,154
80401,SANTA ANA,estado nutricional en menores de 5 anos,clasificacion c,2002-03-01,41,68,41,68,109
70101,SANTA CRUZ DE LA SIERRA,estado nutricional en menores de 5 anos,clasificacion c,2002-03-01,2260,2028,2260,2028,4288
80303,SANTA ROSA,estado nutricional en menores de 5 anos,clasificacion c,2002-03-01,84,48,84,48,132
70602,SANTA ROSA DEL SARA,estado nutricional en menores de 5 anos,clasificacion c,2002-03-01,33,81,33,81,114
20308,SANTIAGO DE CALLAPA,estado nutricional en menores de 5 anos,clasificacion c,2002-03-01,3,11,3,11,14
41401,SANTIAGO DE HUARI,estado nutricional en menores de 5 anos,clasificacion c,2002-03-01,17,24,17,24,41
21901,SANTIAGO DE MACHACA,estado nutricional en menores de 5 anos,clasificacion c,2002-03-01,22,17,22,17,39
30702,SANTIVAÃ‘ES,estado nutricional en menores de 5 anos,clasificacion c,2002-03-01,95,72,95,72,167
40202,SANTUARIO DE QUILLACAS,estado nutricional en menores de 5 anos,clasificacion c,2002-03-01,7,15,7,15,22
20902,SAPAHAQUI,estado nutricional en menores de 5 anos,clasificacion c,2002-03-01,7,63,7,63,70
21301,SICA SICA (VILLA AROMA),estado nutricional en menores de 5 anos,clasificacion c,2002-03-01,58,43,58,43,101
30703,SICAYA,estado nutricional en menores de 5 anos,clasificacion c,2002-03-01,4,30,4,30,34
30902,SIPE SIPE,estado nutricional en menores de 5 anos,clasificacion c,2002-03-01,328,284,328,284,612
10403,SOPACHUY,estado nutricional en menores de 5 anos,clasificacion c,2002-03-01,93,76,93,76,169
20601,SORATA,estado nutricional en menores de 5 anos,clasificacion c,2002-03-01,114,265,114,265,379
10101,SUCRE,estado nutricional en menores de 5 anos,clasificacion c,2002-03-01,854,2969,854,2969,3823
31404,TACACHI,estado nutricional en menores de 5 anos,clasificacion c,2002-03-01,2,23,2,23,25
20603,TACACOMA,estado nutricional en menores de 5 anos,clasificacion c,2002-03-01,30,35,30,35,65
50303,TACOBAMBA,estado nutricional en menores de 5 anos,clasificacion c,2002-03-01,56,130,56,130,186
30602,TACOPAYA,estado nutricional en menores de 5 anos,clasificacion c,2002-03-01,1,115,1,115,116
51402,TAHUA,estado nutricional en menores de 5 anos,clasificacion c,2002-03-01,5,52,5,52,57
31101,TAPACARI,estado nutricional en menores de 5 anos,clasificacion c,2002-03-01,25,169,25,169,194
10601,TARABUCO,estado nutricional en menores de 5 anos,clasificacion c,2002-03-01,129,939,129,939,1068
30401,TARATA,estado nutricional en menores de 5 anos,clasificacion c,2002-03-01,10,117,10,117,127
60101,TARIJA,estado nutricional en menores de 5 anos,clasificacion c,2002-03-01,378,638,378,638,1016
10202,TARVITA,estado nutricional en menores de 5 anos,clasificacion c,2002-03-01,167,130,167,130,297
20803,TIAWANACU,estado nutricional en menores de 5 anos,clasificacion c,2002-03-01,102,83,102,83,185
50102,TINGUIPAYA,estado nutricional en menores de 5 anos,clasificacion c,2002-03-01,26,133,26,133,159
20606,TIPUANI,estado nutricional en menores de 5 anos,clasificacion c,2002-03-01,41,13,41,13,54
30903,TIQUIPAYA,estado nutricional en menores de 5 anos,clasificacion c,2002-03-01,1,88,1,88,89
31601,TIRAQUE (CBBA),estado nutricional en menores de 5 anos,clasificacion c,2002-03-01,132,185,132,185,317
21703,TITO YUPANQUI (PARQUIPUJIO),estado nutricional en menores de 5 anos,clasificacion c,2002-03-01,0,28,0,28,28
30802,TOCO,estado nutricional en menores de 5 anos,clasificacion c,2002-03-01,3,6,3,6,9
41502,TODOS SANTOS,estado nutricional en menores de 5 anos,clasificacion c,2002-03-01,0,8,0,8,8
30803,TOLATA,estado nutricional en menores de 5 anos,clasificacion c,2002-03-01,0,7,0,7,7
41001,TOLEDO,estado nutricional en menores de 5 anos,clasificacion c,2002-03-01,31,43,31,43,74
51202,TOMAVE,estado nutricional en menores de 5 anos,clasificacion c,2002-03-01,26,253,26,253,279
10402,TOMINA,estado nutricional en menores de 5 anos,clasificacion c,2002-03-01,206,271,206,271,477
50502,TORO TORO,estado nutricional en menores de 5 anos,clasificacion c,2002-03-01,27,111,27,111,138
31201,TOTORA(CBBA),estado nutricional en menores de 5 anos,clasificacion c,2002-03-01,113,84,113,84,197
41301,TOTORA(ORR),estado nutricional en menores de 5 anos,clasificacion c,2002-03-01,14,100,14,100,114
70802,TRIGAL,estado nutricional en menores de 5 anos,clasificacion c,2002-03-01,19,17,19,17,36
80101,TRINIDAD,estado nutricional en menores de 5 anos,clasificacion c,2002-03-01,247,507,247,507,754
50801,TUPIZA,estado nutricional en menores de 5 anos,clasificacion c,2002-03-01,73,1016,73,1016,1089
40402,TURCO,estado nutricional en menores de 5 anos,clasificacion c,2002-03-01,30,34,30,34,64
21302,UMALA,estado nutricional en menores de 5 anos,clasificacion c,2002-03-01,19,22,19,22,41
60401,URIONDO (A. CONCEPCION),estado nutricional en menores de 5 anos,clasificacion c,2002-03-01,39,162,39,162,201
71502,URUBICHA,estado nutricional en menores de 5 anos,clasificacion c,2002-03-01,8,29,8,29,37
51201,UYUNI,estado nutricional en menores de 5 anos,clasificacion c,2002-03-01,32,465,32,465,497
30502,VACAS,estado nutricional en menores de 5 anos,clasificacion c,2002-03-01,16,39,16,39,55
70801,VALLEGRANDE,estado nutricional en menores de 5 anos,clasificacion c,2002-03-01,153,153,153,153,306
20801,VIACHA,estado nutricional en menores de 5 anos,clasificacion c,2002-03-01,44,388,44,388,432
31302,VILA VILA,estado nutricional en menores de 5 anos,clasificacion c,2002-03-01,4,62,4,62,66
60303,VILLA MONTES,estado nutricional en menores de 5 anos,clasificacion c,2002-03-01,140,175,140,175,315
90502,VILLA NUEVA (LOMA ALTA),estado nutricional en menores de 5 anos,clasificacion c,2002-03-01,3,2,3,2,5
31402,VILLA RIVERO,estado nutricional en menores de 5 anos,clasificacion c,2002-03-01,6,22,6,22,28
10801,VILLA SERRANO,estado nutricional en menores de 5 anos,clasificacion c,2002-03-01,221,281,221,281,502
31003,VILLA TUNARI,estado nutricional en menores de 5 anos,clasificacion c,2002-03-01,256,257,256,257,513
11001,VILLA VACA GUZMAN (MUYUPAMPA),estado nutricional en menores de 5 anos,clasificacion c,2002-03-01,232,303,232,303,535
51501,VILLAZON,estado nutricional en menores de 5 anos,clasificacion c,2002-03-01,24,604,24,604,628
30904,VINTO,estado nutricional en menores de 5 anos,clasificacion c,2002-03-01,85,29,85,29,114
50602,VITICHI,estado nutricional en menores de 5 anos,clasificacion c,2002-03-01,61,207,61,207,268
20306,WALDO BALLIVIAN,estado nutricional en menores de 5 anos,clasificacion c,2002-03-01,4,14,4,14,18
70201,WARNES,estado nutricional en menores de 5 anos,clasificacion c,2002-03-01,285,350,285,350,635
20903,YACO,estado nutricional en menores de 5 anos,clasificacion c,2002-03-01,1,53,1,53,54
60301,YACUIBA,estado nutricional en menores de 5 anos,clasificacion c,2002-03-01,395,445,395,445,840
10602,YAMPARAEZ,estado nutricional en menores de 5 anos,clasificacion c,2002-03-01,282,440,282,440,722
21103,YANACACHI,estado nutricional en menores de 5 anos,clasificacion c,2002-03-01,44,43,44,43,87
70403,YAPACANI,estado nutricional en menores de 5 anos,clasificacion c,2002-03-01,190,283,190,283,473
50103,YOCALLA,estado nutricional en menores de 5 anos,clasificacion c,2002-03-01,8,120,8,120,128
10102,YOTALA,estado nutricional en menores de 5 anos,clasificacion c,2002-03-01,206,292,206,292,498
60402,YUNCHARA,estado nutricional en menores de 5 anos,clasificacion c,2002-03-01,14,65,14,65,79
10301,ZUDAÃ‘EZ,estado nutricional en menores de 5 anos,clasificacion c,2002-03-01,143,226,143,226,369
51302,ACACIO,estado nutricional en menores de 5 anos,clasificacion c,2002-04-01,24,169,24,169,193
20201,ACHACACHI,estado nutricional en menores de 5 anos,clasificacion c,2002-04-01,655,604,655,604,1259
20104,ACHOCALLA,estado nutricional en menores de 5 anos,clasificacion c,2002-04-01,33,28,33,28,61
30201,AIQUILE,estado nutricional en menores de 5 anos,clasificacion c,2002-04-01,16,26,16,26,42
31303,ALALAY,estado nutricional en menores de 5 anos,clasificacion c,2002-04-01,10,18,10,18,28
10404,ALCALA,estado nutricional en menores de 5 anos,clasificacion c,2002-04-01,53,81,53,81,134
20202,ANCORAIMES,estado nutricional en menores de 5 anos,clasificacion c,2002-04-01,158,215,158,215,373
41201,ANDAMARCA,estado nutricional en menores de 5 anos,clasificacion c,2002-04-01,21,13,21,13,34
40603,ANTEQUERA,estado nutricional en menores de 5 anos,clasificacion c,2002-04-01,0,4,0,4,4
30402,ANZALDO,estado nutricional en menores de 5 anos,clasificacion c,2002-04-01,7,133,7,133,140
20701,APOLO,estado nutricional en menores de 5 anos,clasificacion c,2002-04-01,41,14,41,14,55
51301,ARAMPAMPA,estado nutricional en menores de 5 anos,clasificacion c,2002-04-01,22,76,22,76,98
30501,ARANI,estado nutricional en menores de 5 anos,clasificacion c,2002-04-01,10,93,10,93,103
30403,ARBIETO,estado nutricional en menores de 5 anos,clasificacion c,2002-04-01,24,66,24,66,90
30601,ARQUE,estado nutricional en menores de 5 anos,clasificacion c,2002-04-01,30,52,30,52,82
71501,ASCENCION DE GUARAYOS,estado nutricional en menores de 5 anos,clasificacion c,2002-04-01,433,585,433,585,1018
50802,ATOCHA,estado nutricional en menores de 5 anos,clasificacion c,2002-04-01,10,167,10,167,177
20503,AUCAPATA,estado nutricional en menores de 5 anos,clasificacion c,2002-04-01,44,3,44,3,47
20502,AYATA,estado nutricional en menores de 5 anos,clasificacion c,2002-04-01,3,20,3,20,23
21303,AYO AYO,estado nutricional en menores de 5 anos,clasificacion c,2002-04-01,84,25,84,25,109
30301,AYOPAYA (V. DE INDEPENDENCIA),estado nutricional en menores de 5 anos,clasificacion c,2002-04-01,196,176,196,176,372
10201,AZURDUY,estado nutricional en menores de 5 anos,clasificacion c,2002-04-01,202,148,202,148,350
21203,BATALLAS,estado nutricional en menores de 5 anos,clasificacion c,2002-04-01,12,225,12,225,237
80802,BAURES,estado nutricional en menores de 5 anos,clasificacion c,2002-04-01,62,86,62,86,148
41202,BELEN DE ANDAMARCA,estado nutricional en menores de 5 anos,clasificacion c,2002-04-01,5,12,5,12,17
50104,BELEN DE URMIRI,estado nutricional en menores de 5 anos,clasificacion c,2002-04-01,8,30,8,30,38
90104,BELLA FLOR,estado nutricional en menores de 5 anos,clasificacion c,2002-04-01,71,98,71,98,169
60202,BERMEJO,estado nutricional en menores de 5 anos,clasificacion c,2002-04-01,21,86,21,86,107
50301,BETANZOS,estado nutricional en menores de 5 anos,clasificacion c,2002-04-01,131,367,131,367,498
31501,BOLIVAR,estado nutricional en menores de 5 anos,clasificacion c,2002-04-01,69,107,69,107,176
90103,BOLPEBRA,estado nutricional en menores de 5 anos,clasificacion c,2002-04-01,0,6,0,6,6
70707,BOYUIBE,estado nutricional en menores de 5 anos,clasificacion c,2002-04-01,8,110,8,110,118
70401,BUENA VISTA,estado nutricional en menores de 5 anos,clasificacion c,2002-04-01,207,168,207,168,375
70703,CABEZAS,estado nutricional en menores de 5 anos,clasificacion c,2002-04-01,10,129,10,129,139
20905,CAIROMA,estado nutricional en menores de 5 anos,clasificacion c,2002-04-01,1,66,1,66,67
51102,"CAIZA ""D""",estado nutricional en menores de 5 anos,clasificacion c,2002-04-01,108,187,108,187,295
21003,CAJUATA,estado nutricional en menores de 5 anos,clasificacion c,2002-04-01,34,10,34,10,44
20303,CALACOTO,estado nutricional en menores de 5 anos,clasificacion c,2002-04-01,22,51,22,51,73
21304,CALAMARCA,estado nutricional en menores de 5 anos,clasificacion c,2002-04-01,59,59,59,59,118
10701,CAMARGO,estado nutricional en menores de 5 anos,clasificacion c,2002-04-01,19,264,19,264,283
10901,CAMATAQUI (C. VILLA ABECIA),estado nutricional en menores de 5 anos,clasificacion c,2002-04-01,3,99,3,99,102
70706,CAMIRI,estado nutricional en menores de 5 anos,clasificacion c,2002-04-01,161,269,161,269,430
30701,CAPINOTA,estado nutricional en menores de 5 anos,clasificacion c,2002-04-01,20,60,20,60,80
20302,CAQUIAVIRI,estado nutricional en menores de 5 anos,clasificacion c,2002-04-01,58,65,58,65,123
40102,CARACOLLO,estado nutricional en menores de 5 anos,clasificacion c,2002-04-01,107,204,107,204,311
22001,CARANAVI,estado nutricional en menores de 5 anos,clasificacion c,2002-04-01,436,559,436,559,995
41503,CARANGAS,estado nutricional en menores de 5 anos,clasificacion c,2002-04-01,0,4,0,4,4
60302,CARAPARI,estado nutricional en menores de 5 anos,clasificacion c,2002-04-01,75,194,75,194,269
50702,CARIPUYO,estado nutricional en menores de 5 anos,clasificacion c,2002-04-01,18,97,18,97,115
21902,CATACORA,estado nutricional en menores de 5 anos,clasificacion c,2002-04-01,13,14,13,14,27
40201,CHALLAPATA,estado nutricional en menores de 5 anos,clasificacion c,2002-04-01,98,88,98,88,186
50302,CHAQUI,estado nutricional en menores de 5 anos,clasificacion c,2002-04-01,3,136,3,136,139
70702,CHARAGUA,estado nutricional en menores de 5 anos,clasificacion c,2002-04-01,27,548,27,548,575
20305,CHARAÃ‘A,estado nutricional en menores de 5 anos,clasificacion c,2002-04-01,7,35,7,35,42
31204,CHIMORE,estado nutricional en menores de 5 anos,clasificacion c,2002-04-01,42,29,42,29,71
40903,CHIPAYA,estado nutricional en menores de 5 anos,clasificacion c,2002-04-01,2,0,2,0,2
40302,CHOQUE COTA,estado nutricional en menores de 5 anos,clasificacion c,2002-04-01,0,40,0,40,40
21101,CHULUMANI (V. DE LA LIBERTAD),estado nutricional en menores de 5 anos,clasificacion c,2002-04-01,40,89,40,89,129
20501,CHUMA,estado nutricional en menores de 5 anos,clasificacion c,2002-04-01,27,73,27,73,100
30801,CLIZA,estado nutricional en menores de 5 anos,clasificacion c,2002-04-01,21,86,21,86,107
90101,COBIJA,estado nutricional en menores de 5 anos,clasificacion c,2002-04-01,314,214,314,214,528
30101,COCHABAMBA,estado nutricional en menores de 5 anos,clasificacion c,2002-04-01,1641,1526,1641,1526,3167
40902,COIPASA,estado nutricional en menores de 5 anos,clasificacion c,2002-04-01,1,6,1,6,7
30905,COLCAPIRHUA,estado nutricional en menores de 5 anos,clasificacion c,2002-04-01,210,148,210,148,358
50901,"COLCHA ""K""",estado nutricional en menores de 5 anos,clasificacion c,2002-04-01,9,198,9,198,207
21307,COLLANA,estado nutricional en menores de 5 anos,clasificacion c,2002-04-01,4,0,4,0,4
31002,COLOMI,estado nutricional en menores de 5 anos,clasificacion c,2002-04-01,144,163,144,163,307
50401,COLQUECHACA,estado nutricional en menores de 5 anos,clasificacion c,2002-04-01,128,106,128,106,234
21306,COLQUENCHA,estado nutricional en menores de 5 anos,clasificacion c,2002-04-01,40,21,40,21,61
21004,COLQUIRI,estado nutricional en menores de 5 anos,clasificacion c,2002-04-01,108,58,108,58,166
20304,COMANCHE,estado nutricional en menores de 5 anos,clasificacion c,2002-04-01,4,21,4,21,25
71301,COMARAPA,estado nutricional en menores de 5 anos,clasificacion c,2002-04-01,32,139,32,139,171
20605,COMBAYA,estado nutricional en menores de 5 anos,clasificacion c,2002-04-01,21,21,21,21,42
71101,CONCEPCION,estado nutricional en menores de 5 anos,clasificacion c,2002-04-01,2,50,2,50,52
21701,COPACABANA,estado nutricional en menores de 5 anos,clasificacion c,2002-04-01,12,105,12,105,117
21402,CORIPATA,estado nutricional en menores de 5 anos,clasificacion c,2002-04-01,23,46,23,46,69
20301,CORO CORO,estado nutricional en menores de 5 anos,clasificacion c,2002-04-01,57,107,57,107,164
21401,COROICO,estado nutricional en menores de 5 anos,clasificacion c,2002-04-01,13,4,13,4,17
40301,CORQUE,estado nutricional en menores de 5 anos,clasificacion c,2002-04-01,16,24,16,24,40
50601,COTAGAITA,estado nutricional en menores de 5 anos,clasificacion c,2002-04-01,73,411,73,411,484
70102,COTOCA,estado nutricional en menores de 5 anos,clasificacion c,2002-04-01,169,136,169,136,305
31405,CUCHUMUELA (V. G. VILLARROEL),estado nutricional en menores de 5 anos,clasificacion c,2002-04-01,3,20,3,20,23
70704,CUEVO,estado nutricional en menores de 5 anos,clasificacion c,2002-04-01,49,26,49,26,75
10902,CULPINA,estado nutricional en menores de 5 anos,clasificacion c,2002-04-01,185,152,185,152,337
40401,CURAHUARA DE CARANGAS,estado nutricional en menores de 5 anos,clasificacion c,2002-04-01,38,29,38,29,67
20804,DESAGUADERO,estado nutricional en menores de 5 anos,clasificacion c,2002-04-01,7,55,7,55,62
20105,EL ALTO,estado nutricional en menores de 5 anos,clasificacion c,2002-04-01,3990,2957,3990,2957,6947
40103,EL CHORO,estado nutricional en menores de 5 anos,clasificacion c,2002-04-01,11,12,11,12,23
71503,EL PUENTE(STC),estado nutricional en menores de 5 anos,clasificacion c,2002-04-01,51,293,51,293,344
60502,EL PUENTE(TJA),estado nutricional en menores de 5 anos,clasificacion c,2002-04-01,43,88,43,88,131
70105,EL TORNO,estado nutricional en menores de 5 anos,clasificacion c,2002-04-01,209,97,209,97,306
10405,EL VILLAR,estado nutricional en menores de 5 anos,clasificacion c,2002-04-01,85,125,85,125,210
60601,ENTRE RIOS,estado nutricional en menores de 5 anos,clasificacion c,2002-04-01,201,251,201,251,452
41101,EUCALIPTUS,estado nutricional en menores de 5 anos,clasificacion c,2002-04-01,3,98,3,98,101
80402,EXALTACION,estado nutricional en menores de 5 anos,clasificacion c,2002-04-01,11,59,11,59,70
90203,FILADELFIA,estado nutricional en menores de 5 anos,clasificacion c,2002-04-01,1,18,1,18,19
21601,GRAL. J.J. PEREZ (CHARAZANI),estado nutricional en menores de 5 anos,clasificacion c,2002-04-01,32,9,32,9,41
20602,GUANAY,estado nutricional en menores de 5 anos,clasificacion c,2002-04-01,75,468,75,468,543
20802,GUAQUI,estado nutricional en menores de 5 anos,clasificacion c,2002-04-01,3,32,3,32,35
80202,GUAYARAMERIN,estado nutricional en menores de 5 anos,clasificacion c,2002-04-01,424,240,424,240,664
70705,GUTIERREZ,estado nutricional en menores de 5 anos,clasificacion c,2002-04-01,43,334,43,334,377
10502,HUACARETA,estado nutricional en menores de 5 anos,clasificacion c,2002-04-01,175,304,175,304,479
11002,HUACAYA (VILLA DE HUACAYA),estado nutricional en menores de 5 anos,clasificacion c,2002-04-01,31,48,31,48,79
40501,HUACHACALLA,estado nutricional en menores de 5 anos,clasificacion c,2002-04-01,1,16,1,16,17
40701,HUANUNI,estado nutricional en menores de 5 anos,clasificacion c,2002-04-01,22,5,22,5,27
80803,HUARACAJE,estado nutricional en menores de 5 anos,clasificacion c,2002-04-01,25,23,25,23,48
41601,HUAYLLAMARCA,estado nutricional en menores de 5 anos,clasificacion c,2002-04-01,40,46,40,46,86
21005,ICHOCA,estado nutricional en menores de 5 anos,clasificacion c,2002-04-01,16,34,16,34,50
10304,ICLA,estado nutricional en menores de 5 anos,clasificacion c,2002-04-01,121,158,121,158,279
10703,INCAHUASI,estado nutricional en menores de 5 anos,clasificacion c,2002-04-01,37,405,37,405,442
21001,INQUISIVI,estado nutricional en menores de 5 anos,clasificacion c,2002-04-01,15,82,15,82,97
21102,IRUPANA (VILLA DE LANZA),estado nutricional en menores de 5 anos,clasificacion c,2002-04-01,90,187,90,187,277
21501,IXIAMAS,estado nutricional en menores de 5 anos,clasificacion c,2002-04-01,121,87,121,87,208
21105,LA ASUNTA,estado nutricional en menores de 5 anos,clasificacion c,2002-04-01,90,178,90,178,268
70104,LA GUARDIA,estado nutricional en menores de 5 anos,clasificacion c,2002-04-01,457,169,457,169,626
20101,LA PAZ,estado nutricional en menores de 5 anos,clasificacion c,2002-04-01,3530,2782,3530,2782,6312
41501,LA RIVERA,estado nutricional en menores de 5 anos,clasificacion c,2002-04-01,2,2,2,2,4
70701,LAGUNILLAS,estado nutricional en menores de 5 anos,clasificacion c,2002-04-01,24,114,24,114,138
21202,LAJA,estado nutricional en menores de 5 anos,clasificacion c,2002-04-01,13,84,13,84,97
10903,LAS CARRERAS,estado nutricional en menores de 5 anos,clasificacion c,2002-04-01,57,96,57,96,153
21006,LICOMA PAMPA,estado nutricional en menores de 5 anos,clasificacion c,2002-04-01,1,10,1,10,11
51401,LLICA,estado nutricional en menores de 5 anos,clasificacion c,2002-04-01,11,68,11,68,79
80601,LORETO,estado nutricional en menores de 5 anos,clasificacion c,2002-04-01,15,25,15,25,40
20901,LURIBAY,estado nutricional en menores de 5 anos,clasificacion c,2002-04-01,35,73,35,73,108
40702,MACHACAMARCA,estado nutricional en menores de 5 anos,clasificacion c,2002-04-01,37,12,37,12,49
11003,MACHARETI,estado nutricional en menores de 5 anos,clasificacion c,2002-04-01,135,231,135,231,366
80801,MAGDALENA,estado nutricional en menores de 5 anos,clasificacion c,2002-04-01,31,60,31,60,91
70903,MAIRANA,estado nutricional en menores de 5 anos,clasificacion c,2002-04-01,78,33,78,33,111
20904,MALLA,estado nutricional en menores de 5 anos,clasificacion c,2002-04-01,0,31,0,31,31
20103,MECAPACA,estado nutricional en menores de 5 anos,clasificacion c,2002-04-01,59,151,59,151,210
71003,MINEROS,estado nutricional en menores de 5 anos,clasificacion c,2002-04-01,131,92,131,92,223
31301,MIZQUE,estado nutricional en menores de 5 anos,clasificacion c,2002-04-01,59,69,59,69,128
20402,MOCOMOCO,estado nutricional en menores de 5 anos,clasificacion c,2002-04-01,126,88,126,88,214
51002,MOJINETE,estado nutricional en menores de 5 anos,clasificacion c,2002-04-01,0,19,0,19,19
10303,MOJOCOYA,estado nutricional en menores de 5 anos,clasificacion c,2002-04-01,196,262,196,262,458
10501,MONTEAGUDO,estado nutricional en menores de 5 anos,clasificacion c,2002-04-01,445,532,445,532,977
71001,MONTERO,estado nutricional en menores de 5 anos,clasificacion c,2002-04-01,1,106,1,106,107
70803,MORO MORO,estado nutricional en menores de 5 anos,clasificacion c,2002-04-01,34,20,34,20,54
30302,MOROCHATA,estado nutricional en menores de 5 anos,clasificacion c,2002-04-01,46,112,46,112,158
90401,NACEBE (SANTA ROSA DEL ABUNA),estado nutricional en menores de 5 anos,clasificacion c,2002-04-01,0,15,0,15,15
20307,NAZACARA DE PACAJES,estado nutricional en menores de 5 anos,clasificacion c,2002-04-01,1,18,1,18,19
90501,NUEVO MANOA (NUEVA ESPERANZA),estado nutricional en menores de 5 anos,clasificacion c,2002-04-01,5,9,5,9,14
50404,OCURI,estado nutricional en menores de 5 anos,clasificacion c,2002-04-01,71,71,71,71,142
70202,OKINAWA,estado nutricional en menores de 5 anos,clasificacion c,2002-04-01,50,110,50,110,160
30203,OMEREQUE,estado nutricional en menores de 5 anos,clasificacion c,2002-04-01,2,53,2,53,55
40101,ORURO,estado nutricional en menores de 5 anos,clasificacion c,2002-04-01,1279,956,1279,956,2235
60201,PADCAYA,estado nutricional en menores de 5 anos,clasificacion c,2002-04-01,127,186,127,186,313
10401,PADILLA,estado nutricional en menores de 5 anos,clasificacion c,2002-04-01,295,406,295,406,701
70502,PAILON,estado nutricional en menores de 5 anos,clasificacion c,2002-04-01,32,206,32,206,238
20102,PALCA,estado nutricional en menores de 5 anos,clasificacion c,2002-04-01,107,63,107,63,170
21104,PALOS BLANCOS,estado nutricional en menores de 5 anos,clasificacion c,2002-04-01,278,388,278,388,666
40802,PAMPA AULLAGAS,estado nutricional en menores de 5 anos,clasificacion c,2002-04-01,5,60,5,60,65
70902,PAMPA GRANDE,estado nutricional en menores de 5 anos,clasificacion c,2002-04-01,54,59,54,59,113
21802,PAPEL PAMPA,estado nutricional en menores de 5 anos,clasificacion c,2002-04-01,27,6,27,6,33
30202,PASORAPA,estado nutricional en menores de 5 anos,clasificacion c,2002-04-01,31,54,31,54,85
21305,PATACAMAYA,estado nutricional en menores de 5 anos,clasificacion c,2002-04-01,80,14,80,14,94
40602,PAZÃ‘A,estado nutricional en menores de 5 anos,clasificacion c,2002-04-01,3,56,3,56,59
20702,PELECHUCO,estado nutricional en menores de 5 anos,clasificacion c,2002-04-01,26,32,26,32,58
50403,POCOATA,estado nutricional en menores de 5 anos,clasificacion c,2002-04-01,135,225,135,225,360
31203,POCONA,estado nutricional en menores de 5 anos,clasificacion c,2002-04-01,114,105,114,105,219
31202,POJO (CBBA),estado nutricional en menores de 5 anos,clasificacion c,2002-04-01,450,378,450,378,828
40601,POOPO,estado nutricional en menores de 5 anos,clasificacion c,2002-04-01,14,42,14,42,56
51203,PORCO,estado nutricional en menores de 5 anos,clasificacion c,2002-04-01,56,79,56,79,135
10103,POROMA,estado nutricional en menores de 5 anos,clasificacion c,2002-04-01,176,134,176,134,310
70103,PORONGO,estado nutricional en menores de 5 anos,clasificacion c,2002-04-01,55,91,55,91,146
70601,PORTACHUELO,estado nutricional en menores de 5 anos,clasificacion c,2002-04-01,299,192,299,192,491
90102,PORVENIR,estado nutricional en menores de 5 anos,clasificacion c,2002-04-01,7,9,7,9,16
50101,POTOSI,estado nutricional en menores de 5 anos,clasificacion c,2002-04-01,1096,538,1096,538,1634
10302,PRESTO,estado nutricional en menores de 5 anos,clasificacion c,2002-04-01,119,108,119,108,227
70805,PUCARA,estado nutricional en menores de 5 anos,clasificacion c,2002-04-01,2,31,2,31,33
21201,PUCARANI,estado nutricional en menores de 5 anos,clasificacion c,2002-04-01,20,144,20,144,164
20401,PUERTO ACOSTA,estado nutricional en menores de 5 anos,clasificacion c,2002-04-01,172,225,172,225,397
20403,PUERTO CARABUCO,estado nutricional en menores de 5 anos,clasificacion c,2002-04-01,145,119,145,119,264
90301,PUERTO GONZALO MORENO,estado nutricional en menores de 5 anos,clasificacion c,2002-04-01,15,15,15,15,30
21204,PUERTO PEREZ,estado nutricional en menores de 5 anos,clasificacion c,2002-04-01,0,33,0,33,33
71402,PUERTO QUIJARRO,estado nutricional en menores de 5 anos,clasificacion c,2002-04-01,195,73,195,73,268
90201,PUERTO RICO,estado nutricional en menores de 5 anos,clasificacion c,2002-04-01,13,68,13,68,81
80703,PUERTO SILES,estado nutricional en menores de 5 anos,clasificacion c,2002-04-01,3,3,3,3,6
71401,PUERTO SUAREZ,estado nutricional en menores de 5 anos,clasificacion c,2002-04-01,132,24,132,24,156
31205,PUERTO VILLARROEL,estado nutricional en menores de 5 anos,clasificacion c,2002-04-01,240,204,240,204,444
51101,PUNA,estado nutricional en menores de 5 anos,clasificacion c,2002-04-01,79,288,79,288,367
31401,PUNATA,estado nutricional en menores de 5 anos,clasificacion c,2002-04-01,112,345,112,345,457
20604,QUIABAYA,estado nutricional en menores de 5 anos,clasificacion c,2002-04-01,28,41,28,41,69
30901,QUILLACOLLO,estado nutricional en menores de 5 anos,clasificacion c,2002-04-01,125,129,125,129,254
21002,QUIME,estado nutricional en menores de 5 anos,clasificacion c,2002-04-01,84,76,84,76,160
70904,QUIRUSILLAS,estado nutricional en menores de 5 anos,clasificacion c,2002-04-01,10,13,10,13,23
50402,RAVELO,estado nutricional en menores de 5 anos,clasificacion c,2002-04-01,92,138,92,138,230
80301,REYES,estado nutricional en menores de 5 anos,clasificacion c,2002-04-01,107,82,107,82,189
80201,RIBERALTA,estado nutricional en menores de 5 anos,clasificacion c,2002-04-01,949,386,949,386,1335
70503,ROBORE,estado nutricional en menores de 5 anos,clasificacion c,2002-04-01,28,209,28,209,237
80304,RURRENABAQUE,estado nutricional en menores de 5 anos,clasificacion c,2002-04-01,114,140,114,140,254
40901,SABAYA,estado nutricional en menores de 5 anos,clasificacion c,2002-04-01,1,15,1,15,16
31001,SACABA,estado nutricional en menores de 5 anos,clasificacion c,2002-04-01,236,51,236,51,287
30404,SACABAMBA,estado nutricional en menores de 5 anos,clasificacion c,2002-04-01,0,18,0,18,18
50701,SACACA,estado nutricional en menores de 5 anos,clasificacion c,2002-04-01,89,126,89,126,215
71302,SAIPINA,estado nutricional en menores de 5 anos,clasificacion c,2002-04-01,27,28,27,28,55
40801,SALINAS DE GARCI MENDOZA,estado nutricional en menores de 5 anos,clasificacion c,2002-04-01,33,69,33,69,102
70901,SAMAIPATA,estado nutricional en menores de 5 anos,clasificacion c,2002-04-01,36,32,36,32,68
51601,SAN AGUSTIN,estado nutricional en menores de 5 anos,clasificacion c,2002-04-01,5,47,5,47,52
80602,SAN ANDRES,estado nutricional en menores de 5 anos,clasificacion c,2002-04-01,109,121,109,121,230
51003,SAN ANTONIO DE ESMORUCO,estado nutricional en menores de 5 anos,clasificacion c,2002-04-01,2,21,2,21,23
71105,SAN ANTONIO DE LOMERIO,estado nutricional en menores de 5 anos,clasificacion c,2002-04-01,128,145,128,145,273
31403,SAN BENITO,estado nutricional en menores de 5 anos,clasificacion c,2002-04-01,9,121,9,121,130
80302,SAN BORJA,estado nutricional en menores de 5 anos,clasificacion c,2002-04-01,424,327,424,327,751
21502,SAN BUENA VENTURA,estado nutricional en menores de 5 anos,clasificacion c,2002-04-01,121,139,121,139,260
70402,SAN CARLOS,estado nutricional en menores de 5 anos,clasificacion c,2002-04-01,22,60,22,60,82
80501,SAN IGNACIO,estado nutricional en menores de 5 anos,clasificacion c,2002-04-01,78,377,78,377,455
70301,SAN IGNACIO DE VELASCO,estado nutricional en menores de 5 anos,clasificacion c,2002-04-01,611,329,611,329,940
80102,SAN JAVIER(BNI),estado nutricional en menores de 5 anos,clasificacion c,2002-04-01,13,72,13,72,85
71102,SAN JAVIER(STC),estado nutricional en menores de 5 anos,clasificacion c,2002-04-01,86,21,86,21,107
80701,SAN JOAQUIN,estado nutricional en menores de 5 anos,clasificacion c,2002-04-01,6,54,6,54,60
70501,SAN JOSE DE CHIQUITOS,estado nutricional en menores de 5 anos,clasificacion c,2002-04-01,101,95,101,95,196
71104,SAN JULIAN,estado nutricional en menores de 5 anos,clasificacion c,2002-04-01,265,679,265,679,944
60501,SAN LORENZO(TJA),estado nutricional en menores de 5 anos,clasificacion c,2002-04-01,25,15,25,15,40
10702,SAN LUCAS,estado nutricional en menores de 5 anos,clasificacion c,2002-04-01,573,694,573,694,1267
71201,SAN MATIAS,estado nutricional en menores de 5 anos,clasificacion c,2002-04-01,138,51,138,51,189
70302,SAN MIGUEL DE VELASCO,estado nutricional en menores de 5 anos,clasificacion c,2002-04-01,180,136,180,136,316
51001,SAN PABLO DE LIPEZ,estado nutricional en menores de 5 anos,clasificacion c,2002-04-01,3,41,3,41,44
50501,SAN PEDRO DE BUENA VISTA,estado nutricional en menores de 5 anos,clasificacion c,2002-04-01,14,193,14,193,207
21801,SAN PEDRO DE CURAHUARA,estado nutricional en menores de 5 anos,clasificacion c,2002-04-01,9,46,9,46,55
50902,SAN PEDRO DE QUEMES,estado nutricional en menores de 5 anos,clasificacion c,2002-04-01,1,10,1,10,11
21702,SAN PEDRO DE TIQUINA,estado nutricional en menores de 5 anos,clasificacion c,2002-04-01,20,70,20,70,90
70303,SAN RAFAEL,estado nutricional en menores de 5 anos,clasificacion c,2002-04-01,56,41,56,41,97
80702,SAN RAMON,estado nutricional en menores de 5 anos,clasificacion c,2002-04-01,133,8,133,8,141
80702,SAN RAMON,estado nutricional en menores de 5 anos,clasificacion c,2002-04-01,62,116,62,116,178
80401,SANTA ANA,estado nutricional en menores de 5 anos,clasificacion c,2002-04-01,226,76,226,76,302
70101,SANTA CRUZ DE LA SIERRA,estado nutricional en menores de 5 anos,clasificacion c,2002-04-01,2226,2185,2226,2185,4411
80303,SANTA ROSA,estado nutricional en menores de 5 anos,clasificacion c,2002-04-01,68,33,68,33,101
70602,SANTA ROSA DEL SARA,estado nutricional en menores de 5 anos,clasificacion c,2002-04-01,35,47,35,47,82
20308,SANTIAGO DE CALLAPA,estado nutricional en menores de 5 anos,clasificacion c,2002-04-01,28,93,28,93,121
41401,SANTIAGO DE HUARI,estado nutricional en menores de 5 anos,clasificacion c,2002-04-01,26,30,26,30,56
21901,SANTIAGO DE MACHACA,estado nutricional en menores de 5 anos,clasificacion c,2002-04-01,43,59,43,59,102
30702,SANTIVAÃ‘ES,estado nutricional en menores de 5 anos,clasificacion c,2002-04-01,83,47,83,47,130
40202,SANTUARIO DE QUILLACAS,estado nutricional en menores de 5 anos,clasificacion c,2002-04-01,8,23,8,23,31
20902,SAPAHAQUI,estado nutricional en menores de 5 anos,clasificacion c,2002-04-01,4,30,4,30,34
21301,SICA SICA (VILLA AROMA),estado nutricional en menores de 5 anos,clasificacion c,2002-04-01,86,34,86,34,120
30703,SICAYA,estado nutricional en menores de 5 anos,clasificacion c,2002-04-01,3,39,3,39,42
30902,SIPE SIPE,estado nutricional en menores de 5 anos,clasificacion c,2002-04-01,347,270,347,270,617
10403,SOPACHUY,estado nutricional en menores de 5 anos,clasificacion c,2002-04-01,103,61,103,61,164
20601,SORATA,estado nutricional en menores de 5 anos,clasificacion c,2002-04-01,99,203,99,203,302
10101,SUCRE,estado nutricional en menores de 5 anos,clasificacion c,2002-04-01,1588,1860,1588,1860,3448
31404,TACACHI,estado nutricional en menores de 5 anos,clasificacion c,2002-04-01,2,32,2,32,34
20603,TACACOMA,estado nutricional en menores de 5 anos,clasificacion c,2002-04-01,4,58,4,58,62
50303,TACOBAMBA,estado nutricional en menores de 5 anos,clasificacion c,2002-04-01,126,57,126,57,183
30602,TACOPAYA,estado nutricional en menores de 5 anos,clasificacion c,2002-04-01,31,75,31,75,106
51402,TAHUA,estado nutricional en menores de 5 anos,clasificacion c,2002-04-01,2,41,2,41,43
31101,TAPACARI,estado nutricional en menores de 5 anos,clasificacion c,2002-04-01,23,171,23,171,194
10601,TARABUCO,estado nutricional en menores de 5 anos,clasificacion c,2002-04-01,251,847,251,847,1098
30401,TARATA,estado nutricional en menores de 5 anos,clasificacion c,2002-04-01,12,112,12,112,124
60101,TARIJA,estado nutricional en menores de 5 anos,clasificacion c,2002-04-01,565,982,565,982,1547
10202,TARVITA,estado nutricional en menores de 5 anos,clasificacion c,2002-04-01,193,174,193,174,367
20803,TIAWANACU,estado nutricional en menores de 5 anos,clasificacion c,2002-04-01,114,102,114,102,216
50102,TINGUIPAYA,estado nutricional en menores de 5 anos,clasificacion c,2002-04-01,14,139,14,139,153
20606,TIPUANI,estado nutricional en menores de 5 anos,clasificacion c,2002-04-01,65,28,65,28,93
30903,TIQUIPAYA,estado nutricional en menores de 5 anos,clasificacion c,2002-04-01,2,55,2,55,57
31601,TIRAQUE (CBBA),estado nutricional en menores de 5 anos,clasificacion c,2002-04-01,193,321,193,321,514
21703,TITO YUPANQUI (PARQUIPUJIO),estado nutricional en menores de 5 anos,clasificacion c,2002-04-01,2,23,2,23,25
30802,TOCO,estado nutricional en menores de 5 anos,clasificacion c,2002-04-01,11,18,11,18,29
41001,TOLEDO,estado nutricional en menores de 5 anos,clasificacion c,2002-04-01,27,35,27,35,62
51202,TOMAVE,estado nutricional en menores de 5 anos,clasificacion c,2002-04-01,15,177,15,177,192
10402,TOMINA,estado nutricional en menores de 5 anos,clasificacion c,2002-04-01,174,269,174,269,443
50502,TORO TORO,estado nutricional en menores de 5 anos,clasificacion c,2002-04-01,10,55,10,55,65
31201,TOTORA(CBBA),estado nutricional en menores de 5 anos,clasificacion c,2002-04-01,103,102,103,102,205
41301,TOTORA(ORR),estado nutricional en menores de 5 anos,clasificacion c,2002-04-01,9,92,9,92,101
70802,TRIGAL,estado nutricional en menores de 5 anos,clasificacion c,2002-04-01,17,11,17,11,28
80101,TRINIDAD,estado nutricional en menores de 5 anos,clasificacion c,2002-04-01,555,497,555,497,1052
50801,TUPIZA,estado nutricional en menores de 5 anos,clasificacion c,2002-04-01,68,883,68,883,951
40402,TURCO,estado nutricional en menores de 5 anos,clasificacion c,2002-04-01,39,54,39,54,93
21302,UMALA,estado nutricional en menores de 5 anos,clasificacion c,2002-04-01,18,0,18,0,18
60401,URIONDO (A. CONCEPCION),estado nutricional en menores de 5 anos,clasificacion c,2002-04-01,43,164,43,164,207
71502,URUBICHA,estado nutricional en menores de 5 anos,clasificacion c,2002-04-01,124,360,124,360,484
51201,UYUNI,estado nutricional en menores de 5 anos,clasificacion c,2002-04-01,44,695,44,695,739
30502,VACAS,estado nutricional en menores de 5 anos,clasificacion c,2002-04-01,8,40,8,40,48
70801,VALLEGRANDE,estado nutricional en menores de 5 anos,clasificacion c,2002-04-01,172,112,172,112,284
20801,VIACHA,estado nutricional en menores de 5 anos,clasificacion c,2002-04-01,56,450,56,450,506
31302,VILA VILA,estado nutricional en menores de 5 anos,clasificacion c,2002-04-01,8,50,8,50,58
60303,VILLA MONTES,estado nutricional en menores de 5 anos,clasificacion c,2002-04-01,176,171,176,171,347
90502,VILLA NUEVA (LOMA ALTA),estado nutricional en menores de 5 anos,clasificacion c,2002-04-01,3,3,3,3,6
31402,VILLA RIVERO,estado nutricional en menores de 5 anos,clasificacion c,2002-04-01,5,106,5,106,111
10801,VILLA SERRANO,estado nutricional en menores de 5 anos,clasificacion c,2002-04-01,122,431,122,431,553
31003,VILLA TUNARI,estado nutricional en menores de 5 anos,clasificacion c,2002-04-01,358,143,358,143,501
11001,VILLA VACA GUZMAN (MUYUPAMPA),estado nutricional en menores de 5 anos,clasificacion c,2002-04-01,198,274,198,274,472
51501,VILLAZON,estado nutricional en menores de 5 anos,clasificacion c,2002-04-01,88,651,88,651,739
30904,VINTO,estado nutricional en menores de 5 anos,clasificacion c,2002-04-01,204,52,204,52,256
50602,VITICHI,estado nutricional en menores de 5 anos,clasificacion c,2002-04-01,93,250,93,250,343
20306,WALDO BALLIVIAN,estado nutricional en menores de 5 anos,clasificacion c,2002-04-01,29,1,29,1,30
70201,WARNES,estado nutricional en menores de 5 anos,clasificacion c,2002-04-01,248,280,248,280,528
20903,YACO,estado nutricional en menores de 5 anos,clasificacion c,2002-04-01,2,32,2,32,34
60301,YACUIBA,estado nutricional en menores de 5 anos,clasificacion c,2002-04-01,340,329,340,329,669
10602,YAMPARAEZ,estado nutricional en menores de 5 anos,clasificacion c,2002-04-01,292,406,292,406,698
21103,YANACACHI,estado nutricional en menores de 5 anos,clasificacion c,2002-04-01,55,25,55,25,80
70403,YAPACANI,estado nutricional en menores de 5 anos,clasificacion c,2002-04-01,220,353,220,353,573
50103,YOCALLA,estado nutricional en menores de 5 anos,clasificacion c,2002-04-01,8,133,8,133,141
10102,YOTALA,estado nutricional en menores de 5 anos,clasificacion c,2002-04-01,171,352,171,352,523
60402,YUNCHARA,estado nutricional en menores de 5 anos,clasificacion c,2002-04-01,9,57,9,57,66
10301,ZUDAÃ‘EZ,estado nutricional en menores de 5 anos,clasificacion c,2002-04-01,146,196,146,196,342
51302,ACACIO,estado nutricional en menores de 5 anos,clasificacion c,2002-05-01,36,129,36,129,165
20201,ACHACACHI,estado nutricional en menores de 5 anos,clasificacion c,2002-05-01,455,496,455,496,951
20104,ACHOCALLA,estado nutricional en menores de 5 anos,clasificacion c,2002-05-01,42,65,42,65,107
30201,AIQUILE,estado nutricional en menores de 5 anos,clasificacion c,2002-05-01,25,32,25,32,57
31303,ALALAY,estado nutricional en menores de 5 anos,clasificacion c,2002-05-01,18,22,18,22,40
10404,ALCALA,estado nutricional en menores de 5 anos,clasificacion c,2002-05-01,57,87,57,87,144
20202,ANCORAIMES,estado nutricional en menores de 5 anos,clasificacion c,2002-05-01,197,279,197,279,476
41201,ANDAMARCA,estado nutricional en menores de 5 anos,clasificacion c,2002-05-01,39,15,39,15,54
40603,ANTEQUERA,estado nutricional en menores de 5 anos,clasificacion c,2002-05-01,25,18,25,18,43
30402,ANZALDO,estado nutricional en menores de 5 anos,clasificacion c,2002-05-01,8,94,8,94,102
20701,APOLO,estado nutricional en menores de 5 anos,clasificacion c,2002-05-01,89,25,89,25,114
51301,ARAMPAMPA,estado nutricional en menores de 5 anos,clasificacion c,2002-05-01,45,49,45,49,94
30501,ARANI,estado nutricional en menores de 5 anos,clasificacion c,2002-05-01,10,64,10,64,74
30403,ARBIETO,estado nutricional en menores de 5 anos,clasificacion c,2002-05-01,9,66,9,66,75
30601,ARQUE,estado nutricional en menores de 5 anos,clasificacion c,2002-05-01,74,64,74,64,138
71501,ASCENCION DE GUARAYOS,estado nutricional en menores de 5 anos,clasificacion c,2002-05-01,0,15,0,15,15
50802,ATOCHA,estado nutricional en menores de 5 anos,clasificacion c,2002-05-01,32,259,32,259,291
20502,AYATA,estado nutricional en menores de 5 anos,clasificacion c,2002-05-01,5,71,5,71,76
21303,AYO AYO,estado nutricional en menores de 5 anos,clasificacion c,2002-05-01,109,23,109,23,132
30301,AYOPAYA (V. DE INDEPENDENCIA),estado nutricional en menores de 5 anos,clasificacion c,2002-05-01,244,182,244,182,426
10201,AZURDUY,estado nutricional en menores de 5 anos,clasificacion c,2002-05-01,209,208,209,208,417
21203,BATALLAS,estado nutricional en menores de 5 anos,clasificacion c,2002-05-01,31,270,31,270,301
80802,BAURES,estado nutricional en menores de 5 anos,clasificacion c,2002-05-01,27,24,27,24,51
41202,BELEN DE ANDAMARCA,estado nutricional en menores de 5 anos,clasificacion c,2002-05-01,6,9,6,9,15
50104,BELEN DE URMIRI,estado nutricional en menores de 5 anos,clasificacion c,2002-05-01,18,28,18,28,46
90104,BELLA FLOR,estado nutricional en menores de 5 anos,clasificacion c,2002-05-01,69,95,69,95,164
60202,BERMEJO,estado nutricional en menores de 5 anos,clasificacion c,2002-05-01,20,97,20,97,117
50301,BETANZOS,estado nutricional en menores de 5 anos,clasificacion c,2002-05-01,257,485,257,485,742
31501,BOLIVAR,estado nutricional en menores de 5 anos,clasificacion c,2002-05-01,13,78,13,78,91
90103,BOLPEBRA,estado nutricional en menores de 5 anos,clasificacion c,2002-05-01,1,8,1,8,9
70707,BOYUIBE,estado nutricional en menores de 5 anos,clasificacion c,2002-05-01,7,152,7,152,159
70401,BUENA VISTA,estado nutricional en menores de 5 anos,clasificacion c,2002-05-01,226,188,226,188,414
70703,CABEZAS,estado nutricional en menores de 5 anos,clasificacion c,2002-05-01,3,31,3,31,34
20905,CAIROMA,estado nutricional en menores de 5 anos,clasificacion c,2002-05-01,1,12,1,12,13
51102,"CAIZA ""D""",estado nutricional en menores de 5 anos,clasificacion c,2002-05-01,105,218,105,218,323
21003,CAJUATA,estado nutricional en menores de 5 anos,clasificacion c,2002-05-01,52,31,52,31,83
20303,CALACOTO,estado nutricional en menores de 5 anos,clasificacion c,2002-05-01,15,13,15,13,28
21304,CALAMARCA,estado nutricional en menores de 5 anos,clasificacion c,2002-05-01,99,95,99,95,194
10701,CAMARGO,estado nutricional en menores de 5 anos,clasificacion c,2002-05-01,169,204,169,204,373
10901,CAMATAQUI (C. VILLA ABECIA),estado nutricional en menores de 5 anos,clasificacion c,2002-05-01,56,69,56,69,125
70706,CAMIRI,estado nutricional en menores de 5 anos,clasificacion c,2002-05-01,82,264,82,264,346
30701,CAPINOTA,estado nutricional en menores de 5 anos,clasificacion c,2002-05-01,28,66,28,66,94
20302,CAQUIAVIRI,estado nutricional en menores de 5 anos,clasificacion c,2002-05-01,70,49,70,49,119
40102,CARACOLLO,estado nutricional en menores de 5 anos,clasificacion c,2002-05-01,111,267,111,267,378
22001,CARANAVI,estado nutricional en menores de 5 anos,clasificacion c,2002-05-01,324,418,324,418,742
41503,CARANGAS,estado nutricional en menores de 5 anos,clasificacion c,2002-05-01,0,4,0,4,4
60302,CARAPARI,estado nutricional en menores de 5 anos,clasificacion c,2002-05-01,54,209,54,209,263
50702,CARIPUYO,estado nutricional en menores de 5 anos,clasificacion c,2002-05-01,53,310,53,310,363
21803,CHACARILLA,estado nutricional en menores de 5 anos,clasificacion c,2002-05-01,5,4,5,4,9
40201,CHALLAPATA,estado nutricional en menores de 5 anos,clasificacion c,2002-05-01,112,127,112,127,239
50302,CHAQUI,estado nutricional en menores de 5 anos,clasificacion c,2002-05-01,100,129,100,129,229
70702,CHARAGUA,estado nutricional en menores de 5 anos,clasificacion c,2002-05-01,58,517,58,517,575
20305,CHARAÃ‘A,estado nutricional en menores de 5 anos,clasificacion c,2002-05-01,1,18,1,18,19
31204,CHIMORE,estado nutricional en menores de 5 anos,clasificacion c,2002-05-01,36,47,36,47,83
40903,CHIPAYA,estado nutricional en menores de 5 anos,clasificacion c,2002-05-01,0,19,0,19,19
40302,CHOQUE COTA,estado nutricional en menores de 5 anos,clasificacion c,2002-05-01,1,47,1,47,48
21101,CHULUMANI (V. DE LA LIBERTAD),estado nutricional en menores de 5 anos,clasificacion c,2002-05-01,25,84,25,84,109
20501,CHUMA,estado nutricional en menores de 5 anos,clasificacion c,2002-05-01,11,31,11,31,42
30801,CLIZA,estado nutricional en menores de 5 anos,clasificacion c,2002-05-01,23,109,23,109,132
90101,COBIJA,estado nutricional en menores de 5 anos,clasificacion c,2002-05-01,316,148,316,148,464
30101,COCHABAMBA,estado nutricional en menores de 5 anos,clasificacion c,2002-05-01,1892,1332,1892,1332,3224
40902,COIPASA,estado nutricional en menores de 5 anos,clasificacion c,2002-05-01,1,9,1,9,10
30905,COLCAPIRHUA,estado nutricional en menores de 5 anos,clasificacion c,2002-05-01,294,198,294,198,492
50901,"COLCHA ""K""",estado nutricional en menores de 5 anos,clasificacion c,2002-05-01,25,397,25,397,422
21307,COLLANA,estado nutricional en menores de 5 anos,clasificacion c,2002-05-01,11,0,11,0,11
31002,COLOMI,estado nutricional en menores de 5 anos,clasificacion c,2002-05-01,150,248,150,248,398
50401,COLQUECHACA,estado nutricional en menores de 5 anos,clasificacion c,2002-05-01,173,147,173,147,320
21306,COLQUENCHA,estado nutricional en menores de 5 anos,clasificacion c,2002-05-01,60,44,60,44,104
21004,COLQUIRI,estado nutricional en menores de 5 anos,clasificacion c,2002-05-01,43,47,43,47,90
20304,COMANCHE,estado nutricional en menores de 5 anos,clasificacion c,2002-05-01,7,31,7,31,38
71301,COMARAPA,estado nutricional en menores de 5 anos,clasificacion c,2002-05-01,63,210,63,210,273
20605,COMBAYA,estado nutricional en menores de 5 anos,clasificacion c,2002-05-01,37,35,37,35,72
71101,CONCEPCION,estado nutricional en menores de 5 anos,clasificacion c,2002-05-01,18,21,18,21,39
21701,COPACABANA,estado nutricional en menores de 5 anos,clasificacion c,2002-05-01,38,193,38,193,231
21402,CORIPATA,estado nutricional en menores de 5 anos,clasificacion c,2002-05-01,18,42,18,42,60
20301,CORO CORO,estado nutricional en menores de 5 anos,clasificacion c,2002-05-01,49,61,49,61,110
21401,COROICO,estado nutricional en menores de 5 anos,clasificacion c,2002-05-01,138,56,138,56,194
40301,CORQUE,estado nutricional en menores de 5 anos,clasificacion c,2002-05-01,23,70,23,70,93
50601,COTAGAITA,estado nutricional en menores de 5 anos,clasificacion c,2002-05-01,82,361,82,361,443
70102,COTOCA,estado nutricional en menores de 5 anos,clasificacion c,2002-05-01,148,85,148,85,233
31405,CUCHUMUELA (V. G. VILLARROEL),estado nutricional en menores de 5 anos,clasificacion c,2002-05-01,0,49,0,49,49
70704,CUEVO,estado nutricional en menores de 5 anos,clasificacion c,2002-05-01,67,92,67,92,159
10902,CULPINA,estado nutricional en menores de 5 anos,clasificacion c,2002-05-01,368,297,368,297,665
40401,CURAHUARA DE CARANGAS,estado nutricional en menores de 5 anos,clasificacion c,2002-05-01,57,21,57,21,78
21602,CURVA,estado nutricional en menores de 5 anos,clasificacion c,2002-05-01,27,7,27,7,34
20804,DESAGUADERO,estado nutricional en menores de 5 anos,clasificacion c,2002-05-01,6,119,6,119,125
20105,EL ALTO,estado nutricional en menores de 5 anos,clasificacion c,2002-05-01,5101,3280,5101,3280,8381
40103,EL CHORO,estado nutricional en menores de 5 anos,clasificacion c,2002-05-01,21,24,21,24,45
71503,EL PUENTE(STC),estado nutricional en menores de 5 anos,clasificacion c,2002-05-01,15,143,15,143,158
60502,EL PUENTE(TJA),estado nutricional en menores de 5 anos,clasificacion c,2002-05-01,56,129,56,129,185
70105,EL TORNO,estado nutricional en menores de 5 anos,clasificacion c,2002-05-01,322,250,322,250,572
10405,EL VILLAR,estado nutricional en menores de 5 anos,clasificacion c,2002-05-01,99,164,99,164,263
60601,ENTRE RIOS,estado nutricional en menores de 5 anos,clasificacion c,2002-05-01,216,378,216,378,594
41101,EUCALIPTUS,estado nutricional en menores de 5 anos,clasificacion c,2002-05-01,10,50,10,50,60
80402,EXALTACION,estado nutricional en menores de 5 anos,clasificacion c,2002-05-01,55,89,55,89,144
90203,FILADELFIA,estado nutricional en menores de 5 anos,clasificacion c,2002-05-01,0,23,0,23,23
71002,GENERAL SAAVEDRA,estado nutricional en menores de 5 anos,clasificacion c,2002-05-01,220,338,220,338,558
21601,GRAL. J.J. PEREZ (CHARAZANI),estado nutricional en menores de 5 anos,clasificacion c,2002-05-01,6,1,6,1,7
20602,GUANAY,estado nutricional en menores de 5 anos,clasificacion c,2002-05-01,193,379,193,379,572
20802,GUAQUI,estado nutricional en menores de 5 anos,clasificacion c,2002-05-01,22,56,22,56,78
80202,GUAYARAMERIN,estado nutricional en menores de 5 anos,clasificacion c,2002-05-01,344,185,344,185,529
70705,GUTIERREZ,estado nutricional en menores de 5 anos,clasificacion c,2002-05-01,25,321,25,321,346
10502,HUACARETA,estado nutricional en menores de 5 anos,clasificacion c,2002-05-01,210,318,210,318,528
11002,HUACAYA (VILLA DE HUACAYA),estado nutricional en menores de 5 anos,clasificacion c,2002-05-01,37,23,37,23,60
40501,HUACHACALLA,estado nutricional en menores de 5 anos,clasificacion c,2002-05-01,4,14,4,14,18
40701,HUANUNI,estado nutricional en menores de 5 anos,clasificacion c,2002-05-01,28,4,28,4,32
80803,HUARACAJE,estado nutricional en menores de 5 anos,clasificacion c,2002-05-01,41,16,41,16,57
41601,HUAYLLAMARCA,estado nutricional en menores de 5 anos,clasificacion c,2002-05-01,48,38,48,38,86
21005,ICHOCA,estado nutricional en menores de 5 anos,clasificacion c,2002-05-01,8,19,8,19,27
10304,ICLA,estado nutricional en menores de 5 anos,clasificacion c,2002-05-01,198,234,198,234,432
10703,INCAHUASI,estado nutricional en menores de 5 anos,clasificacion c,2002-05-01,202,243,202,243,445
90402,INGAVI (HUMAITA),estado nutricional en menores de 5 anos,clasificacion c,2002-05-01,0,11,0,11,11
21001,INQUISIVI,estado nutricional en menores de 5 anos,clasificacion c,2002-05-01,107,145,107,145,252
21102,IRUPANA (VILLA DE LANZA),estado nutricional en menores de 5 anos,clasificacion c,2002-05-01,84,192,84,192,276
21501,IXIAMAS,estado nutricional en menores de 5 anos,clasificacion c,2002-05-01,72,72,72,72,144
21105,LA ASUNTA,estado nutricional en menores de 5 anos,clasificacion c,2002-05-01,72,179,72,179,251
70104,LA GUARDIA,estado nutricional en menores de 5 anos,clasificacion c,2002-05-01,437,203,437,203,640
20101,LA PAZ,estado nutricional en menores de 5 anos,clasificacion c,2002-05-01,4365,2847,4365,2847,7212
41501,LA RIVERA,estado nutricional en menores de 5 anos,clasificacion c,2002-05-01,1,1,1,1,2
70701,LAGUNILLAS,estado nutricional en menores de 5 anos,clasificacion c,2002-05-01,93,142,93,142,235
21202,LAJA,estado nutricional en menores de 5 anos,clasificacion c,2002-05-01,4,125,4,125,129
10903,LAS CARRERAS,estado nutricional en menores de 5 anos,clasificacion c,2002-05-01,62,90,62,90,152
51401,LLICA,estado nutricional en menores de 5 anos,clasificacion c,2002-05-01,91,81,91,81,172
80601,LORETO,estado nutricional en menores de 5 anos,clasificacion c,2002-05-01,34,75,34,75,109
20901,LURIBAY,estado nutricional en menores de 5 anos,clasificacion c,2002-05-01,82,106,82,106,188
40702,MACHACAMARCA,estado nutricional en menores de 5 anos,clasificacion c,2002-05-01,21,20,21,20,41
11003,MACHARETI,estado nutricional en menores de 5 anos,clasificacion c,2002-05-01,136,323,136,323,459
80801,MAGDALENA,estado nutricional en menores de 5 anos,clasificacion c,2002-05-01,63,75,63,75,138
70903,MAIRANA,estado nutricional en menores de 5 anos,clasificacion c,2002-05-01,94,65,94,65,159
20904,MALLA,estado nutricional en menores de 5 anos,clasificacion c,2002-05-01,2,5,2,5,7
20103,MECAPACA,estado nutricional en menores de 5 anos,clasificacion c,2002-05-01,57,185,57,185,242
71003,MINEROS,estado nutricional en menores de 5 anos,clasificacion c,2002-05-01,444,272,444,272,716
31301,MIZQUE,estado nutricional en menores de 5 anos,clasificacion c,2002-05-01,92,90,92,90,182
20402,MOCOMOCO,estado nutricional en menores de 5 anos,clasificacion c,2002-05-01,104,85,104,85,189
51002,MOJINETE,estado nutricional en menores de 5 anos,clasificacion c,2002-05-01,1,24,1,24,25
10303,MOJOCOYA,estado nutricional en menores de 5 anos,clasificacion c,2002-05-01,200,252,200,252,452
10501,MONTEAGUDO,estado nutricional en menores de 5 anos,clasificacion c,2002-05-01,527,511,527,511,1038
71001,MONTERO,estado nutricional en menores de 5 anos,clasificacion c,2002-05-01,335,1404,335,1404,1739
70803,MORO MORO,estado nutricional en menores de 5 anos,clasificacion c,2002-05-01,34,15,34,15,49
30302,MOROCHATA,estado nutricional en menores de 5 anos,clasificacion c,2002-05-01,105,190,105,190,295
20307,NAZACARA DE PACAJES,estado nutricional en menores de 5 anos,clasificacion c,2002-05-01,3,9,3,9,12
90501,NUEVO MANOA (NUEVA ESPERANZA),estado nutricional en menores de 5 anos,clasificacion c,2002-05-01,9,3,9,3,12
50404,OCURI,estado nutricional en menores de 5 anos,clasificacion c,2002-05-01,108,95,108,95,203
70202,OKINAWA,estado nutricional en menores de 5 anos,clasificacion c,2002-05-01,29,100,29,100,129
30203,OMEREQUE,estado nutricional en menores de 5 anos,clasificacion c,2002-05-01,1,107,1,107,108
40101,ORURO,estado nutricional en menores de 5 anos,clasificacion c,2002-05-01,1577,1256,1577,1256,2833
60201,PADCAYA,estado nutricional en menores de 5 anos,clasificacion c,2002-05-01,175,231,175,231,406
10401,PADILLA,estado nutricional en menores de 5 anos,clasificacion c,2002-05-01,335,463,335,463,798
70502,PAILON,estado nutricional en menores de 5 anos,clasificacion c,2002-05-01,21,136,21,136,157
20102,PALCA,estado nutricional en menores de 5 anos,clasificacion c,2002-05-01,56,137,56,137,193
21104,PALOS BLANCOS,estado nutricional en menores de 5 anos,clasificacion c,2002-05-01,165,226,165,226,391
40802,PAMPA AULLAGAS,estado nutricional en menores de 5 anos,clasificacion c,2002-05-01,30,32,30,32,62
70902,PAMPA GRANDE,estado nutricional en menores de 5 anos,clasificacion c,2002-05-01,40,45,40,45,85
21802,PAPEL PAMPA,estado nutricional en menores de 5 anos,clasificacion c,2002-05-01,20,27,20,27,47
30202,PASORAPA,estado nutricional en menores de 5 anos,clasificacion c,2002-05-01,55,70,55,70,125
21305,PATACAMAYA,estado nutricional en menores de 5 anos,clasificacion c,2002-05-01,113,77,113,77,190
40602,PAZÃ‘A,estado nutricional en menores de 5 anos,clasificacion c,2002-05-01,8,58,8,58,66
20702,PELECHUCO,estado nutricional en menores de 5 anos,clasificacion c,2002-05-01,15,52,15,52,67
50403,POCOATA,estado nutricional en menores de 5 anos,clasificacion c,2002-05-01,193,331,193,331,524
31203,POCONA,estado nutricional en menores de 5 anos,clasificacion c,2002-05-01,205,116,205,116,321
31202,POJO (CBBA),estado nutricional en menores de 5 anos,clasificacion c,2002-05-01,449,270,449,270,719
40601,POOPO,estado nutricional en menores de 5 anos,clasificacion c,2002-05-01,12,64,12,64,76
51203,PORCO,estado nutricional en menores de 5 anos,clasificacion c,2002-05-01,76,74,76,74,150
10103,POROMA,estado nutricional en menores de 5 anos,clasificacion c,2002-05-01,242,241,242,241,483
70103,PORONGO,estado nutricional en menores de 5 anos,clasificacion c,2002-05-01,74,83,74,83,157
70601,PORTACHUELO,estado nutricional en menores de 5 anos,clasificacion c,2002-05-01,202,139,202,139,341
90102,PORVENIR,estado nutricional en menores de 5 anos,clasificacion c,2002-05-01,9,0,9,0,9
50101,POTOSI,estado nutricional en menores de 5 anos,clasificacion c,2002-05-01,1163,635,1163,635,1798
10302,PRESTO,estado nutricional en menores de 5 anos,clasificacion c,2002-05-01,118,152,118,152,270
70805,PUCARA,estado nutricional en menores de 5 anos,clasificacion c,2002-05-01,12,25,12,25,37
21201,PUCARANI,estado nutricional en menores de 5 anos,clasificacion c,2002-05-01,23,234,23,234,257
20401,PUERTO ACOSTA,estado nutricional en menores de 5 anos,clasificacion c,2002-05-01,130,137,130,137,267
20403,PUERTO CARABUCO,estado nutricional en menores de 5 anos,clasificacion c,2002-05-01,110,92,110,92,202
90301,PUERTO GONZALO MORENO,estado nutricional en menores de 5 anos,clasificacion c,2002-05-01,24,27,24,27,51
21204,PUERTO PEREZ,estado nutricional en menores de 5 anos,clasificacion c,2002-05-01,11,55,11,55,66
71402,PUERTO QUIJARRO,estado nutricional en menores de 5 anos,clasificacion c,2002-05-01,157,39,157,39,196
90201,PUERTO RICO,estado nutricional en menores de 5 anos,clasificacion c,2002-05-01,4,110,4,110,114
80703,PUERTO SILES,estado nutricional en menores de 5 anos,clasificacion c,2002-05-01,1,4,1,4,5
71401,PUERTO SUAREZ,estado nutricional en menores de 5 anos,clasificacion c,2002-05-01,196,48,196,48,244
31205,PUERTO VILLARROEL,estado nutricional en menores de 5 anos,clasificacion c,2002-05-01,362,334,362,334,696
51101,PUNA,estado nutricional en menores de 5 anos,clasificacion c,2002-05-01,221,464,221,464,685
31401,PUNATA,estado nutricional en menores de 5 anos,clasificacion c,2002-05-01,3,95,3,95,98
20604,QUIABAYA,estado nutricional en menores de 5 anos,clasificacion c,2002-05-01,39,61,39,61,100
30901,QUILLACOLLO,estado nutricional en menores de 5 anos,clasificacion c,2002-05-01,131,125,131,125,256
21002,QUIME,estado nutricional en menores de 5 anos,clasificacion c,2002-05-01,76,34,76,34,110
70904,QUIRUSILLAS,estado nutricional en menores de 5 anos,clasificacion c,2002-05-01,19,20,19,20,39
50402,RAVELO,estado nutricional en menores de 5 anos,clasificacion c,2002-05-01,173,298,173,298,471
80301,REYES,estado nutricional en menores de 5 anos,clasificacion c,2002-05-01,101,61,101,61,162
80201,RIBERALTA,estado nutricional en menores de 5 anos,clasificacion c,2002-05-01,1036,365,1036,365,1401
70503,ROBORE,estado nutricional en menores de 5 anos,clasificacion c,2002-05-01,114,141,114,141,255
80304,RURRENABAQUE,estado nutricional en menores de 5 anos,clasificacion c,2002-05-01,121,110,121,110,231
40901,SABAYA,estado nutricional en menores de 5 anos,clasificacion c,2002-05-01,3,28,3,28,31
31001,SACABA,estado nutricional en menores de 5 anos,clasificacion c,2002-05-01,71,170,71,170,241
30404,SACABAMBA,estado nutricional en menores de 5 anos,clasificacion c,2002-05-01,5,164,5,164,169
50701,SACACA,estado nutricional en menores de 5 anos,clasificacion c,2002-05-01,134,223,134,223,357
71302,SAIPINA,estado nutricional en menores de 5 anos,clasificacion c,2002-05-01,24,42,24,42,66
40801,SALINAS DE GARCI MENDOZA,estado nutricional en menores de 5 anos,clasificacion c,2002-05-01,33,68,33,68,101
70901,SAMAIPATA,estado nutricional en menores de 5 anos,clasificacion c,2002-05-01,103,37,103,37,140
51601,SAN AGUSTIN,estado nutricional en menores de 5 anos,clasificacion c,2002-05-01,5,41,5,41,46
80602,SAN ANDRES,estado nutricional en menores de 5 anos,clasificacion c,2002-05-01,37,32,37,32,69
51003,SAN ANTONIO DE ESMORUCO,estado nutricional en menores de 5 anos,clasificacion c,2002-05-01,2,28,2,28,30
71105,SAN ANTONIO DE LOMERIO,estado nutricional en menores de 5 anos,clasificacion c,2002-05-01,115,142,115,142,257
31403,SAN BENITO,estado nutricional en menores de 5 anos,clasificacion c,2002-05-01,60,56,60,56,116
80302,SAN BORJA,estado nutricional en menores de 5 anos,clasificacion c,2002-05-01,435,285,435,285,720
21502,SAN BUENA VENTURA,estado nutricional en menores de 5 anos,clasificacion c,2002-05-01,46,45,46,45,91
70402,SAN CARLOS,estado nutricional en menores de 5 anos,clasificacion c,2002-05-01,13,45,13,45,58
80501,SAN IGNACIO,estado nutricional en menores de 5 anos,clasificacion c,2002-05-01,95,283,95,283,378
70301,SAN IGNACIO DE VELASCO,estado nutricional en menores de 5 anos,clasificacion c,2002-05-01,482,249,482,249,731
80102,SAN JAVIER(BNI),estado nutricional en menores de 5 anos,clasificacion c,2002-05-01,20,46,20,46,66
71102,SAN JAVIER(STC),estado nutricional en menores de 5 anos,clasificacion c,2002-05-01,116,29,116,29,145
80701,SAN JOAQUIN,estado nutricional en menores de 5 anos,clasificacion c,2002-05-01,9,113,9,113,122
70501,SAN JOSE DE CHIQUITOS,estado nutricional en menores de 5 anos,clasificacion c,2002-05-01,119,65,119,65,184
71104,SAN JULIAN,estado nutricional en menores de 5 anos,clasificacion c,2002-05-01,393,719,393,719,1112
90302,SAN LORENZO(PND),estado nutricional en menores de 5 anos,clasificacion c,2002-05-01,1,11,1,11,12
60501,SAN LORENZO(TJA),estado nutricional en menores de 5 anos,clasificacion c,2002-05-01,55,48,55,48,103
10702,SAN LUCAS,estado nutricional en menores de 5 anos,clasificacion c,2002-05-01,631,562,631,562,1193
71201,SAN MATIAS,estado nutricional en menores de 5 anos,clasificacion c,2002-05-01,119,21,119,21,140
70302,SAN MIGUEL DE VELASCO,estado nutricional en menores de 5 anos,clasificacion c,2002-05-01,127,98,127,98,225
51001,SAN PABLO DE LIPEZ,estado nutricional en menores de 5 anos,clasificacion c,2002-05-01,11,83,11,83,94
50501,SAN PEDRO DE BUENA VISTA,estado nutricional en menores de 5 anos,clasificacion c,2002-05-01,16,369,16,369,385
21801,SAN PEDRO DE CURAHUARA,estado nutricional en menores de 5 anos,clasificacion c,2002-05-01,34,53,34,53,87
50902,SAN PEDRO DE QUEMES,estado nutricional en menores de 5 anos,clasificacion c,2002-05-01,2,21,2,21,23
21702,SAN PEDRO DE TIQUINA,estado nutricional en menores de 5 anos,clasificacion c,2002-05-01,29,67,29,67,96
90202,SAN PEDRO(PND),estado nutricional en menores de 5 anos,clasificacion c,2002-05-01,2,6,2,6,8
70303,SAN RAFAEL,estado nutricional en menores de 5 anos,clasificacion c,2002-05-01,46,28,46,28,74
80702,SAN RAMON,estado nutricional en menores de 5 anos,clasificacion c,2002-05-01,100,160,100,160,260
80401,SANTA ANA,estado nutricional en menores de 5 anos,clasificacion c,2002-05-01,207,120,207,120,327
70101,SANTA CRUZ DE LA SIERRA,estado nutricional en menores de 5 anos,clasificacion c,2002-05-01,2822,2380,2822,2380,5202
80303,SANTA ROSA,estado nutricional en menores de 5 anos,clasificacion c,2002-05-01,133,124,133,124,257
70602,SANTA ROSA DEL SARA,estado nutricional en menores de 5 anos,clasificacion c,2002-05-01,38,76,38,76,114
20308,SANTIAGO DE CALLAPA,estado nutricional en menores de 5 anos,clasificacion c,2002-05-01,12,41,12,41,53
41401,SANTIAGO DE HUARI,estado nutricional en menores de 5 anos,clasificacion c,2002-05-01,45,67,45,67,112
21901,SANTIAGO DE MACHACA,estado nutricional en menores de 5 anos,clasificacion c,2002-05-01,29,15,29,15,44
30702,SANTIVAÃ‘ES,estado nutricional en menores de 5 anos,clasificacion c,2002-05-01,96,25,96,25,121
40202,SANTUARIO DE QUILLACAS,estado nutricional en menores de 5 anos,clasificacion c,2002-05-01,7,37,7,37,44
20902,SAPAHAQUI,estado nutricional en menores de 5 anos,clasificacion c,2002-05-01,1,42,1,42,43
21301,SICA SICA (VILLA AROMA),estado nutricional en menores de 5 anos,clasificacion c,2002-05-01,127,66,127,66,193
30703,SICAYA,estado nutricional en menores de 5 anos,clasificacion c,2002-05-01,6,42,6,42,48
30902,SIPE SIPE,estado nutricional en menores de 5 anos,clasificacion c,2002-05-01,441,348,441,348,789
10403,SOPACHUY,estado nutricional en menores de 5 anos,clasificacion c,2002-05-01,84,77,84,77,161
20601,SORATA,estado nutricional en menores de 5 anos,clasificacion c,2002-05-01,290,538,290,538,828
10101,SUCRE,estado nutricional en menores de 5 anos,clasificacion c,2002-05-01,2117,2012,2117,2012,4129
31404,TACACHI,estado nutricional en menores de 5 anos,clasificacion c,2002-05-01,5,11,5,11,16
20603,TACACOMA,estado nutricional en menores de 5 anos,clasificacion c,2002-05-01,64,100,64,100,164
50303,TACOBAMBA,estado nutricional en menores de 5 anos,clasificacion c,2002-05-01,116,64,116,64,180
30602,TACOPAYA,estado nutricional en menores de 5 anos,clasificacion c,2002-05-01,93,155,93,155,248
51402,TAHUA,estado nutricional en menores de 5 anos,clasificacion c,2002-05-01,4,98,4,98,102
31101,TAPACARI,estado nutricional en menores de 5 anos,clasificacion c,2002-05-01,28,233,28,233,261
10601,TARABUCO,estado nutricional en menores de 5 anos,clasificacion c,2002-05-01,227,858,227,858,1085
30401,TARATA,estado nutricional en menores de 5 anos,clasificacion c,2002-05-01,101,112,101,112,213
60101,TARIJA,estado nutricional en menores de 5 anos,clasificacion c,2002-05-01,895,730,895,730,1625
10202,TARVITA,estado nutricional en menores de 5 anos,clasificacion c,2002-05-01,286,200,286,200,486
20803,TIAWANACU,estado nutricional en menores de 5 anos,clasificacion c,2002-05-01,97,59,97,59,156
50102,TINGUIPAYA,estado nutricional en menores de 5 anos,clasificacion c,2002-05-01,37,135,37,135,172
20606,TIPUANI,estado nutricional en menores de 5 anos,clasificacion c,2002-05-01,49,53,49,53,102
30903,TIQUIPAYA,estado nutricional en menores de 5 anos,clasificacion c,2002-05-01,9,208,9,208,217
31601,TIRAQUE (CBBA),estado nutricional en menores de 5 anos,clasificacion c,2002-05-01,155,370,155,370,525
21703,TITO YUPANQUI (PARQUIPUJIO),estado nutricional en menores de 5 anos,clasificacion c,2002-05-01,0,38,0,38,38
30802,TOCO,estado nutricional en menores de 5 anos,clasificacion c,2002-05-01,24,23,24,23,47
41502,TODOS SANTOS,estado nutricional en menores de 5 anos,clasificacion c,2002-05-01,0,1,0,1,1
30803,TOLATA,estado nutricional en menores de 5 anos,clasificacion c,2002-05-01,6,29,6,29,35
41001,TOLEDO,estado nutricional en menores de 5 anos,clasificacion c,2002-05-01,42,56,42,56,98
51202,TOMAVE,estado nutricional en menores de 5 anos,clasificacion c,2002-05-01,13,229,13,229,242
10402,TOMINA,estado nutricional en menores de 5 anos,clasificacion c,2002-05-01,183,266,183,266,449
50502,TORO TORO,estado nutricional en menores de 5 anos,clasificacion c,2002-05-01,5,102,5,102,107
31201,TOTORA(CBBA),estado nutricional en menores de 5 anos,clasificacion c,2002-05-01,118,117,118,117,235
41301,TOTORA(ORR),estado nutricional en menores de 5 anos,clasificacion c,2002-05-01,25,54,25,54,79
70802,TRIGAL,estado nutricional en menores de 5 anos,clasificacion c,2002-05-01,18,7,18,7,25
80101,TRINIDAD,estado nutricional en menores de 5 anos,clasificacion c,2002-05-01,520,623,520,623,1143
50801,TUPIZA,estado nutricional en menores de 5 anos,clasificacion c,2002-05-01,73,1061,73,1061,1134
40402,TURCO,estado nutricional en menores de 5 anos,clasificacion c,2002-05-01,36,28,36,28,64
21302,UMALA,estado nutricional en menores de 5 anos,clasificacion c,2002-05-01,13,40,13,40,53
60401,URIONDO (A. CONCEPCION),estado nutricional en menores de 5 anos,clasificacion c,2002-05-01,55,141,55,141,196
71502,URUBICHA,estado nutricional en menores de 5 anos,clasificacion c,2002-05-01,9,46,9,46,55
51201,UYUNI,estado nutricional en menores de 5 anos,clasificacion c,2002-05-01,34,556,34,556,590
30502,VACAS,estado nutricional en menores de 5 anos,clasificacion c,2002-05-01,7,38,7,38,45
70801,VALLEGRANDE,estado nutricional en menores de 5 anos,clasificacion c,2002-05-01,201,173,201,173,374
20801,VIACHA,estado nutricional en menores de 5 anos,clasificacion c,2002-05-01,68,523,68,523,591
31302,VILA VILA,estado nutricional en menores de 5 anos,clasificacion c,2002-05-01,35,65,35,65,100
60303,VILLA MONTES,estado nutricional en menores de 5 anos,clasificacion c,2002-05-01,140,125,140,125,265
31402,VILLA RIVERO,estado nutricional en menores de 5 anos,clasificacion c,2002-05-01,0,34,0,34,34
10801,VILLA SERRANO,estado nutricional en menores de 5 anos,clasificacion c,2002-05-01,151,428,151,428,579
31003,VILLA TUNARI,estado nutricional en menores de 5 anos,clasificacion c,2002-05-01,430,227,430,227,657
11001,VILLA VACA GUZMAN (MUYUPAMPA),estado nutricional en menores de 5 anos,clasificacion c,2002-05-01,285,372,285,372,657
51501,VILLAZON,estado nutricional en menores de 5 anos,clasificacion c,2002-05-01,143,711,143,711,854
30904,VINTO,estado nutricional en menores de 5 anos,clasificacion c,2002-05-01,234,160,234,160,394
50602,VITICHI,estado nutricional en menores de 5 anos,clasificacion c,2002-05-01,33,226,33,226,259
20306,WALDO BALLIVIAN,estado nutricional en menores de 5 anos,clasificacion c,2002-05-01,10,2,10,2,12
70201,WARNES,estado nutricional en menores de 5 anos,clasificacion c,2002-05-01,302,265,302,265,567
20903,YACO,estado nutricional en menores de 5 anos,clasificacion c,2002-05-01,5,45,5,45,50
60301,YACUIBA,estado nutricional en menores de 5 anos,clasificacion c,2002-05-01,486,145,486,145,631
10602,YAMPARAEZ,estado nutricional en menores de 5 anos,clasificacion c,2002-05-01,278,397,278,397,675
21103,YANACACHI,estado nutricional en menores de 5 anos,clasificacion c,2002-05-01,40,51,40,51,91
70403,YAPACANI,estado nutricional en menores de 5 anos,clasificacion c,2002-05-01,52,362,52,362,414
50103,YOCALLA,estado nutricional en menores de 5 anos,clasificacion c,2002-05-01,6,165,6,165,171
10102,YOTALA,estado nutricional en menores de 5 anos,clasificacion c,2002-05-01,198,321,198,321,519
60402,YUNCHARA,estado nutricional en menores de 5 anos,clasificacion c,2002-05-01,36,40,36,40,76
10301,ZUDAÃ‘EZ,estado nutricional en menores de 5 anos,clasificacion c,2002-05-01,141,194,141,194,335
51302,ACACIO,estado nutricional en menores de 5 anos,clasificacion c,2002-06-01,35,208,35,208,243
20201,ACHACACHI,estado nutricional en menores de 5 anos,clasificacion c,2002-06-01,587,555,587,555,1142
20104,ACHOCALLA,estado nutricional en menores de 5 anos,clasificacion c,2002-06-01,95,20,95,20,115
30201,AIQUILE,estado nutricional en menores de 5 anos,clasificacion c,2002-06-01,23,62,23,62,85
31303,ALALAY,estado nutricional en menores de 5 anos,clasificacion c,2002-06-01,17,29,17,29,46
10404,ALCALA,estado nutricional en menores de 5 anos,clasificacion c,2002-06-01,70,103,70,103,173
20202,ANCORAIMES,estado nutricional en menores de 5 anos,clasificacion c,2002-06-01,170,209,170,209,379
41201,ANDAMARCA,estado nutricional en menores de 5 anos,clasificacion c,2002-06-01,37,20,37,20,57
40603,ANTEQUERA,estado nutricional en menores de 5 anos,clasificacion c,2002-06-01,0,26,0,26,26
30402,ANZALDO,estado nutricional en menores de 5 anos,clasificacion c,2002-06-01,3,134,3,134,137
20701,APOLO,estado nutricional en menores de 5 anos,clasificacion c,2002-06-01,60,25,60,25,85
51301,ARAMPAMPA,estado nutricional en menores de 5 anos,clasificacion c,2002-06-01,27,23,27,23,50
30501,ARANI,estado nutricional en menores de 5 anos,clasificacion c,2002-06-01,15,73,15,73,88
30403,ARBIETO,estado nutricional en menores de 5 anos,clasificacion c,2002-06-01,20,70,20,70,90
30601,ARQUE,estado nutricional en menores de 5 anos,clasificacion c,2002-06-01,40,52,40,52,92
71501,ASCENCION DE GUARAYOS,estado nutricional en menores de 5 anos,clasificacion c,2002-06-01,409,485,409,485,894
50802,ATOCHA,estado nutricional en menores de 5 anos,clasificacion c,2002-06-01,25,197,25,197,222
20503,AUCAPATA,estado nutricional en menores de 5 anos,clasificacion c,2002-06-01,42,7,42,7,49
20502,AYATA,estado nutricional en menores de 5 anos,clasificacion c,2002-06-01,25,14,25,14,39
21303,AYO AYO,estado nutricional en menores de 5 anos,clasificacion c,2002-06-01,85,8,85,8,93
30301,AYOPAYA (V. DE INDEPENDENCIA),estado nutricional en menores de 5 anos,clasificacion c,2002-06-01,217,231,217,231,448
10201,AZURDUY,estado nutricional en menores de 5 anos,clasificacion c,2002-06-01,267,350,267,350,617
21203,BATALLAS,estado nutricional en menores de 5 anos,clasificacion c,2002-06-01,22,308,22,308,330
80802,BAURES,estado nutricional en menores de 5 anos,clasificacion c,2002-06-01,80,84,80,84,164
41202,BELEN DE ANDAMARCA,estado nutricional en menores de 5 anos,clasificacion c,2002-06-01,6,3,6,3,9
50104,BELEN DE URMIRI,estado nutricional en menores de 5 anos,clasificacion c,2002-06-01,14,65,14,65,79
90104,BELLA FLOR,estado nutricional en menores de 5 anos,clasificacion c,2002-06-01,31,47,31,47,78
60202,BERMEJO,estado nutricional en menores de 5 anos,clasificacion c,2002-06-01,15,53,15,53,68
50301,BETANZOS,estado nutricional en menores de 5 anos,clasificacion c,2002-06-01,176,285,176,285,461
31501,BOLIVAR,estado nutricional en menores de 5 anos,clasificacion c,2002-06-01,58,108,58,108,166
90103,BOLPEBRA,estado nutricional en menores de 5 anos,clasificacion c,2002-06-01,0,7,0,7,7
70707,BOYUIBE,estado nutricional en menores de 5 anos,clasificacion c,2002-06-01,7,22,7,22,29
70703,CABEZAS,estado nutricional en menores de 5 anos,clasificacion c,2002-06-01,2,219,2,219,221
20905,CAIROMA,estado nutricional en menores de 5 anos,clasificacion c,2002-06-01,22,58,22,58,80
51102,"CAIZA ""D""",estado nutricional en menores de 5 anos,clasificacion c,2002-06-01,83,221,83,221,304
21003,CAJUATA,estado nutricional en menores de 5 anos,clasificacion c,2002-06-01,56,22,56,22,78
20303,CALACOTO,estado nutricional en menores de 5 anos,clasificacion c,2002-06-01,33,37,33,37,70
21304,CALAMARCA,estado nutricional en menores de 5 anos,clasificacion c,2002-06-01,77,104,77,104,181
10701,CAMARGO,estado nutricional en menores de 5 anos,clasificacion c,2002-06-01,169,277,169,277,446
10901,CAMATAQUI (C. VILLA ABECIA),estado nutricional en menores de 5 anos,clasificacion c,2002-06-01,79,110,79,110,189
70706,CAMIRI,estado nutricional en menores de 5 anos,clasificacion c,2002-06-01,116,193,116,193,309
30701,CAPINOTA,estado nutricional en menores de 5 anos,clasificacion c,2002-06-01,58,50,58,50,108
20302,CAQUIAVIRI,estado nutricional en menores de 5 anos,clasificacion c,2002-06-01,65,56,65,56,121
40102,CARACOLLO,estado nutricional en menores de 5 anos,clasificacion c,2002-06-01,77,195,77,195,272
22001,CARANAVI,estado nutricional en menores de 5 anos,clasificacion c,2002-06-01,446,475,446,475,921
41503,CARANGAS,estado nutricional en menores de 5 anos,clasificacion c,2002-06-01,1,2,1,2,3
60302,CARAPARI,estado nutricional en menores de 5 anos,clasificacion c,2002-06-01,78,196,78,196,274
50702,CARIPUYO,estado nutricional en menores de 5 anos,clasificacion c,2002-06-01,22,167,22,167,189
21902,CATACORA,estado nutricional en menores de 5 anos,clasificacion c,2002-06-01,10,17,10,17,27
21803,CHACARILLA,estado nutricional en menores de 5 anos,clasificacion c,2002-06-01,0,23,0,23,23
40201,CHALLAPATA,estado nutricional en menores de 5 anos,clasificacion c,2002-06-01,97,138,97,138,235
50302,CHAQUI,estado nutricional en menores de 5 anos,clasificacion c,2002-06-01,133,87,133,87,220
70702,CHARAGUA,estado nutricional en menores de 5 anos,clasificacion c,2002-06-01,17,484,17,484,501
20305,CHARAÃ‘A,estado nutricional en menores de 5 anos,clasificacion c,2002-06-01,16,7,16,7,23
50202,CHAYANTA,estado nutricional en menores de 5 anos,clasificacion c,2002-06-01,59,133,59,133,192
31204,CHIMORE,estado nutricional en menores de 5 anos,clasificacion c,2002-06-01,52,23,52,23,75
40903,CHIPAYA,estado nutricional en menores de 5 anos,clasificacion c,2002-06-01,1,19,1,19,20
40302,CHOQUE COTA,estado nutricional en menores de 5 anos,clasificacion c,2002-06-01,16,25,16,25,41
21101,CHULUMANI (V. DE LA LIBERTAD),estado nutricional en menores de 5 anos,clasificacion c,2002-06-01,38,65,38,65,103
20501,CHUMA,estado nutricional en menores de 5 anos,clasificacion c,2002-06-01,42,76,42,76,118
30801,CLIZA,estado nutricional en menores de 5 anos,clasificacion c,2002-06-01,25,88,25,88,113
90101,COBIJA,estado nutricional en menores de 5 anos,clasificacion c,2002-06-01,160,124,160,124,284
30101,COCHABAMBA,estado nutricional en menores de 5 anos,clasificacion c,2002-06-01,1086,1046,1086,1046,2132
40902,COIPASA,estado nutricional en menores de 5 anos,clasificacion c,2002-06-01,6,0,6,0,6
30905,COLCAPIRHUA,estado nutricional en menores de 5 anos,clasificacion c,2002-06-01,257,152,257,152,409
50901,"COLCHA ""K""",estado nutricional en menores de 5 anos,clasificacion c,2002-06-01,48,277,48,277,325
21307,COLLANA,estado nutricional en menores de 5 anos,clasificacion c,2002-06-01,13,0,13,0,13
31002,COLOMI,estado nutricional en menores de 5 anos,clasificacion c,2002-06-01,107,205,107,205,312
50401,COLQUECHACA,estado nutricional en menores de 5 anos,clasificacion c,2002-06-01,166,104,166,104,270
21306,COLQUENCHA,estado nutricional en menores de 5 anos,clasificacion c,2002-06-01,63,29,63,29,92
21004,COLQUIRI,estado nutricional en menores de 5 anos,clasificacion c,2002-06-01,141,54,141,54,195
20304,COMANCHE,estado nutricional en menores de 5 anos,clasificacion c,2002-06-01,20,15,20,15,35
71301,COMARAPA,estado nutricional en menores de 5 anos,clasificacion c,2002-06-01,66,190,66,190,256
20605,COMBAYA,estado nutricional en menores de 5 anos,clasificacion c,2002-06-01,20,25,20,25,45
71101,CONCEPCION,estado nutricional en menores de 5 anos,clasificacion c,2002-06-01,55,40,55,40,95
21701,COPACABANA,estado nutricional en menores de 5 anos,clasificacion c,2002-06-01,91,120,91,120,211
21402,CORIPATA,estado nutricional en menores de 5 anos,clasificacion c,2002-06-01,21,79,21,79,100
20301,CORO CORO,estado nutricional en menores de 5 anos,clasificacion c,2002-06-01,79,49,79,49,128
21401,COROICO,estado nutricional en menores de 5 anos,clasificacion c,2002-06-01,96,44,96,44,140
40301,CORQUE,estado nutricional en menores de 5 anos,clasificacion c,2002-06-01,38,52,38,52,90
50601,COTAGAITA,estado nutricional en menores de 5 anos,clasificacion c,2002-06-01,105,562,105,562,667
70102,COTOCA,estado nutricional en menores de 5 anos,clasificacion c,2002-06-01,127,102,127,102,229
31405,CUCHUMUELA (V. G. VILLARROEL),estado nutricional en menores de 5 anos,clasificacion c,2002-06-01,23,68,23,68,91
70704,CUEVO,estado nutricional en menores de 5 anos,clasificacion c,2002-06-01,46,24,46,24,70
10902,CULPINA,estado nutricional en menores de 5 anos,clasificacion c,2002-06-01,357,338,357,338,695
40401,CURAHUARA DE CARANGAS,estado nutricional en menores de 5 anos,clasificacion c,2002-06-01,27,18,27,18,45
21602,CURVA,estado nutricional en menores de 5 anos,clasificacion c,2002-06-01,26,9,26,9,35
20804,DESAGUADERO,estado nutricional en menores de 5 anos,clasificacion c,2002-06-01,7,61,7,61,68
20105,EL ALTO,estado nutricional en menores de 5 anos,clasificacion c,2002-06-01,4521,2557,4521,2557,7078
40103,EL CHORO,estado nutricional en menores de 5 anos,clasificacion c,2002-06-01,18,35,18,35,53
71503,EL PUENTE(STC),estado nutricional en menores de 5 anos,clasificacion c,2002-06-01,68,175,68,175,243
60502,EL PUENTE(TJA),estado nutricional en menores de 5 anos,clasificacion c,2002-06-01,81,198,81,198,279
70105,EL TORNO,estado nutricional en menores de 5 anos,clasificacion c,2002-06-01,208,150,208,150,358
10405,EL VILLAR,estado nutricional en menores de 5 anos,clasificacion c,2002-06-01,100,152,100,152,252
60601,ENTRE RIOS,estado nutricional en menores de 5 anos,clasificacion c,2002-06-01,205,255,205,255,460
40502,ESCARA,estado nutricional en menores de 5 anos,clasificacion c,2002-06-01,1,3,1,3,4
41101,EUCALIPTUS,estado nutricional en menores de 5 anos,clasificacion c,2002-06-01,4,137,4,137,141
80402,EXALTACION,estado nutricional en menores de 5 anos,clasificacion c,2002-06-01,6,7,6,7,13
90203,FILADELFIA,estado nutricional en menores de 5 anos,clasificacion c,2002-06-01,13,16,13,16,29
71002,GENERAL SAAVEDRA,estado nutricional en menores de 5 anos,clasificacion c,2002-06-01,128,234,128,234,362
20602,GUANAY,estado nutricional en menores de 5 anos,clasificacion c,2002-06-01,410,288,410,288,698
20802,GUAQUI,estado nutricional en menores de 5 anos,clasificacion c,2002-06-01,24,19,24,19,43
80202,GUAYARAMERIN,estado nutricional en menores de 5 anos,clasificacion c,2002-06-01,276,154,276,154,430
70705,GUTIERREZ,estado nutricional en menores de 5 anos,clasificacion c,2002-06-01,83,332,83,332,415
10502,HUACARETA,estado nutricional en menores de 5 anos,clasificacion c,2002-06-01,191,358,191,358,549
11002,HUACAYA (VILLA DE HUACAYA),estado nutricional en menores de 5 anos,clasificacion c,2002-06-01,32,55,32,55,87
40501,HUACHACALLA,estado nutricional en menores de 5 anos,clasificacion c,2002-06-01,12,8,12,8,20
40701,HUANUNI,estado nutricional en menores de 5 anos,clasificacion c,2002-06-01,23,0,23,0,23
80803,HUARACAJE,estado nutricional en menores de 5 anos,clasificacion c,2002-06-01,46,20,46,20,66
41601,HUAYLLAMARCA,estado nutricional en menores de 5 anos,clasificacion c,2002-06-01,43,25,43,25,68
21005,ICHOCA,estado nutricional en menores de 5 anos,clasificacion c,2002-06-01,17,17,17,17,34
10304,ICLA,estado nutricional en menores de 5 anos,clasificacion c,2002-06-01,244,323,244,323,567
10703,INCAHUASI,estado nutricional en menores de 5 anos,clasificacion c,2002-06-01,324,275,324,275,599
90402,INGAVI (HUMAITA),estado nutricional en menores de 5 anos,clasificacion c,2002-06-01,1,0,1,0,1
21001,INQUISIVI,estado nutricional en menores de 5 anos,clasificacion c,2002-06-01,98,218,98,218,316
21102,IRUPANA (VILLA DE LANZA),estado nutricional en menores de 5 anos,clasificacion c,2002-06-01,77,245,77,245,322
21501,IXIAMAS,estado nutricional en menores de 5 anos,clasificacion c,2002-06-01,102,69,102,69,171
21105,LA ASUNTA,estado nutricional en menores de 5 anos,clasificacion c,2002-06-01,108,65,108,65,173
70104,LA GUARDIA,estado nutricional en menores de 5 anos,clasificacion c,2002-06-01,405,146,405,146,551
20101,LA PAZ,estado nutricional en menores de 5 anos,clasificacion c,2002-06-01,3793,2380,3793,2380,6173
41501,LA RIVERA,estado nutricional en menores de 5 anos,clasificacion c,2002-06-01,4,0,4,0,4
70701,LAGUNILLAS,estado nutricional en menores de 5 anos,clasificacion c,2002-06-01,99,52,99,52,151
21202,LAJA,estado nutricional en menores de 5 anos,clasificacion c,2002-06-01,3,101,3,101,104
10903,LAS CARRERAS,estado nutricional en menores de 5 anos,clasificacion c,2002-06-01,58,94,58,94,152
21006,LICOMA PAMPA,estado nutricional en menores de 5 anos,clasificacion c,2002-06-01,3,5,3,5,8
50203,LLALLAGUA,estado nutricional en menores de 5 anos,clasificacion c,2002-06-01,5,55,5,55,60
51401,LLICA,estado nutricional en menores de 5 anos,clasificacion c,2002-06-01,81,84,81,84,165
80601,LORETO,estado nutricional en menores de 5 anos,clasificacion c,2002-06-01,21,54,21,54,75
20901,LURIBAY,estado nutricional en menores de 5 anos,clasificacion c,2002-06-01,42,99,42,99,141
11003,MACHARETI,estado nutricional en menores de 5 anos,clasificacion c,2002-06-01,135,247,135,247,382
80801,MAGDALENA,estado nutricional en menores de 5 anos,clasificacion c,2002-06-01,59,67,59,67,126
70903,MAIRANA,estado nutricional en menores de 5 anos,clasificacion c,2002-06-01,92,51,92,51,143
20103,MECAPACA,estado nutricional en menores de 5 anos,clasificacion c,2002-06-01,74,104,74,104,178
71003,MINEROS,estado nutricional en menores de 5 anos,clasificacion c,2002-06-01,272,97,272,97,369
31301,MIZQUE,estado nutricional en menores de 5 anos,clasificacion c,2002-06-01,52,104,52,104,156
20402,MOCOMOCO,estado nutricional en menores de 5 anos,clasificacion c,2002-06-01,150,80,150,80,230
51002,MOJINETE,estado nutricional en menores de 5 anos,clasificacion c,2002-06-01,0,21,0,21,21
10303,MOJOCOYA,estado nutricional en menores de 5 anos,clasificacion c,2002-06-01,178,263,178,263,441
10501,MONTEAGUDO,estado nutricional en menores de 5 anos,clasificacion c,2002-06-01,459,432,459,432,891
71001,MONTERO,estado nutricional en menores de 5 anos,clasificacion c,2002-06-01,582,1059,582,1059,1641
70803,MORO MORO,estado nutricional en menores de 5 anos,clasificacion c,2002-06-01,29,20,29,20,49
30302,MOROCHATA,estado nutricional en menores de 5 anos,clasificacion c,2002-06-01,68,117,68,117,185
90401,NACEBE (SANTA ROSA DEL ABUNA),estado nutricional en menores de 5 anos,clasificacion c,2002-06-01,7,1,7,1,8
20307,NAZACARA DE PACAJES,estado nutricional en menores de 5 anos,clasificacion c,2002-06-01,10,2,10,2,12
90501,NUEVO MANOA (NUEVA ESPERANZA),estado nutricional en menores de 5 anos,clasificacion c,2002-06-01,0,17,0,17,17
50404,OCURI,estado nutricional en menores de 5 anos,clasificacion c,2002-06-01,83,196,83,196,279
70202,OKINAWA,estado nutricional en menores de 5 anos,clasificacion c,2002-06-01,33,118,33,118,151
40101,ORURO,estado nutricional en menores de 5 anos,clasificacion c,2002-06-01,1522,951,1522,951,2473
60201,PADCAYA,estado nutricional en menores de 5 anos,clasificacion c,2002-06-01,151,252,151,252,403
10401,PADILLA,estado nutricional en menores de 5 anos,clasificacion c,2002-06-01,316,458,316,458,774
70502,PAILON,estado nutricional en menores de 5 anos,clasificacion c,2002-06-01,60,37,60,37,97
20102,PALCA,estado nutricional en menores de 5 anos,clasificacion c,2002-06-01,40,77,40,77,117
21104,PALOS BLANCOS,estado nutricional en menores de 5 anos,clasificacion c,2002-06-01,268,304,268,304,572
40802,PAMPA AULLAGAS,estado nutricional en menores de 5 anos,clasificacion c,2002-06-01,32,18,32,18,50
70902,PAMPA GRANDE,estado nutricional en menores de 5 anos,clasificacion c,2002-06-01,38,55,38,55,93
21802,PAPEL PAMPA,estado nutricional en menores de 5 anos,clasificacion c,2002-06-01,28,27,28,27,55
30202,PASORAPA,estado nutricional en menores de 5 anos,clasificacion c,2002-06-01,34,30,34,30,64
21305,PATACAMAYA,estado nutricional en menores de 5 anos,clasificacion c,2002-06-01,130,44,130,44,174
40602,PAZÃ‘A,estado nutricional en menores de 5 anos,clasificacion c,2002-06-01,27,35,27,35,62
20702,PELECHUCO,estado nutricional en menores de 5 anos,clasificacion c,2002-06-01,9,52,9,52,61
50403,POCOATA,estado nutricional en menores de 5 anos,clasificacion c,2002-06-01,248,341,248,341,589
31203,POCONA,estado nutricional en menores de 5 anos,clasificacion c,2002-06-01,107,57,107,57,164
31202,POJO (CBBA),estado nutricional en menores de 5 anos,clasificacion c,2002-06-01,333,274,333,274,607
40601,POOPO,estado nutricional en menores de 5 anos,clasificacion c,2002-06-01,5,33,5,33,38
51203,PORCO,estado nutricional en menores de 5 anos,clasificacion c,2002-06-01,68,80,68,80,148
10103,POROMA,estado nutricional en menores de 5 anos,clasificacion c,2002-06-01,290,234,290,234,524
70103,PORONGO,estado nutricional en menores de 5 anos,clasificacion c,2002-06-01,68,45,68,45,113
70601,PORTACHUELO,estado nutricional en menores de 5 anos,clasificacion c,2002-06-01,232,128,232,128,360
70804,POSTRER VALLE,estado nutricional en menores de 5 anos,clasificacion c,2002-06-01,10,23,10,23,33
50101,POTOSI,estado nutricional en menores de 5 anos,clasificacion c,2002-06-01,1117,569,1117,569,1686
10302,PRESTO,estado nutricional en menores de 5 anos,clasificacion c,2002-06-01,89,151,89,151,240
70805,PUCARA,estado nutricional en menores de 5 anos,clasificacion c,2002-06-01,2,7,2,7,9
21201,PUCARANI,estado nutricional en menores de 5 anos,clasificacion c,2002-06-01,21,206,21,206,227
20401,PUERTO ACOSTA,estado nutricional en menores de 5 anos,clasificacion c,2002-06-01,178,163,178,163,341
20403,PUERTO CARABUCO,estado nutricional en menores de 5 anos,clasificacion c,2002-06-01,116,92,116,92,208
90301,PUERTO GONZALO MORENO,estado nutricional en menores de 5 anos,clasificacion c,2002-06-01,18,7,18,7,25
21204,PUERTO PEREZ,estado nutricional en menores de 5 anos,clasificacion c,2002-06-01,15,111,15,111,126
71402,PUERTO QUIJARRO,estado nutricional en menores de 5 anos,clasificacion c,2002-06-01,159,61,159,61,220
90201,PUERTO RICO,estado nutricional en menores de 5 anos,clasificacion c,2002-06-01,21,53,21,53,74
80703,PUERTO SILES,estado nutricional en menores de 5 anos,clasificacion c,2002-06-01,7,8,7,8,15
71401,PUERTO SUAREZ,estado nutricional en menores de 5 anos,clasificacion c,2002-06-01,92,13,92,13,105
31205,PUERTO VILLARROEL,estado nutricional en menores de 5 anos,clasificacion c,2002-06-01,285,226,285,226,511
51101,PUNA,estado nutricional en menores de 5 anos,clasificacion c,2002-06-01,83,202,83,202,285
31401,PUNATA,estado nutricional en menores de 5 anos,clasificacion c,2002-06-01,189,191,189,191,380
20604,QUIABAYA,estado nutricional en menores de 5 anos,clasificacion c,2002-06-01,40,65,40,65,105
30901,QUILLACOLLO,estado nutricional en menores de 5 anos,clasificacion c,2002-06-01,113,116,113,116,229
21002,QUIME,estado nutricional en menores de 5 anos,clasificacion c,2002-06-01,87,74,87,74,161
70904,QUIRUSILLAS,estado nutricional en menores de 5 anos,clasificacion c,2002-06-01,7,4,7,4,11
50402,RAVELO,estado nutricional en menores de 5 anos,clasificacion c,2002-06-01,252,289,252,289,541
80301,REYES,estado nutricional en menores de 5 anos,clasificacion c,2002-06-01,76,45,76,45,121
80201,RIBERALTA,estado nutricional en menores de 5 anos,clasificacion c,2002-06-01,757,383,757,383,1140
70503,ROBORE,estado nutricional en menores de 5 anos,clasificacion c,2002-06-01,114,114,114,114,228
80304,RURRENABAQUE,estado nutricional en menores de 5 anos,clasificacion c,2002-06-01,116,118,116,118,234
40901,SABAYA,estado nutricional en menores de 5 anos,clasificacion c,2002-06-01,21,15,21,15,36
31001,SACABA,estado nutricional en menores de 5 anos,clasificacion c,2002-06-01,282,53,282,53,335
30404,SACABAMBA,estado nutricional en menores de 5 anos,clasificacion c,2002-06-01,10,122,10,122,132
50701,SACACA,estado nutricional en menores de 5 anos,clasificacion c,2002-06-01,214,417,214,417,631
71302,SAIPINA,estado nutricional en menores de 5 anos,clasificacion c,2002-06-01,13,18,13,18,31
40801,SALINAS DE GARCI MENDOZA,estado nutricional en menores de 5 anos,clasificacion c,2002-06-01,47,63,47,63,110
70901,SAMAIPATA,estado nutricional en menores de 5 anos,clasificacion c,2002-06-01,33,25,33,25,58
51601,SAN AGUSTIN,estado nutricional en menores de 5 anos,clasificacion c,2002-06-01,24,50,24,50,74
80602,SAN ANDRES,estado nutricional en menores de 5 anos,clasificacion c,2002-06-01,84,144,84,144,228
51003,SAN ANTONIO DE ESMORUCO,estado nutricional en menores de 5 anos,clasificacion c,2002-06-01,1,8,1,8,9
71105,SAN ANTONIO DE LOMERIO,estado nutricional en menores de 5 anos,clasificacion c,2002-06-01,109,110,109,110,219
31403,SAN BENITO,estado nutricional en menores de 5 anos,clasificacion c,2002-06-01,61,77,61,77,138
80302,SAN BORJA,estado nutricional en menores de 5 anos,clasificacion c,2002-06-01,460,276,460,276,736
21502,SAN BUENA VENTURA,estado nutricional en menores de 5 anos,clasificacion c,2002-06-01,111,82,111,82,193
80501,SAN IGNACIO,estado nutricional en menores de 5 anos,clasificacion c,2002-06-01,61,224,61,224,285
70301,SAN IGNACIO DE VELASCO,estado nutricional en menores de 5 anos,clasificacion c,2002-06-01,593,320,593,320,913
80102,SAN JAVIER(BNI),estado nutricional en menores de 5 anos,clasificacion c,2002-06-01,46,92,46,92,138
71102,SAN JAVIER(STC),estado nutricional en menores de 5 anos,clasificacion c,2002-06-01,123,123,123,123,246
80701,SAN JOAQUIN,estado nutricional en menores de 5 anos,clasificacion c,2002-06-01,14,40,14,40,54
70501,SAN JOSE DE CHIQUITOS,estado nutricional en menores de 5 anos,clasificacion c,2002-06-01,71,27,71,27,98
71104,SAN JULIAN,estado nutricional en menores de 5 anos,clasificacion c,2002-06-01,244,515,244,515,759
90302,SAN LORENZO(PND),estado nutricional en menores de 5 anos,clasificacion c,2002-06-01,3,31,3,31,34
60501,SAN LORENZO(TJA),estado nutricional en menores de 5 anos,clasificacion c,2002-06-01,109,78,109,78,187
10702,SAN LUCAS,estado nutricional en menores de 5 anos,clasificacion c,2002-06-01,680,743,680,743,1423
71201,SAN MATIAS,estado nutricional en menores de 5 anos,clasificacion c,2002-06-01,0,8,0,8,8
70302,SAN MIGUEL DE VELASCO,estado nutricional en menores de 5 anos,clasificacion c,2002-06-01,175,129,175,129,304
51001,SAN PABLO DE LIPEZ,estado nutricional en menores de 5 anos,clasificacion c,2002-06-01,6,39,6,39,45
50501,SAN PEDRO DE BUENA VISTA,estado nutricional en menores de 5 anos,clasificacion c,2002-06-01,26,438,26,438,464
21801,SAN PEDRO DE CURAHUARA,estado nutricional en menores de 5 anos,clasificacion c,2002-06-01,53,67,53,67,120
50902,SAN PEDRO DE QUEMES,estado nutricional en menores de 5 anos,clasificacion c,2002-06-01,0,20,0,20,20
21702,SAN PEDRO DE TIQUINA,estado nutricional en menores de 5 anos,clasificacion c,2002-06-01,2,77,2,77,79
90202,SAN PEDRO(PND),estado nutricional en menores de 5 anos,clasificacion c,2002-06-01,33,20,33,20,53
70303,SAN RAFAEL,estado nutricional en menores de 5 anos,clasificacion c,2002-06-01,81,60,81,60,141
80702,SAN RAMON,estado nutricional en menores de 5 anos,clasificacion c,2002-06-01,80,82,80,82,162
80702,SAN RAMON,estado nutricional en menores de 5 anos,clasificacion c,2002-06-01,143,89,143,89,232
80401,SANTA ANA,estado nutricional en menores de 5 anos,clasificacion c,2002-06-01,92,63,92,63,155
70101,SANTA CRUZ DE LA SIERRA,estado nutricional en menores de 5 anos,clasificacion c,2002-06-01,2717,1425,2717,1425,4142
80303,SANTA ROSA,estado nutricional en menores de 5 anos,clasificacion c,2002-06-01,79,30,79,30,109
70602,SANTA ROSA DEL SARA,estado nutricional en menores de 5 anos,clasificacion c,2002-06-01,46,76,46,76,122
20308,SANTIAGO DE CALLAPA,estado nutricional en menores de 5 anos,clasificacion c,2002-06-01,23,8,23,8,31
41401,SANTIAGO DE HUARI,estado nutricional en menores de 5 anos,clasificacion c,2002-06-01,41,45,41,45,86
21901,SANTIAGO DE MACHACA,estado nutricional en menores de 5 anos,clasificacion c,2002-06-01,37,15,37,15,52
30702,SANTIVAÃ‘ES,estado nutricional en menores de 5 anos,clasificacion c,2002-06-01,79,55,79,55,134
40202,SANTUARIO DE QUILLACAS,estado nutricional en menores de 5 anos,clasificacion c,2002-06-01,13,24,13,24,37
20902,SAPAHAQUI,estado nutricional en menores de 5 anos,clasificacion c,2002-06-01,4,27,4,27,31
90303,SENA,estado nutricional en menores de 5 anos,clasificacion c,2002-06-01,53,43,53,43,96
21301,SICA SICA (VILLA AROMA),estado nutricional en menores de 5 anos,clasificacion c,2002-06-01,142,31,142,31,173
30703,SICAYA,estado nutricional en menores de 5 anos,clasificacion c,2002-06-01,0,31,0,31,31
30902,SIPE SIPE,estado nutricional en menores de 5 anos,clasificacion c,2002-06-01,437,363,437,363,800
10403,SOPACHUY,estado nutricional en menores de 5 anos,clasificacion c,2002-06-01,98,85,98,85,183
20601,SORATA,estado nutricional en menores de 5 anos,clasificacion c,2002-06-01,241,233,241,233,474
10101,SUCRE,estado nutricional en menores de 5 anos,clasificacion c,2002-06-01,1704,1470,1704,1470,3174
31404,TACACHI,estado nutricional en menores de 5 anos,clasificacion c,2002-06-01,1,6,1,6,7
20603,TACACOMA,estado nutricional en menores de 5 anos,clasificacion c,2002-06-01,34,64,34,64,98
50303,TACOBAMBA,estado nutricional en menores de 5 anos,clasificacion c,2002-06-01,111,76,111,76,187
30602,TACOPAYA,estado nutricional en menores de 5 anos,clasificacion c,2002-06-01,39,123,39,123,162
51402,TAHUA,estado nutricional en menores de 5 anos,clasificacion c,2002-06-01,12,34,12,34,46
31101,TAPACARI,estado nutricional en menores de 5 anos,clasificacion c,2002-06-01,23,219,23,219,242
10601,TARABUCO,estado nutricional en menores de 5 anos,clasificacion c,2002-06-01,389,703,389,703,1092
30401,TARATA,estado nutricional en menores de 5 anos,clasificacion c,2002-06-01,90,72,90,72,162
60101,TARIJA,estado nutricional en menores de 5 anos,clasificacion c,2002-06-01,1155,643,1155,643,1798
10202,TARVITA,estado nutricional en menores de 5 anos,clasificacion c,2002-06-01,256,276,256,276,532
20803,TIAWANACU,estado nutricional en menores de 5 anos,clasificacion c,2002-06-01,123,125,123,125,248
50102,TINGUIPAYA,estado nutricional en menores de 5 anos,clasificacion c,2002-06-01,32,152,32,152,184
20606,TIPUANI,estado nutricional en menores de 5 anos,clasificacion c,2002-06-01,21,37,21,37,58
30903,TIQUIPAYA,estado nutricional en menores de 5 anos,clasificacion c,2002-06-01,136,146,136,146,282
31601,TIRAQUE (CBBA),estado nutricional en menores de 5 anos,clasificacion c,2002-06-01,148,276,148,276,424
21703,TITO YUPANQUI (PARQUIPUJIO),estado nutricional en menores de 5 anos,clasificacion c,2002-06-01,11,24,11,24,35
30802,TOCO,estado nutricional en menores de 5 anos,clasificacion c,2002-06-01,13,40,13,40,53
30803,TOLATA,estado nutricional en menores de 5 anos,clasificacion c,2002-06-01,8,23,8,23,31
41001,TOLEDO,estado nutricional en menores de 5 anos,clasificacion c,2002-06-01,37,62,37,62,99
51202,TOMAVE,estado nutricional en menores de 5 anos,clasificacion c,2002-06-01,24,311,24,311,335
10402,TOMINA,estado nutricional en menores de 5 anos,clasificacion c,2002-06-01,196,285,196,285,481
50502,TORO TORO,estado nutricional en menores de 5 anos,clasificacion c,2002-06-01,17,85,17,85,102
31201,TOTORA(CBBA),estado nutricional en menores de 5 anos,clasificacion c,2002-06-01,147,89,147,89,236
41301,TOTORA(ORR),estado nutricional en menores de 5 anos,clasificacion c,2002-06-01,42,70,42,70,112
70802,TRIGAL,estado nutricional en menores de 5 anos,clasificacion c,2002-06-01,13,9,13,9,22
80101,TRINIDAD,estado nutricional en menores de 5 anos,clasificacion c,2002-06-01,432,411,432,411,843
50801,TUPIZA,estado nutricional en menores de 5 anos,clasificacion c,2002-06-01,70,794,70,794,864
40402,TURCO,estado nutricional en menores de 5 anos,clasificacion c,2002-06-01,46,44,46,44,90
21302,UMALA,estado nutricional en menores de 5 anos,clasificacion c,2002-06-01,32,20,32,20,52
50201,UNCIA,estado nutricional en menores de 5 anos,clasificacion c,2002-06-01,179,238,179,238,417
60401,URIONDO (A. CONCEPCION),estado nutricional en menores de 5 anos,clasificacion c,2002-06-01,56,100,56,100,156
71502,URUBICHA,estado nutricional en menores de 5 anos,clasificacion c,2002-06-01,156,431,156,431,587
51201,UYUNI,estado nutricional en menores de 5 anos,clasificacion c,2002-06-01,212,467,212,467,679
30502,VACAS,estado nutricional en menores de 5 anos,clasificacion c,2002-06-01,14,33,14,33,47
70801,VALLEGRANDE,estado nutricional en menores de 5 anos,clasificacion c,2002-06-01,133,175,133,175,308
20801,VIACHA,estado nutricional en menores de 5 anos,clasificacion c,2002-06-01,84,408,84,408,492
31302,VILA VILA,estado nutricional en menores de 5 anos,clasificacion c,2002-06-01,12,18,12,18,30
60303,VILLA MONTES,estado nutricional en menores de 5 anos,clasificacion c,2002-06-01,123,154,123,154,277
90502,VILLA NUEVA (LOMA ALTA),estado nutricional en menores de 5 anos,clasificacion c,2002-06-01,3,1,3,1,4
31402,VILLA RIVERO,estado nutricional en menores de 5 anos,clasificacion c,2002-06-01,16,53,16,53,69
10801,VILLA SERRANO,estado nutricional en menores de 5 anos,clasificacion c,2002-06-01,213,359,213,359,572
31003,VILLA TUNARI,estado nutricional en menores de 5 anos,clasificacion c,2002-06-01,392,229,392,229,621
11001,VILLA VACA GUZMAN (MUYUPAMPA),estado nutricional en menores de 5 anos,clasificacion c,2002-06-01,225,335,225,335,560
51501,VILLAZON,estado nutricional en menores de 5 anos,clasificacion c,2002-06-01,120,646,120,646,766
30904,VINTO,estado nutricional en menores de 5 anos,clasificacion c,2002-06-01,143,66,143,66,209
50602,VITICHI,estado nutricional en menores de 5 anos,clasificacion c,2002-06-01,84,216,84,216,300
20306,WALDO BALLIVIAN,estado nutricional en menores de 5 anos,clasificacion c,2002-06-01,9,4,9,4,13
70201,WARNES,estado nutricional en menores de 5 anos,clasificacion c,2002-06-01,237,211,237,211,448
20903,YACO,estado nutricional en menores de 5 anos,clasificacion c,2002-06-01,6,55,6,55,61
60301,YACUIBA,estado nutricional en menores de 5 anos,clasificacion c,2002-06-01,494,274,494,274,768
10602,YAMPARAEZ,estado nutricional en menores de 5 anos,clasificacion c,2002-06-01,268,412,268,412,680
21103,YANACACHI,estado nutricional en menores de 5 anos,clasificacion c,2002-06-01,44,40,44,40,84
50103,YOCALLA,estado nutricional en menores de 5 anos,clasificacion c,2002-06-01,9,194,9,194,203
10102,YOTALA,estado nutricional en menores de 5 anos,clasificacion c,2002-06-01,206,382,206,382,588
60402,YUNCHARA,estado nutricional en menores de 5 anos,clasificacion c,2002-06-01,35,28,35,28,63
10301,ZUDAÃ‘EZ,estado nutricional en menores de 5 anos,clasificacion c,2002-06-01,140,217,140,217,357
51302,ACACIO,estado nutricional en menores de 5 anos,clasificacion c,2002-07-01,25,131,25,131,156
20201,ACHACACHI,estado nutricional en menores de 5 anos,clasificacion c,2002-07-01,495,388,495,388,883
20104,ACHOCALLA,estado nutricional en menores de 5 anos,clasificacion c,2002-07-01,78,42,78,42,120
30201,AIQUILE,estado nutricional en menores de 5 anos,clasificacion c,2002-07-01,33,101,33,101,134
31303,ALALAY,estado nutricional en menores de 5 anos,clasificacion c,2002-07-01,15,23,15,23,38
10404,ALCALA,estado nutricional en menores de 5 anos,clasificacion c,2002-07-01,67,98,67,98,165
20202,ANCORAIMES,estado nutricional en menores de 5 anos,clasificacion c,2002-07-01,174,217,174,217,391
41201,ANDAMARCA,estado nutricional en menores de 5 anos,clasificacion c,2002-07-01,51,50,51,50,101
40603,ANTEQUERA,estado nutricional en menores de 5 anos,clasificacion c,2002-07-01,0,11,0,11,11
30402,ANZALDO,estado nutricional en menores de 5 anos,clasificacion c,2002-07-01,3,130,3,130,133
20701,APOLO,estado nutricional en menores de 5 anos,clasificacion c,2002-07-01,95,59,95,59,154
51301,ARAMPAMPA,estado nutricional en menores de 5 anos,clasificacion c,2002-07-01,48,70,48,70,118
30501,ARANI,estado nutricional en menores de 5 anos,clasificacion c,2002-07-01,20,88,20,88,108
30403,ARBIETO,estado nutricional en menores de 5 anos,clasificacion c,2002-07-01,7,92,7,92,99
30601,ARQUE,estado nutricional en menores de 5 anos,clasificacion c,2002-07-01,57,93,57,93,150
71501,ASCENCION DE GUARAYOS,estado nutricional en menores de 5 anos,clasificacion c,2002-07-01,5,5,5,5,10
50802,ATOCHA,estado nutricional en menores de 5 anos,clasificacion c,2002-07-01,18,179,18,179,197
20503,AUCAPATA,estado nutricional en menores de 5 anos,clasificacion c,2002-07-01,10,5,10,5,15
20502,AYATA,estado nutricional en menores de 5 anos,clasificacion c,2002-07-01,21,17,21,17,38
21303,AYO AYO,estado nutricional en menores de 5 anos,clasificacion c,2002-07-01,102,16,102,16,118
30301,AYOPAYA (V. DE INDEPENDENCIA),estado nutricional en menores de 5 anos,clasificacion c,2002-07-01,243,157,243,157,400
10201,AZURDUY,estado nutricional en menores de 5 anos,clasificacion c,2002-07-01,115,104,115,104,219
21203,BATALLAS,estado nutricional en menores de 5 anos,clasificacion c,2002-07-01,196,154,196,154,350
80802,BAURES,estado nutricional en menores de 5 anos,clasificacion c,2002-07-01,61,77,61,77,138
41202,BELEN DE ANDAMARCA,estado nutricional en menores de 5 anos,clasificacion c,2002-07-01,4,5,4,5,9
50104,BELEN DE URMIRI,estado nutricional en menores de 5 anos,clasificacion c,2002-07-01,10,32,10,32,42
90104,BELLA FLOR,estado nutricional en menores de 5 anos,clasificacion c,2002-07-01,76,117,76,117,193
60202,BERMEJO,estado nutricional en menores de 5 anos,clasificacion c,2002-07-01,61,83,61,83,144
50301,BETANZOS,estado nutricional en menores de 5 anos,clasificacion c,2002-07-01,322,384,322,384,706
31501,BOLIVAR,estado nutricional en menores de 5 anos,clasificacion c,2002-07-01,83,113,83,113,196
90103,BOLPEBRA,estado nutricional en menores de 5 anos,clasificacion c,2002-07-01,22,7,22,7,29
70707,BOYUIBE,estado nutricional en menores de 5 anos,clasificacion c,2002-07-01,6,152,6,152,158
70703,CABEZAS,estado nutricional en menores de 5 anos,clasificacion c,2002-07-01,72,52,72,52,124
20905,CAIROMA,estado nutricional en menores de 5 anos,clasificacion c,2002-07-01,30,36,30,36,66
51102,"CAIZA ""D""",estado nutricional en menores de 5 anos,clasificacion c,2002-07-01,131,137,131,137,268
21003,CAJUATA,estado nutricional en menores de 5 anos,clasificacion c,2002-07-01,52,22,52,22,74
20303,CALACOTO,estado nutricional en menores de 5 anos,clasificacion c,2002-07-01,32,28,32,28,60
21304,CALAMARCA,estado nutricional en menores de 5 anos,clasificacion c,2002-07-01,101,65,101,65,166
10701,CAMARGO,estado nutricional en menores de 5 anos,clasificacion c,2002-07-01,142,211,142,211,353
10901,CAMATAQUI (C. VILLA ABECIA),estado nutricional en menores de 5 anos,clasificacion c,2002-07-01,66,72,66,72,138
70706,CAMIRI,estado nutricional en menores de 5 anos,clasificacion c,2002-07-01,123,214,123,214,337
30701,CAPINOTA,estado nutricional en menores de 5 anos,clasificacion c,2002-07-01,31,29,31,29,60
20302,CAQUIAVIRI,estado nutricional en menores de 5 anos,clasificacion c,2002-07-01,63,41,63,41,104
40102,CARACOLLO,estado nutricional en menores de 5 anos,clasificacion c,2002-07-01,108,185,108,185,293
22001,CARANAVI,estado nutricional en menores de 5 anos,clasificacion c,2002-07-01,676,506,676,506,1182
41503,CARANGAS,estado nutricional en menores de 5 anos,clasificacion c,2002-07-01,0,2,0,2,2
60302,CARAPARI,estado nutricional en menores de 5 anos,clasificacion c,2002-07-01,78,214,78,214,292
50702,CARIPUYO,estado nutricional en menores de 5 anos,clasificacion c,2002-07-01,91,109,91,109,200
21902,CATACORA,estado nutricional en menores de 5 anos,clasificacion c,2002-07-01,3,1,3,1,4
21803,CHACARILLA,estado nutricional en menores de 5 anos,clasificacion c,2002-07-01,9,19,9,19,28
40201,CHALLAPATA,estado nutricional en menores de 5 anos,clasificacion c,2002-07-01,81,156,81,156,237
50302,CHAQUI,estado nutricional en menores de 5 anos,clasificacion c,2002-07-01,128,95,128,95,223
70702,CHARAGUA,estado nutricional en menores de 5 anos,clasificacion c,2002-07-01,137,604,137,604,741
20305,CHARAÃ‘A,estado nutricional en menores de 5 anos,clasificacion c,2002-07-01,27,25,27,25,52
50202,CHAYANTA,estado nutricional en menores de 5 anos,clasificacion c,2002-07-01,86,62,86,62,148
31204,CHIMORE,estado nutricional en menores de 5 anos,clasificacion c,2002-07-01,58,36,58,36,94
40903,CHIPAYA,estado nutricional en menores de 5 anos,clasificacion c,2002-07-01,0,9,0,9,9
40302,CHOQUE COTA,estado nutricional en menores de 5 anos,clasificacion c,2002-07-01,13,8,13,8,21
21101,CHULUMANI (V. DE LA LIBERTAD),estado nutricional en menores de 5 anos,clasificacion c,2002-07-01,59,77,59,77,136
20501,CHUMA,estado nutricional en menores de 5 anos,clasificacion c,2002-07-01,34,66,34,66,100
30801,CLIZA,estado nutricional en menores de 5 anos,clasificacion c,2002-07-01,14,64,14,64,78
90101,COBIJA,estado nutricional en menores de 5 anos,clasificacion c,2002-07-01,324,174,324,174,498
30101,COCHABAMBA,estado nutricional en menores de 5 anos,clasificacion c,2002-07-01,1665,1276,1665,1276,2941
40902,COIPASA,estado nutricional en menores de 5 anos,clasificacion c,2002-07-01,1,2,1,2,3
30905,COLCAPIRHUA,estado nutricional en menores de 5 anos,clasificacion c,2002-07-01,168,334,168,334,502
50901,"COLCHA ""K""",estado nutricional en menores de 5 anos,clasificacion c,2002-07-01,124,174,124,174,298
21307,COLLANA,estado nutricional en menores de 5 anos,clasificacion c,2002-07-01,13,1,13,1,14
31002,COLOMI,estado nutricional en menores de 5 anos,clasificacion c,2002-07-01,88,119,88,119,207
50401,COLQUECHACA,estado nutricional en menores de 5 anos,clasificacion c,2002-07-01,215,124,215,124,339
21306,COLQUENCHA,estado nutricional en menores de 5 anos,clasificacion c,2002-07-01,70,35,70,35,105
21004,COLQUIRI,estado nutricional en menores de 5 anos,clasificacion c,2002-07-01,109,60,109,60,169
20304,COMANCHE,estado nutricional en menores de 5 anos,clasificacion c,2002-07-01,8,4,8,4,12
71301,COMARAPA,estado nutricional en menores de 5 anos,clasificacion c,2002-07-01,121,213,121,213,334
20605,COMBAYA,estado nutricional en menores de 5 anos,clasificacion c,2002-07-01,22,33,22,33,55
71101,CONCEPCION,estado nutricional en menores de 5 anos,clasificacion c,2002-07-01,98,23,98,23,121
21701,COPACABANA,estado nutricional en menores de 5 anos,clasificacion c,2002-07-01,134,86,134,86,220
21402,CORIPATA,estado nutricional en menores de 5 anos,clasificacion c,2002-07-01,28,54,28,54,82
20301,CORO CORO,estado nutricional en menores de 5 anos,clasificacion c,2002-07-01,82,53,82,53,135
21401,COROICO,estado nutricional en menores de 5 anos,clasificacion c,2002-07-01,127,75,127,75,202
40301,CORQUE,estado nutricional en menores de 5 anos,clasificacion c,2002-07-01,46,52,46,52,98
50601,COTAGAITA,estado nutricional en menores de 5 anos,clasificacion c,2002-07-01,181,367,181,367,548
70102,COTOCA,estado nutricional en menores de 5 anos,clasificacion c,2002-07-01,221,72,221,72,293
31405,CUCHUMUELA (V. G. VILLARROEL),estado nutricional en menores de 5 anos,clasificacion c,2002-07-01,15,15,15,15,30
70704,CUEVO,estado nutricional en menores de 5 anos,clasificacion c,2002-07-01,66,69,66,69,135
10902,CULPINA,estado nutricional en menores de 5 anos,clasificacion c,2002-07-01,288,299,288,299,587
40401,CURAHUARA DE CARANGAS,estado nutricional en menores de 5 anos,clasificacion c,2002-07-01,46,23,46,23,69
21602,CURVA,estado nutricional en menores de 5 anos,clasificacion c,2002-07-01,33,10,33,10,43
20804,DESAGUADERO,estado nutricional en menores de 5 anos,clasificacion c,2002-07-01,58,30,58,30,88
20105,EL ALTO,estado nutricional en menores de 5 anos,clasificacion c,2002-07-01,5296,2742,5296,2742,8038
40103,EL CHORO,estado nutricional en menores de 5 anos,clasificacion c,2002-07-01,30,16,30,16,46
71503,EL PUENTE(STC),estado nutricional en menores de 5 anos,clasificacion c,2002-07-01,15,254,15,254,269
60502,EL PUENTE(TJA),estado nutricional en menores de 5 anos,clasificacion c,2002-07-01,63,112,63,112,175
70105,EL TORNO,estado nutricional en menores de 5 anos,clasificacion c,2002-07-01,326,320,326,320,646
10405,EL VILLAR,estado nutricional en menores de 5 anos,clasificacion c,2002-07-01,90,173,90,173,263
60601,ENTRE RIOS,estado nutricional en menores de 5 anos,clasificacion c,2002-07-01,166,228,166,228,394
40502,ESCARA,estado nutricional en menores de 5 anos,clasificacion c,2002-07-01,0,3,0,3,3
41101,EUCALIPTUS,estado nutricional en menores de 5 anos,clasificacion c,2002-07-01,32,28,32,28,60
90503,EUREKA (SANTOS MERCADO),estado nutricional en menores de 5 anos,clasificacion c,2002-07-01,2,8,2,8,10
80402,EXALTACION,estado nutricional en menores de 5 anos,clasificacion c,2002-07-01,7,35,7,35,42
90203,FILADELFIA,estado nutricional en menores de 5 anos,clasificacion c,2002-07-01,11,45,11,45,56
71002,GENERAL SAAVEDRA,estado nutricional en menores de 5 anos,clasificacion c,2002-07-01,218,285,218,285,503
21601,GRAL. J.J. PEREZ (CHARAZANI),estado nutricional en menores de 5 anos,clasificacion c,2002-07-01,32,67,32,67,99
20602,GUANAY,estado nutricional en menores de 5 anos,clasificacion c,2002-07-01,453,216,453,216,669
20802,GUAQUI,estado nutricional en menores de 5 anos,clasificacion c,2002-07-01,50,33,50,33,83
80202,GUAYARAMERIN,estado nutricional en menores de 5 anos,clasificacion c,2002-07-01,517,232,517,232,749
70705,GUTIERREZ,estado nutricional en menores de 5 anos,clasificacion c,2002-07-01,192,274,192,274,466
10502,HUACARETA,estado nutricional en menores de 5 anos,clasificacion c,2002-07-01,186,425,186,425,611
11002,HUACAYA (VILLA DE HUACAYA),estado nutricional en menores de 5 anos,clasificacion c,2002-07-01,35,37,35,37,72
40501,HUACHACALLA,estado nutricional en menores de 5 anos,clasificacion c,2002-07-01,7,5,7,5,12
40701,HUANUNI,estado nutricional en menores de 5 anos,clasificacion c,2002-07-01,220,206,220,206,426
80803,HUARACAJE,estado nutricional en menores de 5 anos,clasificacion c,2002-07-01,38,19,38,19,57
41601,HUAYLLAMARCA,estado nutricional en menores de 5 anos,clasificacion c,2002-07-01,55,32,55,32,87
21005,ICHOCA,estado nutricional en menores de 5 anos,clasificacion c,2002-07-01,10,14,10,14,24
10304,ICLA,estado nutricional en menores de 5 anos,clasificacion c,2002-07-01,184,278,184,278,462
10703,INCAHUASI,estado nutricional en menores de 5 anos,clasificacion c,2002-07-01,229,248,229,248,477
90402,INGAVI (HUMAITA),estado nutricional en menores de 5 anos,clasificacion c,2002-07-01,0,3,0,3,3
21001,INQUISIVI,estado nutricional en menores de 5 anos,clasificacion c,2002-07-01,108,232,108,232,340
21102,IRUPANA (VILLA DE LANZA),estado nutricional en menores de 5 anos,clasificacion c,2002-07-01,145,181,145,181,326
21501,IXIAMAS,estado nutricional en menores de 5 anos,clasificacion c,2002-07-01,91,80,91,80,171
21105,LA ASUNTA,estado nutricional en menores de 5 anos,clasificacion c,2002-07-01,109,117,109,117,226
70104,LA GUARDIA,estado nutricional en menores de 5 anos,clasificacion c,2002-07-01,433,209,433,209,642
20101,LA PAZ,estado nutricional en menores de 5 anos,clasificacion c,2002-07-01,4167,2405,4167,2405,6572
41501,LA RIVERA,estado nutricional en menores de 5 anos,clasificacion c,2002-07-01,4,1,4,1,5
70701,LAGUNILLAS,estado nutricional en menores de 5 anos,clasificacion c,2002-07-01,106,89,106,89,195
21202,LAJA,estado nutricional en menores de 5 anos,clasificacion c,2002-07-01,84,44,84,44,128
10903,LAS CARRERAS,estado nutricional en menores de 5 anos,clasificacion c,2002-07-01,45,91,45,91,136
21006,LICOMA PAMPA,estado nutricional en menores de 5 anos,clasificacion c,2002-07-01,14,19,14,19,33
50203,LLALLAGUA,estado nutricional en menores de 5 anos,clasificacion c,2002-07-01,44,422,44,422,466
51401,LLICA,estado nutricional en menores de 5 anos,clasificacion c,2002-07-01,68,43,68,43,111
80601,LORETO,estado nutricional en menores de 5 anos,clasificacion c,2002-07-01,39,80,39,80,119
20901,LURIBAY,estado nutricional en menores de 5 anos,clasificacion c,2002-07-01,56,205,56,205,261
40702,MACHACAMARCA,estado nutricional en menores de 5 anos,clasificacion c,2002-07-01,14,42,14,42,56
11003,MACHARETI,estado nutricional en menores de 5 anos,clasificacion c,2002-07-01,128,278,128,278,406
80801,MAGDALENA,estado nutricional en menores de 5 anos,clasificacion c,2002-07-01,76,66,76,66,142
70903,MAIRANA,estado nutricional en menores de 5 anos,clasificacion c,2002-07-01,127,42,127,42,169
20103,MECAPACA,estado nutricional en menores de 5 anos,clasificacion c,2002-07-01,81,139,81,139,220
71003,MINEROS,estado nutricional en menores de 5 anos,clasificacion c,2002-07-01,416,273,416,273,689
31301,MIZQUE,estado nutricional en menores de 5 anos,clasificacion c,2002-07-01,67,80,67,80,147
20402,MOCOMOCO,estado nutricional en menores de 5 anos,clasificacion c,2002-07-01,171,53,171,53,224
51002,MOJINETE,estado nutricional en menores de 5 anos,clasificacion c,2002-07-01,3,12,3,12,15
10303,MOJOCOYA,estado nutricional en menores de 5 anos,clasificacion c,2002-07-01,185,258,185,258,443
10501,MONTEAGUDO,estado nutricional en menores de 5 anos,clasificacion c,2002-07-01,523,693,523,693,1216
71001,MONTERO,estado nutricional en menores de 5 anos,clasificacion c,2002-07-01,768,967,768,967,1735
70803,MORO MORO,estado nutricional en menores de 5 anos,clasificacion c,2002-07-01,40,25,40,25,65
30302,MOROCHATA,estado nutricional en menores de 5 anos,clasificacion c,2002-07-01,130,148,130,148,278
90401,NACEBE (SANTA ROSA DEL ABUNA),estado nutricional en menores de 5 anos,clasificacion c,2002-07-01,3,0,3,0,3
20307,NAZACARA DE PACAJES,estado nutricional en menores de 5 anos,clasificacion c,2002-07-01,8,5,8,5,13
90501,NUEVO MANOA (NUEVA ESPERANZA),estado nutricional en menores de 5 anos,clasificacion c,2002-07-01,4,4,4,4,8
50404,OCURI,estado nutricional en menores de 5 anos,clasificacion c,2002-07-01,109,69,109,69,178
70202,OKINAWA,estado nutricional en menores de 5 anos,clasificacion c,2002-07-01,36,153,36,153,189
30203,OMEREQUE,estado nutricional en menores de 5 anos,clasificacion c,2002-07-01,6,43,6,43,49
40101,ORURO,estado nutricional en menores de 5 anos,clasificacion c,2002-07-01,1528,866,1528,866,2394
60201,PADCAYA,estado nutricional en menores de 5 anos,clasificacion c,2002-07-01,155,255,155,255,410
10401,PADILLA,estado nutricional en menores de 5 anos,clasificacion c,2002-07-01,265,384,265,384,649
70502,PAILON,estado nutricional en menores de 5 anos,clasificacion c,2002-07-01,117,71,117,71,188
20102,PALCA,estado nutricional en menores de 5 anos,clasificacion c,2002-07-01,68,80,68,80,148
21104,PALOS BLANCOS,estado nutricional en menores de 5 anos,clasificacion c,2002-07-01,242,292,242,292,534
40802,PAMPA AULLAGAS,estado nutricional en menores de 5 anos,clasificacion c,2002-07-01,24,27,24,27,51
70902,PAMPA GRANDE,estado nutricional en menores de 5 anos,clasificacion c,2002-07-01,41,39,41,39,80
21802,PAPEL PAMPA,estado nutricional en menores de 5 anos,clasificacion c,2002-07-01,11,31,11,31,42
30202,PASORAPA,estado nutricional en menores de 5 anos,clasificacion c,2002-07-01,45,36,45,36,81
21305,PATACAMAYA,estado nutricional en menores de 5 anos,clasificacion c,2002-07-01,153,67,153,67,220
40602,PAZÃ‘A,estado nutricional en menores de 5 anos,clasificacion c,2002-07-01,51,51,51,51,102
20702,PELECHUCO,estado nutricional en menores de 5 anos,clasificacion c,2002-07-01,20,39,20,39,59
50403,POCOATA,estado nutricional en menores de 5 anos,clasificacion c,2002-07-01,259,227,259,227,486
31203,POCONA,estado nutricional en menores de 5 anos,clasificacion c,2002-07-01,119,84,119,84,203
31202,POJO (CBBA),estado nutricional en menores de 5 anos,clasificacion c,2002-07-01,336,255,336,255,591
40601,POOPO,estado nutricional en menores de 5 anos,clasificacion c,2002-07-01,11,56,11,56,67
51203,PORCO,estado nutricional en menores de 5 anos,clasificacion c,2002-07-01,55,14,55,14,69
10103,POROMA,estado nutricional en menores de 5 anos,clasificacion c,2002-07-01,172,169,172,169,341
70103,PORONGO,estado nutricional en menores de 5 anos,clasificacion c,2002-07-01,57,51,57,51,108
70601,PORTACHUELO,estado nutricional en menores de 5 anos,clasificacion c,2002-07-01,212,112,212,112,324
90102,PORVENIR,estado nutricional en menores de 5 anos,clasificacion c,2002-07-01,6,4,6,4,10
70804,POSTRER VALLE,estado nutricional en menores de 5 anos,clasificacion c,2002-07-01,9,14,9,14,23
50101,POTOSI,estado nutricional en menores de 5 anos,clasificacion c,2002-07-01,1510,636,1510,636,2146
10302,PRESTO,estado nutricional en menores de 5 anos,clasificacion c,2002-07-01,107,126,107,126,233
70805,PUCARA,estado nutricional en menores de 5 anos,clasificacion c,2002-07-01,6,18,6,18,24
21201,PUCARANI,estado nutricional en menores de 5 anos,clasificacion c,2002-07-01,71,145,71,145,216
20401,PUERTO ACOSTA,estado nutricional en menores de 5 anos,clasificacion c,2002-07-01,199,141,199,141,340
20403,PUERTO CARABUCO,estado nutricional en menores de 5 anos,clasificacion c,2002-07-01,123,120,123,120,243
90301,PUERTO GONZALO MORENO,estado nutricional en menores de 5 anos,clasificacion c,2002-07-01,36,36,36,36,72
21204,PUERTO PEREZ,estado nutricional en menores de 5 anos,clasificacion c,2002-07-01,94,32,94,32,126
71402,PUERTO QUIJARRO,estado nutricional en menores de 5 anos,clasificacion c,2002-07-01,187,75,187,75,262
90201,PUERTO RICO,estado nutricional en menores de 5 anos,clasificacion c,2002-07-01,33,56,33,56,89
80703,PUERTO SILES,estado nutricional en menores de 5 anos,clasificacion c,2002-07-01,2,35,2,35,37
71401,PUERTO SUAREZ,estado nutricional en menores de 5 anos,clasificacion c,2002-07-01,178,37,178,37,215
31205,PUERTO VILLARROEL,estado nutricional en menores de 5 anos,clasificacion c,2002-07-01,379,320,379,320,699
51101,PUNA,estado nutricional en menores de 5 anos,clasificacion c,2002-07-01,234,398,234,398,632
31401,PUNATA,estado nutricional en menores de 5 anos,clasificacion c,2002-07-01,201,96,201,96,297
20604,QUIABAYA,estado nutricional en menores de 5 anos,clasificacion c,2002-07-01,41,70,41,70,111
30901,QUILLACOLLO,estado nutricional en menores de 5 anos,clasificacion c,2002-07-01,161,191,161,191,352
21002,QUIME,estado nutricional en menores de 5 anos,clasificacion c,2002-07-01,131,71,131,71,202
70904,QUIRUSILLAS,estado nutricional en menores de 5 anos,clasificacion c,2002-07-01,20,22,20,22,42
50402,RAVELO,estado nutricional en menores de 5 anos,clasificacion c,2002-07-01,137,120,137,120,257
80201,RIBERALTA,estado nutricional en menores de 5 anos,clasificacion c,2002-07-01,1061,423,1061,423,1484
70503,ROBORE,estado nutricional en menores de 5 anos,clasificacion c,2002-07-01,137,163,137,163,300
80304,RURRENABAQUE,estado nutricional en menores de 5 anos,clasificacion c,2002-07-01,226,123,226,123,349
40901,SABAYA,estado nutricional en menores de 5 anos,clasificacion c,2002-07-01,16,21,16,21,37
31001,SACABA,estado nutricional en menores de 5 anos,clasificacion c,2002-07-01,223,241,223,241,464
30404,SACABAMBA,estado nutricional en menores de 5 anos,clasificacion c,2002-07-01,2,89,2,89,91
50701,SACACA,estado nutricional en menores de 5 anos,clasificacion c,2002-07-01,136,166,136,166,302
71302,SAIPINA,estado nutricional en menores de 5 anos,clasificacion c,2002-07-01,9,22,9,22,31
40801,SALINAS DE GARCI MENDOZA,estado nutricional en menores de 5 anos,clasificacion c,2002-07-01,14,30,14,30,44
70901,SAMAIPATA,estado nutricional en menores de 5 anos,clasificacion c,2002-07-01,110,80,110,80,190
51601,SAN AGUSTIN,estado nutricional en menores de 5 anos,clasificacion c,2002-07-01,31,40,31,40,71
80602,SAN ANDRES,estado nutricional en menores de 5 anos,clasificacion c,2002-07-01,84,60,84,60,144
51003,SAN ANTONIO DE ESMORUCO,estado nutricional en menores de 5 anos,clasificacion c,2002-07-01,4,28,4,28,32
71105,SAN ANTONIO DE LOMERIO,estado nutricional en menores de 5 anos,clasificacion c,2002-07-01,122,169,122,169,291
31403,SAN BENITO,estado nutricional en menores de 5 anos,clasificacion c,2002-07-01,94,66,94,66,160
80302,SAN BORJA,estado nutricional en menores de 5 anos,clasificacion c,2002-07-01,431,249,431,249,680
21502,SAN BUENA VENTURA,estado nutricional en menores de 5 anos,clasificacion c,2002-07-01,107,92,107,92,199
80501,SAN IGNACIO,estado nutricional en menores de 5 anos,clasificacion c,2002-07-01,116,242,116,242,358
70301,SAN IGNACIO DE VELASCO,estado nutricional en menores de 5 anos,clasificacion c,2002-07-01,569,260,569,260,829
80102,SAN JAVIER(BNI),estado nutricional en menores de 5 anos,clasificacion c,2002-07-01,39,97,39,97,136
71102,SAN JAVIER(STC),estado nutricional en menores de 5 anos,clasificacion c,2002-07-01,161,80,161,80,241
80701,SAN JOAQUIN,estado nutricional en menores de 5 anos,clasificacion c,2002-07-01,21,76,21,76,97
70501,SAN JOSE DE CHIQUITOS,estado nutricional en menores de 5 anos,clasificacion c,2002-07-01,144,73,144,73,217
71104,SAN JULIAN,estado nutricional en menores de 5 anos,clasificacion c,2002-07-01,407,641,407,641,1048
90302,SAN LORENZO(PND),estado nutricional en menores de 5 anos,clasificacion c,2002-07-01,36,134,36,134,170
60501,SAN LORENZO(TJA),estado nutricional en menores de 5 anos,clasificacion c,2002-07-01,105,115,105,115,220
10702,SAN LUCAS,estado nutricional en menores de 5 anos,clasificacion c,2002-07-01,582,559,582,559,1141
71201,SAN MATIAS,estado nutricional en menores de 5 anos,clasificacion c,2002-07-01,0,29,0,29,29
70302,SAN MIGUEL DE VELASCO,estado nutricional en menores de 5 anos,clasificacion c,2002-07-01,174,218,174,218,392
51001,SAN PABLO DE LIPEZ,estado nutricional en menores de 5 anos,clasificacion c,2002-07-01,4,21,4,21,25
50501,SAN PEDRO DE BUENA VISTA,estado nutricional en menores de 5 anos,clasificacion c,2002-07-01,57,185,57,185,242
21801,SAN PEDRO DE CURAHUARA,estado nutricional en menores de 5 anos,clasificacion c,2002-07-01,40,57,40,57,97
50902,SAN PEDRO DE QUEMES,estado nutricional en menores de 5 anos,clasificacion c,2002-07-01,12,11,12,11,23
21702,SAN PEDRO DE TIQUINA,estado nutricional en menores de 5 anos,clasificacion c,2002-07-01,22,47,22,47,69
90202,SAN PEDRO(PND),estado nutricional en menores de 5 anos,clasificacion c,2002-07-01,1,2,1,2,3
70303,SAN RAFAEL,estado nutricional en menores de 5 anos,clasificacion c,2002-07-01,94,77,94,77,171
80702,SAN RAMON,estado nutricional en menores de 5 anos,clasificacion c,2002-07-01,66,98,66,98,164
80401,SANTA ANA,estado nutricional en menores de 5 anos,clasificacion c,2002-07-01,80,107,80,107,187
70101,SANTA CRUZ DE LA SIERRA,estado nutricional en menores de 5 anos,clasificacion c,2002-07-01,3605,1754,3605,1754,5359
80303,SANTA ROSA,estado nutricional en menores de 5 anos,clasificacion c,2002-07-01,97,33,97,33,130
70602,SANTA ROSA DEL SARA,estado nutricional en menores de 5 anos,clasificacion c,2002-07-01,55,63,55,63,118
41401,SANTIAGO DE HUARI,estado nutricional en menores de 5 anos,clasificacion c,2002-07-01,13,55,13,55,68
21901,SANTIAGO DE MACHACA,estado nutricional en menores de 5 anos,clasificacion c,2002-07-01,31,9,31,9,40
30702,SANTIVAÃ‘ES,estado nutricional en menores de 5 anos,clasificacion c,2002-07-01,61,24,61,24,85
40202,SANTUARIO DE QUILLACAS,estado nutricional en menores de 5 anos,clasificacion c,2002-07-01,11,33,11,33,44
20902,SAPAHAQUI,estado nutricional en menores de 5 anos,clasificacion c,2002-07-01,2,39,2,39,41
21301,SICA SICA (VILLA AROMA),estado nutricional en menores de 5 anos,clasificacion c,2002-07-01,140,41,140,41,181
30703,SICAYA,estado nutricional en menores de 5 anos,clasificacion c,2002-07-01,25,16,25,16,41
30902,SIPE SIPE,estado nutricional en menores de 5 anos,clasificacion c,2002-07-01,470,321,470,321,791
10403,SOPACHUY,estado nutricional en menores de 5 anos,clasificacion c,2002-07-01,107,59,107,59,166
20601,SORATA,estado nutricional en menores de 5 anos,clasificacion c,2002-07-01,210,285,210,285,495
10101,SUCRE,estado nutricional en menores de 5 anos,clasificacion c,2002-07-01,2050,1402,2050,1402,3452
31404,TACACHI,estado nutricional en menores de 5 anos,clasificacion c,2002-07-01,10,6,10,6,16
20603,TACACOMA,estado nutricional en menores de 5 anos,clasificacion c,2002-07-01,34,108,34,108,142
50303,TACOBAMBA,estado nutricional en menores de 5 anos,clasificacion c,2002-07-01,76,50,76,50,126
30602,TACOPAYA,estado nutricional en menores de 5 anos,clasificacion c,2002-07-01,41,62,41,62,103
51402,TAHUA,estado nutricional en menores de 5 anos,clasificacion c,2002-07-01,21,14,21,14,35
31101,TAPACARI,estado nutricional en menores de 5 anos,clasificacion c,2002-07-01,16,179,16,179,195
10601,TARABUCO,estado nutricional en menores de 5 anos,clasificacion c,2002-07-01,451,617,451,617,1068
30401,TARATA,estado nutricional en menores de 5 anos,clasificacion c,2002-07-01,59,49,59,49,108
60101,TARIJA,estado nutricional en menores de 5 anos,clasificacion c,2002-07-01,847,626,847,626,1473
10202,TARVITA,estado nutricional en menores de 5 anos,clasificacion c,2002-07-01,165,182,165,182,347
20803,TIAWANACU,estado nutricional en menores de 5 anos,clasificacion c,2002-07-01,139,89,139,89,228
50102,TINGUIPAYA,estado nutricional en menores de 5 anos,clasificacion c,2002-07-01,15,118,15,118,133
20606,TIPUANI,estado nutricional en menores de 5 anos,clasificacion c,2002-07-01,66,37,66,37,103
30903,TIQUIPAYA,estado nutricional en menores de 5 anos,clasificacion c,2002-07-01,132,159,132,159,291
31601,TIRAQUE (CBBA),estado nutricional en menores de 5 anos,clasificacion c,2002-07-01,152,293,152,293,445
21703,TITO YUPANQUI (PARQUIPUJIO),estado nutricional en menores de 5 anos,clasificacion c,2002-07-01,5,33,5,33,38
30802,TOCO,estado nutricional en menores de 5 anos,clasificacion c,2002-07-01,14,28,14,28,42
41502,TODOS SANTOS,estado nutricional en menores de 5 anos,clasificacion c,2002-07-01,3,1,3,1,4
30803,TOLATA,estado nutricional en menores de 5 anos,clasificacion c,2002-07-01,33,13,33,13,46
41001,TOLEDO,estado nutricional en menores de 5 anos,clasificacion c,2002-07-01,35,30,35,30,65
51202,TOMAVE,estado nutricional en menores de 5 anos,clasificacion c,2002-07-01,55,134,55,134,189
10402,TOMINA,estado nutricional en menores de 5 anos,clasificacion c,2002-07-01,195,318,195,318,513
50502,TORO TORO,estado nutricional en menores de 5 anos,clasificacion c,2002-07-01,58,62,58,62,120
31201,TOTORA(CBBA),estado nutricional en menores de 5 anos,clasificacion c,2002-07-01,182,164,182,164,346
41301,TOTORA(ORR),estado nutricional en menores de 5 anos,clasificacion c,2002-07-01,41,52,41,52,93
70802,TRIGAL,estado nutricional en menores de 5 anos,clasificacion c,2002-07-01,29,18,29,18,47
80101,TRINIDAD,estado nutricional en menores de 5 anos,clasificacion c,2002-07-01,723,829,723,829,1552
50801,TUPIZA,estado nutricional en menores de 5 anos,clasificacion c,2002-07-01,99,994,99,994,1093
40402,TURCO,estado nutricional en menores de 5 anos,clasificacion c,2002-07-01,41,31,41,31,72
21302,UMALA,estado nutricional en menores de 5 anos,clasificacion c,2002-07-01,19,46,19,46,65
50201,UNCIA,estado nutricional en menores de 5 anos,clasificacion c,2002-07-01,51,65,51,65,116
60401,URIONDO (A. CONCEPCION),estado nutricional en menores de 5 anos,clasificacion c,2002-07-01,125,78,125,78,203
71502,URUBICHA,estado nutricional en menores de 5 anos,clasificacion c,2002-07-01,8,14,8,14,22
51201,UYUNI,estado nutricional en menores de 5 anos,clasificacion c,2002-07-01,255,294,255,294,549
30502,VACAS,estado nutricional en menores de 5 anos,clasificacion c,2002-07-01,5,50,5,50,55
70801,VALLEGRANDE,estado nutricional en menores de 5 anos,clasificacion c,2002-07-01,84,192,84,192,276
20801,VIACHA,estado nutricional en menores de 5 anos,clasificacion c,2002-07-01,177,338,177,338,515
31302,VILA VILA,estado nutricional en menores de 5 anos,clasificacion c,2002-07-01,18,34,18,34,52
60303,VILLA MONTES,estado nutricional en menores de 5 anos,clasificacion c,2002-07-01,224,159,224,159,383
90502,VILLA NUEVA (LOMA ALTA),estado nutricional en menores de 5 anos,clasificacion c,2002-07-01,2,0,2,0,2
31402,VILLA RIVERO,estado nutricional en menores de 5 anos,clasificacion c,2002-07-01,42,18,42,18,60
10801,VILLA SERRANO,estado nutricional en menores de 5 anos,clasificacion c,2002-07-01,269,388,269,388,657
31003,VILLA TUNARI,estado nutricional en menores de 5 anos,clasificacion c,2002-07-01,486,236,486,236,722
11001,VILLA VACA GUZMAN (MUYUPAMPA),estado nutricional en menores de 5 anos,clasificacion c,2002-07-01,230,309,230,309,539
51501,VILLAZON,estado nutricional en menores de 5 anos,clasificacion c,2002-07-01,137,602,137,602,739
30904,VINTO,estado nutricional en menores de 5 anos,clasificacion c,2002-07-01,84,21,84,21,105
50602,VITICHI,estado nutricional en menores de 5 anos,clasificacion c,2002-07-01,45,151,45,151,196
20306,WALDO BALLIVIAN,estado nutricional en menores de 5 anos,clasificacion c,2002-07-01,7,7,7,7,14
70201,WARNES,estado nutricional en menores de 5 anos,clasificacion c,2002-07-01,409,412,409,412,821
20903,YACO,estado nutricional en menores de 5 anos,clasificacion c,2002-07-01,3,27,3,27,30
60301,YACUIBA,estado nutricional en menores de 5 anos,clasificacion c,2002-07-01,446,95,446,95,541
10602,YAMPARAEZ,estado nutricional en menores de 5 anos,clasificacion c,2002-07-01,264,421,264,421,685
21103,YANACACHI,estado nutricional en menores de 5 anos,clasificacion c,2002-07-01,44,28,44,28,72
50103,YOCALLA,estado nutricional en menores de 5 anos,clasificacion c,2002-07-01,8,153,8,153,161
10102,YOTALA,estado nutricional en menores de 5 anos,clasificacion c,2002-07-01,233,416,233,416,649
60402,YUNCHARA,estado nutricional en menores de 5 anos,clasificacion c,2002-07-01,27,25,27,25,52
10301,ZUDAÃ‘EZ,estado nutricional en menores de 5 anos,clasificacion c,2002-07-01,125,176,125,176,301
51302,ACACIO,estado nutricional en menores de 5 anos,clasificacion c,2002-08-01,43,158,43,158,201
20201,ACHACACHI,estado nutricional en menores de 5 anos,clasificacion c,2002-08-01,613,488,613,488,1101
20104,ACHOCALLA,estado nutricional en menores de 5 anos,clasificacion c,2002-08-01,121,56,121,56,177
30201,AIQUILE,estado nutricional en menores de 5 anos,clasificacion c,2002-08-01,42,71,42,71,113
31303,ALALAY,estado nutricional en menores de 5 anos,clasificacion c,2002-08-01,14,24,14,24,38
10404,ALCALA,estado nutricional en menores de 5 anos,clasificacion c,2002-08-01,60,99,60,99,159
20202,ANCORAIMES,estado nutricional en menores de 5 anos,clasificacion c,2002-08-01,188,267,188,267,455
41201,ANDAMARCA,estado nutricional en menores de 5 anos,clasificacion c,2002-08-01,29,10,29,10,39
30402,ANZALDO,estado nutricional en menores de 5 anos,clasificacion c,2002-08-01,5,98,5,98,103
20701,APOLO,estado nutricional en menores de 5 anos,clasificacion c,2002-08-01,43,72,43,72,115
51301,ARAMPAMPA,estado nutricional en menores de 5 anos,clasificacion c,2002-08-01,30,46,30,46,76
30403,ARBIETO,estado nutricional en menores de 5 anos,clasificacion c,2002-08-01,20,45,20,45,65
30601,ARQUE,estado nutricional en menores de 5 anos,clasificacion c,2002-08-01,54,73,54,73,127
71501,ASCENCION DE GUARAYOS,estado nutricional en menores de 5 anos,clasificacion c,2002-08-01,371,464,371,464,835
50802,ATOCHA,estado nutricional en menores de 5 anos,clasificacion c,2002-08-01,7,57,7,57,64
20503,AUCAPATA,estado nutricional en menores de 5 anos,clasificacion c,2002-08-01,67,19,67,19,86
20502,AYATA,estado nutricional en menores de 5 anos,clasificacion c,2002-08-01,41,33,41,33,74
21303,AYO AYO,estado nutricional en menores de 5 anos,clasificacion c,2002-08-01,88,26,88,26,114
30301,AYOPAYA (V. DE INDEPENDENCIA),estado nutricional en menores de 5 anos,clasificacion c,2002-08-01,284,259,284,259,543
10201,AZURDUY,estado nutricional en menores de 5 anos,clasificacion c,2002-08-01,233,305,233,305,538
21203,BATALLAS,estado nutricional en menores de 5 anos,clasificacion c,2002-08-01,143,221,143,221,364
80802,BAURES,estado nutricional en menores de 5 anos,clasificacion c,2002-08-01,71,94,71,94,165
41202,BELEN DE ANDAMARCA,estado nutricional en menores de 5 anos,clasificacion c,2002-08-01,1,8,1,8,9
50104,BELEN DE URMIRI,estado nutricional en menores de 5 anos,clasificacion c,2002-08-01,13,21,13,21,34
90104,BELLA FLOR,estado nutricional en menores de 5 anos,clasificacion c,2002-08-01,43,58,43,58,101
60202,BERMEJO,estado nutricional en menores de 5 anos,clasificacion c,2002-08-01,16,82,16,82,98
50301,BETANZOS,estado nutricional en menores de 5 anos,clasificacion c,2002-08-01,233,290,233,290,523
31501,BOLIVAR,estado nutricional en menores de 5 anos,clasificacion c,2002-08-01,23,57,23,57,80
90103,BOLPEBRA,estado nutricional en menores de 5 anos,clasificacion c,2002-08-01,22,16,22,16,38
70707,BOYUIBE,estado nutricional en menores de 5 anos,clasificacion c,2002-08-01,0,85,0,85,85
70703,CABEZAS,estado nutricional en menores de 5 anos,clasificacion c,2002-08-01,109,85,109,85,194
20905,CAIROMA,estado nutricional en menores de 5 anos,clasificacion c,2002-08-01,85,50,85,50,135
51102,"CAIZA ""D""",estado nutricional en menores de 5 anos,clasificacion c,2002-08-01,195,127,195,127,322
21003,CAJUATA,estado nutricional en menores de 5 anos,clasificacion c,2002-08-01,57,43,57,43,100
20303,CALACOTO,estado nutricional en menores de 5 anos,clasificacion c,2002-08-01,56,43,56,43,99
21304,CALAMARCA,estado nutricional en menores de 5 anos,clasificacion c,2002-08-01,164,137,164,137,301
10701,CAMARGO,estado nutricional en menores de 5 anos,clasificacion c,2002-08-01,99,222,99,222,321
10901,CAMATAQUI (C. VILLA ABECIA),estado nutricional en menores de 5 anos,clasificacion c,2002-08-01,67,81,67,81,148
70706,CAMIRI,estado nutricional en menores de 5 anos,clasificacion c,2002-08-01,226,205,226,205,431
30701,CAPINOTA,estado nutricional en menores de 5 anos,clasificacion c,2002-08-01,62,86,62,86,148
20302,CAQUIAVIRI,estado nutricional en menores de 5 anos,clasificacion c,2002-08-01,70,54,70,54,124
40102,CARACOLLO,estado nutricional en menores de 5 anos,clasificacion c,2002-08-01,121,174,121,174,295
22001,CARANAVI,estado nutricional en menores de 5 anos,clasificacion c,2002-08-01,636,669,636,669,1305
41503,CARANGAS,estado nutricional en menores de 5 anos,clasificacion c,2002-08-01,3,0,3,0,3
60302,CARAPARI,estado nutricional en menores de 5 anos,clasificacion c,2002-08-01,70,235,70,235,305
50702,CARIPUYO,estado nutricional en menores de 5 anos,clasificacion c,2002-08-01,141,134,141,134,275
21902,CATACORA,estado nutricional en menores de 5 anos,clasificacion c,2002-08-01,12,17,12,17,29
21803,CHACARILLA,estado nutricional en menores de 5 anos,clasificacion c,2002-08-01,4,2,4,2,6
40201,CHALLAPATA,estado nutricional en menores de 5 anos,clasificacion c,2002-08-01,105,178,105,178,283
50302,CHAQUI,estado nutricional en menores de 5 anos,clasificacion c,2002-08-01,119,79,119,79,198
70702,CHARAGUA,estado nutricional en menores de 5 anos,clasificacion c,2002-08-01,104,554,104,554,658
20305,CHARAÃ‘A,estado nutricional en menores de 5 anos,clasificacion c,2002-08-01,31,15,31,15,46
31204,CHIMORE,estado nutricional en menores de 5 anos,clasificacion c,2002-08-01,40,18,40,18,58
40302,CHOQUE COTA,estado nutricional en menores de 5 anos,clasificacion c,2002-08-01,11,0,11,0,11
21101,CHULUMANI (V. DE LA LIBERTAD),estado nutricional en menores de 5 anos,clasificacion c,2002-08-01,93,111,93,111,204
20501,CHUMA,estado nutricional en menores de 5 anos,clasificacion c,2002-08-01,48,31,48,31,79
30801,CLIZA,estado nutricional en menores de 5 anos,clasificacion c,2002-08-01,36,45,36,45,81
90101,COBIJA,estado nutricional en menores de 5 anos,clasificacion c,2002-08-01,341,238,341,238,579
30101,COCHABAMBA,estado nutricional en menores de 5 anos,clasificacion c,2002-08-01,1614,1117,1614,1117,2731
40902,COIPASA,estado nutricional en menores de 5 anos,clasificacion c,2002-08-01,6,3,6,3,9
30905,COLCAPIRHUA,estado nutricional en menores de 5 anos,clasificacion c,2002-08-01,291,124,291,124,415
50901,"COLCHA ""K""",estado nutricional en menores de 5 anos,clasificacion c,2002-08-01,126,153,126,153,279
21307,COLLANA,estado nutricional en menores de 5 anos,clasificacion c,2002-08-01,8,0,8,0,8
31002,COLOMI,estado nutricional en menores de 5 anos,clasificacion c,2002-08-01,155,311,155,311,466
50401,COLQUECHACA,estado nutricional en menores de 5 anos,clasificacion c,2002-08-01,219,102,219,102,321
21306,COLQUENCHA,estado nutricional en menores de 5 anos,clasificacion c,2002-08-01,61,41,61,41,102
21004,COLQUIRI,estado nutricional en menores de 5 anos,clasificacion c,2002-08-01,160,158,160,158,318
20304,COMANCHE,estado nutricional en menores de 5 anos,clasificacion c,2002-08-01,30,23,30,23,53
71301,COMARAPA,estado nutricional en menores de 5 anos,clasificacion c,2002-08-01,104,144,104,144,248
20605,COMBAYA,estado nutricional en menores de 5 anos,clasificacion c,2002-08-01,23,21,23,21,44
71101,CONCEPCION,estado nutricional en menores de 5 anos,clasificacion c,2002-08-01,59,1,59,1,60
21701,COPACABANA,estado nutricional en menores de 5 anos,clasificacion c,2002-08-01,129,62,129,62,191
21402,CORIPATA,estado nutricional en menores de 5 anos,clasificacion c,2002-08-01,42,33,42,33,75
20301,CORO CORO,estado nutricional en menores de 5 anos,clasificacion c,2002-08-01,106,86,106,86,192
21401,COROICO,estado nutricional en menores de 5 anos,clasificacion c,2002-08-01,150,46,150,46,196
40301,CORQUE,estado nutricional en menores de 5 anos,clasificacion c,2002-08-01,38,27,38,27,65
50601,COTAGAITA,estado nutricional en menores de 5 anos,clasificacion c,2002-08-01,256,343,256,343,599
70102,COTOCA,estado nutricional en menores de 5 anos,clasificacion c,2002-08-01,256,141,256,141,397
70704,CUEVO,estado nutricional en menores de 5 anos,clasificacion c,2002-08-01,80,48,80,48,128
10902,CULPINA,estado nutricional en menores de 5 anos,clasificacion c,2002-08-01,442,408,442,408,850
40401,CURAHUARA DE CARANGAS,estado nutricional en menores de 5 anos,clasificacion c,2002-08-01,26,35,26,35,61
21602,CURVA,estado nutricional en menores de 5 anos,clasificacion c,2002-08-01,45,21,45,21,66
20804,DESAGUADERO,estado nutricional en menores de 5 anos,clasificacion c,2002-08-01,52,72,52,72,124
20105,EL ALTO,estado nutricional en menores de 5 anos,clasificacion c,2002-08-01,4743,2820,4743,2820,7563
40103,EL CHORO,estado nutricional en menores de 5 anos,clasificacion c,2002-08-01,25,9,25,9,34
71503,EL PUENTE(STC),estado nutricional en menores de 5 anos,clasificacion c,2002-08-01,12,216,12,216,228
60502,EL PUENTE(TJA),estado nutricional en menores de 5 anos,clasificacion c,2002-08-01,53,96,53,96,149
70105,EL TORNO,estado nutricional en menores de 5 anos,clasificacion c,2002-08-01,208,133,208,133,341
10405,EL VILLAR,estado nutricional en menores de 5 anos,clasificacion c,2002-08-01,94,144,94,144,238
60601,ENTRE RIOS,estado nutricional en menores de 5 anos,clasificacion c,2002-08-01,225,325,225,325,550
40502,ESCARA,estado nutricional en menores de 5 anos,clasificacion c,2002-08-01,0,1,0,1,1
41101,EUCALIPTUS,estado nutricional en menores de 5 anos,clasificacion c,2002-08-01,97,69,97,69,166
90503,EUREKA (SANTOS MERCADO),estado nutricional en menores de 5 anos,clasificacion c,2002-08-01,5,3,5,3,8
80402,EXALTACION,estado nutricional en menores de 5 anos,clasificacion c,2002-08-01,29,67,29,67,96
90203,FILADELFIA,estado nutricional en menores de 5 anos,clasificacion c,2002-08-01,4,22,4,22,26
71002,GENERAL SAAVEDRA,estado nutricional en menores de 5 anos,clasificacion c,2002-08-01,166,188,166,188,354
21601,GRAL. J.J. PEREZ (CHARAZANI),estado nutricional en menores de 5 anos,clasificacion c,2002-08-01,38,34,38,34,72
20602,GUANAY,estado nutricional en menores de 5 anos,clasificacion c,2002-08-01,394,276,394,276,670
20802,GUAQUI,estado nutricional en menores de 5 anos,clasificacion c,2002-08-01,51,40,51,40,91
80202,GUAYARAMERIN,estado nutricional en menores de 5 anos,clasificacion c,2002-08-01,499,284,499,284,783
70705,GUTIERREZ,estado nutricional en menores de 5 anos,clasificacion c,2002-08-01,252,328,252,328,580
10502,HUACARETA,estado nutricional en menores de 5 anos,clasificacion c,2002-08-01,151,253,151,253,404
11002,HUACAYA (VILLA DE HUACAYA),estado nutricional en menores de 5 anos,clasificacion c,2002-08-01,34,51,34,51,85
40501,HUACHACALLA,estado nutricional en menores de 5 anos,clasificacion c,2002-08-01,7,6,7,6,13
40701,HUANUNI,estado nutricional en menores de 5 anos,clasificacion c,2002-08-01,208,114,208,114,322
80803,HUARACAJE,estado nutricional en menores de 5 anos,clasificacion c,2002-08-01,6,3,6,3,9
41601,HUAYLLAMARCA,estado nutricional en menores de 5 anos,clasificacion c,2002-08-01,46,28,46,28,74
21005,ICHOCA,estado nutricional en menores de 5 anos,clasificacion c,2002-08-01,48,65,48,65,113
10304,ICLA,estado nutricional en menores de 5 anos,clasificacion c,2002-08-01,199,262,199,262,461
10703,INCAHUASI,estado nutricional en menores de 5 anos,clasificacion c,2002-08-01,226,212,226,212,438
90402,INGAVI (HUMAITA),estado nutricional en menores de 5 anos,clasificacion c,2002-08-01,7,4,7,4,11
21001,INQUISIVI,estado nutricional en menores de 5 anos,clasificacion c,2002-08-01,146,174,146,174,320
21102,IRUPANA (VILLA DE LANZA),estado nutricional en menores de 5 anos,clasificacion c,2002-08-01,93,154,93,154,247
21501,IXIAMAS,estado nutricional en menores de 5 anos,clasificacion c,2002-08-01,98,120,98,120,218
21105,LA ASUNTA,estado nutricional en menores de 5 anos,clasificacion c,2002-08-01,101,128,101,128,229
70104,LA GUARDIA,estado nutricional en menores de 5 anos,clasificacion c,2002-08-01,412,200,412,200,612
20101,LA PAZ,estado nutricional en menores de 5 anos,clasificacion c,2002-08-01,3898,2326,3898,2326,6224
41501,LA RIVERA,estado nutricional en menores de 5 anos,clasificacion c,2002-08-01,5,0,5,0,5
70701,LAGUNILLAS,estado nutricional en menores de 5 anos,clasificacion c,2002-08-01,94,82,94,82,176
21202,LAJA,estado nutricional en menores de 5 anos,clasificacion c,2002-08-01,93,39,93,39,132
10903,LAS CARRERAS,estado nutricional en menores de 5 anos,clasificacion c,2002-08-01,65,124,65,124,189
21006,LICOMA PAMPA,estado nutricional en menores de 5 anos,clasificacion c,2002-08-01,35,61,35,61,96
50203,LLALLAGUA,estado nutricional en menores de 5 anos,clasificacion c,2002-08-01,4,14,4,14,18
51401,LLICA,estado nutricional en menores de 5 anos,clasificacion c,2002-08-01,84,51,84,51,135
80601,LORETO,estado nutricional en menores de 5 anos,clasificacion c,2002-08-01,5,66,5,66,71
20901,LURIBAY,estado nutricional en menores de 5 anos,clasificacion c,2002-08-01,105,124,105,124,229
40702,MACHACAMARCA,estado nutricional en menores de 5 anos,clasificacion c,2002-08-01,28,44,28,44,72
11003,MACHARETI,estado nutricional en menores de 5 anos,clasificacion c,2002-08-01,196,283,196,283,479
80801,MAGDALENA,estado nutricional en menores de 5 anos,clasificacion c,2002-08-01,58,67,58,67,125
70903,MAIRANA,estado nutricional en menores de 5 anos,clasificacion c,2002-08-01,75,36,75,36,111
20103,MECAPACA,estado nutricional en menores de 5 anos,clasificacion c,2002-08-01,100,137,100,137,237
71003,MINEROS,estado nutricional en menores de 5 anos,clasificacion c,2002-08-01,306,242,306,242,548
31301,MIZQUE,estado nutricional en menores de 5 anos,clasificacion c,2002-08-01,75,117,75,117,192
20402,MOCOMOCO,estado nutricional en menores de 5 anos,clasificacion c,2002-08-01,283,190,283,190,473
10303,MOJOCOYA,estado nutricional en menores de 5 anos,clasificacion c,2002-08-01,180,278,180,278,458
10501,MONTEAGUDO,estado nutricional en menores de 5 anos,clasificacion c,2002-08-01,380,407,380,407,787
71001,MONTERO,estado nutricional en menores de 5 anos,clasificacion c,2002-08-01,545,481,545,481,1026
70803,MORO MORO,estado nutricional en menores de 5 anos,clasificacion c,2002-08-01,27,31,27,31,58
30302,MOROCHATA,estado nutricional en menores de 5 anos,clasificacion c,2002-08-01,145,133,145,133,278
90401,NACEBE (SANTA ROSA DEL ABUNA),estado nutricional en menores de 5 anos,clasificacion c,2002-08-01,3,6,3,6,9
20307,NAZACARA DE PACAJES,estado nutricional en menores de 5 anos,clasificacion c,2002-08-01,12,4,12,4,16
90501,NUEVO MANOA (NUEVA ESPERANZA),estado nutricional en menores de 5 anos,clasificacion c,2002-08-01,0,3,0,3,3
50404,OCURI,estado nutricional en menores de 5 anos,clasificacion c,2002-08-01,142,127,142,127,269
70202,OKINAWA,estado nutricional en menores de 5 anos,clasificacion c,2002-08-01,31,88,31,88,119
30203,OMEREQUE,estado nutricional en menores de 5 anos,clasificacion c,2002-08-01,11,81,11,81,92
40101,ORURO,estado nutricional en menores de 5 anos,clasificacion c,2002-08-01,1584,852,1584,852,2436
60201,PADCAYA,estado nutricional en menores de 5 anos,clasificacion c,2002-08-01,142,202,142,202,344
10401,PADILLA,estado nutricional en menores de 5 anos,clasificacion c,2002-08-01,318,425,318,425,743
70502,PAILON,estado nutricional en menores de 5 anos,clasificacion c,2002-08-01,108,148,108,148,256
20102,PALCA,estado nutricional en menores de 5 anos,clasificacion c,2002-08-01,112,92,112,92,204
21104,PALOS BLANCOS,estado nutricional en menores de 5 anos,clasificacion c,2002-08-01,298,511,298,511,809
40802,PAMPA AULLAGAS,estado nutricional en menores de 5 anos,clasificacion c,2002-08-01,37,29,37,29,66
70902,PAMPA GRANDE,estado nutricional en menores de 5 anos,clasificacion c,2002-08-01,88,58,88,58,146
21802,PAPEL PAMPA,estado nutricional en menores de 5 anos,clasificacion c,2002-08-01,17,18,17,18,35
30202,PASORAPA,estado nutricional en menores de 5 anos,clasificacion c,2002-08-01,48,35,48,35,83
21305,PATACAMAYA,estado nutricional en menores de 5 anos,clasificacion c,2002-08-01,83,65,83,65,148
40602,PAZÃ‘A,estado nutricional en menores de 5 anos,clasificacion c,2002-08-01,47,30,47,30,77
20702,PELECHUCO,estado nutricional en menores de 5 anos,clasificacion c,2002-08-01,44,34,44,34,78
50403,POCOATA,estado nutricional en menores de 5 anos,clasificacion c,2002-08-01,276,218,276,218,494
31203,POCONA,estado nutricional en menores de 5 anos,clasificacion c,2002-08-01,87,75,87,75,162
31202,POJO (CBBA),estado nutricional en menores de 5 anos,clasificacion c,2002-08-01,503,477,503,477,980
40601,POOPO,estado nutricional en menores de 5 anos,clasificacion c,2002-08-01,40,29,40,29,69
51203,PORCO,estado nutricional en menores de 5 anos,clasificacion c,2002-08-01,39,12,39,12,51
10103,POROMA,estado nutricional en menores de 5 anos,clasificacion c,2002-08-01,232,188,232,188,420
70103,PORONGO,estado nutricional en menores de 5 anos,clasificacion c,2002-08-01,66,68,66,68,134
70601,PORTACHUELO,estado nutricional en menores de 5 anos,clasificacion c,2002-08-01,168,93,168,93,261
90102,PORVENIR,estado nutricional en menores de 5 anos,clasificacion c,2002-08-01,5,4,5,4,9
70804,POSTRER VALLE,estado nutricional en menores de 5 anos,clasificacion c,2002-08-01,9,22,9,22,31
50101,POTOSI,estado nutricional en menores de 5 anos,clasificacion c,2002-08-01,1279,566,1279,566,1845
10302,PRESTO,estado nutricional en menores de 5 anos,clasificacion c,2002-08-01,115,108,115,108,223
70805,PUCARA,estado nutricional en menores de 5 anos,clasificacion c,2002-08-01,19,14,19,14,33
21201,PUCARANI,estado nutricional en menores de 5 anos,clasificacion c,2002-08-01,131,137,131,137,268
20401,PUERTO ACOSTA,estado nutricional en menores de 5 anos,clasificacion c,2002-08-01,233,195,233,195,428
20403,PUERTO CARABUCO,estado nutricional en menores de 5 anos,clasificacion c,2002-08-01,143,89,143,89,232
90301,PUERTO GONZALO MORENO,estado nutricional en menores de 5 anos,clasificacion c,2002-08-01,25,6,25,6,31
21204,PUERTO PEREZ,estado nutricional en menores de 5 anos,clasificacion c,2002-08-01,44,55,44,55,99
71402,PUERTO QUIJARRO,estado nutricional en menores de 5 anos,clasificacion c,2002-08-01,181,82,181,82,263
90201,PUERTO RICO,estado nutricional en menores de 5 anos,clasificacion c,2002-08-01,24,33,24,33,57
80703,PUERTO SILES,estado nutricional en menores de 5 anos,clasificacion c,2002-08-01,0,23,0,23,23
71401,PUERTO SUAREZ,estado nutricional en menores de 5 anos,clasificacion c,2002-08-01,188,65,188,65,253
31205,PUERTO VILLARROEL,estado nutricional en menores de 5 anos,clasificacion c,2002-08-01,316,249,316,249,565
51101,PUNA,estado nutricional en menores de 5 anos,clasificacion c,2002-08-01,147,180,147,180,327
20604,QUIABAYA,estado nutricional en menores de 5 anos,clasificacion c,2002-08-01,28,56,28,56,84
30901,QUILLACOLLO,estado nutricional en menores de 5 anos,clasificacion c,2002-08-01,196,134,196,134,330
21002,QUIME,estado nutricional en menores de 5 anos,clasificacion c,2002-08-01,145,127,145,127,272
70904,QUIRUSILLAS,estado nutricional en menores de 5 anos,clasificacion c,2002-08-01,15,15,15,15,30
50402,RAVELO,estado nutricional en menores de 5 anos,clasificacion c,2002-08-01,249,143,249,143,392
80301,REYES,estado nutricional en menores de 5 anos,clasificacion c,2002-08-01,100,153,100,153,253
80201,RIBERALTA,estado nutricional en menores de 5 anos,clasificacion c,2002-08-01,1150,355,1150,355,1505
70503,ROBORE,estado nutricional en menores de 5 anos,clasificacion c,2002-08-01,106,80,106,80,186
80304,RURRENABAQUE,estado nutricional en menores de 5 anos,clasificacion c,2002-08-01,181,80,181,80,261
40901,SABAYA,estado nutricional en menores de 5 anos,clasificacion c,2002-08-01,9,8,9,8,17
31001,SACABA,estado nutricional en menores de 5 anos,clasificacion c,2002-08-01,163,85,163,85,248
30404,SACABAMBA,estado nutricional en menores de 5 anos,clasificacion c,2002-08-01,4,141,4,141,145
50701,SACACA,estado nutricional en menores de 5 anos,clasificacion c,2002-08-01,187,146,187,146,333
71302,SAIPINA,estado nutricional en menores de 5 anos,clasificacion c,2002-08-01,21,24,21,24,45
40801,SALINAS DE GARCI MENDOZA,estado nutricional en menores de 5 anos,clasificacion c,2002-08-01,51,24,51,24,75
70901,SAMAIPATA,estado nutricional en menores de 5 anos,clasificacion c,2002-08-01,107,67,107,67,174
51601,SAN AGUSTIN,estado nutricional en menores de 5 anos,clasificacion c,2002-08-01,36,24,36,24,60
80602,SAN ANDRES,estado nutricional en menores de 5 anos,clasificacion c,2002-08-01,102,119,102,119,221
71105,SAN ANTONIO DE LOMERIO,estado nutricional en menores de 5 anos,clasificacion c,2002-08-01,124,139,124,139,263
31403,SAN BENITO,estado nutricional en menores de 5 anos,clasificacion c,2002-08-01,0,7,0,7,7
80302,SAN BORJA,estado nutricional en menores de 5 anos,clasificacion c,2002-08-01,484,301,484,301,785
21502,SAN BUENA VENTURA,estado nutricional en menores de 5 anos,clasificacion c,2002-08-01,102,60,102,60,162
80501,SAN IGNACIO,estado nutricional en menores de 5 anos,clasificacion c,2002-08-01,235,292,235,292,527
70301,SAN IGNACIO DE VELASCO,estado nutricional en menores de 5 anos,clasificacion c,2002-08-01,610,244,610,244,854
80102,SAN JAVIER(BNI),estado nutricional en menores de 5 anos,clasificacion c,2002-08-01,41,57,41,57,98
71102,SAN JAVIER(STC),estado nutricional en menores de 5 anos,clasificacion c,2002-08-01,93,94,93,94,187
80701,SAN JOAQUIN,estado nutricional en menores de 5 anos,clasificacion c,2002-08-01,8,98,8,98,106
70501,SAN JOSE DE CHIQUITOS,estado nutricional en menores de 5 anos,clasificacion c,2002-08-01,100,69,100,69,169
71104,SAN JULIAN,estado nutricional en menores de 5 anos,clasificacion c,2002-08-01,435,523,435,523,958
90302,SAN LORENZO(PND),estado nutricional en menores de 5 anos,clasificacion c,2002-08-01,1,9,1,9,10
60501,SAN LORENZO(TJA),estado nutricional en menores de 5 anos,clasificacion c,2002-08-01,20,12,20,12,32
10702,SAN LUCAS,estado nutricional en menores de 5 anos,clasificacion c,2002-08-01,705,608,705,608,1313
71201,SAN MATIAS,estado nutricional en menores de 5 anos,clasificacion c,2002-08-01,156,108,156,108,264
70302,SAN MIGUEL DE VELASCO,estado nutricional en menores de 5 anos,clasificacion c,2002-08-01,124,71,124,71,195
50501,SAN PEDRO DE BUENA VISTA,estado nutricional en menores de 5 anos,clasificacion c,2002-08-01,171,270,171,270,441
21801,SAN PEDRO DE CURAHUARA,estado nutricional en menores de 5 anos,clasificacion c,2002-08-01,18,26,18,26,44
50902,SAN PEDRO DE QUEMES,estado nutricional en menores de 5 anos,clasificacion c,2002-08-01,9,3,9,3,12
21702,SAN PEDRO DE TIQUINA,estado nutricional en menores de 5 anos,clasificacion c,2002-08-01,6,112,6,112,118
90202,SAN PEDRO(PND),estado nutricional en menores de 5 anos,clasificacion c,2002-08-01,1,1,1,1,2
70303,SAN RAFAEL,estado nutricional en menores de 5 anos,clasificacion c,2002-08-01,84,97,84,97,181
80702,SAN RAMON,estado nutricional en menores de 5 anos,clasificacion c,2002-08-01,116,98,116,98,214
80401,SANTA ANA,estado nutricional en menores de 5 anos,clasificacion c,2002-08-01,292,103,292,103,395
70101,SANTA CRUZ DE LA SIERRA,estado nutricional en menores de 5 anos,clasificacion c,2002-08-01,3803,2515,3803,2515,6318
80303,SANTA ROSA,estado nutricional en menores de 5 anos,clasificacion c,2002-08-01,58,39,58,39,97
70602,SANTA ROSA DEL SARA,estado nutricional en menores de 5 anos,clasificacion c,2002-08-01,50,61,50,61,111
20308,SANTIAGO DE CALLAPA,estado nutricional en menores de 5 anos,clasificacion c,2002-08-01,46,40,46,40,86
41401,SANTIAGO DE HUARI,estado nutricional en menores de 5 anos,clasificacion c,2002-08-01,25,54,25,54,79
21901,SANTIAGO DE MACHACA,estado nutricional en menores de 5 anos,clasificacion c,2002-08-01,42,24,42,24,66
30702,SANTIVAÃ‘ES,estado nutricional en menores de 5 anos,clasificacion c,2002-08-01,59,23,59,23,82
40202,SANTUARIO DE QUILLACAS,estado nutricional en menores de 5 anos,clasificacion c,2002-08-01,7,20,7,20,27
20902,SAPAHAQUI,estado nutricional en menores de 5 anos,clasificacion c,2002-08-01,12,18,12,18,30
21301,SICA SICA (VILLA AROMA),estado nutricional en menores de 5 anos,clasificacion c,2002-08-01,146,65,146,65,211
30703,SICAYA,estado nutricional en menores de 5 anos,clasificacion c,2002-08-01,27,39,27,39,66
30902,SIPE SIPE,estado nutricional en menores de 5 anos,clasificacion c,2002-08-01,403,288,403,288,691
10403,SOPACHUY,estado nutricional en menores de 5 anos,clasificacion c,2002-08-01,82,67,82,67,149
20601,SORATA,estado nutricional en menores de 5 anos,clasificacion c,2002-08-01,173,213,173,213,386
10101,SUCRE,estado nutricional en menores de 5 anos,clasificacion c,2002-08-01,2029,1752,2029,1752,3781
20603,TACACOMA,estado nutricional en menores de 5 anos,clasificacion c,2002-08-01,67,127,67,127,194
50303,TACOBAMBA,estado nutricional en menores de 5 anos,clasificacion c,2002-08-01,86,44,86,44,130
30602,TACOPAYA,estado nutricional en menores de 5 anos,clasificacion c,2002-08-01,35,36,35,36,71
51402,TAHUA,estado nutricional en menores de 5 anos,clasificacion c,2002-08-01,27,24,27,24,51
31101,TAPACARI,estado nutricional en menores de 5 anos,clasificacion c,2002-08-01,103,261,103,261,364
10601,TARABUCO,estado nutricional en menores de 5 anos,clasificacion c,2002-08-01,467,618,467,618,1085
30401,TARATA,estado nutricional en menores de 5 anos,clasificacion c,2002-08-01,92,66,92,66,158
60101,TARIJA,estado nutricional en menores de 5 anos,clasificacion c,2002-08-01,886,589,886,589,1475
10202,TARVITA,estado nutricional en menores de 5 anos,clasificacion c,2002-08-01,273,194,273,194,467
20803,TIAWANACU,estado nutricional en menores de 5 anos,clasificacion c,2002-08-01,164,74,164,74,238
50102,TINGUIPAYA,estado nutricional en menores de 5 anos,clasificacion c,2002-08-01,38,70,38,70,108
20606,TIPUANI,estado nutricional en menores de 5 anos,clasificacion c,2002-08-01,82,52,82,52,134
30903,TIQUIPAYA,estado nutricional en menores de 5 anos,clasificacion c,2002-08-01,233,254,233,254,487
31601,TIRAQUE (CBBA),estado nutricional en menores de 5 anos,clasificacion c,2002-08-01,180,105,180,105,285
21703,TITO YUPANQUI (PARQUIPUJIO),estado nutricional en menores de 5 anos,clasificacion c,2002-08-01,1,26,1,26,27
30802,TOCO,estado nutricional en menores de 5 anos,clasificacion c,2002-08-01,18,30,18,30,48
41001,TOLEDO,estado nutricional en menores de 5 anos,clasificacion c,2002-08-01,31,42,31,42,73
51202,TOMAVE,estado nutricional en menores de 5 anos,clasificacion c,2002-08-01,70,121,70,121,191
10402,TOMINA,estado nutricional en menores de 5 anos,clasificacion c,2002-08-01,139,228,139,228,367
50502,TORO TORO,estado nutricional en menores de 5 anos,clasificacion c,2002-08-01,135,196,135,196,331
31201,TOTORA(CBBA),estado nutricional en menores de 5 anos,clasificacion c,2002-08-01,139,134,139,134,273
41301,TOTORA(ORR),estado nutricional en menores de 5 anos,clasificacion c,2002-08-01,54,139,54,139,193
70802,TRIGAL,estado nutricional en menores de 5 anos,clasificacion c,2002-08-01,13,12,13,12,25
80101,TRINIDAD,estado nutricional en menores de 5 anos,clasificacion c,2002-08-01,633,847,633,847,1480
40402,TURCO,estado nutricional en menores de 5 anos,clasificacion c,2002-08-01,65,82,65,82,147
21302,UMALA,estado nutricional en menores de 5 anos,clasificacion c,2002-08-01,43,40,43,40,83
60401,URIONDO (A. CONCEPCION),estado nutricional en menores de 5 anos,clasificacion c,2002-08-01,100,159,100,159,259
71502,URUBICHA,estado nutricional en menores de 5 anos,clasificacion c,2002-08-01,39,234,39,234,273
51201,UYUNI,estado nutricional en menores de 5 anos,clasificacion c,2002-08-01,298,327,298,327,625
70801,VALLEGRANDE,estado nutricional en menores de 5 anos,clasificacion c,2002-08-01,181,176,181,176,357
20801,VIACHA,estado nutricional en menores de 5 anos,clasificacion c,2002-08-01,230,347,230,347,577
31302,VILA VILA,estado nutricional en menores de 5 anos,clasificacion c,2002-08-01,10,57,10,57,67
60303,VILLA MONTES,estado nutricional en menores de 5 anos,clasificacion c,2002-08-01,219,130,219,130,349
90502,VILLA NUEVA (LOMA ALTA),estado nutricional en menores de 5 anos,clasificacion c,2002-08-01,2,0,2,0,2
31402,VILLA RIVERO,estado nutricional en menores de 5 anos,clasificacion c,2002-08-01,11,1,11,1,12
10801,VILLA SERRANO,estado nutricional en menores de 5 anos,clasificacion c,2002-08-01,224,378,224,378,602
31003,VILLA TUNARI,estado nutricional en menores de 5 anos,clasificacion c,2002-08-01,393,197,393,197,590
11001,VILLA VACA GUZMAN (MUYUPAMPA),estado nutricional en menores de 5 anos,clasificacion c,2002-08-01,178,326,178,326,504
51501,VILLAZON,estado nutricional en menores de 5 anos,clasificacion c,2002-08-01,480,399,480,399,879
50602,VITICHI,estado nutricional en menores de 5 anos,clasificacion c,2002-08-01,105,282,105,282,387
20306,WALDO BALLIVIAN,estado nutricional en menores de 5 anos,clasificacion c,2002-08-01,15,9,15,9,24
70201,WARNES,estado nutricional en menores de 5 anos,clasificacion c,2002-08-01,387,438,387,438,825
20903,YACO,estado nutricional en menores de 5 anos,clasificacion c,2002-08-01,22,44,22,44,66
60301,YACUIBA,estado nutricional en menores de 5 anos,clasificacion c,2002-08-01,386,97,386,97,483
10602,YAMPARAEZ,estado nutricional en menores de 5 anos,clasificacion c,2002-08-01,277,451,277,451,728
21103,YANACACHI,estado nutricional en menores de 5 anos,clasificacion c,2002-08-01,27,28,27,28,55
70403,YAPACANI,estado nutricional en menores de 5 anos,clasificacion c,2002-08-01,15,10,15,10,25
50103,YOCALLA,estado nutricional en menores de 5 anos,clasificacion c,2002-08-01,47,120,47,120,167
10102,YOTALA,estado nutricional en menores de 5 anos,clasificacion c,2002-08-01,197,392,197,392,589
60402,YUNCHARA,estado nutricional en menores de 5 anos,clasificacion c,2002-08-01,23,23,23,23,46
10301,ZUDAÃ‘EZ,estado nutricional en menores de 5 anos,clasificacion c,2002-08-01,134,170,134,170,304
51302,ACACIO,estado nutricional en menores de 5 anos,clasificacion c,2002-09-01,33,134,33,134,167
20201,ACHACACHI,estado nutricional en menores de 5 anos,clasificacion c,2002-09-01,497,552,497,552,1049
20104,ACHOCALLA,estado nutricional en menores de 5 anos,clasificacion c,2002-09-01,116,69,116,69,185
30201,AIQUILE,estado nutricional en menores de 5 anos,clasificacion c,2002-09-01,34,55,34,55,89
31303,ALALAY,estado nutricional en menores de 5 anos,clasificacion c,2002-09-01,12,26,12,26,38
10404,ALCALA,estado nutricional en menores de 5 anos,clasificacion c,2002-09-01,62,107,62,107,169
20202,ANCORAIMES,estado nutricional en menores de 5 anos,clasificacion c,2002-09-01,177,190,177,190,367
41201,ANDAMARCA,estado nutricional en menores de 5 anos,clasificacion c,2002-09-01,38,64,38,64,102
40603,ANTEQUERA,estado nutricional en menores de 5 anos,clasificacion c,2002-09-01,14,8,14,8,22
30402,ANZALDO,estado nutricional en menores de 5 anos,clasificacion c,2002-09-01,11,132,11,132,143
20701,APOLO,estado nutricional en menores de 5 anos,clasificacion c,2002-09-01,101,58,101,58,159
51301,ARAMPAMPA,estado nutricional en menores de 5 anos,clasificacion c,2002-09-01,47,70,47,70,117
30501,ARANI,estado nutricional en menores de 5 anos,clasificacion c,2002-09-01,21,60,21,60,81
30403,ARBIETO,estado nutricional en menores de 5 anos,clasificacion c,2002-09-01,40,56,40,56,96
30601,ARQUE,estado nutricional en menores de 5 anos,clasificacion c,2002-09-01,51,45,51,45,96
50802,ATOCHA,estado nutricional en menores de 5 anos,clasificacion c,2002-09-01,23,216,23,216,239
20503,AUCAPATA,estado nutricional en menores de 5 anos,clasificacion c,2002-09-01,12,17,12,17,29
20502,AYATA,estado nutricional en menores de 5 anos,clasificacion c,2002-09-01,69,61,69,61,130
21303,AYO AYO,estado nutricional en menores de 5 anos,clasificacion c,2002-09-01,83,42,83,42,125
30301,AYOPAYA (V. DE INDEPENDENCIA),estado nutricional en menores de 5 anos,clasificacion c,2002-09-01,243,172,243,172,415
10201,AZURDUY,estado nutricional en menores de 5 anos,clasificacion c,2002-09-01,240,314,240,314,554
21203,BATALLAS,estado nutricional en menores de 5 anos,clasificacion c,2002-09-01,150,195,150,195,345
80802,BAURES,estado nutricional en menores de 5 anos,clasificacion c,2002-09-01,68,101,68,101,169
41202,BELEN DE ANDAMARCA,estado nutricional en menores de 5 anos,clasificacion c,2002-09-01,4,2,4,2,6
50104,BELEN DE URMIRI,estado nutricional en menores de 5 anos,clasificacion c,2002-09-01,15,34,15,34,49
90104,BELLA FLOR,estado nutricional en menores de 5 anos,clasificacion c,2002-09-01,28,90,28,90,118
60202,BERMEJO,estado nutricional en menores de 5 anos,clasificacion c,2002-09-01,33,105,33,105,138
50301,BETANZOS,estado nutricional en menores de 5 anos,clasificacion c,2002-09-01,550,327,550,327,877
31501,BOLIVAR,estado nutricional en menores de 5 anos,clasificacion c,2002-09-01,67,101,67,101,168
90103,BOLPEBRA,estado nutricional en menores de 5 anos,clasificacion c,2002-09-01,13,27,13,27,40
70707,BOYUIBE,estado nutricional en menores de 5 anos,clasificacion c,2002-09-01,30,110,30,110,140
70401,BUENA VISTA,estado nutricional en menores de 5 anos,clasificacion c,2002-09-01,239,184,239,184,423
70703,CABEZAS,estado nutricional en menores de 5 anos,clasificacion c,2002-09-01,141,185,141,185,326
20905,CAIROMA,estado nutricional en menores de 5 anos,clasificacion c,2002-09-01,76,53,76,53,129
51102,"CAIZA ""D""",estado nutricional en menores de 5 anos,clasificacion c,2002-09-01,208,183,208,183,391
21003,CAJUATA,estado nutricional en menores de 5 anos,clasificacion c,2002-09-01,37,16,37,16,53
20303,CALACOTO,estado nutricional en menores de 5 anos,clasificacion c,2002-09-01,42,22,42,22,64
21304,CALAMARCA,estado nutricional en menores de 5 anos,clasificacion c,2002-09-01,163,131,163,131,294
10701,CAMARGO,estado nutricional en menores de 5 anos,clasificacion c,2002-09-01,144,225,144,225,369
10901,CAMATAQUI (C. VILLA ABECIA),estado nutricional en menores de 5 anos,clasificacion c,2002-09-01,74,99,74,99,173
70706,CAMIRI,estado nutricional en menores de 5 anos,clasificacion c,2002-09-01,206,224,206,224,430
30701,CAPINOTA,estado nutricional en menores de 5 anos,clasificacion c,2002-09-01,49,73,49,73,122
20302,CAQUIAVIRI,estado nutricional en menores de 5 anos,clasificacion c,2002-09-01,77,60,77,60,137
40102,CARACOLLO,estado nutricional en menores de 5 anos,clasificacion c,2002-09-01,159,159,159,159,318
22001,CARANAVI,estado nutricional en menores de 5 anos,clasificacion c,2002-09-01,478,412,478,412,890
41503,CARANGAS,estado nutricional en menores de 5 anos,clasificacion c,2002-09-01,1,0,1,0,1
60302,CARAPARI,estado nutricional en menores de 5 anos,clasificacion c,2002-09-01,129,121,129,121,250
50702,CARIPUYO,estado nutricional en menores de 5 anos,clasificacion c,2002-09-01,97,80,97,80,177
21902,CATACORA,estado nutricional en menores de 5 anos,clasificacion c,2002-09-01,4,4,4,4,8
21803,CHACARILLA,estado nutricional en menores de 5 anos,clasificacion c,2002-09-01,11,14,11,14,25
40201,CHALLAPATA,estado nutricional en menores de 5 anos,clasificacion c,2002-09-01,89,118,89,118,207
50302,CHAQUI,estado nutricional en menores de 5 anos,clasificacion c,2002-09-01,150,51,150,51,201
70702,CHARAGUA,estado nutricional en menores de 5 anos,clasificacion c,2002-09-01,125,690,125,690,815
20305,CHARAÃ‘A,estado nutricional en menores de 5 anos,clasificacion c,2002-09-01,27,23,27,23,50
50202,CHAYANTA,estado nutricional en menores de 5 anos,clasificacion c,2002-09-01,108,67,108,67,175
31204,CHIMORE,estado nutricional en menores de 5 anos,clasificacion c,2002-09-01,27,14,27,14,41
40302,CHOQUE COTA,estado nutricional en menores de 5 anos,clasificacion c,2002-09-01,22,0,22,0,22
21101,CHULUMANI (V. DE LA LIBERTAD),estado nutricional en menores de 5 anos,clasificacion c,2002-09-01,99,62,99,62,161
20501,CHUMA,estado nutricional en menores de 5 anos,clasificacion c,2002-09-01,87,95,87,95,182
30801,CLIZA,estado nutricional en menores de 5 anos,clasificacion c,2002-09-01,37,101,37,101,138
90101,COBIJA,estado nutricional en menores de 5 anos,clasificacion c,2002-09-01,318,159,318,159,477
30101,COCHABAMBA,estado nutricional en menores de 5 anos,clasificacion c,2002-09-01,1730,1338,1730,1338,3068
40902,COIPASA,estado nutricional en menores de 5 anos,clasificacion c,2002-09-01,4,0,4,0,4
30905,COLCAPIRHUA,estado nutricional en menores de 5 anos,clasificacion c,2002-09-01,266,115,266,115,381
50901,"COLCHA ""K""",estado nutricional en menores de 5 anos,clasificacion c,2002-09-01,148,135,148,135,283
21307,COLLANA,estado nutricional en menores de 5 anos,clasificacion c,2002-09-01,6,2,6,2,8
31002,COLOMI,estado nutricional en menores de 5 anos,clasificacion c,2002-09-01,193,297,193,297,490
50401,COLQUECHACA,estado nutricional en menores de 5 anos,clasificacion c,2002-09-01,229,144,229,144,373
21306,COLQUENCHA,estado nutricional en menores de 5 anos,clasificacion c,2002-09-01,55,39,55,39,94
21004,COLQUIRI,estado nutricional en menores de 5 anos,clasificacion c,2002-09-01,133,105,133,105,238
20304,COMANCHE,estado nutricional en menores de 5 anos,clasificacion c,2002-09-01,22,23,22,23,45
71301,COMARAPA,estado nutricional en menores de 5 anos,clasificacion c,2002-09-01,129,195,129,195,324
20605,COMBAYA,estado nutricional en menores de 5 anos,clasificacion c,2002-09-01,20,18,20,18,38
71101,CONCEPCION,estado nutricional en menores de 5 anos,clasificacion c,2002-09-01,19,9,19,9,28
21701,COPACABANA,estado nutricional en menores de 5 anos,clasificacion c,2002-09-01,35,43,35,43,78
21402,CORIPATA,estado nutricional en menores de 5 anos,clasificacion c,2002-09-01,23,36,23,36,59
20301,CORO CORO,estado nutricional en menores de 5 anos,clasificacion c,2002-09-01,91,81,91,81,172
21401,COROICO,estado nutricional en menores de 5 anos,clasificacion c,2002-09-01,155,69,155,69,224
40301,CORQUE,estado nutricional en menores de 5 anos,clasificacion c,2002-09-01,48,37,48,37,85
50601,COTAGAITA,estado nutricional en menores de 5 anos,clasificacion c,2002-09-01,181,239,181,239,420
70102,COTOCA,estado nutricional en menores de 5 anos,clasificacion c,2002-09-01,228,80,228,80,308
31405,CUCHUMUELA (V. G. VILLARROEL),estado nutricional en menores de 5 anos,clasificacion c,2002-09-01,17,11,17,11,28
70704,CUEVO,estado nutricional en menores de 5 anos,clasificacion c,2002-09-01,81,97,81,97,178
10902,CULPINA,estado nutricional en menores de 5 anos,clasificacion c,2002-09-01,398,448,398,448,846
40401,CURAHUARA DE CARANGAS,estado nutricional en menores de 5 anos,clasificacion c,2002-09-01,43,23,43,23,66
21602,CURVA,estado nutricional en menores de 5 anos,clasificacion c,2002-09-01,36,11,36,11,47
20804,DESAGUADERO,estado nutricional en menores de 5 anos,clasificacion c,2002-09-01,51,20,51,20,71
20105,EL ALTO,estado nutricional en menores de 5 anos,clasificacion c,2002-09-01,5100,2702,5100,2702,7802
40103,EL CHORO,estado nutricional en menores de 5 anos,clasificacion c,2002-09-01,24,8,24,8,32
71503,EL PUENTE(STC),estado nutricional en menores de 5 anos,clasificacion c,2002-09-01,13,260,13,260,273
60502,EL PUENTE(TJA),estado nutricional en menores de 5 anos,clasificacion c,2002-09-01,64,145,64,145,209
70105,EL TORNO,estado nutricional en menores de 5 anos,clasificacion c,2002-09-01,253,285,253,285,538
10405,EL VILLAR,estado nutricional en menores de 5 anos,clasificacion c,2002-09-01,86,145,86,145,231
60601,ENTRE RIOS,estado nutricional en menores de 5 anos,clasificacion c,2002-09-01,220,259,220,259,479
40502,ESCARA,estado nutricional en menores de 5 anos,clasificacion c,2002-09-01,2,1,2,1,3
41101,EUCALIPTUS,estado nutricional en menores de 5 anos,clasificacion c,2002-09-01,53,29,53,29,82
80402,EXALTACION,estado nutricional en menores de 5 anos,clasificacion c,2002-09-01,13,33,13,33,46
90203,FILADELFIA,estado nutricional en menores de 5 anos,clasificacion c,2002-09-01,26,51,26,51,77
71002,GENERAL SAAVEDRA,estado nutricional en menores de 5 anos,clasificacion c,2002-09-01,44,67,44,67,111
21601,GRAL. J.J. PEREZ (CHARAZANI),estado nutricional en menores de 5 anos,clasificacion c,2002-09-01,62,98,62,98,160
20602,GUANAY,estado nutricional en menores de 5 anos,clasificacion c,2002-09-01,333,274,333,274,607
20802,GUAQUI,estado nutricional en menores de 5 anos,clasificacion c,2002-09-01,32,20,32,20,52
80202,GUAYARAMERIN,estado nutricional en menores de 5 anos,clasificacion c,2002-09-01,430,263,430,263,693
70705,GUTIERREZ,estado nutricional en menores de 5 anos,clasificacion c,2002-09-01,163,203,163,203,366
10502,HUACARETA,estado nutricional en menores de 5 anos,clasificacion c,2002-09-01,164,233,164,233,397
11002,HUACAYA (VILLA DE HUACAYA),estado nutricional en menores de 5 anos,clasificacion c,2002-09-01,52,79,52,79,131
40501,HUACHACALLA,estado nutricional en menores de 5 anos,clasificacion c,2002-09-01,15,9,15,9,24
40701,HUANUNI,estado nutricional en menores de 5 anos,clasificacion c,2002-09-01,210,93,210,93,303
80803,HUARACAJE,estado nutricional en menores de 5 anos,clasificacion c,2002-09-01,9,10,9,10,19
41601,HUAYLLAMARCA,estado nutricional en menores de 5 anos,clasificacion c,2002-09-01,45,27,45,27,72
21005,ICHOCA,estado nutricional en menores de 5 anos,clasificacion c,2002-09-01,12,22,12,22,34
10304,ICLA,estado nutricional en menores de 5 anos,clasificacion c,2002-09-01,213,274,213,274,487
10703,INCAHUASI,estado nutricional en menores de 5 anos,clasificacion c,2002-09-01,237,194,237,194,431
90402,INGAVI (HUMAITA),estado nutricional en menores de 5 anos,clasificacion c,2002-09-01,0,5,0,5,5
21001,INQUISIVI,estado nutricional en menores de 5 anos,clasificacion c,2002-09-01,139,159,139,159,298
21102,IRUPANA (VILLA DE LANZA),estado nutricional en menores de 5 anos,clasificacion c,2002-09-01,165,170,165,170,335
21501,IXIAMAS,estado nutricional en menores de 5 anos,clasificacion c,2002-09-01,108,90,108,90,198
21105,LA ASUNTA,estado nutricional en menores de 5 anos,clasificacion c,2002-09-01,162,106,162,106,268
70104,LA GUARDIA,estado nutricional en menores de 5 anos,clasificacion c,2002-09-01,470,221,470,221,691
20101,LA PAZ,estado nutricional en menores de 5 anos,clasificacion c,2002-09-01,3938,2445,3938,2445,6383
41501,LA RIVERA,estado nutricional en menores de 5 anos,clasificacion c,2002-09-01,3,0,3,0,3
70701,LAGUNILLAS,estado nutricional en menores de 5 anos,clasificacion c,2002-09-01,101,93,101,93,194
21202,LAJA,estado nutricional en menores de 5 anos,clasificacion c,2002-09-01,70,43,70,43,113
10903,LAS CARRERAS,estado nutricional en menores de 5 anos,clasificacion c,2002-09-01,54,85,54,85,139
21006,LICOMA PAMPA,estado nutricional en menores de 5 anos,clasificacion c,2002-09-01,22,25,22,25,47
50203,LLALLAGUA,estado nutricional en menores de 5 anos,clasificacion c,2002-09-01,30,516,30,516,546
51401,LLICA,estado nutricional en menores de 5 anos,clasificacion c,2002-09-01,49,36,49,36,85
80601,LORETO,estado nutricional en menores de 5 anos,clasificacion c,2002-09-01,0,76,0,76,76
20901,LURIBAY,estado nutricional en menores de 5 anos,clasificacion c,2002-09-01,126,148,126,148,274
40702,MACHACAMARCA,estado nutricional en menores de 5 anos,clasificacion c,2002-09-01,45,36,45,36,81
11003,MACHARETI,estado nutricional en menores de 5 anos,clasificacion c,2002-09-01,172,294,172,294,466
80801,MAGDALENA,estado nutricional en menores de 5 anos,clasificacion c,2002-09-01,69,35,69,35,104
70903,MAIRANA,estado nutricional en menores de 5 anos,clasificacion c,2002-09-01,105,48,105,48,153
20904,MALLA,estado nutricional en menores de 5 anos,clasificacion c,2002-09-01,15,47,15,47,62
20103,MECAPACA,estado nutricional en menores de 5 anos,clasificacion c,2002-09-01,142,108,142,108,250
71003,MINEROS,estado nutricional en menores de 5 anos,clasificacion c,2002-09-01,18,11,18,11,29
31301,MIZQUE,estado nutricional en menores de 5 anos,clasificacion c,2002-09-01,131,138,131,138,269
20402,MOCOMOCO,estado nutricional en menores de 5 anos,clasificacion c,2002-09-01,167,63,167,63,230
51002,MOJINETE,estado nutricional en menores de 5 anos,clasificacion c,2002-09-01,4,15,4,15,19
10303,MOJOCOYA,estado nutricional en menores de 5 anos,clasificacion c,2002-09-01,192,274,192,274,466
10501,MONTEAGUDO,estado nutricional en menores de 5 anos,clasificacion c,2002-09-01,472,593,472,593,1065
71001,MONTERO,estado nutricional en menores de 5 anos,clasificacion c,2002-09-01,926,720,926,720,1646
70803,MORO MORO,estado nutricional en menores de 5 anos,clasificacion c,2002-09-01,49,38,49,38,87
30302,MOROCHATA,estado nutricional en menores de 5 anos,clasificacion c,2002-09-01,165,153,165,153,318
90401,NACEBE (SANTA ROSA DEL ABUNA),estado nutricional en menores de 5 anos,clasificacion c,2002-09-01,5,2,5,2,7
20307,NAZACARA DE PACAJES,estado nutricional en menores de 5 anos,clasificacion c,2002-09-01,5,0,5,0,5
90501,NUEVO MANOA (NUEVA ESPERANZA),estado nutricional en menores de 5 anos,clasificacion c,2002-09-01,3,15,3,15,18
50404,OCURI,estado nutricional en menores de 5 anos,clasificacion c,2002-09-01,76,108,76,108,184
70202,OKINAWA,estado nutricional en menores de 5 anos,clasificacion c,2002-09-01,71,64,71,64,135
30203,OMEREQUE,estado nutricional en menores de 5 anos,clasificacion c,2002-09-01,11,121,11,121,132
40101,ORURO,estado nutricional en menores de 5 anos,clasificacion c,2002-09-01,1754,1061,1754,1061,2815
60201,PADCAYA,estado nutricional en menores de 5 anos,clasificacion c,2002-09-01,171,224,171,224,395
10401,PADILLA,estado nutricional en menores de 5 anos,clasificacion c,2002-09-01,316,431,316,431,747
70502,PAILON,estado nutricional en menores de 5 anos,clasificacion c,2002-09-01,191,117,191,117,308
20102,PALCA,estado nutricional en menores de 5 anos,clasificacion c,2002-09-01,134,167,134,167,301
21104,PALOS BLANCOS,estado nutricional en menores de 5 anos,clasificacion c,2002-09-01,193,204,193,204,397
40802,PAMPA AULLAGAS,estado nutricional en menores de 5 anos,clasificacion c,2002-09-01,25,37,25,37,62
70902,PAMPA GRANDE,estado nutricional en menores de 5 anos,clasificacion c,2002-09-01,72,78,72,78,150
21802,PAPEL PAMPA,estado nutricional en menores de 5 anos,clasificacion c,2002-09-01,34,3,34,3,37
30202,PASORAPA,estado nutricional en menores de 5 anos,clasificacion c,2002-09-01,40,39,40,39,79
21305,PATACAMAYA,estado nutricional en menores de 5 anos,clasificacion c,2002-09-01,137,63,137,63,200
40602,PAZÃ‘A,estado nutricional en menores de 5 anos,clasificacion c,2002-09-01,35,28,35,28,63
20702,PELECHUCO,estado nutricional en menores de 5 anos,clasificacion c,2002-09-01,49,47,49,47,96
50403,POCOATA,estado nutricional en menores de 5 anos,clasificacion c,2002-09-01,269,236,269,236,505
31203,POCONA,estado nutricional en menores de 5 anos,clasificacion c,2002-09-01,110,79,110,79,189
31202,POJO (CBBA),estado nutricional en menores de 5 anos,clasificacion c,2002-09-01,394,345,394,345,739
40601,POOPO,estado nutricional en menores de 5 anos,clasificacion c,2002-09-01,38,22,38,22,60
51203,PORCO,estado nutricional en menores de 5 anos,clasificacion c,2002-09-01,86,29,86,29,115
10103,POROMA,estado nutricional en menores de 5 anos,clasificacion c,2002-09-01,245,195,245,195,440
70103,PORONGO,estado nutricional en menores de 5 anos,clasificacion c,2002-09-01,72,73,72,73,145
70601,PORTACHUELO,estado nutricional en menores de 5 anos,clasificacion c,2002-09-01,224,181,224,181,405
90102,PORVENIR,estado nutricional en menores de 5 anos,clasificacion c,2002-09-01,68,61,68,61,129
70804,POSTRER VALLE,estado nutricional en menores de 5 anos,clasificacion c,2002-09-01,8,26,8,26,34
50101,POTOSI,estado nutricional en menores de 5 anos,clasificacion c,2002-09-01,1379,512,1379,512,1891
10302,PRESTO,estado nutricional en menores de 5 anos,clasificacion c,2002-09-01,125,132,125,132,257
70805,PUCARA,estado nutricional en menores de 5 anos,clasificacion c,2002-09-01,1,12,1,12,13
21201,PUCARANI,estado nutricional en menores de 5 anos,clasificacion c,2002-09-01,105,153,105,153,258
20401,PUERTO ACOSTA,estado nutricional en menores de 5 anos,clasificacion c,2002-09-01,243,257,243,257,500
20403,PUERTO CARABUCO,estado nutricional en menores de 5 anos,clasificacion c,2002-09-01,100,79,100,79,179
90301,PUERTO GONZALO MORENO,estado nutricional en menores de 5 anos,clasificacion c,2002-09-01,17,25,17,25,42
21204,PUERTO PEREZ,estado nutricional en menores de 5 anos,clasificacion c,2002-09-01,53,39,53,39,92
71402,PUERTO QUIJARRO,estado nutricional en menores de 5 anos,clasificacion c,2002-09-01,149,68,149,68,217
90201,PUERTO RICO,estado nutricional en menores de 5 anos,clasificacion c,2002-09-01,42,68,42,68,110
80703,PUERTO SILES,estado nutricional en menores de 5 anos,clasificacion c,2002-09-01,4,11,4,11,15
71401,PUERTO SUAREZ,estado nutricional en menores de 5 anos,clasificacion c,2002-09-01,125,22,125,22,147
31205,PUERTO VILLARROEL,estado nutricional en menores de 5 anos,clasificacion c,2002-09-01,338,241,338,241,579
51101,PUNA,estado nutricional en menores de 5 anos,clasificacion c,2002-09-01,361,509,361,509,870
31401,PUNATA,estado nutricional en menores de 5 anos,clasificacion c,2002-09-01,292,44,292,44,336
20604,QUIABAYA,estado nutricional en menores de 5 anos,clasificacion c,2002-09-01,41,75,41,75,116
30901,QUILLACOLLO,estado nutricional en menores de 5 anos,clasificacion c,2002-09-01,228,194,228,194,422
21002,QUIME,estado nutricional en menores de 5 anos,clasificacion c,2002-09-01,168,157,168,157,325
70904,QUIRUSILLAS,estado nutricional en menores de 5 anos,clasificacion c,2002-09-01,8,19,8,19,27
50402,RAVELO,estado nutricional en menores de 5 anos,clasificacion c,2002-09-01,262,224,262,224,486
80301,REYES,estado nutricional en menores de 5 anos,clasificacion c,2002-09-01,136,71,136,71,207
80201,RIBERALTA,estado nutricional en menores de 5 anos,clasificacion c,2002-09-01,1079,460,1079,460,1539
70503,ROBORE,estado nutricional en menores de 5 anos,clasificacion c,2002-09-01,151,115,151,115,266
80304,RURRENABAQUE,estado nutricional en menores de 5 anos,clasificacion c,2002-09-01,129,113,129,113,242
40901,SABAYA,estado nutricional en menores de 5 anos,clasificacion c,2002-09-01,9,14,9,14,23
31001,SACABA,estado nutricional en menores de 5 anos,clasificacion c,2002-09-01,623,264,623,264,887
30404,SACABAMBA,estado nutricional en menores de 5 anos,clasificacion c,2002-09-01,3,144,3,144,147
50701,SACACA,estado nutricional en menores de 5 anos,clasificacion c,2002-09-01,154,195,154,195,349
71302,SAIPINA,estado nutricional en menores de 5 anos,clasificacion c,2002-09-01,5,18,5,18,23
40801,SALINAS DE GARCI MENDOZA,estado nutricional en menores de 5 anos,clasificacion c,2002-09-01,42,32,42,32,74
70901,SAMAIPATA,estado nutricional en menores de 5 anos,clasificacion c,2002-09-01,88,64,88,64,152
51601,SAN AGUSTIN,estado nutricional en menores de 5 anos,clasificacion c,2002-09-01,33,29,33,29,62
80602,SAN ANDRES,estado nutricional en menores de 5 anos,clasificacion c,2002-09-01,22,77,22,77,99
51003,SAN ANTONIO DE ESMORUCO,estado nutricional en menores de 5 anos,clasificacion c,2002-09-01,10,17,10,17,27
71105,SAN ANTONIO DE LOMERIO,estado nutricional en menores de 5 anos,clasificacion c,2002-09-01,114,139,114,139,253
31403,SAN BENITO,estado nutricional en menores de 5 anos,clasificacion c,2002-09-01,92,52,92,52,144
80302,SAN BORJA,estado nutricional en menores de 5 anos,clasificacion c,2002-09-01,488,233,488,233,721
21502,SAN BUENA VENTURA,estado nutricional en menores de 5 anos,clasificacion c,2002-09-01,141,147,141,147,288
70402,SAN CARLOS,estado nutricional en menores de 5 anos,clasificacion c,2002-09-01,308,290,308,290,598
80501,SAN IGNACIO,estado nutricional en menores de 5 anos,clasificacion c,2002-09-01,173,251,173,251,424
70301,SAN IGNACIO DE VELASCO,estado nutricional en menores de 5 anos,clasificacion c,2002-09-01,527,289,527,289,816
80102,SAN JAVIER(BNI),estado nutricional en menores de 5 anos,clasificacion c,2002-09-01,0,71,0,71,71
71102,SAN JAVIER(STC),estado nutricional en menores de 5 anos,clasificacion c,2002-09-01,30,29,30,29,59
80701,SAN JOAQUIN,estado nutricional en menores de 5 anos,clasificacion c,2002-09-01,22,100,22,100,122
70501,SAN JOSE DE CHIQUITOS,estado nutricional en menores de 5 anos,clasificacion c,2002-09-01,85,56,85,56,141
71104,SAN JULIAN,estado nutricional en menores de 5 anos,clasificacion c,2002-09-01,312,336,312,336,648
90302,SAN LORENZO(PND),estado nutricional en menores de 5 anos,clasificacion c,2002-09-01,9,29,9,29,38
60501,SAN LORENZO(TJA),estado nutricional en menores de 5 anos,clasificacion c,2002-09-01,35,19,35,19,54
10702,SAN LUCAS,estado nutricional en menores de 5 anos,clasificacion c,2002-09-01,704,801,704,801,1505
71201,SAN MATIAS,estado nutricional en menores de 5 anos,clasificacion c,2002-09-01,150,96,150,96,246
70302,SAN MIGUEL DE VELASCO,estado nutricional en menores de 5 anos,clasificacion c,2002-09-01,128,109,128,109,237
51001,SAN PABLO DE LIPEZ,estado nutricional en menores de 5 anos,clasificacion c,2002-09-01,25,13,25,13,38
50501,SAN PEDRO DE BUENA VISTA,estado nutricional en menores de 5 anos,clasificacion c,2002-09-01,169,290,169,290,459
21801,SAN PEDRO DE CURAHUARA,estado nutricional en menores de 5 anos,clasificacion c,2002-09-01,31,45,31,45,76
50902,SAN PEDRO DE QUEMES,estado nutricional en menores de 5 anos,clasificacion c,2002-09-01,12,9,12,9,21
21702,SAN PEDRO DE TIQUINA,estado nutricional en menores de 5 anos,clasificacion c,2002-09-01,26,59,26,59,85
70303,SAN RAFAEL,estado nutricional en menores de 5 anos,clasificacion c,2002-09-01,79,52,79,52,131
80702,SAN RAMON,estado nutricional en menores de 5 anos,clasificacion c,2002-09-01,112,260,112,260,372
80401,SANTA ANA,estado nutricional en menores de 5 anos,clasificacion c,2002-09-01,293,186,293,186,479
70101,SANTA CRUZ DE LA SIERRA,estado nutricional en menores de 5 anos,clasificacion c,2002-09-01,3880,2386,3880,2386,6266
80303,SANTA ROSA,estado nutricional en menores de 5 anos,clasificacion c,2002-09-01,77,52,77,52,129
70602,SANTA ROSA DEL SARA,estado nutricional en menores de 5 anos,clasificacion c,2002-09-01,64,44,64,44,108
20308,SANTIAGO DE CALLAPA,estado nutricional en menores de 5 anos,clasificacion c,2002-09-01,45,53,45,53,98
41401,SANTIAGO DE HUARI,estado nutricional en menores de 5 anos,clasificacion c,2002-09-01,46,45,46,45,91
21901,SANTIAGO DE MACHACA,estado nutricional en menores de 5 anos,clasificacion c,2002-09-01,41,27,41,27,68
30702,SANTIVAÃ‘ES,estado nutricional en menores de 5 anos,clasificacion c,2002-09-01,118,87,118,87,205
40202,SANTUARIO DE QUILLACAS,estado nutricional en menores de 5 anos,clasificacion c,2002-09-01,18,31,18,31,49
20902,SAPAHAQUI,estado nutricional en menores de 5 anos,clasificacion c,2002-09-01,22,14,22,14,36
90303,SENA,estado nutricional en menores de 5 anos,clasificacion c,2002-09-01,30,14,30,14,44
21301,SICA SICA (VILLA AROMA),estado nutricional en menores de 5 anos,clasificacion c,2002-09-01,98,33,98,33,131
30703,SICAYA,estado nutricional en menores de 5 anos,clasificacion c,2002-09-01,32,19,32,19,51
30902,SIPE SIPE,estado nutricional en menores de 5 anos,clasificacion c,2002-09-01,509,368,509,368,877
10403,SOPACHUY,estado nutricional en menores de 5 anos,clasificacion c,2002-09-01,101,70,101,70,171
20601,SORATA,estado nutricional en menores de 5 anos,clasificacion c,2002-09-01,207,325,207,325,532
10101,SUCRE,estado nutricional en menores de 5 anos,clasificacion c,2002-09-01,2038,1610,2038,1610,3648
31404,TACACHI,estado nutricional en menores de 5 anos,clasificacion c,2002-09-01,8,2,8,2,10
20603,TACACOMA,estado nutricional en menores de 5 anos,clasificacion c,2002-09-01,36,55,36,55,91
50303,TACOBAMBA,estado nutricional en menores de 5 anos,clasificacion c,2002-09-01,81,62,81,62,143
30602,TACOPAYA,estado nutricional en menores de 5 anos,clasificacion c,2002-09-01,126,194,126,194,320
51402,TAHUA,estado nutricional en menores de 5 anos,clasificacion c,2002-09-01,7,4,7,4,11
31101,TAPACARI,estado nutricional en menores de 5 anos,clasificacion c,2002-09-01,143,273,143,273,416
10601,TARABUCO,estado nutricional en menores de 5 anos,clasificacion c,2002-09-01,461,604,461,604,1065
30401,TARATA,estado nutricional en menores de 5 anos,clasificacion c,2002-09-01,91,67,91,67,158
60101,TARIJA,estado nutricional en menores de 5 anos,clasificacion c,2002-09-01,845,613,845,613,1458
10202,TARVITA,estado nutricional en menores de 5 anos,clasificacion c,2002-09-01,342,272,342,272,614
20803,TIAWANACU,estado nutricional en menores de 5 anos,clasificacion c,2002-09-01,99,47,99,47,146
50102,TINGUIPAYA,estado nutricional en menores de 5 anos,clasificacion c,2002-09-01,50,104,50,104,154
20606,TIPUANI,estado nutricional en menores de 5 anos,clasificacion c,2002-09-01,67,42,67,42,109
30903,TIQUIPAYA,estado nutricional en menores de 5 anos,clasificacion c,2002-09-01,111,153,111,153,264
31601,TIRAQUE (CBBA),estado nutricional en menores de 5 anos,clasificacion c,2002-09-01,265,320,265,320,585
21703,TITO YUPANQUI (PARQUIPUJIO),estado nutricional en menores de 5 anos,clasificacion c,2002-09-01,23,28,23,28,51
30802,TOCO,estado nutricional en menores de 5 anos,clasificacion c,2002-09-01,4,11,4,11,15
30803,TOLATA,estado nutricional en menores de 5 anos,clasificacion c,2002-09-01,18,8,18,8,26
41001,TOLEDO,estado nutricional en menores de 5 anos,clasificacion c,2002-09-01,42,65,42,65,107
51202,TOMAVE,estado nutricional en menores de 5 anos,clasificacion c,2002-09-01,101,155,101,155,256
10402,TOMINA,estado nutricional en menores de 5 anos,clasificacion c,2002-09-01,180,301,180,301,481
50502,TORO TORO,estado nutricional en menores de 5 anos,clasificacion c,2002-09-01,143,131,143,131,274
31201,TOTORA(CBBA),estado nutricional en menores de 5 anos,clasificacion c,2002-09-01,211,207,211,207,418
41301,TOTORA(ORR),estado nutricional en menores de 5 anos,clasificacion c,2002-09-01,45,54,45,54,99
70802,TRIGAL,estado nutricional en menores de 5 anos,clasificacion c,2002-09-01,19,20,19,20,39
80101,TRINIDAD,estado nutricional en menores de 5 anos,clasificacion c,2002-09-01,157,1342,157,1342,1499
50801,TUPIZA,estado nutricional en menores de 5 anos,clasificacion c,2002-09-01,200,844,200,844,1044
40402,TURCO,estado nutricional en menores de 5 anos,clasificacion c,2002-09-01,26,25,26,25,51
21302,UMALA,estado nutricional en menores de 5 anos,clasificacion c,2002-09-01,56,41,56,41,97
50201,UNCIA,estado nutricional en menores de 5 anos,clasificacion c,2002-09-01,34,40,34,40,74
60401,URIONDO (A. CONCEPCION),estado nutricional en menores de 5 anos,clasificacion c,2002-09-01,56,69,56,69,125
71502,URUBICHA,estado nutricional en menores de 5 anos,clasificacion c,2002-09-01,10,15,10,15,25
51201,UYUNI,estado nutricional en menores de 5 anos,clasificacion c,2002-09-01,325,304,325,304,629
30502,VACAS,estado nutricional en menores de 5 anos,clasificacion c,2002-09-01,75,21,75,21,96
70801,VALLEGRANDE,estado nutricional en menores de 5 anos,clasificacion c,2002-09-01,187,138,187,138,325
20801,VIACHA,estado nutricional en menores de 5 anos,clasificacion c,2002-09-01,264,339,264,339,603
31302,VILA VILA,estado nutricional en menores de 5 anos,clasificacion c,2002-09-01,17,43,17,43,60
60303,VILLA MONTES,estado nutricional en menores de 5 anos,clasificacion c,2002-09-01,159,123,159,123,282
90502,VILLA NUEVA (LOMA ALTA),estado nutricional en menores de 5 anos,clasificacion c,2002-09-01,3,0,3,0,3
31402,VILLA RIVERO,estado nutricional en menores de 5 anos,clasificacion c,2002-09-01,40,25,40,25,65
10801,VILLA SERRANO,estado nutricional en menores de 5 anos,clasificacion c,2002-09-01,232,337,232,337,569
31003,VILLA TUNARI,estado nutricional en menores de 5 anos,clasificacion c,2002-09-01,316,234,316,234,550
11001,VILLA VACA GUZMAN (MUYUPAMPA),estado nutricional en menores de 5 anos,clasificacion c,2002-09-01,206,332,206,332,538
51501,VILLAZON,estado nutricional en menores de 5 anos,clasificacion c,2002-09-01,441,437,441,437,878
30904,VINTO,estado nutricional en menores de 5 anos,clasificacion c,2002-09-01,110,30,110,30,140
50602,VITICHI,estado nutricional en menores de 5 anos,clasificacion c,2002-09-01,57,88,57,88,145
20306,WALDO BALLIVIAN,estado nutricional en menores de 5 anos,clasificacion c,2002-09-01,13,4,13,4,17
70201,WARNES,estado nutricional en menores de 5 anos,clasificacion c,2002-09-01,446,301,446,301,747
20903,YACO,estado nutricional en menores de 5 anos,clasificacion c,2002-09-01,24,36,24,36,60
60301,YACUIBA,estado nutricional en menores de 5 anos,clasificacion c,2002-09-01,552,373,552,373,925
10602,YAMPARAEZ,estado nutricional en menores de 5 anos,clasificacion c,2002-09-01,265,416,265,416,681
21103,YANACACHI,estado nutricional en menores de 5 anos,clasificacion c,2002-09-01,44,54,44,54,98
70403,YAPACANI,estado nutricional en menores de 5 anos,clasificacion c,2002-09-01,404,269,404,269,673
50103,YOCALLA,estado nutricional en menores de 5 anos,clasificacion c,2002-09-01,69,134,69,134,203
10102,YOTALA,estado nutricional en menores de 5 anos,clasificacion c,2002-09-01,199,378,199,378,577
60402,YUNCHARA,estado nutricional en menores de 5 anos,clasificacion c,2002-09-01,25,37,25,37,62
10301,ZUDAÃ‘EZ,estado nutricional en menores de 5 anos,clasificacion c,2002-09-01,137,188,137,188,325
51302,ACACIO,estado nutricional en menores de 5 anos,clasificacion c,2002-10-01,48,96,48,96,144
20201,ACHACACHI,estado nutricional en menores de 5 anos,clasificacion c,2002-10-01,703,826,703,826,1529
20104,ACHOCALLA,estado nutricional en menores de 5 anos,clasificacion c,2002-10-01,116,47,116,47,163
30201,AIQUILE,estado nutricional en menores de 5 anos,clasificacion c,2002-10-01,105,59,105,59,164
31303,ALALAY,estado nutricional en menores de 5 anos,clasificacion c,2002-10-01,25,95,25,95,120
10404,ALCALA,estado nutricional en menores de 5 anos,clasificacion c,2002-10-01,66,99,66,99,165
20202,ANCORAIMES,estado nutricional en menores de 5 anos,clasificacion c,2002-10-01,190,229,190,229,419
41201,ANDAMARCA,estado nutricional en menores de 5 anos,clasificacion c,2002-10-01,12,1,12,1,13
30402,ANZALDO,estado nutricional en menores de 5 anos,clasificacion c,2002-10-01,44,152,44,152,196
20701,APOLO,estado nutricional en menores de 5 anos,clasificacion c,2002-10-01,109,77,109,77,186
51301,ARAMPAMPA,estado nutricional en menores de 5 anos,clasificacion c,2002-10-01,61,80,61,80,141
30501,ARANI,estado nutricional en menores de 5 anos,clasificacion c,2002-10-01,24,65,24,65,89
30403,ARBIETO,estado nutricional en menores de 5 anos,clasificacion c,2002-10-01,19,64,19,64,83
30601,ARQUE,estado nutricional en menores de 5 anos,clasificacion c,2002-10-01,61,57,61,57,118
71501,ASCENCION DE GUARAYOS,estado nutricional en menores de 5 anos,clasificacion c,2002-10-01,393,500,393,500,893
50802,ATOCHA,estado nutricional en menores de 5 anos,clasificacion c,2002-10-01,21,297,21,297,318
20503,AUCAPATA,estado nutricional en menores de 5 anos,clasificacion c,2002-10-01,36,22,36,22,58
20502,AYATA,estado nutricional en menores de 5 anos,clasificacion c,2002-10-01,36,21,36,21,57
21303,AYO AYO,estado nutricional en menores de 5 anos,clasificacion c,2002-10-01,79,26,79,26,105
30301,AYOPAYA (V. DE INDEPENDENCIA),estado nutricional en menores de 5 anos,clasificacion c,2002-10-01,294,257,294,257,551
10201,AZURDUY,estado nutricional en menores de 5 anos,clasificacion c,2002-10-01,207,319,207,319,526
21203,BATALLAS,estado nutricional en menores de 5 anos,clasificacion c,2002-10-01,192,217,192,217,409
80802,BAURES,estado nutricional en menores de 5 anos,clasificacion c,2002-10-01,84,117,84,117,201
41202,BELEN DE ANDAMARCA,estado nutricional en menores de 5 anos,clasificacion c,2002-10-01,3,15,3,15,18
50104,BELEN DE URMIRI,estado nutricional en menores de 5 anos,clasificacion c,2002-10-01,27,37,27,37,64
90104,BELLA FLOR,estado nutricional en menores de 5 anos,clasificacion c,2002-10-01,49,103,49,103,152
60202,BERMEJO,estado nutricional en menores de 5 anos,clasificacion c,2002-10-01,27,57,27,57,84
50301,BETANZOS,estado nutricional en menores de 5 anos,clasificacion c,2002-10-01,277,239,277,239,516
31501,BOLIVAR,estado nutricional en menores de 5 anos,clasificacion c,2002-10-01,95,152,95,152,247
90103,BOLPEBRA,estado nutricional en menores de 5 anos,clasificacion c,2002-10-01,9,20,9,20,29
70707,BOYUIBE,estado nutricional en menores de 5 anos,clasificacion c,2002-10-01,12,46,12,46,58
70703,CABEZAS,estado nutricional en menores de 5 anos,clasificacion c,2002-10-01,101,95,101,95,196
20905,CAIROMA,estado nutricional en menores de 5 anos,clasificacion c,2002-10-01,97,52,97,52,149
51102,"CAIZA ""D""",estado nutricional en menores de 5 anos,clasificacion c,2002-10-01,105,99,105,99,204
21003,CAJUATA,estado nutricional en menores de 5 anos,clasificacion c,2002-10-01,102,47,102,47,149
20303,CALACOTO,estado nutricional en menores de 5 anos,clasificacion c,2002-10-01,21,10,21,10,31
21304,CALAMARCA,estado nutricional en menores de 5 anos,clasificacion c,2002-10-01,269,140,269,140,409
10701,CAMARGO,estado nutricional en menores de 5 anos,clasificacion c,2002-10-01,183,239,183,239,422
10901,CAMATAQUI (C. VILLA ABECIA),estado nutricional en menores de 5 anos,clasificacion c,2002-10-01,62,75,62,75,137
70706,CAMIRI,estado nutricional en menores de 5 anos,clasificacion c,2002-10-01,345,260,345,260,605
30701,CAPINOTA,estado nutricional en menores de 5 anos,clasificacion c,2002-10-01,94,70,94,70,164
20302,CAQUIAVIRI,estado nutricional en menores de 5 anos,clasificacion c,2002-10-01,82,58,82,58,140
40102,CARACOLLO,estado nutricional en menores de 5 anos,clasificacion c,2002-10-01,121,203,121,203,324
22001,CARANAVI,estado nutricional en menores de 5 anos,clasificacion c,2002-10-01,586,354,586,354,940
41503,CARANGAS,estado nutricional en menores de 5 anos,clasificacion c,2002-10-01,1,2,1,2,3
60302,CARAPARI,estado nutricional en menores de 5 anos,clasificacion c,2002-10-01,174,219,174,219,393
50702,CARIPUYO,estado nutricional en menores de 5 anos,clasificacion c,2002-10-01,106,137,106,137,243
21803,CHACARILLA,estado nutricional en menores de 5 anos,clasificacion c,2002-10-01,15,28,15,28,43
40201,CHALLAPATA,estado nutricional en menores de 5 anos,clasificacion c,2002-10-01,93,158,93,158,251
50302,CHAQUI,estado nutricional en menores de 5 anos,clasificacion c,2002-10-01,88,96,88,96,184
70702,CHARAGUA,estado nutricional en menores de 5 anos,clasificacion c,2002-10-01,77,552,77,552,629
20305,CHARAÃ‘A,estado nutricional en menores de 5 anos,clasificacion c,2002-10-01,31,17,31,17,48
50202,CHAYANTA,estado nutricional en menores de 5 anos,clasificacion c,2002-10-01,94,37,94,37,131
31204,CHIMORE,estado nutricional en menores de 5 anos,clasificacion c,2002-10-01,59,35,59,35,94
40903,CHIPAYA,estado nutricional en menores de 5 anos,clasificacion c,2002-10-01,4,8,4,8,12
40302,CHOQUE COTA,estado nutricional en menores de 5 anos,clasificacion c,2002-10-01,18,32,18,32,50
21101,CHULUMANI (V. DE LA LIBERTAD),estado nutricional en menores de 5 anos,clasificacion c,2002-10-01,61,96,61,96,157
20501,CHUMA,estado nutricional en menores de 5 anos,clasificacion c,2002-10-01,66,39,66,39,105
30801,CLIZA,estado nutricional en menores de 5 anos,clasificacion c,2002-10-01,58,69,58,69,127
90101,COBIJA,estado nutricional en menores de 5 anos,clasificacion c,2002-10-01,400,276,400,276,676
30101,COCHABAMBA,estado nutricional en menores de 5 anos,clasificacion c,2002-10-01,1995,1834,1995,1834,3829
40902,COIPASA,estado nutricional en menores de 5 anos,clasificacion c,2002-10-01,5,1,5,1,6
30905,COLCAPIRHUA,estado nutricional en menores de 5 anos,clasificacion c,2002-10-01,269,198,269,198,467
50901,"COLCHA ""K""",estado nutricional en menores de 5 anos,clasificacion c,2002-10-01,183,229,183,229,412
21307,COLLANA,estado nutricional en menores de 5 anos,clasificacion c,2002-10-01,13,14,13,14,27
31002,COLOMI,estado nutricional en menores de 5 anos,clasificacion c,2002-10-01,141,277,141,277,418
50401,COLQUECHACA,estado nutricional en menores de 5 anos,clasificacion c,2002-10-01,318,209,318,209,527
21306,COLQUENCHA,estado nutricional en menores de 5 anos,clasificacion c,2002-10-01,83,61,83,61,144
21004,COLQUIRI,estado nutricional en menores de 5 anos,clasificacion c,2002-10-01,194,76,194,76,270
20304,COMANCHE,estado nutricional en menores de 5 anos,clasificacion c,2002-10-01,17,17,17,17,34
71301,COMARAPA,estado nutricional en menores de 5 anos,clasificacion c,2002-10-01,142,158,142,158,300
20605,COMBAYA,estado nutricional en menores de 5 anos,clasificacion c,2002-10-01,24,24,24,24,48
71101,CONCEPCION,estado nutricional en menores de 5 anos,clasificacion c,2002-10-01,129,35,129,35,164
21701,COPACABANA,estado nutricional en menores de 5 anos,clasificacion c,2002-10-01,152,80,152,80,232
21402,CORIPATA,estado nutricional en menores de 5 anos,clasificacion c,2002-10-01,33,33,33,33,66
20301,CORO CORO,estado nutricional en menores de 5 anos,clasificacion c,2002-10-01,80,55,80,55,135
21401,COROICO,estado nutricional en menores de 5 anos,clasificacion c,2002-10-01,133,54,133,54,187
40301,CORQUE,estado nutricional en menores de 5 anos,clasificacion c,2002-10-01,50,59,50,59,109
50601,COTAGAITA,estado nutricional en menores de 5 anos,clasificacion c,2002-10-01,326,696,326,696,1022
70102,COTOCA,estado nutricional en menores de 5 anos,clasificacion c,2002-10-01,311,119,311,119,430
31405,CUCHUMUELA (V. G. VILLARROEL),estado nutricional en menores de 5 anos,clasificacion c,2002-10-01,23,12,23,12,35
70704,CUEVO,estado nutricional en menores de 5 anos,clasificacion c,2002-10-01,79,45,79,45,124
10902,CULPINA,estado nutricional en menores de 5 anos,clasificacion c,2002-10-01,370,363,370,363,733
40401,CURAHUARA DE CARANGAS,estado nutricional en menores de 5 anos,clasificacion c,2002-10-01,32,50,32,50,82
21602,CURVA,estado nutricional en menores de 5 anos,clasificacion c,2002-10-01,30,7,30,7,37
20804,DESAGUADERO,estado nutricional en menores de 5 anos,clasificacion c,2002-10-01,50,50,50,50,100
20105,EL ALTO,estado nutricional en menores de 5 anos,clasificacion c,2002-10-01,6264,3194,6264,3194,9458
40103,EL CHORO,estado nutricional en menores de 5 anos,clasificacion c,2002-10-01,15,22,15,22,37
71503,EL PUENTE(STC),estado nutricional en menores de 5 anos,clasificacion c,2002-10-01,51,248,51,248,299
60502,EL PUENTE(TJA),estado nutricional en menores de 5 anos,clasificacion c,2002-10-01,148,315,148,315,463
70105,EL TORNO,estado nutricional en menores de 5 anos,clasificacion c,2002-10-01,291,188,291,188,479
10405,EL VILLAR,estado nutricional en menores de 5 anos,clasificacion c,2002-10-01,94,156,94,156,250
60601,ENTRE RIOS,estado nutricional en menores de 5 anos,clasificacion c,2002-10-01,274,433,274,433,707
41101,EUCALIPTUS,estado nutricional en menores de 5 anos,clasificacion c,2002-10-01,37,29,37,29,66
80402,EXALTACION,estado nutricional en menores de 5 anos,clasificacion c,2002-10-01,3,4,3,4,7
90203,FILADELFIA,estado nutricional en menores de 5 anos,clasificacion c,2002-10-01,74,86,74,86,160
71002,GENERAL SAAVEDRA,estado nutricional en menores de 5 anos,clasificacion c,2002-10-01,257,310,257,310,567
21601,GRAL. J.J. PEREZ (CHARAZANI),estado nutricional en menores de 5 anos,clasificacion c,2002-10-01,73,146,73,146,219
20602,GUANAY,estado nutricional en menores de 5 anos,clasificacion c,2002-10-01,385,235,385,235,620
20802,GUAQUI,estado nutricional en menores de 5 anos,clasificacion c,2002-10-01,20,9,20,9,29
80202,GUAYARAMERIN,estado nutricional en menores de 5 anos,clasificacion c,2002-10-01,503,306,503,306,809
70705,GUTIERREZ,estado nutricional en menores de 5 anos,clasificacion c,2002-10-01,157,232,157,232,389
10502,HUACARETA,estado nutricional en menores de 5 anos,clasificacion c,2002-10-01,172,312,172,312,484
11002,HUACAYA (VILLA DE HUACAYA),estado nutricional en menores de 5 anos,clasificacion c,2002-10-01,42,61,42,61,103
40501,HUACHACALLA,estado nutricional en menores de 5 anos,clasificacion c,2002-10-01,3,26,3,26,29
40701,HUANUNI,estado nutricional en menores de 5 anos,clasificacion c,2002-10-01,247,162,247,162,409
80803,HUARACAJE,estado nutricional en menores de 5 anos,clasificacion c,2002-10-01,37,21,37,21,58
41601,HUAYLLAMARCA,estado nutricional en menores de 5 anos,clasificacion c,2002-10-01,60,32,60,32,92
21005,ICHOCA,estado nutricional en menores de 5 anos,clasificacion c,2002-10-01,65,80,65,80,145
10304,ICLA,estado nutricional en menores de 5 anos,clasificacion c,2002-10-01,175,236,175,236,411
10703,INCAHUASI,estado nutricional en menores de 5 anos,clasificacion c,2002-10-01,230,125,230,125,355
21001,INQUISIVI,estado nutricional en menores de 5 anos,clasificacion c,2002-10-01,156,96,156,96,252
21102,IRUPANA (VILLA DE LANZA),estado nutricional en menores de 5 anos,clasificacion c,2002-10-01,126,181,126,181,307
21501,IXIAMAS,estado nutricional en menores de 5 anos,clasificacion c,2002-10-01,101,102,101,102,203
21105,LA ASUNTA,estado nutricional en menores de 5 anos,clasificacion c,2002-10-01,135,80,135,80,215
70104,LA GUARDIA,estado nutricional en menores de 5 anos,clasificacion c,2002-10-01,524,295,524,295,819
20101,LA PAZ,estado nutricional en menores de 5 anos,clasificacion c,2002-10-01,4795,3179,4795,3179,7974
41501,LA RIVERA,estado nutricional en menores de 5 anos,clasificacion c,2002-10-01,3,1,3,1,4
70701,LAGUNILLAS,estado nutricional en menores de 5 anos,clasificacion c,2002-10-01,118,113,118,113,231
21202,LAJA,estado nutricional en menores de 5 anos,clasificacion c,2002-10-01,168,69,168,69,237
10903,LAS CARRERAS,estado nutricional en menores de 5 anos,clasificacion c,2002-10-01,75,163,75,163,238
21006,LICOMA PAMPA,estado nutricional en menores de 5 anos,clasificacion c,2002-10-01,27,33,27,33,60
50203,LLALLAGUA,estado nutricional en menores de 5 anos,clasificacion c,2002-10-01,77,683,77,683,760
51401,LLICA,estado nutricional en menores de 5 anos,clasificacion c,2002-10-01,71,59,71,59,130
80601,LORETO,estado nutricional en menores de 5 anos,clasificacion c,2002-10-01,75,107,75,107,182
20901,LURIBAY,estado nutricional en menores de 5 anos,clasificacion c,2002-10-01,163,113,163,113,276
40702,MACHACAMARCA,estado nutricional en menores de 5 anos,clasificacion c,2002-10-01,41,46,41,46,87
11003,MACHARETI,estado nutricional en menores de 5 anos,clasificacion c,2002-10-01,191,330,191,330,521
80801,MAGDALENA,estado nutricional en menores de 5 anos,clasificacion c,2002-10-01,126,97,126,97,223
70903,MAIRANA,estado nutricional en menores de 5 anos,clasificacion c,2002-10-01,127,66,127,66,193
20904,MALLA,estado nutricional en menores de 5 anos,clasificacion c,2002-10-01,3,24,3,24,27
20103,MECAPACA,estado nutricional en menores de 5 anos,clasificacion c,2002-10-01,117,156,117,156,273
71003,MINEROS,estado nutricional en menores de 5 anos,clasificacion c,2002-10-01,593,486,593,486,1079
31301,MIZQUE,estado nutricional en menores de 5 anos,clasificacion c,2002-10-01,75,173,75,173,248
20402,MOCOMOCO,estado nutricional en menores de 5 anos,clasificacion c,2002-10-01,251,101,251,101,352
51002,MOJINETE,estado nutricional en menores de 5 anos,clasificacion c,2002-10-01,4,11,4,11,15
10303,MOJOCOYA,estado nutricional en menores de 5 anos,clasificacion c,2002-10-01,175,287,175,287,462
10501,MONTEAGUDO,estado nutricional en menores de 5 anos,clasificacion c,2002-10-01,384,502,384,502,886
71001,MONTERO,estado nutricional en menores de 5 anos,clasificacion c,2002-10-01,1336,964,1336,964,2300
70803,MORO MORO,estado nutricional en menores de 5 anos,clasificacion c,2002-10-01,41,32,41,32,73
30302,MOROCHATA,estado nutricional en menores de 5 anos,clasificacion c,2002-10-01,196,275,196,275,471
90401,NACEBE (SANTA ROSA DEL ABUNA),estado nutricional en menores de 5 anos,clasificacion c,2002-10-01,31,21,31,21,52
20307,NAZACARA DE PACAJES,estado nutricional en menores de 5 anos,clasificacion c,2002-10-01,15,0,15,0,15
90501,NUEVO MANOA (NUEVA ESPERANZA),estado nutricional en menores de 5 anos,clasificacion c,2002-10-01,4,7,4,7,11
50404,OCURI,estado nutricional en menores de 5 anos,clasificacion c,2002-10-01,90,87,90,87,177
70202,OKINAWA,estado nutricional en menores de 5 anos,clasificacion c,2002-10-01,71,95,71,95,166
30203,OMEREQUE,estado nutricional en menores de 5 anos,clasificacion c,2002-10-01,7,71,7,71,78
40101,ORURO,estado nutricional en menores de 5 anos,clasificacion c,2002-10-01,2331,1417,2331,1417,3748
60201,PADCAYA,estado nutricional en menores de 5 anos,clasificacion c,2002-10-01,164,181,164,181,345
10401,PADILLA,estado nutricional en menores de 5 anos,clasificacion c,2002-10-01,286,381,286,381,667
70502,PAILON,estado nutricional en menores de 5 anos,clasificacion c,2002-10-01,177,71,177,71,248
20102,PALCA,estado nutricional en menores de 5 anos,clasificacion c,2002-10-01,107,66,107,66,173
21104,PALOS BLANCOS,estado nutricional en menores de 5 anos,clasificacion c,2002-10-01,265,212,265,212,477
40802,PAMPA AULLAGAS,estado nutricional en menores de 5 anos,clasificacion c,2002-10-01,37,26,37,26,63
70902,PAMPA GRANDE,estado nutricional en menores de 5 anos,clasificacion c,2002-10-01,68,52,68,52,120
21802,PAPEL PAMPA,estado nutricional en menores de 5 anos,clasificacion c,2002-10-01,48,49,48,49,97
30202,PASORAPA,estado nutricional en menores de 5 anos,clasificacion c,2002-10-01,54,65,54,65,119
21305,PATACAMAYA,estado nutricional en menores de 5 anos,clasificacion c,2002-10-01,139,73,139,73,212
40602,PAZÃ‘A,estado nutricional en menores de 5 anos,clasificacion c,2002-10-01,18,36,18,36,54
20702,PELECHUCO,estado nutricional en menores de 5 anos,clasificacion c,2002-10-01,44,25,44,25,69
50403,POCOATA,estado nutricional en menores de 5 anos,clasificacion c,2002-10-01,304,326,304,326,630
31203,POCONA,estado nutricional en menores de 5 anos,clasificacion c,2002-10-01,94,80,94,80,174
31202,POJO (CBBA),estado nutricional en menores de 5 anos,clasificacion c,2002-10-01,451,278,451,278,729
40601,POOPO,estado nutricional en menores de 5 anos,clasificacion c,2002-10-01,41,35,41,35,76
51203,PORCO,estado nutricional en menores de 5 anos,clasificacion c,2002-10-01,115,106,115,106,221
10103,POROMA,estado nutricional en menores de 5 anos,clasificacion c,2002-10-01,272,292,272,292,564
70103,PORONGO,estado nutricional en menores de 5 anos,clasificacion c,2002-10-01,68,78,68,78,146
70601,PORTACHUELO,estado nutricional en menores de 5 anos,clasificacion c,2002-10-01,256,155,256,155,411
90102,PORVENIR,estado nutricional en menores de 5 anos,clasificacion c,2002-10-01,3,10,3,10,13
70804,POSTRER VALLE,estado nutricional en menores de 5 anos,clasificacion c,2002-10-01,5,11,5,11,16
50101,POTOSI,estado nutricional en menores de 5 anos,clasificacion c,2002-10-01,1687,747,1687,747,2434
10302,PRESTO,estado nutricional en menores de 5 anos,clasificacion c,2002-10-01,137,156,137,156,293
70805,PUCARA,estado nutricional en menores de 5 anos,clasificacion c,2002-10-01,30,40,30,40,70
21201,PUCARANI,estado nutricional en menores de 5 anos,clasificacion c,2002-10-01,189,200,189,200,389
20401,PUERTO ACOSTA,estado nutricional en menores de 5 anos,clasificacion c,2002-10-01,167,201,167,201,368
20403,PUERTO CARABUCO,estado nutricional en menores de 5 anos,clasificacion c,2002-10-01,153,126,153,126,279
90301,PUERTO GONZALO MORENO,estado nutricional en menores de 5 anos,clasificacion c,2002-10-01,16,23,16,23,39
21204,PUERTO PEREZ,estado nutricional en menores de 5 anos,clasificacion c,2002-10-01,111,57,111,57,168
71402,PUERTO QUIJARRO,estado nutricional en menores de 5 anos,clasificacion c,2002-10-01,155,50,155,50,205
90201,PUERTO RICO,estado nutricional en menores de 5 anos,clasificacion c,2002-10-01,32,49,32,49,81
80703,PUERTO SILES,estado nutricional en menores de 5 anos,clasificacion c,2002-10-01,4,3,4,3,7
71401,PUERTO SUAREZ,estado nutricional en menores de 5 anos,clasificacion c,2002-10-01,175,53,175,53,228
31205,PUERTO VILLARROEL,estado nutricional en menores de 5 anos,clasificacion c,2002-10-01,387,264,387,264,651
51101,PUNA,estado nutricional en menores de 5 anos,clasificacion c,2002-10-01,154,145,154,145,299
31401,PUNATA,estado nutricional en menores de 5 anos,clasificacion c,2002-10-01,416,136,416,136,552
20604,QUIABAYA,estado nutricional en menores de 5 anos,clasificacion c,2002-10-01,27,68,27,68,95
30901,QUILLACOLLO,estado nutricional en menores de 5 anos,clasificacion c,2002-10-01,231,225,231,225,456
21002,QUIME,estado nutricional en menores de 5 anos,clasificacion c,2002-10-01,182,181,182,181,363
70904,QUIRUSILLAS,estado nutricional en menores de 5 anos,clasificacion c,2002-10-01,3,12,3,12,15
50402,RAVELO,estado nutricional en menores de 5 anos,clasificacion c,2002-10-01,287,232,287,232,519
80301,REYES,estado nutricional en menores de 5 anos,clasificacion c,2002-10-01,117,60,117,60,177
80201,RIBERALTA,estado nutricional en menores de 5 anos,clasificacion c,2002-10-01,1207,505,1207,505,1712
70503,ROBORE,estado nutricional en menores de 5 anos,clasificacion c,2002-10-01,122,105,122,105,227
80304,RURRENABAQUE,estado nutricional en menores de 5 anos,clasificacion c,2002-10-01,195,115,195,115,310
40901,SABAYA,estado nutricional en menores de 5 anos,clasificacion c,2002-10-01,9,12,9,12,21
31001,SACABA,estado nutricional en menores de 5 anos,clasificacion c,2002-10-01,808,213,808,213,1021
30404,SACABAMBA,estado nutricional en menores de 5 anos,clasificacion c,2002-10-01,52,129,52,129,181
50701,SACACA,estado nutricional en menores de 5 anos,clasificacion c,2002-10-01,119,189,119,189,308
71302,SAIPINA,estado nutricional en menores de 5 anos,clasificacion c,2002-10-01,25,27,25,27,52
40801,SALINAS DE GARCI MENDOZA,estado nutricional en menores de 5 anos,clasificacion c,2002-10-01,37,43,37,43,80
70901,SAMAIPATA,estado nutricional en menores de 5 anos,clasificacion c,2002-10-01,122,46,122,46,168
51601,SAN AGUSTIN,estado nutricional en menores de 5 anos,clasificacion c,2002-10-01,31,26,31,26,57
80602,SAN ANDRES,estado nutricional en menores de 5 anos,clasificacion c,2002-10-01,126,138,126,138,264
51003,SAN ANTONIO DE ESMORUCO,estado nutricional en menores de 5 anos,clasificacion c,2002-10-01,22,27,22,27,49
71105,SAN ANTONIO DE LOMERIO,estado nutricional en menores de 5 anos,clasificacion c,2002-10-01,125,138,125,138,263
31403,SAN BENITO,estado nutricional en menores de 5 anos,clasificacion c,2002-10-01,55,83,55,83,138
80302,SAN BORJA,estado nutricional en menores de 5 anos,clasificacion c,2002-10-01,610,399,610,399,1009
21502,SAN BUENA VENTURA,estado nutricional en menores de 5 anos,clasificacion c,2002-10-01,91,47,91,47,138
80501,SAN IGNACIO,estado nutricional en menores de 5 anos,clasificacion c,2002-10-01,237,165,237,165,402
70301,SAN IGNACIO DE VELASCO,estado nutricional en menores de 5 anos,clasificacion c,2002-10-01,565,314,565,314,879
80102,SAN JAVIER(BNI),estado nutricional en menores de 5 anos,clasificacion c,2002-10-01,17,62,17,62,79
71102,SAN JAVIER(STC),estado nutricional en menores de 5 anos,clasificacion c,2002-10-01,99,75,99,75,174
80701,SAN JOAQUIN,estado nutricional en menores de 5 anos,clasificacion c,2002-10-01,24,67,24,67,91
70501,SAN JOSE DE CHIQUITOS,estado nutricional en menores de 5 anos,clasificacion c,2002-10-01,153,59,153,59,212
71104,SAN JULIAN,estado nutricional en menores de 5 anos,clasificacion c,2002-10-01,370,520,370,520,890
90302,SAN LORENZO(PND),estado nutricional en menores de 5 anos,clasificacion c,2002-10-01,34,147,34,147,181
60501,SAN LORENZO(TJA),estado nutricional en menores de 5 anos,clasificacion c,2002-10-01,48,37,48,37,85
10702,SAN LUCAS,estado nutricional en menores de 5 anos,clasificacion c,2002-10-01,999,778,999,778,1777
71201,SAN MATIAS,estado nutricional en menores de 5 anos,clasificacion c,2002-10-01,293,206,293,206,499
70302,SAN MIGUEL DE VELASCO,estado nutricional en menores de 5 anos,clasificacion c,2002-10-01,190,199,190,199,389
51001,SAN PABLO DE LIPEZ,estado nutricional en menores de 5 anos,clasificacion c,2002-10-01,19,41,19,41,60
50501,SAN PEDRO DE BUENA VISTA,estado nutricional en menores de 5 anos,clasificacion c,2002-10-01,71,213,71,213,284
21801,SAN PEDRO DE CURAHUARA,estado nutricional en menores de 5 anos,clasificacion c,2002-10-01,68,125,68,125,193
50902,SAN PEDRO DE QUEMES,estado nutricional en menores de 5 anos,clasificacion c,2002-10-01,24,8,24,8,32
21702,SAN PEDRO DE TIQUINA,estado nutricional en menores de 5 anos,clasificacion c,2002-10-01,54,62,54,62,116
90202,SAN PEDRO(PND),estado nutricional en menores de 5 anos,clasificacion c,2002-10-01,10,11,10,11,21
70303,SAN RAFAEL,estado nutricional en menores de 5 anos,clasificacion c,2002-10-01,87,86,87,86,173
80702,SAN RAMON,estado nutricional en menores de 5 anos,clasificacion c,2002-10-01,10,0,10,0,10
80702,SAN RAMON,estado nutricional en menores de 5 anos,clasificacion c,2002-10-01,100,60,100,60,160
80401,SANTA ANA,estado nutricional en menores de 5 anos,clasificacion c,2002-10-01,137,97,137,97,234
70101,SANTA CRUZ DE LA SIERRA,estado nutricional en menores de 5 anos,clasificacion c,2002-10-01,4747,2775,4747,2775,7522
80303,SANTA ROSA,estado nutricional en menores de 5 anos,clasificacion c,2002-10-01,59,88,59,88,147
70602,SANTA ROSA DEL SARA,estado nutricional en menores de 5 anos,clasificacion c,2002-10-01,49,65,49,65,114
20308,SANTIAGO DE CALLAPA,estado nutricional en menores de 5 anos,clasificacion c,2002-10-01,90,65,90,65,155
41401,SANTIAGO DE HUARI,estado nutricional en menores de 5 anos,clasificacion c,2002-10-01,46,60,46,60,106
21901,SANTIAGO DE MACHACA,estado nutricional en menores de 5 anos,clasificacion c,2002-10-01,23,19,23,19,42
30702,SANTIVAÃ‘ES,estado nutricional en menores de 5 anos,clasificacion c,2002-10-01,83,33,83,33,116
40202,SANTUARIO DE QUILLACAS,estado nutricional en menores de 5 anos,clasificacion c,2002-10-01,10,49,10,49,59
20902,SAPAHAQUI,estado nutricional en menores de 5 anos,clasificacion c,2002-10-01,64,51,64,51,115
90303,SENA,estado nutricional en menores de 5 anos,clasificacion c,2002-10-01,2,21,2,21,23
21301,SICA SICA (VILLA AROMA),estado nutricional en menores de 5 anos,clasificacion c,2002-10-01,272,151,272,151,423
30703,SICAYA,estado nutricional en menores de 5 anos,clasificacion c,2002-10-01,33,7,33,7,40
30902,SIPE SIPE,estado nutricional en menores de 5 anos,clasificacion c,2002-10-01,480,287,480,287,767
10403,SOPACHUY,estado nutricional en menores de 5 anos,clasificacion c,2002-10-01,99,84,99,84,183
20601,SORATA,estado nutricional en menores de 5 anos,clasificacion c,2002-10-01,326,383,326,383,709
10101,SUCRE,estado nutricional en menores de 5 anos,clasificacion c,2002-10-01,2432,1982,2432,1982,4414
31404,TACACHI,estado nutricional en menores de 5 anos,clasificacion c,2002-10-01,3,15,3,15,18
20603,TACACOMA,estado nutricional en menores de 5 anos,clasificacion c,2002-10-01,45,113,45,113,158
50303,TACOBAMBA,estado nutricional en menores de 5 anos,clasificacion c,2002-10-01,159,127,159,127,286
30602,TACOPAYA,estado nutricional en menores de 5 anos,clasificacion c,2002-10-01,102,228,102,228,330
51402,TAHUA,estado nutricional en menores de 5 anos,clasificacion c,2002-10-01,13,14,13,14,27
31101,TAPACARI,estado nutricional en menores de 5 anos,clasificacion c,2002-10-01,149,199,149,199,348
10601,TARABUCO,estado nutricional en menores de 5 anos,clasificacion c,2002-10-01,430,591,430,591,1021
30401,TARATA,estado nutricional en menores de 5 anos,clasificacion c,2002-10-01,94,68,94,68,162
60101,TARIJA,estado nutricional en menores de 5 anos,clasificacion c,2002-10-01,1679,990,1679,990,2669
10202,TARVITA,estado nutricional en menores de 5 anos,clasificacion c,2002-10-01,350,359,350,359,709
20803,TIAWANACU,estado nutricional en menores de 5 anos,clasificacion c,2002-10-01,102,103,102,103,205
50102,TINGUIPAYA,estado nutricional en menores de 5 anos,clasificacion c,2002-10-01,186,229,186,229,415
20606,TIPUANI,estado nutricional en menores de 5 anos,clasificacion c,2002-10-01,115,48,115,48,163
30903,TIQUIPAYA,estado nutricional en menores de 5 anos,clasificacion c,2002-10-01,454,273,454,273,727
31601,TIRAQUE (CBBA),estado nutricional en menores de 5 anos,clasificacion c,2002-10-01,320,351,320,351,671
21703,TITO YUPANQUI (PARQUIPUJIO),estado nutricional en menores de 5 anos,clasificacion c,2002-10-01,1,37,1,37,38
30802,TOCO,estado nutricional en menores de 5 anos,clasificacion c,2002-10-01,10,19,10,19,29
41001,TOLEDO,estado nutricional en menores de 5 anos,clasificacion c,2002-10-01,57,62,57,62,119
51202,TOMAVE,estado nutricional en menores de 5 anos,clasificacion c,2002-10-01,136,145,136,145,281
10402,TOMINA,estado nutricional en menores de 5 anos,clasificacion c,2002-10-01,198,325,198,325,523
50502,TORO TORO,estado nutricional en menores de 5 anos,clasificacion c,2002-10-01,106,130,106,130,236
31201,TOTORA(CBBA),estado nutricional en menores de 5 anos,clasificacion c,2002-10-01,169,137,169,137,306
41301,TOTORA(ORR),estado nutricional en menores de 5 anos,clasificacion c,2002-10-01,42,52,42,52,94
70802,TRIGAL,estado nutricional en menores de 5 anos,clasificacion c,2002-10-01,18,13,18,13,31
80101,TRINIDAD,estado nutricional en menores de 5 anos,clasificacion c,2002-10-01,600,647,600,647,1247
50801,TUPIZA,estado nutricional en menores de 5 anos,clasificacion c,2002-10-01,291,873,291,873,1164
40402,TURCO,estado nutricional en menores de 5 anos,clasificacion c,2002-10-01,46,27,46,27,73
21302,UMALA,estado nutricional en menores de 5 anos,clasificacion c,2002-10-01,116,135,116,135,251
50201,UNCIA,estado nutricional en menores de 5 anos,clasificacion c,2002-10-01,63,1,63,1,64
60401,URIONDO (A. CONCEPCION),estado nutricional en menores de 5 anos,clasificacion c,2002-10-01,114,107,114,107,221
71502,URUBICHA,estado nutricional en menores de 5 anos,clasificacion c,2002-10-01,179,441,179,441,620
51201,UYUNI,estado nutricional en menores de 5 anos,clasificacion c,2002-10-01,271,277,271,277,548
30502,VACAS,estado nutricional en menores de 5 anos,clasificacion c,2002-10-01,53,74,53,74,127
70801,VALLEGRANDE,estado nutricional en menores de 5 anos,clasificacion c,2002-10-01,235,201,235,201,436
20801,VIACHA,estado nutricional en menores de 5 anos,clasificacion c,2002-10-01,357,309,357,309,666
31302,VILA VILA,estado nutricional en menores de 5 anos,clasificacion c,2002-10-01,37,100,37,100,137
60303,VILLA MONTES,estado nutricional en menores de 5 anos,clasificacion c,2002-10-01,237,156,237,156,393
90502,VILLA NUEVA (LOMA ALTA),estado nutricional en menores de 5 anos,clasificacion c,2002-10-01,3,2,3,2,5
31402,VILLA RIVERO,estado nutricional en menores de 5 anos,clasificacion c,2002-10-01,42,42,42,42,84
10801,VILLA SERRANO,estado nutricional en menores de 5 anos,clasificacion c,2002-10-01,289,458,289,458,747
31003,VILLA TUNARI,estado nutricional en menores de 5 anos,clasificacion c,2002-10-01,455,312,455,312,767
11001,VILLA VACA GUZMAN (MUYUPAMPA),estado nutricional en menores de 5 anos,clasificacion c,2002-10-01,212,280,212,280,492
51501,VILLAZON,estado nutricional en menores de 5 anos,clasificacion c,2002-10-01,528,550,528,550,1078
30904,VINTO,estado nutricional en menores de 5 anos,clasificacion c,2002-10-01,230,74,230,74,304
50602,VITICHI,estado nutricional en menores de 5 anos,clasificacion c,2002-10-01,121,232,121,232,353
20306,WALDO BALLIVIAN,estado nutricional en menores de 5 anos,clasificacion c,2002-10-01,10,3,10,3,13
70201,WARNES,estado nutricional en menores de 5 anos,clasificacion c,2002-10-01,536,243,536,243,779
20903,YACO,estado nutricional en menores de 5 anos,clasificacion c,2002-10-01,47,61,47,61,108
60301,YACUIBA,estado nutricional en menores de 5 anos,clasificacion c,2002-10-01,679,518,679,518,1197
10602,YAMPARAEZ,estado nutricional en menores de 5 anos,clasificacion c,2002-10-01,196,349,196,349,545
21103,YANACACHI,estado nutricional en menores de 5 anos,clasificacion c,2002-10-01,37,29,37,29,66
50103,YOCALLA,estado nutricional en menores de 5 anos,clasificacion c,2002-10-01,86,98,86,98,184
10102,YOTALA,estado nutricional en menores de 5 anos,clasificacion c,2002-10-01,201,380,201,380,581
60402,YUNCHARA,estado nutricional en menores de 5 anos,clasificacion c,2002-10-01,49,96,49,96,145
10301,ZUDAÃ‘EZ,estado nutricional en menores de 5 anos,clasificacion c,2002-10-01,122,145,122,145,267
51302,ACACIO,estado nutricional en menores de 5 anos,clasificacion c,2002-11-01,34,147,34,147,181
20201,ACHACACHI,estado nutricional en menores de 5 anos,clasificacion c,2002-11-01,695,821,695,821,1516
20104,ACHOCALLA,estado nutricional en menores de 5 anos,clasificacion c,2002-11-01,90,44,90,44,134
30201,AIQUILE,estado nutricional en menores de 5 anos,clasificacion c,2002-11-01,143,151,143,151,294
31303,ALALAY,estado nutricional en menores de 5 anos,clasificacion c,2002-11-01,20,98,20,98,118
10404,ALCALA,estado nutricional en menores de 5 anos,clasificacion c,2002-11-01,59,104,59,104,163
20202,ANCORAIMES,estado nutricional en menores de 5 anos,clasificacion c,2002-11-01,219,302,219,302,521
41201,ANDAMARCA,estado nutricional en menores de 5 anos,clasificacion c,2002-11-01,29,48,29,48,77
40603,ANTEQUERA,estado nutricional en menores de 5 anos,clasificacion c,2002-11-01,10,13,10,13,23
30402,ANZALDO,estado nutricional en menores de 5 anos,clasificacion c,2002-11-01,34,112,34,112,146
20701,APOLO,estado nutricional en menores de 5 anos,clasificacion c,2002-11-01,127,104,127,104,231
51301,ARAMPAMPA,estado nutricional en menores de 5 anos,clasificacion c,2002-11-01,58,103,58,103,161
30501,ARANI,estado nutricional en menores de 5 anos,clasificacion c,2002-11-01,73,21,73,21,94
30403,ARBIETO,estado nutricional en menores de 5 anos,clasificacion c,2002-11-01,23,13,23,13,36
30601,ARQUE,estado nutricional en menores de 5 anos,clasificacion c,2002-11-01,50,54,50,54,104
50802,ATOCHA,estado nutricional en menores de 5 anos,clasificacion c,2002-11-01,21,177,21,177,198
20503,AUCAPATA,estado nutricional en menores de 5 anos,clasificacion c,2002-11-01,42,11,42,11,53
20502,AYATA,estado nutricional en menores de 5 anos,clasificacion c,2002-11-01,47,44,47,44,91
21303,AYO AYO,estado nutricional en menores de 5 anos,clasificacion c,2002-11-01,88,13,88,13,101
30301,AYOPAYA (V. DE INDEPENDENCIA),estado nutricional en menores de 5 anos,clasificacion c,2002-11-01,282,234,282,234,516
10201,AZURDUY,estado nutricional en menores de 5 anos,clasificacion c,2002-11-01,238,291,238,291,529
21203,BATALLAS,estado nutricional en menores de 5 anos,clasificacion c,2002-11-01,170,175,170,175,345
80802,BAURES,estado nutricional en menores de 5 anos,clasificacion c,2002-11-01,58,62,58,62,120
41202,BELEN DE ANDAMARCA,estado nutricional en menores de 5 anos,clasificacion c,2002-11-01,5,7,5,7,12
50104,BELEN DE URMIRI,estado nutricional en menores de 5 anos,clasificacion c,2002-11-01,13,33,13,33,46
90104,BELLA FLOR,estado nutricional en menores de 5 anos,clasificacion c,2002-11-01,27,64,27,64,91
60202,BERMEJO,estado nutricional en menores de 5 anos,clasificacion c,2002-11-01,58,46,58,46,104
50301,BETANZOS,estado nutricional en menores de 5 anos,clasificacion c,2002-11-01,554,397,554,397,951
31501,BOLIVAR,estado nutricional en menores de 5 anos,clasificacion c,2002-11-01,128,78,128,78,206
90103,BOLPEBRA,estado nutricional en menores de 5 anos,clasificacion c,2002-11-01,18,28,18,28,46
70707,BOYUIBE,estado nutricional en menores de 5 anos,clasificacion c,2002-11-01,15,54,15,54,69
70401,BUENA VISTA,estado nutricional en menores de 5 anos,clasificacion c,2002-11-01,183,180,183,180,363
70703,CABEZAS,estado nutricional en menores de 5 anos,clasificacion c,2002-11-01,112,163,112,163,275
20905,CAIROMA,estado nutricional en menores de 5 anos,clasificacion c,2002-11-01,36,18,36,18,54
51102,"CAIZA ""D""",estado nutricional en menores de 5 anos,clasificacion c,2002-11-01,239,209,239,209,448
21003,CAJUATA,estado nutricional en menores de 5 anos,clasificacion c,2002-11-01,89,66,89,66,155
20303,CALACOTO,estado nutricional en menores de 5 anos,clasificacion c,2002-11-01,37,16,37,16,53
21304,CALAMARCA,estado nutricional en menores de 5 anos,clasificacion c,2002-11-01,223,103,223,103,326
10701,CAMARGO,estado nutricional en menores de 5 anos,clasificacion c,2002-11-01,165,167,165,167,332
10901,CAMATAQUI (C. VILLA ABECIA),estado nutricional en menores de 5 anos,clasificacion c,2002-11-01,32,52,32,52,84
70706,CAMIRI,estado nutricional en menores de 5 anos,clasificacion c,2002-11-01,176,102,176,102,278
30701,CAPINOTA,estado nutricional en menores de 5 anos,clasificacion c,2002-11-01,58,52,58,52,110
20302,CAQUIAVIRI,estado nutricional en menores de 5 anos,clasificacion c,2002-11-01,79,52,79,52,131
40102,CARACOLLO,estado nutricional en menores de 5 anos,clasificacion c,2002-11-01,100,258,100,258,358
22001,CARANAVI,estado nutricional en menores de 5 anos,clasificacion c,2002-11-01,564,601,564,601,1165
60302,CARAPARI,estado nutricional en menores de 5 anos,clasificacion c,2002-11-01,98,103,98,103,201
50702,CARIPUYO,estado nutricional en menores de 5 anos,clasificacion c,2002-11-01,118,119,118,119,237
21902,CATACORA,estado nutricional en menores de 5 anos,clasificacion c,2002-11-01,8,9,8,9,17
21803,CHACARILLA,estado nutricional en menores de 5 anos,clasificacion c,2002-11-01,3,1,3,1,4
40201,CHALLAPATA,estado nutricional en menores de 5 anos,clasificacion c,2002-11-01,100,120,100,120,220
50302,CHAQUI,estado nutricional en menores de 5 anos,clasificacion c,2002-11-01,186,75,186,75,261
70702,CHARAGUA,estado nutricional en menores de 5 anos,clasificacion c,2002-11-01,91,467,91,467,558
20305,CHARAÃ‘A,estado nutricional en menores de 5 anos,clasificacion c,2002-11-01,42,10,42,10,52
50202,CHAYANTA,estado nutricional en menores de 5 anos,clasificacion c,2002-11-01,94,110,94,110,204
31204,CHIMORE,estado nutricional en menores de 5 anos,clasificacion c,2002-11-01,49,40,49,40,89
40903,CHIPAYA,estado nutricional en menores de 5 anos,clasificacion c,2002-11-01,8,1,8,1,9
21101,CHULUMANI (V. DE LA LIBERTAD),estado nutricional en menores de 5 anos,clasificacion c,2002-11-01,55,41,55,41,96
20501,CHUMA,estado nutricional en menores de 5 anos,clasificacion c,2002-11-01,74,53,74,53,127
30801,CLIZA,estado nutricional en menores de 5 anos,clasificacion c,2002-11-01,60,17,60,17,77
90101,COBIJA,estado nutricional en menores de 5 anos,clasificacion c,2002-11-01,161,76,161,76,237
30101,COCHABAMBA,estado nutricional en menores de 5 anos,clasificacion c,2002-11-01,1778,1216,1778,1216,2994
40902,COIPASA,estado nutricional en menores de 5 anos,clasificacion c,2002-11-01,3,0,3,0,3
30905,COLCAPIRHUA,estado nutricional en menores de 5 anos,clasificacion c,2002-11-01,220,84,220,84,304
50901,"COLCHA ""K""",estado nutricional en menores de 5 anos,clasificacion c,2002-11-01,152,186,152,186,338
21307,COLLANA,estado nutricional en menores de 5 anos,clasificacion c,2002-11-01,2,6,2,6,8
31002,COLOMI,estado nutricional en menores de 5 anos,clasificacion c,2002-11-01,54,76,54,76,130
50401,COLQUECHACA,estado nutricional en menores de 5 anos,clasificacion c,2002-11-01,261,130,261,130,391
21306,COLQUENCHA,estado nutricional en menores de 5 anos,clasificacion c,2002-11-01,66,34,66,34,100
21004,COLQUIRI,estado nutricional en menores de 5 anos,clasificacion c,2002-11-01,196,94,196,94,290
20304,COMANCHE,estado nutricional en menores de 5 anos,clasificacion c,2002-11-01,22,19,22,19,41
71301,COMARAPA,estado nutricional en menores de 5 anos,clasificacion c,2002-11-01,141,116,141,116,257
20605,COMBAYA,estado nutricional en menores de 5 anos,clasificacion c,2002-11-01,14,19,14,19,33
71101,CONCEPCION,estado nutricional en menores de 5 anos,clasificacion c,2002-11-01,54,39,54,39,93
21701,COPACABANA,estado nutricional en menores de 5 anos,clasificacion c,2002-11-01,224,141,224,141,365
21402,CORIPATA,estado nutricional en menores de 5 anos,clasificacion c,2002-11-01,25,17,25,17,42
20301,CORO CORO,estado nutricional en menores de 5 anos,clasificacion c,2002-11-01,70,60,70,60,130
21401,COROICO,estado nutricional en menores de 5 anos,clasificacion c,2002-11-01,154,110,154,110,264
40301,CORQUE,estado nutricional en menores de 5 anos,clasificacion c,2002-11-01,38,46,38,46,84
50601,COTAGAITA,estado nutricional en menores de 5 anos,clasificacion c,2002-11-01,212,182,212,182,394
70102,COTOCA,estado nutricional en menores de 5 anos,clasificacion c,2002-11-01,220,122,220,122,342
31405,CUCHUMUELA (V. G. VILLARROEL),estado nutricional en menores de 5 anos,clasificacion c,2002-11-01,5,16,5,16,21
70704,CUEVO,estado nutricional en menores de 5 anos,clasificacion c,2002-11-01,79,69,79,69,148
10902,CULPINA,estado nutricional en menores de 5 anos,clasificacion c,2002-11-01,392,391,392,391,783
40401,CURAHUARA DE CARANGAS,estado nutricional en menores de 5 anos,clasificacion c,2002-11-01,34,19,34,19,53
21602,CURVA,estado nutricional en menores de 5 anos,clasificacion c,2002-11-01,18,9,18,9,27
20804,DESAGUADERO,estado nutricional en menores de 5 anos,clasificacion c,2002-11-01,25,23,25,23,48
20105,EL ALTO,estado nutricional en menores de 5 anos,clasificacion c,2002-11-01,6056,2666,6056,2666,8722
40103,EL CHORO,estado nutricional en menores de 5 anos,clasificacion c,2002-11-01,24,7,24,7,31
71503,EL PUENTE(STC),estado nutricional en menores de 5 anos,clasificacion c,2002-11-01,75,130,75,130,205
60502,EL PUENTE(TJA),estado nutricional en menores de 5 anos,clasificacion c,2002-11-01,132,231,132,231,363
70105,EL TORNO,estado nutricional en menores de 5 anos,clasificacion c,2002-11-01,260,195,260,195,455
10405,EL VILLAR,estado nutricional en menores de 5 anos,clasificacion c,2002-11-01,103,157,103,157,260
60601,ENTRE RIOS,estado nutricional en menores de 5 anos,clasificacion c,2002-11-01,127,185,127,185,312
40502,ESCARA,estado nutricional en menores de 5 anos,clasificacion c,2002-11-01,2,2,2,2,4
41101,EUCALIPTUS,estado nutricional en menores de 5 anos,clasificacion c,2002-11-01,66,74,66,74,140
90503,EUREKA (SANTOS MERCADO),estado nutricional en menores de 5 anos,clasificacion c,2002-11-01,16,2,16,2,18
80402,EXALTACION,estado nutricional en menores de 5 anos,clasificacion c,2002-11-01,3,50,3,50,53
90203,FILADELFIA,estado nutricional en menores de 5 anos,clasificacion c,2002-11-01,11,15,11,15,26
71002,GENERAL SAAVEDRA,estado nutricional en menores de 5 anos,clasificacion c,2002-11-01,238,330,238,330,568
21601,GRAL. J.J. PEREZ (CHARAZANI),estado nutricional en menores de 5 anos,clasificacion c,2002-11-01,45,89,45,89,134
20602,GUANAY,estado nutricional en menores de 5 anos,clasificacion c,2002-11-01,389,204,389,204,593
20802,GUAQUI,estado nutricional en menores de 5 anos,clasificacion c,2002-11-01,41,7,41,7,48
80202,GUAYARAMERIN,estado nutricional en menores de 5 anos,clasificacion c,2002-11-01,253,202,253,202,455
70705,GUTIERREZ,estado nutricional en menores de 5 anos,clasificacion c,2002-11-01,259,211,259,211,470
10502,HUACARETA,estado nutricional en menores de 5 anos,clasificacion c,2002-11-01,173,254,173,254,427
11002,HUACAYA (VILLA DE HUACAYA),estado nutricional en menores de 5 anos,clasificacion c,2002-11-01,31,40,31,40,71
40501,HUACHACALLA,estado nutricional en menores de 5 anos,clasificacion c,2002-11-01,2,19,2,19,21
40701,HUANUNI,estado nutricional en menores de 5 anos,clasificacion c,2002-11-01,128,64,128,64,192
80803,HUARACAJE,estado nutricional en menores de 5 anos,clasificacion c,2002-11-01,23,10,23,10,33
41601,HUAYLLAMARCA,estado nutricional en menores de 5 anos,clasificacion c,2002-11-01,59,57,59,57,116
21005,ICHOCA,estado nutricional en menores de 5 anos,clasificacion c,2002-11-01,41,96,41,96,137
10304,ICLA,estado nutricional en menores de 5 anos,clasificacion c,2002-11-01,188,290,188,290,478
10703,INCAHUASI,estado nutricional en menores de 5 anos,clasificacion c,2002-11-01,340,184,340,184,524
21001,INQUISIVI,estado nutricional en menores de 5 anos,clasificacion c,2002-11-01,188,170,188,170,358
21102,IRUPANA (VILLA DE LANZA),estado nutricional en menores de 5 anos,clasificacion c,2002-11-01,117,186,117,186,303
21501,IXIAMAS,estado nutricional en menores de 5 anos,clasificacion c,2002-11-01,94,104,94,104,198
21105,LA ASUNTA,estado nutricional en menores de 5 anos,clasificacion c,2002-11-01,128,78,128,78,206
70104,LA GUARDIA,estado nutricional en menores de 5 anos,clasificacion c,2002-11-01,431,154,431,154,585
20101,LA PAZ,estado nutricional en menores de 5 anos,clasificacion c,2002-11-01,4226,2645,4226,2645,6871
70701,LAGUNILLAS,estado nutricional en menores de 5 anos,clasificacion c,2002-11-01,109,100,109,100,209
21202,LAJA,estado nutricional en menores de 5 anos,clasificacion c,2002-11-01,90,57,90,57,147
10903,LAS CARRERAS,estado nutricional en menores de 5 anos,clasificacion c,2002-11-01,73,64,73,64,137
21006,LICOMA PAMPA,estado nutricional en menores de 5 anos,clasificacion c,2002-11-01,32,6,32,6,38
50203,LLALLAGUA,estado nutricional en menores de 5 anos,clasificacion c,2002-11-01,80,483,80,483,563
51401,LLICA,estado nutricional en menores de 5 anos,clasificacion c,2002-11-01,89,99,89,99,188
80601,LORETO,estado nutricional en menores de 5 anos,clasificacion c,2002-11-01,81,132,81,132,213
20901,LURIBAY,estado nutricional en menores de 5 anos,clasificacion c,2002-11-01,147,96,147,96,243
40702,MACHACAMARCA,estado nutricional en menores de 5 anos,clasificacion c,2002-11-01,20,9,20,9,29
11003,MACHARETI,estado nutricional en menores de 5 anos,clasificacion c,2002-11-01,150,232,150,232,382
80801,MAGDALENA,estado nutricional en menores de 5 anos,clasificacion c,2002-11-01,37,49,37,49,86
70903,MAIRANA,estado nutricional en menores de 5 anos,clasificacion c,2002-11-01,93,35,93,35,128
20904,MALLA,estado nutricional en menores de 5 anos,clasificacion c,2002-11-01,13,20,13,20,33
20103,MECAPACA,estado nutricional en menores de 5 anos,clasificacion c,2002-11-01,139,162,139,162,301
71003,MINEROS,estado nutricional en menores de 5 anos,clasificacion c,2002-11-01,564,387,564,387,951
31301,MIZQUE,estado nutricional en menores de 5 anos,clasificacion c,2002-11-01,61,84,61,84,145
20402,MOCOMOCO,estado nutricional en menores de 5 anos,clasificacion c,2002-11-01,138,82,138,82,220
51002,MOJINETE,estado nutricional en menores de 5 anos,clasificacion c,2002-11-01,5,29,5,29,34
10303,MOJOCOYA,estado nutricional en menores de 5 anos,clasificacion c,2002-11-01,192,297,192,297,489
10501,MONTEAGUDO,estado nutricional en menores de 5 anos,clasificacion c,2002-11-01,354,373,354,373,727
71001,MONTERO,estado nutricional en menores de 5 anos,clasificacion c,2002-11-01,1055,757,1055,757,1812
70803,MORO MORO,estado nutricional en menores de 5 anos,clasificacion c,2002-11-01,28,35,28,35,63
30302,MOROCHATA,estado nutricional en menores de 5 anos,clasificacion c,2002-11-01,110,228,110,228,338
90401,NACEBE (SANTA ROSA DEL ABUNA),estado nutricional en menores de 5 anos,clasificacion c,2002-11-01,1,4,1,4,5
20307,NAZACARA DE PACAJES,estado nutricional en menores de 5 anos,clasificacion c,2002-11-01,13,3,13,3,16
90501,NUEVO MANOA (NUEVA ESPERANZA),estado nutricional en menores de 5 anos,clasificacion c,2002-11-01,6,2,6,2,8
50404,OCURI,estado nutricional en menores de 5 anos,clasificacion c,2002-11-01,71,159,71,159,230
70202,OKINAWA,estado nutricional en menores de 5 anos,clasificacion c,2002-11-01,84,99,84,99,183
30203,OMEREQUE,estado nutricional en menores de 5 anos,clasificacion c,2002-11-01,37,116,37,116,153
40101,ORURO,estado nutricional en menores de 5 anos,clasificacion c,2002-11-01,1782,1105,1782,1105,2887
60201,PADCAYA,estado nutricional en menores de 5 anos,clasificacion c,2002-11-01,194,202,194,202,396
10401,PADILLA,estado nutricional en menores de 5 anos,clasificacion c,2002-11-01,323,408,323,408,731
70502,PAILON,estado nutricional en menores de 5 anos,clasificacion c,2002-11-01,153,58,153,58,211
20102,PALCA,estado nutricional en menores de 5 anos,clasificacion c,2002-11-01,90,38,90,38,128
21104,PALOS BLANCOS,estado nutricional en menores de 5 anos,clasificacion c,2002-11-01,234,247,234,247,481
40802,PAMPA AULLAGAS,estado nutricional en menores de 5 anos,clasificacion c,2002-11-01,27,25,27,25,52
70902,PAMPA GRANDE,estado nutricional en menores de 5 anos,clasificacion c,2002-11-01,64,21,64,21,85
21802,PAPEL PAMPA,estado nutricional en menores de 5 anos,clasificacion c,2002-11-01,38,19,38,19,57
30202,PASORAPA,estado nutricional en menores de 5 anos,clasificacion c,2002-11-01,58,77,58,77,135
21305,PATACAMAYA,estado nutricional en menores de 5 anos,clasificacion c,2002-11-01,123,43,123,43,166
40602,PAZÃ‘A,estado nutricional en menores de 5 anos,clasificacion c,2002-11-01,32,31,32,31,63
20702,PELECHUCO,estado nutricional en menores de 5 anos,clasificacion c,2002-11-01,32,33,32,33,65
50403,POCOATA,estado nutricional en menores de 5 anos,clasificacion c,2002-11-01,257,229,257,229,486
31203,POCONA,estado nutricional en menores de 5 anos,clasificacion c,2002-11-01,116,81,116,81,197
31202,POJO (CBBA),estado nutricional en menores de 5 anos,clasificacion c,2002-11-01,390,327,390,327,717
40601,POOPO,estado nutricional en menores de 5 anos,clasificacion c,2002-11-01,23,34,23,34,57
10103,POROMA,estado nutricional en menores de 5 anos,clasificacion c,2002-11-01,244,180,244,180,424
70103,PORONGO,estado nutricional en menores de 5 anos,clasificacion c,2002-11-01,39,52,39,52,91
70601,PORTACHUELO,estado nutricional en menores de 5 anos,clasificacion c,2002-11-01,228,158,228,158,386
90102,PORVENIR,estado nutricional en menores de 5 anos,clasificacion c,2002-11-01,74,57,74,57,131
70804,POSTRER VALLE,estado nutricional en menores de 5 anos,clasificacion c,2002-11-01,9,10,9,10,19
50101,POTOSI,estado nutricional en menores de 5 anos,clasificacion c,2002-11-01,1337,479,1337,479,1816
10302,PRESTO,estado nutricional en menores de 5 anos,clasificacion c,2002-11-01,121,125,121,125,246
70805,PUCARA,estado nutricional en menores de 5 anos,clasificacion c,2002-11-01,2,25,2,25,27
21201,PUCARANI,estado nutricional en menores de 5 anos,clasificacion c,2002-11-01,37,186,37,186,223
20401,PUERTO ACOSTA,estado nutricional en menores de 5 anos,clasificacion c,2002-11-01,136,150,136,150,286
20403,PUERTO CARABUCO,estado nutricional en menores de 5 anos,clasificacion c,2002-11-01,83,75,83,75,158
90301,PUERTO GONZALO MORENO,estado nutricional en menores de 5 anos,clasificacion c,2002-11-01,37,30,37,30,67
21204,PUERTO PEREZ,estado nutricional en menores de 5 anos,clasificacion c,2002-11-01,33,34,33,34,67
71402,PUERTO QUIJARRO,estado nutricional en menores de 5 anos,clasificacion c,2002-11-01,154,74,154,74,228
90201,PUERTO RICO,estado nutricional en menores de 5 anos,clasificacion c,2002-11-01,25,56,25,56,81
80703,PUERTO SILES,estado nutricional en menores de 5 anos,clasificacion c,2002-11-01,4,4,4,4,8
71401,PUERTO SUAREZ,estado nutricional en menores de 5 anos,clasificacion c,2002-11-01,150,35,150,35,185
31205,PUERTO VILLARROEL,estado nutricional en menores de 5 anos,clasificacion c,2002-11-01,340,270,340,270,610
51101,PUNA,estado nutricional en menores de 5 anos,clasificacion c,2002-11-01,411,415,411,415,826
31401,PUNATA,estado nutricional en menores de 5 anos,clasificacion c,2002-11-01,436,149,436,149,585
20604,QUIABAYA,estado nutricional en menores de 5 anos,clasificacion c,2002-11-01,22,33,22,33,55
30901,QUILLACOLLO,estado nutricional en menores de 5 anos,clasificacion c,2002-11-01,168,127,168,127,295
21002,QUIME,estado nutricional en menores de 5 anos,clasificacion c,2002-11-01,175,175,175,175,350
70904,QUIRUSILLAS,estado nutricional en menores de 5 anos,clasificacion c,2002-11-01,9,9,9,9,18
50402,RAVELO,estado nutricional en menores de 5 anos,clasificacion c,2002-11-01,219,123,219,123,342
80301,REYES,estado nutricional en menores de 5 anos,clasificacion c,2002-11-01,199,133,199,133,332
80201,RIBERALTA,estado nutricional en menores de 5 anos,clasificacion c,2002-11-01,897,375,897,375,1272
70503,ROBORE,estado nutricional en menores de 5 anos,clasificacion c,2002-11-01,157,72,157,72,229
80304,RURRENABAQUE,estado nutricional en menores de 5 anos,clasificacion c,2002-11-01,163,98,163,98,261
40901,SABAYA,estado nutricional en menores de 5 anos,clasificacion c,2002-11-01,9,13,9,13,22
31001,SACABA,estado nutricional en menores de 5 anos,clasificacion c,2002-11-01,562,152,562,152,714
30404,SACABAMBA,estado nutricional en menores de 5 anos,clasificacion c,2002-11-01,13,86,13,86,99
50701,SACACA,estado nutricional en menores de 5 anos,clasificacion c,2002-11-01,187,258,187,258,445
71302,SAIPINA,estado nutricional en menores de 5 anos,clasificacion c,2002-11-01,43,89,43,89,132
40801,SALINAS DE GARCI MENDOZA,estado nutricional en menores de 5 anos,clasificacion c,2002-11-01,49,62,49,62,111
70901,SAMAIPATA,estado nutricional en menores de 5 anos,clasificacion c,2002-11-01,87,73,87,73,160
51601,SAN AGUSTIN,estado nutricional en menores de 5 anos,clasificacion c,2002-11-01,41,27,41,27,68
80602,SAN ANDRES,estado nutricional en menores de 5 anos,clasificacion c,2002-11-01,135,205,135,205,340
51003,SAN ANTONIO DE ESMORUCO,estado nutricional en menores de 5 anos,clasificacion c,2002-11-01,10,32,10,32,42
71105,SAN ANTONIO DE LOMERIO,estado nutricional en menores de 5 anos,clasificacion c,2002-11-01,112,113,112,113,225
31403,SAN BENITO,estado nutricional en menores de 5 anos,clasificacion c,2002-11-01,115,168,115,168,283
80302,SAN BORJA,estado nutricional en menores de 5 anos,clasificacion c,2002-11-01,346,314,346,314,660
21502,SAN BUENA VENTURA,estado nutricional en menores de 5 anos,clasificacion c,2002-11-01,118,161,118,161,279
70402,SAN CARLOS,estado nutricional en menores de 5 anos,clasificacion c,2002-11-01,201,133,201,133,334
80501,SAN IGNACIO,estado nutricional en menores de 5 anos,clasificacion c,2002-11-01,160,246,160,246,406
70301,SAN IGNACIO DE VELASCO,estado nutricional en menores de 5 anos,clasificacion c,2002-11-01,439,416,439,416,855
80102,SAN JAVIER(BNI),estado nutricional en menores de 5 anos,clasificacion c,2002-11-01,49,77,49,77,126
71102,SAN JAVIER(STC),estado nutricional en menores de 5 anos,clasificacion c,2002-11-01,89,46,89,46,135
80701,SAN JOAQUIN,estado nutricional en menores de 5 anos,clasificacion c,2002-11-01,1,18,1,18,19
70501,SAN JOSE DE CHIQUITOS,estado nutricional en menores de 5 anos,clasificacion c,2002-11-01,148,65,148,65,213
71104,SAN JULIAN,estado nutricional en menores de 5 anos,clasificacion c,2002-11-01,435,523,435,523,958
90302,SAN LORENZO(PND),estado nutricional en menores de 5 anos,clasificacion c,2002-11-01,18,25,18,25,43
60501,SAN LORENZO(TJA),estado nutricional en menores de 5 anos,clasificacion c,2002-11-01,45,27,45,27,72
10702,SAN LUCAS,estado nutricional en menores de 5 anos,clasificacion c,2002-11-01,675,534,675,534,1209
70302,SAN MIGUEL DE VELASCO,estado nutricional en menores de 5 anos,clasificacion c,2002-11-01,91,59,91,59,150
51001,SAN PABLO DE LIPEZ,estado nutricional en menores de 5 anos,clasificacion c,2002-11-01,23,25,23,25,48
50501,SAN PEDRO DE BUENA VISTA,estado nutricional en menores de 5 anos,clasificacion c,2002-11-01,108,266,108,266,374
21801,SAN PEDRO DE CURAHUARA,estado nutricional en menores de 5 anos,clasificacion c,2002-11-01,29,64,29,64,93
50902,SAN PEDRO DE QUEMES,estado nutricional en menores de 5 anos,clasificacion c,2002-11-01,20,24,20,24,44
21702,SAN PEDRO DE TIQUINA,estado nutricional en menores de 5 anos,clasificacion c,2002-11-01,38,49,38,49,87
90202,SAN PEDRO(PND),estado nutricional en menores de 5 anos,clasificacion c,2002-11-01,21,19,21,19,40
70303,SAN RAFAEL,estado nutricional en menores de 5 anos,clasificacion c,2002-11-01,81,80,81,80,161
80702,SAN RAMON,estado nutricional en menores de 5 anos,clasificacion c,2002-11-01,10,12,10,12,22
80702,SAN RAMON,estado nutricional en menores de 5 anos,clasificacion c,2002-11-01,114,88,114,88,202
80401,SANTA ANA,estado nutricional en menores de 5 anos,clasificacion c,2002-11-01,79,74,79,74,153
70101,SANTA CRUZ DE LA SIERRA,estado nutricional en menores de 5 anos,clasificacion c,2002-11-01,4304,2287,4304,2287,6591
80303,SANTA ROSA,estado nutricional en menores de 5 anos,clasificacion c,2002-11-01,58,59,58,59,117
70602,SANTA ROSA DEL SARA,estado nutricional en menores de 5 anos,clasificacion c,2002-11-01,35,18,35,18,53
20308,SANTIAGO DE CALLAPA,estado nutricional en menores de 5 anos,clasificacion c,2002-11-01,56,44,56,44,100
41401,SANTIAGO DE HUARI,estado nutricional en menores de 5 anos,clasificacion c,2002-11-01,42,52,42,52,94
21901,SANTIAGO DE MACHACA,estado nutricional en menores de 5 anos,clasificacion c,2002-11-01,22,12,22,12,34
30702,SANTIVAÃ‘ES,estado nutricional en menores de 5 anos,clasificacion c,2002-11-01,64,29,64,29,93
40202,SANTUARIO DE QUILLACAS,estado nutricional en menores de 5 anos,clasificacion c,2002-11-01,12,37,12,37,49
20902,SAPAHAQUI,estado nutricional en menores de 5 anos,clasificacion c,2002-11-01,83,65,83,65,148
90303,SENA,estado nutricional en menores de 5 anos,clasificacion c,2002-11-01,13,6,13,6,19
21301,SICA SICA (VILLA AROMA),estado nutricional en menores de 5 anos,clasificacion c,2002-11-01,167,174,167,174,341
30703,SICAYA,estado nutricional en menores de 5 anos,clasificacion c,2002-11-01,10,3,10,3,13
30902,SIPE SIPE,estado nutricional en menores de 5 anos,clasificacion c,2002-11-01,521,382,521,382,903
10403,SOPACHUY,estado nutricional en menores de 5 anos,clasificacion c,2002-11-01,98,55,98,55,153
20601,SORATA,estado nutricional en menores de 5 anos,clasificacion c,2002-11-01,211,335,211,335,546
10101,SUCRE,estado nutricional en menores de 5 anos,clasificacion c,2002-11-01,1940,1365,1940,1365,3305
31404,TACACHI,estado nutricional en menores de 5 anos,clasificacion c,2002-11-01,15,4,15,4,19
20603,TACACOMA,estado nutricional en menores de 5 anos,clasificacion c,2002-11-01,36,40,36,40,76
50303,TACOBAMBA,estado nutricional en menores de 5 anos,clasificacion c,2002-11-01,124,83,124,83,207
30602,TACOPAYA,estado nutricional en menores de 5 anos,clasificacion c,2002-11-01,124,146,124,146,270
51402,TAHUA,estado nutricional en menores de 5 anos,clasificacion c,2002-11-01,33,27,33,27,60
31101,TAPACARI,estado nutricional en menores de 5 anos,clasificacion c,2002-11-01,139,174,139,174,313
10601,TARABUCO,estado nutricional en menores de 5 anos,clasificacion c,2002-11-01,452,639,452,639,1091
30401,TARATA,estado nutricional en menores de 5 anos,clasificacion c,2002-11-01,66,22,66,22,88
60101,TARIJA,estado nutricional en menores de 5 anos,clasificacion c,2002-11-01,1014,743,1014,743,1757
10202,TARVITA,estado nutricional en menores de 5 anos,clasificacion c,2002-11-01,257,261,257,261,518
20803,TIAWANACU,estado nutricional en menores de 5 anos,clasificacion c,2002-11-01,107,90,107,90,197
50102,TINGUIPAYA,estado nutricional en menores de 5 anos,clasificacion c,2002-11-01,30,87,30,87,117
20606,TIPUANI,estado nutricional en menores de 5 anos,clasificacion c,2002-11-01,103,62,103,62,165
30903,TIQUIPAYA,estado nutricional en menores de 5 anos,clasificacion c,2002-11-01,412,186,412,186,598
31601,TIRAQUE (CBBA),estado nutricional en menores de 5 anos,clasificacion c,2002-11-01,237,279,237,279,516
21703,TITO YUPANQUI (PARQUIPUJIO),estado nutricional en menores de 5 anos,clasificacion c,2002-11-01,3,4,3,4,7
30802,TOCO,estado nutricional en menores de 5 anos,clasificacion c,2002-11-01,12,16,12,16,28
41502,TODOS SANTOS,estado nutricional en menores de 5 anos,clasificacion c,2002-11-01,0,3,0,3,3
30803,TOLATA,estado nutricional en menores de 5 anos,clasificacion c,2002-11-01,22,8,22,8,30
41001,TOLEDO,estado nutricional en menores de 5 anos,clasificacion c,2002-11-01,79,46,79,46,125
51202,TOMAVE,estado nutricional en menores de 5 anos,clasificacion c,2002-11-01,209,205,209,205,414
10402,TOMINA,estado nutricional en menores de 5 anos,clasificacion c,2002-11-01,209,298,209,298,507
50502,TORO TORO,estado nutricional en menores de 5 anos,clasificacion c,2002-11-01,116,128,116,128,244
31201,TOTORA(CBBA),estado nutricional en menores de 5 anos,clasificacion c,2002-11-01,124,55,124,55,179
41301,TOTORA(ORR),estado nutricional en menores de 5 anos,clasificacion c,2002-11-01,45,60,45,60,105
70802,TRIGAL,estado nutricional en menores de 5 anos,clasificacion c,2002-11-01,10,8,10,8,18
80101,TRINIDAD,estado nutricional en menores de 5 anos,clasificacion c,2002-11-01,476,545,476,545,1021
50801,TUPIZA,estado nutricional en menores de 5 anos,clasificacion c,2002-11-01,239,663,239,663,902
40402,TURCO,estado nutricional en menores de 5 anos,clasificacion c,2002-11-01,33,16,33,16,49
21302,UMALA,estado nutricional en menores de 5 anos,clasificacion c,2002-11-01,71,53,71,53,124
50201,UNCIA,estado nutricional en menores de 5 anos,clasificacion c,2002-11-01,58,19,58,19,77
60401,URIONDO (A. CONCEPCION),estado nutricional en menores de 5 anos,clasificacion c,2002-11-01,56,34,56,34,90
71502,URUBICHA,estado nutricional en menores de 5 anos,clasificacion c,2002-11-01,44,59,44,59,103
51201,UYUNI,estado nutricional en menores de 5 anos,clasificacion c,2002-11-01,356,441,356,441,797
30502,VACAS,estado nutricional en menores de 5 anos,clasificacion c,2002-11-01,34,93,34,93,127
70801,VALLEGRANDE,estado nutricional en menores de 5 anos,clasificacion c,2002-11-01,197,172,197,172,369
20801,VIACHA,estado nutricional en menores de 5 anos,clasificacion c,2002-11-01,381,272,381,272,653
31302,VILA VILA,estado nutricional en menores de 5 anos,clasificacion c,2002-11-01,6,23,6,23,29
60303,VILLA MONTES,estado nutricional en menores de 5 anos,clasificacion c,2002-11-01,186,139,186,139,325
90502,VILLA NUEVA (LOMA ALTA),estado nutricional en menores de 5 anos,clasificacion c,2002-11-01,4,4,4,4,8
31402,VILLA RIVERO,estado nutricional en menores de 5 anos,clasificacion c,2002-11-01,65,8,65,8,73
10801,VILLA SERRANO,estado nutricional en menores de 5 anos,clasificacion c,2002-11-01,260,364,260,364,624
31003,VILLA TUNARI,estado nutricional en menores de 5 anos,clasificacion c,2002-11-01,260,163,260,163,423
11001,VILLA VACA GUZMAN (MUYUPAMPA),estado nutricional en menores de 5 anos,clasificacion c,2002-11-01,183,233,183,233,416
51501,VILLAZON,estado nutricional en menores de 5 anos,clasificacion c,2002-11-01,483,383,483,383,866
30904,VINTO,estado nutricional en menores de 5 anos,clasificacion c,2002-11-01,76,25,76,25,101
50602,VITICHI,estado nutricional en menores de 5 anos,clasificacion c,2002-11-01,111,154,111,154,265
20306,WALDO BALLIVIAN,estado nutricional en menores de 5 anos,clasificacion c,2002-11-01,17,8,17,8,25
70201,WARNES,estado nutricional en menores de 5 anos,clasificacion c,2002-11-01,452,269,452,269,721
20903,YACO,estado nutricional en menores de 5 anos,clasificacion c,2002-11-01,30,21,30,21,51
60301,YACUIBA,estado nutricional en menores de 5 anos,clasificacion c,2002-11-01,531,372,531,372,903
10602,YAMPARAEZ,estado nutricional en menores de 5 anos,clasificacion c,2002-11-01,242,401,242,401,643
21103,YANACACHI,estado nutricional en menores de 5 anos,clasificacion c,2002-11-01,58,53,58,53,111
70403,YAPACANI,estado nutricional en menores de 5 anos,clasificacion c,2002-11-01,151,236,151,236,387
50103,YOCALLA,estado nutricional en menores de 5 anos,clasificacion c,2002-11-01,88,134,88,134,222
10102,YOTALA,estado nutricional en menores de 5 anos,clasificacion c,2002-11-01,225,369,225,369,594
60402,YUNCHARA,estado nutricional en menores de 5 anos,clasificacion c,2002-11-01,45,47,45,47,92
10301,ZUDAÃ‘EZ,estado nutricional en menores de 5 anos,clasificacion c,2002-11-01,145,148,145,148,293
51302,ACACIO,estado nutricional en menores de 5 anos,clasificacion c,2002-12-01,25,133,25,133,158
20201,ACHACACHI,estado nutricional en menores de 5 anos,clasificacion c,2002-12-01,490,586,490,586,1076
20104,ACHOCALLA,estado nutricional en menores de 5 anos,clasificacion c,2002-12-01,77,17,77,17,94
30201,AIQUILE,estado nutricional en menores de 5 anos,clasificacion c,2002-12-01,112,117,112,117,229
31303,ALALAY,estado nutricional en menores de 5 anos,clasificacion c,2002-12-01,8,47,8,47,55
10404,ALCALA,estado nutricional en menores de 5 anos,clasificacion c,2002-12-01,53,78,53,78,131
20202,ANCORAIMES,estado nutricional en menores de 5 anos,clasificacion c,2002-12-01,130,128,130,128,258
41201,ANDAMARCA,estado nutricional en menores de 5 anos,clasificacion c,2002-12-01,34,20,34,20,54
40603,ANTEQUERA,estado nutricional en menores de 5 anos,clasificacion c,2002-12-01,7,3,7,3,10
30402,ANZALDO,estado nutricional en menores de 5 anos,clasificacion c,2002-12-01,15,51,15,51,66
20701,APOLO,estado nutricional en menores de 5 anos,clasificacion c,2002-12-01,71,62,71,62,133
51301,ARAMPAMPA,estado nutricional en menores de 5 anos,clasificacion c,2002-12-01,57,91,57,91,148
30501,ARANI,estado nutricional en menores de 5 anos,clasificacion c,2002-12-01,28,33,28,33,61
30403,ARBIETO,estado nutricional en menores de 5 anos,clasificacion c,2002-12-01,13,21,13,21,34
30601,ARQUE,estado nutricional en menores de 5 anos,clasificacion c,2002-12-01,20,32,20,32,52
71501,ASCENCION DE GUARAYOS,estado nutricional en menores de 5 anos,clasificacion c,2002-12-01,12,21,12,21,33
50802,ATOCHA,estado nutricional en menores de 5 anos,clasificacion c,2002-12-01,21,224,21,224,245
20503,AUCAPATA,estado nutricional en menores de 5 anos,clasificacion c,2002-12-01,14,36,14,36,50
20502,AYATA,estado nutricional en menores de 5 anos,clasificacion c,2002-12-01,26,18,26,18,44
21303,AYO AYO,estado nutricional en menores de 5 anos,clasificacion c,2002-12-01,65,19,65,19,84
30301,AYOPAYA (V. DE INDEPENDENCIA),estado nutricional en menores de 5 anos,clasificacion c,2002-12-01,159,99,159,99,258
10201,AZURDUY,estado nutricional en menores de 5 anos,clasificacion c,2002-12-01,170,210,170,210,380
21203,BATALLAS,estado nutricional en menores de 5 anos,clasificacion c,2002-12-01,164,89,164,89,253
80802,BAURES,estado nutricional en menores de 5 anos,clasificacion c,2002-12-01,60,78,60,78,138
41202,BELEN DE ANDAMARCA,estado nutricional en menores de 5 anos,clasificacion c,2002-12-01,5,4,5,4,9
50104,BELEN DE URMIRI,estado nutricional en menores de 5 anos,clasificacion c,2002-12-01,16,18,16,18,34
90104,BELLA FLOR,estado nutricional en menores de 5 anos,clasificacion c,2002-12-01,36,53,36,53,89
60202,BERMEJO,estado nutricional en menores de 5 anos,clasificacion c,2002-12-01,60,52,60,52,112
50301,BETANZOS,estado nutricional en menores de 5 anos,clasificacion c,2002-12-01,229,170,229,170,399
31501,BOLIVAR,estado nutricional en menores de 5 anos,clasificacion c,2002-12-01,38,47,38,47,85
90103,BOLPEBRA,estado nutricional en menores de 5 anos,clasificacion c,2002-12-01,5,5,5,5,10
70707,BOYUIBE,estado nutricional en menores de 5 anos,clasificacion c,2002-12-01,16,33,16,33,49
70703,CABEZAS,estado nutricional en menores de 5 anos,clasificacion c,2002-12-01,66,92,66,92,158
20905,CAIROMA,estado nutricional en menores de 5 anos,clasificacion c,2002-12-01,50,63,50,63,113
51102,"CAIZA ""D""",estado nutricional en menores de 5 anos,clasificacion c,2002-12-01,161,162,161,162,323
21003,CAJUATA,estado nutricional en menores de 5 anos,clasificacion c,2002-12-01,53,39,53,39,92
20303,CALACOTO,estado nutricional en menores de 5 anos,clasificacion c,2002-12-01,47,9,47,9,56
21304,CALAMARCA,estado nutricional en menores de 5 anos,clasificacion c,2002-12-01,195,98,195,98,293
10701,CAMARGO,estado nutricional en menores de 5 anos,clasificacion c,2002-12-01,175,128,175,128,303
10901,CAMATAQUI (C. VILLA ABECIA),estado nutricional en menores de 5 anos,clasificacion c,2002-12-01,56,42,56,42,98
70706,CAMIRI,estado nutricional en menores de 5 anos,clasificacion c,2002-12-01,218,94,218,94,312
30701,CAPINOTA,estado nutricional en menores de 5 anos,clasificacion c,2002-12-01,45,24,45,24,69
20302,CAQUIAVIRI,estado nutricional en menores de 5 anos,clasificacion c,2002-12-01,77,52,77,52,129
40102,CARACOLLO,estado nutricional en menores de 5 anos,clasificacion c,2002-12-01,55,174,55,174,229
22001,CARANAVI,estado nutricional en menores de 5 anos,clasificacion c,2002-12-01,369,366,369,366,735
60302,CARAPARI,estado nutricional en menores de 5 anos,clasificacion c,2002-12-01,87,101,87,101,188
50702,CARIPUYO,estado nutricional en menores de 5 anos,clasificacion c,2002-12-01,84,113,84,113,197
21902,CATACORA,estado nutricional en menores de 5 anos,clasificacion c,2002-12-01,8,5,8,5,13
40201,CHALLAPATA,estado nutricional en menores de 5 anos,clasificacion c,2002-12-01,59,94,59,94,153
50302,CHAQUI,estado nutricional en menores de 5 anos,clasificacion c,2002-12-01,109,53,109,53,162
70702,CHARAGUA,estado nutricional en menores de 5 anos,clasificacion c,2002-12-01,180,499,180,499,679
20305,CHARAÃ‘A,estado nutricional en menores de 5 anos,clasificacion c,2002-12-01,38,10,38,10,48
50202,CHAYANTA,estado nutricional en menores de 5 anos,clasificacion c,2002-12-01,107,116,107,116,223
31204,CHIMORE,estado nutricional en menores de 5 anos,clasificacion c,2002-12-01,32,43,32,43,75
40903,CHIPAYA,estado nutricional en menores de 5 anos,clasificacion c,2002-12-01,0,2,0,2,2
21101,CHULUMANI (V. DE LA LIBERTAD),estado nutricional en menores de 5 anos,clasificacion c,2002-12-01,79,60,79,60,139
20501,CHUMA,estado nutricional en menores de 5 anos,clasificacion c,2002-12-01,42,27,42,27,69
30801,CLIZA,estado nutricional en menores de 5 anos,clasificacion c,2002-12-01,13,4,13,4,17
90101,COBIJA,estado nutricional en menores de 5 anos,clasificacion c,2002-12-01,330,280,330,280,610
30101,COCHABAMBA,estado nutricional en menores de 5 anos,clasificacion c,2002-12-01,1370,916,1370,916,2286
40902,COIPASA,estado nutricional en menores de 5 anos,clasificacion c,2002-12-01,4,8,4,8,12
30905,COLCAPIRHUA,estado nutricional en menores de 5 anos,clasificacion c,2002-12-01,226,79,226,79,305
50901,"COLCHA ""K""",estado nutricional en menores de 5 anos,clasificacion c,2002-12-01,109,81,109,81,190
21307,COLLANA,estado nutricional en menores de 5 anos,clasificacion c,2002-12-01,11,4,11,4,15
31002,COLOMI,estado nutricional en menores de 5 anos,clasificacion c,2002-12-01,260,96,260,96,356
50401,COLQUECHACA,estado nutricional en menores de 5 anos,clasificacion c,2002-12-01,167,148,167,148,315
21306,COLQUENCHA,estado nutricional en menores de 5 anos,clasificacion c,2002-12-01,48,18,48,18,66
21004,COLQUIRI,estado nutricional en menores de 5 anos,clasificacion c,2002-12-01,96,51,96,51,147
20304,COMANCHE,estado nutricional en menores de 5 anos,clasificacion c,2002-12-01,17,10,17,10,27
71301,COMARAPA,estado nutricional en menores de 5 anos,clasificacion c,2002-12-01,161,70,161,70,231
20605,COMBAYA,estado nutricional en menores de 5 anos,clasificacion c,2002-12-01,32,27,32,27,59
71101,CONCEPCION,estado nutricional en menores de 5 anos,clasificacion c,2002-12-01,51,17,51,17,68
21701,COPACABANA,estado nutricional en menores de 5 anos,clasificacion c,2002-12-01,123,46,123,46,169
21402,CORIPATA,estado nutricional en menores de 5 anos,clasificacion c,2002-12-01,6,32,6,32,38
20301,CORO CORO,estado nutricional en menores de 5 anos,clasificacion c,2002-12-01,72,46,72,46,118
21401,COROICO,estado nutricional en menores de 5 anos,clasificacion c,2002-12-01,114,71,114,71,185
40301,CORQUE,estado nutricional en menores de 5 anos,clasificacion c,2002-12-01,57,35,57,35,92
50601,COTAGAITA,estado nutricional en menores de 5 anos,clasificacion c,2002-12-01,230,261,230,261,491
70102,COTOCA,estado nutricional en menores de 5 anos,clasificacion c,2002-12-01,155,70,155,70,225
70704,CUEVO,estado nutricional en menores de 5 anos,clasificacion c,2002-12-01,50,26,50,26,76
10902,CULPINA,estado nutricional en menores de 5 anos,clasificacion c,2002-12-01,325,241,325,241,566
40401,CURAHUARA DE CARANGAS,estado nutricional en menores de 5 anos,clasificacion c,2002-12-01,25,20,25,20,45
21602,CURVA,estado nutricional en menores de 5 anos,clasificacion c,2002-12-01,13,5,13,5,18
20804,DESAGUADERO,estado nutricional en menores de 5 anos,clasificacion c,2002-12-01,20,24,20,24,44
20105,EL ALTO,estado nutricional en menores de 5 anos,clasificacion c,2002-12-01,4906,1692,4906,1692,6598
40103,EL CHORO,estado nutricional en menores de 5 anos,clasificacion c,2002-12-01,37,9,37,9,46
71503,EL PUENTE(STC),estado nutricional en menores de 5 anos,clasificacion c,2002-12-01,49,185,49,185,234
60502,EL PUENTE(TJA),estado nutricional en menores de 5 anos,clasificacion c,2002-12-01,108,172,108,172,280
70105,EL TORNO,estado nutricional en menores de 5 anos,clasificacion c,2002-12-01,207,108,207,108,315
10405,EL VILLAR,estado nutricional en menores de 5 anos,clasificacion c,2002-12-01,94,151,94,151,245
60601,ENTRE RIOS,estado nutricional en menores de 5 anos,clasificacion c,2002-12-01,148,173,148,173,321
40502,ESCARA,estado nutricional en menores de 5 anos,clasificacion c,2002-12-01,2,1,2,1,3
41101,EUCALIPTUS,estado nutricional en menores de 5 anos,clasificacion c,2002-12-01,24,27,24,27,51
90503,EUREKA (SANTOS MERCADO),estado nutricional en menores de 5 anos,clasificacion c,2002-12-01,4,3,4,3,7
80402,EXALTACION,estado nutricional en menores de 5 anos,clasificacion c,2002-12-01,24,61,24,61,85
90203,FILADELFIA,estado nutricional en menores de 5 anos,clasificacion c,2002-12-01,1,0,1,0,1
71002,GENERAL SAAVEDRA,estado nutricional en menores de 5 anos,clasificacion c,2002-12-01,251,301,251,301,552
21601,GRAL. J.J. PEREZ (CHARAZANI),estado nutricional en menores de 5 anos,clasificacion c,2002-12-01,24,13,24,13,37
20602,GUANAY,estado nutricional en menores de 5 anos,clasificacion c,2002-12-01,247,164,247,164,411
20802,GUAQUI,estado nutricional en menores de 5 anos,clasificacion c,2002-12-01,31,15,31,15,46
80202,GUAYARAMERIN,estado nutricional en menores de 5 anos,clasificacion c,2002-12-01,368,196,368,196,564
70705,GUTIERREZ,estado nutricional en menores de 5 anos,clasificacion c,2002-12-01,191,160,191,160,351
10502,HUACARETA,estado nutricional en menores de 5 anos,clasificacion c,2002-12-01,135,176,135,176,311
11002,HUACAYA (VILLA DE HUACAYA),estado nutricional en menores de 5 anos,clasificacion c,2002-12-01,8,13,8,13,21
40501,HUACHACALLA,estado nutricional en menores de 5 anos,clasificacion c,2002-12-01,0,13,0,13,13
40701,HUANUNI,estado nutricional en menores de 5 anos,clasificacion c,2002-12-01,180,117,180,117,297
80803,HUARACAJE,estado nutricional en menores de 5 anos,clasificacion c,2002-12-01,24,8,24,8,32
41601,HUAYLLAMARCA,estado nutricional en menores de 5 anos,clasificacion c,2002-12-01,36,10,36,10,46
21005,ICHOCA,estado nutricional en menores de 5 anos,clasificacion c,2002-12-01,19,32,19,32,51
10304,ICLA,estado nutricional en menores de 5 anos,clasificacion c,2002-12-01,155,255,155,255,410
10703,INCAHUASI,estado nutricional en menores de 5 anos,clasificacion c,2002-12-01,271,110,271,110,381
21001,INQUISIVI,estado nutricional en menores de 5 anos,clasificacion c,2002-12-01,120,81,120,81,201
21102,IRUPANA (VILLA DE LANZA),estado nutricional en menores de 5 anos,clasificacion c,2002-12-01,147,141,147,141,288
21501,IXIAMAS,estado nutricional en menores de 5 anos,clasificacion c,2002-12-01,94,120,94,120,214
21105,LA ASUNTA,estado nutricional en menores de 5 anos,clasificacion c,2002-12-01,100,46,100,46,146
70104,LA GUARDIA,estado nutricional en menores de 5 anos,clasificacion c,2002-12-01,383,161,383,161,544
20101,LA PAZ,estado nutricional en menores de 5 anos,clasificacion c,2002-12-01,3272,1750,3272,1750,5022
41501,LA RIVERA,estado nutricional en menores de 5 anos,clasificacion c,2002-12-01,6,0,6,0,6
70701,LAGUNILLAS,estado nutricional en menores de 5 anos,clasificacion c,2002-12-01,103,107,103,107,210
21202,LAJA,estado nutricional en menores de 5 anos,clasificacion c,2002-12-01,62,35,62,35,97
10903,LAS CARRERAS,estado nutricional en menores de 5 anos,clasificacion c,2002-12-01,62,78,62,78,140
21006,LICOMA PAMPA,estado nutricional en menores de 5 anos,clasificacion c,2002-12-01,21,23,21,23,44
50203,LLALLAGUA,estado nutricional en menores de 5 anos,clasificacion c,2002-12-01,107,535,107,535,642
51401,LLICA,estado nutricional en menores de 5 anos,clasificacion c,2002-12-01,37,42,37,42,79
80601,LORETO,estado nutricional en menores de 5 anos,clasificacion c,2002-12-01,47,83,47,83,130
20901,LURIBAY,estado nutricional en menores de 5 anos,clasificacion c,2002-12-01,57,20,57,20,77
40702,MACHACAMARCA,estado nutricional en menores de 5 anos,clasificacion c,2002-12-01,15,12,15,12,27
11003,MACHARETI,estado nutricional en menores de 5 anos,clasificacion c,2002-12-01,189,280,189,280,469
80801,MAGDALENA,estado nutricional en menores de 5 anos,clasificacion c,2002-12-01,78,86,78,86,164
70903,MAIRANA,estado nutricional en menores de 5 anos,clasificacion c,2002-12-01,92,38,92,38,130
20904,MALLA,estado nutricional en menores de 5 anos,clasificacion c,2002-12-01,5,12,5,12,17
20103,MECAPACA,estado nutricional en menores de 5 anos,clasificacion c,2002-12-01,67,85,67,85,152
71003,MINEROS,estado nutricional en menores de 5 anos,clasificacion c,2002-12-01,442,410,442,410,852
31301,MIZQUE,estado nutricional en menores de 5 anos,clasificacion c,2002-12-01,48,91,48,91,139
20402,MOCOMOCO,estado nutricional en menores de 5 anos,clasificacion c,2002-12-01,102,51,102,51,153
51002,MOJINETE,estado nutricional en menores de 5 anos,clasificacion c,2002-12-01,0,13,0,13,13
10303,MOJOCOYA,estado nutricional en menores de 5 anos,clasificacion c,2002-12-01,164,243,164,243,407
10501,MONTEAGUDO,estado nutricional en menores de 5 anos,clasificacion c,2002-12-01,440,472,440,472,912
71001,MONTERO,estado nutricional en menores de 5 anos,clasificacion c,2002-12-01,923,562,923,562,1485
70803,MORO MORO,estado nutricional en menores de 5 anos,clasificacion c,2002-12-01,25,10,25,10,35
30302,MOROCHATA,estado nutricional en menores de 5 anos,clasificacion c,2002-12-01,126,166,126,166,292
90401,NACEBE (SANTA ROSA DEL ABUNA),estado nutricional en menores de 5 anos,clasificacion c,2002-12-01,0,5,0,5,5
20307,NAZACARA DE PACAJES,estado nutricional en menores de 5 anos,clasificacion c,2002-12-01,7,1,7,1,8
90501,NUEVO MANOA (NUEVA ESPERANZA),estado nutricional en menores de 5 anos,clasificacion c,2002-12-01,3,8,3,8,11
50404,OCURI,estado nutricional en menores de 5 anos,clasificacion c,2002-12-01,74,109,74,109,183
70202,OKINAWA,estado nutricional en menores de 5 anos,clasificacion c,2002-12-01,51,61,51,61,112
30203,OMEREQUE,estado nutricional en menores de 5 anos,clasificacion c,2002-12-01,5,60,5,60,65
40101,ORURO,estado nutricional en menores de 5 anos,clasificacion c,2002-12-01,1555,844,1555,844,2399
60201,PADCAYA,estado nutricional en menores de 5 anos,clasificacion c,2002-12-01,122,166,122,166,288
10401,PADILLA,estado nutricional en menores de 5 anos,clasificacion c,2002-12-01,292,376,292,376,668
70502,PAILON,estado nutricional en menores de 5 anos,clasificacion c,2002-12-01,68,73,68,73,141
20102,PALCA,estado nutricional en menores de 5 anos,clasificacion c,2002-12-01,43,48,43,48,91
21104,PALOS BLANCOS,estado nutricional en menores de 5 anos,clasificacion c,2002-12-01,130,125,130,125,255
40802,PAMPA AULLAGAS,estado nutricional en menores de 5 anos,clasificacion c,2002-12-01,28,25,28,25,53
70902,PAMPA GRANDE,estado nutricional en menores de 5 anos,clasificacion c,2002-12-01,46,29,46,29,75
21802,PAPEL PAMPA,estado nutricional en menores de 5 anos,clasificacion c,2002-12-01,50,47,50,47,97
30202,PASORAPA,estado nutricional en menores de 5 anos,clasificacion c,2002-12-01,48,63,48,63,111
21305,PATACAMAYA,estado nutricional en menores de 5 anos,clasificacion c,2002-12-01,104,37,104,37,141
40602,PAZÃ‘A,estado nutricional en menores de 5 anos,clasificacion c,2002-12-01,28,44,28,44,72
20702,PELECHUCO,estado nutricional en menores de 5 anos,clasificacion c,2002-12-01,20,7,20,7,27
50403,POCOATA,estado nutricional en menores de 5 anos,clasificacion c,2002-12-01,231,252,231,252,483
31203,POCONA,estado nutricional en menores de 5 anos,clasificacion c,2002-12-01,59,41,59,41,100
31202,POJO (CBBA),estado nutricional en menores de 5 anos,clasificacion c,2002-12-01,371,139,371,139,510
40601,POOPO,estado nutricional en menores de 5 anos,clasificacion c,2002-12-01,33,20,33,20,53
51203,PORCO,estado nutricional en menores de 5 anos,clasificacion c,2002-12-01,19,10,19,10,29
10103,POROMA,estado nutricional en menores de 5 anos,clasificacion c,2002-12-01,152,126,152,126,278
70103,PORONGO,estado nutricional en menores de 5 anos,clasificacion c,2002-12-01,31,39,31,39,70
70601,PORTACHUELO,estado nutricional en menores de 5 anos,clasificacion c,2002-12-01,525,136,525,136,661
90102,PORVENIR,estado nutricional en menores de 5 anos,clasificacion c,2002-12-01,63,61,63,61,124
70804,POSTRER VALLE,estado nutricional en menores de 5 anos,clasificacion c,2002-12-01,8,21,8,21,29
50101,POTOSI,estado nutricional en menores de 5 anos,clasificacion c,2002-12-01,1152,384,1152,384,1536
10302,PRESTO,estado nutricional en menores de 5 anos,clasificacion c,2002-12-01,137,95,137,95,232
21201,PUCARANI,estado nutricional en menores de 5 anos,clasificacion c,2002-12-01,33,36,33,36,69
20401,PUERTO ACOSTA,estado nutricional en menores de 5 anos,clasificacion c,2002-12-01,113,136,113,136,249
20403,PUERTO CARABUCO,estado nutricional en menores de 5 anos,clasificacion c,2002-12-01,101,101,101,101,202
90301,PUERTO GONZALO MORENO,estado nutricional en menores de 5 anos,clasificacion c,2002-12-01,8,13,8,13,21
21204,PUERTO PEREZ,estado nutricional en menores de 5 anos,clasificacion c,2002-12-01,35,40,35,40,75
71402,PUERTO QUIJARRO,estado nutricional en menores de 5 anos,clasificacion c,2002-12-01,157,35,157,35,192
90201,PUERTO RICO,estado nutricional en menores de 5 anos,clasificacion c,2002-12-01,14,69,14,69,83
80703,PUERTO SILES,estado nutricional en menores de 5 anos,clasificacion c,2002-12-01,4,7,4,7,11
71401,PUERTO SUAREZ,estado nutricional en menores de 5 anos,clasificacion c,2002-12-01,151,37,151,37,188
31205,PUERTO VILLARROEL,estado nutricional en menores de 5 anos,clasificacion c,2002-12-01,267,222,267,222,489
51101,PUNA,estado nutricional en menores de 5 anos,clasificacion c,2002-12-01,152,51,152,51,203
31401,PUNATA,estado nutricional en menores de 5 anos,clasificacion c,2002-12-01,315,49,315,49,364
30901,QUILLACOLLO,estado nutricional en menores de 5 anos,clasificacion c,2002-12-01,165,204,165,204,369
21002,QUIME,estado nutricional en menores de 5 anos,clasificacion c,2002-12-01,103,80,103,80,183
70904,QUIRUSILLAS,estado nutricional en menores de 5 anos,clasificacion c,2002-12-01,12,13,12,13,25
50402,RAVELO,estado nutricional en menores de 5 anos,clasificacion c,2002-12-01,285,237,285,237,522
80301,REYES,estado nutricional en menores de 5 anos,clasificacion c,2002-12-01,92,61,92,61,153
80201,RIBERALTA,estado nutricional en menores de 5 anos,clasificacion c,2002-12-01,883,363,883,363,1246
70503,ROBORE,estado nutricional en menores de 5 anos,clasificacion c,2002-12-01,138,71,138,71,209
80304,RURRENABAQUE,estado nutricional en menores de 5 anos,clasificacion c,2002-12-01,132,67,132,67,199
40901,SABAYA,estado nutricional en menores de 5 anos,clasificacion c,2002-12-01,9,15,9,15,24
31001,SACABA,estado nutricional en menores de 5 anos,clasificacion c,2002-12-01,244,172,244,172,416
30404,SACABAMBA,estado nutricional en menores de 5 anos,clasificacion c,2002-12-01,16,36,16,36,52
50701,SACACA,estado nutricional en menores de 5 anos,clasificacion c,2002-12-01,92,205,92,205,297
71302,SAIPINA,estado nutricional en menores de 5 anos,clasificacion c,2002-12-01,56,54,56,54,110
40801,SALINAS DE GARCI MENDOZA,estado nutricional en menores de 5 anos,clasificacion c,2002-12-01,56,80,56,80,136
70901,SAMAIPATA,estado nutricional en menores de 5 anos,clasificacion c,2002-12-01,121,76,121,76,197
51601,SAN AGUSTIN,estado nutricional en menores de 5 anos,clasificacion c,2002-12-01,23,51,23,51,74
80602,SAN ANDRES,estado nutricional en menores de 5 anos,clasificacion c,2002-12-01,65,46,65,46,111
51003,SAN ANTONIO DE ESMORUCO,estado nutricional en menores de 5 anos,clasificacion c,2002-12-01,9,14,9,14,23
71105,SAN ANTONIO DE LOMERIO,estado nutricional en menores de 5 anos,clasificacion c,2002-12-01,102,116,102,116,218
31403,SAN BENITO,estado nutricional en menores de 5 anos,clasificacion c,2002-12-01,42,17,42,17,59
80302,SAN BORJA,estado nutricional en menores de 5 anos,clasificacion c,2002-12-01,417,262,417,262,679
21502,SAN BUENA VENTURA,estado nutricional en menores de 5 anos,clasificacion c,2002-12-01,89,58,89,58,147
70402,SAN CARLOS,estado nutricional en menores de 5 anos,clasificacion c,2002-12-01,104,71,104,71,175
80501,SAN IGNACIO,estado nutricional en menores de 5 anos,clasificacion c,2002-12-01,158,88,158,88,246
70301,SAN IGNACIO DE VELASCO,estado nutricional en menores de 5 anos,clasificacion c,2002-12-01,523,439,523,439,962
80102,SAN JAVIER(BNI),estado nutricional en menores de 5 anos,clasificacion c,2002-12-01,5,5,5,5,10
71102,SAN JAVIER(STC),estado nutricional en menores de 5 anos,clasificacion c,2002-12-01,126,117,126,117,243
80701,SAN JOAQUIN,estado nutricional en menores de 5 anos,clasificacion c,2002-12-01,10,5,10,5,15
70501,SAN JOSE DE CHIQUITOS,estado nutricional en menores de 5 anos,clasificacion c,2002-12-01,106,39,106,39,145
71104,SAN JULIAN,estado nutricional en menores de 5 anos,clasificacion c,2002-12-01,378,436,378,436,814
90302,SAN LORENZO(PND),estado nutricional en menores de 5 anos,clasificacion c,2002-12-01,19,20,19,20,39
60501,SAN LORENZO(TJA),estado nutricional en menores de 5 anos,clasificacion c,2002-12-01,184,237,184,237,421
10702,SAN LUCAS,estado nutricional en menores de 5 anos,clasificacion c,2002-12-01,572,504,572,504,1076
70302,SAN MIGUEL DE VELASCO,estado nutricional en menores de 5 anos,clasificacion c,2002-12-01,122,124,122,124,246
51001,SAN PABLO DE LIPEZ,estado nutricional en menores de 5 anos,clasificacion c,2002-12-01,14,24,14,24,38
50501,SAN PEDRO DE BUENA VISTA,estado nutricional en menores de 5 anos,clasificacion c,2002-12-01,122,135,122,135,257
21801,SAN PEDRO DE CURAHUARA,estado nutricional en menores de 5 anos,clasificacion c,2002-12-01,36,74,36,74,110
50902,SAN PEDRO DE QUEMES,estado nutricional en menores de 5 anos,clasificacion c,2002-12-01,12,9,12,9,21
21702,SAN PEDRO DE TIQUINA,estado nutricional en menores de 5 anos,clasificacion c,2002-12-01,33,47,33,47,80
70303,SAN RAFAEL,estado nutricional en menores de 5 anos,clasificacion c,2002-12-01,60,29,60,29,89
80702,SAN RAMON,estado nutricional en menores de 5 anos,clasificacion c,2002-12-01,28,33,28,33,61
80702,SAN RAMON,estado nutricional en menores de 5 anos,clasificacion c,2002-12-01,94,70,94,70,164
80401,SANTA ANA,estado nutricional en menores de 5 anos,clasificacion c,2002-12-01,69,103,69,103,172
70101,SANTA CRUZ DE LA SIERRA,estado nutricional en menores de 5 anos,clasificacion c,2002-12-01,3186,1386,3186,1386,4572
80303,SANTA ROSA,estado nutricional en menores de 5 anos,clasificacion c,2002-12-01,58,39,58,39,97
70602,SANTA ROSA DEL SARA,estado nutricional en menores de 5 anos,clasificacion c,2002-12-01,66,57,66,57,123
20308,SANTIAGO DE CALLAPA,estado nutricional en menores de 5 anos,clasificacion c,2002-12-01,71,50,71,50,121
41401,SANTIAGO DE HUARI,estado nutricional en menores de 5 anos,clasificacion c,2002-12-01,26,36,26,36,62
21901,SANTIAGO DE MACHACA,estado nutricional en menores de 5 anos,clasificacion c,2002-12-01,20,7,20,7,27
30702,SANTIVAÃ‘ES,estado nutricional en menores de 5 anos,clasificacion c,2002-12-01,19,4,19,4,23
40202,SANTUARIO DE QUILLACAS,estado nutricional en menores de 5 anos,clasificacion c,2002-12-01,39,13,39,13,52
20902,SAPAHAQUI,estado nutricional en menores de 5 anos,clasificacion c,2002-12-01,51,28,51,28,79
90303,SENA,estado nutricional en menores de 5 anos,clasificacion c,2002-12-01,7,0,7,0,7
21301,SICA SICA (VILLA AROMA),estado nutricional en menores de 5 anos,clasificacion c,2002-12-01,120,135,120,135,255
30703,SICAYA,estado nutricional en menores de 5 anos,clasificacion c,2002-12-01,4,14,4,14,18
30902,SIPE SIPE,estado nutricional en menores de 5 anos,clasificacion c,2002-12-01,334,182,334,182,516
10403,SOPACHUY,estado nutricional en menores de 5 anos,clasificacion c,2002-12-01,97,95,97,95,192
20601,SORATA,estado nutricional en menores de 5 anos,clasificacion c,2002-12-01,134,206,134,206,340
10101,SUCRE,estado nutricional en menores de 5 anos,clasificacion c,2002-12-01,1434,983,1434,983,2417
31404,TACACHI,estado nutricional en menores de 5 anos,clasificacion c,2002-12-01,3,10,3,10,13
20603,TACACOMA,estado nutricional en menores de 5 anos,clasificacion c,2002-12-01,52,90,52,90,142
50303,TACOBAMBA,estado nutricional en menores de 5 anos,clasificacion c,2002-12-01,94,87,94,87,181
30602,TACOPAYA,estado nutricional en menores de 5 anos,clasificacion c,2002-12-01,51,25,51,25,76
51402,TAHUA,estado nutricional en menores de 5 anos,clasificacion c,2002-12-01,15,21,15,21,36
31101,TAPACARI,estado nutricional en menores de 5 anos,clasificacion c,2002-12-01,82,184,82,184,266
10601,TARABUCO,estado nutricional en menores de 5 anos,clasificacion c,2002-12-01,450,587,450,587,1037
30401,TARATA,estado nutricional en menores de 5 anos,clasificacion c,2002-12-01,62,33,62,33,95
60101,TARIJA,estado nutricional en menores de 5 anos,clasificacion c,2002-12-01,909,590,909,590,1499
10202,TARVITA,estado nutricional en menores de 5 anos,clasificacion c,2002-12-01,191,361,191,361,552
20803,TIAWANACU,estado nutricional en menores de 5 anos,clasificacion c,2002-12-01,111,60,111,60,171
50102,TINGUIPAYA,estado nutricional en menores de 5 anos,clasificacion c,2002-12-01,51,98,51,98,149
20606,TIPUANI,estado nutricional en menores de 5 anos,clasificacion c,2002-12-01,78,52,78,52,130
30903,TIQUIPAYA,estado nutricional en menores de 5 anos,clasificacion c,2002-12-01,104,199,104,199,303
31601,TIRAQUE (CBBA),estado nutricional en menores de 5 anos,clasificacion c,2002-12-01,247,295,247,295,542
21703,TITO YUPANQUI (PARQUIPUJIO),estado nutricional en menores de 5 anos,clasificacion c,2002-12-01,8,16,8,16,24
30802,TOCO,estado nutricional en menores de 5 anos,clasificacion c,2002-12-01,6,3,6,3,9
41502,TODOS SANTOS,estado nutricional en menores de 5 anos,clasificacion c,2002-12-01,0,4,0,4,4
30803,TOLATA,estado nutricional en menores de 5 anos,clasificacion c,2002-12-01,13,2,13,2,15
41001,TOLEDO,estado nutricional en menores de 5 anos,clasificacion c,2002-12-01,72,11,72,11,83
51202,TOMAVE,estado nutricional en menores de 5 anos,clasificacion c,2002-12-01,113,70,113,70,183
10402,TOMINA,estado nutricional en menores de 5 anos,clasificacion c,2002-12-01,179,247,179,247,426
50502,TORO TORO,estado nutricional en menores de 5 anos,clasificacion c,2002-12-01,111,146,111,146,257
31201,TOTORA(CBBA),estado nutricional en menores de 5 anos,clasificacion c,2002-12-01,95,54,95,54,149
41301,TOTORA(ORR),estado nutricional en menores de 5 anos,clasificacion c,2002-12-01,30,56,30,56,86
70802,TRIGAL,estado nutricional en menores de 5 anos,clasificacion c,2002-12-01,9,9,9,9,18
80101,TRINIDAD,estado nutricional en menores de 5 anos,clasificacion c,2002-12-01,370,607,370,607,977
50801,TUPIZA,estado nutricional en menores de 5 anos,clasificacion c,2002-12-01,198,650,198,650,848
40402,TURCO,estado nutricional en menores de 5 anos,clasificacion c,2002-12-01,33,45,33,45,78
21302,UMALA,estado nutricional en menores de 5 anos,clasificacion c,2002-12-01,53,48,53,48,101
50201,UNCIA,estado nutricional en menores de 5 anos,clasificacion c,2002-12-01,43,6,43,6,49
60401,URIONDO (A. CONCEPCION),estado nutricional en menores de 5 anos,clasificacion c,2002-12-01,101,74,101,74,175
71502,URUBICHA,estado nutricional en menores de 5 anos,clasificacion c,2002-12-01,78,122,78,122,200
51201,UYUNI,estado nutricional en menores de 5 anos,clasificacion c,2002-12-01,270,205,270,205,475
30502,VACAS,estado nutricional en menores de 5 anos,clasificacion c,2002-12-01,31,77,31,77,108
70801,VALLEGRANDE,estado nutricional en menores de 5 anos,clasificacion c,2002-12-01,183,124,183,124,307
20801,VIACHA,estado nutricional en menores de 5 anos,clasificacion c,2002-12-01,260,222,260,222,482
31302,VILA VILA,estado nutricional en menores de 5 anos,clasificacion c,2002-12-01,15,45,15,45,60
60303,VILLA MONTES,estado nutricional en menores de 5 anos,clasificacion c,2002-12-01,123,103,123,103,226
90502,VILLA NUEVA (LOMA ALTA),estado nutricional en menores de 5 anos,clasificacion c,2002-12-01,3,0,3,0,3
31402,VILLA RIVERO,estado nutricional en menores de 5 anos,clasificacion c,2002-12-01,22,14,22,14,36
10801,VILLA SERRANO,estado nutricional en menores de 5 anos,clasificacion c,2002-12-01,229,346,229,346,575
31003,VILLA TUNARI,estado nutricional en menores de 5 anos,clasificacion c,2002-12-01,194,123,194,123,317
11001,VILLA VACA GUZMAN (MUYUPAMPA),estado nutricional en menores de 5 anos,clasificacion c,2002-12-01,175,210,175,210,385
51501,VILLAZON,estado nutricional en menores de 5 anos,clasificacion c,2002-12-01,380,296,380,296,676
30904,VINTO,estado nutricional en menores de 5 anos,clasificacion c,2002-12-01,113,34,113,34,147
50602,VITICHI,estado nutricional en menores de 5 anos,clasificacion c,2002-12-01,162,152,162,152,314
20306,WALDO BALLIVIAN,estado nutricional en menores de 5 anos,clasificacion c,2002-12-01,16,4,16,4,20
70201,WARNES,estado nutricional en menores de 5 anos,clasificacion c,2002-12-01,333,202,333,202,535
20903,YACO,estado nutricional en menores de 5 anos,clasificacion c,2002-12-01,31,29,31,29,60
60301,YACUIBA,estado nutricional en menores de 5 anos,clasificacion c,2002-12-01,491,248,491,248,739
10602,YAMPARAEZ,estado nutricional en menores de 5 anos,clasificacion c,2002-12-01,266,432,266,432,698
21103,YANACACHI,estado nutricional en menores de 5 anos,clasificacion c,2002-12-01,34,37,34,37,71
50103,YOCALLA,estado nutricional en menores de 5 anos,clasificacion c,2002-12-01,44,48,44,48,92
10102,YOTALA,estado nutricional en menores de 5 anos,clasificacion c,2002-12-01,190,329,190,329,519
60402,YUNCHARA,estado nutricional en menores de 5 anos,clasificacion c,2002-12-01,35,43,35,43,78
10301,ZUDAÃ‘EZ,estado nutricional en menores de 5 anos,clasificacion c,2002-12-01,130,160,130,160,290
51302,ACACIO,estado nutricional en menores de 5 anos,clasificacion c,2003-01-01,100,131,100,131,231
20201,ACHACACHI,estado nutricional en menores de 5 anos,clasificacion c,2003-01-01,575,635,575,635,1210
20104,ACHOCALLA,estado nutricional en menores de 5 anos,clasificacion c,2003-01-01,62,27,62,27,89
30201,AIQUILE,estado nutricional en menores de 5 anos,clasificacion c,2003-01-01,89,65,89,65,154
31303,ALALAY,estado nutricional en menores de 5 anos,clasificacion c,2003-01-01,33,4,33,4,37
10404,ALCALA,estado nutricional en menores de 5 anos,clasificacion c,2003-01-01,68,79,68,79,147
20202,ANCORAIMES,estado nutricional en menores de 5 anos,clasificacion c,2003-01-01,258,349,258,349,607
41201,ANDAMARCA,estado nutricional en menores de 5 anos,clasificacion c,2003-01-01,22,10,22,10,32
40603,ANTEQUERA,estado nutricional en menores de 5 anos,clasificacion c,2003-01-01,12,10,12,10,22
30402,ANZALDO,estado nutricional en menores de 5 anos,clasificacion c,2003-01-01,36,46,36,46,82
20701,APOLO,estado nutricional en menores de 5 anos,clasificacion c,2003-01-01,99,66,99,66,165
51301,ARAMPAMPA,estado nutricional en menores de 5 anos,clasificacion c,2003-01-01,71,96,71,96,167
30501,ARANI,estado nutricional en menores de 5 anos,clasificacion c,2003-01-01,23,34,23,34,57
30403,ARBIETO,estado nutricional en menores de 5 anos,clasificacion c,2003-01-01,30,36,30,36,66
30601,ARQUE,estado nutricional en menores de 5 anos,clasificacion c,2003-01-01,49,40,49,40,89
50802,ATOCHA,estado nutricional en menores de 5 anos,clasificacion c,2003-01-01,57,320,57,320,377
20503,AUCAPATA,estado nutricional en menores de 5 anos,clasificacion c,2003-01-01,7,5,7,5,12
20502,AYATA,estado nutricional en menores de 5 anos,clasificacion c,2003-01-01,51,13,51,13,64
21303,AYO AYO,estado nutricional en menores de 5 anos,clasificacion c,2003-01-01,98,10,98,10,108
30301,AYOPAYA (V. DE INDEPENDENCIA),estado nutricional en menores de 5 anos,clasificacion c,2003-01-01,108,111,108,111,219
10201,AZURDUY,estado nutricional en menores de 5 anos,clasificacion c,2003-01-01,201,183,201,183,384
21203,BATALLAS,estado nutricional en menores de 5 anos,clasificacion c,2003-01-01,121,109,121,109,230
80802,BAURES,estado nutricional en menores de 5 anos,clasificacion c,2003-01-01,58,63,58,63,121
41202,BELEN DE ANDAMARCA,estado nutricional en menores de 5 anos,clasificacion c,2003-01-01,6,2,6,2,8
50104,BELEN DE URMIRI,estado nutricional en menores de 5 anos,clasificacion c,2003-01-01,8,24,8,24,32
90104,BELLA FLOR,estado nutricional en menores de 5 anos,clasificacion c,2003-01-01,39,78,39,78,117
60202,BERMEJO,estado nutricional en menores de 5 anos,clasificacion c,2003-01-01,44,67,44,67,111
50301,BETANZOS,estado nutricional en menores de 5 anos,clasificacion c,2003-01-01,511,315,511,315,826
31501,BOLIVAR,estado nutricional en menores de 5 anos,clasificacion c,2003-01-01,66,45,66,45,111
90103,BOLPEBRA,estado nutricional en menores de 5 anos,clasificacion c,2003-01-01,8,10,8,10,18
70707,BOYUIBE,estado nutricional en menores de 5 anos,clasificacion c,2003-01-01,8,77,8,77,85
70401,BUENA VISTA,estado nutricional en menores de 5 anos,clasificacion c,2003-01-01,182,134,182,134,316
70703,CABEZAS,estado nutricional en menores de 5 anos,clasificacion c,2003-01-01,95,140,95,140,235
20905,CAIROMA,estado nutricional en menores de 5 anos,clasificacion c,2003-01-01,44,15,44,15,59
51102,"CAIZA ""D""",estado nutricional en menores de 5 anos,clasificacion c,2003-01-01,194,147,194,147,341
21003,CAJUATA,estado nutricional en menores de 5 anos,clasificacion c,2003-01-01,101,39,101,39,140
20303,CALACOTO,estado nutricional en menores de 5 anos,clasificacion c,2003-01-01,18,8,18,8,26
21304,CALAMARCA,estado nutricional en menores de 5 anos,clasificacion c,2003-01-01,144,68,144,68,212
10701,CAMARGO,estado nutricional en menores de 5 anos,clasificacion c,2003-01-01,215,166,215,166,381
10901,CAMATAQUI (C. VILLA ABECIA),estado nutricional en menores de 5 anos,clasificacion c,2003-01-01,49,29,49,29,78
70706,CAMIRI,estado nutricional en menores de 5 anos,clasificacion c,2003-01-01,335,204,335,204,539
30701,CAPINOTA,estado nutricional en menores de 5 anos,clasificacion c,2003-01-01,56,32,56,32,88
20302,CAQUIAVIRI,estado nutricional en menores de 5 anos,clasificacion c,2003-01-01,101,61,101,61,162
40102,CARACOLLO,estado nutricional en menores de 5 anos,clasificacion c,2003-01-01,112,184,112,184,296
22001,CARANAVI,estado nutricional en menores de 5 anos,clasificacion c,2003-01-01,460,208,460,208,668
41503,CARANGAS,estado nutricional en menores de 5 anos,clasificacion c,2003-01-01,6,4,6,4,10
60302,CARAPARI,estado nutricional en menores de 5 anos,clasificacion c,2003-01-01,150,135,150,135,285
50702,CARIPUYO,estado nutricional en menores de 5 anos,clasificacion c,2003-01-01,97,108,97,108,205
21902,CATACORA,estado nutricional en menores de 5 anos,clasificacion c,2003-01-01,13,10,13,10,23
40201,CHALLAPATA,estado nutricional en menores de 5 anos,clasificacion c,2003-01-01,116,167,116,167,283
50302,CHAQUI,estado nutricional en menores de 5 anos,clasificacion c,2003-01-01,149,87,149,87,236
70702,CHARAGUA,estado nutricional en menores de 5 anos,clasificacion c,2003-01-01,235,371,235,371,606
20305,CHARAÃ‘A,estado nutricional en menores de 5 anos,clasificacion c,2003-01-01,41,36,41,36,77
50202,CHAYANTA,estado nutricional en menores de 5 anos,clasificacion c,2003-01-01,104,48,104,48,152
31204,CHIMORE,estado nutricional en menores de 5 anos,clasificacion c,2003-01-01,85,91,85,91,176
40903,CHIPAYA,estado nutricional en menores de 5 anos,clasificacion c,2003-01-01,9,7,9,7,16
40302,CHOQUE COTA,estado nutricional en menores de 5 anos,clasificacion c,2003-01-01,21,23,21,23,44
21101,CHULUMANI (V. DE LA LIBERTAD),estado nutricional en menores de 5 anos,clasificacion c,2003-01-01,46,49,46,49,95
20501,CHUMA,estado nutricional en menores de 5 anos,clasificacion c,2003-01-01,28,12,28,12,40
30801,CLIZA,estado nutricional en menores de 5 anos,clasificacion c,2003-01-01,86,31,86,31,117
90101,COBIJA,estado nutricional en menores de 5 anos,clasificacion c,2003-01-01,355,183,355,183,538
30101,COCHABAMBA,estado nutricional en menores de 5 anos,clasificacion c,2003-01-01,2212,1116,2212,1116,3328
30905,COLCAPIRHUA,estado nutricional en menores de 5 anos,clasificacion c,2003-01-01,256,107,256,107,363
50901,"COLCHA ""K""",estado nutricional en menores de 5 anos,clasificacion c,2003-01-01,117,147,117,147,264
21307,COLLANA,estado nutricional en menores de 5 anos,clasificacion c,2003-01-01,11,12,11,12,23
31002,COLOMI,estado nutricional en menores de 5 anos,clasificacion c,2003-01-01,280,113,280,113,393
50401,COLQUECHACA,estado nutricional en menores de 5 anos,clasificacion c,2003-01-01,163,107,163,107,270
21306,COLQUENCHA,estado nutricional en menores de 5 anos,clasificacion c,2003-01-01,53,21,53,21,74
21004,COLQUIRI,estado nutricional en menores de 5 anos,clasificacion c,2003-01-01,145,95,145,95,240
20304,COMANCHE,estado nutricional en menores de 5 anos,clasificacion c,2003-01-01,12,10,12,10,22
71301,COMARAPA,estado nutricional en menores de 5 anos,clasificacion c,2003-01-01,188,94,188,94,282
20605,COMBAYA,estado nutricional en menores de 5 anos,clasificacion c,2003-01-01,26,23,26,23,49
71101,CONCEPCION,estado nutricional en menores de 5 anos,clasificacion c,2003-01-01,28,10,28,10,38
21701,COPACABANA,estado nutricional en menores de 5 anos,clasificacion c,2003-01-01,69,75,69,75,144
21402,CORIPATA,estado nutricional en menores de 5 anos,clasificacion c,2003-01-01,21,27,21,27,48
20301,CORO CORO,estado nutricional en menores de 5 anos,clasificacion c,2003-01-01,87,75,87,75,162
21401,COROICO,estado nutricional en menores de 5 anos,clasificacion c,2003-01-01,81,83,81,83,164
40301,CORQUE,estado nutricional en menores de 5 anos,clasificacion c,2003-01-01,28,13,28,13,41
50601,COTAGAITA,estado nutricional en menores de 5 anos,clasificacion c,2003-01-01,225,342,225,342,567
70102,COTOCA,estado nutricional en menores de 5 anos,clasificacion c,2003-01-01,371,99,371,99,470
31405,CUCHUMUELA (V. G. VILLARROEL),estado nutricional en menores de 5 anos,clasificacion c,2003-01-01,20,6,20,6,26
70704,CUEVO,estado nutricional en menores de 5 anos,clasificacion c,2003-01-01,48,27,48,27,75
10902,CULPINA,estado nutricional en menores de 5 anos,clasificacion c,2003-01-01,296,313,296,313,609
40401,CURAHUARA DE CARANGAS,estado nutricional en menores de 5 anos,clasificacion c,2003-01-01,33,45,33,45,78
21602,CURVA,estado nutricional en menores de 5 anos,clasificacion c,2003-01-01,23,16,23,16,39
20804,DESAGUADERO,estado nutricional en menores de 5 anos,clasificacion c,2003-01-01,50,37,50,37,87
20105,EL ALTO,estado nutricional en menores de 5 anos,clasificacion c,2003-01-01,6179,2253,6179,2253,8432
40103,EL CHORO,estado nutricional en menores de 5 anos,clasificacion c,2003-01-01,24,6,24,6,30
71503,EL PUENTE(STC),estado nutricional en menores de 5 anos,clasificacion c,2003-01-01,28,206,28,206,234
60502,EL PUENTE(TJA),estado nutricional en menores de 5 anos,clasificacion c,2003-01-01,73,114,73,114,187
70105,EL TORNO,estado nutricional en menores de 5 anos,clasificacion c,2003-01-01,312,190,312,190,502
10405,EL VILLAR,estado nutricional en menores de 5 anos,clasificacion c,2003-01-01,89,138,89,138,227
60601,ENTRE RIOS,estado nutricional en menores de 5 anos,clasificacion c,2003-01-01,214,225,214,225,439
40502,ESCARA,estado nutricional en menores de 5 anos,clasificacion c,2003-01-01,4,8,4,8,12
41101,EUCALIPTUS,estado nutricional en menores de 5 anos,clasificacion c,2003-01-01,35,42,35,42,77
90503,EUREKA (SANTOS MERCADO),estado nutricional en menores de 5 anos,clasificacion c,2003-01-01,0,5,0,5,5
80402,EXALTACION,estado nutricional en menores de 5 anos,clasificacion c,2003-01-01,18,19,18,19,37
90203,FILADELFIA,estado nutricional en menores de 5 anos,clasificacion c,2003-01-01,12,35,12,35,47
71002,GENERAL SAAVEDRA,estado nutricional en menores de 5 anos,clasificacion c,2003-01-01,316,370,316,370,686
21601,GRAL. J.J. PEREZ (CHARAZANI),estado nutricional en menores de 5 anos,clasificacion c,2003-01-01,6,1,6,1,7
20602,GUANAY,estado nutricional en menores de 5 anos,clasificacion c,2003-01-01,338,238,338,238,576
20802,GUAQUI,estado nutricional en menores de 5 anos,clasificacion c,2003-01-01,37,7,37,7,44
80202,GUAYARAMERIN,estado nutricional en menores de 5 anos,clasificacion c,2003-01-01,506,287,506,287,793
70705,GUTIERREZ,estado nutricional en menores de 5 anos,clasificacion c,2003-01-01,233,245,233,245,478
10502,HUACARETA,estado nutricional en menores de 5 anos,clasificacion c,2003-01-01,131,213,131,213,344
11002,HUACAYA (VILLA DE HUACAYA),estado nutricional en menores de 5 anos,clasificacion c,2003-01-01,34,59,34,59,93
40501,HUACHACALLA,estado nutricional en menores de 5 anos,clasificacion c,2003-01-01,3,10,3,10,13
40701,HUANUNI,estado nutricional en menores de 5 anos,clasificacion c,2003-01-01,295,102,295,102,397
80803,HUARACAJE,estado nutricional en menores de 5 anos,clasificacion c,2003-01-01,44,15,44,15,59
41601,HUAYLLAMARCA,estado nutricional en menores de 5 anos,clasificacion c,2003-01-01,66,58,66,58,124
21005,ICHOCA,estado nutricional en menores de 5 anos,clasificacion c,2003-01-01,44,74,44,74,118
10304,ICLA,estado nutricional en menores de 5 anos,clasificacion c,2003-01-01,76,123,76,123,199
10703,INCAHUASI,estado nutricional en menores de 5 anos,clasificacion c,2003-01-01,337,188,337,188,525
21001,INQUISIVI,estado nutricional en menores de 5 anos,clasificacion c,2003-01-01,146,173,146,173,319
21102,IRUPANA (VILLA DE LANZA),estado nutricional en menores de 5 anos,clasificacion c,2003-01-01,205,245,205,245,450
21501,IXIAMAS,estado nutricional en menores de 5 anos,clasificacion c,2003-01-01,88,111,88,111,199
21105,LA ASUNTA,estado nutricional en menores de 5 anos,clasificacion c,2003-01-01,139,69,139,69,208
70104,LA GUARDIA,estado nutricional en menores de 5 anos,clasificacion c,2003-01-01,618,345,618,345,963
20101,LA PAZ,estado nutricional en menores de 5 anos,clasificacion c,2003-01-01,4772,2472,4772,2472,7244
41501,LA RIVERA,estado nutricional en menores de 5 anos,clasificacion c,2003-01-01,9,0,9,0,9
70701,LAGUNILLAS,estado nutricional en menores de 5 anos,clasificacion c,2003-01-01,128,150,128,150,278
21202,LAJA,estado nutricional en menores de 5 anos,clasificacion c,2003-01-01,72,40,72,40,112
10903,LAS CARRERAS,estado nutricional en menores de 5 anos,clasificacion c,2003-01-01,69,94,69,94,163
21006,LICOMA PAMPA,estado nutricional en menores de 5 anos,clasificacion c,2003-01-01,26,14,26,14,40
50203,LLALLAGUA,estado nutricional en menores de 5 anos,clasificacion c,2003-01-01,108,1032,108,1032,1140
51401,LLICA,estado nutricional en menores de 5 anos,clasificacion c,2003-01-01,47,38,47,38,85
80601,LORETO,estado nutricional en menores de 5 anos,clasificacion c,2003-01-01,52,62,52,62,114
20901,LURIBAY,estado nutricional en menores de 5 anos,clasificacion c,2003-01-01,100,60,100,60,160
40702,MACHACAMARCA,estado nutricional en menores de 5 anos,clasificacion c,2003-01-01,49,12,49,12,61
11003,MACHARETI,estado nutricional en menores de 5 anos,clasificacion c,2003-01-01,168,252,168,252,420
80801,MAGDALENA,estado nutricional en menores de 5 anos,clasificacion c,2003-01-01,141,86,141,86,227
70903,MAIRANA,estado nutricional en menores de 5 anos,clasificacion c,2003-01-01,143,57,143,57,200
20904,MALLA,estado nutricional en menores de 5 anos,clasificacion c,2003-01-01,5,9,5,9,14
20103,MECAPACA,estado nutricional en menores de 5 anos,clasificacion c,2003-01-01,103,100,103,100,203
71003,MINEROS,estado nutricional en menores de 5 anos,clasificacion c,2003-01-01,722,602,722,602,1324
31301,MIZQUE,estado nutricional en menores de 5 anos,clasificacion c,2003-01-01,65,21,65,21,86
20402,MOCOMOCO,estado nutricional en menores de 5 anos,clasificacion c,2003-01-01,143,40,143,40,183
51002,MOJINETE,estado nutricional en menores de 5 anos,clasificacion c,2003-01-01,8,30,8,30,38
10303,MOJOCOYA,estado nutricional en menores de 5 anos,clasificacion c,2003-01-01,153,247,153,247,400
10501,MONTEAGUDO,estado nutricional en menores de 5 anos,clasificacion c,2003-01-01,441,450,441,450,891
71001,MONTERO,estado nutricional en menores de 5 anos,clasificacion c,2003-01-01,1742,932,1742,932,2674
70803,MORO MORO,estado nutricional en menores de 5 anos,clasificacion c,2003-01-01,27,21,27,21,48
30302,MOROCHATA,estado nutricional en menores de 5 anos,clasificacion c,2003-01-01,212,209,212,209,421
90401,NACEBE (SANTA ROSA DEL ABUNA),estado nutricional en menores de 5 anos,clasificacion c,2003-01-01,0,13,0,13,13
20307,NAZACARA DE PACAJES,estado nutricional en menores de 5 anos,clasificacion c,2003-01-01,13,2,13,2,15
90501,NUEVO MANOA (NUEVA ESPERANZA),estado nutricional en menores de 5 anos,clasificacion c,2003-01-01,0,7,0,7,7
50404,OCURI,estado nutricional en menores de 5 anos,clasificacion c,2003-01-01,80,242,80,242,322
70202,OKINAWA,estado nutricional en menores de 5 anos,clasificacion c,2003-01-01,74,117,74,117,191
30203,OMEREQUE,estado nutricional en menores de 5 anos,clasificacion c,2003-01-01,9,62,9,62,71
40101,ORURO,estado nutricional en menores de 5 anos,clasificacion c,2003-01-01,2180,1320,2180,1320,3500
60201,PADCAYA,estado nutricional en menores de 5 anos,clasificacion c,2003-01-01,103,119,103,119,222
10401,PADILLA,estado nutricional en menores de 5 anos,clasificacion c,2003-01-01,259,358,259,358,617
70502,PAILON,estado nutricional en menores de 5 anos,clasificacion c,2003-01-01,189,102,189,102,291
20102,PALCA,estado nutricional en menores de 5 anos,clasificacion c,2003-01-01,125,37,125,37,162
21104,PALOS BLANCOS,estado nutricional en menores de 5 anos,clasificacion c,2003-01-01,186,134,186,134,320
40802,PAMPA AULLAGAS,estado nutricional en menores de 5 anos,clasificacion c,2003-01-01,27,29,27,29,56
70902,PAMPA GRANDE,estado nutricional en menores de 5 anos,clasificacion c,2003-01-01,77,36,77,36,113
21802,PAPEL PAMPA,estado nutricional en menores de 5 anos,clasificacion c,2003-01-01,39,12,39,12,51
30202,PASORAPA,estado nutricional en menores de 5 anos,clasificacion c,2003-01-01,26,26,26,26,52
21305,PATACAMAYA,estado nutricional en menores de 5 anos,clasificacion c,2003-01-01,162,137,162,137,299
40602,PAZÃ‘A,estado nutricional en menores de 5 anos,clasificacion c,2003-01-01,17,18,17,18,35
20702,PELECHUCO,estado nutricional en menores de 5 anos,clasificacion c,2003-01-01,24,14,24,14,38
50403,POCOATA,estado nutricional en menores de 5 anos,clasificacion c,2003-01-01,268,223,268,223,491
31203,POCONA,estado nutricional en menores de 5 anos,clasificacion c,2003-01-01,73,39,73,39,112
31202,POJO (CBBA),estado nutricional en menores de 5 anos,clasificacion c,2003-01-01,314,194,314,194,508
40601,POOPO,estado nutricional en menores de 5 anos,clasificacion c,2003-01-01,14,58,14,58,72
51203,PORCO,estado nutricional en menores de 5 anos,clasificacion c,2003-01-01,61,12,61,12,73
10103,POROMA,estado nutricional en menores de 5 anos,clasificacion c,2003-01-01,185,166,185,166,351
70103,PORONGO,estado nutricional en menores de 5 anos,clasificacion c,2003-01-01,65,104,65,104,169
70601,PORTACHUELO,estado nutricional en menores de 5 anos,clasificacion c,2003-01-01,392,259,392,259,651
90102,PORVENIR,estado nutricional en menores de 5 anos,clasificacion c,2003-01-01,84,69,84,69,153
70804,POSTRER VALLE,estado nutricional en menores de 5 anos,clasificacion c,2003-01-01,3,11,3,11,14
50101,POTOSI,estado nutricional en menores de 5 anos,clasificacion c,2003-01-01,1721,577,1721,577,2298
10302,PRESTO,estado nutricional en menores de 5 anos,clasificacion c,2003-01-01,154,101,154,101,255
70805,PUCARA,estado nutricional en menores de 5 anos,clasificacion c,2003-01-01,6,0,6,0,6
21201,PUCARANI,estado nutricional en menores de 5 anos,clasificacion c,2003-01-01,119,94,119,94,213
20401,PUERTO ACOSTA,estado nutricional en menores de 5 anos,clasificacion c,2003-01-01,155,264,155,264,419
20403,PUERTO CARABUCO,estado nutricional en menores de 5 anos,clasificacion c,2003-01-01,109,159,109,159,268
90301,PUERTO GONZALO MORENO,estado nutricional en menores de 5 anos,clasificacion c,2003-01-01,7,10,7,10,17
21204,PUERTO PEREZ,estado nutricional en menores de 5 anos,clasificacion c,2003-01-01,58,35,58,35,93
71402,PUERTO QUIJARRO,estado nutricional en menores de 5 anos,clasificacion c,2003-01-01,204,69,204,69,273
90201,PUERTO RICO,estado nutricional en menores de 5 anos,clasificacion c,2003-01-01,6,45,6,45,51
80703,PUERTO SILES,estado nutricional en menores de 5 anos,clasificacion c,2003-01-01,1,10,1,10,11
71401,PUERTO SUAREZ,estado nutricional en menores de 5 anos,clasificacion c,2003-01-01,149,43,149,43,192
31205,PUERTO VILLARROEL,estado nutricional en menores de 5 anos,clasificacion c,2003-01-01,418,273,418,273,691
51101,PUNA,estado nutricional en menores de 5 anos,clasificacion c,2003-01-01,398,366,398,366,764
31401,PUNATA,estado nutricional en menores de 5 anos,clasificacion c,2003-01-01,319,17,319,17,336
20604,QUIABAYA,estado nutricional en menores de 5 anos,clasificacion c,2003-01-01,33,69,33,69,102
30901,QUILLACOLLO,estado nutricional en menores de 5 anos,clasificacion c,2003-01-01,106,90,106,90,196
21002,QUIME,estado nutricional en menores de 5 anos,clasificacion c,2003-01-01,178,105,178,105,283
70904,QUIRUSILLAS,estado nutricional en menores de 5 anos,clasificacion c,2003-01-01,19,17,19,17,36
50402,RAVELO,estado nutricional en menores de 5 anos,clasificacion c,2003-01-01,235,144,235,144,379
80301,REYES,estado nutricional en menores de 5 anos,clasificacion c,2003-01-01,164,92,164,92,256
80201,RIBERALTA,estado nutricional en menores de 5 anos,clasificacion c,2003-01-01,891,352,891,352,1243
70503,ROBORE,estado nutricional en menores de 5 anos,clasificacion c,2003-01-01,132,118,132,118,250
80304,RURRENABAQUE,estado nutricional en menores de 5 anos,clasificacion c,2003-01-01,166,64,166,64,230
40901,SABAYA,estado nutricional en menores de 5 anos,clasificacion c,2003-01-01,8,26,8,26,34
31001,SACABA,estado nutricional en menores de 5 anos,clasificacion c,2003-01-01,321,216,321,216,537
30404,SACABAMBA,estado nutricional en menores de 5 anos,clasificacion c,2003-01-01,0,5,0,5,5
50701,SACACA,estado nutricional en menores de 5 anos,clasificacion c,2003-01-01,106,146,106,146,252
71302,SAIPINA,estado nutricional en menores de 5 anos,clasificacion c,2003-01-01,57,48,57,48,105
40801,SALINAS DE GARCI MENDOZA,estado nutricional en menores de 5 anos,clasificacion c,2003-01-01,56,70,56,70,126
70901,SAMAIPATA,estado nutricional en menores de 5 anos,clasificacion c,2003-01-01,133,96,133,96,229
51601,SAN AGUSTIN,estado nutricional en menores de 5 anos,clasificacion c,2003-01-01,20,18,20,18,38
80602,SAN ANDRES,estado nutricional en menores de 5 anos,clasificacion c,2003-01-01,41,48,41,48,89
51003,SAN ANTONIO DE ESMORUCO,estado nutricional en menores de 5 anos,clasificacion c,2003-01-01,8,15,8,15,23
71105,SAN ANTONIO DE LOMERIO,estado nutricional en menores de 5 anos,clasificacion c,2003-01-01,122,151,122,151,273
31403,SAN BENITO,estado nutricional en menores de 5 anos,clasificacion c,2003-01-01,67,77,67,77,144
80302,SAN BORJA,estado nutricional en menores de 5 anos,clasificacion c,2003-01-01,456,259,456,259,715
21502,SAN BUENA VENTURA,estado nutricional en menores de 5 anos,clasificacion c,2003-01-01,138,109,138,109,247
70402,SAN CARLOS,estado nutricional en menores de 5 anos,clasificacion c,2003-01-01,251,138,251,138,389
80501,SAN IGNACIO,estado nutricional en menores de 5 anos,clasificacion c,2003-01-01,166,135,166,135,301
70301,SAN IGNACIO DE VELASCO,estado nutricional en menores de 5 anos,clasificacion c,2003-01-01,561,289,561,289,850
80102,SAN JAVIER(BNI),estado nutricional en menores de 5 anos,clasificacion c,2003-01-01,9,14,9,14,23
71102,SAN JAVIER(STC),estado nutricional en menores de 5 anos,clasificacion c,2003-01-01,115,55,115,55,170
80701,SAN JOAQUIN,estado nutricional en menores de 5 anos,clasificacion c,2003-01-01,16,81,16,81,97
70501,SAN JOSE DE CHIQUITOS,estado nutricional en menores de 5 anos,clasificacion c,2003-01-01,176,72,176,72,248
71104,SAN JULIAN,estado nutricional en menores de 5 anos,clasificacion c,2003-01-01,381,309,381,309,690
90302,SAN LORENZO(PND),estado nutricional en menores de 5 anos,clasificacion c,2003-01-01,17,28,17,28,45
60501,SAN LORENZO(TJA),estado nutricional en menores de 5 anos,clasificacion c,2003-01-01,68,78,68,78,146
10702,SAN LUCAS,estado nutricional en menores de 5 anos,clasificacion c,2003-01-01,681,515,681,515,1196
71201,SAN MATIAS,estado nutricional en menores de 5 anos,clasificacion c,2003-01-01,174,108,174,108,282
70302,SAN MIGUEL DE VELASCO,estado nutricional en menores de 5 anos,clasificacion c,2003-01-01,140,126,140,126,266
51001,SAN PABLO DE LIPEZ,estado nutricional en menores de 5 anos,clasificacion c,2003-01-01,17,34,17,34,51
50501,SAN PEDRO DE BUENA VISTA,estado nutricional en menores de 5 anos,clasificacion c,2003-01-01,132,238,132,238,370
21801,SAN PEDRO DE CURAHUARA,estado nutricional en menores de 5 anos,clasificacion c,2003-01-01,59,58,59,58,117
50902,SAN PEDRO DE QUEMES,estado nutricional en menores de 5 anos,clasificacion c,2003-01-01,12,8,12,8,20
21702,SAN PEDRO DE TIQUINA,estado nutricional en menores de 5 anos,clasificacion c,2003-01-01,36,65,36,65,101
90202,SAN PEDRO(PND),estado nutricional en menores de 5 anos,clasificacion c,2003-01-01,12,7,12,7,19
70303,SAN RAFAEL,estado nutricional en menores de 5 anos,clasificacion c,2003-01-01,97,81,97,81,178
80702,SAN RAMON,estado nutricional en menores de 5 anos,clasificacion c,2003-01-01,40,3,40,3,43
80702,SAN RAMON,estado nutricional en menores de 5 anos,clasificacion c,2003-01-01,37,45,37,45,82
80401,SANTA ANA,estado nutricional en menores de 5 anos,clasificacion c,2003-01-01,13,8,13,8,21
70101,SANTA CRUZ DE LA SIERRA,estado nutricional en menores de 5 anos,clasificacion c,2003-01-01,5182,3049,5182,3049,8231
80303,SANTA ROSA,estado nutricional en menores de 5 anos,clasificacion c,2003-01-01,66,57,66,57,123
70602,SANTA ROSA DEL SARA,estado nutricional en menores de 5 anos,clasificacion c,2003-01-01,63,79,63,79,142
20308,SANTIAGO DE CALLAPA,estado nutricional en menores de 5 anos,clasificacion c,2003-01-01,49,38,49,38,87
41401,SANTIAGO DE HUARI,estado nutricional en menores de 5 anos,clasificacion c,2003-01-01,56,61,56,61,117
21901,SANTIAGO DE MACHACA,estado nutricional en menores de 5 anos,clasificacion c,2003-01-01,12,9,12,9,21
30702,SANTIVAÃ‘ES,estado nutricional en menores de 5 anos,clasificacion c,2003-01-01,55,22,55,22,77
40202,SANTUARIO DE QUILLACAS,estado nutricional en menores de 5 anos,clasificacion c,2003-01-01,14,15,14,15,29
20902,SAPAHAQUI,estado nutricional en menores de 5 anos,clasificacion c,2003-01-01,28,11,28,11,39
90303,SENA,estado nutricional en menores de 5 anos,clasificacion c,2003-01-01,2,38,2,38,40
21301,SICA SICA (VILLA AROMA),estado nutricional en menores de 5 anos,clasificacion c,2003-01-01,165,185,165,185,350
30703,SICAYA,estado nutricional en menores de 5 anos,clasificacion c,2003-01-01,14,1,14,1,15
30902,SIPE SIPE,estado nutricional en menores de 5 anos,clasificacion c,2003-01-01,295,153,295,153,448
10403,SOPACHUY,estado nutricional en menores de 5 anos,clasificacion c,2003-01-01,83,72,83,72,155
20601,SORATA,estado nutricional en menores de 5 anos,clasificacion c,2003-01-01,136,157,136,157,293
10101,SUCRE,estado nutricional en menores de 5 anos,clasificacion c,2003-01-01,1740,987,1740,987,2727
31404,TACACHI,estado nutricional en menores de 5 anos,clasificacion c,2003-01-01,16,0,16,0,16
20603,TACACOMA,estado nutricional en menores de 5 anos,clasificacion c,2003-01-01,45,54,45,54,99
50303,TACOBAMBA,estado nutricional en menores de 5 anos,clasificacion c,2003-01-01,61,43,61,43,104
30602,TACOPAYA,estado nutricional en menores de 5 anos,clasificacion c,2003-01-01,108,149,108,149,257
51402,TAHUA,estado nutricional en menores de 5 anos,clasificacion c,2003-01-01,6,4,6,4,10
31101,TAPACARI,estado nutricional en menores de 5 anos,clasificacion c,2003-01-01,98,88,98,88,186
10601,TARABUCO,estado nutricional en menores de 5 anos,clasificacion c,2003-01-01,431,558,431,558,989
30401,TARATA,estado nutricional en menores de 5 anos,clasificacion c,2003-01-01,74,34,74,34,108
60101,TARIJA,estado nutricional en menores de 5 anos,clasificacion c,2003-01-01,1044,632,1044,632,1676
10202,TARVITA,estado nutricional en menores de 5 anos,clasificacion c,2003-01-01,273,249,273,249,522
20803,TIAWANACU,estado nutricional en menores de 5 anos,clasificacion c,2003-01-01,132,86,132,86,218
50102,TINGUIPAYA,estado nutricional en menores de 5 anos,clasificacion c,2003-01-01,78,68,78,68,146
20606,TIPUANI,estado nutricional en menores de 5 anos,clasificacion c,2003-01-01,112,69,112,69,181
30903,TIQUIPAYA,estado nutricional en menores de 5 anos,clasificacion c,2003-01-01,299,84,299,84,383
31601,TIRAQUE (CBBA),estado nutricional en menores de 5 anos,clasificacion c,2003-01-01,182,216,182,216,398
21703,TITO YUPANQUI (PARQUIPUJIO),estado nutricional en menores de 5 anos,clasificacion c,2003-01-01,19,10,19,10,29
30802,TOCO,estado nutricional en menores de 5 anos,clasificacion c,2003-01-01,13,22,13,22,35
41502,TODOS SANTOS,estado nutricional en menores de 5 anos,clasificacion c,2003-01-01,0,5,0,5,5
30803,TOLATA,estado nutricional en menores de 5 anos,clasificacion c,2003-01-01,42,27,42,27,69
41001,TOLEDO,estado nutricional en menores de 5 anos,clasificacion c,2003-01-01,44,43,44,43,87
51202,TOMAVE,estado nutricional en menores de 5 anos,clasificacion c,2003-01-01,140,74,140,74,214
10402,TOMINA,estado nutricional en menores de 5 anos,clasificacion c,2003-01-01,142,195,142,195,337
50502,TORO TORO,estado nutricional en menores de 5 anos,clasificacion c,2003-01-01,93,90,93,90,183
31201,TOTORA(CBBA),estado nutricional en menores de 5 anos,clasificacion c,2003-01-01,108,73,108,73,181
41301,TOTORA(ORR),estado nutricional en menores de 5 anos,clasificacion c,2003-01-01,26,27,26,27,53
70802,TRIGAL,estado nutricional en menores de 5 anos,clasificacion c,2003-01-01,19,14,19,14,33
80101,TRINIDAD,estado nutricional en menores de 5 anos,clasificacion c,2003-01-01,660,953,660,953,1613
50801,TUPIZA,estado nutricional en menores de 5 anos,clasificacion c,2003-01-01,328,598,328,598,926
40402,TURCO,estado nutricional en menores de 5 anos,clasificacion c,2003-01-01,62,72,62,72,134
21302,UMALA,estado nutricional en menores de 5 anos,clasificacion c,2003-01-01,54,32,54,32,86
50201,UNCIA,estado nutricional en menores de 5 anos,clasificacion c,2003-01-01,48,32,48,32,80
60401,URIONDO (A. CONCEPCION),estado nutricional en menores de 5 anos,clasificacion c,2003-01-01,157,70,157,70,227
71502,URUBICHA,estado nutricional en menores de 5 anos,clasificacion c,2003-01-01,7,26,7,26,33
51201,UYUNI,estado nutricional en menores de 5 anos,clasificacion c,2003-01-01,203,105,203,105,308
30502,VACAS,estado nutricional en menores de 5 anos,clasificacion c,2003-01-01,43,36,43,36,79
70801,VALLEGRANDE,estado nutricional en menores de 5 anos,clasificacion c,2003-01-01,216,186,216,186,402
20801,VIACHA,estado nutricional en menores de 5 anos,clasificacion c,2003-01-01,269,257,269,257,526
31302,VILA VILA,estado nutricional en menores de 5 anos,clasificacion c,2003-01-01,40,22,40,22,62
60303,VILLA MONTES,estado nutricional en menores de 5 anos,clasificacion c,2003-01-01,225,211,225,211,436
90502,VILLA NUEVA (LOMA ALTA),estado nutricional en menores de 5 anos,clasificacion c,2003-01-01,7,1,7,1,8
31402,VILLA RIVERO,estado nutricional en menores de 5 anos,clasificacion c,2003-01-01,75,27,75,27,102
10801,VILLA SERRANO,estado nutricional en menores de 5 anos,clasificacion c,2003-01-01,231,303,231,303,534
31003,VILLA TUNARI,estado nutricional en menores de 5 anos,clasificacion c,2003-01-01,453,283,453,283,736
11001,VILLA VACA GUZMAN (MUYUPAMPA),estado nutricional en menores de 5 anos,clasificacion c,2003-01-01,171,221,171,221,392
51501,VILLAZON,estado nutricional en menores de 5 anos,clasificacion c,2003-01-01,468,370,468,370,838
30904,VINTO,estado nutricional en menores de 5 anos,clasificacion c,2003-01-01,7,8,7,8,15
50602,VITICHI,estado nutricional en menores de 5 anos,clasificacion c,2003-01-01,174,152,174,152,326
20306,WALDO BALLIVIAN,estado nutricional en menores de 5 anos,clasificacion c,2003-01-01,19,3,19,3,22
70201,WARNES,estado nutricional en menores de 5 anos,clasificacion c,2003-01-01,431,234,431,234,665
20903,YACO,estado nutricional en menores de 5 anos,clasificacion c,2003-01-01,36,37,36,37,73
60301,YACUIBA,estado nutricional en menores de 5 anos,clasificacion c,2003-01-01,557,275,557,275,832
10602,YAMPARAEZ,estado nutricional en menores de 5 anos,clasificacion c,2003-01-01,264,338,264,338,602
21103,YANACACHI,estado nutricional en menores de 5 anos,clasificacion c,2003-01-01,66,54,66,54,120
70403,YAPACANI,estado nutricional en menores de 5 anos,clasificacion c,2003-01-01,519,330,519,330,849
50103,YOCALLA,estado nutricional en menores de 5 anos,clasificacion c,2003-01-01,84,93,84,93,177
10102,YOTALA,estado nutricional en menores de 5 anos,clasificacion c,2003-01-01,154,219,154,219,373
60402,YUNCHARA,estado nutricional en menores de 5 anos,clasificacion c,2003-01-01,47,27,47,27,74
10301,ZUDAÃ‘EZ,estado nutricional en menores de 5 anos,clasificacion c,2003-01-01,100,119,100,119,219
51302,ACACIO,estado nutricional en menores de 5 anos,clasificacion c,2003-02-01,91,108,91,108,199
20201,ACHACACHI,estado nutricional en menores de 5 anos,clasificacion c,2003-02-01,543,514,543,514,1057
20104,ACHOCALLA,estado nutricional en menores de 5 anos,clasificacion c,2003-02-01,98,31,98,31,129
30201,AIQUILE,estado nutricional en menores de 5 anos,clasificacion c,2003-02-01,134,87,134,87,221
31303,ALALAY,estado nutricional en menores de 5 anos,clasificacion c,2003-02-01,25,33,25,33,58
10404,ALCALA,estado nutricional en menores de 5 anos,clasificacion c,2003-02-01,70,120,70,120,190
20202,ANCORAIMES,estado nutricional en menores de 5 anos,clasificacion c,2003-02-01,106,194,106,194,300
41201,ANDAMARCA,estado nutricional en menores de 5 anos,clasificacion c,2003-02-01,14,13,14,13,27
40603,ANTEQUERA,estado nutricional en menores de 5 anos,clasificacion c,2003-02-01,22,9,22,9,31
30402,ANZALDO,estado nutricional en menores de 5 anos,clasificacion c,2003-02-01,41,89,41,89,130
20701,APOLO,estado nutricional en menores de 5 anos,clasificacion c,2003-02-01,87,51,87,51,138
51301,ARAMPAMPA,estado nutricional en menores de 5 anos,clasificacion c,2003-02-01,74,109,74,109,183
30501,ARANI,estado nutricional en menores de 5 anos,clasificacion c,2003-02-01,27,32,27,32,59
30403,ARBIETO,estado nutricional en menores de 5 anos,clasificacion c,2003-02-01,41,42,41,42,83
30601,ARQUE,estado nutricional en menores de 5 anos,clasificacion c,2003-02-01,63,40,63,40,103
71501,ASCENCION DE GUARAYOS,estado nutricional en menores de 5 anos,clasificacion c,2003-02-01,315,349,315,349,664
50802,ATOCHA,estado nutricional en menores de 5 anos,clasificacion c,2003-02-01,50,358,50,358,408
20503,AUCAPATA,estado nutricional en menores de 5 anos,clasificacion c,2003-02-01,32,15,32,15,47
20502,AYATA,estado nutricional en menores de 5 anos,clasificacion c,2003-02-01,28,16,28,16,44
21303,AYO AYO,estado nutricional en menores de 5 anos,clasificacion c,2003-02-01,106,7,106,7,113
30301,AYOPAYA (V. DE INDEPENDENCIA),estado nutricional en menores de 5 anos,clasificacion c,2003-02-01,239,250,239,250,489
10201,AZURDUY,estado nutricional en menores de 5 anos,clasificacion c,2003-02-01,257,297,257,297,554
21203,BATALLAS,estado nutricional en menores de 5 anos,clasificacion c,2003-02-01,158,141,158,141,299
80802,BAURES,estado nutricional en menores de 5 anos,clasificacion c,2003-02-01,62,67,62,67,129
41202,BELEN DE ANDAMARCA,estado nutricional en menores de 5 anos,clasificacion c,2003-02-01,7,2,7,2,9
50104,BELEN DE URMIRI,estado nutricional en menores de 5 anos,clasificacion c,2003-02-01,15,28,15,28,43
90104,BELLA FLOR,estado nutricional en menores de 5 anos,clasificacion c,2003-02-01,26,52,26,52,78
60202,BERMEJO,estado nutricional en menores de 5 anos,clasificacion c,2003-02-01,59,131,59,131,190
50301,BETANZOS,estado nutricional en menores de 5 anos,clasificacion c,2003-02-01,251,213,251,213,464
31501,BOLIVAR,estado nutricional en menores de 5 anos,clasificacion c,2003-02-01,73,64,73,64,137
90103,BOLPEBRA,estado nutricional en menores de 5 anos,clasificacion c,2003-02-01,12,8,12,8,20
70707,BOYUIBE,estado nutricional en menores de 5 anos,clasificacion c,2003-02-01,31,79,31,79,110
70401,BUENA VISTA,estado nutricional en menores de 5 anos,clasificacion c,2003-02-01,154,147,154,147,301
70703,CABEZAS,estado nutricional en menores de 5 anos,clasificacion c,2003-02-01,98,85,98,85,183
20905,CAIROMA,estado nutricional en menores de 5 anos,clasificacion c,2003-02-01,100,72,100,72,172
51102,"CAIZA ""D""",estado nutricional en menores de 5 anos,clasificacion c,2003-02-01,119,104,119,104,223
21003,CAJUATA,estado nutricional en menores de 5 anos,clasificacion c,2003-02-01,63,30,63,30,93
20303,CALACOTO,estado nutricional en menores de 5 anos,clasificacion c,2003-02-01,30,17,30,17,47
21304,CALAMARCA,estado nutricional en menores de 5 anos,clasificacion c,2003-02-01,192,85,192,85,277
10701,CAMARGO,estado nutricional en menores de 5 anos,clasificacion c,2003-02-01,198,147,198,147,345
10901,CAMATAQUI (C. VILLA ABECIA),estado nutricional en menores de 5 anos,clasificacion c,2003-02-01,56,23,56,23,79
70706,CAMIRI,estado nutricional en menores de 5 anos,clasificacion c,2003-02-01,284,170,284,170,454
30701,CAPINOTA,estado nutricional en menores de 5 anos,clasificacion c,2003-02-01,53,41,53,41,94
20302,CAQUIAVIRI,estado nutricional en menores de 5 anos,clasificacion c,2003-02-01,71,54,71,54,125
40102,CARACOLLO,estado nutricional en menores de 5 anos,clasificacion c,2003-02-01,158,120,158,120,278
22001,CARANAVI,estado nutricional en menores de 5 anos,clasificacion c,2003-02-01,340,247,340,247,587
41503,CARANGAS,estado nutricional en menores de 5 anos,clasificacion c,2003-02-01,0,2,0,2,2
60302,CARAPARI,estado nutricional en menores de 5 anos,clasificacion c,2003-02-01,102,123,102,123,225
50702,CARIPUYO,estado nutricional en menores de 5 anos,clasificacion c,2003-02-01,115,79,115,79,194
21902,CATACORA,estado nutricional en menores de 5 anos,clasificacion c,2003-02-01,2,2,2,2,4
40201,CHALLAPATA,estado nutricional en menores de 5 anos,clasificacion c,2003-02-01,126,173,126,173,299
50302,CHAQUI,estado nutricional en menores de 5 anos,clasificacion c,2003-02-01,127,80,127,80,207
70702,CHARAGUA,estado nutricional en menores de 5 anos,clasificacion c,2003-02-01,310,368,310,368,678
20305,CHARAÃ‘A,estado nutricional en menores de 5 anos,clasificacion c,2003-02-01,15,10,15,10,25
50202,CHAYANTA,estado nutricional en menores de 5 anos,clasificacion c,2003-02-01,92,56,92,56,148
31204,CHIMORE,estado nutricional en menores de 5 anos,clasificacion c,2003-02-01,47,47,47,47,94
40302,CHOQUE COTA,estado nutricional en menores de 5 anos,clasificacion c,2003-02-01,20,20,20,20,40
21101,CHULUMANI (V. DE LA LIBERTAD),estado nutricional en menores de 5 anos,clasificacion c,2003-02-01,116,68,116,68,184
20501,CHUMA,estado nutricional en menores de 5 anos,clasificacion c,2003-02-01,69,28,69,28,97
30801,CLIZA,estado nutricional en menores de 5 anos,clasificacion c,2003-02-01,68,60,68,60,128
90101,COBIJA,estado nutricional en menores de 5 anos,clasificacion c,2003-02-01,292,183,292,183,475
30101,COCHABAMBA,estado nutricional en menores de 5 anos,clasificacion c,2003-02-01,2092,1108,2092,1108,3200
40902,COIPASA,estado nutricional en menores de 5 anos,clasificacion c,2003-02-01,2,0,2,0,2
30905,COLCAPIRHUA,estado nutricional en menores de 5 anos,clasificacion c,2003-02-01,135,40,135,40,175
50901,"COLCHA ""K""",estado nutricional en menores de 5 anos,clasificacion c,2003-02-01,111,115,111,115,226
21307,COLLANA,estado nutricional en menores de 5 anos,clasificacion c,2003-02-01,21,8,21,8,29
31002,COLOMI,estado nutricional en menores de 5 anos,clasificacion c,2003-02-01,283,127,283,127,410
50401,COLQUECHACA,estado nutricional en menores de 5 anos,clasificacion c,2003-02-01,110,39,110,39,149
21306,COLQUENCHA,estado nutricional en menores de 5 anos,clasificacion c,2003-02-01,41,10,41,10,51
21004,COLQUIRI,estado nutricional en menores de 5 anos,clasificacion c,2003-02-01,107,60,107,60,167
20304,COMANCHE,estado nutricional en menores de 5 anos,clasificacion c,2003-02-01,7,5,7,5,12
71301,COMARAPA,estado nutricional en menores de 5 anos,clasificacion c,2003-02-01,156,88,156,88,244
71101,CONCEPCION,estado nutricional en menores de 5 anos,clasificacion c,2003-02-01,15,19,15,19,34
21701,COPACABANA,estado nutricional en menores de 5 anos,clasificacion c,2003-02-01,130,84,130,84,214
21402,CORIPATA,estado nutricional en menores de 5 anos,clasificacion c,2003-02-01,55,2,55,2,57
20301,CORO CORO,estado nutricional en menores de 5 anos,clasificacion c,2003-02-01,62,34,62,34,96
21401,COROICO,estado nutricional en menores de 5 anos,clasificacion c,2003-02-01,115,85,115,85,200
40301,CORQUE,estado nutricional en menores de 5 anos,clasificacion c,2003-02-01,47,41,47,41,88
50601,COTAGAITA,estado nutricional en menores de 5 anos,clasificacion c,2003-02-01,218,270,218,270,488
70102,COTOCA,estado nutricional en menores de 5 anos,clasificacion c,2003-02-01,294,70,294,70,364
31405,CUCHUMUELA (V. G. VILLARROEL),estado nutricional en menores de 5 anos,clasificacion c,2003-02-01,2,1,2,1,3
70704,CUEVO,estado nutricional en menores de 5 anos,clasificacion c,2003-02-01,75,66,75,66,141
10902,CULPINA,estado nutricional en menores de 5 anos,clasificacion c,2003-02-01,375,344,375,344,719
40401,CURAHUARA DE CARANGAS,estado nutricional en menores de 5 anos,clasificacion c,2003-02-01,37,42,37,42,79
21602,CURVA,estado nutricional en menores de 5 anos,clasificacion c,2003-02-01,29,21,29,21,50
20804,DESAGUADERO,estado nutricional en menores de 5 anos,clasificacion c,2003-02-01,63,40,63,40,103
20105,EL ALTO,estado nutricional en menores de 5 anos,clasificacion c,2003-02-01,5012,1830,5012,1830,6842
40103,EL CHORO,estado nutricional en menores de 5 anos,clasificacion c,2003-02-01,31,7,31,7,38
71503,EL PUENTE(STC),estado nutricional en menores de 5 anos,clasificacion c,2003-02-01,59,196,59,196,255
60502,EL PUENTE(TJA),estado nutricional en menores de 5 anos,clasificacion c,2003-02-01,177,274,177,274,451
70105,EL TORNO,estado nutricional en menores de 5 anos,clasificacion c,2003-02-01,202,114,202,114,316
10405,EL VILLAR,estado nutricional en menores de 5 anos,clasificacion c,2003-02-01,112,136,112,136,248
60601,ENTRE RIOS,estado nutricional en menores de 5 anos,clasificacion c,2003-02-01,172,223,172,223,395
41101,EUCALIPTUS,estado nutricional en menores de 5 anos,clasificacion c,2003-02-01,84,106,84,106,190
90503,EUREKA (SANTOS MERCADO),estado nutricional en menores de 5 anos,clasificacion c,2003-02-01,6,4,6,4,10
80402,EXALTACION,estado nutricional en menores de 5 anos,clasificacion c,2003-02-01,8,32,8,32,40
90203,FILADELFIA,estado nutricional en menores de 5 anos,clasificacion c,2003-02-01,12,37,12,37,49
71002,GENERAL SAAVEDRA,estado nutricional en menores de 5 anos,clasificacion c,2003-02-01,191,245,191,245,436
21601,GRAL. J.J. PEREZ (CHARAZANI),estado nutricional en menores de 5 anos,clasificacion c,2003-02-01,87,30,87,30,117
20602,GUANAY,estado nutricional en menores de 5 anos,clasificacion c,2003-02-01,356,192,356,192,548
20802,GUAQUI,estado nutricional en menores de 5 anos,clasificacion c,2003-02-01,22,17,22,17,39
80202,GUAYARAMERIN,estado nutricional en menores de 5 anos,clasificacion c,2003-02-01,457,237,457,237,694
70705,GUTIERREZ,estado nutricional en menores de 5 anos,clasificacion c,2003-02-01,230,266,230,266,496
10502,HUACARETA,estado nutricional en menores de 5 anos,clasificacion c,2003-02-01,145,212,145,212,357
11002,HUACAYA (VILLA DE HUACAYA),estado nutricional en menores de 5 anos,clasificacion c,2003-02-01,47,68,47,68,115
40501,HUACHACALLA,estado nutricional en menores de 5 anos,clasificacion c,2003-02-01,10,12,10,12,22
40701,HUANUNI,estado nutricional en menores de 5 anos,clasificacion c,2003-02-01,159,83,159,83,242
80803,HUARACAJE,estado nutricional en menores de 5 anos,clasificacion c,2003-02-01,39,24,39,24,63
41601,HUAYLLAMARCA,estado nutricional en menores de 5 anos,clasificacion c,2003-02-01,60,33,60,33,93
21005,ICHOCA,estado nutricional en menores de 5 anos,clasificacion c,2003-02-01,19,41,19,41,60
10304,ICLA,estado nutricional en menores de 5 anos,clasificacion c,2003-02-01,97,144,97,144,241
10703,INCAHUASI,estado nutricional en menores de 5 anos,clasificacion c,2003-02-01,314,179,314,179,493
21001,INQUISIVI,estado nutricional en menores de 5 anos,clasificacion c,2003-02-01,75,94,75,94,169
21102,IRUPANA (VILLA DE LANZA),estado nutricional en menores de 5 anos,clasificacion c,2003-02-01,147,183,147,183,330
21501,IXIAMAS,estado nutricional en menores de 5 anos,clasificacion c,2003-02-01,60,64,60,64,124
21105,LA ASUNTA,estado nutricional en menores de 5 anos,clasificacion c,2003-02-01,126,34,126,34,160
70104,LA GUARDIA,estado nutricional en menores de 5 anos,clasificacion c,2003-02-01,457,230,457,230,687
20101,LA PAZ,estado nutricional en menores de 5 anos,clasificacion c,2003-02-01,3747,1932,3747,1932,5679
41501,LA RIVERA,estado nutricional en menores de 5 anos,clasificacion c,2003-02-01,5,2,5,2,7
70701,LAGUNILLAS,estado nutricional en menores de 5 anos,clasificacion c,2003-02-01,100,116,100,116,216
21202,LAJA,estado nutricional en menores de 5 anos,clasificacion c,2003-02-01,55,33,55,33,88
10903,LAS CARRERAS,estado nutricional en menores de 5 anos,clasificacion c,2003-02-01,67,68,67,68,135
21006,LICOMA PAMPA,estado nutricional en menores de 5 anos,clasificacion c,2003-02-01,26,11,26,11,37
50203,LLALLAGUA,estado nutricional en menores de 5 anos,clasificacion c,2003-02-01,23,775,23,775,798
51401,LLICA,estado nutricional en menores de 5 anos,clasificacion c,2003-02-01,53,49,53,49,102
80601,LORETO,estado nutricional en menores de 5 anos,clasificacion c,2003-02-01,53,54,53,54,107
20901,LURIBAY,estado nutricional en menores de 5 anos,clasificacion c,2003-02-01,82,47,82,47,129
40702,MACHACAMARCA,estado nutricional en menores de 5 anos,clasificacion c,2003-02-01,21,6,21,6,27
11003,MACHARETI,estado nutricional en menores de 5 anos,clasificacion c,2003-02-01,137,237,137,237,374
80801,MAGDALENA,estado nutricional en menores de 5 anos,clasificacion c,2003-02-01,91,117,91,117,208
70903,MAIRANA,estado nutricional en menores de 5 anos,clasificacion c,2003-02-01,104,39,104,39,143
20904,MALLA,estado nutricional en menores de 5 anos,clasificacion c,2003-02-01,6,18,6,18,24
20103,MECAPACA,estado nutricional en menores de 5 anos,clasificacion c,2003-02-01,111,173,111,173,284
71003,MINEROS,estado nutricional en menores de 5 anos,clasificacion c,2003-02-01,554,374,554,374,928
31301,MIZQUE,estado nutricional en menores de 5 anos,clasificacion c,2003-02-01,157,104,157,104,261
20402,MOCOMOCO,estado nutricional en menores de 5 anos,clasificacion c,2003-02-01,157,98,157,98,255
51002,MOJINETE,estado nutricional en menores de 5 anos,clasificacion c,2003-02-01,4,29,4,29,33
10303,MOJOCOYA,estado nutricional en menores de 5 anos,clasificacion c,2003-02-01,143,253,143,253,396
10501,MONTEAGUDO,estado nutricional en menores de 5 anos,clasificacion c,2003-02-01,433,353,433,353,786
71001,MONTERO,estado nutricional en menores de 5 anos,clasificacion c,2003-02-01,1187,571,1187,571,1758
70803,MORO MORO,estado nutricional en menores de 5 anos,clasificacion c,2003-02-01,36,16,36,16,52
30302,MOROCHATA,estado nutricional en menores de 5 anos,clasificacion c,2003-02-01,157,216,157,216,373
90401,NACEBE (SANTA ROSA DEL ABUNA),estado nutricional en menores de 5 anos,clasificacion c,2003-02-01,8,11,8,11,19
20307,NAZACARA DE PACAJES,estado nutricional en menores de 5 anos,clasificacion c,2003-02-01,6,0,6,0,6
90501,NUEVO MANOA (NUEVA ESPERANZA),estado nutricional en menores de 5 anos,clasificacion c,2003-02-01,0,5,0,5,5
50404,OCURI,estado nutricional en menores de 5 anos,clasificacion c,2003-02-01,59,107,59,107,166
70202,OKINAWA,estado nutricional en menores de 5 anos,clasificacion c,2003-02-01,51,82,51,82,133
30203,OMEREQUE,estado nutricional en menores de 5 anos,clasificacion c,2003-02-01,16,90,16,90,106
40101,ORURO,estado nutricional en menores de 5 anos,clasificacion c,2003-02-01,1179,927,1179,927,2106
60201,PADCAYA,estado nutricional en menores de 5 anos,clasificacion c,2003-02-01,133,138,133,138,271
10401,PADILLA,estado nutricional en menores de 5 anos,clasificacion c,2003-02-01,278,353,278,353,631
70502,PAILON,estado nutricional en menores de 5 anos,clasificacion c,2003-02-01,120,54,120,54,174
20102,PALCA,estado nutricional en menores de 5 anos,clasificacion c,2003-02-01,112,54,112,54,166
21104,PALOS BLANCOS,estado nutricional en menores de 5 anos,clasificacion c,2003-02-01,268,162,268,162,430
40802,PAMPA AULLAGAS,estado nutricional en menores de 5 anos,clasificacion c,2003-02-01,27,16,27,16,43
70902,PAMPA GRANDE,estado nutricional en menores de 5 anos,clasificacion c,2003-02-01,54,33,54,33,87
21802,PAPEL PAMPA,estado nutricional en menores de 5 anos,clasificacion c,2003-02-01,36,45,36,45,81
30202,PASORAPA,estado nutricional en menores de 5 anos,clasificacion c,2003-02-01,59,43,59,43,102
21305,PATACAMAYA,estado nutricional en menores de 5 anos,clasificacion c,2003-02-01,307,132,307,132,439
40602,PAZÃ‘A,estado nutricional en menores de 5 anos,clasificacion c,2003-02-01,26,29,26,29,55
20702,PELECHUCO,estado nutricional en menores de 5 anos,clasificacion c,2003-02-01,42,10,42,10,52
50403,POCOATA,estado nutricional en menores de 5 anos,clasificacion c,2003-02-01,247,235,247,235,482
31203,POCONA,estado nutricional en menores de 5 anos,clasificacion c,2003-02-01,73,40,73,40,113
31202,POJO (CBBA),estado nutricional en menores de 5 anos,clasificacion c,2003-02-01,300,167,300,167,467
40601,POOPO,estado nutricional en menores de 5 anos,clasificacion c,2003-02-01,9,48,9,48,57
51203,PORCO,estado nutricional en menores de 5 anos,clasificacion c,2003-02-01,58,20,58,20,78
10103,POROMA,estado nutricional en menores de 5 anos,clasificacion c,2003-02-01,186,174,186,174,360
70103,PORONGO,estado nutricional en menores de 5 anos,clasificacion c,2003-02-01,45,53,45,53,98
70601,PORTACHUELO,estado nutricional en menores de 5 anos,clasificacion c,2003-02-01,261,140,261,140,401
90102,PORVENIR,estado nutricional en menores de 5 anos,clasificacion c,2003-02-01,50,80,50,80,130
70804,POSTRER VALLE,estado nutricional en menores de 5 anos,clasificacion c,2003-02-01,7,25,7,25,32
50101,POTOSI,estado nutricional en menores de 5 anos,clasificacion c,2003-02-01,1315,464,1315,464,1779
10302,PRESTO,estado nutricional en menores de 5 anos,clasificacion c,2003-02-01,144,109,144,109,253
21201,PUCARANI,estado nutricional en menores de 5 anos,clasificacion c,2003-02-01,118,84,118,84,202
20401,PUERTO ACOSTA,estado nutricional en menores de 5 anos,clasificacion c,2003-02-01,189,268,189,268,457
20403,PUERTO CARABUCO,estado nutricional en menores de 5 anos,clasificacion c,2003-02-01,122,181,122,181,303
90301,PUERTO GONZALO MORENO,estado nutricional en menores de 5 anos,clasificacion c,2003-02-01,20,5,20,5,25
21204,PUERTO PEREZ,estado nutricional en menores de 5 anos,clasificacion c,2003-02-01,57,12,57,12,69
71402,PUERTO QUIJARRO,estado nutricional en menores de 5 anos,clasificacion c,2003-02-01,123,44,123,44,167
90201,PUERTO RICO,estado nutricional en menores de 5 anos,clasificacion c,2003-02-01,29,58,29,58,87
80703,PUERTO SILES,estado nutricional en menores de 5 anos,clasificacion c,2003-02-01,4,3,4,3,7
71401,PUERTO SUAREZ,estado nutricional en menores de 5 anos,clasificacion c,2003-02-01,131,27,131,27,158
31205,PUERTO VILLARROEL,estado nutricional en menores de 5 anos,clasificacion c,2003-02-01,392,297,392,297,689
51101,PUNA,estado nutricional en menores de 5 anos,clasificacion c,2003-02-01,141,72,141,72,213
31401,PUNATA,estado nutricional en menores de 5 anos,clasificacion c,2003-02-01,381,64,381,64,445
30901,QUILLACOLLO,estado nutricional en menores de 5 anos,clasificacion c,2003-02-01,146,199,146,199,345
21002,QUIME,estado nutricional en menores de 5 anos,clasificacion c,2003-02-01,144,96,144,96,240
70904,QUIRUSILLAS,estado nutricional en menores de 5 anos,clasificacion c,2003-02-01,16,16,16,16,32
50402,RAVELO,estado nutricional en menores de 5 anos,clasificacion c,2003-02-01,241,193,241,193,434
80301,REYES,estado nutricional en menores de 5 anos,clasificacion c,2003-02-01,142,75,142,75,217
80201,RIBERALTA,estado nutricional en menores de 5 anos,clasificacion c,2003-02-01,888,328,888,328,1216
70503,ROBORE,estado nutricional en menores de 5 anos,clasificacion c,2003-02-01,138,147,138,147,285
80304,RURRENABAQUE,estado nutricional en menores de 5 anos,clasificacion c,2003-02-01,180,42,180,42,222
40901,SABAYA,estado nutricional en menores de 5 anos,clasificacion c,2003-02-01,13,16,13,16,29
31001,SACABA,estado nutricional en menores de 5 anos,clasificacion c,2003-02-01,319,227,319,227,546
30404,SACABAMBA,estado nutricional en menores de 5 anos,clasificacion c,2003-02-01,26,78,26,78,104
50701,SACACA,estado nutricional en menores de 5 anos,clasificacion c,2003-02-01,174,185,174,185,359
71302,SAIPINA,estado nutricional en menores de 5 anos,clasificacion c,2003-02-01,43,53,43,53,96
40801,SALINAS DE GARCI MENDOZA,estado nutricional en menores de 5 anos,clasificacion c,2003-02-01,43,61,43,61,104
70901,SAMAIPATA,estado nutricional en menores de 5 anos,clasificacion c,2003-02-01,125,71,125,71,196
51601,SAN AGUSTIN,estado nutricional en menores de 5 anos,clasificacion c,2003-02-01,23,12,23,12,35
80602,SAN ANDRES,estado nutricional en menores de 5 anos,clasificacion c,2003-02-01,67,84,67,84,151
51003,SAN ANTONIO DE ESMORUCO,estado nutricional en menores de 5 anos,clasificacion c,2003-02-01,13,13,13,13,26
71105,SAN ANTONIO DE LOMERIO,estado nutricional en menores de 5 anos,clasificacion c,2003-02-01,114,137,114,137,251
31403,SAN BENITO,estado nutricional en menores de 5 anos,clasificacion c,2003-02-01,101,48,101,48,149
80302,SAN BORJA,estado nutricional en menores de 5 anos,clasificacion c,2003-02-01,321,192,321,192,513
21502,SAN BUENA VENTURA,estado nutricional en menores de 5 anos,clasificacion c,2003-02-01,153,71,153,71,224
70402,SAN CARLOS,estado nutricional en menores de 5 anos,clasificacion c,2003-02-01,190,165,190,165,355
80501,SAN IGNACIO,estado nutricional en menores de 5 anos,clasificacion c,2003-02-01,160,166,160,166,326
70301,SAN IGNACIO DE VELASCO,estado nutricional en menores de 5 anos,clasificacion c,2003-02-01,576,352,576,352,928
80102,SAN JAVIER(BNI),estado nutricional en menores de 5 anos,clasificacion c,2003-02-01,22,28,22,28,50
71102,SAN JAVIER(STC),estado nutricional en menores de 5 anos,clasificacion c,2003-02-01,71,65,71,65,136
80701,SAN JOAQUIN,estado nutricional en menores de 5 anos,clasificacion c,2003-02-01,43,36,43,36,79
70501,SAN JOSE DE CHIQUITOS,estado nutricional en menores de 5 anos,clasificacion c,2003-02-01,139,45,139,45,184
71104,SAN JULIAN,estado nutricional en menores de 5 anos,clasificacion c,2003-02-01,482,586,482,586,1068
90302,SAN LORENZO(PND),estado nutricional en menores de 5 anos,clasificacion c,2003-02-01,24,49,24,49,73
60501,SAN LORENZO(TJA),estado nutricional en menores de 5 anos,clasificacion c,2003-02-01,57,87,57,87,144
10702,SAN LUCAS,estado nutricional en menores de 5 anos,clasificacion c,2003-02-01,639,507,639,507,1146
71201,SAN MATIAS,estado nutricional en menores de 5 anos,clasificacion c,2003-02-01,22,4,22,4,26
70302,SAN MIGUEL DE VELASCO,estado nutricional en menores de 5 anos,clasificacion c,2003-02-01,243,220,243,220,463
51001,SAN PABLO DE LIPEZ,estado nutricional en menores de 5 anos,clasificacion c,2003-02-01,27,23,27,23,50
50501,SAN PEDRO DE BUENA VISTA,estado nutricional en menores de 5 anos,clasificacion c,2003-02-01,129,285,129,285,414
21801,SAN PEDRO DE CURAHUARA,estado nutricional en menores de 5 anos,clasificacion c,2003-02-01,32,36,32,36,68
50902,SAN PEDRO DE QUEMES,estado nutricional en menores de 5 anos,clasificacion c,2003-02-01,16,14,16,14,30
21702,SAN PEDRO DE TIQUINA,estado nutricional en menores de 5 anos,clasificacion c,2003-02-01,40,50,40,50,90
70303,SAN RAFAEL,estado nutricional en menores de 5 anos,clasificacion c,2003-02-01,96,76,96,76,172
80702,SAN RAMON,estado nutricional en menores de 5 anos,clasificacion c,2003-02-01,41,75,41,75,116
80702,SAN RAMON,estado nutricional en menores de 5 anos,clasificacion c,2003-02-01,120,123,120,123,243
80401,SANTA ANA,estado nutricional en menores de 5 anos,clasificacion c,2003-02-01,9,10,9,10,19
70101,SANTA CRUZ DE LA SIERRA,estado nutricional en menores de 5 anos,clasificacion c,2003-02-01,4562,2448,4562,2448,7010
80303,SANTA ROSA,estado nutricional en menores de 5 anos,clasificacion c,2003-02-01,74,26,74,26,100
70602,SANTA ROSA DEL SARA,estado nutricional en menores de 5 anos,clasificacion c,2003-02-01,41,52,41,52,93
20308,SANTIAGO DE CALLAPA,estado nutricional en menores de 5 anos,clasificacion c,2003-02-01,45,28,45,28,73
41401,SANTIAGO DE HUARI,estado nutricional en menores de 5 anos,clasificacion c,2003-02-01,66,54,66,54,120
21901,SANTIAGO DE MACHACA,estado nutricional en menores de 5 anos,clasificacion c,2003-02-01,25,10,25,10,35
30702,SANTIVAÃ‘ES,estado nutricional en menores de 5 anos,clasificacion c,2003-02-01,94,31,94,31,125
40202,SANTUARIO DE QUILLACAS,estado nutricional en menores de 5 anos,clasificacion c,2003-02-01,38,40,38,40,78
20902,SAPAHAQUI,estado nutricional en menores de 5 anos,clasificacion c,2003-02-01,46,45,46,45,91
90303,SENA,estado nutricional en menores de 5 anos,clasificacion c,2003-02-01,23,11,23,11,34
21301,SICA SICA (VILLA AROMA),estado nutricional en menores de 5 anos,clasificacion c,2003-02-01,124,56,124,56,180
30703,SICAYA,estado nutricional en menores de 5 anos,clasificacion c,2003-02-01,22,0,22,0,22
30902,SIPE SIPE,estado nutricional en menores de 5 anos,clasificacion c,2003-02-01,254,125,254,125,379
10403,SOPACHUY,estado nutricional en menores de 5 anos,clasificacion c,2003-02-01,92,57,92,57,149
20601,SORATA,estado nutricional en menores de 5 anos,clasificacion c,2003-02-01,143,213,143,213,356
10101,SUCRE,estado nutricional en menores de 5 anos,clasificacion c,2003-02-01,1852,1260,1852,1260,3112
31404,TACACHI,estado nutricional en menores de 5 anos,clasificacion c,2003-02-01,19,2,19,2,21
50303,TACOBAMBA,estado nutricional en menores de 5 anos,clasificacion c,2003-02-01,62,35,62,35,97
30602,TACOPAYA,estado nutricional en menores de 5 anos,clasificacion c,2003-02-01,95,67,95,67,162
51402,TAHUA,estado nutricional en menores de 5 anos,clasificacion c,2003-02-01,29,29,29,29,58
31101,TAPACARI,estado nutricional en menores de 5 anos,clasificacion c,2003-02-01,120,128,120,128,248
10601,TARABUCO,estado nutricional en menores de 5 anos,clasificacion c,2003-02-01,372,516,372,516,888
30401,TARATA,estado nutricional en menores de 5 anos,clasificacion c,2003-02-01,75,20,75,20,95
60101,TARIJA,estado nutricional en menores de 5 anos,clasificacion c,2003-02-01,1617,737,1617,737,2354
10202,TARVITA,estado nutricional en menores de 5 anos,clasificacion c,2003-02-01,318,349,318,349,667
20803,TIAWANACU,estado nutricional en menores de 5 anos,clasificacion c,2003-02-01,118,58,118,58,176
50102,TINGUIPAYA,estado nutricional en menores de 5 anos,clasificacion c,2003-02-01,57,55,57,55,112
20606,TIPUANI,estado nutricional en menores de 5 anos,clasificacion c,2003-02-01,31,8,31,8,39
30903,TIQUIPAYA,estado nutricional en menores de 5 anos,clasificacion c,2003-02-01,348,111,348,111,459
31601,TIRAQUE (CBBA),estado nutricional en menores de 5 anos,clasificacion c,2003-02-01,222,196,222,196,418
21703,TITO YUPANQUI (PARQUIPUJIO),estado nutricional en menores de 5 anos,clasificacion c,2003-02-01,14,10,14,10,24
30802,TOCO,estado nutricional en menores de 5 anos,clasificacion c,2003-02-01,10,14,10,14,24
30803,TOLATA,estado nutricional en menores de 5 anos,clasificacion c,2003-02-01,38,39,38,39,77
41001,TOLEDO,estado nutricional en menores de 5 anos,clasificacion c,2003-02-01,44,30,44,30,74
51202,TOMAVE,estado nutricional en menores de 5 anos,clasificacion c,2003-02-01,132,128,132,128,260
10402,TOMINA,estado nutricional en menores de 5 anos,clasificacion c,2003-02-01,178,230,178,230,408
50502,TORO TORO,estado nutricional en menores de 5 anos,clasificacion c,2003-02-01,145,178,145,178,323
31201,TOTORA(CBBA),estado nutricional en menores de 5 anos,clasificacion c,2003-02-01,120,63,120,63,183
41301,TOTORA(ORR),estado nutricional en menores de 5 anos,clasificacion c,2003-02-01,40,64,40,64,104
70802,TRIGAL,estado nutricional en menores de 5 anos,clasificacion c,2003-02-01,16,7,16,7,23
80101,TRINIDAD,estado nutricional en menores de 5 anos,clasificacion c,2003-02-01,644,636,644,636,1280
50801,TUPIZA,estado nutricional en menores de 5 anos,clasificacion c,2003-02-01,286,615,286,615,901
40402,TURCO,estado nutricional en menores de 5 anos,clasificacion c,2003-02-01,53,36,53,36,89
21302,UMALA,estado nutricional en menores de 5 anos,clasificacion c,2003-02-01,48,56,48,56,104
50201,UNCIA,estado nutricional en menores de 5 anos,clasificacion c,2003-02-01,43,28,43,28,71
60401,URIONDO (A. CONCEPCION),estado nutricional en menores de 5 anos,clasificacion c,2003-02-01,122,78,122,78,200
71502,URUBICHA,estado nutricional en menores de 5 anos,clasificacion c,2003-02-01,73,129,73,129,202
51201,UYUNI,estado nutricional en menores de 5 anos,clasificacion c,2003-02-01,267,110,267,110,377
30502,VACAS,estado nutricional en menores de 5 anos,clasificacion c,2003-02-01,50,12,50,12,62
70801,VALLEGRANDE,estado nutricional en menores de 5 anos,clasificacion c,2003-02-01,216,168,216,168,384
20801,VIACHA,estado nutricional en menores de 5 anos,clasificacion c,2003-02-01,279,319,279,319,598
31302,VILA VILA,estado nutricional en menores de 5 anos,clasificacion c,2003-02-01,38,45,38,45,83
60303,VILLA MONTES,estado nutricional en menores de 5 anos,clasificacion c,2003-02-01,303,210,303,210,513
90502,VILLA NUEVA (LOMA ALTA),estado nutricional en menores de 5 anos,clasificacion c,2003-02-01,3,1,3,1,4
31402,VILLA RIVERO,estado nutricional en menores de 5 anos,clasificacion c,2003-02-01,77,10,77,10,87
10801,VILLA SERRANO,estado nutricional en menores de 5 anos,clasificacion c,2003-02-01,278,301,278,301,579
31003,VILLA TUNARI,estado nutricional en menores de 5 anos,clasificacion c,2003-02-01,356,197,356,197,553
11001,VILLA VACA GUZMAN (MUYUPAMPA),estado nutricional en menores de 5 anos,clasificacion c,2003-02-01,183,257,183,257,440
51501,VILLAZON,estado nutricional en menores de 5 anos,clasificacion c,2003-02-01,367,305,367,305,672
50602,VITICHI,estado nutricional en menores de 5 anos,clasificacion c,2003-02-01,196,243,196,243,439
20306,WALDO BALLIVIAN,estado nutricional en menores de 5 anos,clasificacion c,2003-02-01,14,5,14,5,19
70201,WARNES,estado nutricional en menores de 5 anos,clasificacion c,2003-02-01,302,180,302,180,482
20903,YACO,estado nutricional en menores de 5 anos,clasificacion c,2003-02-01,34,22,34,22,56
60301,YACUIBA,estado nutricional en menores de 5 anos,clasificacion c,2003-02-01,525,238,525,238,763
10602,YAMPARAEZ,estado nutricional en menores de 5 anos,clasificacion c,2003-02-01,266,399,266,399,665
21103,YANACACHI,estado nutricional en menores de 5 anos,clasificacion c,2003-02-01,40,32,40,32,72
70403,YAPACANI,estado nutricional en menores de 5 anos,clasificacion c,2003-02-01,411,276,411,276,687
50103,YOCALLA,estado nutricional en menores de 5 anos,clasificacion c,2003-02-01,119,93,119,93,212
10102,YOTALA,estado nutricional en menores de 5 anos,clasificacion c,2003-02-01,168,275,168,275,443
60402,YUNCHARA,estado nutricional en menores de 5 anos,clasificacion c,2003-02-01,47,50,47,50,97
10301,ZUDAÃ‘EZ,estado nutricional en menores de 5 anos,clasificacion c,2003-02-01,111,121,111,121,232
51302,ACACIO,estado nutricional en menores de 5 anos,clasificacion c,2003-03-01,101,103,101,103,204
20201,ACHACACHI,estado nutricional en menores de 5 anos,clasificacion c,2003-03-01,529,403,529,403,932
20104,ACHOCALLA,estado nutricional en menores de 5 anos,clasificacion c,2003-03-01,114,48,114,48,162
30201,AIQUILE,estado nutricional en menores de 5 anos,clasificacion c,2003-03-01,114,77,114,77,191
31303,ALALAY,estado nutricional en menores de 5 anos,clasificacion c,2003-03-01,33,28,33,28,61
10404,ALCALA,estado nutricional en menores de 5 anos,clasificacion c,2003-03-01,59,121,59,121,180
20202,ANCORAIMES,estado nutricional en menores de 5 anos,clasificacion c,2003-03-01,214,205,214,205,419
41201,ANDAMARCA,estado nutricional en menores de 5 anos,clasificacion c,2003-03-01,43,79,43,79,122
40603,ANTEQUERA,estado nutricional en menores de 5 anos,clasificacion c,2003-03-01,11,3,11,3,14
30402,ANZALDO,estado nutricional en menores de 5 anos,clasificacion c,2003-03-01,13,38,13,38,51
20701,APOLO,estado nutricional en menores de 5 anos,clasificacion c,2003-03-01,76,69,76,69,145
51301,ARAMPAMPA,estado nutricional en menores de 5 anos,clasificacion c,2003-03-01,75,121,75,121,196
30501,ARANI,estado nutricional en menores de 5 anos,clasificacion c,2003-03-01,10,67,10,67,77
30403,ARBIETO,estado nutricional en menores de 5 anos,clasificacion c,2003-03-01,18,27,18,27,45
30601,ARQUE,estado nutricional en menores de 5 anos,clasificacion c,2003-03-01,102,91,102,91,193
71501,ASCENCION DE GUARAYOS,estado nutricional en menores de 5 anos,clasificacion c,2003-03-01,8,11,8,11,19
50802,ATOCHA,estado nutricional en menores de 5 anos,clasificacion c,2003-03-01,46,329,46,329,375
20503,AUCAPATA,estado nutricional en menores de 5 anos,clasificacion c,2003-03-01,25,11,25,11,36
20502,AYATA,estado nutricional en menores de 5 anos,clasificacion c,2003-03-01,39,7,39,7,46
21303,AYO AYO,estado nutricional en menores de 5 anos,clasificacion c,2003-03-01,105,6,105,6,111
30301,AYOPAYA (V. DE INDEPENDENCIA),estado nutricional en menores de 5 anos,clasificacion c,2003-03-01,226,291,226,291,517
10201,AZURDUY,estado nutricional en menores de 5 anos,clasificacion c,2003-03-01,212,288,212,288,500
21203,BATALLAS,estado nutricional en menores de 5 anos,clasificacion c,2003-03-01,140,121,140,121,261
80802,BAURES,estado nutricional en menores de 5 anos,clasificacion c,2003-03-01,52,49,52,49,101
41202,BELEN DE ANDAMARCA,estado nutricional en menores de 5 anos,clasificacion c,2003-03-01,2,7,2,7,9
50104,BELEN DE URMIRI,estado nutricional en menores de 5 anos,clasificacion c,2003-03-01,10,37,10,37,47
90104,BELLA FLOR,estado nutricional en menores de 5 anos,clasificacion c,2003-03-01,22,51,22,51,73
60202,BERMEJO,estado nutricional en menores de 5 anos,clasificacion c,2003-03-01,53,121,53,121,174
50301,BETANZOS,estado nutricional en menores de 5 anos,clasificacion c,2003-03-01,460,343,460,343,803
31501,BOLIVAR,estado nutricional en menores de 5 anos,clasificacion c,2003-03-01,85,78,85,78,163
90103,BOLPEBRA,estado nutricional en menores de 5 anos,clasificacion c,2003-03-01,6,11,6,11,17
70707,BOYUIBE,estado nutricional en menores de 5 anos,clasificacion c,2003-03-01,41,47,41,47,88
70401,BUENA VISTA,estado nutricional en menores de 5 anos,clasificacion c,2003-03-01,208,143,208,143,351
70703,CABEZAS,estado nutricional en menores de 5 anos,clasificacion c,2003-03-01,28,25,28,25,53
20905,CAIROMA,estado nutricional en menores de 5 anos,clasificacion c,2003-03-01,56,44,56,44,100
51102,"CAIZA ""D""",estado nutricional en menores de 5 anos,clasificacion c,2003-03-01,218,182,218,182,400
21003,CAJUATA,estado nutricional en menores de 5 anos,clasificacion c,2003-03-01,40,10,40,10,50
20303,CALACOTO,estado nutricional en menores de 5 anos,clasificacion c,2003-03-01,25,13,25,13,38
21304,CALAMARCA,estado nutricional en menores de 5 anos,clasificacion c,2003-03-01,194,102,194,102,296
10701,CAMARGO,estado nutricional en menores de 5 anos,clasificacion c,2003-03-01,205,139,205,139,344
10901,CAMATAQUI (C. VILLA ABECIA),estado nutricional en menores de 5 anos,clasificacion c,2003-03-01,66,46,66,46,112
70706,CAMIRI,estado nutricional en menores de 5 anos,clasificacion c,2003-03-01,281,163,281,163,444
30701,CAPINOTA,estado nutricional en menores de 5 anos,clasificacion c,2003-03-01,63,75,63,75,138
20302,CAQUIAVIRI,estado nutricional en menores de 5 anos,clasificacion c,2003-03-01,76,65,76,65,141
40102,CARACOLLO,estado nutricional en menores de 5 anos,clasificacion c,2003-03-01,148,147,148,147,295
22001,CARANAVI,estado nutricional en menores de 5 anos,clasificacion c,2003-03-01,540,328,540,328,868
41503,CARANGAS,estado nutricional en menores de 5 anos,clasificacion c,2003-03-01,3,3,3,3,6
60302,CARAPARI,estado nutricional en menores de 5 anos,clasificacion c,2003-03-01,109,118,109,118,227
50702,CARIPUYO,estado nutricional en menores de 5 anos,clasificacion c,2003-03-01,62,46,62,46,108
21902,CATACORA,estado nutricional en menores de 5 anos,clasificacion c,2003-03-01,1,2,1,2,3
40201,CHALLAPATA,estado nutricional en menores de 5 anos,clasificacion c,2003-03-01,85,130,85,130,215
50302,CHAQUI,estado nutricional en menores de 5 anos,clasificacion c,2003-03-01,158,92,158,92,250
70702,CHARAGUA,estado nutricional en menores de 5 anos,clasificacion c,2003-03-01,337,247,337,247,584
20305,CHARAÃ‘A,estado nutricional en menores de 5 anos,clasificacion c,2003-03-01,21,13,21,13,34
50202,CHAYANTA,estado nutricional en menores de 5 anos,clasificacion c,2003-03-01,109,67,109,67,176
31204,CHIMORE,estado nutricional en menores de 5 anos,clasificacion c,2003-03-01,60,89,60,89,149
40302,CHOQUE COTA,estado nutricional en menores de 5 anos,clasificacion c,2003-03-01,28,0,28,0,28
21101,CHULUMANI (V. DE LA LIBERTAD),estado nutricional en menores de 5 anos,clasificacion c,2003-03-01,89,66,89,66,155
20501,CHUMA,estado nutricional en menores de 5 anos,clasificacion c,2003-03-01,48,25,48,25,73
30801,CLIZA,estado nutricional en menores de 5 anos,clasificacion c,2003-03-01,69,14,69,14,83
90101,COBIJA,estado nutricional en menores de 5 anos,clasificacion c,2003-03-01,224,122,224,122,346
30101,COCHABAMBA,estado nutricional en menores de 5 anos,clasificacion c,2003-03-01,1968,1006,1968,1006,2974
40902,COIPASA,estado nutricional en menores de 5 anos,clasificacion c,2003-03-01,4,9,4,9,13
30905,COLCAPIRHUA,estado nutricional en menores de 5 anos,clasificacion c,2003-03-01,140,60,140,60,200
50901,"COLCHA ""K""",estado nutricional en menores de 5 anos,clasificacion c,2003-03-01,130,113,130,113,243
21307,COLLANA,estado nutricional en menores de 5 anos,clasificacion c,2003-03-01,12,6,12,6,18
31002,COLOMI,estado nutricional en menores de 5 anos,clasificacion c,2003-03-01,192,127,192,127,319
50401,COLQUECHACA,estado nutricional en menores de 5 anos,clasificacion c,2003-03-01,190,113,190,113,303
21306,COLQUENCHA,estado nutricional en menores de 5 anos,clasificacion c,2003-03-01,68,36,68,36,104
21004,COLQUIRI,estado nutricional en menores de 5 anos,clasificacion c,2003-03-01,191,82,191,82,273
20304,COMANCHE,estado nutricional en menores de 5 anos,clasificacion c,2003-03-01,8,4,8,4,12
71301,COMARAPA,estado nutricional en menores de 5 anos,clasificacion c,2003-03-01,127,50,127,50,177
71101,CONCEPCION,estado nutricional en menores de 5 anos,clasificacion c,2003-03-01,24,16,24,16,40
21701,COPACABANA,estado nutricional en menores de 5 anos,clasificacion c,2003-03-01,167,81,167,81,248
21402,CORIPATA,estado nutricional en menores de 5 anos,clasificacion c,2003-03-01,46,29,46,29,75
20301,CORO CORO,estado nutricional en menores de 5 anos,clasificacion c,2003-03-01,71,65,71,65,136
21401,COROICO,estado nutricional en menores de 5 anos,clasificacion c,2003-03-01,102,58,102,58,160
40301,CORQUE,estado nutricional en menores de 5 anos,clasificacion c,2003-03-01,56,53,56,53,109
50601,COTAGAITA,estado nutricional en menores de 5 anos,clasificacion c,2003-03-01,178,169,178,169,347
70102,COTOCA,estado nutricional en menores de 5 anos,clasificacion c,2003-03-01,165,30,165,30,195
31405,CUCHUMUELA (V. G. VILLARROEL),estado nutricional en menores de 5 anos,clasificacion c,2003-03-01,4,2,4,2,6
70704,CUEVO,estado nutricional en menores de 5 anos,clasificacion c,2003-03-01,76,39,76,39,115
10902,CULPINA,estado nutricional en menores de 5 anos,clasificacion c,2003-03-01,328,273,328,273,601
40401,CURAHUARA DE CARANGAS,estado nutricional en menores de 5 anos,clasificacion c,2003-03-01,77,72,77,72,149
21602,CURVA,estado nutricional en menores de 5 anos,clasificacion c,2003-03-01,25,17,25,17,42
20804,DESAGUADERO,estado nutricional en menores de 5 anos,clasificacion c,2003-03-01,39,50,39,50,89
20105,EL ALTO,estado nutricional en menores de 5 anos,clasificacion c,2003-03-01,4901,1713,4901,1713,6614
40103,EL CHORO,estado nutricional en menores de 5 anos,clasificacion c,2003-03-01,26,8,26,8,34
71503,EL PUENTE(STC),estado nutricional en menores de 5 anos,clasificacion c,2003-03-01,43,271,43,271,314
60502,EL PUENTE(TJA),estado nutricional en menores de 5 anos,clasificacion c,2003-03-01,35,57,35,57,92
70105,EL TORNO,estado nutricional en menores de 5 anos,clasificacion c,2003-03-01,270,184,270,184,454
10405,EL VILLAR,estado nutricional en menores de 5 anos,clasificacion c,2003-03-01,88,112,88,112,200
60601,ENTRE RIOS,estado nutricional en menores de 5 anos,clasificacion c,2003-03-01,231,338,231,338,569
40502,ESCARA,estado nutricional en menores de 5 anos,clasificacion c,2003-03-01,4,5,4,5,9
41101,EUCALIPTUS,estado nutricional en menores de 5 anos,clasificacion c,2003-03-01,33,29,33,29,62
90503,EUREKA (SANTOS MERCADO),estado nutricional en menores de 5 anos,clasificacion c,2003-03-01,4,3,4,3,7
80402,EXALTACION,estado nutricional en menores de 5 anos,clasificacion c,2003-03-01,0,56,0,56,56
90203,FILADELFIA,estado nutricional en menores de 5 anos,clasificacion c,2003-03-01,7,29,7,29,36
71002,GENERAL SAAVEDRA,estado nutricional en menores de 5 anos,clasificacion c,2003-03-01,246,297,246,297,543
21601,GRAL. J.J. PEREZ (CHARAZANI),estado nutricional en menores de 5 anos,clasificacion c,2003-03-01,58,66,58,66,124
20602,GUANAY,estado nutricional en menores de 5 anos,clasificacion c,2003-03-01,393,236,393,236,629
20802,GUAQUI,estado nutricional en menores de 5 anos,clasificacion c,2003-03-01,57,15,57,15,72
80202,GUAYARAMERIN,estado nutricional en menores de 5 anos,clasificacion c,2003-03-01,557,321,557,321,878
70705,GUTIERREZ,estado nutricional en menores de 5 anos,clasificacion c,2003-03-01,180,219,180,219,399
10502,HUACARETA,estado nutricional en menores de 5 anos,clasificacion c,2003-03-01,162,265,162,265,427
11002,HUACAYA (VILLA DE HUACAYA),estado nutricional en menores de 5 anos,clasificacion c,2003-03-01,35,41,35,41,76
40701,HUANUNI,estado nutricional en menores de 5 anos,clasificacion c,2003-03-01,268,174,268,174,442
80803,HUARACAJE,estado nutricional en menores de 5 anos,clasificacion c,2003-03-01,34,27,34,27,61
41601,HUAYLLAMARCA,estado nutricional en menores de 5 anos,clasificacion c,2003-03-01,39,22,39,22,61
21005,ICHOCA,estado nutricional en menores de 5 anos,clasificacion c,2003-03-01,32,46,32,46,78
10304,ICLA,estado nutricional en menores de 5 anos,clasificacion c,2003-03-01,141,206,141,206,347
10703,INCAHUASI,estado nutricional en menores de 5 anos,clasificacion c,2003-03-01,207,134,207,134,341
90402,INGAVI (HUMAITA),estado nutricional en menores de 5 anos,clasificacion c,2003-03-01,0,2,0,2,2
21001,INQUISIVI,estado nutricional en menores de 5 anos,clasificacion c,2003-03-01,156,170,156,170,326
21102,IRUPANA (VILLA DE LANZA),estado nutricional en menores de 5 anos,clasificacion c,2003-03-01,176,181,176,181,357
21501,IXIAMAS,estado nutricional en menores de 5 anos,clasificacion c,2003-03-01,70,73,70,73,143
21105,LA ASUNTA,estado nutricional en menores de 5 anos,clasificacion c,2003-03-01,191,81,191,81,272
70104,LA GUARDIA,estado nutricional en menores de 5 anos,clasificacion c,2003-03-01,503,254,503,254,757
20101,LA PAZ,estado nutricional en menores de 5 anos,clasificacion c,2003-03-01,3818,2242,3818,2242,6060
41501,LA RIVERA,estado nutricional en menores de 5 anos,clasificacion c,2003-03-01,4,4,4,4,8
70701,LAGUNILLAS,estado nutricional en menores de 5 anos,clasificacion c,2003-03-01,100,122,100,122,222
21202,LAJA,estado nutricional en menores de 5 anos,clasificacion c,2003-03-01,74,20,74,20,94
10903,LAS CARRERAS,estado nutricional en menores de 5 anos,clasificacion c,2003-03-01,58,83,58,83,141
21006,LICOMA PAMPA,estado nutricional en menores de 5 anos,clasificacion c,2003-03-01,27,6,27,6,33
50203,LLALLAGUA,estado nutricional en menores de 5 anos,clasificacion c,2003-03-01,101,694,101,694,795
51401,LLICA,estado nutricional en menores de 5 anos,clasificacion c,2003-03-01,57,48,57,48,105
80601,LORETO,estado nutricional en menores de 5 anos,clasificacion c,2003-03-01,34,53,34,53,87
20901,LURIBAY,estado nutricional en menores de 5 anos,clasificacion c,2003-03-01,72,40,72,40,112
40702,MACHACAMARCA,estado nutricional en menores de 5 anos,clasificacion c,2003-03-01,31,13,31,13,44
11003,MACHARETI,estado nutricional en menores de 5 anos,clasificacion c,2003-03-01,122,227,122,227,349
80801,MAGDALENA,estado nutricional en menores de 5 anos,clasificacion c,2003-03-01,106,84,106,84,190
70903,MAIRANA,estado nutricional en menores de 5 anos,clasificacion c,2003-03-01,110,27,110,27,137
20904,MALLA,estado nutricional en menores de 5 anos,clasificacion c,2003-03-01,11,10,11,10,21
20103,MECAPACA,estado nutricional en menores de 5 anos,clasificacion c,2003-03-01,113,188,113,188,301
71003,MINEROS,estado nutricional en menores de 5 anos,clasificacion c,2003-03-01,651,452,651,452,1103
31301,MIZQUE,estado nutricional en menores de 5 anos,clasificacion c,2003-03-01,175,138,175,138,313
20402,MOCOMOCO,estado nutricional en menores de 5 anos,clasificacion c,2003-03-01,216,159,216,159,375
51002,MOJINETE,estado nutricional en menores de 5 anos,clasificacion c,2003-03-01,5,20,5,20,25
10303,MOJOCOYA,estado nutricional en menores de 5 anos,clasificacion c,2003-03-01,159,237,159,237,396
10501,MONTEAGUDO,estado nutricional en menores de 5 anos,clasificacion c,2003-03-01,399,374,399,374,773
71001,MONTERO,estado nutricional en menores de 5 anos,clasificacion c,2003-03-01,1310,761,1310,761,2071
70803,MORO MORO,estado nutricional en menores de 5 anos,clasificacion c,2003-03-01,33,22,33,22,55
30302,MOROCHATA,estado nutricional en menores de 5 anos,clasificacion c,2003-03-01,192,201,192,201,393
90401,NACEBE (SANTA ROSA DEL ABUNA),estado nutricional en menores de 5 anos,clasificacion c,2003-03-01,10,3,10,3,13
20307,NAZACARA DE PACAJES,estado nutricional en menores de 5 anos,clasificacion c,2003-03-01,5,0,5,0,5
90501,NUEVO MANOA (NUEVA ESPERANZA),estado nutricional en menores de 5 anos,clasificacion c,2003-03-01,4,8,4,8,12
50404,OCURI,estado nutricional en menores de 5 anos,clasificacion c,2003-03-01,102,147,102,147,249
70202,OKINAWA,estado nutricional en menores de 5 anos,clasificacion c,2003-03-01,67,148,67,148,215
30203,OMEREQUE,estado nutricional en menores de 5 anos,clasificacion c,2003-03-01,2,58,2,58,60
40101,ORURO,estado nutricional en menores de 5 anos,clasificacion c,2003-03-01,1481,1027,1481,1027,2508
60201,PADCAYA,estado nutricional en menores de 5 anos,clasificacion c,2003-03-01,200,217,200,217,417
10401,PADILLA,estado nutricional en menores de 5 anos,clasificacion c,2003-03-01,280,346,280,346,626
70502,PAILON,estado nutricional en menores de 5 anos,clasificacion c,2003-03-01,90,79,90,79,169
20102,PALCA,estado nutricional en menores de 5 anos,clasificacion c,2003-03-01,127,73,127,73,200
21104,PALOS BLANCOS,estado nutricional en menores de 5 anos,clasificacion c,2003-03-01,252,223,252,223,475
40802,PAMPA AULLAGAS,estado nutricional en menores de 5 anos,clasificacion c,2003-03-01,19,42,19,42,61
70902,PAMPA GRANDE,estado nutricional en menores de 5 anos,clasificacion c,2003-03-01,64,37,64,37,101
21802,PAPEL PAMPA,estado nutricional en menores de 5 anos,clasificacion c,2003-03-01,30,26,30,26,56
30202,PASORAPA,estado nutricional en menores de 5 anos,clasificacion c,2003-03-01,35,33,35,33,68
21305,PATACAMAYA,estado nutricional en menores de 5 anos,clasificacion c,2003-03-01,167,58,167,58,225
40602,PAZÃ‘A,estado nutricional en menores de 5 anos,clasificacion c,2003-03-01,15,61,15,61,76
20702,PELECHUCO,estado nutricional en menores de 5 anos,clasificacion c,2003-03-01,23,20,23,20,43
50403,POCOATA,estado nutricional en menores de 5 anos,clasificacion c,2003-03-01,277,186,277,186,463
31203,POCONA,estado nutricional en menores de 5 anos,clasificacion c,2003-03-01,162,114,162,114,276
31202,POJO (CBBA),estado nutricional en menores de 5 anos,clasificacion c,2003-03-01,341,209,341,209,550
40601,POOPO,estado nutricional en menores de 5 anos,clasificacion c,2003-03-01,8,80,8,80,88
51203,PORCO,estado nutricional en menores de 5 anos,clasificacion c,2003-03-01,89,36,89,36,125
10103,POROMA,estado nutricional en menores de 5 anos,clasificacion c,2003-03-01,193,154,193,154,347
70103,PORONGO,estado nutricional en menores de 5 anos,clasificacion c,2003-03-01,56,60,56,60,116
70601,PORTACHUELO,estado nutricional en menores de 5 anos,clasificacion c,2003-03-01,302,196,302,196,498
90102,PORVENIR,estado nutricional en menores de 5 anos,clasificacion c,2003-03-01,3,16,3,16,19
70804,POSTRER VALLE,estado nutricional en menores de 5 anos,clasificacion c,2003-03-01,13,20,13,20,33
50101,POTOSI,estado nutricional en menores de 5 anos,clasificacion c,2003-03-01,1400,449,1400,449,1849
10302,PRESTO,estado nutricional en menores de 5 anos,clasificacion c,2003-03-01,155,123,155,123,278
70805,PUCARA,estado nutricional en menores de 5 anos,clasificacion c,2003-03-01,11,21,11,21,32
21201,PUCARANI,estado nutricional en menores de 5 anos,clasificacion c,2003-03-01,89,114,89,114,203
20401,PUERTO ACOSTA,estado nutricional en menores de 5 anos,clasificacion c,2003-03-01,217,140,217,140,357
20403,PUERTO CARABUCO,estado nutricional en menores de 5 anos,clasificacion c,2003-03-01,137,96,137,96,233
90301,PUERTO GONZALO MORENO,estado nutricional en menores de 5 anos,clasificacion c,2003-03-01,17,10,17,10,27
21204,PUERTO PEREZ,estado nutricional en menores de 5 anos,clasificacion c,2003-03-01,66,20,66,20,86
71402,PUERTO QUIJARRO,estado nutricional en menores de 5 anos,clasificacion c,2003-03-01,154,66,154,66,220
90201,PUERTO RICO,estado nutricional en menores de 5 anos,clasificacion c,2003-03-01,8,47,8,47,55
80703,PUERTO SILES,estado nutricional en menores de 5 anos,clasificacion c,2003-03-01,1,3,1,3,4
71401,PUERTO SUAREZ,estado nutricional en menores de 5 anos,clasificacion c,2003-03-01,164,33,164,33,197
31205,PUERTO VILLARROEL,estado nutricional en menores de 5 anos,clasificacion c,2003-03-01,422,267,422,267,689
51101,PUNA,estado nutricional en menores de 5 anos,clasificacion c,2003-03-01,401,272,401,272,673
31401,PUNATA,estado nutricional en menores de 5 anos,clasificacion c,2003-03-01,351,81,351,81,432
30901,QUILLACOLLO,estado nutricional en menores de 5 anos,clasificacion c,2003-03-01,214,201,214,201,415
21002,QUIME,estado nutricional en menores de 5 anos,clasificacion c,2003-03-01,154,148,154,148,302
70904,QUIRUSILLAS,estado nutricional en menores de 5 anos,clasificacion c,2003-03-01,16,17,16,17,33
50402,RAVELO,estado nutricional en menores de 5 anos,clasificacion c,2003-03-01,264,160,264,160,424
80301,REYES,estado nutricional en menores de 5 anos,clasificacion c,2003-03-01,135,64,135,64,199
80201,RIBERALTA,estado nutricional en menores de 5 anos,clasificacion c,2003-03-01,1003,371,1003,371,1374
70503,ROBORE,estado nutricional en menores de 5 anos,clasificacion c,2003-03-01,165,154,165,154,319
80304,RURRENABAQUE,estado nutricional en menores de 5 anos,clasificacion c,2003-03-01,239,66,239,66,305
40901,SABAYA,estado nutricional en menores de 5 anos,clasificacion c,2003-03-01,10,14,10,14,24
31001,SACABA,estado nutricional en menores de 5 anos,clasificacion c,2003-03-01,380,316,380,316,696
30404,SACABAMBA,estado nutricional en menores de 5 anos,clasificacion c,2003-03-01,41,44,41,44,85
50701,SACACA,estado nutricional en menores de 5 anos,clasificacion c,2003-03-01,192,201,192,201,393
71302,SAIPINA,estado nutricional en menores de 5 anos,clasificacion c,2003-03-01,30,29,30,29,59
40801,SALINAS DE GARCI MENDOZA,estado nutricional en menores de 5 anos,clasificacion c,2003-03-01,62,57,62,57,119
70901,SAMAIPATA,estado nutricional en menores de 5 anos,clasificacion c,2003-03-01,120,63,120,63,183
51601,SAN AGUSTIN,estado nutricional en menores de 5 anos,clasificacion c,2003-03-01,22,25,22,25,47
80602,SAN ANDRES,estado nutricional en menores de 5 anos,clasificacion c,2003-03-01,47,33,47,33,80
51003,SAN ANTONIO DE ESMORUCO,estado nutricional en menores de 5 anos,clasificacion c,2003-03-01,13,17,13,17,30
71105,SAN ANTONIO DE LOMERIO,estado nutricional en menores de 5 anos,clasificacion c,2003-03-01,110,125,110,125,235
31403,SAN BENITO,estado nutricional en menores de 5 anos,clasificacion c,2003-03-01,70,45,70,45,115
80302,SAN BORJA,estado nutricional en menores de 5 anos,clasificacion c,2003-03-01,410,241,410,241,651
21502,SAN BUENA VENTURA,estado nutricional en menores de 5 anos,clasificacion c,2003-03-01,100,51,100,51,151
70402,SAN CARLOS,estado nutricional en menores de 5 anos,clasificacion c,2003-03-01,248,184,248,184,432
80501,SAN IGNACIO,estado nutricional en menores de 5 anos,clasificacion c,2003-03-01,208,186,208,186,394
70301,SAN IGNACIO DE VELASCO,estado nutricional en menores de 5 anos,clasificacion c,2003-03-01,549,281,549,281,830
80102,SAN JAVIER(BNI),estado nutricional en menores de 5 anos,clasificacion c,2003-03-01,16,28,16,28,44
71102,SAN JAVIER(STC),estado nutricional en menores de 5 anos,clasificacion c,2003-03-01,119,92,119,92,211
80701,SAN JOAQUIN,estado nutricional en menores de 5 anos,clasificacion c,2003-03-01,45,27,45,27,72
70501,SAN JOSE DE CHIQUITOS,estado nutricional en menores de 5 anos,clasificacion c,2003-03-01,129,45,129,45,174
71104,SAN JULIAN,estado nutricional en menores de 5 anos,clasificacion c,2003-03-01,547,667,547,667,1214
90302,SAN LORENZO(PND),estado nutricional en menores de 5 anos,clasificacion c,2003-03-01,109,147,109,147,256
60501,SAN LORENZO(TJA),estado nutricional en menores de 5 anos,clasificacion c,2003-03-01,157,170,157,170,327
10702,SAN LUCAS,estado nutricional en menores de 5 anos,clasificacion c,2003-03-01,734,676,734,676,1410
70302,SAN MIGUEL DE VELASCO,estado nutricional en menores de 5 anos,clasificacion c,2003-03-01,146,88,146,88,234
51001,SAN PABLO DE LIPEZ,estado nutricional en menores de 5 anos,clasificacion c,2003-03-01,25,36,25,36,61
50501,SAN PEDRO DE BUENA VISTA,estado nutricional en menores de 5 anos,clasificacion c,2003-03-01,140,132,140,132,272
21801,SAN PEDRO DE CURAHUARA,estado nutricional en menores de 5 anos,clasificacion c,2003-03-01,36,62,36,62,98
50902,SAN PEDRO DE QUEMES,estado nutricional en menores de 5 anos,clasificacion c,2003-03-01,7,8,7,8,15
21702,SAN PEDRO DE TIQUINA,estado nutricional en menores de 5 anos,clasificacion c,2003-03-01,31,38,31,38,69
70303,SAN RAFAEL,estado nutricional en menores de 5 anos,clasificacion c,2003-03-01,142,78,142,78,220
80702,SAN RAMON,estado nutricional en menores de 5 anos,clasificacion c,2003-03-01,13,4,13,4,17
80702,SAN RAMON,estado nutricional en menores de 5 anos,clasificacion c,2003-03-01,42,50,42,50,92
80401,SANTA ANA,estado nutricional en menores de 5 anos,clasificacion c,2003-03-01,0,37,0,37,37
70101,SANTA CRUZ DE LA SIERRA,estado nutricional en menores de 5 anos,clasificacion c,2003-03-01,4306,2331,4306,2331,6637
80303,SANTA ROSA,estado nutricional en menores de 5 anos,clasificacion c,2003-03-01,94,34,94,34,128
70602,SANTA ROSA DEL SARA,estado nutricional en menores de 5 anos,clasificacion c,2003-03-01,54,44,54,44,98
20308,SANTIAGO DE CALLAPA,estado nutricional en menores de 5 anos,clasificacion c,2003-03-01,48,49,48,49,97
21901,SANTIAGO DE MACHACA,estado nutricional en menores de 5 anos,clasificacion c,2003-03-01,26,7,26,7,33
30702,SANTIVAÃ‘ES,estado nutricional en menores de 5 anos,clasificacion c,2003-03-01,98,57,98,57,155
40202,SANTUARIO DE QUILLACAS,estado nutricional en menores de 5 anos,clasificacion c,2003-03-01,32,26,32,26,58
20902,SAPAHAQUI,estado nutricional en menores de 5 anos,clasificacion c,2003-03-01,68,28,68,28,96
90303,SENA,estado nutricional en menores de 5 anos,clasificacion c,2003-03-01,4,76,4,76,80
21301,SICA SICA (VILLA AROMA),estado nutricional en menores de 5 anos,clasificacion c,2003-03-01,167,64,167,64,231
30703,SICAYA,estado nutricional en menores de 5 anos,clasificacion c,2003-03-01,9,3,9,3,12
30902,SIPE SIPE,estado nutricional en menores de 5 anos,clasificacion c,2003-03-01,355,164,355,164,519
10403,SOPACHUY,estado nutricional en menores de 5 anos,clasificacion c,2003-03-01,114,65,114,65,179
20601,SORATA,estado nutricional en menores de 5 anos,clasificacion c,2003-03-01,163,211,163,211,374
10101,SUCRE,estado nutricional en menores de 5 anos,clasificacion c,2003-03-01,1907,1316,1907,1316,3223
31404,TACACHI,estado nutricional en menores de 5 anos,clasificacion c,2003-03-01,20,9,20,9,29
50303,TACOBAMBA,estado nutricional en menores de 5 anos,clasificacion c,2003-03-01,125,94,125,94,219
30602,TACOPAYA,estado nutricional en menores de 5 anos,clasificacion c,2003-03-01,76,107,76,107,183
51402,TAHUA,estado nutricional en menores de 5 anos,clasificacion c,2003-03-01,32,30,32,30,62
31101,TAPACARI,estado nutricional en menores de 5 anos,clasificacion c,2003-03-01,164,139,164,139,303
10601,TARABUCO,estado nutricional en menores de 5 anos,clasificacion c,2003-03-01,446,533,446,533,979
30401,TARATA,estado nutricional en menores de 5 anos,clasificacion c,2003-03-01,75,35,75,35,110
60101,TARIJA,estado nutricional en menores de 5 anos,clasificacion c,2003-03-01,774,510,774,510,1284
10202,TARVITA,estado nutricional en menores de 5 anos,clasificacion c,2003-03-01,208,233,208,233,441
20803,TIAWANACU,estado nutricional en menores de 5 anos,clasificacion c,2003-03-01,108,47,108,47,155
50102,TINGUIPAYA,estado nutricional en menores de 5 anos,clasificacion c,2003-03-01,85,94,85,94,179
20606,TIPUANI,estado nutricional en menores de 5 anos,clasificacion c,2003-03-01,53,39,53,39,92
30903,TIQUIPAYA,estado nutricional en menores de 5 anos,clasificacion c,2003-03-01,114,81,114,81,195
31601,TIRAQUE (CBBA),estado nutricional en menores de 5 anos,clasificacion c,2003-03-01,205,331,205,331,536
21703,TITO YUPANQUI (PARQUIPUJIO),estado nutricional en menores de 5 anos,clasificacion c,2003-03-01,9,12,9,12,21
30802,TOCO,estado nutricional en menores de 5 anos,clasificacion c,2003-03-01,7,16,7,16,23
41502,TODOS SANTOS,estado nutricional en menores de 5 anos,clasificacion c,2003-03-01,1,1,1,1,2
30803,TOLATA,estado nutricional en menores de 5 anos,clasificacion c,2003-03-01,40,12,40,12,52
41001,TOLEDO,estado nutricional en menores de 5 anos,clasificacion c,2003-03-01,78,48,78,48,126
51202,TOMAVE,estado nutricional en menores de 5 anos,clasificacion c,2003-03-01,104,141,104,141,245
10402,TOMINA,estado nutricional en menores de 5 anos,clasificacion c,2003-03-01,161,200,161,200,361
50502,TORO TORO,estado nutricional en menores de 5 anos,clasificacion c,2003-03-01,120,125,120,125,245
31201,TOTORA(CBBA),estado nutricional en menores de 5 anos,clasificacion c,2003-03-01,105,69,105,69,174
41301,TOTORA(ORR),estado nutricional en menores de 5 anos,clasificacion c,2003-03-01,44,51,44,51,95
70802,TRIGAL,estado nutricional en menores de 5 anos,clasificacion c,2003-03-01,21,13,21,13,34
80101,TRINIDAD,estado nutricional en menores de 5 anos,clasificacion c,2003-03-01,621,846,621,846,1467
50801,TUPIZA,estado nutricional en menores de 5 anos,clasificacion c,2003-03-01,266,576,266,576,842
40402,TURCO,estado nutricional en menores de 5 anos,clasificacion c,2003-03-01,50,38,50,38,88
21302,UMALA,estado nutricional en menores de 5 anos,clasificacion c,2003-03-01,79,57,79,57,136
50201,UNCIA,estado nutricional en menores de 5 anos,clasificacion c,2003-03-01,62,55,62,55,117
60401,URIONDO (A. CONCEPCION),estado nutricional en menores de 5 anos,clasificacion c,2003-03-01,113,79,113,79,192
71502,URUBICHA,estado nutricional en menores de 5 anos,clasificacion c,2003-03-01,9,30,9,30,39
51201,UYUNI,estado nutricional en menores de 5 anos,clasificacion c,2003-03-01,367,182,367,182,549
30502,VACAS,estado nutricional en menores de 5 anos,clasificacion c,2003-03-01,34,30,34,30,64
70801,VALLEGRANDE,estado nutricional en menores de 5 anos,clasificacion c,2003-03-01,186,177,186,177,363
20801,VIACHA,estado nutricional en menores de 5 anos,clasificacion c,2003-03-01,391,228,391,228,619
31302,VILA VILA,estado nutricional en menores de 5 anos,clasificacion c,2003-03-01,26,19,26,19,45
60303,VILLA MONTES,estado nutricional en menores de 5 anos,clasificacion c,2003-03-01,233,199,233,199,432
90502,VILLA NUEVA (LOMA ALTA),estado nutricional en menores de 5 anos,clasificacion c,2003-03-01,2,1,2,1,3
31402,VILLA RIVERO,estado nutricional en menores de 5 anos,clasificacion c,2003-03-01,64,16,64,16,80
10801,VILLA SERRANO,estado nutricional en menores de 5 anos,clasificacion c,2003-03-01,295,341,295,341,636
31003,VILLA TUNARI,estado nutricional en menores de 5 anos,clasificacion c,2003-03-01,336,182,336,182,518
11001,VILLA VACA GUZMAN (MUYUPAMPA),estado nutricional en menores de 5 anos,clasificacion c,2003-03-01,172,182,172,182,354
51501,VILLAZON,estado nutricional en menores de 5 anos,clasificacion c,2003-03-01,336,247,336,247,583
50602,VITICHI,estado nutricional en menores de 5 anos,clasificacion c,2003-03-01,167,147,167,147,314
20306,WALDO BALLIVIAN,estado nutricional en menores de 5 anos,clasificacion c,2003-03-01,12,2,12,2,14
70201,WARNES,estado nutricional en menores de 5 anos,clasificacion c,2003-03-01,365,295,365,295,660
20903,YACO,estado nutricional en menores de 5 anos,clasificacion c,2003-03-01,24,12,24,12,36
60301,YACUIBA,estado nutricional en menores de 5 anos,clasificacion c,2003-03-01,529,321,529,321,850
10602,YAMPARAEZ,estado nutricional en menores de 5 anos,clasificacion c,2003-03-01,266,399,266,399,665
21103,YANACACHI,estado nutricional en menores de 5 anos,clasificacion c,2003-03-01,42,39,42,39,81
70403,YAPACANI,estado nutricional en menores de 5 anos,clasificacion c,2003-03-01,435,274,435,274,709
50103,YOCALLA,estado nutricional en menores de 5 anos,clasificacion c,2003-03-01,99,58,99,58,157
10102,YOTALA,estado nutricional en menores de 5 anos,clasificacion c,2003-03-01,166,261,166,261,427
60402,YUNCHARA,estado nutricional en menores de 5 anos,clasificacion c,2003-03-01,16,20,16,20,36
10301,ZUDAÃ‘EZ,estado nutricional en menores de 5 anos,clasificacion c,2003-03-01,152,141,152,141,293
51302,ACACIO,estado nutricional en menores de 5 anos,clasificacion c,2003-04-01,82,90,82,90,172
20201,ACHACACHI,estado nutricional en menores de 5 anos,clasificacion c,2003-04-01,467,503,467,503,970
20104,ACHOCALLA,estado nutricional en menores de 5 anos,clasificacion c,2003-04-01,81,50,81,50,131
30201,AIQUILE,estado nutricional en menores de 5 anos,clasificacion c,2003-04-01,131,103,131,103,234
31303,ALALAY,estado nutricional en menores de 5 anos,clasificacion c,2003-04-01,26,43,26,43,69
10404,ALCALA,estado nutricional en menores de 5 anos,clasificacion c,2003-04-01,65,116,65,116,181
20202,ANCORAIMES,estado nutricional en menores de 5 anos,clasificacion c,2003-04-01,95,126,95,126,221
41201,ANDAMARCA,estado nutricional en menores de 5 anos,clasificacion c,2003-04-01,29,15,29,15,44
40603,ANTEQUERA,estado nutricional en menores de 5 anos,clasificacion c,2003-04-01,31,8,31,8,39
30402,ANZALDO,estado nutricional en menores de 5 anos,clasificacion c,2003-04-01,50,105,50,105,155
20701,APOLO,estado nutricional en menores de 5 anos,clasificacion c,2003-04-01,49,45,49,45,94
51301,ARAMPAMPA,estado nutricional en menores de 5 anos,clasificacion c,2003-04-01,76,102,76,102,178
30501,ARANI,estado nutricional en menores de 5 anos,clasificacion c,2003-04-01,23,133,23,133,156
30403,ARBIETO,estado nutricional en menores de 5 anos,clasificacion c,2003-04-01,61,43,61,43,104
30601,ARQUE,estado nutricional en menores de 5 anos,clasificacion c,2003-04-01,61,41,61,41,102
71501,ASCENCION DE GUARAYOS,estado nutricional en menores de 5 anos,clasificacion c,2003-04-01,315,437,315,437,752
50802,ATOCHA,estado nutricional en menores de 5 anos,clasificacion c,2003-04-01,88,318,88,318,406
20503,AUCAPATA,estado nutricional en menores de 5 anos,clasificacion c,2003-04-01,36,20,36,20,56
20502,AYATA,estado nutricional en menores de 5 anos,clasificacion c,2003-04-01,46,23,46,23,69
21303,AYO AYO,estado nutricional en menores de 5 anos,clasificacion c,2003-04-01,122,46,122,46,168
30301,AYOPAYA (V. DE INDEPENDENCIA),estado nutricional en menores de 5 anos,clasificacion c,2003-04-01,142,229,142,229,371
10201,AZURDUY,estado nutricional en menores de 5 anos,clasificacion c,2003-04-01,215,293,215,293,508
21203,BATALLAS,estado nutricional en menores de 5 anos,clasificacion c,2003-04-01,148,137,148,137,285
80802,BAURES,estado nutricional en menores de 5 anos,clasificacion c,2003-04-01,59,58,59,58,117
41202,BELEN DE ANDAMARCA,estado nutricional en menores de 5 anos,clasificacion c,2003-04-01,5,5,5,5,10
50104,BELEN DE URMIRI,estado nutricional en menores de 5 anos,clasificacion c,2003-04-01,14,36,14,36,50
90104,BELLA FLOR,estado nutricional en menores de 5 anos,clasificacion c,2003-04-01,39,56,39,56,95
60202,BERMEJO,estado nutricional en menores de 5 anos,clasificacion c,2003-04-01,52,99,52,99,151
50301,BETANZOS,estado nutricional en menores de 5 anos,clasificacion c,2003-04-01,389,286,389,286,675
31501,BOLIVAR,estado nutricional en menores de 5 anos,clasificacion c,2003-04-01,85,153,85,153,238
90103,BOLPEBRA,estado nutricional en menores de 5 anos,clasificacion c,2003-04-01,17,30,17,30,47
70707,BOYUIBE,estado nutricional en menores de 5 anos,clasificacion c,2003-04-01,46,69,46,69,115
70401,BUENA VISTA,estado nutricional en menores de 5 anos,clasificacion c,2003-04-01,216,183,216,183,399
70703,CABEZAS,estado nutricional en menores de 5 anos,clasificacion c,2003-04-01,105,55,105,55,160
20905,CAIROMA,estado nutricional en menores de 5 anos,clasificacion c,2003-04-01,91,61,91,61,152
51102,"CAIZA ""D""",estado nutricional en menores de 5 anos,clasificacion c,2003-04-01,156,150,156,150,306
21003,CAJUATA,estado nutricional en menores de 5 anos,clasificacion c,2003-04-01,78,29,78,29,107
20303,CALACOTO,estado nutricional en menores de 5 anos,clasificacion c,2003-04-01,35,15,35,15,50
21304,CALAMARCA,estado nutricional en menores de 5 anos,clasificacion c,2003-04-01,267,129,267,129,396
10701,CAMARGO,estado nutricional en menores de 5 anos,clasificacion c,2003-04-01,216,246,216,246,462
10901,CAMATAQUI (C. VILLA ABECIA),estado nutricional en menores de 5 anos,clasificacion c,2003-04-01,78,77,78,77,155
70706,CAMIRI,estado nutricional en menores de 5 anos,clasificacion c,2003-04-01,371,220,371,220,591
30701,CAPINOTA,estado nutricional en menores de 5 anos,clasificacion c,2003-04-01,66,52,66,52,118
20302,CAQUIAVIRI,estado nutricional en menores de 5 anos,clasificacion c,2003-04-01,104,118,104,118,222
40102,CARACOLLO,estado nutricional en menores de 5 anos,clasificacion c,2003-04-01,189,157,189,157,346
22001,CARANAVI,estado nutricional en menores de 5 anos,clasificacion c,2003-04-01,489,330,489,330,819
41503,CARANGAS,estado nutricional en menores de 5 anos,clasificacion c,2003-04-01,2,0,2,0,2
60302,CARAPARI,estado nutricional en menores de 5 anos,clasificacion c,2003-04-01,140,123,140,123,263
50702,CARIPUYO,estado nutricional en menores de 5 anos,clasificacion c,2003-04-01,108,131,108,131,239
21902,CATACORA,estado nutricional en menores de 5 anos,clasificacion c,2003-04-01,2,3,2,3,5
40201,CHALLAPATA,estado nutricional en menores de 5 anos,clasificacion c,2003-04-01,134,245,134,245,379
50302,CHAQUI,estado nutricional en menores de 5 anos,clasificacion c,2003-04-01,114,98,114,98,212
70702,CHARAGUA,estado nutricional en menores de 5 anos,clasificacion c,2003-04-01,288,343,288,343,631
20305,CHARAÃ‘A,estado nutricional en menores de 5 anos,clasificacion c,2003-04-01,37,30,37,30,67
50202,CHAYANTA,estado nutricional en menores de 5 anos,clasificacion c,2003-04-01,103,77,103,77,180
31204,CHIMORE,estado nutricional en menores de 5 anos,clasificacion c,2003-04-01,96,59,96,59,155
40903,CHIPAYA,estado nutricional en menores de 5 anos,clasificacion c,2003-04-01,3,49,3,49,52
40302,CHOQUE COTA,estado nutricional en menores de 5 anos,clasificacion c,2003-04-01,15,21,15,21,36
21101,CHULUMANI (V. DE LA LIBERTAD),estado nutricional en menores de 5 anos,clasificacion c,2003-04-01,108,69,108,69,177
20501,CHUMA,estado nutricional en menores de 5 anos,clasificacion c,2003-04-01,70,69,70,69,139
30801,CLIZA,estado nutricional en menores de 5 anos,clasificacion c,2003-04-01,69,54,69,54,123
90101,COBIJA,estado nutricional en menores de 5 anos,clasificacion c,2003-04-01,281,270,281,270,551
30101,COCHABAMBA,estado nutricional en menores de 5 anos,clasificacion c,2003-04-01,2602,1256,2602,1256,3858
40902,COIPASA,estado nutricional en menores de 5 anos,clasificacion c,2003-04-01,4,3,4,3,7
30905,COLCAPIRHUA,estado nutricional en menores de 5 anos,clasificacion c,2003-04-01,83,77,83,77,160
50901,"COLCHA ""K""",estado nutricional en menores de 5 anos,clasificacion c,2003-04-01,150,145,150,145,295
21307,COLLANA,estado nutricional en menores de 5 anos,clasificacion c,2003-04-01,17,2,17,2,19
31002,COLOMI,estado nutricional en menores de 5 anos,clasificacion c,2003-04-01,350,179,350,179,529
50401,COLQUECHACA,estado nutricional en menores de 5 anos,clasificacion c,2003-04-01,251,129,251,129,380
21306,COLQUENCHA,estado nutricional en menores de 5 anos,clasificacion c,2003-04-01,81,40,81,40,121
21004,COLQUIRI,estado nutricional en menores de 5 anos,clasificacion c,2003-04-01,198,111,198,111,309
20304,COMANCHE,estado nutricional en menores de 5 anos,clasificacion c,2003-04-01,6,4,6,4,10
71301,COMARAPA,estado nutricional en menores de 5 anos,clasificacion c,2003-04-01,162,87,162,87,249
20605,COMBAYA,estado nutricional en menores de 5 anos,clasificacion c,2003-04-01,11,16,11,16,27
71101,CONCEPCION,estado nutricional en menores de 5 anos,clasificacion c,2003-04-01,43,153,43,153,196
21701,COPACABANA,estado nutricional en menores de 5 anos,clasificacion c,2003-04-01,92,60,92,60,152
21402,CORIPATA,estado nutricional en menores de 5 anos,clasificacion c,2003-04-01,65,4,65,4,69
20301,CORO CORO,estado nutricional en menores de 5 anos,clasificacion c,2003-04-01,121,80,121,80,201
21401,COROICO,estado nutricional en menores de 5 anos,clasificacion c,2003-04-01,124,81,124,81,205
40301,CORQUE,estado nutricional en menores de 5 anos,clasificacion c,2003-04-01,83,54,83,54,137
50601,COTAGAITA,estado nutricional en menores de 5 anos,clasificacion c,2003-04-01,333,414,333,414,747
70102,COTOCA,estado nutricional en menores de 5 anos,clasificacion c,2003-04-01,382,53,382,53,435
31405,CUCHUMUELA (V. G. VILLARROEL),estado nutricional en menores de 5 anos,clasificacion c,2003-04-01,35,30,35,30,65
70704,CUEVO,estado nutricional en menores de 5 anos,clasificacion c,2003-04-01,72,41,72,41,113
10902,CULPINA,estado nutricional en menores de 5 anos,clasificacion c,2003-04-01,434,302,434,302,736
40401,CURAHUARA DE CARANGAS,estado nutricional en menores de 5 anos,clasificacion c,2003-04-01,39,37,39,37,76
21602,CURVA,estado nutricional en menores de 5 anos,clasificacion c,2003-04-01,20,12,20,12,32
20804,DESAGUADERO,estado nutricional en menores de 5 anos,clasificacion c,2003-04-01,51,29,51,29,80
20105,EL ALTO,estado nutricional en menores de 5 anos,clasificacion c,2003-04-01,6899,3154,6899,3154,10053
40103,EL CHORO,estado nutricional en menores de 5 anos,clasificacion c,2003-04-01,18,14,18,14,32
71503,EL PUENTE(STC),estado nutricional en menores de 5 anos,clasificacion c,2003-04-01,18,159,18,159,177
60502,EL PUENTE(TJA),estado nutricional en menores de 5 anos,clasificacion c,2003-04-01,98,101,98,101,199
70105,EL TORNO,estado nutricional en menores de 5 anos,clasificacion c,2003-04-01,298,100,298,100,398
10405,EL VILLAR,estado nutricional en menores de 5 anos,clasificacion c,2003-04-01,97,152,97,152,249
60601,ENTRE RIOS,estado nutricional en menores de 5 anos,clasificacion c,2003-04-01,250,314,250,314,564
41101,EUCALIPTUS,estado nutricional en menores de 5 anos,clasificacion c,2003-04-01,70,73,70,73,143
90503,EUREKA (SANTOS MERCADO),estado nutricional en menores de 5 anos,clasificacion c,2003-04-01,0,3,0,3,3
80402,EXALTACION,estado nutricional en menores de 5 anos,clasificacion c,2003-04-01,18,35,18,35,53
90203,FILADELFIA,estado nutricional en menores de 5 anos,clasificacion c,2003-04-01,22,27,22,27,49
71002,GENERAL SAAVEDRA,estado nutricional en menores de 5 anos,clasificacion c,2003-04-01,278,379,278,379,657
21601,GRAL. J.J. PEREZ (CHARAZANI),estado nutricional en menores de 5 anos,clasificacion c,2003-04-01,63,100,63,100,163
20602,GUANAY,estado nutricional en menores de 5 anos,clasificacion c,2003-04-01,459,258,459,258,717
20802,GUAQUI,estado nutricional en menores de 5 anos,clasificacion c,2003-04-01,63,16,63,16,79
80202,GUAYARAMERIN,estado nutricional en menores de 5 anos,clasificacion c,2003-04-01,497,203,497,203,700
70705,GUTIERREZ,estado nutricional en menores de 5 anos,clasificacion c,2003-04-01,226,223,226,223,449
10502,HUACARETA,estado nutricional en menores de 5 anos,clasificacion c,2003-04-01,162,226,162,226,388
11002,HUACAYA (VILLA DE HUACAYA),estado nutricional en menores de 5 anos,clasificacion c,2003-04-01,53,62,53,62,115
40501,HUACHACALLA,estado nutricional en menores de 5 anos,clasificacion c,2003-04-01,14,18,14,18,32
40701,HUANUNI,estado nutricional en menores de 5 anos,clasificacion c,2003-04-01,201,118,201,118,319
80803,HUARACAJE,estado nutricional en menores de 5 anos,clasificacion c,2003-04-01,35,24,35,24,59
41601,HUAYLLAMARCA,estado nutricional en menores de 5 anos,clasificacion c,2003-04-01,48,36,48,36,84
21005,ICHOCA,estado nutricional en menores de 5 anos,clasificacion c,2003-04-01,28,39,28,39,67
10304,ICLA,estado nutricional en menores de 5 anos,clasificacion c,2003-04-01,149,225,149,225,374
10703,INCAHUASI,estado nutricional en menores de 5 anos,clasificacion c,2003-04-01,309,207,309,207,516
21001,INQUISIVI,estado nutricional en menores de 5 anos,clasificacion c,2003-04-01,159,135,159,135,294
21102,IRUPANA (VILLA DE LANZA),estado nutricional en menores de 5 anos,clasificacion c,2003-04-01,191,187,191,187,378
21501,IXIAMAS,estado nutricional en menores de 5 anos,clasificacion c,2003-04-01,91,119,91,119,210
21105,LA ASUNTA,estado nutricional en menores de 5 anos,clasificacion c,2003-04-01,130,55,130,55,185
70104,LA GUARDIA,estado nutricional en menores de 5 anos,clasificacion c,2003-04-01,628,340,628,340,968
20101,LA PAZ,estado nutricional en menores de 5 anos,clasificacion c,2003-04-01,5377,3343,5377,3343,8720
41501,LA RIVERA,estado nutricional en menores de 5 anos,clasificacion c,2003-04-01,6,1,6,1,7
70701,LAGUNILLAS,estado nutricional en menores de 5 anos,clasificacion c,2003-04-01,128,172,128,172,300
21202,LAJA,estado nutricional en menores de 5 anos,clasificacion c,2003-04-01,60,35,60,35,95
10903,LAS CARRERAS,estado nutricional en menores de 5 anos,clasificacion c,2003-04-01,71,76,71,76,147
21006,LICOMA PAMPA,estado nutricional en menores de 5 anos,clasificacion c,2003-04-01,17,15,17,15,32
50203,LLALLAGUA,estado nutricional en menores de 5 anos,clasificacion c,2003-04-01,70,759,70,759,829
51401,LLICA,estado nutricional en menores de 5 anos,clasificacion c,2003-04-01,48,67,48,67,115
80601,LORETO,estado nutricional en menores de 5 anos,clasificacion c,2003-04-01,38,77,38,77,115
20901,LURIBAY,estado nutricional en menores de 5 anos,clasificacion c,2003-04-01,172,100,172,100,272
40702,MACHACAMARCA,estado nutricional en menores de 5 anos,clasificacion c,2003-04-01,33,31,33,31,64
11003,MACHARETI,estado nutricional en menores de 5 anos,clasificacion c,2003-04-01,152,324,152,324,476
80801,MAGDALENA,estado nutricional en menores de 5 anos,clasificacion c,2003-04-01,123,102,123,102,225
70903,MAIRANA,estado nutricional en menores de 5 anos,clasificacion c,2003-04-01,110,50,110,50,160
20904,MALLA,estado nutricional en menores de 5 anos,clasificacion c,2003-04-01,10,12,10,12,22
20103,MECAPACA,estado nutricional en menores de 5 anos,clasificacion c,2003-04-01,113,139,113,139,252
71003,MINEROS,estado nutricional en menores de 5 anos,clasificacion c,2003-04-01,659,360,659,360,1019
31301,MIZQUE,estado nutricional en menores de 5 anos,clasificacion c,2003-04-01,129,103,129,103,232
20402,MOCOMOCO,estado nutricional en menores de 5 anos,clasificacion c,2003-04-01,180,123,180,123,303
51002,MOJINETE,estado nutricional en menores de 5 anos,clasificacion c,2003-04-01,7,35,7,35,42
10303,MOJOCOYA,estado nutricional en menores de 5 anos,clasificacion c,2003-04-01,124,222,124,222,346
10501,MONTEAGUDO,estado nutricional en menores de 5 anos,clasificacion c,2003-04-01,423,442,423,442,865
71001,MONTERO,estado nutricional en menores de 5 anos,clasificacion c,2003-04-01,1545,813,1545,813,2358
70803,MORO MORO,estado nutricional en menores de 5 anos,clasificacion c,2003-04-01,63,35,63,35,98
30302,MOROCHATA,estado nutricional en menores de 5 anos,clasificacion c,2003-04-01,251,233,251,233,484
90401,NACEBE (SANTA ROSA DEL ABUNA),estado nutricional en menores de 5 anos,clasificacion c,2003-04-01,12,14,12,14,26
20307,NAZACARA DE PACAJES,estado nutricional en menores de 5 anos,clasificacion c,2003-04-01,16,3,16,3,19
90501,NUEVO MANOA (NUEVA ESPERANZA),estado nutricional en menores de 5 anos,clasificacion c,2003-04-01,0,5,0,5,5
50404,OCURI,estado nutricional en menores de 5 anos,clasificacion c,2003-04-01,140,142,140,142,282
70202,OKINAWA,estado nutricional en menores de 5 anos,clasificacion c,2003-04-01,101,154,101,154,255
30203,OMEREQUE,estado nutricional en menores de 5 anos,clasificacion c,2003-04-01,61,72,61,72,133
40101,ORURO,estado nutricional en menores de 5 anos,clasificacion c,2003-04-01,1814,1702,1814,1702,3516
60201,PADCAYA,estado nutricional en menores de 5 anos,clasificacion c,2003-04-01,239,265,239,265,504
10401,PADILLA,estado nutricional en menores de 5 anos,clasificacion c,2003-04-01,318,402,318,402,720
70502,PAILON,estado nutricional en menores de 5 anos,clasificacion c,2003-04-01,72,47,72,47,119
20102,PALCA,estado nutricional en menores de 5 anos,clasificacion c,2003-04-01,164,110,164,110,274
21104,PALOS BLANCOS,estado nutricional en menores de 5 anos,clasificacion c,2003-04-01,278,189,278,189,467
40802,PAMPA AULLAGAS,estado nutricional en menores de 5 anos,clasificacion c,2003-04-01,45,49,45,49,94
70902,PAMPA GRANDE,estado nutricional en menores de 5 anos,clasificacion c,2003-04-01,71,57,71,57,128
21802,PAPEL PAMPA,estado nutricional en menores de 5 anos,clasificacion c,2003-04-01,56,50,56,50,106
30202,PASORAPA,estado nutricional en menores de 5 anos,clasificacion c,2003-04-01,62,51,62,51,113
21305,PATACAMAYA,estado nutricional en menores de 5 anos,clasificacion c,2003-04-01,188,63,188,63,251
40602,PAZÃ‘A,estado nutricional en menores de 5 anos,clasificacion c,2003-04-01,43,45,43,45,88
20702,PELECHUCO,estado nutricional en menores de 5 anos,clasificacion c,2003-04-01,52,39,52,39,91
50403,POCOATA,estado nutricional en menores de 5 anos,clasificacion c,2003-04-01,309,239,309,239,548
31203,POCONA,estado nutricional en menores de 5 anos,clasificacion c,2003-04-01,83,53,83,53,136
31202,POJO (CBBA),estado nutricional en menores de 5 anos,clasificacion c,2003-04-01,447,289,447,289,736
40601,POOPO,estado nutricional en menores de 5 anos,clasificacion c,2003-04-01,61,71,61,71,132
51203,PORCO,estado nutricional en menores de 5 anos,clasificacion c,2003-04-01,64,21,64,21,85
10103,POROMA,estado nutricional en menores de 5 anos,clasificacion c,2003-04-01,248,183,248,183,431
70103,PORONGO,estado nutricional en menores de 5 anos,clasificacion c,2003-04-01,65,79,65,79,144
70601,PORTACHUELO,estado nutricional en menores de 5 anos,clasificacion c,2003-04-01,302,260,302,260,562
90102,PORVENIR,estado nutricional en menores de 5 anos,clasificacion c,2003-04-01,61,64,61,64,125
70804,POSTRER VALLE,estado nutricional en menores de 5 anos,clasificacion c,2003-04-01,8,13,8,13,21
50101,POTOSI,estado nutricional en menores de 5 anos,clasificacion c,2003-04-01,1906,644,1906,644,2550
10302,PRESTO,estado nutricional en menores de 5 anos,clasificacion c,2003-04-01,151,128,151,128,279
70805,PUCARA,estado nutricional en menores de 5 anos,clasificacion c,2003-04-01,8,7,8,7,15
21201,PUCARANI,estado nutricional en menores de 5 anos,clasificacion c,2003-04-01,154,52,154,52,206
20401,PUERTO ACOSTA,estado nutricional en menores de 5 anos,clasificacion c,2003-04-01,214,208,214,208,422
20403,PUERTO CARABUCO,estado nutricional en menores de 5 anos,clasificacion c,2003-04-01,113,119,113,119,232
90301,PUERTO GONZALO MORENO,estado nutricional en menores de 5 anos,clasificacion c,2003-04-01,48,70,48,70,118
21204,PUERTO PEREZ,estado nutricional en menores de 5 anos,clasificacion c,2003-04-01,88,59,88,59,147
71402,PUERTO QUIJARRO,estado nutricional en menores de 5 anos,clasificacion c,2003-04-01,196,68,196,68,264
90201,PUERTO RICO,estado nutricional en menores de 5 anos,clasificacion c,2003-04-01,2,57,2,57,59
80703,PUERTO SILES,estado nutricional en menores de 5 anos,clasificacion c,2003-04-01,6,9,6,9,15
71401,PUERTO SUAREZ,estado nutricional en menores de 5 anos,clasificacion c,2003-04-01,176,40,176,40,216
31205,PUERTO VILLARROEL,estado nutricional en menores de 5 anos,clasificacion c,2003-04-01,594,425,594,425,1019
51101,PUNA,estado nutricional en menores de 5 anos,clasificacion c,2003-04-01,239,166,239,166,405
31401,PUNATA,estado nutricional en menores de 5 anos,clasificacion c,2003-04-01,323,267,323,267,590
20604,QUIABAYA,estado nutricional en menores de 5 anos,clasificacion c,2003-04-01,21,32,21,32,53
30901,QUILLACOLLO,estado nutricional en menores de 5 anos,clasificacion c,2003-04-01,439,278,439,278,717
21002,QUIME,estado nutricional en menores de 5 anos,clasificacion c,2003-04-01,151,130,151,130,281
70904,QUIRUSILLAS,estado nutricional en menores de 5 anos,clasificacion c,2003-04-01,21,30,21,30,51
50402,RAVELO,estado nutricional en menores de 5 anos,clasificacion c,2003-04-01,195,180,195,180,375
80301,REYES,estado nutricional en menores de 5 anos,clasificacion c,2003-04-01,177,117,177,117,294
80201,RIBERALTA,estado nutricional en menores de 5 anos,clasificacion c,2003-04-01,1245,425,1245,425,1670
70503,ROBORE,estado nutricional en menores de 5 anos,clasificacion c,2003-04-01,170,151,170,151,321
80304,RURRENABAQUE,estado nutricional en menores de 5 anos,clasificacion c,2003-04-01,190,82,190,82,272
40901,SABAYA,estado nutricional en menores de 5 anos,clasificacion c,2003-04-01,13,13,13,13,26
31001,SACABA,estado nutricional en menores de 5 anos,clasificacion c,2003-04-01,429,267,429,267,696
30404,SACABAMBA,estado nutricional en menores de 5 anos,clasificacion c,2003-04-01,1,17,1,17,18
50701,SACACA,estado nutricional en menores de 5 anos,clasificacion c,2003-04-01,217,271,217,271,488
71302,SAIPINA,estado nutricional en menores de 5 anos,clasificacion c,2003-04-01,40,48,40,48,88
40801,SALINAS DE GARCI MENDOZA,estado nutricional en menores de 5 anos,clasificacion c,2003-04-01,84,63,84,63,147
70901,SAMAIPATA,estado nutricional en menores de 5 anos,clasificacion c,2003-04-01,95,69,95,69,164
51601,SAN AGUSTIN,estado nutricional en menores de 5 anos,clasificacion c,2003-04-01,24,25,24,25,49
80602,SAN ANDRES,estado nutricional en menores de 5 anos,clasificacion c,2003-04-01,52,73,52,73,125
51003,SAN ANTONIO DE ESMORUCO,estado nutricional en menores de 5 anos,clasificacion c,2003-04-01,3,6,3,6,9
71105,SAN ANTONIO DE LOMERIO,estado nutricional en menores de 5 anos,clasificacion c,2003-04-01,98,113,98,113,211
31403,SAN BENITO,estado nutricional en menores de 5 anos,clasificacion c,2003-04-01,86,83,86,83,169
80302,SAN BORJA,estado nutricional en menores de 5 anos,clasificacion c,2003-04-01,468,255,468,255,723
21502,SAN BUENA VENTURA,estado nutricional en menores de 5 anos,clasificacion c,2003-04-01,101,93,101,93,194
70402,SAN CARLOS,estado nutricional en menores de 5 anos,clasificacion c,2003-04-01,267,236,267,236,503
80501,SAN IGNACIO,estado nutricional en menores de 5 anos,clasificacion c,2003-04-01,251,229,251,229,480
70301,SAN IGNACIO DE VELASCO,estado nutricional en menores de 5 anos,clasificacion c,2003-04-01,679,285,679,285,964
80102,SAN JAVIER(BNI),estado nutricional en menores de 5 anos,clasificacion c,2003-04-01,17,29,17,29,46
71102,SAN JAVIER(STC),estado nutricional en menores de 5 anos,clasificacion c,2003-04-01,101,127,101,127,228
80701,SAN JOAQUIN,estado nutricional en menores de 5 anos,clasificacion c,2003-04-01,14,57,14,57,71
70501,SAN JOSE DE CHIQUITOS,estado nutricional en menores de 5 anos,clasificacion c,2003-04-01,182,59,182,59,241
71104,SAN JULIAN,estado nutricional en menores de 5 anos,clasificacion c,2003-04-01,361,439,361,439,800
90302,SAN LORENZO(PND),estado nutricional en menores de 5 anos,clasificacion c,2003-04-01,20,17,20,17,37
60501,SAN LORENZO(TJA),estado nutricional en menores de 5 anos,clasificacion c,2003-04-01,229,243,229,243,472
10702,SAN LUCAS,estado nutricional en menores de 5 anos,clasificacion c,2003-04-01,633,589,633,589,1222
70302,SAN MIGUEL DE VELASCO,estado nutricional en menores de 5 anos,clasificacion c,2003-04-01,170,144,170,144,314
51001,SAN PABLO DE LIPEZ,estado nutricional en menores de 5 anos,clasificacion c,2003-04-01,50,29,50,29,79
50501,SAN PEDRO DE BUENA VISTA,estado nutricional en menores de 5 anos,clasificacion c,2003-04-01,212,231,212,231,443
21801,SAN PEDRO DE CURAHUARA,estado nutricional en menores de 5 anos,clasificacion c,2003-04-01,33,25,33,25,58
50902,SAN PEDRO DE QUEMES,estado nutricional en menores de 5 anos,clasificacion c,2003-04-01,13,9,13,9,22
21702,SAN PEDRO DE TIQUINA,estado nutricional en menores de 5 anos,clasificacion c,2003-04-01,32,42,32,42,74
70303,SAN RAFAEL,estado nutricional en menores de 5 anos,clasificacion c,2003-04-01,82,59,82,59,141
80702,SAN RAMON,estado nutricional en menores de 5 anos,clasificacion c,2003-04-01,44,76,44,76,120
80401,SANTA ANA,estado nutricional en menores de 5 anos,clasificacion c,2003-04-01,23,30,23,30,53
70101,SANTA CRUZ DE LA SIERRA,estado nutricional en menores de 5 anos,clasificacion c,2003-04-01,7376,4012,7376,4012,11388
80303,SANTA ROSA,estado nutricional en menores de 5 anos,clasificacion c,2003-04-01,103,58,103,58,161
70602,SANTA ROSA DEL SARA,estado nutricional en menores de 5 anos,clasificacion c,2003-04-01,85,65,85,65,150
20308,SANTIAGO DE CALLAPA,estado nutricional en menores de 5 anos,clasificacion c,2003-04-01,74,50,74,50,124
41401,SANTIAGO DE HUARI,estado nutricional en menores de 5 anos,clasificacion c,2003-04-01,41,48,41,48,89
21901,SANTIAGO DE MACHACA,estado nutricional en menores de 5 anos,clasificacion c,2003-04-01,15,9,15,9,24
30702,SANTIVAÃ‘ES,estado nutricional en menores de 5 anos,clasificacion c,2003-04-01,92,33,92,33,125
40202,SANTUARIO DE QUILLACAS,estado nutricional en menores de 5 anos,clasificacion c,2003-04-01,12,24,12,24,36
20902,SAPAHAQUI,estado nutricional en menores de 5 anos,clasificacion c,2003-04-01,100,93,100,93,193
90303,SENA,estado nutricional en menores de 5 anos,clasificacion c,2003-04-01,24,18,24,18,42
21301,SICA SICA (VILLA AROMA),estado nutricional en menores de 5 anos,clasificacion c,2003-04-01,227,123,227,123,350
30703,SICAYA,estado nutricional en menores de 5 anos,clasificacion c,2003-04-01,21,16,21,16,37
30902,SIPE SIPE,estado nutricional en menores de 5 anos,clasificacion c,2003-04-01,357,215,357,215,572
10403,SOPACHUY,estado nutricional en menores de 5 anos,clasificacion c,2003-04-01,122,98,122,98,220
20601,SORATA,estado nutricional en menores de 5 anos,clasificacion c,2003-04-01,178,224,178,224,402
10101,SUCRE,estado nutricional en menores de 5 anos,clasificacion c,2003-04-01,2162,1592,2162,1592,3754
31404,TACACHI,estado nutricional en menores de 5 anos,clasificacion c,2003-04-01,3,5,3,5,8
20603,TACACOMA,estado nutricional en menores de 5 anos,clasificacion c,2003-04-01,72,124,72,124,196
50303,TACOBAMBA,estado nutricional en menores de 5 anos,clasificacion c,2003-04-01,128,104,128,104,232
30602,TACOPAYA,estado nutricional en menores de 5 anos,clasificacion c,2003-04-01,191,215,191,215,406
51402,TAHUA,estado nutricional en menores de 5 anos,clasificacion c,2003-04-01,19,28,19,28,47
31101,TAPACARI,estado nutricional en menores de 5 anos,clasificacion c,2003-04-01,169,236,169,236,405
10601,TARABUCO,estado nutricional en menores de 5 anos,clasificacion c,2003-04-01,422,616,422,616,1038
30401,TARATA,estado nutricional en menores de 5 anos,clasificacion c,2003-04-01,101,354,101,354,455
60101,TARIJA,estado nutricional en menores de 5 anos,clasificacion c,2003-04-01,1207,766,1207,766,1973
10202,TARVITA,estado nutricional en menores de 5 anos,clasificacion c,2003-04-01,231,323,231,323,554
20803,TIAWANACU,estado nutricional en menores de 5 anos,clasificacion c,2003-04-01,139,73,139,73,212
50102,TINGUIPAYA,estado nutricional en menores de 5 anos,clasificacion c,2003-04-01,53,69,53,69,122
20606,TIPUANI,estado nutricional en menores de 5 anos,clasificacion c,2003-04-01,93,40,93,40,133
30903,TIQUIPAYA,estado nutricional en menores de 5 anos,clasificacion c,2003-04-01,252,126,252,126,378
31601,TIRAQUE (CBBA),estado nutricional en menores de 5 anos,clasificacion c,2003-04-01,294,408,294,408,702
21703,TITO YUPANQUI (PARQUIPUJIO),estado nutricional en menores de 5 anos,clasificacion c,2003-04-01,13,17,13,17,30
30802,TOCO,estado nutricional en menores de 5 anos,clasificacion c,2003-04-01,17,19,17,19,36
30803,TOLATA,estado nutricional en menores de 5 anos,clasificacion c,2003-04-01,32,48,32,48,80
41001,TOLEDO,estado nutricional en menores de 5 anos,clasificacion c,2003-04-01,88,85,88,85,173
51202,TOMAVE,estado nutricional en menores de 5 anos,clasificacion c,2003-04-01,165,163,165,163,328
10402,TOMINA,estado nutricional en menores de 5 anos,clasificacion c,2003-04-01,186,266,186,266,452
50502,TORO TORO,estado nutricional en menores de 5 anos,clasificacion c,2003-04-01,146,146,146,146,292
31201,TOTORA(CBBA),estado nutricional en menores de 5 anos,clasificacion c,2003-04-01,156,80,156,80,236
41301,TOTORA(ORR),estado nutricional en menores de 5 anos,clasificacion c,2003-04-01,58,48,58,48,106
70802,TRIGAL,estado nutricional en menores de 5 anos,clasificacion c,2003-04-01,21,7,21,7,28
80101,TRINIDAD,estado nutricional en menores de 5 anos,clasificacion c,2003-04-01,807,956,807,956,1763
50801,TUPIZA,estado nutricional en menores de 5 anos,clasificacion c,2003-04-01,350,838,350,838,1188
40402,TURCO,estado nutricional en menores de 5 anos,clasificacion c,2003-04-01,62,39,62,39,101
21302,UMALA,estado nutricional en menores de 5 anos,clasificacion c,2003-04-01,84,42,84,42,126
50201,UNCIA,estado nutricional en menores de 5 anos,clasificacion c,2003-04-01,66,22,66,22,88
60401,URIONDO (A. CONCEPCION),estado nutricional en menores de 5 anos,clasificacion c,2003-04-01,135,129,135,129,264
71502,URUBICHA,estado nutricional en menores de 5 anos,clasificacion c,2003-04-01,164,361,164,361,525
51201,UYUNI,estado nutricional en menores de 5 anos,clasificacion c,2003-04-01,506,422,506,422,928
30502,VACAS,estado nutricional en menores de 5 anos,clasificacion c,2003-04-01,50,29,50,29,79
70801,VALLEGRANDE,estado nutricional en menores de 5 anos,clasificacion c,2003-04-01,211,171,211,171,382
20801,VIACHA,estado nutricional en menores de 5 anos,clasificacion c,2003-04-01,470,225,470,225,695
31302,VILA VILA,estado nutricional en menores de 5 anos,clasificacion c,2003-04-01,41,52,41,52,93
60303,VILLA MONTES,estado nutricional en menores de 5 anos,clasificacion c,2003-04-01,415,256,415,256,671
90502,VILLA NUEVA (LOMA ALTA),estado nutricional en menores de 5 anos,clasificacion c,2003-04-01,5,10,5,10,15
31402,VILLA RIVERO,estado nutricional en menores de 5 anos,clasificacion c,2003-04-01,51,17,51,17,68
10801,VILLA SERRANO,estado nutricional en menores de 5 anos,clasificacion c,2003-04-01,374,424,374,424,798
31003,VILLA TUNARI,estado nutricional en menores de 5 anos,clasificacion c,2003-04-01,452,222,452,222,674
11001,VILLA VACA GUZMAN (MUYUPAMPA),estado nutricional en menores de 5 anos,clasificacion c,2003-04-01,181,263,181,263,444
51501,VILLAZON,estado nutricional en menores de 5 anos,clasificacion c,2003-04-01,481,365,481,365,846
30904,VINTO,estado nutricional en menores de 5 anos,clasificacion c,2003-04-01,105,35,105,35,140
50602,VITICHI,estado nutricional en menores de 5 anos,clasificacion c,2003-04-01,238,276,238,276,514
20306,WALDO BALLIVIAN,estado nutricional en menores de 5 anos,clasificacion c,2003-04-01,11,9,11,9,20
70201,WARNES,estado nutricional en menores de 5 anos,clasificacion c,2003-04-01,427,275,427,275,702
20903,YACO,estado nutricional en menores de 5 anos,clasificacion c,2003-04-01,40,45,40,45,85
60301,YACUIBA,estado nutricional en menores de 5 anos,clasificacion c,2003-04-01,720,261,720,261,981
10602,YAMPARAEZ,estado nutricional en menores de 5 anos,clasificacion c,2003-04-01,258,434,258,434,692
21103,YANACACHI,estado nutricional en menores de 5 anos,clasificacion c,2003-04-01,50,50,50,50,100
70403,YAPACANI,estado nutricional en menores de 5 anos,clasificacion c,2003-04-01,510,358,510,358,868
50103,YOCALLA,estado nutricional en menores de 5 anos,clasificacion c,2003-04-01,56,56,56,56,112
10102,YOTALA,estado nutricional en menores de 5 anos,clasificacion c,2003-04-01,152,314,152,314,466
60402,YUNCHARA,estado nutricional en menores de 5 anos,clasificacion c,2003-04-01,81,90,81,90,171
10301,ZUDAÃ‘EZ,estado nutricional en menores de 5 anos,clasificacion c,2003-04-01,146,152,146,152,298
51302,ACACIO,estado nutricional en menores de 5 anos,clasificacion c,2003-05-01,114,144,114,144,258
20201,ACHACACHI,estado nutricional en menores de 5 anos,clasificacion c,2003-05-01,721,1094,721,1094,1815
20104,ACHOCALLA,estado nutricional en menores de 5 anos,clasificacion c,2003-05-01,217,132,217,132,349
30201,AIQUILE,estado nutricional en menores de 5 anos,clasificacion c,2003-05-01,152,130,152,130,282
31303,ALALAY,estado nutricional en menores de 5 anos,clasificacion c,2003-05-01,38,26,38,26,64
10404,ALCALA,estado nutricional en menores de 5 anos,clasificacion c,2003-05-01,73,141,73,141,214
20202,ANCORAIMES,estado nutricional en menores de 5 anos,clasificacion c,2003-05-01,259,363,259,363,622
41201,ANDAMARCA,estado nutricional en menores de 5 anos,clasificacion c,2003-05-01,11,18,11,18,29
30402,ANZALDO,estado nutricional en menores de 5 anos,clasificacion c,2003-05-01,53,73,53,73,126
20701,APOLO,estado nutricional en menores de 5 anos,clasificacion c,2003-05-01,33,21,33,21,54
51301,ARAMPAMPA,estado nutricional en menores de 5 anos,clasificacion c,2003-05-01,89,111,89,111,200
30403,ARBIETO,estado nutricional en menores de 5 anos,clasificacion c,2003-05-01,31,15,31,15,46
30601,ARQUE,estado nutricional en menores de 5 anos,clasificacion c,2003-05-01,85,90,85,90,175
50802,ATOCHA,estado nutricional en menores de 5 anos,clasificacion c,2003-05-01,75,312,75,312,387
20503,AUCAPATA,estado nutricional en menores de 5 anos,clasificacion c,2003-05-01,51,56,51,56,107
20502,AYATA,estado nutricional en menores de 5 anos,clasificacion c,2003-05-01,57,15,57,15,72
21303,AYO AYO,estado nutricional en menores de 5 anos,clasificacion c,2003-05-01,102,84,102,84,186
30301,AYOPAYA (V. DE INDEPENDENCIA),estado nutricional en menores de 5 anos,clasificacion c,2003-05-01,229,306,229,306,535
10201,AZURDUY,estado nutricional en menores de 5 anos,clasificacion c,2003-05-01,208,323,208,323,531
21203,BATALLAS,estado nutricional en menores de 5 anos,clasificacion c,2003-05-01,193,214,193,214,407
80802,BAURES,estado nutricional en menores de 5 anos,clasificacion c,2003-05-01,68,113,68,113,181
41202,BELEN DE ANDAMARCA,estado nutricional en menores de 5 anos,clasificacion c,2003-05-01,7,5,7,5,12
50104,BELEN DE URMIRI,estado nutricional en menores de 5 anos,clasificacion c,2003-05-01,42,48,42,48,90
90104,BELLA FLOR,estado nutricional en menores de 5 anos,clasificacion c,2003-05-01,38,60,38,60,98
60202,BERMEJO,estado nutricional en menores de 5 anos,clasificacion c,2003-05-01,74,113,74,113,187
50301,BETANZOS,estado nutricional en menores de 5 anos,clasificacion c,2003-05-01,542,570,542,570,1112
31501,BOLIVAR,estado nutricional en menores de 5 anos,clasificacion c,2003-05-01,130,174,130,174,304
90103,BOLPEBRA,estado nutricional en menores de 5 anos,clasificacion c,2003-05-01,30,59,30,59,89
70707,BOYUIBE,estado nutricional en menores de 5 anos,clasificacion c,2003-05-01,38,58,38,58,96
70401,BUENA VISTA,estado nutricional en menores de 5 anos,clasificacion c,2003-05-01,136,177,136,177,313
70703,CABEZAS,estado nutricional en menores de 5 anos,clasificacion c,2003-05-01,87,96,87,96,183
20905,CAIROMA,estado nutricional en menores de 5 anos,clasificacion c,2003-05-01,114,101,114,101,215
51102,"CAIZA ""D""",estado nutricional en menores de 5 anos,clasificacion c,2003-05-01,240,198,240,198,438
21003,CAJUATA,estado nutricional en menores de 5 anos,clasificacion c,2003-05-01,62,51,62,51,113
20303,CALACOTO,estado nutricional en menores de 5 anos,clasificacion c,2003-05-01,47,19,47,19,66
21304,CALAMARCA,estado nutricional en menores de 5 anos,clasificacion c,2003-05-01,176,62,176,62,238
10701,CAMARGO,estado nutricional en menores de 5 anos,clasificacion c,2003-05-01,273,235,273,235,508
10901,CAMATAQUI (C. VILLA ABECIA),estado nutricional en menores de 5 anos,clasificacion c,2003-05-01,59,87,59,87,146
70706,CAMIRI,estado nutricional en menores de 5 anos,clasificacion c,2003-05-01,331,163,331,163,494
30701,CAPINOTA,estado nutricional en menores de 5 anos,clasificacion c,2003-05-01,66,29,66,29,95
20302,CAQUIAVIRI,estado nutricional en menores de 5 anos,clasificacion c,2003-05-01,176,228,176,228,404
40102,CARACOLLO,estado nutricional en menores de 5 anos,clasificacion c,2003-05-01,145,142,145,142,287
22001,CARANAVI,estado nutricional en menores de 5 anos,clasificacion c,2003-05-01,654,585,654,585,1239
41503,CARANGAS,estado nutricional en menores de 5 anos,clasificacion c,2003-05-01,2,3,2,3,5
60302,CARAPARI,estado nutricional en menores de 5 anos,clasificacion c,2003-05-01,156,227,156,227,383
50702,CARIPUYO,estado nutricional en menores de 5 anos,clasificacion c,2003-05-01,119,115,119,115,234
21902,CATACORA,estado nutricional en menores de 5 anos,clasificacion c,2003-05-01,23,51,23,51,74
40201,CHALLAPATA,estado nutricional en menores de 5 anos,clasificacion c,2003-05-01,158,201,158,201,359
50302,CHAQUI,estado nutricional en menores de 5 anos,clasificacion c,2003-05-01,148,160,148,160,308
70702,CHARAGUA,estado nutricional en menores de 5 anos,clasificacion c,2003-05-01,266,382,266,382,648
20305,CHARAÃ‘A,estado nutricional en menores de 5 anos,clasificacion c,2003-05-01,39,21,39,21,60
50202,CHAYANTA,estado nutricional en menores de 5 anos,clasificacion c,2003-05-01,116,91,116,91,207
31204,CHIMORE,estado nutricional en menores de 5 anos,clasificacion c,2003-05-01,48,32,48,32,80
40302,CHOQUE COTA,estado nutricional en menores de 5 anos,clasificacion c,2003-05-01,30,0,30,0,30
21101,CHULUMANI (V. DE LA LIBERTAD),estado nutricional en menores de 5 anos,clasificacion c,2003-05-01,156,113,156,113,269
20501,CHUMA,estado nutricional en menores de 5 anos,clasificacion c,2003-05-01,70,51,70,51,121
30801,CLIZA,estado nutricional en menores de 5 anos,clasificacion c,2003-05-01,74,8,74,8,82
90101,COBIJA,estado nutricional en menores de 5 anos,clasificacion c,2003-05-01,300,290,300,290,590
30101,COCHABAMBA,estado nutricional en menores de 5 anos,clasificacion c,2003-05-01,2181,1424,2181,1424,3605
40902,COIPASA,estado nutricional en menores de 5 anos,clasificacion c,2003-05-01,3,1,3,1,4
30905,COLCAPIRHUA,estado nutricional en menores de 5 anos,clasificacion c,2003-05-01,22,23,22,23,45
50901,"COLCHA ""K""",estado nutricional en menores de 5 anos,clasificacion c,2003-05-01,175,237,175,237,412
21307,COLLANA,estado nutricional en menores de 5 anos,clasificacion c,2003-05-01,11,8,11,8,19
31002,COLOMI,estado nutricional en menores de 5 anos,clasificacion c,2003-05-01,386,148,386,148,534
50401,COLQUECHACA,estado nutricional en menores de 5 anos,clasificacion c,2003-05-01,170,97,170,97,267
21306,COLQUENCHA,estado nutricional en menores de 5 anos,clasificacion c,2003-05-01,56,49,56,49,105
21004,COLQUIRI,estado nutricional en menores de 5 anos,clasificacion c,2003-05-01,204,161,204,161,365
20304,COMANCHE,estado nutricional en menores de 5 anos,clasificacion c,2003-05-01,17,24,17,24,41
71301,COMARAPA,estado nutricional en menores de 5 anos,clasificacion c,2003-05-01,171,138,171,138,309
20605,COMBAYA,estado nutricional en menores de 5 anos,clasificacion c,2003-05-01,18,38,18,38,56
71101,CONCEPCION,estado nutricional en menores de 5 anos,clasificacion c,2003-05-01,55,16,55,16,71
21701,COPACABANA,estado nutricional en menores de 5 anos,clasificacion c,2003-05-01,87,70,87,70,157
21402,CORIPATA,estado nutricional en menores de 5 anos,clasificacion c,2003-05-01,60,4,60,4,64
20301,CORO CORO,estado nutricional en menores de 5 anos,clasificacion c,2003-05-01,110,83,110,83,193
21401,COROICO,estado nutricional en menores de 5 anos,clasificacion c,2003-05-01,154,169,154,169,323
40301,CORQUE,estado nutricional en menores de 5 anos,clasificacion c,2003-05-01,107,99,107,99,206
50601,COTAGAITA,estado nutricional en menores de 5 anos,clasificacion c,2003-05-01,351,521,351,521,872
70102,COTOCA,estado nutricional en menores de 5 anos,clasificacion c,2003-05-01,125,23,125,23,148
70704,CUEVO,estado nutricional en menores de 5 anos,clasificacion c,2003-05-01,63,46,63,46,109
10902,CULPINA,estado nutricional en menores de 5 anos,clasificacion c,2003-05-01,396,426,396,426,822
40401,CURAHUARA DE CARANGAS,estado nutricional en menores de 5 anos,clasificacion c,2003-05-01,25,113,25,113,138
21602,CURVA,estado nutricional en menores de 5 anos,clasificacion c,2003-05-01,34,20,34,20,54
20804,DESAGUADERO,estado nutricional en menores de 5 anos,clasificacion c,2003-05-01,27,42,27,42,69
20105,EL ALTO,estado nutricional en menores de 5 anos,clasificacion c,2003-05-01,6301,3287,6301,3287,9588
40103,EL CHORO,estado nutricional en menores de 5 anos,clasificacion c,2003-05-01,39,36,39,36,75
71503,EL PUENTE(STC),estado nutricional en menores de 5 anos,clasificacion c,2003-05-01,15,328,15,328,343
60502,EL PUENTE(TJA),estado nutricional en menores de 5 anos,clasificacion c,2003-05-01,213,366,213,366,579
70105,EL TORNO,estado nutricional en menores de 5 anos,clasificacion c,2003-05-01,246,177,246,177,423
10405,EL VILLAR,estado nutricional en menores de 5 anos,clasificacion c,2003-05-01,98,183,98,183,281
60601,ENTRE RIOS,estado nutricional en menores de 5 anos,clasificacion c,2003-05-01,167,275,167,275,442
40502,ESCARA,estado nutricional en menores de 5 anos,clasificacion c,2003-05-01,4,2,4,2,6
41101,EUCALIPTUS,estado nutricional en menores de 5 anos,clasificacion c,2003-05-01,27,23,27,23,50
80402,EXALTACION,estado nutricional en menores de 5 anos,clasificacion c,2003-05-01,0,167,0,167,167
90203,FILADELFIA,estado nutricional en menores de 5 anos,clasificacion c,2003-05-01,16,13,16,13,29
71002,GENERAL SAAVEDRA,estado nutricional en menores de 5 anos,clasificacion c,2003-05-01,250,298,250,298,548
21601,GRAL. J.J. PEREZ (CHARAZANI),estado nutricional en menores de 5 anos,clasificacion c,2003-05-01,82,178,82,178,260
20602,GUANAY,estado nutricional en menores de 5 anos,clasificacion c,2003-05-01,471,386,471,386,857
20802,GUAQUI,estado nutricional en menores de 5 anos,clasificacion c,2003-05-01,47,18,47,18,65
80202,GUAYARAMERIN,estado nutricional en menores de 5 anos,clasificacion c,2003-05-01,474,279,474,279,753
70705,GUTIERREZ,estado nutricional en menores de 5 anos,clasificacion c,2003-05-01,194,238,194,238,432
10502,HUACARETA,estado nutricional en menores de 5 anos,clasificacion c,2003-05-01,196,385,196,385,581
11002,HUACAYA (VILLA DE HUACAYA),estado nutricional en menores de 5 anos,clasificacion c,2003-05-01,36,86,36,86,122
40501,HUACHACALLA,estado nutricional en menores de 5 anos,clasificacion c,2003-05-01,13,18,13,18,31
40701,HUANUNI,estado nutricional en menores de 5 anos,clasificacion c,2003-05-01,174,150,174,150,324
80803,HUARACAJE,estado nutricional en menores de 5 anos,clasificacion c,2003-05-01,47,41,47,41,88
41601,HUAYLLAMARCA,estado nutricional en menores de 5 anos,clasificacion c,2003-05-01,54,62,54,62,116
21005,ICHOCA,estado nutricional en menores de 5 anos,clasificacion c,2003-05-01,66,143,66,143,209
10304,ICLA,estado nutricional en menores de 5 anos,clasificacion c,2003-05-01,209,314,209,314,523
10703,INCAHUASI,estado nutricional en menores de 5 anos,clasificacion c,2003-05-01,311,217,311,217,528
90402,INGAVI (HUMAITA),estado nutricional en menores de 5 anos,clasificacion c,2003-05-01,0,3,0,3,3
21001,INQUISIVI,estado nutricional en menores de 5 anos,clasificacion c,2003-05-01,234,374,234,374,608
21102,IRUPANA (VILLA DE LANZA),estado nutricional en menores de 5 anos,clasificacion c,2003-05-01,197,270,197,270,467
21501,IXIAMAS,estado nutricional en menores de 5 anos,clasificacion c,2003-05-01,64,96,64,96,160
21105,LA ASUNTA,estado nutricional en menores de 5 anos,clasificacion c,2003-05-01,165,58,165,58,223
70104,LA GUARDIA,estado nutricional en menores de 5 anos,clasificacion c,2003-05-01,479,278,479,278,757
20101,LA PAZ,estado nutricional en menores de 5 anos,clasificacion c,2003-05-01,4452,3105,4452,3105,7557
41501,LA RIVERA,estado nutricional en menores de 5 anos,clasificacion c,2003-05-01,5,4,5,4,9
70701,LAGUNILLAS,estado nutricional en menores de 5 anos,clasificacion c,2003-05-01,124,180,124,180,304
21202,LAJA,estado nutricional en menores de 5 anos,clasificacion c,2003-05-01,111,122,111,122,233
10903,LAS CARRERAS,estado nutricional en menores de 5 anos,clasificacion c,2003-05-01,85,122,85,122,207
21006,LICOMA PAMPA,estado nutricional en menores de 5 anos,clasificacion c,2003-05-01,54,67,54,67,121
50203,LLALLAGUA,estado nutricional en menores de 5 anos,clasificacion c,2003-05-01,87,921,87,921,1008
51401,LLICA,estado nutricional en menores de 5 anos,clasificacion c,2003-05-01,42,72,42,72,114
80601,LORETO,estado nutricional en menores de 5 anos,clasificacion c,2003-05-01,43,83,43,83,126
20901,LURIBAY,estado nutricional en menores de 5 anos,clasificacion c,2003-05-01,147,139,147,139,286
40702,MACHACAMARCA,estado nutricional en menores de 5 anos,clasificacion c,2003-05-01,32,38,32,38,70
11003,MACHARETI,estado nutricional en menores de 5 anos,clasificacion c,2003-05-01,167,320,167,320,487
80801,MAGDALENA,estado nutricional en menores de 5 anos,clasificacion c,2003-05-01,120,166,120,166,286
70903,MAIRANA,estado nutricional en menores de 5 anos,clasificacion c,2003-05-01,109,62,109,62,171
20904,MALLA,estado nutricional en menores de 5 anos,clasificacion c,2003-05-01,6,17,6,17,23
20103,MECAPACA,estado nutricional en menores de 5 anos,clasificacion c,2003-05-01,173,159,173,159,332
71003,MINEROS,estado nutricional en menores de 5 anos,clasificacion c,2003-05-01,587,365,587,365,952
31301,MIZQUE,estado nutricional en menores de 5 anos,clasificacion c,2003-05-01,154,181,154,181,335
20402,MOCOMOCO,estado nutricional en menores de 5 anos,clasificacion c,2003-05-01,239,251,239,251,490
51002,MOJINETE,estado nutricional en menores de 5 anos,clasificacion c,2003-05-01,21,22,21,22,43
10303,MOJOCOYA,estado nutricional en menores de 5 anos,clasificacion c,2003-05-01,172,359,172,359,531
10501,MONTEAGUDO,estado nutricional en menores de 5 anos,clasificacion c,2003-05-01,433,564,433,564,997
71001,MONTERO,estado nutricional en menores de 5 anos,clasificacion c,2003-05-01,1622,879,1622,879,2501
70803,MORO MORO,estado nutricional en menores de 5 anos,clasificacion c,2003-05-01,40,52,40,52,92
30302,MOROCHATA,estado nutricional en menores de 5 anos,clasificacion c,2003-05-01,348,517,348,517,865
90401,NACEBE (SANTA ROSA DEL ABUNA),estado nutricional en menores de 5 anos,clasificacion c,2003-05-01,10,20,10,20,30
20307,NAZACARA DE PACAJES,estado nutricional en menores de 5 anos,clasificacion c,2003-05-01,11,27,11,27,38
90501,NUEVO MANOA (NUEVA ESPERANZA),estado nutricional en menores de 5 anos,clasificacion c,2003-05-01,17,15,17,15,32
50404,OCURI,estado nutricional en menores de 5 anos,clasificacion c,2003-05-01,80,218,80,218,298
70202,OKINAWA,estado nutricional en menores de 5 anos,clasificacion c,2003-05-01,29,17,29,17,46
30203,OMEREQUE,estado nutricional en menores de 5 anos,clasificacion c,2003-05-01,54,73,54,73,127
40101,ORURO,estado nutricional en menores de 5 anos,clasificacion c,2003-05-01,1832,1493,1832,1493,3325
60201,PADCAYA,estado nutricional en menores de 5 anos,clasificacion c,2003-05-01,326,427,326,427,753
10401,PADILLA,estado nutricional en menores de 5 anos,clasificacion c,2003-05-01,302,477,302,477,779
70502,PAILON,estado nutricional en menores de 5 anos,clasificacion c,2003-05-01,98,51,98,51,149
20102,PALCA,estado nutricional en menores de 5 anos,clasificacion c,2003-05-01,165,254,165,254,419
21104,PALOS BLANCOS,estado nutricional en menores de 5 anos,clasificacion c,2003-05-01,374,520,374,520,894
40802,PAMPA AULLAGAS,estado nutricional en menores de 5 anos,clasificacion c,2003-05-01,22,26,22,26,48
70902,PAMPA GRANDE,estado nutricional en menores de 5 anos,clasificacion c,2003-05-01,41,54,41,54,95
21802,PAPEL PAMPA,estado nutricional en menores de 5 anos,clasificacion c,2003-05-01,54,83,54,83,137
30202,PASORAPA,estado nutricional en menores de 5 anos,clasificacion c,2003-05-01,65,77,65,77,142
21305,PATACAMAYA,estado nutricional en menores de 5 anos,clasificacion c,2003-05-01,142,78,142,78,220
40602,PAZÃ‘A,estado nutricional en menores de 5 anos,clasificacion c,2003-05-01,41,53,41,53,94
20702,PELECHUCO,estado nutricional en menores de 5 anos,clasificacion c,2003-05-01,53,78,53,78,131
50403,POCOATA,estado nutricional en menores de 5 anos,clasificacion c,2003-05-01,313,415,313,415,728
31203,POCONA,estado nutricional en menores de 5 anos,clasificacion c,2003-05-01,96,141,96,141,237
31202,POJO (CBBA),estado nutricional en menores de 5 anos,clasificacion c,2003-05-01,433,539,433,539,972
40601,POOPO,estado nutricional en menores de 5 anos,clasificacion c,2003-05-01,32,82,32,82,114
51203,PORCO,estado nutricional en menores de 5 anos,clasificacion c,2003-05-01,34,18,34,18,52
10103,POROMA,estado nutricional en menores de 5 anos,clasificacion c,2003-05-01,274,367,274,367,641
70103,PORONGO,estado nutricional en menores de 5 anos,clasificacion c,2003-05-01,64,81,64,81,145
70601,PORTACHUELO,estado nutricional en menores de 5 anos,clasificacion c,2003-05-01,257,199,257,199,456
90102,PORVENIR,estado nutricional en menores de 5 anos,clasificacion c,2003-05-01,65,67,65,67,132
70804,POSTRER VALLE,estado nutricional en menores de 5 anos,clasificacion c,2003-05-01,9,12,9,12,21
50101,POTOSI,estado nutricional en menores de 5 anos,clasificacion c,2003-05-01,1718,830,1718,830,2548
10302,PRESTO,estado nutricional en menores de 5 anos,clasificacion c,2003-05-01,220,281,220,281,501
70805,PUCARA,estado nutricional en menores de 5 anos,clasificacion c,2003-05-01,23,28,23,28,51
21201,PUCARANI,estado nutricional en menores de 5 anos,clasificacion c,2003-05-01,185,251,185,251,436
20401,PUERTO ACOSTA,estado nutricional en menores de 5 anos,clasificacion c,2003-05-01,261,566,261,566,827
20403,PUERTO CARABUCO,estado nutricional en menores de 5 anos,clasificacion c,2003-05-01,157,204,157,204,361
90301,PUERTO GONZALO MORENO,estado nutricional en menores de 5 anos,clasificacion c,2003-05-01,21,10,21,10,31
21204,PUERTO PEREZ,estado nutricional en menores de 5 anos,clasificacion c,2003-05-01,70,84,70,84,154
71402,PUERTO QUIJARRO,estado nutricional en menores de 5 anos,clasificacion c,2003-05-01,218,57,218,57,275
90201,PUERTO RICO,estado nutricional en menores de 5 anos,clasificacion c,2003-05-01,12,47,12,47,59
80703,PUERTO SILES,estado nutricional en menores de 5 anos,clasificacion c,2003-05-01,11,10,11,10,21
71401,PUERTO SUAREZ,estado nutricional en menores de 5 anos,clasificacion c,2003-05-01,144,27,144,27,171
31205,PUERTO VILLARROEL,estado nutricional en menores de 5 anos,clasificacion c,2003-05-01,442,385,442,385,827
51101,PUNA,estado nutricional en menores de 5 anos,clasificacion c,2003-05-01,415,469,415,469,884
20604,QUIABAYA,estado nutricional en menores de 5 anos,clasificacion c,2003-05-01,23,48,23,48,71
30901,QUILLACOLLO,estado nutricional en menores de 5 anos,clasificacion c,2003-05-01,369,225,369,225,594
21002,QUIME,estado nutricional en menores de 5 anos,clasificacion c,2003-05-01,148,289,148,289,437
70904,QUIRUSILLAS,estado nutricional en menores de 5 anos,clasificacion c,2003-05-01,17,24,17,24,41
50402,RAVELO,estado nutricional en menores de 5 anos,clasificacion c,2003-05-01,291,204,291,204,495
80301,REYES,estado nutricional en menores de 5 anos,clasificacion c,2003-05-01,236,208,236,208,444
80201,RIBERALTA,estado nutricional en menores de 5 anos,clasificacion c,2003-05-01,1025,454,1025,454,1479
70503,ROBORE,estado nutricional en menores de 5 anos,clasificacion c,2003-05-01,172,120,172,120,292
80304,RURRENABAQUE,estado nutricional en menores de 5 anos,clasificacion c,2003-05-01,190,133,190,133,323
40901,SABAYA,estado nutricional en menores de 5 anos,clasificacion c,2003-05-01,24,29,24,29,53
31001,SACABA,estado nutricional en menores de 5 anos,clasificacion c,2003-05-01,441,386,441,386,827
30404,SACABAMBA,estado nutricional en menores de 5 anos,clasificacion c,2003-05-01,21,16,21,16,37
50701,SACACA,estado nutricional en menores de 5 anos,clasificacion c,2003-05-01,243,399,243,399,642
71302,SAIPINA,estado nutricional en menores de 5 anos,clasificacion c,2003-05-01,36,35,36,35,71
40801,SALINAS DE GARCI MENDOZA,estado nutricional en menores de 5 anos,clasificacion c,2003-05-01,54,72,54,72,126
70901,SAMAIPATA,estado nutricional en menores de 5 anos,clasificacion c,2003-05-01,106,77,106,77,183
51601,SAN AGUSTIN,estado nutricional en menores de 5 anos,clasificacion c,2003-05-01,37,35,37,35,72
80602,SAN ANDRES,estado nutricional en menores de 5 anos,clasificacion c,2003-05-01,52,26,52,26,78
51003,SAN ANTONIO DE ESMORUCO,estado nutricional en menores de 5 anos,clasificacion c,2003-05-01,12,42,12,42,54
71105,SAN ANTONIO DE LOMERIO,estado nutricional en menores de 5 anos,clasificacion c,2003-05-01,85,117,85,117,202
80302,SAN BORJA,estado nutricional en menores de 5 anos,clasificacion c,2003-05-01,544,400,544,400,944
21502,SAN BUENA VENTURA,estado nutricional en menores de 5 anos,clasificacion c,2003-05-01,124,90,124,90,214
70402,SAN CARLOS,estado nutricional en menores de 5 anos,clasificacion c,2003-05-01,233,303,233,303,536
80501,SAN IGNACIO,estado nutricional en menores de 5 anos,clasificacion c,2003-05-01,222,224,222,224,446
70301,SAN IGNACIO DE VELASCO,estado nutricional en menores de 5 anos,clasificacion c,2003-05-01,621,517,621,517,1138
80102,SAN JAVIER(BNI),estado nutricional en menores de 5 anos,clasificacion c,2003-05-01,23,32,23,32,55
71102,SAN JAVIER(STC),estado nutricional en menores de 5 anos,clasificacion c,2003-05-01,107,85,107,85,192
80701,SAN JOAQUIN,estado nutricional en menores de 5 anos,clasificacion c,2003-05-01,55,22,55,22,77
70501,SAN JOSE DE CHIQUITOS,estado nutricional en menores de 5 anos,clasificacion c,2003-05-01,66,36,66,36,102
71104,SAN JULIAN,estado nutricional en menores de 5 anos,clasificacion c,2003-05-01,512,768,512,768,1280
90302,SAN LORENZO(PND),estado nutricional en menores de 5 anos,clasificacion c,2003-05-01,26,23,26,23,49
60501,SAN LORENZO(TJA),estado nutricional en menores de 5 anos,clasificacion c,2003-05-01,169,169,169,169,338
10702,SAN LUCAS,estado nutricional en menores de 5 anos,clasificacion c,2003-05-01,748,844,748,844,1592
70302,SAN MIGUEL DE VELASCO,estado nutricional en menores de 5 anos,clasificacion c,2003-05-01,134,138,134,138,272
51001,SAN PABLO DE LIPEZ,estado nutricional en menores de 5 anos,clasificacion c,2003-05-01,47,51,47,51,98
50501,SAN PEDRO DE BUENA VISTA,estado nutricional en menores de 5 anos,clasificacion c,2003-05-01,195,556,195,556,751
21801,SAN PEDRO DE CURAHUARA,estado nutricional en menores de 5 anos,clasificacion c,2003-05-01,14,23,14,23,37
50902,SAN PEDRO DE QUEMES,estado nutricional en menores de 5 anos,clasificacion c,2003-05-01,16,23,16,23,39
21702,SAN PEDRO DE TIQUINA,estado nutricional en menores de 5 anos,clasificacion c,2003-05-01,46,68,46,68,114
70303,SAN RAFAEL,estado nutricional en menores de 5 anos,clasificacion c,2003-05-01,89,95,89,95,184
80702,SAN RAMON,estado nutricional en menores de 5 anos,clasificacion c,2003-05-01,26,81,26,81,107
80702,SAN RAMON,estado nutricional en menores de 5 anos,clasificacion c,2003-05-01,70,50,70,50,120
80401,SANTA ANA,estado nutricional en menores de 5 anos,clasificacion c,2003-05-01,0,57,0,57,57
70101,SANTA CRUZ DE LA SIERRA,estado nutricional en menores de 5 anos,clasificacion c,2003-05-01,2882,1868,2882,1868,4750
80303,SANTA ROSA,estado nutricional en menores de 5 anos,clasificacion c,2003-05-01,71,77,71,77,148
70602,SANTA ROSA DEL SARA,estado nutricional en menores de 5 anos,clasificacion c,2003-05-01,51,37,51,37,88
20308,SANTIAGO DE CALLAPA,estado nutricional en menores de 5 anos,clasificacion c,2003-05-01,120,176,120,176,296
41401,SANTIAGO DE HUARI,estado nutricional en menores de 5 anos,clasificacion c,2003-05-01,40,76,40,76,116
21901,SANTIAGO DE MACHACA,estado nutricional en menores de 5 anos,clasificacion c,2003-05-01,74,134,74,134,208
30702,SANTIVAÃ‘ES,estado nutricional en menores de 5 anos,clasificacion c,2003-05-01,104,50,104,50,154
40202,SANTUARIO DE QUILLACAS,estado nutricional en menores de 5 anos,clasificacion c,2003-05-01,14,21,14,21,35
20902,SAPAHAQUI,estado nutricional en menores de 5 anos,clasificacion c,2003-05-01,81,75,81,75,156
90303,SENA,estado nutricional en menores de 5 anos,clasificacion c,2003-05-01,15,2,15,2,17
21301,SICA SICA (VILLA AROMA),estado nutricional en menores de 5 anos,clasificacion c,2003-05-01,325,211,325,211,536
30703,SICAYA,estado nutricional en menores de 5 anos,clasificacion c,2003-05-01,28,5,28,5,33
30902,SIPE SIPE,estado nutricional en menores de 5 anos,clasificacion c,2003-05-01,286,153,286,153,439
10403,SOPACHUY,estado nutricional en menores de 5 anos,clasificacion c,2003-05-01,146,109,146,109,255
20601,SORATA,estado nutricional en menores de 5 anos,clasificacion c,2003-05-01,201,326,201,326,527
10101,SUCRE,estado nutricional en menores de 5 anos,clasificacion c,2003-05-01,2200,1802,2200,1802,4002
20603,TACACOMA,estado nutricional en menores de 5 anos,clasificacion c,2003-05-01,56,92,56,92,148
50303,TACOBAMBA,estado nutricional en menores de 5 anos,clasificacion c,2003-05-01,152,142,152,142,294
30602,TACOPAYA,estado nutricional en menores de 5 anos,clasificacion c,2003-05-01,118,142,118,142,260
51402,TAHUA,estado nutricional en menores de 5 anos,clasificacion c,2003-05-01,16,35,16,35,51
31101,TAPACARI,estado nutricional en menores de 5 anos,clasificacion c,2003-05-01,259,304,259,304,563
10601,TARABUCO,estado nutricional en menores de 5 anos,clasificacion c,2003-05-01,476,635,476,635,1111
30401,TARATA,estado nutricional en menores de 5 anos,clasificacion c,2003-05-01,40,314,40,314,354
60101,TARIJA,estado nutricional en menores de 5 anos,clasificacion c,2003-05-01,1177,968,1177,968,2145
10202,TARVITA,estado nutricional en menores de 5 anos,clasificacion c,2003-05-01,275,389,275,389,664
20803,TIAWANACU,estado nutricional en menores de 5 anos,clasificacion c,2003-05-01,150,167,150,167,317
50102,TINGUIPAYA,estado nutricional en menores de 5 anos,clasificacion c,2003-05-01,142,140,142,140,282
20606,TIPUANI,estado nutricional en menores de 5 anos,clasificacion c,2003-05-01,90,51,90,51,141
30903,TIQUIPAYA,estado nutricional en menores de 5 anos,clasificacion c,2003-05-01,462,162,462,162,624
31601,TIRAQUE (CBBA),estado nutricional en menores de 5 anos,clasificacion c,2003-05-01,220,157,220,157,377
21703,TITO YUPANQUI (PARQUIPUJIO),estado nutricional en menores de 5 anos,clasificacion c,2003-05-01,16,47,16,47,63
30802,TOCO,estado nutricional en menores de 5 anos,clasificacion c,2003-05-01,21,33,21,33,54
41502,TODOS SANTOS,estado nutricional en menores de 5 anos,clasificacion c,2003-05-01,3,5,3,5,8
30803,TOLATA,estado nutricional en menores de 5 anos,clasificacion c,2003-05-01,27,59,27,59,86
41001,TOLEDO,estado nutricional en menores de 5 anos,clasificacion c,2003-05-01,48,27,48,27,75
51202,TOMAVE,estado nutricional en menores de 5 anos,clasificacion c,2003-05-01,171,243,171,243,414
10402,TOMINA,estado nutricional en menores de 5 anos,clasificacion c,2003-05-01,173,288,173,288,461
50502,TORO TORO,estado nutricional en menores de 5 anos,clasificacion c,2003-05-01,210,287,210,287,497
31201,TOTORA(CBBA),estado nutricional en menores de 5 anos,clasificacion c,2003-05-01,157,127,157,127,284
41301,TOTORA(ORR),estado nutricional en menores de 5 anos,clasificacion c,2003-05-01,74,135,74,135,209
70802,TRIGAL,estado nutricional en menores de 5 anos,clasificacion c,2003-05-01,12,15,12,15,27
80101,TRINIDAD,estado nutricional en menores de 5 anos,clasificacion c,2003-05-01,656,620,656,620,1276
50801,TUPIZA,estado nutricional en menores de 5 anos,clasificacion c,2003-05-01,325,935,325,935,1260
40402,TURCO,estado nutricional en menores de 5 anos,clasificacion c,2003-05-01,44,59,44,59,103
21302,UMALA,estado nutricional en menores de 5 anos,clasificacion c,2003-05-01,30,34,30,34,64
50201,UNCIA,estado nutricional en menores de 5 anos,clasificacion c,2003-05-01,35,5,35,5,40
60401,URIONDO (A. CONCEPCION),estado nutricional en menores de 5 anos,clasificacion c,2003-05-01,110,131,110,131,241
71502,URUBICHA,estado nutricional en menores de 5 anos,clasificacion c,2003-05-01,7,11,7,11,18
51201,UYUNI,estado nutricional en menores de 5 anos,clasificacion c,2003-05-01,387,373,387,373,760
70801,VALLEGRANDE,estado nutricional en menores de 5 anos,clasificacion c,2003-05-01,214,260,214,260,474
20801,VIACHA,estado nutricional en menores de 5 anos,clasificacion c,2003-05-01,492,584,492,584,1076
31302,VILA VILA,estado nutricional en menores de 5 anos,clasificacion c,2003-05-01,91,209,91,209,300
60303,VILLA MONTES,estado nutricional en menores de 5 anos,clasificacion c,2003-05-01,326,178,326,178,504
90502,VILLA NUEVA (LOMA ALTA),estado nutricional en menores de 5 anos,clasificacion c,2003-05-01,1,0,1,0,1
10801,VILLA SERRANO,estado nutricional en menores de 5 anos,clasificacion c,2003-05-01,336,503,336,503,839
31003,VILLA TUNARI,estado nutricional en menores de 5 anos,clasificacion c,2003-05-01,409,231,409,231,640
11001,VILLA VACA GUZMAN (MUYUPAMPA),estado nutricional en menores de 5 anos,clasificacion c,2003-05-01,186,312,186,312,498
51501,VILLAZON,estado nutricional en menores de 5 anos,clasificacion c,2003-05-01,372,278,372,278,650
50602,VITICHI,estado nutricional en menores de 5 anos,clasificacion c,2003-05-01,224,385,224,385,609
20306,WALDO BALLIVIAN,estado nutricional en menores de 5 anos,clasificacion c,2003-05-01,15,12,15,12,27
70201,WARNES,estado nutricional en menores de 5 anos,clasificacion c,2003-05-01,38,19,38,19,57
20903,YACO,estado nutricional en menores de 5 anos,clasificacion c,2003-05-01,29,49,29,49,78
60301,YACUIBA,estado nutricional en menores de 5 anos,clasificacion c,2003-05-01,504,348,504,348,852
10602,YAMPARAEZ,estado nutricional en menores de 5 anos,clasificacion c,2003-05-01,243,417,243,417,660
21103,YANACACHI,estado nutricional en menores de 5 anos,clasificacion c,2003-05-01,92,137,92,137,229
70403,YAPACANI,estado nutricional en menores de 5 anos,clasificacion c,2003-05-01,337,501,337,501,838
50103,YOCALLA,estado nutricional en menores de 5 anos,clasificacion c,2003-05-01,68,121,68,121,189
10102,YOTALA,estado nutricional en menores de 5 anos,clasificacion c,2003-05-01,161,361,161,361,522
60402,YUNCHARA,estado nutricional en menores de 5 anos,clasificacion c,2003-05-01,45,69,45,69,114
10301,ZUDAÃ‘EZ,estado nutricional en menores de 5 anos,clasificacion c,2003-05-01,166,218,166,218,384
51302,ACACIO,estado nutricional en menores de 5 anos,clasificacion c,2003-06-01,88,126,88,126,214
20201,ACHACACHI,estado nutricional en menores de 5 anos,clasificacion c,2003-06-01,675,1096,675,1096,1771
20104,ACHOCALLA,estado nutricional en menores de 5 anos,clasificacion c,2003-06-01,92,94,92,94,186
30201,AIQUILE,estado nutricional en menores de 5 anos,clasificacion c,2003-06-01,123,120,123,120,243
31303,ALALAY,estado nutricional en menores de 5 anos,clasificacion c,2003-06-01,27,29,27,29,56
10404,ALCALA,estado nutricional en menores de 5 anos,clasificacion c,2003-06-01,58,108,58,108,166
20202,ANCORAIMES,estado nutricional en menores de 5 anos,clasificacion c,2003-06-01,175,201,175,201,376
41201,ANDAMARCA,estado nutricional en menores de 5 anos,clasificacion c,2003-06-01,49,64,49,64,113
30402,ANZALDO,estado nutricional en menores de 5 anos,clasificacion c,2003-06-01,26,128,26,128,154
20701,APOLO,estado nutricional en menores de 5 anos,clasificacion c,2003-06-01,46,35,46,35,81
51301,ARAMPAMPA,estado nutricional en menores de 5 anos,clasificacion c,2003-06-01,95,143,95,143,238
30501,ARANI,estado nutricional en menores de 5 anos,clasificacion c,2003-06-01,9,41,9,41,50
30403,ARBIETO,estado nutricional en menores de 5 anos,clasificacion c,2003-06-01,31,19,31,19,50
30601,ARQUE,estado nutricional en menores de 5 anos,clasificacion c,2003-06-01,40,60,40,60,100
71501,ASCENCION DE GUARAYOS,estado nutricional en menores de 5 anos,clasificacion c,2003-06-01,241,456,241,456,697
50802,ATOCHA,estado nutricional en menores de 5 anos,clasificacion c,2003-06-01,77,316,77,316,393
20503,AUCAPATA,estado nutricional en menores de 5 anos,clasificacion c,2003-06-01,21,39,21,39,60
20502,AYATA,estado nutricional en menores de 5 anos,clasificacion c,2003-06-01,62,20,62,20,82
21303,AYO AYO,estado nutricional en menores de 5 anos,clasificacion c,2003-06-01,149,61,149,61,210
30301,AYOPAYA (V. DE INDEPENDENCIA),estado nutricional en menores de 5 anos,clasificacion c,2003-06-01,163,105,163,105,268
10201,AZURDUY,estado nutricional en menores de 5 anos,clasificacion c,2003-06-01,199,305,199,305,504
21203,BATALLAS,estado nutricional en menores de 5 anos,clasificacion c,2003-06-01,165,224,165,224,389
80802,BAURES,estado nutricional en menores de 5 anos,clasificacion c,2003-06-01,65,67,65,67,132
41202,BELEN DE ANDAMARCA,estado nutricional en menores de 5 anos,clasificacion c,2003-06-01,3,5,3,5,8
50104,BELEN DE URMIRI,estado nutricional en menores de 5 anos,clasificacion c,2003-06-01,39,32,39,32,71
90104,BELLA FLOR,estado nutricional en menores de 5 anos,clasificacion c,2003-06-01,44,93,44,93,137
60202,BERMEJO,estado nutricional en menores de 5 anos,clasificacion c,2003-06-01,55,71,55,71,126
50301,BETANZOS,estado nutricional en menores de 5 anos,clasificacion c,2003-06-01,331,240,331,240,571
31501,BOLIVAR,estado nutricional en menores de 5 anos,clasificacion c,2003-06-01,65,79,65,79,144
90103,BOLPEBRA,estado nutricional en menores de 5 anos,clasificacion c,2003-06-01,24,47,24,47,71
70707,BOYUIBE,estado nutricional en menores de 5 anos,clasificacion c,2003-06-01,62,110,62,110,172
70401,BUENA VISTA,estado nutricional en menores de 5 anos,clasificacion c,2003-06-01,223,243,223,243,466
70703,CABEZAS,estado nutricional en menores de 5 anos,clasificacion c,2003-06-01,118,123,118,123,241
20905,CAIROMA,estado nutricional en menores de 5 anos,clasificacion c,2003-06-01,113,90,113,90,203
51102,"CAIZA ""D""",estado nutricional en menores de 5 anos,clasificacion c,2003-06-01,158,134,158,134,292
21003,CAJUATA,estado nutricional en menores de 5 anos,clasificacion c,2003-06-01,43,57,43,57,100
20303,CALACOTO,estado nutricional en menores de 5 anos,clasificacion c,2003-06-01,41,29,41,29,70
21304,CALAMARCA,estado nutricional en menores de 5 anos,clasificacion c,2003-06-01,271,164,271,164,435
10701,CAMARGO,estado nutricional en menores de 5 anos,clasificacion c,2003-06-01,206,132,206,132,338
10901,CAMATAQUI (C. VILLA ABECIA),estado nutricional en menores de 5 anos,clasificacion c,2003-06-01,60,48,60,48,108
70706,CAMIRI,estado nutricional en menores de 5 anos,clasificacion c,2003-06-01,449,264,449,264,713
30701,CAPINOTA,estado nutricional en menores de 5 anos,clasificacion c,2003-06-01,54,56,54,56,110
20302,CAQUIAVIRI,estado nutricional en menores de 5 anos,clasificacion c,2003-06-01,118,181,118,181,299
40102,CARACOLLO,estado nutricional en menores de 5 anos,clasificacion c,2003-06-01,143,99,143,99,242
22001,CARANAVI,estado nutricional en menores de 5 anos,clasificacion c,2003-06-01,557,437,557,437,994
41503,CARANGAS,estado nutricional en menores de 5 anos,clasificacion c,2003-06-01,0,2,0,2,2
60302,CARAPARI,estado nutricional en menores de 5 anos,clasificacion c,2003-06-01,116,157,116,157,273
50702,CARIPUYO,estado nutricional en menores de 5 anos,clasificacion c,2003-06-01,135,140,135,140,275
40201,CHALLAPATA,estado nutricional en menores de 5 anos,clasificacion c,2003-06-01,209,212,209,212,421
50302,CHAQUI,estado nutricional en menores de 5 anos,clasificacion c,2003-06-01,104,112,104,112,216
70702,CHARAGUA,estado nutricional en menores de 5 anos,clasificacion c,2003-06-01,296,329,296,329,625
20305,CHARAÃ‘A,estado nutricional en menores de 5 anos,clasificacion c,2003-06-01,7,9,7,9,16
50202,CHAYANTA,estado nutricional en menores de 5 anos,clasificacion c,2003-06-01,87,87,87,87,174
31204,CHIMORE,estado nutricional en menores de 5 anos,clasificacion c,2003-06-01,83,52,83,52,135
40903,CHIPAYA,estado nutricional en menores de 5 anos,clasificacion c,2003-06-01,4,1,4,1,5
40302,CHOQUE COTA,estado nutricional en menores de 5 anos,clasificacion c,2003-06-01,22,27,22,27,49
21101,CHULUMANI (V. DE LA LIBERTAD),estado nutricional en menores de 5 anos,clasificacion c,2003-06-01,74,62,74,62,136
20501,CHUMA,estado nutricional en menores de 5 anos,clasificacion c,2003-06-01,82,65,82,65,147
30801,CLIZA,estado nutricional en menores de 5 anos,clasificacion c,2003-06-01,64,27,64,27,91
90101,COBIJA,estado nutricional en menores de 5 anos,clasificacion c,2003-06-01,240,166,240,166,406
30101,COCHABAMBA,estado nutricional en menores de 5 anos,clasificacion c,2003-06-01,2167,1356,2167,1356,3523
40902,COIPASA,estado nutricional en menores de 5 anos,clasificacion c,2003-06-01,8,4,8,4,12
30905,COLCAPIRHUA,estado nutricional en menores de 5 anos,clasificacion c,2003-06-01,134,63,134,63,197
50901,"COLCHA ""K""",estado nutricional en menores de 5 anos,clasificacion c,2003-06-01,138,148,138,148,286
21307,COLLANA,estado nutricional en menores de 5 anos,clasificacion c,2003-06-01,16,1,16,1,17
31002,COLOMI,estado nutricional en menores de 5 anos,clasificacion c,2003-06-01,340,178,340,178,518
50401,COLQUECHACA,estado nutricional en menores de 5 anos,clasificacion c,2003-06-01,295,182,295,182,477
21306,COLQUENCHA,estado nutricional en menores de 5 anos,clasificacion c,2003-06-01,48,21,48,21,69
21004,COLQUIRI,estado nutricional en menores de 5 anos,clasificacion c,2003-06-01,132,110,132,110,242
20304,COMANCHE,estado nutricional en menores de 5 anos,clasificacion c,2003-06-01,11,6,11,6,17
71301,COMARAPA,estado nutricional en menores de 5 anos,clasificacion c,2003-06-01,143,69,143,69,212
20605,COMBAYA,estado nutricional en menores de 5 anos,clasificacion c,2003-06-01,14,31,14,31,45
71101,CONCEPCION,estado nutricional en menores de 5 anos,clasificacion c,2003-06-01,27,49,27,49,76
21701,COPACABANA,estado nutricional en menores de 5 anos,clasificacion c,2003-06-01,76,57,76,57,133
21402,CORIPATA,estado nutricional en menores de 5 anos,clasificacion c,2003-06-01,26,2,26,2,28
20301,CORO CORO,estado nutricional en menores de 5 anos,clasificacion c,2003-06-01,82,47,82,47,129
21401,COROICO,estado nutricional en menores de 5 anos,clasificacion c,2003-06-01,169,174,169,174,343
40301,CORQUE,estado nutricional en menores de 5 anos,clasificacion c,2003-06-01,48,54,48,54,102
50601,COTAGAITA,estado nutricional en menores de 5 anos,clasificacion c,2003-06-01,362,406,362,406,768
70102,COTOCA,estado nutricional en menores de 5 anos,clasificacion c,2003-06-01,114,34,114,34,148
31405,CUCHUMUELA (V. G. VILLARROEL),estado nutricional en menores de 5 anos,clasificacion c,2003-06-01,27,20,27,20,47
70704,CUEVO,estado nutricional en menores de 5 anos,clasificacion c,2003-06-01,83,71,83,71,154
10902,CULPINA,estado nutricional en menores de 5 anos,clasificacion c,2003-06-01,380,379,380,379,759
40401,CURAHUARA DE CARANGAS,estado nutricional en menores de 5 anos,clasificacion c,2003-06-01,20,66,20,66,86
21602,CURVA,estado nutricional en menores de 5 anos,clasificacion c,2003-06-01,26,17,26,17,43
20804,DESAGUADERO,estado nutricional en menores de 5 anos,clasificacion c,2003-06-01,24,60,24,60,84
20105,EL ALTO,estado nutricional en menores de 5 anos,clasificacion c,2003-06-01,5686,2674,5686,2674,8360
40103,EL CHORO,estado nutricional en menores de 5 anos,clasificacion c,2003-06-01,46,53,46,53,99
71503,EL PUENTE(STC),estado nutricional en menores de 5 anos,clasificacion c,2003-06-01,66,238,66,238,304
60502,EL PUENTE(TJA),estado nutricional en menores de 5 anos,clasificacion c,2003-06-01,57,108,57,108,165
70105,EL TORNO,estado nutricional en menores de 5 anos,clasificacion c,2003-06-01,226,153,226,153,379
10405,EL VILLAR,estado nutricional en menores de 5 anos,clasificacion c,2003-06-01,80,137,80,137,217
60601,ENTRE RIOS,estado nutricional en menores de 5 anos,clasificacion c,2003-06-01,194,247,194,247,441
41101,EUCALIPTUS,estado nutricional en menores de 5 anos,clasificacion c,2003-06-01,80,116,80,116,196
90503,EUREKA (SANTOS MERCADO),estado nutricional en menores de 5 anos,clasificacion c,2003-06-01,3,5,3,5,8
80402,EXALTACION,estado nutricional en menores de 5 anos,clasificacion c,2003-06-01,0,51,0,51,51
90203,FILADELFIA,estado nutricional en menores de 5 anos,clasificacion c,2003-06-01,21,30,21,30,51
71002,GENERAL SAAVEDRA,estado nutricional en menores de 5 anos,clasificacion c,2003-06-01,251,400,251,400,651
21601,GRAL. J.J. PEREZ (CHARAZANI),estado nutricional en menores de 5 anos,clasificacion c,2003-06-01,106,237,106,237,343
20602,GUANAY,estado nutricional en menores de 5 anos,clasificacion c,2003-06-01,468,308,468,308,776
20802,GUAQUI,estado nutricional en menores de 5 anos,clasificacion c,2003-06-01,39,18,39,18,57
80202,GUAYARAMERIN,estado nutricional en menores de 5 anos,clasificacion c,2003-06-01,599,320,599,320,919
70705,GUTIERREZ,estado nutricional en menores de 5 anos,clasificacion c,2003-06-01,281,318,281,318,599
10502,HUACARETA,estado nutricional en menores de 5 anos,clasificacion c,2003-06-01,135,199,135,199,334
11002,HUACAYA (VILLA DE HUACAYA),estado nutricional en menores de 5 anos,clasificacion c,2003-06-01,28,38,28,38,66
40501,HUACHACALLA,estado nutricional en menores de 5 anos,clasificacion c,2003-06-01,16,9,16,9,25
40701,HUANUNI,estado nutricional en menores de 5 anos,clasificacion c,2003-06-01,300,164,300,164,464
80803,HUARACAJE,estado nutricional en menores de 5 anos,clasificacion c,2003-06-01,43,48,43,48,91
41601,HUAYLLAMARCA,estado nutricional en menores de 5 anos,clasificacion c,2003-06-01,61,56,61,56,117
21005,ICHOCA,estado nutricional en menores de 5 anos,clasificacion c,2003-06-01,40,117,40,117,157
10304,ICLA,estado nutricional en menores de 5 anos,clasificacion c,2003-06-01,193,294,193,294,487
10703,INCAHUASI,estado nutricional en menores de 5 anos,clasificacion c,2003-06-01,219,162,219,162,381
90402,INGAVI (HUMAITA),estado nutricional en menores de 5 anos,clasificacion c,2003-06-01,0,20,0,20,20
21001,INQUISIVI,estado nutricional en menores de 5 anos,clasificacion c,2003-06-01,177,208,177,208,385
21102,IRUPANA (VILLA DE LANZA),estado nutricional en menores de 5 anos,clasificacion c,2003-06-01,190,208,190,208,398
21501,IXIAMAS,estado nutricional en menores de 5 anos,clasificacion c,2003-06-01,86,71,86,71,157
21105,LA ASUNTA,estado nutricional en menores de 5 anos,clasificacion c,2003-06-01,208,118,208,118,326
70104,LA GUARDIA,estado nutricional en menores de 5 anos,clasificacion c,2003-06-01,475,221,475,221,696
20101,LA PAZ,estado nutricional en menores de 5 anos,clasificacion c,2003-06-01,4418,3026,4418,3026,7444
41501,LA RIVERA,estado nutricional en menores de 5 anos,clasificacion c,2003-06-01,1,3,1,3,4
70701,LAGUNILLAS,estado nutricional en menores de 5 anos,clasificacion c,2003-06-01,72,86,72,86,158
21202,LAJA,estado nutricional en menores de 5 anos,clasificacion c,2003-06-01,124,145,124,145,269
10903,LAS CARRERAS,estado nutricional en menores de 5 anos,clasificacion c,2003-06-01,48,65,48,65,113
21006,LICOMA PAMPA,estado nutricional en menores de 5 anos,clasificacion c,2003-06-01,10,45,10,45,55
50203,LLALLAGUA,estado nutricional en menores de 5 anos,clasificacion c,2003-06-01,78,996,78,996,1074
51401,LLICA,estado nutricional en menores de 5 anos,clasificacion c,2003-06-01,42,56,42,56,98
80601,LORETO,estado nutricional en menores de 5 anos,clasificacion c,2003-06-01,52,59,52,59,111
20901,LURIBAY,estado nutricional en menores de 5 anos,clasificacion c,2003-06-01,148,125,148,125,273
40702,MACHACAMARCA,estado nutricional en menores de 5 anos,clasificacion c,2003-06-01,33,39,33,39,72
11003,MACHARETI,estado nutricional en menores de 5 anos,clasificacion c,2003-06-01,122,210,122,210,332
80801,MAGDALENA,estado nutricional en menores de 5 anos,clasificacion c,2003-06-01,50,66,50,66,116
70903,MAIRANA,estado nutricional en menores de 5 anos,clasificacion c,2003-06-01,101,28,101,28,129
20904,MALLA,estado nutricional en menores de 5 anos,clasificacion c,2003-06-01,27,26,27,26,53
20103,MECAPACA,estado nutricional en menores de 5 anos,clasificacion c,2003-06-01,168,149,168,149,317
71003,MINEROS,estado nutricional en menores de 5 anos,clasificacion c,2003-06-01,725,399,725,399,1124
31301,MIZQUE,estado nutricional en menores de 5 anos,clasificacion c,2003-06-01,72,88,72,88,160
20402,MOCOMOCO,estado nutricional en menores de 5 anos,clasificacion c,2003-06-01,163,169,163,169,332
51002,MOJINETE,estado nutricional en menores de 5 anos,clasificacion c,2003-06-01,10,19,10,19,29
10303,MOJOCOYA,estado nutricional en menores de 5 anos,clasificacion c,2003-06-01,123,261,123,261,384
10501,MONTEAGUDO,estado nutricional en menores de 5 anos,clasificacion c,2003-06-01,366,408,366,408,774
71001,MONTERO,estado nutricional en menores de 5 anos,clasificacion c,2003-06-01,1440,715,1440,715,2155
70803,MORO MORO,estado nutricional en menores de 5 anos,clasificacion c,2003-06-01,25,40,25,40,65
30302,MOROCHATA,estado nutricional en menores de 5 anos,clasificacion c,2003-06-01,213,320,213,320,533
90401,NACEBE (SANTA ROSA DEL ABUNA),estado nutricional en menores de 5 anos,clasificacion c,2003-06-01,8,5,8,5,13
90501,NUEVO MANOA (NUEVA ESPERANZA),estado nutricional en menores de 5 anos,clasificacion c,2003-06-01,3,8,3,8,11
50404,OCURI,estado nutricional en menores de 5 anos,clasificacion c,2003-06-01,79,172,79,172,251
30203,OMEREQUE,estado nutricional en menores de 5 anos,clasificacion c,2003-06-01,37,52,37,52,89
40101,ORURO,estado nutricional en menores de 5 anos,clasificacion c,2003-06-01,1841,1495,1841,1495,3336
60201,PADCAYA,estado nutricional en menores de 5 anos,clasificacion c,2003-06-01,235,313,235,313,548
10401,PADILLA,estado nutricional en menores de 5 anos,clasificacion c,2003-06-01,278,387,278,387,665
70502,PAILON,estado nutricional en menores de 5 anos,clasificacion c,2003-06-01,91,80,91,80,171
20102,PALCA,estado nutricional en menores de 5 anos,clasificacion c,2003-06-01,120,184,120,184,304
21104,PALOS BLANCOS,estado nutricional en menores de 5 anos,clasificacion c,2003-06-01,241,272,241,272,513
40802,PAMPA AULLAGAS,estado nutricional en menores de 5 anos,clasificacion c,2003-06-01,20,25,20,25,45
70902,PAMPA GRANDE,estado nutricional en menores de 5 anos,clasificacion c,2003-06-01,93,68,93,68,161
21802,PAPEL PAMPA,estado nutricional en menores de 5 anos,clasificacion c,2003-06-01,57,66,57,66,123
30202,PASORAPA,estado nutricional en menores de 5 anos,clasificacion c,2003-06-01,40,30,40,30,70
21305,PATACAMAYA,estado nutricional en menores de 5 anos,clasificacion c,2003-06-01,254,136,254,136,390
40602,PAZÃ‘A,estado nutricional en menores de 5 anos,clasificacion c,2003-06-01,29,50,29,50,79
20702,PELECHUCO,estado nutricional en menores de 5 anos,clasificacion c,2003-06-01,33,45,33,45,78
50403,POCOATA,estado nutricional en menores de 5 anos,clasificacion c,2003-06-01,323,328,323,328,651
31203,POCONA,estado nutricional en menores de 5 anos,clasificacion c,2003-06-01,54,52,54,52,106
31202,POJO (CBBA),estado nutricional en menores de 5 anos,clasificacion c,2003-06-01,302,238,302,238,540
40601,POOPO,estado nutricional en menores de 5 anos,clasificacion c,2003-06-01,15,59,15,59,74
51203,PORCO,estado nutricional en menores de 5 anos,clasificacion c,2003-06-01,111,41,111,41,152
10103,POROMA,estado nutricional en menores de 5 anos,clasificacion c,2003-06-01,305,340,305,340,645
70103,PORONGO,estado nutricional en menores de 5 anos,clasificacion c,2003-06-01,48,55,48,55,103
70601,PORTACHUELO,estado nutricional en menores de 5 anos,clasificacion c,2003-06-01,298,190,298,190,488
90102,PORVENIR,estado nutricional en menores de 5 anos,clasificacion c,2003-06-01,79,58,79,58,137
70804,POSTRER VALLE,estado nutricional en menores de 5 anos,clasificacion c,2003-06-01,13,24,13,24,37
50101,POTOSI,estado nutricional en menores de 5 anos,clasificacion c,2003-06-01,1425,680,1425,680,2105
10302,PRESTO,estado nutricional en menores de 5 anos,clasificacion c,2003-06-01,123,126,123,126,249
70805,PUCARA,estado nutricional en menores de 5 anos,clasificacion c,2003-06-01,3,1,3,1,4
21201,PUCARANI,estado nutricional en menores de 5 anos,clasificacion c,2003-06-01,206,107,206,107,313
20401,PUERTO ACOSTA,estado nutricional en menores de 5 anos,clasificacion c,2003-06-01,170,273,170,273,443
20403,PUERTO CARABUCO,estado nutricional en menores de 5 anos,clasificacion c,2003-06-01,93,130,93,130,223
90301,PUERTO GONZALO MORENO,estado nutricional en menores de 5 anos,clasificacion c,2003-06-01,30,10,30,10,40
21204,PUERTO PEREZ,estado nutricional en menores de 5 anos,clasificacion c,2003-06-01,94,148,94,148,242
71402,PUERTO QUIJARRO,estado nutricional en menores de 5 anos,clasificacion c,2003-06-01,183,51,183,51,234
90201,PUERTO RICO,estado nutricional en menores de 5 anos,clasificacion c,2003-06-01,21,36,21,36,57
80703,PUERTO SILES,estado nutricional en menores de 5 anos,clasificacion c,2003-06-01,48,110,48,110,158
71401,PUERTO SUAREZ,estado nutricional en menores de 5 anos,clasificacion c,2003-06-01,163,41,163,41,204
31205,PUERTO VILLARROEL,estado nutricional en menores de 5 anos,clasificacion c,2003-06-01,460,323,460,323,783
51101,PUNA,estado nutricional en menores de 5 anos,clasificacion c,2003-06-01,223,114,223,114,337
31401,PUNATA,estado nutricional en menores de 5 anos,clasificacion c,2003-06-01,165,45,165,45,210
20604,QUIABAYA,estado nutricional en menores de 5 anos,clasificacion c,2003-06-01,23,26,23,26,49
30901,QUILLACOLLO,estado nutricional en menores de 5 anos,clasificacion c,2003-06-01,345,154,345,154,499
21002,QUIME,estado nutricional en menores de 5 anos,clasificacion c,2003-06-01,191,161,191,161,352
70904,QUIRUSILLAS,estado nutricional en menores de 5 anos,clasificacion c,2003-06-01,18,11,18,11,29
50402,RAVELO,estado nutricional en menores de 5 anos,clasificacion c,2003-06-01,322,272,322,272,594
80301,REYES,estado nutricional en menores de 5 anos,clasificacion c,2003-06-01,12,25,12,25,37
80201,RIBERALTA,estado nutricional en menores de 5 anos,clasificacion c,2003-06-01,1176,461,1176,461,1637
70503,ROBORE,estado nutricional en menores de 5 anos,clasificacion c,2003-06-01,171,125,171,125,296
80304,RURRENABAQUE,estado nutricional en menores de 5 anos,clasificacion c,2003-06-01,173,84,173,84,257
40901,SABAYA,estado nutricional en menores de 5 anos,clasificacion c,2003-06-01,31,28,31,28,59
31001,SACABA,estado nutricional en menores de 5 anos,clasificacion c,2003-06-01,312,132,312,132,444
30404,SACABAMBA,estado nutricional en menores de 5 anos,clasificacion c,2003-06-01,24,43,24,43,67
50701,SACACA,estado nutricional en menores de 5 anos,clasificacion c,2003-06-01,180,278,180,278,458
71302,SAIPINA,estado nutricional en menores de 5 anos,clasificacion c,2003-06-01,34,34,34,34,68
40801,SALINAS DE GARCI MENDOZA,estado nutricional en menores de 5 anos,clasificacion c,2003-06-01,58,59,58,59,117
70901,SAMAIPATA,estado nutricional en menores de 5 anos,clasificacion c,2003-06-01,91,73,91,73,164
51601,SAN AGUSTIN,estado nutricional en menores de 5 anos,clasificacion c,2003-06-01,36,26,36,26,62
80602,SAN ANDRES,estado nutricional en menores de 5 anos,clasificacion c,2003-06-01,40,30,40,30,70
51003,SAN ANTONIO DE ESMORUCO,estado nutricional en menores de 5 anos,clasificacion c,2003-06-01,3,13,3,13,16
71105,SAN ANTONIO DE LOMERIO,estado nutricional en menores de 5 anos,clasificacion c,2003-06-01,104,141,104,141,245
31403,SAN BENITO,estado nutricional en menores de 5 anos,clasificacion c,2003-06-01,607,149,607,149,756
80302,SAN BORJA,estado nutricional en menores de 5 anos,clasificacion c,2003-06-01,503,336,503,336,839
21502,SAN BUENA VENTURA,estado nutricional en menores de 5 anos,clasificacion c,2003-06-01,124,88,124,88,212
70402,SAN CARLOS,estado nutricional en menores de 5 anos,clasificacion c,2003-06-01,333,240,333,240,573
80501,SAN IGNACIO,estado nutricional en menores de 5 anos,clasificacion c,2003-06-01,210,195,210,195,405
70301,SAN IGNACIO DE VELASCO,estado nutricional en menores de 5 anos,clasificacion c,2003-06-01,566,374,566,374,940
80102,SAN JAVIER(BNI),estado nutricional en menores de 5 anos,clasificacion c,2003-06-01,19,31,19,31,50
71102,SAN JAVIER(STC),estado nutricional en menores de 5 anos,clasificacion c,2003-06-01,115,92,115,92,207
80701,SAN JOAQUIN,estado nutricional en menores de 5 anos,clasificacion c,2003-06-01,49,33,49,33,82
70501,SAN JOSE DE CHIQUITOS,estado nutricional en menores de 5 anos,clasificacion c,2003-06-01,150,38,150,38,188
71104,SAN JULIAN,estado nutricional en menores de 5 anos,clasificacion c,2003-06-01,411,497,411,497,908
90302,SAN LORENZO(PND),estado nutricional en menores de 5 anos,clasificacion c,2003-06-01,17,18,17,18,35
60501,SAN LORENZO(TJA),estado nutricional en menores de 5 anos,clasificacion c,2003-06-01,109,156,109,156,265
10702,SAN LUCAS,estado nutricional en menores de 5 anos,clasificacion c,2003-06-01,519,579,519,579,1098
71201,SAN MATIAS,estado nutricional en menores de 5 anos,clasificacion c,2003-06-01,170,56,170,56,226
70302,SAN MIGUEL DE VELASCO,estado nutricional en menores de 5 anos,clasificacion c,2003-06-01,139,96,139,96,235
51001,SAN PABLO DE LIPEZ,estado nutricional en menores de 5 anos,clasificacion c,2003-06-01,17,34,17,34,51
50501,SAN PEDRO DE BUENA VISTA,estado nutricional en menores de 5 anos,clasificacion c,2003-06-01,231,460,231,460,691
21801,SAN PEDRO DE CURAHUARA,estado nutricional en menores de 5 anos,clasificacion c,2003-06-01,79,126,79,126,205
50902,SAN PEDRO DE QUEMES,estado nutricional en menores de 5 anos,clasificacion c,2003-06-01,4,7,4,7,11
21702,SAN PEDRO DE TIQUINA,estado nutricional en menores de 5 anos,clasificacion c,2003-06-01,49,96,49,96,145
70303,SAN RAFAEL,estado nutricional en menores de 5 anos,clasificacion c,2003-06-01,90,74,90,74,164
80702,SAN RAMON,estado nutricional en menores de 5 anos,clasificacion c,2003-06-01,51,58,51,58,109
80401,SANTA ANA,estado nutricional en menores de 5 anos,clasificacion c,2003-06-01,0,58,0,58,58
70101,SANTA CRUZ DE LA SIERRA,estado nutricional en menores de 5 anos,clasificacion c,2003-06-01,5277,3025,5277,3025,8302
80303,SANTA ROSA,estado nutricional en menores de 5 anos,clasificacion c,2003-06-01,54,41,54,41,95
70602,SANTA ROSA DEL SARA,estado nutricional en menores de 5 anos,clasificacion c,2003-06-01,74,55,74,55,129
20308,SANTIAGO DE CALLAPA,estado nutricional en menores de 5 anos,clasificacion c,2003-06-01,41,93,41,93,134
41401,SANTIAGO DE HUARI,estado nutricional en menores de 5 anos,clasificacion c,2003-06-01,50,68,50,68,118
21901,SANTIAGO DE MACHACA,estado nutricional en menores de 5 anos,clasificacion c,2003-06-01,20,25,20,25,45
30702,SANTIVAÃ‘ES,estado nutricional en menores de 5 anos,clasificacion c,2003-06-01,95,60,95,60,155
40202,SANTUARIO DE QUILLACAS,estado nutricional en menores de 5 anos,clasificacion c,2003-06-01,22,29,22,29,51
20902,SAPAHAQUI,estado nutricional en menores de 5 anos,clasificacion c,2003-06-01,79,93,79,93,172
90303,SENA,estado nutricional en menores de 5 anos,clasificacion c,2003-06-01,2,8,2,8,10
21301,SICA SICA (VILLA AROMA),estado nutricional en menores de 5 anos,clasificacion c,2003-06-01,203,129,203,129,332
30703,SICAYA,estado nutricional en menores de 5 anos,clasificacion c,2003-06-01,18,0,18,0,18
30902,SIPE SIPE,estado nutricional en menores de 5 anos,clasificacion c,2003-06-01,377,292,377,292,669
10403,SOPACHUY,estado nutricional en menores de 5 anos,clasificacion c,2003-06-01,169,114,169,114,283
20601,SORATA,estado nutricional en menores de 5 anos,clasificacion c,2003-06-01,176,252,176,252,428
10101,SUCRE,estado nutricional en menores de 5 anos,clasificacion c,2003-06-01,2058,1571,2058,1571,3629
31404,TACACHI,estado nutricional en menores de 5 anos,clasificacion c,2003-06-01,11,3,11,3,14
20603,TACACOMA,estado nutricional en menores de 5 anos,clasificacion c,2003-06-01,55,117,55,117,172
50303,TACOBAMBA,estado nutricional en menores de 5 anos,clasificacion c,2003-06-01,132,108,132,108,240
30602,TACOPAYA,estado nutricional en menores de 5 anos,clasificacion c,2003-06-01,118,161,118,161,279
51402,TAHUA,estado nutricional en menores de 5 anos,clasificacion c,2003-06-01,11,17,11,17,28
31101,TAPACARI,estado nutricional en menores de 5 anos,clasificacion c,2003-06-01,173,296,173,296,469
10601,TARABUCO,estado nutricional en menores de 5 anos,clasificacion c,2003-06-01,457,664,457,664,1121
30401,TARATA,estado nutricional en menores de 5 anos,clasificacion c,2003-06-01,87,37,87,37,124
60101,TARIJA,estado nutricional en menores de 5 anos,clasificacion c,2003-06-01,1147,982,1147,982,2129
10202,TARVITA,estado nutricional en menores de 5 anos,clasificacion c,2003-06-01,198,262,198,262,460
20803,TIAWANACU,estado nutricional en menores de 5 anos,clasificacion c,2003-06-01,147,298,147,298,445
50102,TINGUIPAYA,estado nutricional en menores de 5 anos,clasificacion c,2003-06-01,217,404,217,404,621
20606,TIPUANI,estado nutricional en menores de 5 anos,clasificacion c,2003-06-01,79,62,79,62,141
30903,TIQUIPAYA,estado nutricional en menores de 5 anos,clasificacion c,2003-06-01,386,183,386,183,569
31601,TIRAQUE (CBBA),estado nutricional en menores de 5 anos,clasificacion c,2003-06-01,289,368,289,368,657
21703,TITO YUPANQUI (PARQUIPUJIO),estado nutricional en menores de 5 anos,clasificacion c,2003-06-01,23,21,23,21,44
30802,TOCO,estado nutricional en menores de 5 anos,clasificacion c,2003-06-01,1,6,1,6,7
41502,TODOS SANTOS,estado nutricional en menores de 5 anos,clasificacion c,2003-06-01,1,2,1,2,3
30803,TOLATA,estado nutricional en menores de 5 anos,clasificacion c,2003-06-01,21,15,21,15,36
41001,TOLEDO,estado nutricional en menores de 5 anos,clasificacion c,2003-06-01,40,22,40,22,62
51202,TOMAVE,estado nutricional en menores de 5 anos,clasificacion c,2003-06-01,116,200,116,200,316
10402,TOMINA,estado nutricional en menores de 5 anos,clasificacion c,2003-06-01,150,217,150,217,367
50502,TORO TORO,estado nutricional en menores de 5 anos,clasificacion c,2003-06-01,172,284,172,284,456
31201,TOTORA(CBBA),estado nutricional en menores de 5 anos,clasificacion c,2003-06-01,124,100,124,100,224
41301,TOTORA(ORR),estado nutricional en menores de 5 anos,clasificacion c,2003-06-01,60,122,60,122,182
70802,TRIGAL,estado nutricional en menores de 5 anos,clasificacion c,2003-06-01,11,8,11,8,19
80101,TRINIDAD,estado nutricional en menores de 5 anos,clasificacion c,2003-06-01,776,630,776,630,1406
50801,TUPIZA,estado nutricional en menores de 5 anos,clasificacion c,2003-06-01,338,570,338,570,908
40402,TURCO,estado nutricional en menores de 5 anos,clasificacion c,2003-06-01,46,73,46,73,119
21302,UMALA,estado nutricional en menores de 5 anos,clasificacion c,2003-06-01,36,30,36,30,66
50201,UNCIA,estado nutricional en menores de 5 anos,clasificacion c,2003-06-01,33,50,33,50,83
60401,URIONDO (A. CONCEPCION),estado nutricional en menores de 5 anos,clasificacion c,2003-06-01,153,155,153,155,308
71502,URUBICHA,estado nutricional en menores de 5 anos,clasificacion c,2003-06-01,161,355,161,355,516
51201,UYUNI,estado nutricional en menores de 5 anos,clasificacion c,2003-06-01,368,224,368,224,592
30502,VACAS,estado nutricional en menores de 5 anos,clasificacion c,2003-06-01,63,30,63,30,93
70801,VALLEGRANDE,estado nutricional en menores de 5 anos,clasificacion c,2003-06-01,218,229,218,229,447
20801,VIACHA,estado nutricional en menores de 5 anos,clasificacion c,2003-06-01,402,274,402,274,676
31302,VILA VILA,estado nutricional en menores de 5 anos,clasificacion c,2003-06-01,25,98,25,98,123
60303,VILLA MONTES,estado nutricional en menores de 5 anos,clasificacion c,2003-06-01,111,139,111,139,250
90502,VILLA NUEVA (LOMA ALTA),estado nutricional en menores de 5 anos,clasificacion c,2003-06-01,2,2,2,2,4
31402,VILLA RIVERO,estado nutricional en menores de 5 anos,clasificacion c,2003-06-01,48,21,48,21,69
10801,VILLA SERRANO,estado nutricional en menores de 5 anos,clasificacion c,2003-06-01,261,315,261,315,576
31003,VILLA TUNARI,estado nutricional en menores de 5 anos,clasificacion c,2003-06-01,454,202,454,202,656
11001,VILLA VACA GUZMAN (MUYUPAMPA),estado nutricional en menores de 5 anos,clasificacion c,2003-06-01,182,240,182,240,422
51501,VILLAZON,estado nutricional en menores de 5 anos,clasificacion c,2003-06-01,511,530,511,530,1041
30904,VINTO,estado nutricional en menores de 5 anos,clasificacion c,2003-06-01,58,16,58,16,74
50602,VITICHI,estado nutricional en menores de 5 anos,clasificacion c,2003-06-01,204,175,204,175,379
20306,WALDO BALLIVIAN,estado nutricional en menores de 5 anos,clasificacion c,2003-06-01,13,7,13,7,20
20903,YACO,estado nutricional en menores de 5 anos,clasificacion c,2003-06-01,26,29,26,29,55
60301,YACUIBA,estado nutricional en menores de 5 anos,clasificacion c,2003-06-01,463,339,463,339,802
10602,YAMPARAEZ,estado nutricional en menores de 5 anos,clasificacion c,2003-06-01,209,420,209,420,629
21103,YANACACHI,estado nutricional en menores de 5 anos,clasificacion c,2003-06-01,55,61,55,61,116
70403,YAPACANI,estado nutricional en menores de 5 anos,clasificacion c,2003-06-01,374,397,374,397,771
50103,YOCALLA,estado nutricional en menores de 5 anos,clasificacion c,2003-06-01,57,123,57,123,180
10102,YOTALA,estado nutricional en menores de 5 anos,clasificacion c,2003-06-01,152,344,152,344,496
60402,YUNCHARA,estado nutricional en menores de 5 anos,clasificacion c,2003-06-01,33,34,33,34,67
10301,ZUDAÃ‘EZ,estado nutricional en menores de 5 anos,clasificacion c,2003-06-01,121,143,121,143,264
51302,ACACIO,estado nutricional en menores de 5 anos,clasificacion c,2003-07-01,87,122,87,122,209
20201,ACHACACHI,estado nutricional en menores de 5 anos,clasificacion c,2003-07-01,586,519,586,519,1105
20104,ACHOCALLA,estado nutricional en menores de 5 anos,clasificacion c,2003-07-01,100,53,100,53,153
30201,AIQUILE,estado nutricional en menores de 5 anos,clasificacion c,2003-07-01,121,89,121,89,210
31303,ALALAY,estado nutricional en menores de 5 anos,clasificacion c,2003-07-01,32,22,32,22,54
10404,ALCALA,estado nutricional en menores de 5 anos,clasificacion c,2003-07-01,63,120,63,120,183
20202,ANCORAIMES,estado nutricional en menores de 5 anos,clasificacion c,2003-07-01,222,203,222,203,425
41201,ANDAMARCA,estado nutricional en menores de 5 anos,clasificacion c,2003-07-01,16,20,16,20,36
30402,ANZALDO,estado nutricional en menores de 5 anos,clasificacion c,2003-07-01,26,89,26,89,115
20701,APOLO,estado nutricional en menores de 5 anos,clasificacion c,2003-07-01,80,27,80,27,107
51301,ARAMPAMPA,estado nutricional en menores de 5 anos,clasificacion c,2003-07-01,69,98,69,98,167
30501,ARANI,estado nutricional en menores de 5 anos,clasificacion c,2003-07-01,31,55,31,55,86
30403,ARBIETO,estado nutricional en menores de 5 anos,clasificacion c,2003-07-01,41,17,41,17,58
30601,ARQUE,estado nutricional en menores de 5 anos,clasificacion c,2003-07-01,123,111,123,111,234
71501,ASCENCION DE GUARAYOS,estado nutricional en menores de 5 anos,clasificacion c,2003-07-01,5,7,5,7,12
50802,ATOCHA,estado nutricional en menores de 5 anos,clasificacion c,2003-07-01,41,393,41,393,434
20503,AUCAPATA,estado nutricional en menores de 5 anos,clasificacion c,2003-07-01,29,11,29,11,40
20502,AYATA,estado nutricional en menores de 5 anos,clasificacion c,2003-07-01,77,46,77,46,123
21303,AYO AYO,estado nutricional en menores de 5 anos,clasificacion c,2003-07-01,51,6,51,6,57
30301,AYOPAYA (V. DE INDEPENDENCIA),estado nutricional en menores de 5 anos,clasificacion c,2003-07-01,295,261,295,261,556
10201,AZURDUY,estado nutricional en menores de 5 anos,clasificacion c,2003-07-01,186,275,186,275,461
21203,BATALLAS,estado nutricional en menores de 5 anos,clasificacion c,2003-07-01,151,90,151,90,241
80802,BAURES,estado nutricional en menores de 5 anos,clasificacion c,2003-07-01,86,70,86,70,156
50104,BELEN DE URMIRI,estado nutricional en menores de 5 anos,clasificacion c,2003-07-01,18,36,18,36,54
90104,BELLA FLOR,estado nutricional en menores de 5 anos,clasificacion c,2003-07-01,52,85,52,85,137
60202,BERMEJO,estado nutricional en menores de 5 anos,clasificacion c,2003-07-01,69,107,69,107,176
50301,BETANZOS,estado nutricional en menores de 5 anos,clasificacion c,2003-07-01,394,334,394,334,728
31501,BOLIVAR,estado nutricional en menores de 5 anos,clasificacion c,2003-07-01,59,58,59,58,117
90103,BOLPEBRA,estado nutricional en menores de 5 anos,clasificacion c,2003-07-01,4,23,4,23,27
70707,BOYUIBE,estado nutricional en menores de 5 anos,clasificacion c,2003-07-01,60,62,60,62,122
70401,BUENA VISTA,estado nutricional en menores de 5 anos,clasificacion c,2003-07-01,237,237,237,237,474
70703,CABEZAS,estado nutricional en menores de 5 anos,clasificacion c,2003-07-01,38,29,38,29,67
20905,CAIROMA,estado nutricional en menores de 5 anos,clasificacion c,2003-07-01,95,55,95,55,150
51102,"CAIZA ""D""",estado nutricional en menores de 5 anos,clasificacion c,2003-07-01,199,158,199,158,357
21003,CAJUATA,estado nutricional en menores de 5 anos,clasificacion c,2003-07-01,29,12,29,12,41
20303,CALACOTO,estado nutricional en menores de 5 anos,clasificacion c,2003-07-01,38,22,38,22,60
21304,CALAMARCA,estado nutricional en menores de 5 anos,clasificacion c,2003-07-01,129,44,129,44,173
10701,CAMARGO,estado nutricional en menores de 5 anos,clasificacion c,2003-07-01,248,157,248,157,405
10901,CAMATAQUI (C. VILLA ABECIA),estado nutricional en menores de 5 anos,clasificacion c,2003-07-01,58,99,58,99,157
70706,CAMIRI,estado nutricional en menores de 5 anos,clasificacion c,2003-07-01,587,368,587,368,955
30701,CAPINOTA,estado nutricional en menores de 5 anos,clasificacion c,2003-07-01,69,35,69,35,104
20302,CAQUIAVIRI,estado nutricional en menores de 5 anos,clasificacion c,2003-07-01,123,176,123,176,299
40102,CARACOLLO,estado nutricional en menores de 5 anos,clasificacion c,2003-07-01,211,191,211,191,402
22001,CARANAVI,estado nutricional en menores de 5 anos,clasificacion c,2003-07-01,621,351,621,351,972
41503,CARANGAS,estado nutricional en menores de 5 anos,clasificacion c,2003-07-01,2,2,2,2,4
60302,CARAPARI,estado nutricional en menores de 5 anos,clasificacion c,2003-07-01,142,180,142,180,322
50702,CARIPUYO,estado nutricional en menores de 5 anos,clasificacion c,2003-07-01,179,189,179,189,368
21902,CATACORA,estado nutricional en menores de 5 anos,clasificacion c,2003-07-01,11,5,11,5,16
40201,CHALLAPATA,estado nutricional en menores de 5 anos,clasificacion c,2003-07-01,220,137,220,137,357
50302,CHAQUI,estado nutricional en menores de 5 anos,clasificacion c,2003-07-01,123,112,123,112,235
70702,CHARAGUA,estado nutricional en menores de 5 anos,clasificacion c,2003-07-01,404,401,404,401,805
20305,CHARAÃ‘A,estado nutricional en menores de 5 anos,clasificacion c,2003-07-01,23,39,23,39,62
50202,CHAYANTA,estado nutricional en menores de 5 anos,clasificacion c,2003-07-01,50,22,50,22,72
31204,CHIMORE,estado nutricional en menores de 5 anos,clasificacion c,2003-07-01,118,65,118,65,183
40903,CHIPAYA,estado nutricional en menores de 5 anos,clasificacion c,2003-07-01,4,2,4,2,6
21101,CHULUMANI (V. DE LA LIBERTAD),estado nutricional en menores de 5 anos,clasificacion c,2003-07-01,83,108,83,108,191
20501,CHUMA,estado nutricional en menores de 5 anos,clasificacion c,2003-07-01,63,62,63,62,125
30801,CLIZA,estado nutricional en menores de 5 anos,clasificacion c,2003-07-01,37,20,37,20,57
90101,COBIJA,estado nutricional en menores de 5 anos,clasificacion c,2003-07-01,468,304,468,304,772
30101,COCHABAMBA,estado nutricional en menores de 5 anos,clasificacion c,2003-07-01,2473,1228,2473,1228,3701
40902,COIPASA,estado nutricional en menores de 5 anos,clasificacion c,2003-07-01,2,2,2,2,4
30905,COLCAPIRHUA,estado nutricional en menores de 5 anos,clasificacion c,2003-07-01,181,78,181,78,259
50901,"COLCHA ""K""",estado nutricional en menores de 5 anos,clasificacion c,2003-07-01,175,136,175,136,311
21307,COLLANA,estado nutricional en menores de 5 anos,clasificacion c,2003-07-01,11,2,11,2,13
31002,COLOMI,estado nutricional en menores de 5 anos,clasificacion c,2003-07-01,262,133,262,133,395
50401,COLQUECHACA,estado nutricional en menores de 5 anos,clasificacion c,2003-07-01,315,136,315,136,451
21306,COLQUENCHA,estado nutricional en menores de 5 anos,clasificacion c,2003-07-01,58,16,58,16,74
21004,COLQUIRI,estado nutricional en menores de 5 anos,clasificacion c,2003-07-01,167,111,167,111,278
20304,COMANCHE,estado nutricional en menores de 5 anos,clasificacion c,2003-07-01,13,2,13,2,15
71301,COMARAPA,estado nutricional en menores de 5 anos,clasificacion c,2003-07-01,231,111,231,111,342
20605,COMBAYA,estado nutricional en menores de 5 anos,clasificacion c,2003-07-01,18,20,18,20,38
71101,CONCEPCION,estado nutricional en menores de 5 anos,clasificacion c,2003-07-01,48,20,48,20,68
21701,COPACABANA,estado nutricional en menores de 5 anos,clasificacion c,2003-07-01,104,74,104,74,178
21402,CORIPATA,estado nutricional en menores de 5 anos,clasificacion c,2003-07-01,12,0,12,0,12
20301,CORO CORO,estado nutricional en menores de 5 anos,clasificacion c,2003-07-01,102,76,102,76,178
21401,COROICO,estado nutricional en menores de 5 anos,clasificacion c,2003-07-01,122,88,122,88,210
40301,CORQUE,estado nutricional en menores de 5 anos,clasificacion c,2003-07-01,29,33,29,33,62
50601,COTAGAITA,estado nutricional en menores de 5 anos,clasificacion c,2003-07-01,217,245,217,245,462
70102,COTOCA,estado nutricional en menores de 5 anos,clasificacion c,2003-07-01,139,43,139,43,182
31405,CUCHUMUELA (V. G. VILLARROEL),estado nutricional en menores de 5 anos,clasificacion c,2003-07-01,15,13,15,13,28
70704,CUEVO,estado nutricional en menores de 5 anos,clasificacion c,2003-07-01,78,61,78,61,139
10902,CULPINA,estado nutricional en menores de 5 anos,clasificacion c,2003-07-01,382,282,382,282,664
40401,CURAHUARA DE CARANGAS,estado nutricional en menores de 5 anos,clasificacion c,2003-07-01,29,76,29,76,105
21602,CURVA,estado nutricional en menores de 5 anos,clasificacion c,2003-07-01,38,14,38,14,52
20804,DESAGUADERO,estado nutricional en menores de 5 anos,clasificacion c,2003-07-01,27,27,27,27,54
20105,EL ALTO,estado nutricional en menores de 5 anos,clasificacion c,2003-07-01,6432,2825,6432,2825,9257
40103,EL CHORO,estado nutricional en menores de 5 anos,clasificacion c,2003-07-01,27,16,27,16,43
71503,EL PUENTE(STC),estado nutricional en menores de 5 anos,clasificacion c,2003-07-01,57,366,57,366,423
60502,EL PUENTE(TJA),estado nutricional en menores de 5 anos,clasificacion c,2003-07-01,124,193,124,193,317
70105,EL TORNO,estado nutricional en menores de 5 anos,clasificacion c,2003-07-01,383,219,383,219,602
10405,EL VILLAR,estado nutricional en menores de 5 anos,clasificacion c,2003-07-01,94,124,94,124,218
60601,ENTRE RIOS,estado nutricional en menores de 5 anos,clasificacion c,2003-07-01,252,229,252,229,481
41101,EUCALIPTUS,estado nutricional en menores de 5 anos,clasificacion c,2003-07-01,37,50,37,50,87
90503,EUREKA (SANTOS MERCADO),estado nutricional en menores de 5 anos,clasificacion c,2003-07-01,1,1,1,1,2
80402,EXALTACION,estado nutricional en menores de 5 anos,clasificacion c,2003-07-01,21,26,21,26,47
90203,FILADELFIA,estado nutricional en menores de 5 anos,clasificacion c,2003-07-01,18,32,18,32,50
71002,GENERAL SAAVEDRA,estado nutricional en menores de 5 anos,clasificacion c,2003-07-01,290,376,290,376,666
21601,GRAL. J.J. PEREZ (CHARAZANI),estado nutricional en menores de 5 anos,clasificacion c,2003-07-01,102,68,102,68,170
20602,GUANAY,estado nutricional en menores de 5 anos,clasificacion c,2003-07-01,468,254,468,254,722
20802,GUAQUI,estado nutricional en menores de 5 anos,clasificacion c,2003-07-01,39,13,39,13,52
80202,GUAYARAMERIN,estado nutricional en menores de 5 anos,clasificacion c,2003-07-01,545,240,545,240,785
70705,GUTIERREZ,estado nutricional en menores de 5 anos,clasificacion c,2003-07-01,271,291,271,291,562
10502,HUACARETA,estado nutricional en menores de 5 anos,clasificacion c,2003-07-01,216,281,216,281,497
11002,HUACAYA (VILLA DE HUACAYA),estado nutricional en menores de 5 anos,clasificacion c,2003-07-01,43,58,43,58,101
40501,HUACHACALLA,estado nutricional en menores de 5 anos,clasificacion c,2003-07-01,10,5,10,5,15
40701,HUANUNI,estado nutricional en menores de 5 anos,clasificacion c,2003-07-01,148,100,148,100,248
80803,HUARACAJE,estado nutricional en menores de 5 anos,clasificacion c,2003-07-01,55,46,55,46,101
41601,HUAYLLAMARCA,estado nutricional en menores de 5 anos,clasificacion c,2003-07-01,28,50,28,50,78
21005,ICHOCA,estado nutricional en menores de 5 anos,clasificacion c,2003-07-01,53,97,53,97,150
10304,ICLA,estado nutricional en menores de 5 anos,clasificacion c,2003-07-01,165,269,165,269,434
10703,INCAHUASI,estado nutricional en menores de 5 anos,clasificacion c,2003-07-01,207,100,207,100,307
90402,INGAVI (HUMAITA),estado nutricional en menores de 5 anos,clasificacion c,2003-07-01,3,20,3,20,23
21001,INQUISIVI,estado nutricional en menores de 5 anos,clasificacion c,2003-07-01,170,186,170,186,356
21102,IRUPANA (VILLA DE LANZA),estado nutricional en menores de 5 anos,clasificacion c,2003-07-01,167,222,167,222,389
21501,IXIAMAS,estado nutricional en menores de 5 anos,clasificacion c,2003-07-01,74,81,74,81,155
21105,LA ASUNTA,estado nutricional en menores de 5 anos,clasificacion c,2003-07-01,175,104,175,104,279
70104,LA GUARDIA,estado nutricional en menores de 5 anos,clasificacion c,2003-07-01,664,314,664,314,978
20101,LA PAZ,estado nutricional en menores de 5 anos,clasificacion c,2003-07-01,4854,2938,4854,2938,7792
41501,LA RIVERA,estado nutricional en menores de 5 anos,clasificacion c,2003-07-01,4,7,4,7,11
70701,LAGUNILLAS,estado nutricional en menores de 5 anos,clasificacion c,2003-07-01,92,105,92,105,197
21202,LAJA,estado nutricional en menores de 5 anos,clasificacion c,2003-07-01,129,169,129,169,298
10903,LAS CARRERAS,estado nutricional en menores de 5 anos,clasificacion c,2003-07-01,62,86,62,86,148
21006,LICOMA PAMPA,estado nutricional en menores de 5 anos,clasificacion c,2003-07-01,15,14,15,14,29
50203,LLALLAGUA,estado nutricional en menores de 5 anos,clasificacion c,2003-07-01,95,928,95,928,1023
51401,LLICA,estado nutricional en menores de 5 anos,clasificacion c,2003-07-01,31,22,31,22,53
80601,LORETO,estado nutricional en menores de 5 anos,clasificacion c,2003-07-01,72,58,72,58,130
20901,LURIBAY,estado nutricional en menores de 5 anos,clasificacion c,2003-07-01,112,65,112,65,177
40702,MACHACAMARCA,estado nutricional en menores de 5 anos,clasificacion c,2003-07-01,36,36,36,36,72
11003,MACHARETI,estado nutricional en menores de 5 anos,clasificacion c,2003-07-01,163,309,163,309,472
80801,MAGDALENA,estado nutricional en menores de 5 anos,clasificacion c,2003-07-01,55,81,55,81,136
70903,MAIRANA,estado nutricional en menores de 5 anos,clasificacion c,2003-07-01,143,59,143,59,202
20904,MALLA,estado nutricional en menores de 5 anos,clasificacion c,2003-07-01,4,5,4,5,9
20103,MECAPACA,estado nutricional en menores de 5 anos,clasificacion c,2003-07-01,103,96,103,96,199
71003,MINEROS,estado nutricional en menores de 5 anos,clasificacion c,2003-07-01,844,411,844,411,1255
31301,MIZQUE,estado nutricional en menores de 5 anos,clasificacion c,2003-07-01,95,59,95,59,154
20402,MOCOMOCO,estado nutricional en menores de 5 anos,clasificacion c,2003-07-01,185,205,185,205,390
51002,MOJINETE,estado nutricional en menores de 5 anos,clasificacion c,2003-07-01,16,25,16,25,41
10303,MOJOCOYA,estado nutricional en menores de 5 anos,clasificacion c,2003-07-01,133,244,133,244,377
10501,MONTEAGUDO,estado nutricional en menores de 5 anos,clasificacion c,2003-07-01,401,363,401,363,764
71001,MONTERO,estado nutricional en menores de 5 anos,clasificacion c,2003-07-01,1694,793,1694,793,2487
70803,MORO MORO,estado nutricional en menores de 5 anos,clasificacion c,2003-07-01,52,37,52,37,89
30302,MOROCHATA,estado nutricional en menores de 5 anos,clasificacion c,2003-07-01,271,228,271,228,499
90401,NACEBE (SANTA ROSA DEL ABUNA),estado nutricional en menores de 5 anos,clasificacion c,2003-07-01,4,8,4,8,12
20307,NAZACARA DE PACAJES,estado nutricional en menores de 5 anos,clasificacion c,2003-07-01,1,0,1,0,1
90501,NUEVO MANOA (NUEVA ESPERANZA),estado nutricional en menores de 5 anos,clasificacion c,2003-07-01,4,7,4,7,11
50404,OCURI,estado nutricional en menores de 5 anos,clasificacion c,2003-07-01,108,116,108,116,224
70202,OKINAWA,estado nutricional en menores de 5 anos,clasificacion c,2003-07-01,13,9,13,9,22
30203,OMEREQUE,estado nutricional en menores de 5 anos,clasificacion c,2003-07-01,62,32,62,32,94
40101,ORURO,estado nutricional en menores de 5 anos,clasificacion c,2003-07-01,2107,1325,2107,1325,3432
60201,PADCAYA,estado nutricional en menores de 5 anos,clasificacion c,2003-07-01,249,347,249,347,596
10401,PADILLA,estado nutricional en menores de 5 anos,clasificacion c,2003-07-01,282,380,282,380,662
70502,PAILON,estado nutricional en menores de 5 anos,clasificacion c,2003-07-01,102,126,102,126,228
20102,PALCA,estado nutricional en menores de 5 anos,clasificacion c,2003-07-01,81,75,81,75,156
21104,PALOS BLANCOS,estado nutricional en menores de 5 anos,clasificacion c,2003-07-01,241,187,241,187,428
40802,PAMPA AULLAGAS,estado nutricional en menores de 5 anos,clasificacion c,2003-07-01,22,24,22,24,46
70902,PAMPA GRANDE,estado nutricional en menores de 5 anos,clasificacion c,2003-07-01,94,89,94,89,183
21802,PAPEL PAMPA,estado nutricional en menores de 5 anos,clasificacion c,2003-07-01,49,50,49,50,99
30202,PASORAPA,estado nutricional en menores de 5 anos,clasificacion c,2003-07-01,69,73,69,73,142
21305,PATACAMAYA,estado nutricional en menores de 5 anos,clasificacion c,2003-07-01,188,63,188,63,251
40602,PAZÃ‘A,estado nutricional en menores de 5 anos,clasificacion c,2003-07-01,30,62,30,62,92
20702,PELECHUCO,estado nutricional en menores de 5 anos,clasificacion c,2003-07-01,43,35,43,35,78
50403,POCOATA,estado nutricional en menores de 5 anos,clasificacion c,2003-07-01,301,176,301,176,477
31203,POCONA,estado nutricional en menores de 5 anos,clasificacion c,2003-07-01,133,69,133,69,202
31202,POJO (CBBA),estado nutricional en menores de 5 anos,clasificacion c,2003-07-01,441,341,441,341,782
40601,POOPO,estado nutricional en menores de 5 anos,clasificacion c,2003-07-01,32,114,32,114,146
51203,PORCO,estado nutricional en menores de 5 anos,clasificacion c,2003-07-01,63,27,63,27,90
10103,POROMA,estado nutricional en menores de 5 anos,clasificacion c,2003-07-01,208,232,208,232,440
70103,PORONGO,estado nutricional en menores de 5 anos,clasificacion c,2003-07-01,56,54,56,54,110
70601,PORTACHUELO,estado nutricional en menores de 5 anos,clasificacion c,2003-07-01,325,219,325,219,544
90102,PORVENIR,estado nutricional en menores de 5 anos,clasificacion c,2003-07-01,77,69,77,69,146
70804,POSTRER VALLE,estado nutricional en menores de 5 anos,clasificacion c,2003-07-01,11,14,11,14,25
50101,POTOSI,estado nutricional en menores de 5 anos,clasificacion c,2003-07-01,1896,781,1896,781,2677
10302,PRESTO,estado nutricional en menores de 5 anos,clasificacion c,2003-07-01,115,133,115,133,248
70805,PUCARA,estado nutricional en menores de 5 anos,clasificacion c,2003-07-01,12,16,12,16,28
21201,PUCARANI,estado nutricional en menores de 5 anos,clasificacion c,2003-07-01,160,36,160,36,196
20401,PUERTO ACOSTA,estado nutricional en menores de 5 anos,clasificacion c,2003-07-01,227,200,227,200,427
20403,PUERTO CARABUCO,estado nutricional en menores de 5 anos,clasificacion c,2003-07-01,145,131,145,131,276
90301,PUERTO GONZALO MORENO,estado nutricional en menores de 5 anos,clasificacion c,2003-07-01,11,3,11,3,14
21204,PUERTO PEREZ,estado nutricional en menores de 5 anos,clasificacion c,2003-07-01,71,24,71,24,95
71402,PUERTO QUIJARRO,estado nutricional en menores de 5 anos,clasificacion c,2003-07-01,241,78,241,78,319
90201,PUERTO RICO,estado nutricional en menores de 5 anos,clasificacion c,2003-07-01,20,80,20,80,100
80703,PUERTO SILES,estado nutricional en menores de 5 anos,clasificacion c,2003-07-01,31,59,31,59,90
71401,PUERTO SUAREZ,estado nutricional en menores de 5 anos,clasificacion c,2003-07-01,226,55,226,55,281
31205,PUERTO VILLARROEL,estado nutricional en menores de 5 anos,clasificacion c,2003-07-01,593,449,593,449,1042
51101,PUNA,estado nutricional en menores de 5 anos,clasificacion c,2003-07-01,312,222,312,222,534
31401,PUNATA,estado nutricional en menores de 5 anos,clasificacion c,2003-07-01,223,125,223,125,348
20604,QUIABAYA,estado nutricional en menores de 5 anos,clasificacion c,2003-07-01,24,18,24,18,42
30901,QUILLACOLLO,estado nutricional en menores de 5 anos,clasificacion c,2003-07-01,624,256,624,256,880
21002,QUIME,estado nutricional en menores de 5 anos,clasificacion c,2003-07-01,120,137,120,137,257
70904,QUIRUSILLAS,estado nutricional en menores de 5 anos,clasificacion c,2003-07-01,22,18,22,18,40
50402,RAVELO,estado nutricional en menores de 5 anos,clasificacion c,2003-07-01,171,140,171,140,311
80301,REYES,estado nutricional en menores de 5 anos,clasificacion c,2003-07-01,190,123,190,123,313
80201,RIBERALTA,estado nutricional en menores de 5 anos,clasificacion c,2003-07-01,1242,438,1242,438,1680
70503,ROBORE,estado nutricional en menores de 5 anos,clasificacion c,2003-07-01,254,165,254,165,419
80304,RURRENABAQUE,estado nutricional en menores de 5 anos,clasificacion c,2003-07-01,168,69,168,69,237
40901,SABAYA,estado nutricional en menores de 5 anos,clasificacion c,2003-07-01,21,8,21,8,29
31001,SACABA,estado nutricional en menores de 5 anos,clasificacion c,2003-07-01,467,361,467,361,828
30404,SACABAMBA,estado nutricional en menores de 5 anos,clasificacion c,2003-07-01,16,47,16,47,63
50701,SACACA,estado nutricional en menores de 5 anos,clasificacion c,2003-07-01,165,259,165,259,424
71302,SAIPINA,estado nutricional en menores de 5 anos,clasificacion c,2003-07-01,31,47,31,47,78
40801,SALINAS DE GARCI MENDOZA,estado nutricional en menores de 5 anos,clasificacion c,2003-07-01,75,43,75,43,118
70901,SAMAIPATA,estado nutricional en menores de 5 anos,clasificacion c,2003-07-01,137,76,137,76,213
51601,SAN AGUSTIN,estado nutricional en menores de 5 anos,clasificacion c,2003-07-01,17,14,17,14,31
80602,SAN ANDRES,estado nutricional en menores de 5 anos,clasificacion c,2003-07-01,83,85,83,85,168
51003,SAN ANTONIO DE ESMORUCO,estado nutricional en menores de 5 anos,clasificacion c,2003-07-01,13,12,13,12,25
71105,SAN ANTONIO DE LOMERIO,estado nutricional en menores de 5 anos,clasificacion c,2003-07-01,92,112,92,112,204
31403,SAN BENITO,estado nutricional en menores de 5 anos,clasificacion c,2003-07-01,151,76,151,76,227
80302,SAN BORJA,estado nutricional en menores de 5 anos,clasificacion c,2003-07-01,409,229,409,229,638
21502,SAN BUENA VENTURA,estado nutricional en menores de 5 anos,clasificacion c,2003-07-01,114,72,114,72,186
70402,SAN CARLOS,estado nutricional en menores de 5 anos,clasificacion c,2003-07-01,370,338,370,338,708
80501,SAN IGNACIO,estado nutricional en menores de 5 anos,clasificacion c,2003-07-01,251,211,251,211,462
70301,SAN IGNACIO DE VELASCO,estado nutricional en menores de 5 anos,clasificacion c,2003-07-01,729,372,729,372,1101
80102,SAN JAVIER(BNI),estado nutricional en menores de 5 anos,clasificacion c,2003-07-01,47,57,47,57,104
71102,SAN JAVIER(STC),estado nutricional en menores de 5 anos,clasificacion c,2003-07-01,148,138,148,138,286
80701,SAN JOAQUIN,estado nutricional en menores de 5 anos,clasificacion c,2003-07-01,72,71,72,71,143
70501,SAN JOSE DE CHIQUITOS,estado nutricional en menores de 5 anos,clasificacion c,2003-07-01,155,71,155,71,226
71104,SAN JULIAN,estado nutricional en menores de 5 anos,clasificacion c,2003-07-01,313,516,313,516,829
90302,SAN LORENZO(PND),estado nutricional en menores de 5 anos,clasificacion c,2003-07-01,14,59,14,59,73
60501,SAN LORENZO(TJA),estado nutricional en menores de 5 anos,clasificacion c,2003-07-01,130,169,130,169,299
10702,SAN LUCAS,estado nutricional en menores de 5 anos,clasificacion c,2003-07-01,546,553,546,553,1099
70302,SAN MIGUEL DE VELASCO,estado nutricional en menores de 5 anos,clasificacion c,2003-07-01,133,100,133,100,233
51001,SAN PABLO DE LIPEZ,estado nutricional en menores de 5 anos,clasificacion c,2003-07-01,28,14,28,14,42
50501,SAN PEDRO DE BUENA VISTA,estado nutricional en menores de 5 anos,clasificacion c,2003-07-01,119,182,119,182,301
21801,SAN PEDRO DE CURAHUARA,estado nutricional en menores de 5 anos,clasificacion c,2003-07-01,44,26,44,26,70
50902,SAN PEDRO DE QUEMES,estado nutricional en menores de 5 anos,clasificacion c,2003-07-01,4,4,4,4,8
21702,SAN PEDRO DE TIQUINA,estado nutricional en menores de 5 anos,clasificacion c,2003-07-01,49,70,49,70,119
90202,SAN PEDRO(PND),estado nutricional en menores de 5 anos,clasificacion c,2003-07-01,4,1,4,1,5
70303,SAN RAFAEL,estado nutricional en menores de 5 anos,clasificacion c,2003-07-01,92,82,92,82,174
80702,SAN RAMON,estado nutricional en menores de 5 anos,clasificacion c,2003-07-01,70,49,70,49,119
80702,SAN RAMON,estado nutricional en menores de 5 anos,clasificacion c,2003-07-01,57,98,57,98,155
80401,SANTA ANA,estado nutricional en menores de 5 anos,clasificacion c,2003-07-01,143,131,143,131,274
70101,SANTA CRUZ DE LA SIERRA,estado nutricional en menores de 5 anos,clasificacion c,2003-07-01,6321,3041,6321,3041,9362
80303,SANTA ROSA,estado nutricional en menores de 5 anos,clasificacion c,2003-07-01,65,29,65,29,94
70602,SANTA ROSA DEL SARA,estado nutricional en menores de 5 anos,clasificacion c,2003-07-01,71,74,71,74,145
20308,SANTIAGO DE CALLAPA,estado nutricional en menores de 5 anos,clasificacion c,2003-07-01,63,96,63,96,159
41401,SANTIAGO DE HUARI,estado nutricional en menores de 5 anos,clasificacion c,2003-07-01,37,58,37,58,95
21901,SANTIAGO DE MACHACA,estado nutricional en menores de 5 anos,clasificacion c,2003-07-01,36,14,36,14,50
30702,SANTIVAÃ‘ES,estado nutricional en menores de 5 anos,clasificacion c,2003-07-01,97,49,97,49,146
40202,SANTUARIO DE QUILLACAS,estado nutricional en menores de 5 anos,clasificacion c,2003-07-01,17,37,17,37,54
20902,SAPAHAQUI,estado nutricional en menores de 5 anos,clasificacion c,2003-07-01,71,32,71,32,103
90303,SENA,estado nutricional en menores de 5 anos,clasificacion c,2003-07-01,30,30,30,30,60
21301,SICA SICA (VILLA AROMA),estado nutricional en menores de 5 anos,clasificacion c,2003-07-01,166,118,166,118,284
30703,SICAYA,estado nutricional en menores de 5 anos,clasificacion c,2003-07-01,17,7,17,7,24
30902,SIPE SIPE,estado nutricional en menores de 5 anos,clasificacion c,2003-07-01,458,239,458,239,697
10403,SOPACHUY,estado nutricional en menores de 5 anos,clasificacion c,2003-07-01,117,107,117,107,224
20601,SORATA,estado nutricional en menores de 5 anos,clasificacion c,2003-07-01,246,261,246,261,507
10101,SUCRE,estado nutricional en menores de 5 anos,clasificacion c,2003-07-01,2253,1604,2253,1604,3857
31404,TACACHI,estado nutricional en menores de 5 anos,clasificacion c,2003-07-01,9,2,9,2,11
20603,TACACOMA,estado nutricional en menores de 5 anos,clasificacion c,2003-07-01,46,44,46,44,90
50303,TACOBAMBA,estado nutricional en menores de 5 anos,clasificacion c,2003-07-01,121,79,121,79,200
30602,TACOPAYA,estado nutricional en menores de 5 anos,clasificacion c,2003-07-01,92,102,92,102,194
51402,TAHUA,estado nutricional en menores de 5 anos,clasificacion c,2003-07-01,15,10,15,10,25
31101,TAPACARI,estado nutricional en menores de 5 anos,clasificacion c,2003-07-01,191,113,191,113,304
10601,TARABUCO,estado nutricional en menores de 5 anos,clasificacion c,2003-07-01,423,585,423,585,1008
30401,TARATA,estado nutricional en menores de 5 anos,clasificacion c,2003-07-01,108,43,108,43,151
60101,TARIJA,estado nutricional en menores de 5 anos,clasificacion c,2003-07-01,1846,1167,1846,1167,3013
10202,TARVITA,estado nutricional en menores de 5 anos,clasificacion c,2003-07-01,245,325,245,325,570
20803,TIAWANACU,estado nutricional en menores de 5 anos,clasificacion c,2003-07-01,141,80,141,80,221
50102,TINGUIPAYA,estado nutricional en menores de 5 anos,clasificacion c,2003-07-01,99,54,99,54,153
20606,TIPUANI,estado nutricional en menores de 5 anos,clasificacion c,2003-07-01,90,66,90,66,156
30903,TIQUIPAYA,estado nutricional en menores de 5 anos,clasificacion c,2003-07-01,155,85,155,85,240
31601,TIRAQUE (CBBA),estado nutricional en menores de 5 anos,clasificacion c,2003-07-01,368,253,368,253,621
21703,TITO YUPANQUI (PARQUIPUJIO),estado nutricional en menores de 5 anos,clasificacion c,2003-07-01,14,18,14,18,32
30802,TOCO,estado nutricional en menores de 5 anos,clasificacion c,2003-07-01,6,28,6,28,34
30803,TOLATA,estado nutricional en menores de 5 anos,clasificacion c,2003-07-01,43,10,43,10,53
41001,TOLEDO,estado nutricional en menores de 5 anos,clasificacion c,2003-07-01,34,45,34,45,79
51202,TOMAVE,estado nutricional en menores de 5 anos,clasificacion c,2003-07-01,90,95,90,95,185
10402,TOMINA,estado nutricional en menores de 5 anos,clasificacion c,2003-07-01,159,257,159,257,416
50502,TORO TORO,estado nutricional en menores de 5 anos,clasificacion c,2003-07-01,164,200,164,200,364
31201,TOTORA(CBBA),estado nutricional en menores de 5 anos,clasificacion c,2003-07-01,149,67,149,67,216
41301,TOTORA(ORR),estado nutricional en menores de 5 anos,clasificacion c,2003-07-01,51,83,51,83,134
70802,TRIGAL,estado nutricional en menores de 5 anos,clasificacion c,2003-07-01,14,12,14,12,26
80101,TRINIDAD,estado nutricional en menores de 5 anos,clasificacion c,2003-07-01,1062,805,1062,805,1867
50801,TUPIZA,estado nutricional en menores de 5 anos,clasificacion c,2003-07-01,380,560,380,560,940
40402,TURCO,estado nutricional en menores de 5 anos,clasificacion c,2003-07-01,39,44,39,44,83
21302,UMALA,estado nutricional en menores de 5 anos,clasificacion c,2003-07-01,25,24,25,24,49
50201,UNCIA,estado nutricional en menores de 5 anos,clasificacion c,2003-07-01,37,22,37,22,59
60401,URIONDO (A. CONCEPCION),estado nutricional en menores de 5 anos,clasificacion c,2003-07-01,163,202,163,202,365
71502,URUBICHA,estado nutricional en menores de 5 anos,clasificacion c,2003-07-01,16,31,16,31,47
51201,UYUNI,estado nutricional en menores de 5 anos,clasificacion c,2003-07-01,470,330,470,330,800
30502,VACAS,estado nutricional en menores de 5 anos,clasificacion c,2003-07-01,82,51,82,51,133
70801,VALLEGRANDE,estado nutricional en menores de 5 anos,clasificacion c,2003-07-01,216,181,216,181,397
20801,VIACHA,estado nutricional en menores de 5 anos,clasificacion c,2003-07-01,439,172,439,172,611
31302,VILA VILA,estado nutricional en menores de 5 anos,clasificacion c,2003-07-01,16,14,16,14,30
60303,VILLA MONTES,estado nutricional en menores de 5 anos,clasificacion c,2003-07-01,406,234,406,234,640
90502,VILLA NUEVA (LOMA ALTA),estado nutricional en menores de 5 anos,clasificacion c,2003-07-01,5,5,5,5,10
31402,VILLA RIVERO,estado nutricional en menores de 5 anos,clasificacion c,2003-07-01,59,20,59,20,79
10801,VILLA SERRANO,estado nutricional en menores de 5 anos,clasificacion c,2003-07-01,281,368,281,368,649
31003,VILLA TUNARI,estado nutricional en menores de 5 anos,clasificacion c,2003-07-01,516,266,516,266,782
11001,VILLA VACA GUZMAN (MUYUPAMPA),estado nutricional en menores de 5 anos,clasificacion c,2003-07-01,192,180,192,180,372
51501,VILLAZON,estado nutricional en menores de 5 anos,clasificacion c,2003-07-01,499,347,499,347,846
30904,VINTO,estado nutricional en menores de 5 anos,clasificacion c,2003-07-01,159,67,159,67,226
50602,VITICHI,estado nutricional en menores de 5 anos,clasificacion c,2003-07-01,119,73,119,73,192
20306,WALDO BALLIVIAN,estado nutricional en menores de 5 anos,clasificacion c,2003-07-01,10,11,10,11,21
20903,YACO,estado nutricional en menores de 5 anos,clasificacion c,2003-07-01,37,35,37,35,72
60301,YACUIBA,estado nutricional en menores de 5 anos,clasificacion c,2003-07-01,454,286,454,286,740
10602,YAMPARAEZ,estado nutricional en menores de 5 anos,clasificacion c,2003-07-01,218,417,218,417,635
21103,YANACACHI,estado nutricional en menores de 5 anos,clasificacion c,2003-07-01,40,66,40,66,106
70403,YAPACANI,estado nutricional en menores de 5 anos,clasificacion c,2003-07-01,552,397,552,397,949
50103,YOCALLA,estado nutricional en menores de 5 anos,clasificacion c,2003-07-01,77,60,77,60,137
10102,YOTALA,estado nutricional en menores de 5 anos,clasificacion c,2003-07-01,169,342,169,342,511
60402,YUNCHARA,estado nutricional en menores de 5 anos,clasificacion c,2003-07-01,40,44,40,44,84
10301,ZUDAÃ‘EZ,estado nutricional en menores de 5 anos,clasificacion c,2003-07-01,156,166,156,166,322
51302,ACACIO,estado nutricional en menores de 5 anos,clasificacion c,2003-08-01,87,143,87,143,230
20201,ACHACACHI,estado nutricional en menores de 5 anos,clasificacion c,2003-08-01,565,502,565,502,1067
20104,ACHOCALLA,estado nutricional en menores de 5 anos,clasificacion c,2003-08-01,116,30,116,30,146
30201,AIQUILE,estado nutricional en menores de 5 anos,clasificacion c,2003-08-01,141,57,141,57,198
31303,ALALAY,estado nutricional en menores de 5 anos,clasificacion c,2003-08-01,33,10,33,10,43
10404,ALCALA,estado nutricional en menores de 5 anos,clasificacion c,2003-08-01,54,134,54,134,188
20202,ANCORAIMES,estado nutricional en menores de 5 anos,clasificacion c,2003-08-01,117,217,117,217,334
41201,ANDAMARCA,estado nutricional en menores de 5 anos,clasificacion c,2003-08-01,15,11,15,11,26
30402,ANZALDO,estado nutricional en menores de 5 anos,clasificacion c,2003-08-01,35,91,35,91,126
20701,APOLO,estado nutricional en menores de 5 anos,clasificacion c,2003-08-01,102,51,102,51,153
51301,ARAMPAMPA,estado nutricional en menores de 5 anos,clasificacion c,2003-08-01,96,81,96,81,177
30501,ARANI,estado nutricional en menores de 5 anos,clasificacion c,2003-08-01,75,53,75,53,128
30403,ARBIETO,estado nutricional en menores de 5 anos,clasificacion c,2003-08-01,28,12,28,12,40
30601,ARQUE,estado nutricional en menores de 5 anos,clasificacion c,2003-08-01,52,21,52,21,73
71501,ASCENCION DE GUARAYOS,estado nutricional en menores de 5 anos,clasificacion c,2003-08-01,413,522,413,522,935
50802,ATOCHA,estado nutricional en menores de 5 anos,clasificacion c,2003-08-01,93,327,93,327,420
20503,AUCAPATA,estado nutricional en menores de 5 anos,clasificacion c,2003-08-01,46,35,46,35,81
20502,AYATA,estado nutricional en menores de 5 anos,clasificacion c,2003-08-01,73,46,73,46,119
21303,AYO AYO,estado nutricional en menores de 5 anos,clasificacion c,2003-08-01,51,15,51,15,66
30301,AYOPAYA (V. DE INDEPENDENCIA),estado nutricional en menores de 5 anos,clasificacion c,2003-08-01,236,220,236,220,456
10201,AZURDUY,estado nutricional en menores de 5 anos,clasificacion c,2003-08-01,290,422,290,422,712
21203,BATALLAS,estado nutricional en menores de 5 anos,clasificacion c,2003-08-01,146,86,146,86,232
80802,BAURES,estado nutricional en menores de 5 anos,clasificacion c,2003-08-01,59,57,59,57,116
41202,BELEN DE ANDAMARCA,estado nutricional en menores de 5 anos,clasificacion c,2003-08-01,4,10,4,10,14
50104,BELEN DE URMIRI,estado nutricional en menores de 5 anos,clasificacion c,2003-08-01,19,34,19,34,53
90104,BELLA FLOR,estado nutricional en menores de 5 anos,clasificacion c,2003-08-01,35,60,35,60,95
60202,BERMEJO,estado nutricional en menores de 5 anos,clasificacion c,2003-08-01,88,61,88,61,149
50301,BETANZOS,estado nutricional en menores de 5 anos,clasificacion c,2003-08-01,344,314,344,314,658
31501,BOLIVAR,estado nutricional en menores de 5 anos,clasificacion c,2003-08-01,56,72,56,72,128
90103,BOLPEBRA,estado nutricional en menores de 5 anos,clasificacion c,2003-08-01,9,22,9,22,31
70707,BOYUIBE,estado nutricional en menores de 5 anos,clasificacion c,2003-08-01,32,72,32,72,104
70401,BUENA VISTA,estado nutricional en menores de 5 anos,clasificacion c,2003-08-01,261,228,261,228,489
70703,CABEZAS,estado nutricional en menores de 5 anos,clasificacion c,2003-08-01,28,28,28,28,56
20905,CAIROMA,estado nutricional en menores de 5 anos,clasificacion c,2003-08-01,174,98,174,98,272
51102,"CAIZA ""D""",estado nutricional en menores de 5 anos,clasificacion c,2003-08-01,174,158,174,158,332
21003,CAJUATA,estado nutricional en menores de 5 anos,clasificacion c,2003-08-01,103,52,103,52,155
20303,CALACOTO,estado nutricional en menores de 5 anos,clasificacion c,2003-08-01,56,36,56,36,92
21304,CALAMARCA,estado nutricional en menores de 5 anos,clasificacion c,2003-08-01,325,184,325,184,509
10701,CAMARGO,estado nutricional en menores de 5 anos,clasificacion c,2003-08-01,156,81,156,81,237
10901,CAMATAQUI (C. VILLA ABECIA),estado nutricional en menores de 5 anos,clasificacion c,2003-08-01,66,55,66,55,121
70706,CAMIRI,estado nutricional en menores de 5 anos,clasificacion c,2003-08-01,297,210,297,210,507
30701,CAPINOTA,estado nutricional en menores de 5 anos,clasificacion c,2003-08-01,44,23,44,23,67
20302,CAQUIAVIRI,estado nutricional en menores de 5 anos,clasificacion c,2003-08-01,91,123,91,123,214
40102,CARACOLLO,estado nutricional en menores de 5 anos,clasificacion c,2003-08-01,124,133,124,133,257
22001,CARANAVI,estado nutricional en menores de 5 anos,clasificacion c,2003-08-01,608,378,608,378,986
41503,CARANGAS,estado nutricional en menores de 5 anos,clasificacion c,2003-08-01,0,5,0,5,5
60302,CARAPARI,estado nutricional en menores de 5 anos,clasificacion c,2003-08-01,129,113,129,113,242
50702,CARIPUYO,estado nutricional en menores de 5 anos,clasificacion c,2003-08-01,139,146,139,146,285
21902,CATACORA,estado nutricional en menores de 5 anos,clasificacion c,2003-08-01,8,22,8,22,30
40201,CHALLAPATA,estado nutricional en menores de 5 anos,clasificacion c,2003-08-01,159,145,159,145,304
50302,CHAQUI,estado nutricional en menores de 5 anos,clasificacion c,2003-08-01,103,90,103,90,193
70702,CHARAGUA,estado nutricional en menores de 5 anos,clasificacion c,2003-08-01,321,395,321,395,716
20305,CHARAÃ‘A,estado nutricional en menores de 5 anos,clasificacion c,2003-08-01,24,24,24,24,48
50202,CHAYANTA,estado nutricional en menores de 5 anos,clasificacion c,2003-08-01,99,44,99,44,143
31204,CHIMORE,estado nutricional en menores de 5 anos,clasificacion c,2003-08-01,136,78,136,78,214
40903,CHIPAYA,estado nutricional en menores de 5 anos,clasificacion c,2003-08-01,7,1,7,1,8
40302,CHOQUE COTA,estado nutricional en menores de 5 anos,clasificacion c,2003-08-01,21,17,21,17,38
21101,CHULUMANI (V. DE LA LIBERTAD),estado nutricional en menores de 5 anos,clasificacion c,2003-08-01,79,62,79,62,141
20501,CHUMA,estado nutricional en menores de 5 anos,clasificacion c,2003-08-01,75,24,75,24,99
30801,CLIZA,estado nutricional en menores de 5 anos,clasificacion c,2003-08-01,39,24,39,24,63
90101,COBIJA,estado nutricional en menores de 5 anos,clasificacion c,2003-08-01,365,256,365,256,621
30101,COCHABAMBA,estado nutricional en menores de 5 anos,clasificacion c,2003-08-01,2000,1101,2000,1101,3101
40902,COIPASA,estado nutricional en menores de 5 anos,clasificacion c,2003-08-01,8,9,8,9,17
30905,COLCAPIRHUA,estado nutricional en menores de 5 anos,clasificacion c,2003-08-01,278,114,278,114,392
50901,"COLCHA ""K""",estado nutricional en menores de 5 anos,clasificacion c,2003-08-01,180,146,180,146,326
21307,COLLANA,estado nutricional en menores de 5 anos,clasificacion c,2003-08-01,31,3,31,3,34
31002,COLOMI,estado nutricional en menores de 5 anos,clasificacion c,2003-08-01,182,244,182,244,426
50401,COLQUECHACA,estado nutricional en menores de 5 anos,clasificacion c,2003-08-01,284,156,284,156,440
21306,COLQUENCHA,estado nutricional en menores de 5 anos,clasificacion c,2003-08-01,62,11,62,11,73
21004,COLQUIRI,estado nutricional en menores de 5 anos,clasificacion c,2003-08-01,170,104,170,104,274
20304,COMANCHE,estado nutricional en menores de 5 anos,clasificacion c,2003-08-01,27,19,27,19,46
71301,COMARAPA,estado nutricional en menores de 5 anos,clasificacion c,2003-08-01,176,111,176,111,287
20605,COMBAYA,estado nutricional en menores de 5 anos,clasificacion c,2003-08-01,21,18,21,18,39
71101,CONCEPCION,estado nutricional en menores de 5 anos,clasificacion c,2003-08-01,45,125,45,125,170
21701,COPACABANA,estado nutricional en menores de 5 anos,clasificacion c,2003-08-01,112,70,112,70,182
21402,CORIPATA,estado nutricional en menores de 5 anos,clasificacion c,2003-08-01,26,2,26,2,28
20301,CORO CORO,estado nutricional en menores de 5 anos,clasificacion c,2003-08-01,114,85,114,85,199
21401,COROICO,estado nutricional en menores de 5 anos,clasificacion c,2003-08-01,123,73,123,73,196
40301,CORQUE,estado nutricional en menores de 5 anos,clasificacion c,2003-08-01,66,14,66,14,80
50601,COTAGAITA,estado nutricional en menores de 5 anos,clasificacion c,2003-08-01,402,421,402,421,823
31405,CUCHUMUELA (V. G. VILLARROEL),estado nutricional en menores de 5 anos,clasificacion c,2003-08-01,37,16,37,16,53
70704,CUEVO,estado nutricional en menores de 5 anos,clasificacion c,2003-08-01,32,21,32,21,53
10902,CULPINA,estado nutricional en menores de 5 anos,clasificacion c,2003-08-01,351,275,351,275,626
40401,CURAHUARA DE CARANGAS,estado nutricional en menores de 5 anos,clasificacion c,2003-08-01,85,97,85,97,182
21602,CURVA,estado nutricional en menores de 5 anos,clasificacion c,2003-08-01,23,19,23,19,42
20804,DESAGUADERO,estado nutricional en menores de 5 anos,clasificacion c,2003-08-01,43,38,43,38,81
20105,EL ALTO,estado nutricional en menores de 5 anos,clasificacion c,2003-08-01,5572,2559,5572,2559,8131
40103,EL CHORO,estado nutricional en menores de 5 anos,clasificacion c,2003-08-01,39,31,39,31,70
71503,EL PUENTE(STC),estado nutricional en menores de 5 anos,clasificacion c,2003-08-01,21,229,21,229,250
60502,EL PUENTE(TJA),estado nutricional en menores de 5 anos,clasificacion c,2003-08-01,115,187,115,187,302
70105,EL TORNO,estado nutricional en menores de 5 anos,clasificacion c,2003-08-01,276,125,276,125,401
10405,EL VILLAR,estado nutricional en menores de 5 anos,clasificacion c,2003-08-01,101,145,101,145,246
60601,ENTRE RIOS,estado nutricional en menores de 5 anos,clasificacion c,2003-08-01,288,332,288,332,620
40502,ESCARA,estado nutricional en menores de 5 anos,clasificacion c,2003-08-01,1,4,1,4,5
41101,EUCALIPTUS,estado nutricional en menores de 5 anos,clasificacion c,2003-08-01,84,89,84,89,173
90503,EUREKA (SANTOS MERCADO),estado nutricional en menores de 5 anos,clasificacion c,2003-08-01,0,1,0,1,1
80402,EXALTACION,estado nutricional en menores de 5 anos,clasificacion c,2003-08-01,43,77,43,77,120
90203,FILADELFIA,estado nutricional en menores de 5 anos,clasificacion c,2003-08-01,27,20,27,20,47
71002,GENERAL SAAVEDRA,estado nutricional en menores de 5 anos,clasificacion c,2003-08-01,253,350,253,350,603
21601,GRAL. J.J. PEREZ (CHARAZANI),estado nutricional en menores de 5 anos,clasificacion c,2003-08-01,124,97,124,97,221
20602,GUANAY,estado nutricional en menores de 5 anos,clasificacion c,2003-08-01,438,275,438,275,713
20802,GUAQUI,estado nutricional en menores de 5 anos,clasificacion c,2003-08-01,36,15,36,15,51
80202,GUAYARAMERIN,estado nutricional en menores de 5 anos,clasificacion c,2003-08-01,357,177,357,177,534
70705,GUTIERREZ,estado nutricional en menores de 5 anos,clasificacion c,2003-08-01,260,311,260,311,571
10502,HUACARETA,estado nutricional en menores de 5 anos,clasificacion c,2003-08-01,190,373,190,373,563
11002,HUACAYA (VILLA DE HUACAYA),estado nutricional en menores de 5 anos,clasificacion c,2003-08-01,51,54,51,54,105
40501,HUACHACALLA,estado nutricional en menores de 5 anos,clasificacion c,2003-08-01,13,7,13,7,20
40701,HUANUNI,estado nutricional en menores de 5 anos,clasificacion c,2003-08-01,128,65,128,65,193
80803,HUARACAJE,estado nutricional en menores de 5 anos,clasificacion c,2003-08-01,40,44,40,44,84
41601,HUAYLLAMARCA,estado nutricional en menores de 5 anos,clasificacion c,2003-08-01,53,21,53,21,74
21005,ICHOCA,estado nutricional en menores de 5 anos,clasificacion c,2003-08-01,69,64,69,64,133
10304,ICLA,estado nutricional en menores de 5 anos,clasificacion c,2003-08-01,133,241,133,241,374
10703,INCAHUASI,estado nutricional en menores de 5 anos,clasificacion c,2003-08-01,254,144,254,144,398
21001,INQUISIVI,estado nutricional en menores de 5 anos,clasificacion c,2003-08-01,161,151,161,151,312
21102,IRUPANA (VILLA DE LANZA),estado nutricional en menores de 5 anos,clasificacion c,2003-08-01,187,225,187,225,412
21501,IXIAMAS,estado nutricional en menores de 5 anos,clasificacion c,2003-08-01,83,69,83,69,152
21105,LA ASUNTA,estado nutricional en menores de 5 anos,clasificacion c,2003-08-01,171,78,171,78,249
70104,LA GUARDIA,estado nutricional en menores de 5 anos,clasificacion c,2003-08-01,552,261,552,261,813
20101,LA PAZ,estado nutricional en menores de 5 anos,clasificacion c,2003-08-01,4308,2526,4308,2526,6834
41501,LA RIVERA,estado nutricional en menores de 5 anos,clasificacion c,2003-08-01,3,3,3,3,6
70701,LAGUNILLAS,estado nutricional en menores de 5 anos,clasificacion c,2003-08-01,107,123,107,123,230
21202,LAJA,estado nutricional en menores de 5 anos,clasificacion c,2003-08-01,60,30,60,30,90
10903,LAS CARRERAS,estado nutricional en menores de 5 anos,clasificacion c,2003-08-01,69,100,69,100,169
21006,LICOMA PAMPA,estado nutricional en menores de 5 anos,clasificacion c,2003-08-01,8,24,8,24,32
50203,LLALLAGUA,estado nutricional en menores de 5 anos,clasificacion c,2003-08-01,76,757,76,757,833
51401,LLICA,estado nutricional en menores de 5 anos,clasificacion c,2003-08-01,37,38,37,38,75
80601,LORETO,estado nutricional en menores de 5 anos,clasificacion c,2003-08-01,63,71,63,71,134
20901,LURIBAY,estado nutricional en menores de 5 anos,clasificacion c,2003-08-01,134,82,134,82,216
40702,MACHACAMARCA,estado nutricional en menores de 5 anos,clasificacion c,2003-08-01,22,25,22,25,47
11003,MACHARETI,estado nutricional en menores de 5 anos,clasificacion c,2003-08-01,187,320,187,320,507
80801,MAGDALENA,estado nutricional en menores de 5 anos,clasificacion c,2003-08-01,103,78,103,78,181
70903,MAIRANA,estado nutricional en menores de 5 anos,clasificacion c,2003-08-01,83,50,83,50,133
20904,MALLA,estado nutricional en menores de 5 anos,clasificacion c,2003-08-01,24,34,24,34,58
20103,MECAPACA,estado nutricional en menores de 5 anos,clasificacion c,2003-08-01,75,54,75,54,129
71003,MINEROS,estado nutricional en menores de 5 anos,clasificacion c,2003-08-01,703,419,703,419,1122
31301,MIZQUE,estado nutricional en menores de 5 anos,clasificacion c,2003-08-01,68,22,68,22,90
20402,MOCOMOCO,estado nutricional en menores de 5 anos,clasificacion c,2003-08-01,163,103,163,103,266
51002,MOJINETE,estado nutricional en menores de 5 anos,clasificacion c,2003-08-01,6,12,6,12,18
10303,MOJOCOYA,estado nutricional en menores de 5 anos,clasificacion c,2003-08-01,167,276,167,276,443
10501,MONTEAGUDO,estado nutricional en menores de 5 anos,clasificacion c,2003-08-01,383,437,383,437,820
71001,MONTERO,estado nutricional en menores de 5 anos,clasificacion c,2003-08-01,1487,827,1487,827,2314
70803,MORO MORO,estado nutricional en menores de 5 anos,clasificacion c,2003-08-01,31,37,31,37,68
30302,MOROCHATA,estado nutricional en menores de 5 anos,clasificacion c,2003-08-01,237,180,237,180,417
90401,NACEBE (SANTA ROSA DEL ABUNA),estado nutricional en menores de 5 anos,clasificacion c,2003-08-01,10,11,10,11,21
20307,NAZACARA DE PACAJES,estado nutricional en menores de 5 anos,clasificacion c,2003-08-01,4,5,4,5,9
90501,NUEVO MANOA (NUEVA ESPERANZA),estado nutricional en menores de 5 anos,clasificacion c,2003-08-01,3,4,3,4,7
50404,OCURI,estado nutricional en menores de 5 anos,clasificacion c,2003-08-01,140,114,140,114,254
30203,OMEREQUE,estado nutricional en menores de 5 anos,clasificacion c,2003-08-01,10,13,10,13,23
40101,ORURO,estado nutricional en menores de 5 anos,clasificacion c,2003-08-01,1949,1116,1949,1116,3065
60201,PADCAYA,estado nutricional en menores de 5 anos,clasificacion c,2003-08-01,228,320,228,320,548
10401,PADILLA,estado nutricional en menores de 5 anos,clasificacion c,2003-08-01,284,350,284,350,634
70502,PAILON,estado nutricional en menores de 5 anos,clasificacion c,2003-08-01,122,94,122,94,216
20102,PALCA,estado nutricional en menores de 5 anos,clasificacion c,2003-08-01,114,103,114,103,217
21104,PALOS BLANCOS,estado nutricional en menores de 5 anos,clasificacion c,2003-08-01,248,156,248,156,404
40802,PAMPA AULLAGAS,estado nutricional en menores de 5 anos,clasificacion c,2003-08-01,28,12,28,12,40
70902,PAMPA GRANDE,estado nutricional en menores de 5 anos,clasificacion c,2003-08-01,79,32,79,32,111
21802,PAPEL PAMPA,estado nutricional en menores de 5 anos,clasificacion c,2003-08-01,67,33,67,33,100
30202,PASORAPA,estado nutricional en menores de 5 anos,clasificacion c,2003-08-01,36,51,36,51,87
21305,PATACAMAYA,estado nutricional en menores de 5 anos,clasificacion c,2003-08-01,275,148,275,148,423
40602,PAZÃ‘A,estado nutricional en menores de 5 anos,clasificacion c,2003-08-01,37,62,37,62,99
20702,PELECHUCO,estado nutricional en menores de 5 anos,clasificacion c,2003-08-01,43,29,43,29,72
50403,POCOATA,estado nutricional en menores de 5 anos,clasificacion c,2003-08-01,330,328,330,328,658
31203,POCONA,estado nutricional en menores de 5 anos,clasificacion c,2003-08-01,112,88,112,88,200
31202,POJO (CBBA),estado nutricional en menores de 5 anos,clasificacion c,2003-08-01,396,299,396,299,695
40601,POOPO,estado nutricional en menores de 5 anos,clasificacion c,2003-08-01,35,87,35,87,122
51203,PORCO,estado nutricional en menores de 5 anos,clasificacion c,2003-08-01,96,34,96,34,130
10103,POROMA,estado nutricional en menores de 5 anos,clasificacion c,2003-08-01,216,248,216,248,464
70103,PORONGO,estado nutricional en menores de 5 anos,clasificacion c,2003-08-01,53,39,53,39,92
70601,PORTACHUELO,estado nutricional en menores de 5 anos,clasificacion c,2003-08-01,282,255,282,255,537
90102,PORVENIR,estado nutricional en menores de 5 anos,clasificacion c,2003-08-01,88,60,88,60,148
70804,POSTRER VALLE,estado nutricional en menores de 5 anos,clasificacion c,2003-08-01,3,6,3,6,9
50101,POTOSI,estado nutricional en menores de 5 anos,clasificacion c,2003-08-01,1489,564,1489,564,2053
10302,PRESTO,estado nutricional en menores de 5 anos,clasificacion c,2003-08-01,122,155,122,155,277
70805,PUCARA,estado nutricional en menores de 5 anos,clasificacion c,2003-08-01,15,17,15,17,32
21201,PUCARANI,estado nutricional en menores de 5 anos,clasificacion c,2003-08-01,174,46,174,46,220
20401,PUERTO ACOSTA,estado nutricional en menores de 5 anos,clasificacion c,2003-08-01,168,182,168,182,350
20403,PUERTO CARABUCO,estado nutricional en menores de 5 anos,clasificacion c,2003-08-01,125,115,125,115,240
90301,PUERTO GONZALO MORENO,estado nutricional en menores de 5 anos,clasificacion c,2003-08-01,21,35,21,35,56
21204,PUERTO PEREZ,estado nutricional en menores de 5 anos,clasificacion c,2003-08-01,65,24,65,24,89
71402,PUERTO QUIJARRO,estado nutricional en menores de 5 anos,clasificacion c,2003-08-01,200,51,200,51,251
90201,PUERTO RICO,estado nutricional en menores de 5 anos,clasificacion c,2003-08-01,58,81,58,81,139
80703,PUERTO SILES,estado nutricional en menores de 5 anos,clasificacion c,2003-08-01,18,8,18,8,26
71401,PUERTO SUAREZ,estado nutricional en menores de 5 anos,clasificacion c,2003-08-01,180,50,180,50,230
31205,PUERTO VILLARROEL,estado nutricional en menores de 5 anos,clasificacion c,2003-08-01,344,260,344,260,604
51101,PUNA,estado nutricional en menores de 5 anos,clasificacion c,2003-08-01,14,4,14,4,18
31401,PUNATA,estado nutricional en menores de 5 anos,clasificacion c,2003-08-01,327,128,327,128,455
20604,QUIABAYA,estado nutricional en menores de 5 anos,clasificacion c,2003-08-01,33,25,33,25,58
30901,QUILLACOLLO,estado nutricional en menores de 5 anos,clasificacion c,2003-08-01,430,183,430,183,613
21002,QUIME,estado nutricional en menores de 5 anos,clasificacion c,2003-08-01,126,115,126,115,241
70904,QUIRUSILLAS,estado nutricional en menores de 5 anos,clasificacion c,2003-08-01,20,19,20,19,39
50402,RAVELO,estado nutricional en menores de 5 anos,clasificacion c,2003-08-01,237,154,237,154,391
80301,REYES,estado nutricional en menores de 5 anos,clasificacion c,2003-08-01,135,83,135,83,218
80201,RIBERALTA,estado nutricional en menores de 5 anos,clasificacion c,2003-08-01,1072,403,1072,403,1475
70503,ROBORE,estado nutricional en menores de 5 anos,clasificacion c,2003-08-01,163,141,163,141,304
80304,RURRENABAQUE,estado nutricional en menores de 5 anos,clasificacion c,2003-08-01,206,75,206,75,281
40901,SABAYA,estado nutricional en menores de 5 anos,clasificacion c,2003-08-01,17,21,17,21,38
31001,SACABA,estado nutricional en menores de 5 anos,clasificacion c,2003-08-01,364,120,364,120,484
30404,SACABAMBA,estado nutricional en menores de 5 anos,clasificacion c,2003-08-01,54,102,54,102,156
50701,SACACA,estado nutricional en menores de 5 anos,clasificacion c,2003-08-01,136,262,136,262,398
71302,SAIPINA,estado nutricional en menores de 5 anos,clasificacion c,2003-08-01,32,63,32,63,95
40801,SALINAS DE GARCI MENDOZA,estado nutricional en menores de 5 anos,clasificacion c,2003-08-01,40,51,40,51,91
70901,SAMAIPATA,estado nutricional en menores de 5 anos,clasificacion c,2003-08-01,129,114,129,114,243
51601,SAN AGUSTIN,estado nutricional en menores de 5 anos,clasificacion c,2003-08-01,22,18,22,18,40
80602,SAN ANDRES,estado nutricional en menores de 5 anos,clasificacion c,2003-08-01,38,36,38,36,74
51003,SAN ANTONIO DE ESMORUCO,estado nutricional en menores de 5 anos,clasificacion c,2003-08-01,3,15,3,15,18
71105,SAN ANTONIO DE LOMERIO,estado nutricional en menores de 5 anos,clasificacion c,2003-08-01,99,151,99,151,250
31403,SAN BENITO,estado nutricional en menores de 5 anos,clasificacion c,2003-08-01,99,62,99,62,161
80302,SAN BORJA,estado nutricional en menores de 5 anos,clasificacion c,2003-08-01,537,334,537,334,871
21502,SAN BUENA VENTURA,estado nutricional en menores de 5 anos,clasificacion c,2003-08-01,112,71,112,71,183
70402,SAN CARLOS,estado nutricional en menores de 5 anos,clasificacion c,2003-08-01,425,198,425,198,623
80501,SAN IGNACIO,estado nutricional en menores de 5 anos,clasificacion c,2003-08-01,269,205,269,205,474
70301,SAN IGNACIO DE VELASCO,estado nutricional en menores de 5 anos,clasificacion c,2003-08-01,692,546,692,546,1238
80102,SAN JAVIER(BNI),estado nutricional en menores de 5 anos,clasificacion c,2003-08-01,14,14,14,14,28
71102,SAN JAVIER(STC),estado nutricional en menores de 5 anos,clasificacion c,2003-08-01,87,71,87,71,158
80701,SAN JOAQUIN,estado nutricional en menores de 5 anos,clasificacion c,2003-08-01,55,53,55,53,108
70501,SAN JOSE DE CHIQUITOS,estado nutricional en menores de 5 anos,clasificacion c,2003-08-01,122,37,122,37,159
71104,SAN JULIAN,estado nutricional en menores de 5 anos,clasificacion c,2003-08-01,431,623,431,623,1054
90302,SAN LORENZO(PND),estado nutricional en menores de 5 anos,clasificacion c,2003-08-01,31,10,31,10,41
60501,SAN LORENZO(TJA),estado nutricional en menores de 5 anos,clasificacion c,2003-08-01,142,136,142,136,278
10702,SAN LUCAS,estado nutricional en menores de 5 anos,clasificacion c,2003-08-01,593,539,593,539,1132
71201,SAN MATIAS,estado nutricional en menores de 5 anos,clasificacion c,2003-08-01,188,140,188,140,328
70302,SAN MIGUEL DE VELASCO,estado nutricional en menores de 5 anos,clasificacion c,2003-08-01,253,155,253,155,408
51001,SAN PABLO DE LIPEZ,estado nutricional en menores de 5 anos,clasificacion c,2003-08-01,50,42,50,42,92
50501,SAN PEDRO DE BUENA VISTA,estado nutricional en menores de 5 anos,clasificacion c,2003-08-01,166,201,166,201,367
21801,SAN PEDRO DE CURAHUARA,estado nutricional en menores de 5 anos,clasificacion c,2003-08-01,45,46,45,46,91
50902,SAN PEDRO DE QUEMES,estado nutricional en menores de 5 anos,clasificacion c,2003-08-01,10,7,10,7,17
21702,SAN PEDRO DE TIQUINA,estado nutricional en menores de 5 anos,clasificacion c,2003-08-01,37,52,37,52,89
90202,SAN PEDRO(PND),estado nutricional en menores de 5 anos,clasificacion c,2003-08-01,8,2,8,2,10
70303,SAN RAFAEL,estado nutricional en menores de 5 anos,clasificacion c,2003-08-01,67,53,67,53,120
80702,SAN RAMON,estado nutricional en menores de 5 anos,clasificacion c,2003-08-01,69,56,69,56,125
80401,SANTA ANA,estado nutricional en menores de 5 anos,clasificacion c,2003-08-01,178,79,178,79,257
70101,SANTA CRUZ DE LA SIERRA,estado nutricional en menores de 5 anos,clasificacion c,2003-08-01,4139,2162,4139,2162,6301
80303,SANTA ROSA,estado nutricional en menores de 5 anos,clasificacion c,2003-08-01,104,49,104,49,153
70602,SANTA ROSA DEL SARA,estado nutricional en menores de 5 anos,clasificacion c,2003-08-01,69,53,69,53,122
20308,SANTIAGO DE CALLAPA,estado nutricional en menores de 5 anos,clasificacion c,2003-08-01,73,67,73,67,140
41401,SANTIAGO DE HUARI,estado nutricional en menores de 5 anos,clasificacion c,2003-08-01,36,43,36,43,79
21901,SANTIAGO DE MACHACA,estado nutricional en menores de 5 anos,clasificacion c,2003-08-01,47,57,47,57,104
30702,SANTIVAÃ‘ES,estado nutricional en menores de 5 anos,clasificacion c,2003-08-01,72,35,72,35,107
40202,SANTUARIO DE QUILLACAS,estado nutricional en menores de 5 anos,clasificacion c,2003-08-01,24,18,24,18,42
20902,SAPAHAQUI,estado nutricional en menores de 5 anos,clasificacion c,2003-08-01,138,99,138,99,237
90303,SENA,estado nutricional en menores de 5 anos,clasificacion c,2003-08-01,32,32,32,32,64
21301,SICA SICA (VILLA AROMA),estado nutricional en menores de 5 anos,clasificacion c,2003-08-01,210,110,210,110,320
30703,SICAYA,estado nutricional en menores de 5 anos,clasificacion c,2003-08-01,24,9,24,9,33
30902,SIPE SIPE,estado nutricional en menores de 5 anos,clasificacion c,2003-08-01,431,248,431,248,679
10403,SOPACHUY,estado nutricional en menores de 5 anos,clasificacion c,2003-08-01,149,88,149,88,237
20601,SORATA,estado nutricional en menores de 5 anos,clasificacion c,2003-08-01,166,146,166,146,312
10101,SUCRE,estado nutricional en menores de 5 anos,clasificacion c,2003-08-01,2040,1353,2040,1353,3393
31404,TACACHI,estado nutricional en menores de 5 anos,clasificacion c,2003-08-01,7,2,7,2,9
20603,TACACOMA,estado nutricional en menores de 5 anos,clasificacion c,2003-08-01,57,75,57,75,132
50303,TACOBAMBA,estado nutricional en menores de 5 anos,clasificacion c,2003-08-01,105,93,105,93,198
30602,TACOPAYA,estado nutricional en menores de 5 anos,clasificacion c,2003-08-01,140,169,140,169,309
51402,TAHUA,estado nutricional en menores de 5 anos,clasificacion c,2003-08-01,13,14,13,14,27
31101,TAPACARI,estado nutricional en menores de 5 anos,clasificacion c,2003-08-01,254,153,254,153,407
10601,TARABUCO,estado nutricional en menores de 5 anos,clasificacion c,2003-08-01,427,609,427,609,1036
30401,TARATA,estado nutricional en menores de 5 anos,clasificacion c,2003-08-01,62,62,62,62,124
60101,TARIJA,estado nutricional en menores de 5 anos,clasificacion c,2003-08-01,1462,1061,1462,1061,2523
10202,TARVITA,estado nutricional en menores de 5 anos,clasificacion c,2003-08-01,335,488,335,488,823
20803,TIAWANACU,estado nutricional en menores de 5 anos,clasificacion c,2003-08-01,97,58,97,58,155
50102,TINGUIPAYA,estado nutricional en menores de 5 anos,clasificacion c,2003-08-01,188,281,188,281,469
20606,TIPUANI,estado nutricional en menores de 5 anos,clasificacion c,2003-08-01,110,72,110,72,182
30903,TIQUIPAYA,estado nutricional en menores de 5 anos,clasificacion c,2003-08-01,483,210,483,210,693
31601,TIRAQUE (CBBA),estado nutricional en menores de 5 anos,clasificacion c,2003-08-01,356,225,356,225,581
21703,TITO YUPANQUI (PARQUIPUJIO),estado nutricional en menores de 5 anos,clasificacion c,2003-08-01,12,17,12,17,29
30802,TOCO,estado nutricional en menores de 5 anos,clasificacion c,2003-08-01,5,10,5,10,15
30803,TOLATA,estado nutricional en menores de 5 anos,clasificacion c,2003-08-01,49,39,49,39,88
41001,TOLEDO,estado nutricional en menores de 5 anos,clasificacion c,2003-08-01,67,50,67,50,117
51202,TOMAVE,estado nutricional en menores de 5 anos,clasificacion c,2003-08-01,115,124,115,124,239
10402,TOMINA,estado nutricional en menores de 5 anos,clasificacion c,2003-08-01,160,247,160,247,407
50502,TORO TORO,estado nutricional en menores de 5 anos,clasificacion c,2003-08-01,173,244,173,244,417
31201,TOTORA(CBBA),estado nutricional en menores de 5 anos,clasificacion c,2003-08-01,140,95,140,95,235
41301,TOTORA(ORR),estado nutricional en menores de 5 anos,clasificacion c,2003-08-01,49,49,49,49,98
70802,TRIGAL,estado nutricional en menores de 5 anos,clasificacion c,2003-08-01,4,4,4,4,8
80101,TRINIDAD,estado nutricional en menores de 5 anos,clasificacion c,2003-08-01,713,578,713,578,1291
50801,TUPIZA,estado nutricional en menores de 5 anos,clasificacion c,2003-08-01,484,666,484,666,1150
40402,TURCO,estado nutricional en menores de 5 anos,clasificacion c,2003-08-01,45,58,45,58,103
21302,UMALA,estado nutricional en menores de 5 anos,clasificacion c,2003-08-01,18,42,18,42,60
50201,UNCIA,estado nutricional en menores de 5 anos,clasificacion c,2003-08-01,72,6,72,6,78
60401,URIONDO (A. CONCEPCION),estado nutricional en menores de 5 anos,clasificacion c,2003-08-01,218,229,218,229,447
71502,URUBICHA,estado nutricional en menores de 5 anos,clasificacion c,2003-08-01,161,353,161,353,514
51201,UYUNI,estado nutricional en menores de 5 anos,clasificacion c,2003-08-01,288,242,288,242,530
30502,VACAS,estado nutricional en menores de 5 anos,clasificacion c,2003-08-01,77,28,77,28,105
70801,VALLEGRANDE,estado nutricional en menores de 5 anos,clasificacion c,2003-08-01,35,55,35,55,90
20801,VIACHA,estado nutricional en menores de 5 anos,clasificacion c,2003-08-01,411,143,411,143,554
31302,VILA VILA,estado nutricional en menores de 5 anos,clasificacion c,2003-08-01,53,58,53,58,111
60303,VILLA MONTES,estado nutricional en menores de 5 anos,clasificacion c,2003-08-01,336,158,336,158,494
90502,VILLA NUEVA (LOMA ALTA),estado nutricional en menores de 5 anos,clasificacion c,2003-08-01,3,2,3,2,5
31402,VILLA RIVERO,estado nutricional en menores de 5 anos,clasificacion c,2003-08-01,58,46,58,46,104
10801,VILLA SERRANO,estado nutricional en menores de 5 anos,clasificacion c,2003-08-01,298,345,298,345,643
31003,VILLA TUNARI,estado nutricional en menores de 5 anos,clasificacion c,2003-08-01,394,227,394,227,621
11001,VILLA VACA GUZMAN (MUYUPAMPA),estado nutricional en menores de 5 anos,clasificacion c,2003-08-01,192,258,192,258,450
51501,VILLAZON,estado nutricional en menores de 5 anos,clasificacion c,2003-08-01,462,370,462,370,832
30904,VINTO,estado nutricional en menores de 5 anos,clasificacion c,2003-08-01,136,62,136,62,198
50602,VITICHI,estado nutricional en menores de 5 anos,clasificacion c,2003-08-01,277,194,277,194,471
20306,WALDO BALLIVIAN,estado nutricional en menores de 5 anos,clasificacion c,2003-08-01,14,1,14,1,15
20903,YACO,estado nutricional en menores de 5 anos,clasificacion c,2003-08-01,18,13,18,13,31
60301,YACUIBA,estado nutricional en menores de 5 anos,clasificacion c,2003-08-01,661,291,661,291,952
10602,YAMPARAEZ,estado nutricional en menores de 5 anos,clasificacion c,2003-08-01,219,421,219,421,640
21103,YANACACHI,estado nutricional en menores de 5 anos,clasificacion c,2003-08-01,46,30,46,30,76
70403,YAPACANI,estado nutricional en menores de 5 anos,clasificacion c,2003-08-01,556,381,556,381,937
50103,YOCALLA,estado nutricional en menores de 5 anos,clasificacion c,2003-08-01,58,72,58,72,130
10102,YOTALA,estado nutricional en menores de 5 anos,clasificacion c,2003-08-01,225,353,225,353,578
60402,YUNCHARA,estado nutricional en menores de 5 anos,clasificacion c,2003-08-01,80,101,80,101,181
10301,ZUDAÃ‘EZ,estado nutricional en menores de 5 anos,clasificacion c,2003-08-01,163,191,163,191,354
51302,ACACIO,estado nutricional en menores de 5 anos,clasificacion c,2003-09-01,91,80,91,80,171
20201,ACHACACHI,estado nutricional en menores de 5 anos,clasificacion c,2003-09-01,609,590,609,590,1199
20104,ACHOCALLA,estado nutricional en menores de 5 anos,clasificacion c,2003-09-01,106,57,106,57,163
30201,AIQUILE,estado nutricional en menores de 5 anos,clasificacion c,2003-09-01,148,76,148,76,224
31303,ALALAY,estado nutricional en menores de 5 anos,clasificacion c,2003-09-01,24,6,24,6,30
10404,ALCALA,estado nutricional en menores de 5 anos,clasificacion c,2003-09-01,60,131,60,131,191
20202,ANCORAIMES,estado nutricional en menores de 5 anos,clasificacion c,2003-09-01,265,330,265,330,595
41201,ANDAMARCA,estado nutricional en menores de 5 anos,clasificacion c,2003-09-01,52,47,52,47,99
30402,ANZALDO,estado nutricional en menores de 5 anos,clasificacion c,2003-09-01,49,78,49,78,127
20701,APOLO,estado nutricional en menores de 5 anos,clasificacion c,2003-09-01,102,60,102,60,162
51301,ARAMPAMPA,estado nutricional en menores de 5 anos,clasificacion c,2003-09-01,87,101,87,101,188
30501,ARANI,estado nutricional en menores de 5 anos,clasificacion c,2003-09-01,32,84,32,84,116
30403,ARBIETO,estado nutricional en menores de 5 anos,clasificacion c,2003-09-01,34,5,34,5,39
30601,ARQUE,estado nutricional en menores de 5 anos,clasificacion c,2003-09-01,74,59,74,59,133
71501,ASCENCION DE GUARAYOS,estado nutricional en menores de 5 anos,clasificacion c,2003-09-01,12,12,12,12,24
50802,ATOCHA,estado nutricional en menores de 5 anos,clasificacion c,2003-09-01,91,346,91,346,437
20503,AUCAPATA,estado nutricional en menores de 5 anos,clasificacion c,2003-09-01,35,16,35,16,51
20502,AYATA,estado nutricional en menores de 5 anos,clasificacion c,2003-09-01,46,7,46,7,53
21303,AYO AYO,estado nutricional en menores de 5 anos,clasificacion c,2003-09-01,80,10,80,10,90
30301,AYOPAYA (V. DE INDEPENDENCIA),estado nutricional en menores de 5 anos,clasificacion c,2003-09-01,205,200,205,200,405
10201,AZURDUY,estado nutricional en menores de 5 anos,clasificacion c,2003-09-01,285,362,285,362,647
21203,BATALLAS,estado nutricional en menores de 5 anos,clasificacion c,2003-09-01,114,95,114,95,209
80802,BAURES,estado nutricional en menores de 5 anos,clasificacion c,2003-09-01,68,75,68,75,143
41202,BELEN DE ANDAMARCA,estado nutricional en menores de 5 anos,clasificacion c,2003-09-01,5,4,5,4,9
50104,BELEN DE URMIRI,estado nutricional en menores de 5 anos,clasificacion c,2003-09-01,37,42,37,42,79
90104,BELLA FLOR,estado nutricional en menores de 5 anos,clasificacion c,2003-09-01,42,81,42,81,123
60202,BERMEJO,estado nutricional en menores de 5 anos,clasificacion c,2003-09-01,90,100,90,100,190
50301,BETANZOS,estado nutricional en menores de 5 anos,clasificacion c,2003-09-01,453,406,453,406,859
31501,BOLIVAR,estado nutricional en menores de 5 anos,clasificacion c,2003-09-01,131,102,131,102,233
90103,BOLPEBRA,estado nutricional en menores de 5 anos,clasificacion c,2003-09-01,16,35,16,35,51
70707,BOYUIBE,estado nutricional en menores de 5 anos,clasificacion c,2003-09-01,43,62,43,62,105
70401,BUENA VISTA,estado nutricional en menores de 5 anos,clasificacion c,2003-09-01,250,265,250,265,515
70703,CABEZAS,estado nutricional en menores de 5 anos,clasificacion c,2003-09-01,8,5,8,5,13
20905,CAIROMA,estado nutricional en menores de 5 anos,clasificacion c,2003-09-01,162,85,162,85,247
51102,"CAIZA ""D""",estado nutricional en menores de 5 anos,clasificacion c,2003-09-01,221,178,221,178,399
21003,CAJUATA,estado nutricional en menores de 5 anos,clasificacion c,2003-09-01,70,57,70,57,127
20303,CALACOTO,estado nutricional en menores de 5 anos,clasificacion c,2003-09-01,48,43,48,43,91
21304,CALAMARCA,estado nutricional en menores de 5 anos,clasificacion c,2003-09-01,122,59,122,59,181
10701,CAMARGO,estado nutricional en menores de 5 anos,clasificacion c,2003-09-01,244,179,244,179,423
10901,CAMATAQUI (C. VILLA ABECIA),estado nutricional en menores de 5 anos,clasificacion c,2003-09-01,61,63,61,63,124
70706,CAMIRI,estado nutricional en menores de 5 anos,clasificacion c,2003-09-01,375,303,375,303,678
30701,CAPINOTA,estado nutricional en menores de 5 anos,clasificacion c,2003-09-01,80,42,80,42,122
20302,CAQUIAVIRI,estado nutricional en menores de 5 anos,clasificacion c,2003-09-01,121,86,121,86,207
40102,CARACOLLO,estado nutricional en menores de 5 anos,clasificacion c,2003-09-01,103,77,103,77,180
22001,CARANAVI,estado nutricional en menores de 5 anos,clasificacion c,2003-09-01,509,285,509,285,794
41503,CARANGAS,estado nutricional en menores de 5 anos,clasificacion c,2003-09-01,4,0,4,0,4
60302,CARAPARI,estado nutricional en menores de 5 anos,clasificacion c,2003-09-01,102,113,102,113,215
50702,CARIPUYO,estado nutricional en menores de 5 anos,clasificacion c,2003-09-01,118,103,118,103,221
21902,CATACORA,estado nutricional en menores de 5 anos,clasificacion c,2003-09-01,3,0,3,0,3
40201,CHALLAPATA,estado nutricional en menores de 5 anos,clasificacion c,2003-09-01,183,134,183,134,317
50302,CHAQUI,estado nutricional en menores de 5 anos,clasificacion c,2003-09-01,95,102,95,102,197
70702,CHARAGUA,estado nutricional en menores de 5 anos,clasificacion c,2003-09-01,322,341,322,341,663
20305,CHARAÃ‘A,estado nutricional en menores de 5 anos,clasificacion c,2003-09-01,52,39,52,39,91
50202,CHAYANTA,estado nutricional en menores de 5 anos,clasificacion c,2003-09-01,92,80,92,80,172
31204,CHIMORE,estado nutricional en menores de 5 anos,clasificacion c,2003-09-01,94,59,94,59,153
40903,CHIPAYA,estado nutricional en menores de 5 anos,clasificacion c,2003-09-01,8,3,8,3,11
21101,CHULUMANI (V. DE LA LIBERTAD),estado nutricional en menores de 5 anos,clasificacion c,2003-09-01,94,70,94,70,164
20501,CHUMA,estado nutricional en menores de 5 anos,clasificacion c,2003-09-01,95,68,95,68,163
30801,CLIZA,estado nutricional en menores de 5 anos,clasificacion c,2003-09-01,32,9,32,9,41
90101,COBIJA,estado nutricional en menores de 5 anos,clasificacion c,2003-09-01,413,287,413,287,700
30101,COCHABAMBA,estado nutricional en menores de 5 anos,clasificacion c,2003-09-01,2161,1043,2161,1043,3204
40902,COIPASA,estado nutricional en menores de 5 anos,clasificacion c,2003-09-01,4,7,4,7,11
30905,COLCAPIRHUA,estado nutricional en menores de 5 anos,clasificacion c,2003-09-01,262,123,262,123,385
50901,"COLCHA ""K""",estado nutricional en menores de 5 anos,clasificacion c,2003-09-01,141,143,141,143,284
21307,COLLANA,estado nutricional en menores de 5 anos,clasificacion c,2003-09-01,39,6,39,6,45
31002,COLOMI,estado nutricional en menores de 5 anos,clasificacion c,2003-09-01,281,226,281,226,507
50401,COLQUECHACA,estado nutricional en menores de 5 anos,clasificacion c,2003-09-01,270,163,270,163,433
21306,COLQUENCHA,estado nutricional en menores de 5 anos,clasificacion c,2003-09-01,63,24,63,24,87
21004,COLQUIRI,estado nutricional en menores de 5 anos,clasificacion c,2003-09-01,152,50,152,50,202
20304,COMANCHE,estado nutricional en menores de 5 anos,clasificacion c,2003-09-01,23,6,23,6,29
71301,COMARAPA,estado nutricional en menores de 5 anos,clasificacion c,2003-09-01,195,115,195,115,310
20605,COMBAYA,estado nutricional en menores de 5 anos,clasificacion c,2003-09-01,18,22,18,22,40
71101,CONCEPCION,estado nutricional en menores de 5 anos,clasificacion c,2003-09-01,42,100,42,100,142
21701,COPACABANA,estado nutricional en menores de 5 anos,clasificacion c,2003-09-01,109,43,109,43,152
21402,CORIPATA,estado nutricional en menores de 5 anos,clasificacion c,2003-09-01,28,3,28,3,31
20301,CORO CORO,estado nutricional en menores de 5 anos,clasificacion c,2003-09-01,95,64,95,64,159
21401,COROICO,estado nutricional en menores de 5 anos,clasificacion c,2003-09-01,165,73,165,73,238
40301,CORQUE,estado nutricional en menores de 5 anos,clasificacion c,2003-09-01,72,59,72,59,131
50601,COTAGAITA,estado nutricional en menores de 5 anos,clasificacion c,2003-09-01,248,187,248,187,435
31405,CUCHUMUELA (V. G. VILLARROEL),estado nutricional en menores de 5 anos,clasificacion c,2003-09-01,28,20,28,20,48
70704,CUEVO,estado nutricional en menores de 5 anos,clasificacion c,2003-09-01,55,59,55,59,114
10902,CULPINA,estado nutricional en menores de 5 anos,clasificacion c,2003-09-01,426,331,426,331,757
40401,CURAHUARA DE CARANGAS,estado nutricional en menores de 5 anos,clasificacion c,2003-09-01,36,16,36,16,52
21602,CURVA,estado nutricional en menores de 5 anos,clasificacion c,2003-09-01,33,26,33,26,59
20804,DESAGUADERO,estado nutricional en menores de 5 anos,clasificacion c,2003-09-01,44,31,44,31,75
20105,EL ALTO,estado nutricional en menores de 5 anos,clasificacion c,2003-09-01,5262,2121,5262,2121,7383
40103,EL CHORO,estado nutricional en menores de 5 anos,clasificacion c,2003-09-01,31,22,31,22,53
71503,EL PUENTE(STC),estado nutricional en menores de 5 anos,clasificacion c,2003-09-01,134,244,134,244,378
60502,EL PUENTE(TJA),estado nutricional en menores de 5 anos,clasificacion c,2003-09-01,130,213,130,213,343
70105,EL TORNO,estado nutricional en menores de 5 anos,clasificacion c,2003-09-01,313,192,313,192,505
10405,EL VILLAR,estado nutricional en menores de 5 anos,clasificacion c,2003-09-01,102,157,102,157,259
60601,ENTRE RIOS,estado nutricional en menores de 5 anos,clasificacion c,2003-09-01,206,262,206,262,468
41101,EUCALIPTUS,estado nutricional en menores de 5 anos,clasificacion c,2003-09-01,26,46,26,46,72
90503,EUREKA (SANTOS MERCADO),estado nutricional en menores de 5 anos,clasificacion c,2003-09-01,9,13,9,13,22
80402,EXALTACION,estado nutricional en menores de 5 anos,clasificacion c,2003-09-01,16,16,16,16,32
90203,FILADELFIA,estado nutricional en menores de 5 anos,clasificacion c,2003-09-01,23,18,23,18,41
71002,GENERAL SAAVEDRA,estado nutricional en menores de 5 anos,clasificacion c,2003-09-01,321,380,321,380,701
21601,GRAL. J.J. PEREZ (CHARAZANI),estado nutricional en menores de 5 anos,clasificacion c,2003-09-01,80,70,80,70,150
20602,GUANAY,estado nutricional en menores de 5 anos,clasificacion c,2003-09-01,425,256,425,256,681
20802,GUAQUI,estado nutricional en menores de 5 anos,clasificacion c,2003-09-01,37,16,37,16,53
80202,GUAYARAMERIN,estado nutricional en menores de 5 anos,clasificacion c,2003-09-01,469,223,469,223,692
70705,GUTIERREZ,estado nutricional en menores de 5 anos,clasificacion c,2003-09-01,250,243,250,243,493
10502,HUACARETA,estado nutricional en menores de 5 anos,clasificacion c,2003-09-01,172,306,172,306,478
11002,HUACAYA (VILLA DE HUACAYA),estado nutricional en menores de 5 anos,clasificacion c,2003-09-01,47,52,47,52,99
40501,HUACHACALLA,estado nutricional en menores de 5 anos,clasificacion c,2003-09-01,8,4,8,4,12
40701,HUANUNI,estado nutricional en menores de 5 anos,clasificacion c,2003-09-01,172,116,172,116,288
80803,HUARACAJE,estado nutricional en menores de 5 anos,clasificacion c,2003-09-01,21,25,21,25,46
41601,HUAYLLAMARCA,estado nutricional en menores de 5 anos,clasificacion c,2003-09-01,77,20,77,20,97
21005,ICHOCA,estado nutricional en menores de 5 anos,clasificacion c,2003-09-01,55,52,55,52,107
10304,ICLA,estado nutricional en menores de 5 anos,clasificacion c,2003-09-01,179,284,179,284,463
10703,INCAHUASI,estado nutricional en menores de 5 anos,clasificacion c,2003-09-01,238,162,238,162,400
90402,INGAVI (HUMAITA),estado nutricional en menores de 5 anos,clasificacion c,2003-09-01,0,1,0,1,1
21001,INQUISIVI,estado nutricional en menores de 5 anos,clasificacion c,2003-09-01,208,218,208,218,426
21102,IRUPANA (VILLA DE LANZA),estado nutricional en menores de 5 anos,clasificacion c,2003-09-01,171,199,171,199,370
21501,IXIAMAS,estado nutricional en menores de 5 anos,clasificacion c,2003-09-01,89,67,89,67,156
21105,LA ASUNTA,estado nutricional en menores de 5 anos,clasificacion c,2003-09-01,236,93,236,93,329
70104,LA GUARDIA,estado nutricional en menores de 5 anos,clasificacion c,2003-09-01,503,277,503,277,780
20101,LA PAZ,estado nutricional en menores de 5 anos,clasificacion c,2003-09-01,4032,2212,4032,2212,6244
41501,LA RIVERA,estado nutricional en menores de 5 anos,clasificacion c,2003-09-01,6,11,6,11,17
70701,LAGUNILLAS,estado nutricional en menores de 5 anos,clasificacion c,2003-09-01,102,113,102,113,215
21202,LAJA,estado nutricional en menores de 5 anos,clasificacion c,2003-09-01,91,33,91,33,124
10903,LAS CARRERAS,estado nutricional en menores de 5 anos,clasificacion c,2003-09-01,75,85,75,85,160
21006,LICOMA PAMPA,estado nutricional en menores de 5 anos,clasificacion c,2003-09-01,12,14,12,14,26
50203,LLALLAGUA,estado nutricional en menores de 5 anos,clasificacion c,2003-09-01,164,509,164,509,673
51401,LLICA,estado nutricional en menores de 5 anos,clasificacion c,2003-09-01,27,29,27,29,56
80601,LORETO,estado nutricional en menores de 5 anos,clasificacion c,2003-09-01,68,68,68,68,136
20901,LURIBAY,estado nutricional en menores de 5 anos,clasificacion c,2003-09-01,132,127,132,127,259
40702,MACHACAMARCA,estado nutricional en menores de 5 anos,clasificacion c,2003-09-01,25,23,25,23,48
11003,MACHARETI,estado nutricional en menores de 5 anos,clasificacion c,2003-09-01,159,281,159,281,440
80801,MAGDALENA,estado nutricional en menores de 5 anos,clasificacion c,2003-09-01,103,74,103,74,177
70903,MAIRANA,estado nutricional en menores de 5 anos,clasificacion c,2003-09-01,97,53,97,53,150
20904,MALLA,estado nutricional en menores de 5 anos,clasificacion c,2003-09-01,10,37,10,37,47
20103,MECAPACA,estado nutricional en menores de 5 anos,clasificacion c,2003-09-01,102,86,102,86,188
71003,MINEROS,estado nutricional en menores de 5 anos,clasificacion c,2003-09-01,648,368,648,368,1016
31301,MIZQUE,estado nutricional en menores de 5 anos,clasificacion c,2003-09-01,79,58,79,58,137
20402,MOCOMOCO,estado nutricional en menores de 5 anos,clasificacion c,2003-09-01,160,147,160,147,307
51002,MOJINETE,estado nutricional en menores de 5 anos,clasificacion c,2003-09-01,13,10,13,10,23
10303,MOJOCOYA,estado nutricional en menores de 5 anos,clasificacion c,2003-09-01,169,263,169,263,432
10501,MONTEAGUDO,estado nutricional en menores de 5 anos,clasificacion c,2003-09-01,416,371,416,371,787
71001,MONTERO,estado nutricional en menores de 5 anos,clasificacion c,2003-09-01,1405,724,1405,724,2129
70803,MORO MORO,estado nutricional en menores de 5 anos,clasificacion c,2003-09-01,37,25,37,25,62
30302,MOROCHATA,estado nutricional en menores de 5 anos,clasificacion c,2003-09-01,177,207,177,207,384
90401,NACEBE (SANTA ROSA DEL ABUNA),estado nutricional en menores de 5 anos,clasificacion c,2003-09-01,3,11,3,11,14
20307,NAZACARA DE PACAJES,estado nutricional en menores de 5 anos,clasificacion c,2003-09-01,10,2,10,2,12
90501,NUEVO MANOA (NUEVA ESPERANZA),estado nutricional en menores de 5 anos,clasificacion c,2003-09-01,11,4,11,4,15
50404,OCURI,estado nutricional en menores de 5 anos,clasificacion c,2003-09-01,131,143,131,143,274
30203,OMEREQUE,estado nutricional en menores de 5 anos,clasificacion c,2003-09-01,100,55,100,55,155
40101,ORURO,estado nutricional en menores de 5 anos,clasificacion c,2003-09-01,2088,1182,2088,1182,3270
60201,PADCAYA,estado nutricional en menores de 5 anos,clasificacion c,2003-09-01,208,264,208,264,472
10401,PADILLA,estado nutricional en menores de 5 anos,clasificacion c,2003-09-01,291,351,291,351,642
70502,PAILON,estado nutricional en menores de 5 anos,clasificacion c,2003-09-01,133,77,133,77,210
20102,PALCA,estado nutricional en menores de 5 anos,clasificacion c,2003-09-01,94,77,94,77,171
21104,PALOS BLANCOS,estado nutricional en menores de 5 anos,clasificacion c,2003-09-01,309,323,309,323,632
40802,PAMPA AULLAGAS,estado nutricional en menores de 5 anos,clasificacion c,2003-09-01,43,43,43,43,86
70902,PAMPA GRANDE,estado nutricional en menores de 5 anos,clasificacion c,2003-09-01,76,59,76,59,135
21802,PAPEL PAMPA,estado nutricional en menores de 5 anos,clasificacion c,2003-09-01,44,17,44,17,61
30202,PASORAPA,estado nutricional en menores de 5 anos,clasificacion c,2003-09-01,44,50,44,50,94
21305,PATACAMAYA,estado nutricional en menores de 5 anos,clasificacion c,2003-09-01,150,55,150,55,205
40602,PAZÃ‘A,estado nutricional en menores de 5 anos,clasificacion c,2003-09-01,28,54,28,54,82
20702,PELECHUCO,estado nutricional en menores de 5 anos,clasificacion c,2003-09-01,42,49,42,49,91
50403,POCOATA,estado nutricional en menores de 5 anos,clasificacion c,2003-09-01,304,228,304,228,532
31203,POCONA,estado nutricional en menores de 5 anos,clasificacion c,2003-09-01,94,87,94,87,181
31202,POJO (CBBA),estado nutricional en menores de 5 anos,clasificacion c,2003-09-01,400,310,400,310,710
40601,POOPO,estado nutricional en menores de 5 anos,clasificacion c,2003-09-01,24,115,24,115,139
51203,PORCO,estado nutricional en menores de 5 anos,clasificacion c,2003-09-01,83,36,83,36,119
10103,POROMA,estado nutricional en menores de 5 anos,clasificacion c,2003-09-01,223,269,223,269,492
70103,PORONGO,estado nutricional en menores de 5 anos,clasificacion c,2003-09-01,84,69,84,69,153
70601,PORTACHUELO,estado nutricional en menores de 5 anos,clasificacion c,2003-09-01,255,200,255,200,455
90102,PORVENIR,estado nutricional en menores de 5 anos,clasificacion c,2003-09-01,82,70,82,70,152
70804,POSTRER VALLE,estado nutricional en menores de 5 anos,clasificacion c,2003-09-01,14,28,14,28,42
50101,POTOSI,estado nutricional en menores de 5 anos,clasificacion c,2003-09-01,1339,554,1339,554,1893
10302,PRESTO,estado nutricional en menores de 5 anos,clasificacion c,2003-09-01,183,162,183,162,345
70805,PUCARA,estado nutricional en menores de 5 anos,clasificacion c,2003-09-01,10,12,10,12,22
21201,PUCARANI,estado nutricional en menores de 5 anos,clasificacion c,2003-09-01,114,29,114,29,143
20401,PUERTO ACOSTA,estado nutricional en menores de 5 anos,clasificacion c,2003-09-01,212,251,212,251,463
20403,PUERTO CARABUCO,estado nutricional en menores de 5 anos,clasificacion c,2003-09-01,132,194,132,194,326
90301,PUERTO GONZALO MORENO,estado nutricional en menores de 5 anos,clasificacion c,2003-09-01,144,217,144,217,361
21204,PUERTO PEREZ,estado nutricional en menores de 5 anos,clasificacion c,2003-09-01,123,132,123,132,255
71402,PUERTO QUIJARRO,estado nutricional en menores de 5 anos,clasificacion c,2003-09-01,165,60,165,60,225
90201,PUERTO RICO,estado nutricional en menores de 5 anos,clasificacion c,2003-09-01,9,45,9,45,54
80703,PUERTO SILES,estado nutricional en menores de 5 anos,clasificacion c,2003-09-01,8,17,8,17,25
71401,PUERTO SUAREZ,estado nutricional en menores de 5 anos,clasificacion c,2003-09-01,175,81,175,81,256
31205,PUERTO VILLARROEL,estado nutricional en menores de 5 anos,clasificacion c,2003-09-01,574,414,574,414,988
51101,PUNA,estado nutricional en menores de 5 anos,clasificacion c,2003-09-01,391,301,391,301,692
31401,PUNATA,estado nutricional en menores de 5 anos,clasificacion c,2003-09-01,60,236,60,236,296
20604,QUIABAYA,estado nutricional en menores de 5 anos,clasificacion c,2003-09-01,22,13,22,13,35
30901,QUILLACOLLO,estado nutricional en menores de 5 anos,clasificacion c,2003-09-01,327,157,327,157,484
21002,QUIME,estado nutricional en menores de 5 anos,clasificacion c,2003-09-01,167,158,167,158,325
70904,QUIRUSILLAS,estado nutricional en menores de 5 anos,clasificacion c,2003-09-01,20,8,20,8,28
50402,RAVELO,estado nutricional en menores de 5 anos,clasificacion c,2003-09-01,235,218,235,218,453
80301,REYES,estado nutricional en menores de 5 anos,clasificacion c,2003-09-01,132,96,132,96,228
80201,RIBERALTA,estado nutricional en menores de 5 anos,clasificacion c,2003-09-01,1248,639,1248,639,1887
70503,ROBORE,estado nutricional en menores de 5 anos,clasificacion c,2003-09-01,147,164,147,164,311
80304,RURRENABAQUE,estado nutricional en menores de 5 anos,clasificacion c,2003-09-01,211,102,211,102,313
40901,SABAYA,estado nutricional en menores de 5 anos,clasificacion c,2003-09-01,39,29,39,29,68
31001,SACABA,estado nutricional en menores de 5 anos,clasificacion c,2003-09-01,361,327,361,327,688
30404,SACABAMBA,estado nutricional en menores de 5 anos,clasificacion c,2003-09-01,42,65,42,65,107
50701,SACACA,estado nutricional en menores de 5 anos,clasificacion c,2003-09-01,151,206,151,206,357
71302,SAIPINA,estado nutricional en menores de 5 anos,clasificacion c,2003-09-01,27,35,27,35,62
40801,SALINAS DE GARCI MENDOZA,estado nutricional en menores de 5 anos,clasificacion c,2003-09-01,75,81,75,81,156
70901,SAMAIPATA,estado nutricional en menores de 5 anos,clasificacion c,2003-09-01,125,70,125,70,195
51601,SAN AGUSTIN,estado nutricional en menores de 5 anos,clasificacion c,2003-09-01,21,14,21,14,35
80602,SAN ANDRES,estado nutricional en menores de 5 anos,clasificacion c,2003-09-01,44,84,44,84,128
51003,SAN ANTONIO DE ESMORUCO,estado nutricional en menores de 5 anos,clasificacion c,2003-09-01,12,14,12,14,26
71105,SAN ANTONIO DE LOMERIO,estado nutricional en menores de 5 anos,clasificacion c,2003-09-01,128,170,128,170,298
31403,SAN BENITO,estado nutricional en menores de 5 anos,clasificacion c,2003-09-01,136,33,136,33,169
80302,SAN BORJA,estado nutricional en menores de 5 anos,clasificacion c,2003-09-01,537,312,537,312,849
21502,SAN BUENA VENTURA,estado nutricional en menores de 5 anos,clasificacion c,2003-09-01,107,78,107,78,185
70402,SAN CARLOS,estado nutricional en menores de 5 anos,clasificacion c,2003-09-01,322,197,322,197,519
80501,SAN IGNACIO,estado nutricional en menores de 5 anos,clasificacion c,2003-09-01,320,218,320,218,538
70301,SAN IGNACIO DE VELASCO,estado nutricional en menores de 5 anos,clasificacion c,2003-09-01,634,402,634,402,1036
80102,SAN JAVIER(BNI),estado nutricional en menores de 5 anos,clasificacion c,2003-09-01,23,45,23,45,68
71102,SAN JAVIER(STC),estado nutricional en menores de 5 anos,clasificacion c,2003-09-01,95,92,95,92,187
80701,SAN JOAQUIN,estado nutricional en menores de 5 anos,clasificacion c,2003-09-01,49,30,49,30,79
70501,SAN JOSE DE CHIQUITOS,estado nutricional en menores de 5 anos,clasificacion c,2003-09-01,121,62,121,62,183
71104,SAN JULIAN,estado nutricional en menores de 5 anos,clasificacion c,2003-09-01,372,639,372,639,1011
90302,SAN LORENZO(PND),estado nutricional en menores de 5 anos,clasificacion c,2003-09-01,11,28,11,28,39
60501,SAN LORENZO(TJA),estado nutricional en menores de 5 anos,clasificacion c,2003-09-01,104,80,104,80,184
10702,SAN LUCAS,estado nutricional en menores de 5 anos,clasificacion c,2003-09-01,643,652,643,652,1295
70302,SAN MIGUEL DE VELASCO,estado nutricional en menores de 5 anos,clasificacion c,2003-09-01,153,107,153,107,260
51001,SAN PABLO DE LIPEZ,estado nutricional en menores de 5 anos,clasificacion c,2003-09-01,25,35,25,35,60
50501,SAN PEDRO DE BUENA VISTA,estado nutricional en menores de 5 anos,clasificacion c,2003-09-01,177,224,177,224,401
21801,SAN PEDRO DE CURAHUARA,estado nutricional en menores de 5 anos,clasificacion c,2003-09-01,78,68,78,68,146
50902,SAN PEDRO DE QUEMES,estado nutricional en menores de 5 anos,clasificacion c,2003-09-01,6,6,6,6,12
21702,SAN PEDRO DE TIQUINA,estado nutricional en menores de 5 anos,clasificacion c,2003-09-01,30,63,30,63,93
70303,SAN RAFAEL,estado nutricional en menores de 5 anos,clasificacion c,2003-09-01,55,32,55,32,87
80702,SAN RAMON,estado nutricional en menores de 5 anos,clasificacion c,2003-09-01,66,88,66,88,154
80401,SANTA ANA,estado nutricional en menores de 5 anos,clasificacion c,2003-09-01,137,59,137,59,196
70101,SANTA CRUZ DE LA SIERRA,estado nutricional en menores de 5 anos,clasificacion c,2003-09-01,6020,2723,6020,2723,8743
80303,SANTA ROSA,estado nutricional en menores de 5 anos,clasificacion c,2003-09-01,73,52,73,52,125
70602,SANTA ROSA DEL SARA,estado nutricional en menores de 5 anos,clasificacion c,2003-09-01,54,44,54,44,98
20308,SANTIAGO DE CALLAPA,estado nutricional en menores de 5 anos,clasificacion c,2003-09-01,56,72,56,72,128
41401,SANTIAGO DE HUARI,estado nutricional en menores de 5 anos,clasificacion c,2003-09-01,68,68,68,68,136
21901,SANTIAGO DE MACHACA,estado nutricional en menores de 5 anos,clasificacion c,2003-09-01,20,16,20,16,36
30702,SANTIVAÃ‘ES,estado nutricional en menores de 5 anos,clasificacion c,2003-09-01,116,52,116,52,168
40202,SANTUARIO DE QUILLACAS,estado nutricional en menores de 5 anos,clasificacion c,2003-09-01,20,38,20,38,58
20902,SAPAHAQUI,estado nutricional en menores de 5 anos,clasificacion c,2003-09-01,62,31,62,31,93
90303,SENA,estado nutricional en menores de 5 anos,clasificacion c,2003-09-01,18,6,18,6,24
21301,SICA SICA (VILLA AROMA),estado nutricional en menores de 5 anos,clasificacion c,2003-09-01,151,126,151,126,277
30703,SICAYA,estado nutricional en menores de 5 anos,clasificacion c,2003-09-01,21,5,21,5,26
30902,SIPE SIPE,estado nutricional en menores de 5 anos,clasificacion c,2003-09-01,510,403,510,403,913
10403,SOPACHUY,estado nutricional en menores de 5 anos,clasificacion c,2003-09-01,145,133,145,133,278
20601,SORATA,estado nutricional en menores de 5 anos,clasificacion c,2003-09-01,219,255,219,255,474
10101,SUCRE,estado nutricional en menores de 5 anos,clasificacion c,2003-09-01,1954,1353,1954,1353,3307
31404,TACACHI,estado nutricional en menores de 5 anos,clasificacion c,2003-09-01,17,2,17,2,19
20603,TACACOMA,estado nutricional en menores de 5 anos,clasificacion c,2003-09-01,42,50,42,50,92
50303,TACOBAMBA,estado nutricional en menores de 5 anos,clasificacion c,2003-09-01,147,96,147,96,243
30602,TACOPAYA,estado nutricional en menores de 5 anos,clasificacion c,2003-09-01,98,155,98,155,253
51402,TAHUA,estado nutricional en menores de 5 anos,clasificacion c,2003-09-01,16,14,16,14,30
31101,TAPACARI,estado nutricional en menores de 5 anos,clasificacion c,2003-09-01,270,219,270,219,489
10601,TARABUCO,estado nutricional en menores de 5 anos,clasificacion c,2003-09-01,448,631,448,631,1079
30401,TARATA,estado nutricional en menores de 5 anos,clasificacion c,2003-09-01,123,90,123,90,213
60101,TARIJA,estado nutricional en menores de 5 anos,clasificacion c,2003-09-01,917,638,917,638,1555
10202,TARVITA,estado nutricional en menores de 5 anos,clasificacion c,2003-09-01,259,283,259,283,542
20803,TIAWANACU,estado nutricional en menores de 5 anos,clasificacion c,2003-09-01,104,57,104,57,161
50102,TINGUIPAYA,estado nutricional en menores de 5 anos,clasificacion c,2003-09-01,186,314,186,314,500
20606,TIPUANI,estado nutricional en menores de 5 anos,clasificacion c,2003-09-01,89,66,89,66,155
30903,TIQUIPAYA,estado nutricional en menores de 5 anos,clasificacion c,2003-09-01,384,166,384,166,550
31601,TIRAQUE (CBBA),estado nutricional en menores de 5 anos,clasificacion c,2003-09-01,432,266,432,266,698
21703,TITO YUPANQUI (PARQUIPUJIO),estado nutricional en menores de 5 anos,clasificacion c,2003-09-01,7,6,7,6,13
30802,TOCO,estado nutricional en menores de 5 anos,clasificacion c,2003-09-01,10,37,10,37,47
41502,TODOS SANTOS,estado nutricional en menores de 5 anos,clasificacion c,2003-09-01,0,14,0,14,14
30803,TOLATA,estado nutricional en menores de 5 anos,clasificacion c,2003-09-01,22,20,22,20,42
41001,TOLEDO,estado nutricional en menores de 5 anos,clasificacion c,2003-09-01,43,29,43,29,72
51202,TOMAVE,estado nutricional en menores de 5 anos,clasificacion c,2003-09-01,269,139,269,139,408
10402,TOMINA,estado nutricional en menores de 5 anos,clasificacion c,2003-09-01,183,265,183,265,448
50502,TORO TORO,estado nutricional en menores de 5 anos,clasificacion c,2003-09-01,207,223,207,223,430
31201,TOTORA(CBBA),estado nutricional en menores de 5 anos,clasificacion c,2003-09-01,136,113,136,113,249
41301,TOTORA(ORR),estado nutricional en menores de 5 anos,clasificacion c,2003-09-01,48,69,48,69,117
70802,TRIGAL,estado nutricional en menores de 5 anos,clasificacion c,2003-09-01,5,7,5,7,12
80101,TRINIDAD,estado nutricional en menores de 5 anos,clasificacion c,2003-09-01,635,485,635,485,1120
50801,TUPIZA,estado nutricional en menores de 5 anos,clasificacion c,2003-09-01,410,571,410,571,981
40402,TURCO,estado nutricional en menores de 5 anos,clasificacion c,2003-09-01,52,52,52,52,104
21302,UMALA,estado nutricional en menores de 5 anos,clasificacion c,2003-09-01,58,47,58,47,105
50201,UNCIA,estado nutricional en menores de 5 anos,clasificacion c,2003-09-01,75,16,75,16,91
60401,URIONDO (A. CONCEPCION),estado nutricional en menores de 5 anos,clasificacion c,2003-09-01,214,248,214,248,462
51201,UYUNI,estado nutricional en menores de 5 anos,clasificacion c,2003-09-01,278,220,278,220,498
30502,VACAS,estado nutricional en menores de 5 anos,clasificacion c,2003-09-01,51,27,51,27,78
70801,VALLEGRANDE,estado nutricional en menores de 5 anos,clasificacion c,2003-09-01,64,98,64,98,162
20801,VIACHA,estado nutricional en menores de 5 anos,clasificacion c,2003-09-01,396,222,396,222,618
31302,VILA VILA,estado nutricional en menores de 5 anos,clasificacion c,2003-09-01,22,31,22,31,53
60303,VILLA MONTES,estado nutricional en menores de 5 anos,clasificacion c,2003-09-01,330,234,330,234,564
90502,VILLA NUEVA (LOMA ALTA),estado nutricional en menores de 5 anos,clasificacion c,2003-09-01,3,2,3,2,5
31402,VILLA RIVERO,estado nutricional en menores de 5 anos,clasificacion c,2003-09-01,65,19,65,19,84
10801,VILLA SERRANO,estado nutricional en menores de 5 anos,clasificacion c,2003-09-01,267,327,267,327,594
31003,VILLA TUNARI,estado nutricional en menores de 5 anos,clasificacion c,2003-09-01,417,240,417,240,657
11001,VILLA VACA GUZMAN (MUYUPAMPA),estado nutricional en menores de 5 anos,clasificacion c,2003-09-01,156,174,156,174,330
51501,VILLAZON,estado nutricional en menores de 5 anos,clasificacion c,2003-09-01,429,388,429,388,817
30904,VINTO,estado nutricional en menores de 5 anos,clasificacion c,2003-09-01,112,71,112,71,183
50602,VITICHI,estado nutricional en menores de 5 anos,clasificacion c,2003-09-01,77,69,77,69,146
20306,WALDO BALLIVIAN,estado nutricional en menores de 5 anos,clasificacion c,2003-09-01,23,8,23,8,31
20903,YACO,estado nutricional en menores de 5 anos,clasificacion c,2003-09-01,19,11,19,11,30
60301,YACUIBA,estado nutricional en menores de 5 anos,clasificacion c,2003-09-01,0,384,0,384,384
10602,YAMPARAEZ,estado nutricional en menores de 5 anos,clasificacion c,2003-09-01,221,412,221,412,633
21103,YANACACHI,estado nutricional en menores de 5 anos,clasificacion c,2003-09-01,52,32,52,32,84
70403,YAPACANI,estado nutricional en menores de 5 anos,clasificacion c,2003-09-01,461,457,461,457,918
50103,YOCALLA,estado nutricional en menores de 5 anos,clasificacion c,2003-09-01,59,101,59,101,160
10102,YOTALA,estado nutricional en menores de 5 anos,clasificacion c,2003-09-01,212,318,212,318,530
60402,YUNCHARA,estado nutricional en menores de 5 anos,clasificacion c,2003-09-01,50,74,50,74,124
10301,ZUDAÃ‘EZ,estado nutricional en menores de 5 anos,clasificacion c,2003-09-01,151,188,151,188,339
51302,ACACIO,estado nutricional en menores de 5 anos,clasificacion c,2003-10-01,116,145,116,145,261
20201,ACHACACHI,estado nutricional en menores de 5 anos,clasificacion c,2003-10-01,528,562,528,562,1090
20104,ACHOCALLA,estado nutricional en menores de 5 anos,clasificacion c,2003-10-01,116,45,116,45,161
30201,AIQUILE,estado nutricional en menores de 5 anos,clasificacion c,2003-10-01,96,70,96,70,166
31303,ALALAY,estado nutricional en menores de 5 anos,clasificacion c,2003-10-01,43,31,43,31,74
10404,ALCALA,estado nutricional en menores de 5 anos,clasificacion c,2003-10-01,50,142,50,142,192
20202,ANCORAIMES,estado nutricional en menores de 5 anos,clasificacion c,2003-10-01,166,179,166,179,345
41201,ANDAMARCA,estado nutricional en menores de 5 anos,clasificacion c,2003-10-01,50,40,50,40,90
30402,ANZALDO,estado nutricional en menores de 5 anos,clasificacion c,2003-10-01,37,105,37,105,142
20701,APOLO,estado nutricional en menores de 5 anos,clasificacion c,2003-10-01,48,21,48,21,69
51301,ARAMPAMPA,estado nutricional en menores de 5 anos,clasificacion c,2003-10-01,98,123,98,123,221
30501,ARANI,estado nutricional en menores de 5 anos,clasificacion c,2003-10-01,61,48,61,48,109
30403,ARBIETO,estado nutricional en menores de 5 anos,clasificacion c,2003-10-01,42,15,42,15,57
30601,ARQUE,estado nutricional en menores de 5 anos,clasificacion c,2003-10-01,130,81,130,81,211
71501,ASCENCION DE GUARAYOS,estado nutricional en menores de 5 anos,clasificacion c,2003-10-01,55,58,55,58,113
50802,ATOCHA,estado nutricional en menores de 5 anos,clasificacion c,2003-10-01,96,394,96,394,490
20503,AUCAPATA,estado nutricional en menores de 5 anos,clasificacion c,2003-10-01,31,23,31,23,54
20502,AYATA,estado nutricional en menores de 5 anos,clasificacion c,2003-10-01,37,85,37,85,122
21303,AYO AYO,estado nutricional en menores de 5 anos,clasificacion c,2003-10-01,67,26,67,26,93
30301,AYOPAYA (V. DE INDEPENDENCIA),estado nutricional en menores de 5 anos,clasificacion c,2003-10-01,257,255,257,255,512
10201,AZURDUY,estado nutricional en menores de 5 anos,clasificacion c,2003-10-01,256,352,256,352,608
21203,BATALLAS,estado nutricional en menores de 5 anos,clasificacion c,2003-10-01,163,101,163,101,264
80802,BAURES,estado nutricional en menores de 5 anos,clasificacion c,2003-10-01,79,77,79,77,156
41202,BELEN DE ANDAMARCA,estado nutricional en menores de 5 anos,clasificacion c,2003-10-01,14,21,14,21,35
50104,BELEN DE URMIRI,estado nutricional en menores de 5 anos,clasificacion c,2003-10-01,31,22,31,22,53
90104,BELLA FLOR,estado nutricional en menores de 5 anos,clasificacion c,2003-10-01,26,65,26,65,91
60202,BERMEJO,estado nutricional en menores de 5 anos,clasificacion c,2003-10-01,97,113,97,113,210
50301,BETANZOS,estado nutricional en menores de 5 anos,clasificacion c,2003-10-01,312,277,312,277,589
31501,BOLIVAR,estado nutricional en menores de 5 anos,clasificacion c,2003-10-01,136,102,136,102,238
90103,BOLPEBRA,estado nutricional en menores de 5 anos,clasificacion c,2003-10-01,23,27,23,27,50
70707,BOYUIBE,estado nutricional en menores de 5 anos,clasificacion c,2003-10-01,55,80,55,80,135
70401,BUENA VISTA,estado nutricional en menores de 5 anos,clasificacion c,2003-10-01,314,337,314,337,651
70703,CABEZAS,estado nutricional en menores de 5 anos,clasificacion c,2003-10-01,158,151,158,151,309
20905,CAIROMA,estado nutricional en menores de 5 anos,clasificacion c,2003-10-01,183,220,183,220,403
51102,"CAIZA ""D""",estado nutricional en menores de 5 anos,clasificacion c,2003-10-01,174,208,174,208,382
21003,CAJUATA,estado nutricional en menores de 5 anos,clasificacion c,2003-10-01,104,67,104,67,171
20303,CALACOTO,estado nutricional en menores de 5 anos,clasificacion c,2003-10-01,56,33,56,33,89
21304,CALAMARCA,estado nutricional en menores de 5 anos,clasificacion c,2003-10-01,304,177,304,177,481
10701,CAMARGO,estado nutricional en menores de 5 anos,clasificacion c,2003-10-01,195,157,195,157,352
10901,CAMATAQUI (C. VILLA ABECIA),estado nutricional en menores de 5 anos,clasificacion c,2003-10-01,77,87,77,87,164
70706,CAMIRI,estado nutricional en menores de 5 anos,clasificacion c,2003-10-01,384,294,384,294,678
30701,CAPINOTA,estado nutricional en menores de 5 anos,clasificacion c,2003-10-01,79,48,79,48,127
20302,CAQUIAVIRI,estado nutricional en menores de 5 anos,clasificacion c,2003-10-01,133,130,133,130,263
40102,CARACOLLO,estado nutricional en menores de 5 anos,clasificacion c,2003-10-01,161,140,161,140,301
22001,CARANAVI,estado nutricional en menores de 5 anos,clasificacion c,2003-10-01,603,414,603,414,1017
60302,CARAPARI,estado nutricional en menores de 5 anos,clasificacion c,2003-10-01,104,83,104,83,187
50702,CARIPUYO,estado nutricional en menores de 5 anos,clasificacion c,2003-10-01,129,144,129,144,273
21902,CATACORA,estado nutricional en menores de 5 anos,clasificacion c,2003-10-01,16,25,16,25,41
40201,CHALLAPATA,estado nutricional en menores de 5 anos,clasificacion c,2003-10-01,220,177,220,177,397
50302,CHAQUI,estado nutricional en menores de 5 anos,clasificacion c,2003-10-01,104,80,104,80,184
70702,CHARAGUA,estado nutricional en menores de 5 anos,clasificacion c,2003-10-01,322,304,322,304,626
20305,CHARAÃ‘A,estado nutricional en menores de 5 anos,clasificacion c,2003-10-01,31,20,31,20,51
50202,CHAYANTA,estado nutricional en menores de 5 anos,clasificacion c,2003-10-01,161,214,161,214,375
31204,CHIMORE,estado nutricional en menores de 5 anos,clasificacion c,2003-10-01,81,48,81,48,129
21101,CHULUMANI (V. DE LA LIBERTAD),estado nutricional en menores de 5 anos,clasificacion c,2003-10-01,111,97,111,97,208
20501,CHUMA,estado nutricional en menores de 5 anos,clasificacion c,2003-10-01,70,40,70,40,110
30801,CLIZA,estado nutricional en menores de 5 anos,clasificacion c,2003-10-01,30,13,30,13,43
90101,COBIJA,estado nutricional en menores de 5 anos,clasificacion c,2003-10-01,237,196,237,196,433
30101,COCHABAMBA,estado nutricional en menores de 5 anos,clasificacion c,2003-10-01,2402,1137,2402,1137,3539
40902,COIPASA,estado nutricional en menores de 5 anos,clasificacion c,2003-10-01,4,8,4,8,12
30905,COLCAPIRHUA,estado nutricional en menores de 5 anos,clasificacion c,2003-10-01,358,163,358,163,521
50901,"COLCHA ""K""",estado nutricional en menores de 5 anos,clasificacion c,2003-10-01,200,232,200,232,432
21307,COLLANA,estado nutricional en menores de 5 anos,clasificacion c,2003-10-01,19,2,19,2,21
31002,COLOMI,estado nutricional en menores de 5 anos,clasificacion c,2003-10-01,292,197,292,197,489
50401,COLQUECHACA,estado nutricional en menores de 5 anos,clasificacion c,2003-10-01,239,179,239,179,418
21306,COLQUENCHA,estado nutricional en menores de 5 anos,clasificacion c,2003-10-01,42,21,42,21,63
21004,COLQUIRI,estado nutricional en menores de 5 anos,clasificacion c,2003-10-01,179,103,179,103,282
20304,COMANCHE,estado nutricional en menores de 5 anos,clasificacion c,2003-10-01,42,26,42,26,68
71301,COMARAPA,estado nutricional en menores de 5 anos,clasificacion c,2003-10-01,181,123,181,123,304
20605,COMBAYA,estado nutricional en menores de 5 anos,clasificacion c,2003-10-01,23,29,23,29,52
71101,CONCEPCION,estado nutricional en menores de 5 anos,clasificacion c,2003-10-01,98,2,98,2,100
21701,COPACABANA,estado nutricional en menores de 5 anos,clasificacion c,2003-10-01,123,76,123,76,199
21402,CORIPATA,estado nutricional en menores de 5 anos,clasificacion c,2003-10-01,29,5,29,5,34
20301,CORO CORO,estado nutricional en menores de 5 anos,clasificacion c,2003-10-01,94,47,94,47,141
21401,COROICO,estado nutricional en menores de 5 anos,clasificacion c,2003-10-01,144,63,144,63,207
40301,CORQUE,estado nutricional en menores de 5 anos,clasificacion c,2003-10-01,57,63,57,63,120
50601,COTAGAITA,estado nutricional en menores de 5 anos,clasificacion c,2003-10-01,434,361,434,361,795
31405,CUCHUMUELA (V. G. VILLARROEL),estado nutricional en menores de 5 anos,clasificacion c,2003-10-01,31,33,31,33,64
70704,CUEVO,estado nutricional en menores de 5 anos,clasificacion c,2003-10-01,75,87,75,87,162
10902,CULPINA,estado nutricional en menores de 5 anos,clasificacion c,2003-10-01,450,296,450,296,746
40401,CURAHUARA DE CARANGAS,estado nutricional en menores de 5 anos,clasificacion c,2003-10-01,80,84,80,84,164
21602,CURVA,estado nutricional en menores de 5 anos,clasificacion c,2003-10-01,23,5,23,5,28
20804,DESAGUADERO,estado nutricional en menores de 5 anos,clasificacion c,2003-10-01,30,27,30,27,57
20105,EL ALTO,estado nutricional en menores de 5 anos,clasificacion c,2003-10-01,5666,2071,5666,2071,7737
40103,EL CHORO,estado nutricional en menores de 5 anos,clasificacion c,2003-10-01,35,27,35,27,62
71503,EL PUENTE(STC),estado nutricional en menores de 5 anos,clasificacion c,2003-10-01,114,224,114,224,338
60502,EL PUENTE(TJA),estado nutricional en menores de 5 anos,clasificacion c,2003-10-01,95,158,95,158,253
70105,EL TORNO,estado nutricional en menores de 5 anos,clasificacion c,2003-10-01,383,170,383,170,553
10405,EL VILLAR,estado nutricional en menores de 5 anos,clasificacion c,2003-10-01,125,165,125,165,290
60601,ENTRE RIOS,estado nutricional en menores de 5 anos,clasificacion c,2003-10-01,355,435,355,435,790
40502,ESCARA,estado nutricional en menores de 5 anos,clasificacion c,2003-10-01,2,3,2,3,5
41101,EUCALIPTUS,estado nutricional en menores de 5 anos,clasificacion c,2003-10-01,60,71,60,71,131
90503,EUREKA (SANTOS MERCADO),estado nutricional en menores de 5 anos,clasificacion c,2003-10-01,3,2,3,2,5
80402,EXALTACION,estado nutricional en menores de 5 anos,clasificacion c,2003-10-01,62,92,62,92,154
90203,FILADELFIA,estado nutricional en menores de 5 anos,clasificacion c,2003-10-01,19,49,19,49,68
71002,GENERAL SAAVEDRA,estado nutricional en menores de 5 anos,clasificacion c,2003-10-01,383,438,383,438,821
21601,GRAL. J.J. PEREZ (CHARAZANI),estado nutricional en menores de 5 anos,clasificacion c,2003-10-01,150,113,150,113,263
20602,GUANAY,estado nutricional en menores de 5 anos,clasificacion c,2003-10-01,447,343,447,343,790
20802,GUAQUI,estado nutricional en menores de 5 anos,clasificacion c,2003-10-01,32,15,32,15,47
80202,GUAYARAMERIN,estado nutricional en menores de 5 anos,clasificacion c,2003-10-01,466,236,466,236,702
70705,GUTIERREZ,estado nutricional en menores de 5 anos,clasificacion c,2003-10-01,273,348,273,348,621
10502,HUACARETA,estado nutricional en menores de 5 anos,clasificacion c,2003-10-01,266,347,266,347,613
11002,HUACAYA (VILLA DE HUACAYA),estado nutricional en menores de 5 anos,clasificacion c,2003-10-01,45,43,45,43,88
40501,HUACHACALLA,estado nutricional en menores de 5 anos,clasificacion c,2003-10-01,11,16,11,16,27
40701,HUANUNI,estado nutricional en menores de 5 anos,clasificacion c,2003-10-01,237,115,237,115,352
80803,HUARACAJE,estado nutricional en menores de 5 anos,clasificacion c,2003-10-01,52,45,52,45,97
41601,HUAYLLAMARCA,estado nutricional en menores de 5 anos,clasificacion c,2003-10-01,52,27,52,27,79
21005,ICHOCA,estado nutricional en menores de 5 anos,clasificacion c,2003-10-01,52,57,52,57,109
10304,ICLA,estado nutricional en menores de 5 anos,clasificacion c,2003-10-01,142,251,142,251,393
10703,INCAHUASI,estado nutricional en menores de 5 anos,clasificacion c,2003-10-01,319,196,319,196,515
90402,INGAVI (HUMAITA),estado nutricional en menores de 5 anos,clasificacion c,2003-10-01,2,0,2,0,2
21001,INQUISIVI,estado nutricional en menores de 5 anos,clasificacion c,2003-10-01,147,112,147,112,259
21501,IXIAMAS,estado nutricional en menores de 5 anos,clasificacion c,2003-10-01,112,138,112,138,250
21105,LA ASUNTA,estado nutricional en menores de 5 anos,clasificacion c,2003-10-01,233,56,233,56,289
70104,LA GUARDIA,estado nutricional en menores de 5 anos,clasificacion c,2003-10-01,695,366,695,366,1061
20101,LA PAZ,estado nutricional en menores de 5 anos,clasificacion c,2003-10-01,4881,3378,4881,3378,8259
41501,LA RIVERA,estado nutricional en menores de 5 anos,clasificacion c,2003-10-01,1,3,1,3,4
70701,LAGUNILLAS,estado nutricional en menores de 5 anos,clasificacion c,2003-10-01,118,114,118,114,232
21202,LAJA,estado nutricional en menores de 5 anos,clasificacion c,2003-10-01,102,51,102,51,153
10903,LAS CARRERAS,estado nutricional en menores de 5 anos,clasificacion c,2003-10-01,70,81,70,81,151
21006,LICOMA PAMPA,estado nutricional en menores de 5 anos,clasificacion c,2003-10-01,21,11,21,11,32
50203,LLALLAGUA,estado nutricional en menores de 5 anos,clasificacion c,2003-10-01,251,597,251,597,848
51401,LLICA,estado nutricional en menores de 5 anos,clasificacion c,2003-10-01,86,83,86,83,169
80601,LORETO,estado nutricional en menores de 5 anos,clasificacion c,2003-10-01,51,55,51,55,106
20901,LURIBAY,estado nutricional en menores de 5 anos,clasificacion c,2003-10-01,155,119,155,119,274
40702,MACHACAMARCA,estado nutricional en menores de 5 anos,clasificacion c,2003-10-01,34,40,34,40,74
11003,MACHARETI,estado nutricional en menores de 5 anos,clasificacion c,2003-10-01,205,449,205,449,654
80801,MAGDALENA,estado nutricional en menores de 5 anos,clasificacion c,2003-10-01,52,56,52,56,108
70903,MAIRANA,estado nutricional en menores de 5 anos,clasificacion c,2003-10-01,82,52,82,52,134
20904,MALLA,estado nutricional en menores de 5 anos,clasificacion c,2003-10-01,6,11,6,11,17
20103,MECAPACA,estado nutricional en menores de 5 anos,clasificacion c,2003-10-01,132,69,132,69,201
71003,MINEROS,estado nutricional en menores de 5 anos,clasificacion c,2003-10-01,775,527,775,527,1302
31301,MIZQUE,estado nutricional en menores de 5 anos,clasificacion c,2003-10-01,98,50,98,50,148
20402,MOCOMOCO,estado nutricional en menores de 5 anos,clasificacion c,2003-10-01,164,112,164,112,276
51002,MOJINETE,estado nutricional en menores de 5 anos,clasificacion c,2003-10-01,3,7,3,7,10
10303,MOJOCOYA,estado nutricional en menores de 5 anos,clasificacion c,2003-10-01,189,296,189,296,485
10501,MONTEAGUDO,estado nutricional en menores de 5 anos,clasificacion c,2003-10-01,468,477,468,477,945
71001,MONTERO,estado nutricional en menores de 5 anos,clasificacion c,2003-10-01,1718,978,1718,978,2696
70803,MORO MORO,estado nutricional en menores de 5 anos,clasificacion c,2003-10-01,33,44,33,44,77
30302,MOROCHATA,estado nutricional en menores de 5 anos,clasificacion c,2003-10-01,194,214,194,214,408
20307,NAZACARA DE PACAJES,estado nutricional en menores de 5 anos,clasificacion c,2003-10-01,7,5,7,5,12
90501,NUEVO MANOA (NUEVA ESPERANZA),estado nutricional en menores de 5 anos,clasificacion c,2003-10-01,1,4,1,4,5
50404,OCURI,estado nutricional en menores de 5 anos,clasificacion c,2003-10-01,109,142,109,142,251
30203,OMEREQUE,estado nutricional en menores de 5 anos,clasificacion c,2003-10-01,1,0,1,0,1
40101,ORURO,estado nutricional en menores de 5 anos,clasificacion c,2003-10-01,2245,1291,2245,1291,3536
60201,PADCAYA,estado nutricional en menores de 5 anos,clasificacion c,2003-10-01,169,241,169,241,410
10401,PADILLA,estado nutricional en menores de 5 anos,clasificacion c,2003-10-01,317,345,317,345,662
70502,PAILON,estado nutricional en menores de 5 anos,clasificacion c,2003-10-01,164,164,164,164,328
20102,PALCA,estado nutricional en menores de 5 anos,clasificacion c,2003-10-01,117,97,117,97,214
21104,PALOS BLANCOS,estado nutricional en menores de 5 anos,clasificacion c,2003-10-01,315,234,315,234,549
40802,PAMPA AULLAGAS,estado nutricional en menores de 5 anos,clasificacion c,2003-10-01,25,12,25,12,37
70902,PAMPA GRANDE,estado nutricional en menores de 5 anos,clasificacion c,2003-10-01,62,61,62,61,123
21802,PAPEL PAMPA,estado nutricional en menores de 5 anos,clasificacion c,2003-10-01,63,52,63,52,115
30202,PASORAPA,estado nutricional en menores de 5 anos,clasificacion c,2003-10-01,52,39,52,39,91
21305,PATACAMAYA,estado nutricional en menores de 5 anos,clasificacion c,2003-10-01,177,64,177,64,241
40602,PAZÃ‘A,estado nutricional en menores de 5 anos,clasificacion c,2003-10-01,28,33,28,33,61
20702,PELECHUCO,estado nutricional en menores de 5 anos,clasificacion c,2003-10-01,26,19,26,19,45
50403,POCOATA,estado nutricional en menores de 5 anos,clasificacion c,2003-10-01,275,291,275,291,566
31203,POCONA,estado nutricional en menores de 5 anos,clasificacion c,2003-10-01,91,85,91,85,176
31202,POJO (CBBA),estado nutricional en menores de 5 anos,clasificacion c,2003-10-01,401,404,401,404,805
40601,POOPO,estado nutricional en menores de 5 anos,clasificacion c,2003-10-01,23,48,23,48,71
51203,PORCO,estado nutricional en menores de 5 anos,clasificacion c,2003-10-01,11,2,11,2,13
10103,POROMA,estado nutricional en menores de 5 anos,clasificacion c,2003-10-01,271,255,271,255,526
70103,PORONGO,estado nutricional en menores de 5 anos,clasificacion c,2003-10-01,46,31,46,31,77
70601,PORTACHUELO,estado nutricional en menores de 5 anos,clasificacion c,2003-10-01,269,203,269,203,472
90102,PORVENIR,estado nutricional en menores de 5 anos,clasificacion c,2003-10-01,5,17,5,17,22
70804,POSTRER VALLE,estado nutricional en menores de 5 anos,clasificacion c,2003-10-01,14,23,14,23,37
50101,POTOSI,estado nutricional en menores de 5 anos,clasificacion c,2003-10-01,1724,632,1724,632,2356
10302,PRESTO,estado nutricional en menores de 5 anos,clasificacion c,2003-10-01,158,136,158,136,294
70805,PUCARA,estado nutricional en menores de 5 anos,clasificacion c,2003-10-01,40,73,40,73,113
21201,PUCARANI,estado nutricional en menores de 5 anos,clasificacion c,2003-10-01,137,42,137,42,179
20401,PUERTO ACOSTA,estado nutricional en menores de 5 anos,clasificacion c,2003-10-01,187,198,187,198,385
20403,PUERTO CARABUCO,estado nutricional en menores de 5 anos,clasificacion c,2003-10-01,135,153,135,153,288
90301,PUERTO GONZALO MORENO,estado nutricional en menores de 5 anos,clasificacion c,2003-10-01,45,51,45,51,96
21204,PUERTO PEREZ,estado nutricional en menores de 5 anos,clasificacion c,2003-10-01,84,101,84,101,185
71402,PUERTO QUIJARRO,estado nutricional en menores de 5 anos,clasificacion c,2003-10-01,207,58,207,58,265
90201,PUERTO RICO,estado nutricional en menores de 5 anos,clasificacion c,2003-10-01,3,46,3,46,49
71401,PUERTO SUAREZ,estado nutricional en menores de 5 anos,clasificacion c,2003-10-01,224,95,224,95,319
31205,PUERTO VILLARROEL,estado nutricional en menores de 5 anos,clasificacion c,2003-10-01,621,464,621,464,1085
51101,PUNA,estado nutricional en menores de 5 anos,clasificacion c,2003-10-01,327,204,327,204,531
31401,PUNATA,estado nutricional en menores de 5 anos,clasificacion c,2003-10-01,246,373,246,373,619
20604,QUIABAYA,estado nutricional en menores de 5 anos,clasificacion c,2003-10-01,30,43,30,43,73
30901,QUILLACOLLO,estado nutricional en menores de 5 anos,clasificacion c,2003-10-01,500,266,500,266,766
21002,QUIME,estado nutricional en menores de 5 anos,clasificacion c,2003-10-01,177,197,177,197,374
70904,QUIRUSILLAS,estado nutricional en menores de 5 anos,clasificacion c,2003-10-01,14,28,14,28,42
50402,RAVELO,estado nutricional en menores de 5 anos,clasificacion c,2003-10-01,237,206,237,206,443
80301,REYES,estado nutricional en menores de 5 anos,clasificacion c,2003-10-01,239,216,239,216,455
80201,RIBERALTA,estado nutricional en menores de 5 anos,clasificacion c,2003-10-01,1282,471,1282,471,1753
70503,ROBORE,estado nutricional en menores de 5 anos,clasificacion c,2003-10-01,153,158,153,158,311
80304,RURRENABAQUE,estado nutricional en menores de 5 anos,clasificacion c,2003-10-01,195,60,195,60,255
40901,SABAYA,estado nutricional en menores de 5 anos,clasificacion c,2003-10-01,28,32,28,32,60
31001,SACABA,estado nutricional en menores de 5 anos,clasificacion c,2003-10-01,335,83,335,83,418
30404,SACABAMBA,estado nutricional en menores de 5 anos,clasificacion c,2003-10-01,59,81,59,81,140
50701,SACACA,estado nutricional en menores de 5 anos,clasificacion c,2003-10-01,205,266,205,266,471
71302,SAIPINA,estado nutricional en menores de 5 anos,clasificacion c,2003-10-01,21,16,21,16,37
40801,SALINAS DE GARCI MENDOZA,estado nutricional en menores de 5 anos,clasificacion c,2003-10-01,68,58,68,58,126
70901,SAMAIPATA,estado nutricional en menores de 5 anos,clasificacion c,2003-10-01,152,122,152,122,274
51601,SAN AGUSTIN,estado nutricional en menores de 5 anos,clasificacion c,2003-10-01,51,46,51,46,97
80602,SAN ANDRES,estado nutricional en menores de 5 anos,clasificacion c,2003-10-01,20,27,20,27,47
51003,SAN ANTONIO DE ESMORUCO,estado nutricional en menores de 5 anos,clasificacion c,2003-10-01,7,39,7,39,46
71105,SAN ANTONIO DE LOMERIO,estado nutricional en menores de 5 anos,clasificacion c,2003-10-01,106,136,106,136,242
31403,SAN BENITO,estado nutricional en menores de 5 anos,clasificacion c,2003-10-01,124,39,124,39,163
80302,SAN BORJA,estado nutricional en menores de 5 anos,clasificacion c,2003-10-01,518,268,518,268,786
21502,SAN BUENA VENTURA,estado nutricional en menores de 5 anos,clasificacion c,2003-10-01,130,74,130,74,204
70402,SAN CARLOS,estado nutricional en menores de 5 anos,clasificacion c,2003-10-01,414,187,414,187,601
80501,SAN IGNACIO,estado nutricional en menores de 5 anos,clasificacion c,2003-10-01,294,269,294,269,563
70301,SAN IGNACIO DE VELASCO,estado nutricional en menores de 5 anos,clasificacion c,2003-10-01,751,385,751,385,1136
80102,SAN JAVIER(BNI),estado nutricional en menores de 5 anos,clasificacion c,2003-10-01,28,61,28,61,89
71102,SAN JAVIER(STC),estado nutricional en menores de 5 anos,clasificacion c,2003-10-01,119,97,119,97,216
80701,SAN JOAQUIN,estado nutricional en menores de 5 anos,clasificacion c,2003-10-01,61,58,61,58,119
70501,SAN JOSE DE CHIQUITOS,estado nutricional en menores de 5 anos,clasificacion c,2003-10-01,155,61,155,61,216
71104,SAN JULIAN,estado nutricional en menores de 5 anos,clasificacion c,2003-10-01,423,542,423,542,965
90302,SAN LORENZO(PND),estado nutricional en menores de 5 anos,clasificacion c,2003-10-01,3,44,3,44,47
60501,SAN LORENZO(TJA),estado nutricional en menores de 5 anos,clasificacion c,2003-10-01,164,128,164,128,292
10702,SAN LUCAS,estado nutricional en menores de 5 anos,clasificacion c,2003-10-01,583,529,583,529,1112
71201,SAN MATIAS,estado nutricional en menores de 5 anos,clasificacion c,2003-10-01,179,72,179,72,251
70302,SAN MIGUEL DE VELASCO,estado nutricional en menores de 5 anos,clasificacion c,2003-10-01,196,148,196,148,344
51001,SAN PABLO DE LIPEZ,estado nutricional en menores de 5 anos,clasificacion c,2003-10-01,20,19,20,19,39
50501,SAN PEDRO DE BUENA VISTA,estado nutricional en menores de 5 anos,clasificacion c,2003-10-01,226,281,226,281,507
21801,SAN PEDRO DE CURAHUARA,estado nutricional en menores de 5 anos,clasificacion c,2003-10-01,61,63,61,63,124
50902,SAN PEDRO DE QUEMES,estado nutricional en menores de 5 anos,clasificacion c,2003-10-01,6,7,6,7,13
21702,SAN PEDRO DE TIQUINA,estado nutricional en menores de 5 anos,clasificacion c,2003-10-01,49,69,49,69,118
90202,SAN PEDRO(PND),estado nutricional en menores de 5 anos,clasificacion c,2003-10-01,15,10,15,10,25
70303,SAN RAFAEL,estado nutricional en menores de 5 anos,clasificacion c,2003-10-01,101,68,101,68,169
80702,SAN RAMON,estado nutricional en menores de 5 anos,clasificacion c,2003-10-01,128,63,128,63,191
80401,SANTA ANA,estado nutricional en menores de 5 anos,clasificacion c,2003-10-01,226,121,226,121,347
70101,SANTA CRUZ DE LA SIERRA,estado nutricional en menores de 5 anos,clasificacion c,2003-10-01,7474,3308,7474,3308,10782
80303,SANTA ROSA,estado nutricional en menores de 5 anos,clasificacion c,2003-10-01,71,44,71,44,115
70602,SANTA ROSA DEL SARA,estado nutricional en menores de 5 anos,clasificacion c,2003-10-01,93,63,93,63,156
20308,SANTIAGO DE CALLAPA,estado nutricional en menores de 5 anos,clasificacion c,2003-10-01,111,39,111,39,150
41401,SANTIAGO DE HUARI,estado nutricional en menores de 5 anos,clasificacion c,2003-10-01,45,66,45,66,111
21901,SANTIAGO DE MACHACA,estado nutricional en menores de 5 anos,clasificacion c,2003-10-01,57,18,57,18,75
30702,SANTIVAÃ‘ES,estado nutricional en menores de 5 anos,clasificacion c,2003-10-01,122,53,122,53,175
40202,SANTUARIO DE QUILLACAS,estado nutricional en menores de 5 anos,clasificacion c,2003-10-01,17,41,17,41,58
20902,SAPAHAQUI,estado nutricional en menores de 5 anos,clasificacion c,2003-10-01,92,60,92,60,152
90303,SENA,estado nutricional en menores de 5 anos,clasificacion c,2003-10-01,23,11,23,11,34
21301,SICA SICA (VILLA AROMA),estado nutricional en menores de 5 anos,clasificacion c,2003-10-01,254,170,254,170,424
30703,SICAYA,estado nutricional en menores de 5 anos,clasificacion c,2003-10-01,7,9,7,9,16
30902,SIPE SIPE,estado nutricional en menores de 5 anos,clasificacion c,2003-10-01,357,221,357,221,578
10403,SOPACHUY,estado nutricional en menores de 5 anos,clasificacion c,2003-10-01,192,164,192,164,356
20601,SORATA,estado nutricional en menores de 5 anos,clasificacion c,2003-10-01,150,204,150,204,354
10101,SUCRE,estado nutricional en menores de 5 anos,clasificacion c,2003-10-01,1607,1113,1607,1113,2720
31404,TACACHI,estado nutricional en menores de 5 anos,clasificacion c,2003-10-01,13,1,13,1,14
20603,TACACOMA,estado nutricional en menores de 5 anos,clasificacion c,2003-10-01,34,19,34,19,53
50303,TACOBAMBA,estado nutricional en menores de 5 anos,clasificacion c,2003-10-01,152,135,152,135,287
30602,TACOPAYA,estado nutricional en menores de 5 anos,clasificacion c,2003-10-01,124,125,124,125,249
51402,TAHUA,estado nutricional en menores de 5 anos,clasificacion c,2003-10-01,21,32,21,32,53
31101,TAPACARI,estado nutricional en menores de 5 anos,clasificacion c,2003-10-01,253,209,253,209,462
10601,TARABUCO,estado nutricional en menores de 5 anos,clasificacion c,2003-10-01,447,627,447,627,1074
30401,TARATA,estado nutricional en menores de 5 anos,clasificacion c,2003-10-01,94,52,94,52,146
60101,TARIJA,estado nutricional en menores de 5 anos,clasificacion c,2003-10-01,1596,1046,1596,1046,2642
10202,TARVITA,estado nutricional en menores de 5 anos,clasificacion c,2003-10-01,244,230,244,230,474
20803,TIAWANACU,estado nutricional en menores de 5 anos,clasificacion c,2003-10-01,134,54,134,54,188
50102,TINGUIPAYA,estado nutricional en menores de 5 anos,clasificacion c,2003-10-01,236,307,236,307,543
20606,TIPUANI,estado nutricional en menores de 5 anos,clasificacion c,2003-10-01,119,83,119,83,202
30903,TIQUIPAYA,estado nutricional en menores de 5 anos,clasificacion c,2003-10-01,589,256,589,256,845
31601,TIRAQUE (CBBA),estado nutricional en menores de 5 anos,clasificacion c,2003-10-01,556,300,556,300,856
21703,TITO YUPANQUI (PARQUIPUJIO),estado nutricional en menores de 5 anos,clasificacion c,2003-10-01,37,32,37,32,69
30802,TOCO,estado nutricional en menores de 5 anos,clasificacion c,2003-10-01,9,14,9,14,23
41502,TODOS SANTOS,estado nutricional en menores de 5 anos,clasificacion c,2003-10-01,1,2,1,2,3
30803,TOLATA,estado nutricional en menores de 5 anos,clasificacion c,2003-10-01,31,18,31,18,49
41001,TOLEDO,estado nutricional en menores de 5 anos,clasificacion c,2003-10-01,57,79,57,79,136
51202,TOMAVE,estado nutricional en menores de 5 anos,clasificacion c,2003-10-01,150,138,150,138,288
10402,TOMINA,estado nutricional en menores de 5 anos,clasificacion c,2003-10-01,199,259,199,259,458
50502,TORO TORO,estado nutricional en menores de 5 anos,clasificacion c,2003-10-01,161,215,161,215,376
31201,TOTORA(CBBA),estado nutricional en menores de 5 anos,clasificacion c,2003-10-01,139,78,139,78,217
41301,TOTORA(ORR),estado nutricional en menores de 5 anos,clasificacion c,2003-10-01,31,53,31,53,84
70802,TRIGAL,estado nutricional en menores de 5 anos,clasificacion c,2003-10-01,28,23,28,23,51
80101,TRINIDAD,estado nutricional en menores de 5 anos,clasificacion c,2003-10-01,852,709,852,709,1561
50801,TUPIZA,estado nutricional en menores de 5 anos,clasificacion c,2003-10-01,528,551,528,551,1079
40402,TURCO,estado nutricional en menores de 5 anos,clasificacion c,2003-10-01,35,56,35,56,91
21302,UMALA,estado nutricional en menores de 5 anos,clasificacion c,2003-10-01,22,48,22,48,70
50201,UNCIA,estado nutricional en menores de 5 anos,clasificacion c,2003-10-01,111,25,111,25,136
60401,URIONDO (A. CONCEPCION),estado nutricional en menores de 5 anos,clasificacion c,2003-10-01,243,288,243,288,531
71502,URUBICHA,estado nutricional en menores de 5 anos,clasificacion c,2003-10-01,172,368,172,368,540
51201,UYUNI,estado nutricional en menores de 5 anos,clasificacion c,2003-10-01,331,297,331,297,628
30502,VACAS,estado nutricional en menores de 5 anos,clasificacion c,2003-10-01,46,19,46,19,65
70801,VALLEGRANDE,estado nutricional en menores de 5 anos,clasificacion c,2003-10-01,256,189,256,189,445
20801,VIACHA,estado nutricional en menores de 5 anos,clasificacion c,2003-10-01,436,185,436,185,621
31302,VILA VILA,estado nutricional en menores de 5 anos,clasificacion c,2003-10-01,64,101,64,101,165
60303,VILLA MONTES,estado nutricional en menores de 5 anos,clasificacion c,2003-10-01,395,253,395,253,648
90502,VILLA NUEVA (LOMA ALTA),estado nutricional en menores de 5 anos,clasificacion c,2003-10-01,2,0,2,0,2
31402,VILLA RIVERO,estado nutricional en menores de 5 anos,clasificacion c,2003-10-01,57,36,57,36,93
10801,VILLA SERRANO,estado nutricional en menores de 5 anos,clasificacion c,2003-10-01,295,376,295,376,671
31003,VILLA TUNARI,estado nutricional en menores de 5 anos,clasificacion c,2003-10-01,471,391,471,391,862
11001,VILLA VACA GUZMAN (MUYUPAMPA),estado nutricional en menores de 5 anos,clasificacion c,2003-10-01,241,286,241,286,527
51501,VILLAZON,estado nutricional en menores de 5 anos,clasificacion c,2003-10-01,547,493,547,493,1040
30904,VINTO,estado nutricional en menores de 5 anos,clasificacion c,2003-10-01,202,65,202,65,267
50602,VITICHI,estado nutricional en menores de 5 anos,clasificacion c,2003-10-01,262,249,262,249,511
20306,WALDO BALLIVIAN,estado nutricional en menores de 5 anos,clasificacion c,2003-10-01,28,10,28,10,38
20903,YACO,estado nutricional en menores de 5 anos,clasificacion c,2003-10-01,32,24,32,24,56
60301,YACUIBA,estado nutricional en menores de 5 anos,clasificacion c,2003-10-01,394,137,394,137,531
10602,YAMPARAEZ,estado nutricional en menores de 5 anos,clasificacion c,2003-10-01,257,422,257,422,679
21103,YANACACHI,estado nutricional en menores de 5 anos,clasificacion c,2003-10-01,52,40,52,40,92
70403,YAPACANI,estado nutricional en menores de 5 anos,clasificacion c,2003-10-01,546,403,546,403,949
50103,YOCALLA,estado nutricional en menores de 5 anos,clasificacion c,2003-10-01,66,95,66,95,161
10102,YOTALA,estado nutricional en menores de 5 anos,clasificacion c,2003-10-01,220,344,220,344,564
60402,YUNCHARA,estado nutricional en menores de 5 anos,clasificacion c,2003-10-01,85,104,85,104,189
10301,ZUDAÃ‘EZ,estado nutricional en menores de 5 anos,clasificacion c,2003-10-01,132,170,132,170,302
51302,ACACIO,estado nutricional en menores de 5 anos,clasificacion c,2003-11-01,87,123,87,123,210
20201,ACHACACHI,estado nutricional en menores de 5 anos,clasificacion c,2003-11-01,726,760,726,760,1486
20104,ACHOCALLA,estado nutricional en menores de 5 anos,clasificacion c,2003-11-01,146,62,146,62,208
30201,AIQUILE,estado nutricional en menores de 5 anos,clasificacion c,2003-11-01,136,88,136,88,224
31303,ALALAY,estado nutricional en menores de 5 anos,clasificacion c,2003-11-01,32,27,32,27,59
10404,ALCALA,estado nutricional en menores de 5 anos,clasificacion c,2003-11-01,61,130,61,130,191
20202,ANCORAIMES,estado nutricional en menores de 5 anos,clasificacion c,2003-11-01,230,244,230,244,474
41201,ANDAMARCA,estado nutricional en menores de 5 anos,clasificacion c,2003-11-01,39,60,39,60,99
40603,ANTEQUERA,estado nutricional en menores de 5 anos,clasificacion c,2003-11-01,9,9,9,9,18
30402,ANZALDO,estado nutricional en menores de 5 anos,clasificacion c,2003-11-01,19,50,19,50,69
20701,APOLO,estado nutricional en menores de 5 anos,clasificacion c,2003-11-01,99,49,99,49,148
51301,ARAMPAMPA,estado nutricional en menores de 5 anos,clasificacion c,2003-11-01,177,123,177,123,300
30501,ARANI,estado nutricional en menores de 5 anos,clasificacion c,2003-11-01,59,34,59,34,93
30403,ARBIETO,estado nutricional en menores de 5 anos,clasificacion c,2003-11-01,34,20,34,20,54
30601,ARQUE,estado nutricional en menores de 5 anos,clasificacion c,2003-11-01,165,120,165,120,285
50802,ATOCHA,estado nutricional en menores de 5 anos,clasificacion c,2003-11-01,124,330,124,330,454
20503,AUCAPATA,estado nutricional en menores de 5 anos,clasificacion c,2003-11-01,81,72,81,72,153
20502,AYATA,estado nutricional en menores de 5 anos,clasificacion c,2003-11-01,128,84,128,84,212
21303,AYO AYO,estado nutricional en menores de 5 anos,clasificacion c,2003-11-01,81,16,81,16,97
30301,AYOPAYA (V. DE INDEPENDENCIA),estado nutricional en menores de 5 anos,clasificacion c,2003-11-01,133,130,133,130,263
10201,AZURDUY,estado nutricional en menores de 5 anos,clasificacion c,2003-11-01,307,366,307,366,673
21203,BATALLAS,estado nutricional en menores de 5 anos,clasificacion c,2003-11-01,163,84,163,84,247
80802,BAURES,estado nutricional en menores de 5 anos,clasificacion c,2003-11-01,79,72,79,72,151
41202,BELEN DE ANDAMARCA,estado nutricional en menores de 5 anos,clasificacion c,2003-11-01,18,19,18,19,37
50104,BELEN DE URMIRI,estado nutricional en menores de 5 anos,clasificacion c,2003-11-01,23,41,23,41,64
90104,BELLA FLOR,estado nutricional en menores de 5 anos,clasificacion c,2003-11-01,23,33,23,33,56
60202,BERMEJO,estado nutricional en menores de 5 anos,clasificacion c,2003-11-01,107,86,107,86,193
50301,BETANZOS,estado nutricional en menores de 5 anos,clasificacion c,2003-11-01,480,396,480,396,876
31501,BOLIVAR,estado nutricional en menores de 5 anos,clasificacion c,2003-11-01,57,88,57,88,145
90103,BOLPEBRA,estado nutricional en menores de 5 anos,clasificacion c,2003-11-01,21,26,21,26,47
70707,BOYUIBE,estado nutricional en menores de 5 anos,clasificacion c,2003-11-01,40,31,40,31,71
70401,BUENA VISTA,estado nutricional en menores de 5 anos,clasificacion c,2003-11-01,258,223,258,223,481
70703,CABEZAS,estado nutricional en menores de 5 anos,clasificacion c,2003-11-01,71,155,71,155,226
20905,CAIROMA,estado nutricional en menores de 5 anos,clasificacion c,2003-11-01,238,248,238,248,486
51102,"CAIZA ""D""",estado nutricional en menores de 5 anos,clasificacion c,2003-11-01,89,94,89,94,183
21003,CAJUATA,estado nutricional en menores de 5 anos,clasificacion c,2003-11-01,37,23,37,23,60
20303,CALACOTO,estado nutricional en menores de 5 anos,clasificacion c,2003-11-01,50,22,50,22,72
21304,CALAMARCA,estado nutricional en menores de 5 anos,clasificacion c,2003-11-01,125,64,125,64,189
10701,CAMARGO,estado nutricional en menores de 5 anos,clasificacion c,2003-11-01,243,221,243,221,464
10901,CAMATAQUI (C. VILLA ABECIA),estado nutricional en menores de 5 anos,clasificacion c,2003-11-01,54,45,54,45,99
70706,CAMIRI,estado nutricional en menores de 5 anos,clasificacion c,2003-11-01,322,282,322,282,604
30701,CAPINOTA,estado nutricional en menores de 5 anos,clasificacion c,2003-11-01,69,61,69,61,130
20302,CAQUIAVIRI,estado nutricional en menores de 5 anos,clasificacion c,2003-11-01,106,97,106,97,203
40102,CARACOLLO,estado nutricional en menores de 5 anos,clasificacion c,2003-11-01,145,106,145,106,251
22001,CARANAVI,estado nutricional en menores de 5 anos,clasificacion c,2003-11-01,703,551,703,551,1254
41503,CARANGAS,estado nutricional en menores de 5 anos,clasificacion c,2003-11-01,1,2,1,2,3
60302,CARAPARI,estado nutricional en menores de 5 anos,clasificacion c,2003-11-01,119,115,119,115,234
50702,CARIPUYO,estado nutricional en menores de 5 anos,clasificacion c,2003-11-01,160,147,160,147,307
21902,CATACORA,estado nutricional en menores de 5 anos,clasificacion c,2003-11-01,2,2,2,2,4
21803,CHACARILLA,estado nutricional en menores de 5 anos,clasificacion c,2003-11-01,29,33,29,33,62
40201,CHALLAPATA,estado nutricional en menores de 5 anos,clasificacion c,2003-11-01,128,136,128,136,264
50302,CHAQUI,estado nutricional en menores de 5 anos,clasificacion c,2003-11-01,86,87,86,87,173
70702,CHARAGUA,estado nutricional en menores de 5 anos,clasificacion c,2003-11-01,346,418,346,418,764
20305,CHARAÃ‘A,estado nutricional en menores de 5 anos,clasificacion c,2003-11-01,46,17,46,17,63
50202,CHAYANTA,estado nutricional en menores de 5 anos,clasificacion c,2003-11-01,151,149,151,149,300
31204,CHIMORE,estado nutricional en menores de 5 anos,clasificacion c,2003-11-01,93,51,93,51,144
40903,CHIPAYA,estado nutricional en menores de 5 anos,clasificacion c,2003-11-01,5,3,5,3,8
40302,CHOQUE COTA,estado nutricional en menores de 5 anos,clasificacion c,2003-11-01,10,14,10,14,24
21101,CHULUMANI (V. DE LA LIBERTAD),estado nutricional en menores de 5 anos,clasificacion c,2003-11-01,170,151,170,151,321
20501,CHUMA,estado nutricional en menores de 5 anos,clasificacion c,2003-11-01,118,90,118,90,208
30801,CLIZA,estado nutricional en menores de 5 anos,clasificacion c,2003-11-01,17,5,17,5,22
90101,COBIJA,estado nutricional en menores de 5 anos,clasificacion c,2003-11-01,364,242,364,242,606
30101,COCHABAMBA,estado nutricional en menores de 5 anos,clasificacion c,2003-11-01,2054,1058,2054,1058,3112
40902,COIPASA,estado nutricional en menores de 5 anos,clasificacion c,2003-11-01,4,7,4,7,11
30905,COLCAPIRHUA,estado nutricional en menores de 5 anos,clasificacion c,2003-11-01,311,137,311,137,448
50901,"COLCHA ""K""",estado nutricional en menores de 5 anos,clasificacion c,2003-11-01,112,165,112,165,277
21307,COLLANA,estado nutricional en menores de 5 anos,clasificacion c,2003-11-01,13,6,13,6,19
31002,COLOMI,estado nutricional en menores de 5 anos,clasificacion c,2003-11-01,325,172,325,172,497
50401,COLQUECHACA,estado nutricional en menores de 5 anos,clasificacion c,2003-11-01,252,129,252,129,381
21306,COLQUENCHA,estado nutricional en menores de 5 anos,clasificacion c,2003-11-01,67,32,67,32,99
21004,COLQUIRI,estado nutricional en menores de 5 anos,clasificacion c,2003-11-01,175,87,175,87,262
20304,COMANCHE,estado nutricional en menores de 5 anos,clasificacion c,2003-11-01,53,55,53,55,108
71301,COMARAPA,estado nutricional en menores de 5 anos,clasificacion c,2003-11-01,163,90,163,90,253
20605,COMBAYA,estado nutricional en menores de 5 anos,clasificacion c,2003-11-01,22,11,22,11,33
71101,CONCEPCION,estado nutricional en menores de 5 anos,clasificacion c,2003-11-01,117,5,117,5,122
21701,COPACABANA,estado nutricional en menores de 5 anos,clasificacion c,2003-11-01,129,60,129,60,189
21402,CORIPATA,estado nutricional en menores de 5 anos,clasificacion c,2003-11-01,31,6,31,6,37
20301,CORO CORO,estado nutricional en menores de 5 anos,clasificacion c,2003-11-01,122,107,122,107,229
21401,COROICO,estado nutricional en menores de 5 anos,clasificacion c,2003-11-01,190,126,190,126,316
40301,CORQUE,estado nutricional en menores de 5 anos,clasificacion c,2003-11-01,94,84,94,84,178
50601,COTAGAITA,estado nutricional en menores de 5 anos,clasificacion c,2003-11-01,343,278,343,278,621
31405,CUCHUMUELA (V. G. VILLARROEL),estado nutricional en menores de 5 anos,clasificacion c,2003-11-01,24,16,24,16,40
70704,CUEVO,estado nutricional en menores de 5 anos,clasificacion c,2003-11-01,62,72,62,72,134
10902,CULPINA,estado nutricional en menores de 5 anos,clasificacion c,2003-11-01,440,379,440,379,819
40401,CURAHUARA DE CARANGAS,estado nutricional en menores de 5 anos,clasificacion c,2003-11-01,55,33,55,33,88
21602,CURVA,estado nutricional en menores de 5 anos,clasificacion c,2003-11-01,40,36,40,36,76
20804,DESAGUADERO,estado nutricional en menores de 5 anos,clasificacion c,2003-11-01,40,35,40,35,75
20105,EL ALTO,estado nutricional en menores de 5 anos,clasificacion c,2003-11-01,5311,2398,5311,2398,7709
40103,EL CHORO,estado nutricional en menores de 5 anos,clasificacion c,2003-11-01,32,20,32,20,52
71503,EL PUENTE(STC),estado nutricional en menores de 5 anos,clasificacion c,2003-11-01,184,154,184,154,338
60502,EL PUENTE(TJA),estado nutricional en menores de 5 anos,clasificacion c,2003-11-01,117,207,117,207,324
70105,EL TORNO,estado nutricional en menores de 5 anos,clasificacion c,2003-11-01,374,219,374,219,593
10405,EL VILLAR,estado nutricional en menores de 5 anos,clasificacion c,2003-11-01,92,169,92,169,261
60601,ENTRE RIOS,estado nutricional en menores de 5 anos,clasificacion c,2003-11-01,265,263,265,263,528
40502,ESCARA,estado nutricional en menores de 5 anos,clasificacion c,2003-11-01,2,2,2,2,4
41101,EUCALIPTUS,estado nutricional en menores de 5 anos,clasificacion c,2003-11-01,59,70,59,70,129
90503,EUREKA (SANTOS MERCADO),estado nutricional en menores de 5 anos,clasificacion c,2003-11-01,6,5,6,5,11
80402,EXALTACION,estado nutricional en menores de 5 anos,clasificacion c,2003-11-01,26,43,26,43,69
90203,FILADELFIA,estado nutricional en menores de 5 anos,clasificacion c,2003-11-01,35,56,35,56,91
71002,GENERAL SAAVEDRA,estado nutricional en menores de 5 anos,clasificacion c,2003-11-01,296,361,296,361,657
21601,GRAL. J.J. PEREZ (CHARAZANI),estado nutricional en menores de 5 anos,clasificacion c,2003-11-01,190,173,190,173,363
20602,GUANAY,estado nutricional en menores de 5 anos,clasificacion c,2003-11-01,450,364,450,364,814
20802,GUAQUI,estado nutricional en menores de 5 anos,clasificacion c,2003-11-01,55,18,55,18,73
80202,GUAYARAMERIN,estado nutricional en menores de 5 anos,clasificacion c,2003-11-01,231,160,231,160,391
70705,GUTIERREZ,estado nutricional en menores de 5 anos,clasificacion c,2003-11-01,251,320,251,320,571
10502,HUACARETA,estado nutricional en menores de 5 anos,clasificacion c,2003-11-01,147,273,147,273,420
11002,HUACAYA (VILLA DE HUACAYA),estado nutricional en menores de 5 anos,clasificacion c,2003-11-01,33,53,33,53,86
40501,HUACHACALLA,estado nutricional en menores de 5 anos,clasificacion c,2003-11-01,9,15,9,15,24
40701,HUANUNI,estado nutricional en menores de 5 anos,clasificacion c,2003-11-01,170,94,170,94,264
80803,HUARACAJE,estado nutricional en menores de 5 anos,clasificacion c,2003-11-01,40,25,40,25,65
41601,HUAYLLAMARCA,estado nutricional en menores de 5 anos,clasificacion c,2003-11-01,66,22,66,22,88
21005,ICHOCA,estado nutricional en menores de 5 anos,clasificacion c,2003-11-01,72,51,72,51,123
10304,ICLA,estado nutricional en menores de 5 anos,clasificacion c,2003-11-01,194,292,194,292,486
10703,INCAHUASI,estado nutricional en menores de 5 anos,clasificacion c,2003-11-01,371,281,371,281,652
90402,INGAVI (HUMAITA),estado nutricional en menores de 5 anos,clasificacion c,2003-11-01,3,1,3,1,4
21001,INQUISIVI,estado nutricional en menores de 5 anos,clasificacion c,2003-11-01,201,199,201,199,400
21102,IRUPANA (VILLA DE LANZA),estado nutricional en menores de 5 anos,clasificacion c,2003-11-01,145,160,145,160,305
21501,IXIAMAS,estado nutricional en menores de 5 anos,clasificacion c,2003-11-01,105,92,105,92,197
21105,LA ASUNTA,estado nutricional en menores de 5 anos,clasificacion c,2003-11-01,237,87,237,87,324
70104,LA GUARDIA,estado nutricional en menores de 5 anos,clasificacion c,2003-11-01,559,248,559,248,807
20101,LA PAZ,estado nutricional en menores de 5 anos,clasificacion c,2003-11-01,4446,2823,4446,2823,7269
41501,LA RIVERA,estado nutricional en menores de 5 anos,clasificacion c,2003-11-01,2,9,2,9,11
70701,LAGUNILLAS,estado nutricional en menores de 5 anos,clasificacion c,2003-11-01,63,95,63,95,158
21202,LAJA,estado nutricional en menores de 5 anos,clasificacion c,2003-11-01,120,78,120,78,198
10903,LAS CARRERAS,estado nutricional en menores de 5 anos,clasificacion c,2003-11-01,76,92,76,92,168
21006,LICOMA PAMPA,estado nutricional en menores de 5 anos,clasificacion c,2003-11-01,44,96,44,96,140
50203,LLALLAGUA,estado nutricional en menores de 5 anos,clasificacion c,2003-11-01,390,723,390,723,1113
51401,LLICA,estado nutricional en menores de 5 anos,clasificacion c,2003-11-01,37,40,37,40,77
80601,LORETO,estado nutricional en menores de 5 anos,clasificacion c,2003-11-01,55,81,55,81,136
20901,LURIBAY,estado nutricional en menores de 5 anos,clasificacion c,2003-11-01,70,37,70,37,107
40702,MACHACAMARCA,estado nutricional en menores de 5 anos,clasificacion c,2003-11-01,36,7,36,7,43
11003,MACHARETI,estado nutricional en menores de 5 anos,clasificacion c,2003-11-01,158,266,158,266,424
80801,MAGDALENA,estado nutricional en menores de 5 anos,clasificacion c,2003-11-01,175,122,175,122,297
70903,MAIRANA,estado nutricional en menores de 5 anos,clasificacion c,2003-11-01,51,27,51,27,78
20904,MALLA,estado nutricional en menores de 5 anos,clasificacion c,2003-11-01,4,9,4,9,13
20103,MECAPACA,estado nutricional en menores de 5 anos,clasificacion c,2003-11-01,110,87,110,87,197
31301,MIZQUE,estado nutricional en menores de 5 anos,clasificacion c,2003-11-01,94,48,94,48,142
20402,MOCOMOCO,estado nutricional en menores de 5 anos,clasificacion c,2003-11-01,236,250,236,250,486
51002,MOJINETE,estado nutricional en menores de 5 anos,clasificacion c,2003-11-01,20,36,20,36,56
10303,MOJOCOYA,estado nutricional en menores de 5 anos,clasificacion c,2003-11-01,172,338,172,338,510
10501,MONTEAGUDO,estado nutricional en menores de 5 anos,clasificacion c,2003-11-01,464,436,464,436,900
70803,MORO MORO,estado nutricional en menores de 5 anos,clasificacion c,2003-11-01,26,32,26,32,58
30302,MOROCHATA,estado nutricional en menores de 5 anos,clasificacion c,2003-11-01,208,215,208,215,423
90401,NACEBE (SANTA ROSA DEL ABUNA),estado nutricional en menores de 5 anos,clasificacion c,2003-11-01,1,9,1,9,10
20307,NAZACARA DE PACAJES,estado nutricional en menores de 5 anos,clasificacion c,2003-11-01,7,6,7,6,13
50404,OCURI,estado nutricional en menores de 5 anos,clasificacion c,2003-11-01,157,136,157,136,293
30203,OMEREQUE,estado nutricional en menores de 5 anos,clasificacion c,2003-11-01,82,73,82,73,155
40101,ORURO,estado nutricional en menores de 5 anos,clasificacion c,2003-11-01,2148,1072,2148,1072,3220
60201,PADCAYA,estado nutricional en menores de 5 anos,clasificacion c,2003-11-01,213,179,213,179,392
10401,PADILLA,estado nutricional en menores de 5 anos,clasificacion c,2003-11-01,320,383,320,383,703
70502,PAILON,estado nutricional en menores de 5 anos,clasificacion c,2003-11-01,144,99,144,99,243
20102,PALCA,estado nutricional en menores de 5 anos,clasificacion c,2003-11-01,74,54,74,54,128
21104,PALOS BLANCOS,estado nutricional en menores de 5 anos,clasificacion c,2003-11-01,249,199,249,199,448
40802,PAMPA AULLAGAS,estado nutricional en menores de 5 anos,clasificacion c,2003-11-01,40,34,40,34,74
70902,PAMPA GRANDE,estado nutricional en menores de 5 anos,clasificacion c,2003-11-01,63,38,63,38,101
21802,PAPEL PAMPA,estado nutricional en menores de 5 anos,clasificacion c,2003-11-01,61,38,61,38,99
30202,PASORAPA,estado nutricional en menores de 5 anos,clasificacion c,2003-11-01,36,33,36,33,69
21305,PATACAMAYA,estado nutricional en menores de 5 anos,clasificacion c,2003-11-01,243,77,243,77,320
40602,PAZÃ‘A,estado nutricional en menores de 5 anos,clasificacion c,2003-11-01,21,41,21,41,62
20702,PELECHUCO,estado nutricional en menores de 5 anos,clasificacion c,2003-11-01,72,87,72,87,159
50403,POCOATA,estado nutricional en menores de 5 anos,clasificacion c,2003-11-01,315,269,315,269,584
31203,POCONA,estado nutricional en menores de 5 anos,clasificacion c,2003-11-01,97,73,97,73,170
31202,POJO (CBBA),estado nutricional en menores de 5 anos,clasificacion c,2003-11-01,441,343,441,343,784
40601,POOPO,estado nutricional en menores de 5 anos,clasificacion c,2003-11-01,46,64,46,64,110
51203,PORCO,estado nutricional en menores de 5 anos,clasificacion c,2003-11-01,122,66,122,66,188
10103,POROMA,estado nutricional en menores de 5 anos,clasificacion c,2003-11-01,303,317,303,317,620
70103,PORONGO,estado nutricional en menores de 5 anos,clasificacion c,2003-11-01,59,32,59,32,91
70601,PORTACHUELO,estado nutricional en menores de 5 anos,clasificacion c,2003-11-01,215,171,215,171,386
90102,PORVENIR,estado nutricional en menores de 5 anos,clasificacion c,2003-11-01,72,88,72,88,160
70804,POSTRER VALLE,estado nutricional en menores de 5 anos,clasificacion c,2003-11-01,9,13,9,13,22
50101,POTOSI,estado nutricional en menores de 5 anos,clasificacion c,2003-11-01,1372,488,1372,488,1860
10302,PRESTO,estado nutricional en menores de 5 anos,clasificacion c,2003-11-01,243,256,243,256,499
70805,PUCARA,estado nutricional en menores de 5 anos,clasificacion c,2003-11-01,4,0,4,0,4
21201,PUCARANI,estado nutricional en menores de 5 anos,clasificacion c,2003-11-01,155,70,155,70,225
20401,PUERTO ACOSTA,estado nutricional en menores de 5 anos,clasificacion c,2003-11-01,209,204,209,204,413
20403,PUERTO CARABUCO,estado nutricional en menores de 5 anos,clasificacion c,2003-11-01,158,179,158,179,337
90301,PUERTO GONZALO MORENO,estado nutricional en menores de 5 anos,clasificacion c,2003-11-01,72,123,72,123,195
21204,PUERTO PEREZ,estado nutricional en menores de 5 anos,clasificacion c,2003-11-01,91,61,91,61,152
71402,PUERTO QUIJARRO,estado nutricional en menores de 5 anos,clasificacion c,2003-11-01,160,31,160,31,191
90201,PUERTO RICO,estado nutricional en menores de 5 anos,clasificacion c,2003-11-01,23,85,23,85,108
71401,PUERTO SUAREZ,estado nutricional en menores de 5 anos,clasificacion c,2003-11-01,173,70,173,70,243
31205,PUERTO VILLARROEL,estado nutricional en menores de 5 anos,clasificacion c,2003-11-01,467,352,467,352,819
51101,PUNA,estado nutricional en menores de 5 anos,clasificacion c,2003-11-01,282,295,282,295,577
31401,PUNATA,estado nutricional en menores de 5 anos,clasificacion c,2003-11-01,220,178,220,178,398
20604,QUIABAYA,estado nutricional en menores de 5 anos,clasificacion c,2003-11-01,18,20,18,20,38
30901,QUILLACOLLO,estado nutricional en menores de 5 anos,clasificacion c,2003-11-01,599,354,599,354,953
21002,QUIME,estado nutricional en menores de 5 anos,clasificacion c,2003-11-01,186,133,186,133,319
70904,QUIRUSILLAS,estado nutricional en menores de 5 anos,clasificacion c,2003-11-01,13,9,13,9,22
50402,RAVELO,estado nutricional en menores de 5 anos,clasificacion c,2003-11-01,231,190,231,190,421
80301,REYES,estado nutricional en menores de 5 anos,clasificacion c,2003-11-01,174,149,174,149,323
80201,RIBERALTA,estado nutricional en menores de 5 anos,clasificacion c,2003-11-01,1051,522,1051,522,1573
70503,ROBORE,estado nutricional en menores de 5 anos,clasificacion c,2003-11-01,130,117,130,117,247
80304,RURRENABAQUE,estado nutricional en menores de 5 anos,clasificacion c,2003-11-01,206,110,206,110,316
40901,SABAYA,estado nutricional en menores de 5 anos,clasificacion c,2003-11-01,26,10,26,10,36
31001,SACABA,estado nutricional en menores de 5 anos,clasificacion c,2003-11-01,447,341,447,341,788
30404,SACABAMBA,estado nutricional en menores de 5 anos,clasificacion c,2003-11-01,32,42,32,42,74
50701,SACACA,estado nutricional en menores de 5 anos,clasificacion c,2003-11-01,230,254,230,254,484
71302,SAIPINA,estado nutricional en menores de 5 anos,clasificacion c,2003-11-01,32,53,32,53,85
40801,SALINAS DE GARCI MENDOZA,estado nutricional en menores de 5 anos,clasificacion c,2003-11-01,70,65,70,65,135
70901,SAMAIPATA,estado nutricional en menores de 5 anos,clasificacion c,2003-11-01,122,109,122,109,231
51601,SAN AGUSTIN,estado nutricional en menores de 5 anos,clasificacion c,2003-11-01,46,37,46,37,83
80602,SAN ANDRES,estado nutricional en menores de 5 anos,clasificacion c,2003-11-01,85,89,85,89,174
51003,SAN ANTONIO DE ESMORUCO,estado nutricional en menores de 5 anos,clasificacion c,2003-11-01,5,21,5,21,26
71105,SAN ANTONIO DE LOMERIO,estado nutricional en menores de 5 anos,clasificacion c,2003-11-01,106,136,106,136,242
31403,SAN BENITO,estado nutricional en menores de 5 anos,clasificacion c,2003-11-01,44,107,44,107,151
80302,SAN BORJA,estado nutricional en menores de 5 anos,clasificacion c,2003-11-01,387,296,387,296,683
21502,SAN BUENA VENTURA,estado nutricional en menores de 5 anos,clasificacion c,2003-11-01,124,79,124,79,203
70402,SAN CARLOS,estado nutricional en menores de 5 anos,clasificacion c,2003-11-01,343,185,343,185,528
80501,SAN IGNACIO,estado nutricional en menores de 5 anos,clasificacion c,2003-11-01,228,245,228,245,473
70301,SAN IGNACIO DE VELASCO,estado nutricional en menores de 5 anos,clasificacion c,2003-11-01,668,430,668,430,1098
80102,SAN JAVIER(BNI),estado nutricional en menores de 5 anos,clasificacion c,2003-11-01,22,23,22,23,45
71102,SAN JAVIER(STC),estado nutricional en menores de 5 anos,clasificacion c,2003-11-01,142,151,142,151,293
80701,SAN JOAQUIN,estado nutricional en menores de 5 anos,clasificacion c,2003-11-01,61,47,61,47,108
70501,SAN JOSE DE CHIQUITOS,estado nutricional en menores de 5 anos,clasificacion c,2003-11-01,104,60,104,60,164
71104,SAN JULIAN,estado nutricional en menores de 5 anos,clasificacion c,2003-11-01,531,658,531,658,1189
90302,SAN LORENZO(PND),estado nutricional en menores de 5 anos,clasificacion c,2003-11-01,31,31,31,31,62
60501,SAN LORENZO(TJA),estado nutricional en menores de 5 anos,clasificacion c,2003-11-01,133,124,133,124,257
10702,SAN LUCAS,estado nutricional en menores de 5 anos,clasificacion c,2003-11-01,788,849,788,849,1637
70302,SAN MIGUEL DE VELASCO,estado nutricional en menores de 5 anos,clasificacion c,2003-11-01,121,102,121,102,223
51001,SAN PABLO DE LIPEZ,estado nutricional en menores de 5 anos,clasificacion c,2003-11-01,28,41,28,41,69
50501,SAN PEDRO DE BUENA VISTA,estado nutricional en menores de 5 anos,clasificacion c,2003-11-01,206,269,206,269,475
21801,SAN PEDRO DE CURAHUARA,estado nutricional en menores de 5 anos,clasificacion c,2003-11-01,60,70,60,70,130
50902,SAN PEDRO DE QUEMES,estado nutricional en menores de 5 anos,clasificacion c,2003-11-01,6,8,6,8,14
21702,SAN PEDRO DE TIQUINA,estado nutricional en menores de 5 anos,clasificacion c,2003-11-01,57,120,57,120,177
70303,SAN RAFAEL,estado nutricional en menores de 5 anos,clasificacion c,2003-11-01,56,51,56,51,107
80702,SAN RAMON,estado nutricional en menores de 5 anos,clasificacion c,2003-11-01,21,25,21,25,46
80702,SAN RAMON,estado nutricional en menores de 5 anos,clasificacion c,2003-11-01,21,20,21,20,41
80401,SANTA ANA,estado nutricional en menores de 5 anos,clasificacion c,2003-11-01,160,58,160,58,218
70101,SANTA CRUZ DE LA SIERRA,estado nutricional en menores de 5 anos,clasificacion c,2003-11-01,3344,1508,3344,1508,4852
80303,SANTA ROSA,estado nutricional en menores de 5 anos,clasificacion c,2003-11-01,84,44,84,44,128
70602,SANTA ROSA DEL SARA,estado nutricional en menores de 5 anos,clasificacion c,2003-11-01,58,64,58,64,122
20308,SANTIAGO DE CALLAPA,estado nutricional en menores de 5 anos,clasificacion c,2003-11-01,101,62,101,62,163
41401,SANTIAGO DE HUARI,estado nutricional en menores de 5 anos,clasificacion c,2003-11-01,47,88,47,88,135
21901,SANTIAGO DE MACHACA,estado nutricional en menores de 5 anos,clasificacion c,2003-11-01,56,97,56,97,153
30702,SANTIVAÃ‘ES,estado nutricional en menores de 5 anos,clasificacion c,2003-11-01,94,46,94,46,140
40202,SANTUARIO DE QUILLACAS,estado nutricional en menores de 5 anos,clasificacion c,2003-11-01,19,35,19,35,54
20902,SAPAHAQUI,estado nutricional en menores de 5 anos,clasificacion c,2003-11-01,144,102,144,102,246
90303,SENA,estado nutricional en menores de 5 anos,clasificacion c,2003-11-01,54,64,54,64,118
21301,SICA SICA (VILLA AROMA),estado nutricional en menores de 5 anos,clasificacion c,2003-11-01,194,127,194,127,321
30703,SICAYA,estado nutricional en menores de 5 anos,clasificacion c,2003-11-01,20,1,20,1,21
30902,SIPE SIPE,estado nutricional en menores de 5 anos,clasificacion c,2003-11-01,349,249,349,249,598
10403,SOPACHUY,estado nutricional en menores de 5 anos,clasificacion c,2003-11-01,174,182,174,182,356
20601,SORATA,estado nutricional en menores de 5 anos,clasificacion c,2003-11-01,196,245,196,245,441
10101,SUCRE,estado nutricional en menores de 5 anos,clasificacion c,2003-11-01,2405,2138,2405,2138,4543
31404,TACACHI,estado nutricional en menores de 5 anos,clasificacion c,2003-11-01,10,1,10,1,11
20603,TACACOMA,estado nutricional en menores de 5 anos,clasificacion c,2003-11-01,41,37,41,37,78
50303,TACOBAMBA,estado nutricional en menores de 5 anos,clasificacion c,2003-11-01,141,138,141,138,279
30602,TACOPAYA,estado nutricional en menores de 5 anos,clasificacion c,2003-11-01,121,107,121,107,228
51402,TAHUA,estado nutricional en menores de 5 anos,clasificacion c,2003-11-01,11,20,11,20,31
31101,TAPACARI,estado nutricional en menores de 5 anos,clasificacion c,2003-11-01,255,212,255,212,467
10601,TARABUCO,estado nutricional en menores de 5 anos,clasificacion c,2003-11-01,431,618,431,618,1049
30401,TARATA,estado nutricional en menores de 5 anos,clasificacion c,2003-11-01,81,34,81,34,115
60101,TARIJA,estado nutricional en menores de 5 anos,clasificacion c,2003-11-01,958,753,958,753,1711
10202,TARVITA,estado nutricional en menores de 5 anos,clasificacion c,2003-11-01,283,416,283,416,699
20803,TIAWANACU,estado nutricional en menores de 5 anos,clasificacion c,2003-11-01,115,56,115,56,171
50102,TINGUIPAYA,estado nutricional en menores de 5 anos,clasificacion c,2003-11-01,184,296,184,296,480
20606,TIPUANI,estado nutricional en menores de 5 anos,clasificacion c,2003-11-01,82,119,82,119,201
30903,TIQUIPAYA,estado nutricional en menores de 5 anos,clasificacion c,2003-11-01,175,75,175,75,250
31601,TIRAQUE (CBBA),estado nutricional en menores de 5 anos,clasificacion c,2003-11-01,451,221,451,221,672
21703,TITO YUPANQUI (PARQUIPUJIO),estado nutricional en menores de 5 anos,clasificacion c,2003-11-01,21,29,21,29,50
30802,TOCO,estado nutricional en menores de 5 anos,clasificacion c,2003-11-01,5,17,5,17,22
41502,TODOS SANTOS,estado nutricional en menores de 5 anos,clasificacion c,2003-11-01,2,11,2,11,13
30803,TOLATA,estado nutricional en menores de 5 anos,clasificacion c,2003-11-01,30,14,30,14,44
41001,TOLEDO,estado nutricional en menores de 5 anos,clasificacion c,2003-11-01,66,48,66,48,114
51202,TOMAVE,estado nutricional en menores de 5 anos,clasificacion c,2003-11-01,144,149,144,149,293
10402,TOMINA,estado nutricional en menores de 5 anos,clasificacion c,2003-11-01,196,300,196,300,496
50502,TORO TORO,estado nutricional en menores de 5 anos,clasificacion c,2003-11-01,203,245,203,245,448
31201,TOTORA(CBBA),estado nutricional en menores de 5 anos,clasificacion c,2003-11-01,123,95,123,95,218
41301,TOTORA(ORR),estado nutricional en menores de 5 anos,clasificacion c,2003-11-01,52,89,52,89,141
70802,TRIGAL,estado nutricional en menores de 5 anos,clasificacion c,2003-11-01,1,6,1,6,7
80101,TRINIDAD,estado nutricional en menores de 5 anos,clasificacion c,2003-11-01,724,638,724,638,1362
50801,TUPIZA,estado nutricional en menores de 5 anos,clasificacion c,2003-11-01,488,450,488,450,938
40402,TURCO,estado nutricional en menores de 5 anos,clasificacion c,2003-11-01,62,99,62,99,161
21302,UMALA,estado nutricional en menores de 5 anos,clasificacion c,2003-11-01,27,26,27,26,53
50201,UNCIA,estado nutricional en menores de 5 anos,clasificacion c,2003-11-01,81,10,81,10,91
60401,URIONDO (A. CONCEPCION),estado nutricional en menores de 5 anos,clasificacion c,2003-11-01,199,252,199,252,451
71502,URUBICHA,estado nutricional en menores de 5 anos,clasificacion c,2003-11-01,12,24,12,24,36
51201,UYUNI,estado nutricional en menores de 5 anos,clasificacion c,2003-11-01,239,173,239,173,412
30502,VACAS,estado nutricional en menores de 5 anos,clasificacion c,2003-11-01,71,28,71,28,99
70801,VALLEGRANDE,estado nutricional en menores de 5 anos,clasificacion c,2003-11-01,27,26,27,26,53
20801,VIACHA,estado nutricional en menores de 5 anos,clasificacion c,2003-11-01,486,231,486,231,717
31302,VILA VILA,estado nutricional en menores de 5 anos,clasificacion c,2003-11-01,30,22,30,22,52
60303,VILLA MONTES,estado nutricional en menores de 5 anos,clasificacion c,2003-11-01,230,141,230,141,371
90502,VILLA NUEVA (LOMA ALTA),estado nutricional en menores de 5 anos,clasificacion c,2003-11-01,4,5,4,5,9
31402,VILLA RIVERO,estado nutricional en menores de 5 anos,clasificacion c,2003-11-01,43,11,43,11,54
10801,VILLA SERRANO,estado nutricional en menores de 5 anos,clasificacion c,2003-11-01,303,352,303,352,655
31003,VILLA TUNARI,estado nutricional en menores de 5 anos,clasificacion c,2003-11-01,463,329,463,329,792
11001,VILLA VACA GUZMAN (MUYUPAMPA),estado nutricional en menores de 5 anos,clasificacion c,2003-11-01,187,213,187,213,400
51501,VILLAZON,estado nutricional en menores de 5 anos,clasificacion c,2003-11-01,520,423,520,423,943
50602,VITICHI,estado nutricional en menores de 5 anos,clasificacion c,2003-11-01,235,187,235,187,422
20306,WALDO BALLIVIAN,estado nutricional en menores de 5 anos,clasificacion c,2003-11-01,29,7,29,7,36
20903,YACO,estado nutricional en menores de 5 anos,clasificacion c,2003-11-01,22,8,22,8,30
60301,YACUIBA,estado nutricional en menores de 5 anos,clasificacion c,2003-11-01,265,118,265,118,383
10602,YAMPARAEZ,estado nutricional en menores de 5 anos,clasificacion c,2003-11-01,269,409,269,409,678
21103,YANACACHI,estado nutricional en menores de 5 anos,clasificacion c,2003-11-01,75,80,75,80,155
70403,YAPACANI,estado nutricional en menores de 5 anos,clasificacion c,2003-11-01,436,400,436,400,836
50103,YOCALLA,estado nutricional en menores de 5 anos,clasificacion c,2003-11-01,109,101,109,101,210
10102,YOTALA,estado nutricional en menores de 5 anos,clasificacion c,2003-11-01,245,342,245,342,587
60402,YUNCHARA,estado nutricional en menores de 5 anos,clasificacion c,2003-11-01,104,138,104,138,242
10301,ZUDAÃ‘EZ,estado nutricional en menores de 5 anos,clasificacion c,2003-11-01,196,217,196,217,413
51302,ACACIO,estado nutricional en menores de 5 anos,clasificacion c,2003-12-01,122,163,122,163,285
20201,ACHACACHI,estado nutricional en menores de 5 anos,clasificacion c,2003-12-01,378,405,378,405,783
20104,ACHOCALLA,estado nutricional en menores de 5 anos,clasificacion c,2003-12-01,98,28,98,28,126
30201,AIQUILE,estado nutricional en menores de 5 anos,clasificacion c,2003-12-01,71,40,71,40,111
31303,ALALAY,estado nutricional en menores de 5 anos,clasificacion c,2003-12-01,37,62,37,62,99
10404,ALCALA,estado nutricional en menores de 5 anos,clasificacion c,2003-12-01,47,126,47,126,173
20202,ANCORAIMES,estado nutricional en menores de 5 anos,clasificacion c,2003-12-01,115,66,115,66,181
41201,ANDAMARCA,estado nutricional en menores de 5 anos,clasificacion c,2003-12-01,45,40,45,40,85
40603,ANTEQUERA,estado nutricional en menores de 5 anos,clasificacion c,2003-12-01,19,12,19,12,31
30402,ANZALDO,estado nutricional en menores de 5 anos,clasificacion c,2003-12-01,23,39,23,39,62
20701,APOLO,estado nutricional en menores de 5 anos,clasificacion c,2003-12-01,97,46,97,46,143
51301,ARAMPAMPA,estado nutricional en menores de 5 anos,clasificacion c,2003-12-01,53,68,53,68,121
30501,ARANI,estado nutricional en menores de 5 anos,clasificacion c,2003-12-01,38,37,38,37,75
30403,ARBIETO,estado nutricional en menores de 5 anos,clasificacion c,2003-12-01,20,21,20,21,41
30601,ARQUE,estado nutricional en menores de 5 anos,clasificacion c,2003-12-01,7,22,7,22,29
71501,ASCENCION DE GUARAYOS,estado nutricional en menores de 5 anos,clasificacion c,2003-12-01,361,427,361,427,788
50802,ATOCHA,estado nutricional en menores de 5 anos,clasificacion c,2003-12-01,132,333,132,333,465
20503,AUCAPATA,estado nutricional en menores de 5 anos,clasificacion c,2003-12-01,38,48,38,48,86
20502,AYATA,estado nutricional en menores de 5 anos,clasificacion c,2003-12-01,66,37,66,37,103
21303,AYO AYO,estado nutricional en menores de 5 anos,clasificacion c,2003-12-01,54,5,54,5,59
30301,AYOPAYA (V. DE INDEPENDENCIA),estado nutricional en menores de 5 anos,clasificacion c,2003-12-01,167,138,167,138,305
10201,AZURDUY,estado nutricional en menores de 5 anos,clasificacion c,2003-12-01,245,353,245,353,598
21203,BATALLAS,estado nutricional en menores de 5 anos,clasificacion c,2003-12-01,123,58,123,58,181
80802,BAURES,estado nutricional en menores de 5 anos,clasificacion c,2003-12-01,65,53,65,53,118
41202,BELEN DE ANDAMARCA,estado nutricional en menores de 5 anos,clasificacion c,2003-12-01,28,21,28,21,49
50104,BELEN DE URMIRI,estado nutricional en menores de 5 anos,clasificacion c,2003-12-01,21,20,21,20,41
90104,BELLA FLOR,estado nutricional en menores de 5 anos,clasificacion c,2003-12-01,41,95,41,95,136
60202,BERMEJO,estado nutricional en menores de 5 anos,clasificacion c,2003-12-01,67,62,67,62,129
50301,BETANZOS,estado nutricional en menores de 5 anos,clasificacion c,2003-12-01,396,384,396,384,780
90103,BOLPEBRA,estado nutricional en menores de 5 anos,clasificacion c,2003-12-01,7,18,7,18,25
70707,BOYUIBE,estado nutricional en menores de 5 anos,clasificacion c,2003-12-01,59,94,59,94,153
70401,BUENA VISTA,estado nutricional en menores de 5 anos,clasificacion c,2003-12-01,208,180,208,180,388
70703,CABEZAS,estado nutricional en menores de 5 anos,clasificacion c,2003-12-01,8,5,8,5,13
20905,CAIROMA,estado nutricional en menores de 5 anos,clasificacion c,2003-12-01,168,116,168,116,284
51102,"CAIZA ""D""",estado nutricional en menores de 5 anos,clasificacion c,2003-12-01,158,140,158,140,298
21003,CAJUATA,estado nutricional en menores de 5 anos,clasificacion c,2003-12-01,74,62,74,62,136
20303,CALACOTO,estado nutricional en menores de 5 anos,clasificacion c,2003-12-01,38,20,38,20,58
21304,CALAMARCA,estado nutricional en menores de 5 anos,clasificacion c,2003-12-01,292,182,292,182,474
10701,CAMARGO,estado nutricional en menores de 5 anos,clasificacion c,2003-12-01,193,152,193,152,345
10901,CAMATAQUI (C. VILLA ABECIA),estado nutricional en menores de 5 anos,clasificacion c,2003-12-01,45,43,45,43,88
70706,CAMIRI,estado nutricional en menores de 5 anos,clasificacion c,2003-12-01,307,274,307,274,581
30701,CAPINOTA,estado nutricional en menores de 5 anos,clasificacion c,2003-12-01,65,194,65,194,259
20302,CAQUIAVIRI,estado nutricional en menores de 5 anos,clasificacion c,2003-12-01,89,61,89,61,150
40102,CARACOLLO,estado nutricional en menores de 5 anos,clasificacion c,2003-12-01,139,84,139,84,223
22001,CARANAVI,estado nutricional en menores de 5 anos,clasificacion c,2003-12-01,633,468,633,468,1101
41503,CARANGAS,estado nutricional en menores de 5 anos,clasificacion c,2003-12-01,1,3,1,3,4
60302,CARAPARI,estado nutricional en menores de 5 anos,clasificacion c,2003-12-01,122,117,122,117,239
50702,CARIPUYO,estado nutricional en menores de 5 anos,clasificacion c,2003-12-01,108,132,108,132,240
21803,CHACARILLA,estado nutricional en menores de 5 anos,clasificacion c,2003-12-01,39,37,39,37,76
40201,CHALLAPATA,estado nutricional en menores de 5 anos,clasificacion c,2003-12-01,98,200,98,200,298
50302,CHAQUI,estado nutricional en menores de 5 anos,clasificacion c,2003-12-01,91,86,91,86,177
70702,CHARAGUA,estado nutricional en menores de 5 anos,clasificacion c,2003-12-01,312,343,312,343,655
20305,CHARAÃ‘A,estado nutricional en menores de 5 anos,clasificacion c,2003-12-01,36,27,36,27,63
50202,CHAYANTA,estado nutricional en menores de 5 anos,clasificacion c,2003-12-01,138,184,138,184,322
31204,CHIMORE,estado nutricional en menores de 5 anos,clasificacion c,2003-12-01,124,70,124,70,194
40903,CHIPAYA,estado nutricional en menores de 5 anos,clasificacion c,2003-12-01,12,12,12,12,24
40302,CHOQUE COTA,estado nutricional en menores de 5 anos,clasificacion c,2003-12-01,7,9,7,9,16
21101,CHULUMANI (V. DE LA LIBERTAD),estado nutricional en menores de 5 anos,clasificacion c,2003-12-01,70,82,70,82,152
20501,CHUMA,estado nutricional en menores de 5 anos,clasificacion c,2003-12-01,32,22,32,22,54
30801,CLIZA,estado nutricional en menores de 5 anos,clasificacion c,2003-12-01,37,10,37,10,47
90101,COBIJA,estado nutricional en menores de 5 anos,clasificacion c,2003-12-01,296,203,296,203,499
30101,COCHABAMBA,estado nutricional en menores de 5 anos,clasificacion c,2003-12-01,2180,1050,2180,1050,3230
40902,COIPASA,estado nutricional en menores de 5 anos,clasificacion c,2003-12-01,5,9,5,9,14
30905,COLCAPIRHUA,estado nutricional en menores de 5 anos,clasificacion c,2003-12-01,262,90,262,90,352
50901,"COLCHA ""K""",estado nutricional en menores de 5 anos,clasificacion c,2003-12-01,114,104,114,104,218
21307,COLLANA,estado nutricional en menores de 5 anos,clasificacion c,2003-12-01,17,2,17,2,19
31002,COLOMI,estado nutricional en menores de 5 anos,clasificacion c,2003-12-01,337,125,337,125,462
50401,COLQUECHACA,estado nutricional en menores de 5 anos,clasificacion c,2003-12-01,223,118,223,118,341
21306,COLQUENCHA,estado nutricional en menores de 5 anos,clasificacion c,2003-12-01,84,19,84,19,103
21004,COLQUIRI,estado nutricional en menores de 5 anos,clasificacion c,2003-12-01,161,82,161,82,243
20304,COMANCHE,estado nutricional en menores de 5 anos,clasificacion c,2003-12-01,34,20,34,20,54
71301,COMARAPA,estado nutricional en menores de 5 anos,clasificacion c,2003-12-01,147,92,147,92,239
20605,COMBAYA,estado nutricional en menores de 5 anos,clasificacion c,2003-12-01,23,16,23,16,39
71101,CONCEPCION,estado nutricional en menores de 5 anos,clasificacion c,2003-12-01,102,22,102,22,124
21701,COPACABANA,estado nutricional en menores de 5 anos,clasificacion c,2003-12-01,119,23,119,23,142
21402,CORIPATA,estado nutricional en menores de 5 anos,clasificacion c,2003-12-01,19,5,19,5,24
20301,CORO CORO,estado nutricional en menores de 5 anos,clasificacion c,2003-12-01,70,55,70,55,125
21401,COROICO,estado nutricional en menores de 5 anos,clasificacion c,2003-12-01,69,79,69,79,148
40301,CORQUE,estado nutricional en menores de 5 anos,clasificacion c,2003-12-01,90,44,90,44,134
50601,COTAGAITA,estado nutricional en menores de 5 anos,clasificacion c,2003-12-01,214,247,214,247,461
31405,CUCHUMUELA (V. G. VILLARROEL),estado nutricional en menores de 5 anos,clasificacion c,2003-12-01,29,17,29,17,46
70704,CUEVO,estado nutricional en menores de 5 anos,clasificacion c,2003-12-01,53,54,53,54,107
10902,CULPINA,estado nutricional en menores de 5 anos,clasificacion c,2003-12-01,366,310,366,310,676
40401,CURAHUARA DE CARANGAS,estado nutricional en menores de 5 anos,clasificacion c,2003-12-01,80,68,80,68,148
21602,CURVA,estado nutricional en menores de 5 anos,clasificacion c,2003-12-01,11,2,11,2,13
20804,DESAGUADERO,estado nutricional en menores de 5 anos,clasificacion c,2003-12-01,21,16,21,16,37
20105,EL ALTO,estado nutricional en menores de 5 anos,clasificacion c,2003-12-01,5379,2246,5379,2246,7625
40103,EL CHORO,estado nutricional en menores de 5 anos,clasificacion c,2003-12-01,25,27,25,27,52
71503,EL PUENTE(STC),estado nutricional en menores de 5 anos,clasificacion c,2003-12-01,116,92,116,92,208
60502,EL PUENTE(TJA),estado nutricional en menores de 5 anos,clasificacion c,2003-12-01,79,151,79,151,230
70105,EL TORNO,estado nutricional en menores de 5 anos,clasificacion c,2003-12-01,250,118,250,118,368
10405,EL VILLAR,estado nutricional en menores de 5 anos,clasificacion c,2003-12-01,99,151,99,151,250
60601,ENTRE RIOS,estado nutricional en menores de 5 anos,clasificacion c,2003-12-01,245,221,245,221,466
40502,ESCARA,estado nutricional en menores de 5 anos,clasificacion c,2003-12-01,0,3,0,3,3
41101,EUCALIPTUS,estado nutricional en menores de 5 anos,clasificacion c,2003-12-01,25,14,25,14,39
90503,EUREKA (SANTOS MERCADO),estado nutricional en menores de 5 anos,clasificacion c,2003-12-01,6,6,6,6,12
80402,EXALTACION,estado nutricional en menores de 5 anos,clasificacion c,2003-12-01,18,14,18,14,32
90203,FILADELFIA,estado nutricional en menores de 5 anos,clasificacion c,2003-12-01,15,30,15,30,45
71002,GENERAL SAAVEDRA,estado nutricional en menores de 5 anos,clasificacion c,2003-12-01,250,342,250,342,592
21601,GRAL. J.J. PEREZ (CHARAZANI),estado nutricional en menores de 5 anos,clasificacion c,2003-12-01,63,75,63,75,138
20602,GUANAY,estado nutricional en menores de 5 anos,clasificacion c,2003-12-01,388,220,388,220,608
20802,GUAQUI,estado nutricional en menores de 5 anos,clasificacion c,2003-12-01,26,11,26,11,37
80202,GUAYARAMERIN,estado nutricional en menores de 5 anos,clasificacion c,2003-12-01,389,174,389,174,563
70705,GUTIERREZ,estado nutricional en menores de 5 anos,clasificacion c,2003-12-01,166,222,166,222,388
10502,HUACARETA,estado nutricional en menores de 5 anos,clasificacion c,2003-12-01,146,218,146,218,364
11002,HUACAYA (VILLA DE HUACAYA),estado nutricional en menores de 5 anos,clasificacion c,2003-12-01,43,42,43,42,85
40501,HUACHACALLA,estado nutricional en menores de 5 anos,clasificacion c,2003-12-01,26,11,26,11,37
40701,HUANUNI,estado nutricional en menores de 5 anos,clasificacion c,2003-12-01,213,79,213,79,292
80803,HUARACAJE,estado nutricional en menores de 5 anos,clasificacion c,2003-12-01,33,36,33,36,69
41601,HUAYLLAMARCA,estado nutricional en menores de 5 anos,clasificacion c,2003-12-01,53,38,53,38,91
21005,ICHOCA,estado nutricional en menores de 5 anos,clasificacion c,2003-12-01,36,35,36,35,71
10304,ICLA,estado nutricional en menores de 5 anos,clasificacion c,2003-12-01,198,303,198,303,501
10703,INCAHUASI,estado nutricional en menores de 5 anos,clasificacion c,2003-12-01,161,105,161,105,266
21001,INQUISIVI,estado nutricional en menores de 5 anos,clasificacion c,2003-12-01,88,85,88,85,173
21102,IRUPANA (VILLA DE LANZA),estado nutricional en menores de 5 anos,clasificacion c,2003-12-01,141,114,141,114,255
21501,IXIAMAS,estado nutricional en menores de 5 anos,clasificacion c,2003-12-01,98,88,98,88,186
21105,LA ASUNTA,estado nutricional en menores de 5 anos,clasificacion c,2003-12-01,86,34,86,34,120
70104,LA GUARDIA,estado nutricional en menores de 5 anos,clasificacion c,2003-12-01,542,280,542,280,822
20101,LA PAZ,estado nutricional en menores de 5 anos,clasificacion c,2003-12-01,4375,2507,4375,2507,6882
41501,LA RIVERA,estado nutricional en menores de 5 anos,clasificacion c,2003-12-01,2,4,2,4,6
70701,LAGUNILLAS,estado nutricional en menores de 5 anos,clasificacion c,2003-12-01,87,56,87,56,143
21202,LAJA,estado nutricional en menores de 5 anos,clasificacion c,2003-12-01,92,51,92,51,143
10903,LAS CARRERAS,estado nutricional en menores de 5 anos,clasificacion c,2003-12-01,50,86,50,86,136
21006,LICOMA PAMPA,estado nutricional en menores de 5 anos,clasificacion c,2003-12-01,17,8,17,8,25
50203,LLALLAGUA,estado nutricional en menores de 5 anos,clasificacion c,2003-12-01,264,514,264,514,778
51401,LLICA,estado nutricional en menores de 5 anos,clasificacion c,2003-12-01,38,34,38,34,72
80601,LORETO,estado nutricional en menores de 5 anos,clasificacion c,2003-12-01,46,72,46,72,118
20901,LURIBAY,estado nutricional en menores de 5 anos,clasificacion c,2003-12-01,122,64,122,64,186
40702,MACHACAMARCA,estado nutricional en menores de 5 anos,clasificacion c,2003-12-01,24,19,24,19,43
11003,MACHARETI,estado nutricional en menores de 5 anos,clasificacion c,2003-12-01,164,336,164,336,500
80801,MAGDALENA,estado nutricional en menores de 5 anos,clasificacion c,2003-12-01,128,133,128,133,261
70903,MAIRANA,estado nutricional en menores de 5 anos,clasificacion c,2003-12-01,78,38,78,38,116
20904,MALLA,estado nutricional en menores de 5 anos,clasificacion c,2003-12-01,18,24,18,24,42
20103,MECAPACA,estado nutricional en menores de 5 anos,clasificacion c,2003-12-01,67,55,67,55,122
71003,MINEROS,estado nutricional en menores de 5 anos,clasificacion c,2003-12-01,470,317,470,317,787
31301,MIZQUE,estado nutricional en menores de 5 anos,clasificacion c,2003-12-01,36,25,36,25,61
20402,MOCOMOCO,estado nutricional en menores de 5 anos,clasificacion c,2003-12-01,101,60,101,60,161
51002,MOJINETE,estado nutricional en menores de 5 anos,clasificacion c,2003-12-01,22,21,22,21,43
10303,MOJOCOYA,estado nutricional en menores de 5 anos,clasificacion c,2003-12-01,161,280,161,280,441
10501,MONTEAGUDO,estado nutricional en menores de 5 anos,clasificacion c,2003-12-01,430,440,430,440,870
71001,MONTERO,estado nutricional en menores de 5 anos,clasificacion c,2003-12-01,1345,704,1345,704,2049
70803,MORO MORO,estado nutricional en menores de 5 anos,clasificacion c,2003-12-01,24,11,24,11,35
30302,MOROCHATA,estado nutricional en menores de 5 anos,clasificacion c,2003-12-01,176,203,176,203,379
20307,NAZACARA DE PACAJES,estado nutricional en menores de 5 anos,clasificacion c,2003-12-01,20,4,20,4,24
90501,NUEVO MANOA (NUEVA ESPERANZA),estado nutricional en menores de 5 anos,clasificacion c,2003-12-01,2,5,2,5,7
50404,OCURI,estado nutricional en menores de 5 anos,clasificacion c,2003-12-01,93,159,93,159,252
30203,OMEREQUE,estado nutricional en menores de 5 anos,clasificacion c,2003-12-01,38,59,38,59,97
40101,ORURO,estado nutricional en menores de 5 anos,clasificacion c,2003-12-01,1927,995,1927,995,2922
60201,PADCAYA,estado nutricional en menores de 5 anos,clasificacion c,2003-12-01,193,215,193,215,408
10401,PADILLA,estado nutricional en menores de 5 anos,clasificacion c,2003-12-01,253,305,253,305,558
20102,PALCA,estado nutricional en menores de 5 anos,clasificacion c,2003-12-01,62,86,62,86,148
21104,PALOS BLANCOS,estado nutricional en menores de 5 anos,clasificacion c,2003-12-01,105,55,105,55,160
40802,PAMPA AULLAGAS,estado nutricional en menores de 5 anos,clasificacion c,2003-12-01,21,16,21,16,37
70902,PAMPA GRANDE,estado nutricional en menores de 5 anos,clasificacion c,2003-12-01,60,40,60,40,100
21802,PAPEL PAMPA,estado nutricional en menores de 5 anos,clasificacion c,2003-12-01,57,38,57,38,95
30202,PASORAPA,estado nutricional en menores de 5 anos,clasificacion c,2003-12-01,60,73,60,73,133
21305,PATACAMAYA,estado nutricional en menores de 5 anos,clasificacion c,2003-12-01,251,110,251,110,361
40602,PAZÃ‘A,estado nutricional en menores de 5 anos,clasificacion c,2003-12-01,22,13,22,13,35
20702,PELECHUCO,estado nutricional en menores de 5 anos,clasificacion c,2003-12-01,28,12,28,12,40
50403,POCOATA,estado nutricional en menores de 5 anos,clasificacion c,2003-12-01,203,226,203,226,429
31203,POCONA,estado nutricional en menores de 5 anos,clasificacion c,2003-12-01,44,47,44,47,91
31202,POJO (CBBA),estado nutricional en menores de 5 anos,clasificacion c,2003-12-01,300,275,300,275,575
40601,POOPO,estado nutricional en menores de 5 anos,clasificacion c,2003-12-01,55,35,55,35,90
51203,PORCO,estado nutricional en menores de 5 anos,clasificacion c,2003-12-01,79,67,79,67,146
10103,POROMA,estado nutricional en menores de 5 anos,clasificacion c,2003-12-01,163,136,163,136,299
70103,PORONGO,estado nutricional en menores de 5 anos,clasificacion c,2003-12-01,40,14,40,14,54
70601,PORTACHUELO,estado nutricional en menores de 5 anos,clasificacion c,2003-12-01,221,161,221,161,382
90102,PORVENIR,estado nutricional en menores de 5 anos,clasificacion c,2003-12-01,71,62,71,62,133
50101,POTOSI,estado nutricional en menores de 5 anos,clasificacion c,2003-12-01,1472,494,1472,494,1966
10302,PRESTO,estado nutricional en menores de 5 anos,clasificacion c,2003-12-01,143,152,143,152,295
70805,PUCARA,estado nutricional en menores de 5 anos,clasificacion c,2003-12-01,12,30,12,30,42
21201,PUCARANI,estado nutricional en menores de 5 anos,clasificacion c,2003-12-01,156,77,156,77,233
20401,PUERTO ACOSTA,estado nutricional en menores de 5 anos,clasificacion c,2003-12-01,124,174,124,174,298
20403,PUERTO CARABUCO,estado nutricional en menores de 5 anos,clasificacion c,2003-12-01,85,88,85,88,173
90301,PUERTO GONZALO MORENO,estado nutricional en menores de 5 anos,clasificacion c,2003-12-01,8,5,8,5,13
21204,PUERTO PEREZ,estado nutricional en menores de 5 anos,clasificacion c,2003-12-01,77,39,77,39,116
90201,PUERTO RICO,estado nutricional en menores de 5 anos,clasificacion c,2003-12-01,2,28,2,28,30
80703,PUERTO SILES,estado nutricional en menores de 5 anos,clasificacion c,2003-12-01,28,41,28,41,69
31205,PUERTO VILLARROEL,estado nutricional en menores de 5 anos,clasificacion c,2003-12-01,426,342,426,342,768
51101,PUNA,estado nutricional en menores de 5 anos,clasificacion c,2003-12-01,246,222,246,222,468
31401,PUNATA,estado nutricional en menores de 5 anos,clasificacion c,2003-12-01,373,210,373,210,583
20604,QUIABAYA,estado nutricional en menores de 5 anos,clasificacion c,2003-12-01,13,10,13,10,23
30901,QUILLACOLLO,estado nutricional en menores de 5 anos,clasificacion c,2003-12-01,408,245,408,245,653
21002,QUIME,estado nutricional en menores de 5 anos,clasificacion c,2003-12-01,127,98,127,98,225
70904,QUIRUSILLAS,estado nutricional en menores de 5 anos,clasificacion c,2003-12-01,16,11,16,11,27
50402,RAVELO,estado nutricional en menores de 5 anos,clasificacion c,2003-12-01,138,151,138,151,289
80301,REYES,estado nutricional en menores de 5 anos,clasificacion c,2003-12-01,186,214,186,214,400
80201,RIBERALTA,estado nutricional en menores de 5 anos,clasificacion c,2003-12-01,979,566,979,566,1545
80304,RURRENABAQUE,estado nutricional en menores de 5 anos,clasificacion c,2003-12-01,163,53,163,53,216
40901,SABAYA,estado nutricional en menores de 5 anos,clasificacion c,2003-12-01,35,33,35,33,68
31001,SACABA,estado nutricional en menores de 5 anos,clasificacion c,2003-12-01,365,86,365,86,451
30404,SACABAMBA,estado nutricional en menores de 5 anos,clasificacion c,2003-12-01,41,46,41,46,87
50701,SACACA,estado nutricional en menores de 5 anos,clasificacion c,2003-12-01,181,215,181,215,396
71302,SAIPINA,estado nutricional en menores de 5 anos,clasificacion c,2003-12-01,35,56,35,56,91
40801,SALINAS DE GARCI MENDOZA,estado nutricional en menores de 5 anos,clasificacion c,2003-12-01,82,103,82,103,185
70901,SAMAIPATA,estado nutricional en menores de 5 anos,clasificacion c,2003-12-01,106,104,106,104,210
51601,SAN AGUSTIN,estado nutricional en menores de 5 anos,clasificacion c,2003-12-01,33,26,33,26,59
80602,SAN ANDRES,estado nutricional en menores de 5 anos,clasificacion c,2003-12-01,67,62,67,62,129
51003,SAN ANTONIO DE ESMORUCO,estado nutricional en menores de 5 anos,clasificacion c,2003-12-01,4,3,4,3,7
31403,SAN BENITO,estado nutricional en menores de 5 anos,clasificacion c,2003-12-01,91,46,91,46,137
80302,SAN BORJA,estado nutricional en menores de 5 anos,clasificacion c,2003-12-01,544,285,544,285,829
21502,SAN BUENA VENTURA,estado nutricional en menores de 5 anos,clasificacion c,2003-12-01,142,99,142,99,241
70402,SAN CARLOS,estado nutricional en menores de 5 anos,clasificacion c,2003-12-01,326,174,326,174,500
80501,SAN IGNACIO,estado nutricional en menores de 5 anos,clasificacion c,2003-12-01,234,121,234,121,355
70301,SAN IGNACIO DE VELASCO,estado nutricional en menores de 5 anos,clasificacion c,2003-12-01,383,237,383,237,620
80102,SAN JAVIER(BNI),estado nutricional en menores de 5 anos,clasificacion c,2003-12-01,22,36,22,36,58
71102,SAN JAVIER(STC),estado nutricional en menores de 5 anos,clasificacion c,2003-12-01,92,38,92,38,130
80701,SAN JOAQUIN,estado nutricional en menores de 5 anos,clasificacion c,2003-12-01,79,60,79,60,139
71104,SAN JULIAN,estado nutricional en menores de 5 anos,clasificacion c,2003-12-01,322,404,322,404,726
90302,SAN LORENZO(PND),estado nutricional en menores de 5 anos,clasificacion c,2003-12-01,22,19,22,19,41
60501,SAN LORENZO(TJA),estado nutricional en menores de 5 anos,clasificacion c,2003-12-01,137,57,137,57,194
10702,SAN LUCAS,estado nutricional en menores de 5 anos,clasificacion c,2003-12-01,510,427,510,427,937
71201,SAN MATIAS,estado nutricional en menores de 5 anos,clasificacion c,2003-12-01,131,105,131,105,236
70302,SAN MIGUEL DE VELASCO,estado nutricional en menores de 5 anos,clasificacion c,2003-12-01,166,167,166,167,333
51001,SAN PABLO DE LIPEZ,estado nutricional en menores de 5 anos,clasificacion c,2003-12-01,24,12,24,12,36
50501,SAN PEDRO DE BUENA VISTA,estado nutricional en menores de 5 anos,clasificacion c,2003-12-01,166,239,166,239,405
21801,SAN PEDRO DE CURAHUARA,estado nutricional en menores de 5 anos,clasificacion c,2003-12-01,52,29,52,29,81
50902,SAN PEDRO DE QUEMES,estado nutricional en menores de 5 anos,clasificacion c,2003-12-01,8,20,8,20,28
21702,SAN PEDRO DE TIQUINA,estado nutricional en menores de 5 anos,clasificacion c,2003-12-01,32,49,32,49,81
70303,SAN RAFAEL,estado nutricional en menores de 5 anos,clasificacion c,2003-12-01,62,35,62,35,97
80702,SAN RAMON,estado nutricional en menores de 5 anos,clasificacion c,2003-12-01,1,4,1,4,5
80702,SAN RAMON,estado nutricional en menores de 5 anos,clasificacion c,2003-12-01,81,53,81,53,134
80401,SANTA ANA,estado nutricional en menores de 5 anos,clasificacion c,2003-12-01,170,97,170,97,267
70101,SANTA CRUZ DE LA SIERRA,estado nutricional en menores de 5 anos,clasificacion c,2003-12-01,3776,1870,3776,1870,5646
80303,SANTA ROSA,estado nutricional en menores de 5 anos,clasificacion c,2003-12-01,98,94,98,94,192
70602,SANTA ROSA DEL SARA,estado nutricional en menores de 5 anos,clasificacion c,2003-12-01,51,43,51,43,94
20308,SANTIAGO DE CALLAPA,estado nutricional en menores de 5 anos,clasificacion c,2003-12-01,94,58,94,58,152
41401,SANTIAGO DE HUARI,estado nutricional en menores de 5 anos,clasificacion c,2003-12-01,30,39,30,39,69
21901,SANTIAGO DE MACHACA,estado nutricional en menores de 5 anos,clasificacion c,2003-12-01,52,54,52,54,106
30702,SANTIVAÃ‘ES,estado nutricional en menores de 5 anos,clasificacion c,2003-12-01,83,23,83,23,106
40202,SANTUARIO DE QUILLACAS,estado nutricional en menores de 5 anos,clasificacion c,2003-12-01,17,13,17,13,30
20902,SAPAHAQUI,estado nutricional en menores de 5 anos,clasificacion c,2003-12-01,101,62,101,62,163
90303,SENA,estado nutricional en menores de 5 anos,clasificacion c,2003-12-01,37,62,37,62,99
21301,SICA SICA (VILLA AROMA),estado nutricional en menores de 5 anos,clasificacion c,2003-12-01,147,73,147,73,220
30703,SICAYA,estado nutricional en menores de 5 anos,clasificacion c,2003-12-01,8,17,8,17,25
30902,SIPE SIPE,estado nutricional en menores de 5 anos,clasificacion c,2003-12-01,238,134,238,134,372
10403,SOPACHUY,estado nutricional en menores de 5 anos,clasificacion c,2003-12-01,77,99,77,99,176
20601,SORATA,estado nutricional en menores de 5 anos,clasificacion c,2003-12-01,159,226,159,226,385
10101,SUCRE,estado nutricional en menores de 5 anos,clasificacion c,2003-12-01,1622,1026,1622,1026,2648
31404,TACACHI,estado nutricional en menores de 5 anos,clasificacion c,2003-12-01,10,1,10,1,11
20603,TACACOMA,estado nutricional en menores de 5 anos,clasificacion c,2003-12-01,36,36,36,36,72
50303,TACOBAMBA,estado nutricional en menores de 5 anos,clasificacion c,2003-12-01,155,143,155,143,298
30602,TACOPAYA,estado nutricional en menores de 5 anos,clasificacion c,2003-12-01,37,31,37,31,68
51402,TAHUA,estado nutricional en menores de 5 anos,clasificacion c,2003-12-01,4,2,4,2,6
31101,TAPACARI,estado nutricional en menores de 5 anos,clasificacion c,2003-12-01,138,151,138,151,289
10601,TARABUCO,estado nutricional en menores de 5 anos,clasificacion c,2003-12-01,468,582,468,582,1050
30401,TARATA,estado nutricional en menores de 5 anos,clasificacion c,2003-12-01,82,29,82,29,111
60101,TARIJA,estado nutricional en menores de 5 anos,clasificacion c,2003-12-01,2120,942,2120,942,3062
10202,TARVITA,estado nutricional en menores de 5 anos,clasificacion c,2003-12-01,77,112,77,112,189
20803,TIAWANACU,estado nutricional en menores de 5 anos,clasificacion c,2003-12-01,122,87,122,87,209
50102,TINGUIPAYA,estado nutricional en menores de 5 anos,clasificacion c,2003-12-01,178,399,178,399,577
20606,TIPUANI,estado nutricional en menores de 5 anos,clasificacion c,2003-12-01,94,91,94,91,185
30903,TIQUIPAYA,estado nutricional en menores de 5 anos,clasificacion c,2003-12-01,302,72,302,72,374
31601,TIRAQUE (CBBA),estado nutricional en menores de 5 anos,clasificacion c,2003-12-01,426,261,426,261,687
21703,TITO YUPANQUI (PARQUIPUJIO),estado nutricional en menores de 5 anos,clasificacion c,2003-12-01,9,11,9,11,20
30802,TOCO,estado nutricional en menores de 5 anos,clasificacion c,2003-12-01,1,26,1,26,27
30803,TOLATA,estado nutricional en menores de 5 anos,clasificacion c,2003-12-01,39,14,39,14,53
41001,TOLEDO,estado nutricional en menores de 5 anos,clasificacion c,2003-12-01,49,26,49,26,75
51202,TOMAVE,estado nutricional en menores de 5 anos,clasificacion c,2003-12-01,111,99,111,99,210
10402,TOMINA,estado nutricional en menores de 5 anos,clasificacion c,2003-12-01,188,272,188,272,460
50502,TORO TORO,estado nutricional en menores de 5 anos,clasificacion c,2003-12-01,178,249,178,249,427
31201,TOTORA(CBBA),estado nutricional en menores de 5 anos,clasificacion c,2003-12-01,93,49,93,49,142
41301,TOTORA(ORR),estado nutricional en menores de 5 anos,clasificacion c,2003-12-01,52,53,52,53,105
70802,TRIGAL,estado nutricional en menores de 5 anos,clasificacion c,2003-12-01,8,5,8,5,13
80101,TRINIDAD,estado nutricional en menores de 5 anos,clasificacion c,2003-12-01,677,558,677,558,1235
50801,TUPIZA,estado nutricional en menores de 5 anos,clasificacion c,2003-12-01,480,508,480,508,988
40402,TURCO,estado nutricional en menores de 5 anos,clasificacion c,2003-12-01,27,42,27,42,69
21302,UMALA,estado nutricional en menores de 5 anos,clasificacion c,2003-12-01,89,84,89,84,173
50201,UNCIA,estado nutricional en menores de 5 anos,clasificacion c,2003-12-01,32,24,32,24,56
60401,URIONDO (A. CONCEPCION),estado nutricional en menores de 5 anos,clasificacion c,2003-12-01,162,227,162,227,389
71502,URUBICHA,estado nutricional en menores de 5 anos,clasificacion c,2003-12-01,77,117,77,117,194
51201,UYUNI,estado nutricional en menores de 5 anos,clasificacion c,2003-12-01,153,119,153,119,272
30502,VACAS,estado nutricional en menores de 5 anos,clasificacion c,2003-12-01,41,14,41,14,55
70801,VALLEGRANDE,estado nutricional en menores de 5 anos,clasificacion c,2003-12-01,139,107,139,107,246
20801,VIACHA,estado nutricional en menores de 5 anos,clasificacion c,2003-12-01,380,184,380,184,564
31302,VILA VILA,estado nutricional en menores de 5 anos,clasificacion c,2003-12-01,18,20,18,20,38
60303,VILLA MONTES,estado nutricional en menores de 5 anos,clasificacion c,2003-12-01,273,153,273,153,426
90502,VILLA NUEVA (LOMA ALTA),estado nutricional en menores de 5 anos,clasificacion c,2003-12-01,4,2,4,2,6
31402,VILLA RIVERO,estado nutricional en menores de 5 anos,clasificacion c,2003-12-01,54,35,54,35,89
10801,VILLA SERRANO,estado nutricional en menores de 5 anos,clasificacion c,2003-12-01,227,280,227,280,507
31003,VILLA TUNARI,estado nutricional en menores de 5 anos,clasificacion c,2003-12-01,569,417,569,417,986
11001,VILLA VACA GUZMAN (MUYUPAMPA),estado nutricional en menores de 5 anos,clasificacion c,2003-12-01,229,306,229,306,535
51501,VILLAZON,estado nutricional en menores de 5 anos,clasificacion c,2003-12-01,472,411,472,411,883
30904,VINTO,estado nutricional en menores de 5 anos,clasificacion c,2003-12-01,52,20,52,20,72
50602,VITICHI,estado nutricional en menores de 5 anos,clasificacion c,2003-12-01,97,140,97,140,237
20306,WALDO BALLIVIAN,estado nutricional en menores de 5 anos,clasificacion c,2003-12-01,19,16,19,16,35
20903,YACO,estado nutricional en menores de 5 anos,clasificacion c,2003-12-01,49,41,49,41,90
60301,YACUIBA,estado nutricional en menores de 5 anos,clasificacion c,2003-12-01,464,181,464,181,645
10602,YAMPARAEZ,estado nutricional en menores de 5 anos,clasificacion c,2003-12-01,260,395,260,395,655
21103,YANACACHI,estado nutricional en menores de 5 anos,clasificacion c,2003-12-01,56,30,56,30,86
70403,YAPACANI,estado nutricional en menores de 5 anos,clasificacion c,2003-12-01,521,346,521,346,867
50103,YOCALLA,estado nutricional en menores de 5 anos,clasificacion c,2003-12-01,47,72,47,72,119
10102,YOTALA,estado nutricional en menores de 5 anos,clasificacion c,2003-12-01,144,212,144,212,356
60402,YUNCHARA,estado nutricional en menores de 5 anos,clasificacion c,2003-12-01,59,97,59,97,156
10301,ZUDAÃ‘EZ,estado nutricional en menores de 5 anos,clasificacion c,2003-12-01,146,171,146,171,317
