codigo_municipio,municipio,grupo,variable,mes,hombres,mujeres,hombres total,mujeres total,total
51302,ACACIO,estado nutricional,clasificacion c,2004-01-01,89,125,89,125,214
20201,ACHACACHI,estado nutricional,clasificacion c,2004-01-01,539,667,539,667,1206
20104,ACHOCALLA,estado nutricional,clasificacion c,2004-01-01,63,21,63,21,84
30201,AIQUILE,estado nutricional,clasificacion c,2004-01-01,127,103,127,103,230
31303,ALALAY,estado nutricional,clasificacion c,2004-01-01,7,22,7,22,29
10404,ALCALA,estado nutricional,clasificacion c,2004-01-01,58,134,58,134,192
20202,ANCORAIMES,estado nutricional,clasificacion c,2004-01-01,249,303,249,303,552
41201,ANDAMARCA,estado nutricional,clasificacion c,2004-01-01,38,29,38,29,67
40603,ANTEQUERA,estado nutricional,clasificacion c,2004-01-01,23,55,23,55,78
30402,ANZALDO,estado nutricional,clasificacion c,2004-01-01,17,15,17,15,32
20701,APOLO,estado nutricional,clasificacion c,2004-01-01,85,37,85,37,122
51301,ARAMPAMPA,estado nutricional,clasificacion c,2004-01-01,68,70,68,70,138
30501,ARANI,estado nutricional,clasificacion c,2004-01-01,71,18,71,18,89
30403,ARBIETO,estado nutricional,clasificacion c,2004-01-01,63,30,63,30,93
30601,ARQUE,estado nutricional,clasificacion c,2004-01-01,72,50,72,50,122
50802,ATOCHA,estado nutricional,clasificacion c,2004-01-01,122,333,122,333,455
20503,AUCAPATA,estado nutricional,clasificacion c,2004-01-01,32,12,32,12,44
20502,AYATA,estado nutricional,clasificacion c,2004-01-01,58,39,58,39,97
21303,AYO AYO,estado nutricional,clasificacion c,2004-01-01,43,50,43,50,93
30301,AYOPAYA (V. DE INDEPENDENCIA),estado nutricional,clasificacion c,2004-01-01,217,160,217,160,377
10201,AZURDUY,estado nutricional,clasificacion c,2004-01-01,317,357,317,357,674
21203,BATALLAS,estado nutricional,clasificacion c,2004-01-01,138,124,138,124,262
80802,BAURES,estado nutricional,clasificacion c,2004-01-01,44,23,44,23,67
41202,BELEN DE ANDAMARCA,estado nutricional,clasificacion c,2004-01-01,4,2,4,2,6
50104,BELEN DE URMIRI,estado nutricional,clasificacion c,2004-01-01,1,3,1,3,4
90104,BELLA FLOR,estado nutricional,clasificacion c,2004-01-01,28,50,28,50,78
60202,BERMEJO,estado nutricional,clasificacion c,2004-01-01,60,35,60,35,95
50301,BETANZOS,estado nutricional,clasificacion c,2004-01-01,361,276,361,276,637
31501,BOLIVAR,estado nutricional,clasificacion c,2004-01-01,101,115,101,115,216
90103,BOLPEBRA,estado nutricional,clasificacion c,2004-01-01,2,5,2,5,7
70707,BOYUIBE,estado nutricional,clasificacion c,2004-01-01,31,12,31,12,43
70401,BUENA VISTA,estado nutricional,clasificacion c,2004-01-01,19,12,19,12,31
70703,CABEZAS,estado nutricional,clasificacion c,2004-01-01,142,138,142,138,280
20905,CAIROMA,estado nutricional,clasificacion c,2004-01-01,137,130,137,130,267
51102,"CAIZA ""D""",estado nutricional,clasificacion c,2004-01-01,87,65,87,65,152
21003,CAJUATA,estado nutricional,clasificacion c,2004-01-01,96,87,96,87,183
20303,CALACOTO,estado nutricional,clasificacion c,2004-01-01,33,2,33,2,35
21304,CALAMARCA,estado nutricional,clasificacion c,2004-01-01,128,36,128,36,164
10701,CAMARGO,estado nutricional,clasificacion c,2004-01-01,222,160,222,160,382
10901,CAMATAQUI (C. VILLA ABECIA),estado nutricional,clasificacion c,2004-01-01,56,39,56,39,95
70706,CAMIRI,estado nutricional,clasificacion c,2004-01-01,325,197,325,197,522
30701,CAPINOTA,estado nutricional,clasificacion c,2004-01-01,81,60,81,60,141
20302,CAQUIAVIRI,estado nutricional,clasificacion c,2004-01-01,108,83,108,83,191
40102,CARACOLLO,estado nutricional,clasificacion c,2004-01-01,134,99,134,99,233
22001,CARANAVI,estado nutricional,clasificacion c,2004-01-01,506,329,506,329,835
41503,CARANGAS,estado nutricional,clasificacion c,2004-01-01,1,0,1,0,1
60302,CARAPARI,estado nutricional,clasificacion c,2004-01-01,132,96,132,96,228
50702,CARIPUYO,estado nutricional,clasificacion c,2004-01-01,139,153,139,153,292
21902,CATACORA,estado nutricional,clasificacion c,2004-01-01,26,55,26,55,81
21803,CHACARILLA,estado nutricional,clasificacion c,2004-01-01,35,29,35,29,64
40201,CHALLAPATA,estado nutricional,clasificacion c,2004-01-01,96,216,96,216,312
50302,CHAQUI,estado nutricional,clasificacion c,2004-01-01,77,46,77,46,123
70702,CHARAGUA,estado nutricional,clasificacion c,2004-01-01,245,282,245,282,527
20305,CHARAÃ‘A,estado nutricional,clasificacion c,2004-01-01,27,12,27,12,39
50202,CHAYANTA,estado nutricional,clasificacion c,2004-01-01,113,93,113,93,206
31204,CHIMORE,estado nutricional,clasificacion c,2004-01-01,100,69,100,69,169
40903,CHIPAYA,estado nutricional,clasificacion c,2004-01-01,0,1,0,1,1
21101,CHULUMANI (V. DE LA LIBERTAD),estado nutricional,clasificacion c,2004-01-01,78,74,78,74,152
20501,CHUMA,estado nutricional,clasificacion c,2004-01-01,48,35,48,35,83
30801,CLIZA,estado nutricional,clasificacion c,2004-01-01,56,33,56,33,89
90101,COBIJA,estado nutricional,clasificacion c,2004-01-01,380,228,380,228,608
30101,COCHABAMBA,estado nutricional,clasificacion c,2004-01-01,2281,1017,2281,1017,3298
40902,COIPASA,estado nutricional,clasificacion c,2004-01-01,4,10,4,10,14
30905,COLCAPIRHUA,estado nutricional,clasificacion c,2004-01-01,216,73,216,73,289
50901,"COLCHA ""K""",estado nutricional,clasificacion c,2004-01-01,77,89,77,89,166
21307,COLLANA,estado nutricional,clasificacion c,2004-01-01,21,2,21,2,23
31002,COLOMI,estado nutricional,clasificacion c,2004-01-01,343,146,343,146,489
50401,COLQUECHACA,estado nutricional,clasificacion c,2004-01-01,263,117,263,117,380
21306,COLQUENCHA,estado nutricional,clasificacion c,2004-01-01,36,14,36,14,50
21004,COLQUIRI,estado nutricional,clasificacion c,2004-01-01,183,76,183,76,259
20304,COMANCHE,estado nutricional,clasificacion c,2004-01-01,53,48,53,48,101
71301,COMARAPA,estado nutricional,clasificacion c,2004-01-01,162,103,162,103,265
20605,COMBAYA,estado nutricional,clasificacion c,2004-01-01,9,28,9,28,37
71101,CONCEPCION,estado nutricional,clasificacion c,2004-01-01,145,635,145,635,780
21701,COPACABANA,estado nutricional,clasificacion c,2004-01-01,101,56,101,56,157
21402,CORIPATA,estado nutricional,clasificacion c,2004-01-01,37,2,37,2,39
20301,CORO CORO,estado nutricional,clasificacion c,2004-01-01,83,41,83,41,124
21401,COROICO,estado nutricional,clasificacion c,2004-01-01,120,84,120,84,204
40301,CORQUE,estado nutricional,clasificacion c,2004-01-01,48,39,48,39,87
50601,COTAGAITA,estado nutricional,clasificacion c,2004-01-01,307,244,307,244,551
70102,COTOCA,estado nutricional,clasificacion c,2004-01-01,313,93,313,93,406
31405,CUCHUMUELA (V. G. VILLARROEL),estado nutricional,clasificacion c,2004-01-01,33,24,33,24,57
70704,CUEVO,estado nutricional,clasificacion c,2004-01-01,40,30,40,30,70
10902,CULPINA,estado nutricional,clasificacion c,2004-01-01,363,243,363,243,606
40401,CURAHUARA DE CARANGAS,estado nutricional,clasificacion c,2004-01-01,46,6,46,6,52
21602,CURVA,estado nutricional,clasificacion c,2004-01-01,28,12,28,12,40
20804,DESAGUADERO,estado nutricional,clasificacion c,2004-01-01,37,32,37,32,69
20105,EL ALTO,estado nutricional,clasificacion c,2004-01-01,5485,1959,5485,1959,7444
40103,EL CHORO,estado nutricional,clasificacion c,2004-01-01,19,24,19,24,43
71503,EL PUENTE(STC),estado nutricional,clasificacion c,2004-01-01,163,237,163,237,400
60502,EL PUENTE(TJA),estado nutricional,clasificacion c,2004-01-01,92,164,92,164,256
70105,EL TORNO,estado nutricional,clasificacion c,2004-01-01,456,206,456,206,662
10405,EL VILLAR,estado nutricional,clasificacion c,2004-01-01,88,144,88,144,232
60601,ENTRE RIOS,estado nutricional,clasificacion c,2004-01-01,209,170,209,170,379
40502,ESCARA,estado nutricional,clasificacion c,2004-01-01,2,3,2,3,5
41101,EUCALIPTUS,estado nutricional,clasificacion c,2004-01-01,53,28,53,28,81
90503,EUREKA (SANTOS MERCADO),estado nutricional,clasificacion c,2004-01-01,3,5,3,5,8
80402,EXALTACION,estado nutricional,clasificacion c,2004-01-01,29,23,29,23,52
90203,FILADELFIA,estado nutricional,clasificacion c,2004-01-01,17,40,17,40,57
71002,GENERAL SAAVEDRA,estado nutricional,clasificacion c,2004-01-01,351,425,351,425,776
21601,GRAL. J.J. PEREZ (CHARAZANI),estado nutricional,clasificacion c,2004-01-01,78,70,78,70,148
20602,GUANAY,estado nutricional,clasificacion c,2004-01-01,524,320,524,320,844
20802,GUAQUI,estado nutricional,clasificacion c,2004-01-01,47,20,47,20,67
80202,GUAYARAMERIN,estado nutricional,clasificacion c,2004-01-01,349,207,349,207,556
70705,GUTIERREZ,estado nutricional,clasificacion c,2004-01-01,228,187,228,187,415
10502,HUACARETA,estado nutricional,clasificacion c,2004-01-01,163,265,163,265,428
11002,HUACAYA (VILLA DE HUACAYA),estado nutricional,clasificacion c,2004-01-01,42,73,42,73,115
40501,HUACHACALLA,estado nutricional,clasificacion c,2004-01-01,8,12,8,12,20
40701,HUANUNI,estado nutricional,clasificacion c,2004-01-01,322,123,322,123,445
80803,HUARACAJE,estado nutricional,clasificacion c,2004-01-01,34,28,34,28,62
41601,HUAYLLAMARCA,estado nutricional,clasificacion c,2004-01-01,40,26,40,26,66
21005,ICHOCA,estado nutricional,clasificacion c,2004-01-01,24,14,24,14,38
10304,ICLA,estado nutricional,clasificacion c,2004-01-01,190,319,190,319,509
10703,INCAHUASI,estado nutricional,clasificacion c,2004-01-01,295,165,295,165,460
21001,INQUISIVI,estado nutricional,clasificacion c,2004-01-01,112,99,112,99,211
21102,IRUPANA (VILLA DE LANZA),estado nutricional,clasificacion c,2004-01-01,139,118,139,118,257
21501,IXIAMAS,estado nutricional,clasificacion c,2004-01-01,63,53,63,53,116
21105,LA ASUNTA,estado nutricional,clasificacion c,2004-01-01,196,62,196,62,258
70104,LA GUARDIA,estado nutricional,clasificacion c,2004-01-01,565,345,565,345,910
20101,LA PAZ,estado nutricional,clasificacion c,2004-01-01,4849,2796,4849,2796,7645
41501,LA RIVERA,estado nutricional,clasificacion c,2004-01-01,4,2,4,2,6
70701,LAGUNILLAS,estado nutricional,clasificacion c,2004-01-01,59,88,59,88,147
21202,LAJA,estado nutricional,clasificacion c,2004-01-01,128,57,128,57,185
10903,LAS CARRERAS,estado nutricional,clasificacion c,2004-01-01,52,73,52,73,125
21006,LICOMA PAMPA,estado nutricional,clasificacion c,2004-01-01,28,17,28,17,45
50203,LLALLAGUA,estado nutricional,clasificacion c,2004-01-01,284,498,284,498,782
51401,LLICA,estado nutricional,clasificacion c,2004-01-01,49,28,49,28,77
80601,LORETO,estado nutricional,clasificacion c,2004-01-01,33,49,33,49,82
20901,LURIBAY,estado nutricional,clasificacion c,2004-01-01,119,51,119,51,170
40702,MACHACAMARCA,estado nutricional,clasificacion c,2004-01-01,50,27,50,27,77
11003,MACHARETI,estado nutricional,clasificacion c,2004-01-01,163,258,163,258,421
80801,MAGDALENA,estado nutricional,clasificacion c,2004-01-01,146,135,146,135,281
70903,MAIRANA,estado nutricional,clasificacion c,2004-01-01,97,35,97,35,132
20904,MALLA,estado nutricional,clasificacion c,2004-01-01,12,15,12,15,27
20103,MECAPACA,estado nutricional,clasificacion c,2004-01-01,109,82,109,82,191
71003,MINEROS,estado nutricional,clasificacion c,2004-01-01,582,401,582,401,983
31301,MIZQUE,estado nutricional,clasificacion c,2004-01-01,119,111,119,111,230
20402,MOCOMOCO,estado nutricional,clasificacion c,2004-01-01,163,130,163,130,293
51002,MOJINETE,estado nutricional,clasificacion c,2004-01-01,9,27,9,27,36
10303,MOJOCOYA,estado nutricional,clasificacion c,2004-01-01,147,217,147,217,364
10501,MONTEAGUDO,estado nutricional,clasificacion c,2004-01-01,383,351,383,351,734
71001,MONTERO,estado nutricional,clasificacion c,2004-01-01,1527,943,1527,943,2470
70803,MORO MORO,estado nutricional,clasificacion c,2004-01-01,29,18,29,18,47
30302,MOROCHATA,estado nutricional,clasificacion c,2004-01-01,104,73,104,73,177
20307,NAZACARA DE PACAJES,estado nutricional,clasificacion c,2004-01-01,7,0,7,0,7
90501,NUEVO MANOA (NUEVA ESPERANZA),estado nutricional,clasificacion c,2004-01-01,0,7,0,7,7
50404,OCURI,estado nutricional,clasificacion c,2004-01-01,142,86,142,86,228
70202,OKINAWA,estado nutricional,clasificacion c,2004-01-01,135,100,135,100,235
30203,OMEREQUE,estado nutricional,clasificacion c,2004-01-01,76,50,76,50,126
40101,ORURO,estado nutricional,clasificacion c,2004-01-01,1835,1109,1835,1109,2944
60201,PADCAYA,estado nutricional,clasificacion c,2004-01-01,181,210,181,210,391
10401,PADILLA,estado nutricional,clasificacion c,2004-01-01,254,321,254,321,575
70502,PAILON,estado nutricional,clasificacion c,2004-01-01,145,110,145,110,255
20102,PALCA,estado nutricional,clasificacion c,2004-01-01,124,76,124,76,200
21104,PALOS BLANCOS,estado nutricional,clasificacion c,2004-01-01,248,152,248,152,400
40802,PAMPA AULLAGAS,estado nutricional,clasificacion c,2004-01-01,34,20,34,20,54
70902,PAMPA GRANDE,estado nutricional,clasificacion c,2004-01-01,45,44,45,44,89
21802,PAPEL PAMPA,estado nutricional,clasificacion c,2004-01-01,44,12,44,12,56
30202,PASORAPA,estado nutricional,clasificacion c,2004-01-01,28,34,28,34,62
21305,PATACAMAYA,estado nutricional,clasificacion c,2004-01-01,296,96,296,96,392
40602,PAZÃ‘A,estado nutricional,clasificacion c,2004-01-01,41,82,41,82,123
20702,PELECHUCO,estado nutricional,clasificacion c,2004-01-01,32,28,32,28,60
50403,POCOATA,estado nutricional,clasificacion c,2004-01-01,144,118,144,118,262
31203,POCONA,estado nutricional,clasificacion c,2004-01-01,32,50,32,50,82
31202,POJO (CBBA),estado nutricional,clasificacion c,2004-01-01,339,312,339,312,651
40601,POOPO,estado nutricional,clasificacion c,2004-01-01,59,29,59,29,88
51203,PORCO,estado nutricional,clasificacion c,2004-01-01,85,47,85,47,132
10103,POROMA,estado nutricional,clasificacion c,2004-01-01,172,184,172,184,356
70103,PORONGO,estado nutricional,clasificacion c,2004-01-01,83,39,83,39,122
70601,PORTACHUELO,estado nutricional,clasificacion c,2004-01-01,249,207,249,207,456
70804,POSTRER VALLE,estado nutricional,clasificacion c,2004-01-01,11,11,11,11,22
50101,POTOSI,estado nutricional,clasificacion c,2004-01-01,1459,508,1459,508,1967
10302,PRESTO,estado nutricional,clasificacion c,2004-01-01,104,121,104,121,225
70805,PUCARA,estado nutricional,clasificacion c,2004-01-01,20,12,20,12,32
21201,PUCARANI,estado nutricional,clasificacion c,2004-01-01,194,64,194,64,258
20401,PUERTO ACOSTA,estado nutricional,clasificacion c,2004-01-01,221,211,221,211,432
20403,PUERTO CARABUCO,estado nutricional,clasificacion c,2004-01-01,98,117,98,117,215
90301,PUERTO GONZALO MORENO,estado nutricional,clasificacion c,2004-01-01,12,21,12,21,33
21204,PUERTO PEREZ,estado nutricional,clasificacion c,2004-01-01,60,46,60,46,106
71402,PUERTO QUIJARRO,estado nutricional,clasificacion c,2004-01-01,143,35,143,35,178
90201,PUERTO RICO,estado nutricional,clasificacion c,2004-01-01,22,2,22,2,24
80703,PUERTO SILES,estado nutricional,clasificacion c,2004-01-01,9,18,9,18,27
71401,PUERTO SUAREZ,estado nutricional,clasificacion c,2004-01-01,155,85,155,85,240
31205,PUERTO VILLARROEL,estado nutricional,clasificacion c,2004-01-01,456,306,456,306,762
51101,PUNA,estado nutricional,clasificacion c,2004-01-01,291,195,291,195,486
31401,PUNATA,estado nutricional,clasificacion c,2004-01-01,370,109,370,109,479
20604,QUIABAYA,estado nutricional,clasificacion c,2004-01-01,33,41,33,41,74
30901,QUILLACOLLO,estado nutricional,clasificacion c,2004-01-01,480,266,480,266,746
21002,QUIME,estado nutricional,clasificacion c,2004-01-01,185,152,185,152,337
70904,QUIRUSILLAS,estado nutricional,clasificacion c,2004-01-01,14,8,14,8,22
50402,RAVELO,estado nutricional,clasificacion c,2004-01-01,188,135,188,135,323
80301,REYES,estado nutricional,clasificacion c,2004-01-01,222,160,222,160,382
80201,RIBERALTA,estado nutricional,clasificacion c,2004-01-01,1042,485,1042,485,1527
70503,ROBORE,estado nutricional,clasificacion c,2004-01-01,196,226,196,226,422
80304,RURRENABAQUE,estado nutricional,clasificacion c,2004-01-01,154,86,154,86,240
40901,SABAYA,estado nutricional,clasificacion c,2004-01-01,16,20,16,20,36
31001,SACABA,estado nutricional,clasificacion c,2004-01-01,493,201,493,201,694
30404,SACABAMBA,estado nutricional,clasificacion c,2004-01-01,52,39,52,39,91
50701,SACACA,estado nutricional,clasificacion c,2004-01-01,105,103,105,103,208
71302,SAIPINA,estado nutricional,clasificacion c,2004-01-01,37,35,37,35,72
40801,SALINAS DE GARCI MENDOZA,estado nutricional,clasificacion c,2004-01-01,51,38,51,38,89
70901,SAMAIPATA,estado nutricional,clasificacion c,2004-01-01,105,92,105,92,197
51601,SAN AGUSTIN,estado nutricional,clasificacion c,2004-01-01,33,22,33,22,55
80602,SAN ANDRES,estado nutricional,clasificacion c,2004-01-01,89,104,89,104,193
51003,SAN ANTONIO DE ESMORUCO,estado nutricional,clasificacion c,2004-01-01,1,6,1,6,7
71105,SAN ANTONIO DE LOMERIO,estado nutricional,clasificacion c,2004-01-01,99,95,99,95,194
31403,SAN BENITO,estado nutricional,clasificacion c,2004-01-01,118,41,118,41,159
80302,SAN BORJA,estado nutricional,clasificacion c,2004-01-01,539,276,539,276,815
21502,SAN BUENA VENTURA,estado nutricional,clasificacion c,2004-01-01,118,67,118,67,185
70402,SAN CARLOS,estado nutricional,clasificacion c,2004-01-01,257,160,257,160,417
80501,SAN IGNACIO,estado nutricional,clasificacion c,2004-01-01,206,145,206,145,351
70301,SAN IGNACIO DE VELASCO,estado nutricional,clasificacion c,2004-01-01,657,352,657,352,1009
80102,SAN JAVIER(BNI),estado nutricional,clasificacion c,2004-01-01,54,57,54,57,111
71102,SAN JAVIER(STC),estado nutricional,clasificacion c,2004-01-01,68,16,68,16,84
80701,SAN JOAQUIN,estado nutricional,clasificacion c,2004-01-01,62,43,62,43,105
70501,SAN JOSE DE CHIQUITOS,estado nutricional,clasificacion c,2004-01-01,155,70,155,70,225
71104,SAN JULIAN,estado nutricional,clasificacion c,2004-01-01,483,519,483,519,1002
90302,SAN LORENZO(PND),estado nutricional,clasificacion c,2004-01-01,19,25,19,25,44
60501,SAN LORENZO(TJA),estado nutricional,clasificacion c,2004-01-01,130,107,130,107,237
10702,SAN LUCAS,estado nutricional,clasificacion c,2004-01-01,665,501,665,501,1166
71201,SAN MATIAS,estado nutricional,clasificacion c,2004-01-01,34,67,34,67,101
70302,SAN MIGUEL DE VELASCO,estado nutricional,clasificacion c,2004-01-01,141,78,141,78,219
51001,SAN PABLO DE LIPEZ,estado nutricional,clasificacion c,2004-01-01,20,12,20,12,32
50501,SAN PEDRO DE BUENA VISTA,estado nutricional,clasificacion c,2004-01-01,119,198,119,198,317
21801,SAN PEDRO DE CURAHUARA,estado nutricional,clasificacion c,2004-01-01,41,49,41,49,90
50902,SAN PEDRO DE QUEMES,estado nutricional,clasificacion c,2004-01-01,4,4,4,4,8
21702,SAN PEDRO DE TIQUINA,estado nutricional,clasificacion c,2004-01-01,57,90,57,90,147
90202,SAN PEDRO(PND),estado nutricional,clasificacion c,2004-01-01,0,11,0,11,11
70303,SAN RAFAEL,estado nutricional,clasificacion c,2004-01-01,60,67,60,67,127
80702,SAN RAMON,estado nutricional,clasificacion c,2004-01-01,115,61,115,61,176
80401,SANTA ANA,estado nutricional,clasificacion c,2004-01-01,121,68,121,68,189
70101,SANTA CRUZ DE LA SIERRA,estado nutricional,clasificacion c,2004-01-01,7869,3539,7869,3539,11408
80303,SANTA ROSA,estado nutricional,clasificacion c,2004-01-01,63,29,63,29,92
70602,SANTA ROSA DEL SARA,estado nutricional,clasificacion c,2004-01-01,57,50,57,50,107
20308,SANTIAGO DE CALLAPA,estado nutricional,clasificacion c,2004-01-01,36,16,36,16,52
41401,SANTIAGO DE HUARI,estado nutricional,clasificacion c,2004-01-01,66,57,66,57,123
21901,SANTIAGO DE MACHACA,estado nutricional,clasificacion c,2004-01-01,39,19,39,19,58
30702,SANTIVAÃ‘ES,estado nutricional,clasificacion c,2004-01-01,127,51,127,51,178
40202,SANTUARIO DE QUILLACAS,estado nutricional,clasificacion c,2004-01-01,14,22,14,22,36
20902,SAPAHAQUI,estado nutricional,clasificacion c,2004-01-01,36,12,36,12,48
90303,SENA,estado nutricional,clasificacion c,2004-01-01,30,18,30,18,48
21301,SICA SICA (VILLA AROMA),estado nutricional,clasificacion c,2004-01-01,104,49,104,49,153
30703,SICAYA,estado nutricional,clasificacion c,2004-01-01,15,2,15,2,17
30902,SIPE SIPE,estado nutricional,clasificacion c,2004-01-01,201,88,201,88,289
10403,SOPACHUY,estado nutricional,clasificacion c,2004-01-01,175,194,175,194,369
20601,SORATA,estado nutricional,clasificacion c,2004-01-01,155,226,155,226,381
10101,SUCRE,estado nutricional,clasificacion c,2004-01-01,2153,1092,2153,1092,3245
31404,TACACHI,estado nutricional,clasificacion c,2004-01-01,11,1,11,1,12
20603,TACACOMA,estado nutricional,clasificacion c,2004-01-01,27,34,27,34,61
50303,TACOBAMBA,estado nutricional,clasificacion c,2004-01-01,55,67,55,67,122
30602,TACOPAYA,estado nutricional,clasificacion c,2004-01-01,116,70,116,70,186
51402,TAHUA,estado nutricional,clasificacion c,2004-01-01,21,23,21,23,44
31101,TAPACARI,estado nutricional,clasificacion c,2004-01-01,159,143,159,143,302
10601,TARABUCO,estado nutricional,clasificacion c,2004-01-01,433,594,433,594,1027
30401,TARATA,estado nutricional,clasificacion c,2004-01-01,112,33,112,33,145
60101,TARIJA,estado nutricional,clasificacion c,2004-01-01,1464,697,1464,697,2161
10202,TARVITA,estado nutricional,clasificacion c,2004-01-01,351,381,351,381,732
20803,TIAWANACU,estado nutricional,clasificacion c,2004-01-01,162,81,162,81,243
50102,TINGUIPAYA,estado nutricional,clasificacion c,2004-01-01,49,71,49,71,120
20606,TIPUANI,estado nutricional,clasificacion c,2004-01-01,102,56,102,56,158
30903,TIQUIPAYA,estado nutricional,clasificacion c,2004-01-01,287,76,287,76,363
31601,TIRAQUE (CBBA),estado nutricional,clasificacion c,2004-01-01,488,295,488,295,783
21703,TITO YUPANQUI (PARQUIPUJIO),estado nutricional,clasificacion c,2004-01-01,16,18,16,18,34
30802,TOCO,estado nutricional,clasificacion c,2004-01-01,23,11,23,11,34
41502,TODOS SANTOS,estado nutricional,clasificacion c,2004-01-01,0,2,0,2,2
30803,TOLATA,estado nutricional,clasificacion c,2004-01-01,21,19,21,19,40
41001,TOLEDO,estado nutricional,clasificacion c,2004-01-01,59,16,59,16,75
51202,TOMAVE,estado nutricional,clasificacion c,2004-01-01,99,73,99,73,172
10402,TOMINA,estado nutricional,clasificacion c,2004-01-01,170,218,170,218,388
50502,TORO TORO,estado nutricional,clasificacion c,2004-01-01,131,125,131,125,256
31201,TOTORA(CBBA),estado nutricional,clasificacion c,2004-01-01,75,26,75,26,101
41301,TOTORA(ORR),estado nutricional,clasificacion c,2004-01-01,28,19,28,19,47
70802,TRIGAL,estado nutricional,clasificacion c,2004-01-01,4,5,4,5,9
80101,TRINIDAD,estado nutricional,clasificacion c,2004-01-01,1136,1024,1136,1024,2160
50801,TUPIZA,estado nutricional,clasificacion c,2004-01-01,527,429,527,429,956
21302,UMALA,estado nutricional,clasificacion c,2004-01-01,23,35,23,35,58
50201,UNCIA,estado nutricional,clasificacion c,2004-01-01,99,45,99,45,144
60401,URIONDO (A. CONCEPCION),estado nutricional,clasificacion c,2004-01-01,190,230,190,230,420
71502,URUBICHA,estado nutricional,clasificacion c,2004-01-01,29,44,29,44,73
51201,UYUNI,estado nutricional,clasificacion c,2004-01-01,198,148,198,148,346
30502,VACAS,estado nutricional,clasificacion c,2004-01-01,72,26,72,26,98
70801,VALLEGRANDE,estado nutricional,clasificacion c,2004-01-01,185,159,185,159,344
20801,VIACHA,estado nutricional,clasificacion c,2004-01-01,416,197,416,197,613
31302,VILA VILA,estado nutricional,clasificacion c,2004-01-01,11,0,11,0,11
60303,VILLA MONTES,estado nutricional,clasificacion c,2004-01-01,409,263,409,263,672
90502,VILLA NUEVA (LOMA ALTA),estado nutricional,clasificacion c,2004-01-01,7,3,7,3,10
31402,VILLA RIVERO,estado nutricional,clasificacion c,2004-01-01,42,21,42,21,63
10801,VILLA SERRANO,estado nutricional,clasificacion c,2004-01-01,279,277,279,277,556
31003,VILLA TUNARI,estado nutricional,clasificacion c,2004-01-01,563,432,563,432,995
11001,VILLA VACA GUZMAN (MUYUPAMPA),estado nutricional,clasificacion c,2004-01-01,164,229,164,229,393
51501,VILLAZON,estado nutricional,clasificacion c,2004-01-01,508,352,508,352,860
30904,VINTO,estado nutricional,clasificacion c,2004-01-01,126,56,126,56,182
50602,VITICHI,estado nutricional,clasificacion c,2004-01-01,107,112,107,112,219
20306,WALDO BALLIVIAN,estado nutricional,clasificacion c,2004-01-01,23,10,23,10,33
70201,WARNES,estado nutricional,clasificacion c,2004-01-01,426,241,426,241,667
20903,YACO,estado nutricional,clasificacion c,2004-01-01,49,38,49,38,87
60301,YACUIBA,estado nutricional,clasificacion c,2004-01-01,642,324,642,324,966
10602,YAMPARAEZ,estado nutricional,clasificacion c,2004-01-01,237,397,237,397,634
21103,YANACACHI,estado nutricional,clasificacion c,2004-01-01,61,37,61,37,98
70403,YAPACANI,estado nutricional,clasificacion c,2004-01-01,556,414,556,414,970
50103,YOCALLA,estado nutricional,clasificacion c,2004-01-01,51,51,51,51,102
10102,YOTALA,estado nutricional,clasificacion c,2004-01-01,133,187,133,187,320
60402,YUNCHARA,estado nutricional,clasificacion c,2004-01-01,61,60,61,60,121
10301,ZUDAÃ‘EZ,estado nutricional,clasificacion c,2004-01-01,187,188,187,188,375
51302,ACACIO,estado nutricional,clasificacion c,2004-02-01,113,131,113,131,244
20201,ACHACACHI,estado nutricional,clasificacion c,2004-02-01,599,653,599,653,1252
20104,ACHOCALLA,estado nutricional,clasificacion c,2004-02-01,96,54,96,54,150
30201,AIQUILE,estado nutricional,clasificacion c,2004-02-01,122,82,122,82,204
31303,ALALAY,estado nutricional,clasificacion c,2004-02-01,27,3,27,3,30
10404,ALCALA,estado nutricional,clasificacion c,2004-02-01,55,125,55,125,180
20202,ANCORAIMES,estado nutricional,clasificacion c,2004-02-01,121,160,121,160,281
41201,ANDAMARCA,estado nutricional,clasificacion c,2004-02-01,29,21,29,21,50
40603,ANTEQUERA,estado nutricional,clasificacion c,2004-02-01,3,2,3,2,5
30402,ANZALDO,estado nutricional,clasificacion c,2004-02-01,21,53,21,53,74
20701,APOLO,estado nutricional,clasificacion c,2004-02-01,125,92,125,92,217
51301,ARAMPAMPA,estado nutricional,clasificacion c,2004-02-01,42,40,42,40,82
30501,ARANI,estado nutricional,clasificacion c,2004-02-01,55,29,55,29,84
30403,ARBIETO,estado nutricional,clasificacion c,2004-02-01,61,33,61,33,94
30601,ARQUE,estado nutricional,clasificacion c,2004-02-01,79,99,79,99,178
71501,ASCENCION DE GUARAYOS,estado nutricional,clasificacion c,2004-02-01,362,421,362,421,783
50802,ATOCHA,estado nutricional,clasificacion c,2004-02-01,72,381,72,381,453
20503,AUCAPATA,estado nutricional,clasificacion c,2004-02-01,29,12,29,12,41
20502,AYATA,estado nutricional,clasificacion c,2004-02-01,70,54,70,54,124
21303,AYO AYO,estado nutricional,clasificacion c,2004-02-01,79,53,79,53,132
30301,AYOPAYA (V. DE INDEPENDENCIA),estado nutricional,clasificacion c,2004-02-01,195,227,195,227,422
10201,AZURDUY,estado nutricional,clasificacion c,2004-02-01,401,381,401,381,782
21203,BATALLAS,estado nutricional,clasificacion c,2004-02-01,130,108,130,108,238
80802,BAURES,estado nutricional,clasificacion c,2004-02-01,58,46,58,46,104
41202,BELEN DE ANDAMARCA,estado nutricional,clasificacion c,2004-02-01,13,9,13,9,22
50104,BELEN DE URMIRI,estado nutricional,clasificacion c,2004-02-01,25,12,25,12,37
90104,BELLA FLOR,estado nutricional,clasificacion c,2004-02-01,9,36,9,36,45
60202,BERMEJO,estado nutricional,clasificacion c,2004-02-01,57,57,57,57,114
50301,BETANZOS,estado nutricional,clasificacion c,2004-02-01,296,300,296,300,596
31501,BOLIVAR,estado nutricional,clasificacion c,2004-02-01,63,65,63,65,128
90103,BOLPEBRA,estado nutricional,clasificacion c,2004-02-01,5,6,5,6,11
70707,BOYUIBE,estado nutricional,clasificacion c,2004-02-01,33,36,33,36,69
70401,BUENA VISTA,estado nutricional,clasificacion c,2004-02-01,13,6,13,6,19
70703,CABEZAS,estado nutricional,clasificacion c,2004-02-01,113,126,113,126,239
20905,CAIROMA,estado nutricional,clasificacion c,2004-02-01,214,206,214,206,420
51102,"CAIZA ""D""",estado nutricional,clasificacion c,2004-02-01,159,152,159,152,311
21003,CAJUATA,estado nutricional,clasificacion c,2004-02-01,84,57,84,57,141
20303,CALACOTO,estado nutricional,clasificacion c,2004-02-01,26,21,26,21,47
21304,CALAMARCA,estado nutricional,clasificacion c,2004-02-01,236,154,236,154,390
10701,CAMARGO,estado nutricional,clasificacion c,2004-02-01,159,120,159,120,279
10901,CAMATAQUI (C. VILLA ABECIA),estado nutricional,clasificacion c,2004-02-01,50,45,50,45,95
70706,CAMIRI,estado nutricional,clasificacion c,2004-02-01,319,237,319,237,556
30701,CAPINOTA,estado nutricional,clasificacion c,2004-02-01,46,53,46,53,99
20302,CAQUIAVIRI,estado nutricional,clasificacion c,2004-02-01,106,78,106,78,184
40102,CARACOLLO,estado nutricional,clasificacion c,2004-02-01,252,156,252,156,408
22001,CARANAVI,estado nutricional,clasificacion c,2004-02-01,565,336,565,336,901
41503,CARANGAS,estado nutricional,clasificacion c,2004-02-01,2,2,2,2,4
60302,CARAPARI,estado nutricional,clasificacion c,2004-02-01,128,129,128,129,257
50702,CARIPUYO,estado nutricional,clasificacion c,2004-02-01,153,136,153,136,289
21803,CHACARILLA,estado nutricional,clasificacion c,2004-02-01,40,21,40,21,61
40201,CHALLAPATA,estado nutricional,clasificacion c,2004-02-01,109,204,109,204,313
50302,CHAQUI,estado nutricional,clasificacion c,2004-02-01,66,42,66,42,108
70702,CHARAGUA,estado nutricional,clasificacion c,2004-02-01,344,304,344,304,648
20305,CHARAÃ‘A,estado nutricional,clasificacion c,2004-02-01,21,4,21,4,25
50202,CHAYANTA,estado nutricional,clasificacion c,2004-02-01,69,67,69,67,136
31204,CHIMORE,estado nutricional,clasificacion c,2004-02-01,121,51,121,51,172
40903,CHIPAYA,estado nutricional,clasificacion c,2004-02-01,9,5,9,5,14
40302,CHOQUE COTA,estado nutricional,clasificacion c,2004-02-01,14,19,14,19,33
21101,CHULUMANI (V. DE LA LIBERTAD),estado nutricional,clasificacion c,2004-02-01,141,101,141,101,242
20501,CHUMA,estado nutricional,clasificacion c,2004-02-01,50,33,50,33,83
30801,CLIZA,estado nutricional,clasificacion c,2004-02-01,23,15,23,15,38
90101,COBIJA,estado nutricional,clasificacion c,2004-02-01,237,188,237,188,425
30101,COCHABAMBA,estado nutricional,clasificacion c,2004-02-01,1682,771,1682,771,2453
40902,COIPASA,estado nutricional,clasificacion c,2004-02-01,1,0,1,0,1
30905,COLCAPIRHUA,estado nutricional,clasificacion c,2004-02-01,181,64,181,64,245
50901,"COLCHA ""K""",estado nutricional,clasificacion c,2004-02-01,121,104,121,104,225
21307,COLLANA,estado nutricional,clasificacion c,2004-02-01,10,10,10,10,20
31002,COLOMI,estado nutricional,clasificacion c,2004-02-01,281,137,281,137,418
50401,COLQUECHACA,estado nutricional,clasificacion c,2004-02-01,146,78,146,78,224
21306,COLQUENCHA,estado nutricional,clasificacion c,2004-02-01,54,10,54,10,64
21004,COLQUIRI,estado nutricional,clasificacion c,2004-02-01,213,147,213,147,360
20304,COMANCHE,estado nutricional,clasificacion c,2004-02-01,31,24,31,24,55
71301,COMARAPA,estado nutricional,clasificacion c,2004-02-01,124,59,124,59,183
20605,COMBAYA,estado nutricional,clasificacion c,2004-02-01,19,32,19,32,51
71101,CONCEPCION,estado nutricional,clasificacion c,2004-02-01,146,2,146,2,148
21701,COPACABANA,estado nutricional,clasificacion c,2004-02-01,131,49,131,49,180
21402,CORIPATA,estado nutricional,clasificacion c,2004-02-01,48,3,48,3,51
20301,CORO CORO,estado nutricional,clasificacion c,2004-02-01,84,81,84,81,165
21401,COROICO,estado nutricional,clasificacion c,2004-02-01,133,83,133,83,216
40301,CORQUE,estado nutricional,clasificacion c,2004-02-01,73,78,73,78,151
50601,COTAGAITA,estado nutricional,clasificacion c,2004-02-01,285,219,285,219,504
70102,COTOCA,estado nutricional,clasificacion c,2004-02-01,284,77,284,77,361
31405,CUCHUMUELA (V. G. VILLARROEL),estado nutricional,clasificacion c,2004-02-01,10,16,10,16,26
70704,CUEVO,estado nutricional,clasificacion c,2004-02-01,71,50,71,50,121
10902,CULPINA,estado nutricional,clasificacion c,2004-02-01,390,257,390,257,647
40401,CURAHUARA DE CARANGAS,estado nutricional,clasificacion c,2004-02-01,54,49,54,49,103
21602,CURVA,estado nutricional,clasificacion c,2004-02-01,23,16,23,16,39
20804,DESAGUADERO,estado nutricional,clasificacion c,2004-02-01,22,38,22,38,60
20105,EL ALTO,estado nutricional,clasificacion c,2004-02-01,5144,1840,5144,1840,6984
40103,EL CHORO,estado nutricional,clasificacion c,2004-02-01,30,33,30,33,63
71503,EL PUENTE(STC),estado nutricional,clasificacion c,2004-02-01,174,167,174,167,341
60502,EL PUENTE(TJA),estado nutricional,clasificacion c,2004-02-01,70,99,70,99,169
70105,EL TORNO,estado nutricional,clasificacion c,2004-02-01,240,169,240,169,409
10405,EL VILLAR,estado nutricional,clasificacion c,2004-02-01,105,143,105,143,248
60601,ENTRE RIOS,estado nutricional,clasificacion c,2004-02-01,256,206,256,206,462
40502,ESCARA,estado nutricional,clasificacion c,2004-02-01,3,6,3,6,9
41101,EUCALIPTUS,estado nutricional,clasificacion c,2004-02-01,36,19,36,19,55
90503,EUREKA (SANTOS MERCADO),estado nutricional,clasificacion c,2004-02-01,3,6,3,6,9
80402,EXALTACION,estado nutricional,clasificacion c,2004-02-01,46,24,46,24,70
90203,FILADELFIA,estado nutricional,clasificacion c,2004-02-01,10,9,10,9,19
71002,GENERAL SAAVEDRA,estado nutricional,clasificacion c,2004-02-01,287,344,287,344,631
21601,GRAL. J.J. PEREZ (CHARAZANI),estado nutricional,clasificacion c,2004-02-01,113,90,113,90,203
20602,GUANAY,estado nutricional,clasificacion c,2004-02-01,379,296,379,296,675
20802,GUAQUI,estado nutricional,clasificacion c,2004-02-01,42,22,42,22,64
80202,GUAYARAMERIN,estado nutricional,clasificacion c,2004-02-01,312,206,312,206,518
70705,GUTIERREZ,estado nutricional,clasificacion c,2004-02-01,283,314,283,314,597
10502,HUACARETA,estado nutricional,clasificacion c,2004-02-01,151,209,151,209,360
11002,HUACAYA (VILLA DE HUACAYA),estado nutricional,clasificacion c,2004-02-01,29,38,29,38,67
40501,HUACHACALLA,estado nutricional,clasificacion c,2004-02-01,16,14,16,14,30
40701,HUANUNI,estado nutricional,clasificacion c,2004-02-01,236,75,236,75,311
80803,HUARACAJE,estado nutricional,clasificacion c,2004-02-01,38,29,38,29,67
41601,HUAYLLAMARCA,estado nutricional,clasificacion c,2004-02-01,33,24,33,24,57
21005,ICHOCA,estado nutricional,clasificacion c,2004-02-01,21,13,21,13,34
10304,ICLA,estado nutricional,clasificacion c,2004-02-01,238,344,238,344,582
10703,INCAHUASI,estado nutricional,clasificacion c,2004-02-01,286,167,286,167,453
21001,INQUISIVI,estado nutricional,clasificacion c,2004-02-01,89,51,89,51,140
21102,IRUPANA (VILLA DE LANZA),estado nutricional,clasificacion c,2004-02-01,185,224,185,224,409
21501,IXIAMAS,estado nutricional,clasificacion c,2004-02-01,75,81,75,81,156
21105,LA ASUNTA,estado nutricional,clasificacion c,2004-02-01,174,85,174,85,259
70104,LA GUARDIA,estado nutricional,clasificacion c,2004-02-01,423,200,423,200,623
20101,LA PAZ,estado nutricional,clasificacion c,2004-02-01,4004,2229,4004,2229,6233
70701,LAGUNILLAS,estado nutricional,clasificacion c,2004-02-01,78,140,78,140,218
21202,LAJA,estado nutricional,clasificacion c,2004-02-01,125,47,125,47,172
10903,LAS CARRERAS,estado nutricional,clasificacion c,2004-02-01,36,56,36,56,92
21006,LICOMA PAMPA,estado nutricional,clasificacion c,2004-02-01,10,15,10,15,25
50203,LLALLAGUA,estado nutricional,clasificacion c,2004-02-01,155,272,155,272,427
51401,LLICA,estado nutricional,clasificacion c,2004-02-01,36,16,36,16,52
80601,LORETO,estado nutricional,clasificacion c,2004-02-01,19,47,19,47,66
20901,LURIBAY,estado nutricional,clasificacion c,2004-02-01,132,110,132,110,242
40702,MACHACAMARCA,estado nutricional,clasificacion c,2004-02-01,33,23,33,23,56
11003,MACHARETI,estado nutricional,clasificacion c,2004-02-01,170,266,170,266,436
80801,MAGDALENA,estado nutricional,clasificacion c,2004-02-01,94,83,94,83,177
70903,MAIRANA,estado nutricional,clasificacion c,2004-02-01,109,62,109,62,171
20904,MALLA,estado nutricional,clasificacion c,2004-02-01,24,17,24,17,41
20103,MECAPACA,estado nutricional,clasificacion c,2004-02-01,125,84,125,84,209
71003,MINEROS,estado nutricional,clasificacion c,2004-02-01,485,471,485,471,956
31301,MIZQUE,estado nutricional,clasificacion c,2004-02-01,92,96,92,96,188
20402,MOCOMOCO,estado nutricional,clasificacion c,2004-02-01,166,156,166,156,322
51002,MOJINETE,estado nutricional,clasificacion c,2004-02-01,15,18,15,18,33
10303,MOJOCOYA,estado nutricional,clasificacion c,2004-02-01,158,235,158,235,393
10501,MONTEAGUDO,estado nutricional,clasificacion c,2004-02-01,346,375,346,375,721
71001,MONTERO,estado nutricional,clasificacion c,2004-02-01,1444,856,1444,856,2300
70803,MORO MORO,estado nutricional,clasificacion c,2004-02-01,30,38,30,38,68
30302,MOROCHATA,estado nutricional,clasificacion c,2004-02-01,79,30,79,30,109
90401,NACEBE (SANTA ROSA DEL ABUNA),estado nutricional,clasificacion c,2004-02-01,16,16,16,16,32
20307,NAZACARA DE PACAJES,estado nutricional,clasificacion c,2004-02-01,10,4,10,4,14
90501,NUEVO MANOA (NUEVA ESPERANZA),estado nutricional,clasificacion c,2004-02-01,2,8,2,8,10
50404,OCURI,estado nutricional,clasificacion c,2004-02-01,173,166,173,166,339
70202,OKINAWA,estado nutricional,clasificacion c,2004-02-01,136,87,136,87,223
30203,OMEREQUE,estado nutricional,clasificacion c,2004-02-01,63,32,63,32,95
40101,ORURO,estado nutricional,clasificacion c,2004-02-01,1601,787,1601,787,2388
60201,PADCAYA,estado nutricional,clasificacion c,2004-02-01,137,153,137,153,290
10401,PADILLA,estado nutricional,clasificacion c,2004-02-01,278,316,278,316,594
70502,PAILON,estado nutricional,clasificacion c,2004-02-01,117,74,117,74,191
20102,PALCA,estado nutricional,clasificacion c,2004-02-01,144,61,144,61,205
21104,PALOS BLANCOS,estado nutricional,clasificacion c,2004-02-01,193,140,193,140,333
40802,PAMPA AULLAGAS,estado nutricional,clasificacion c,2004-02-01,16,10,16,10,26
70902,PAMPA GRANDE,estado nutricional,clasificacion c,2004-02-01,68,82,68,82,150
21802,PAPEL PAMPA,estado nutricional,clasificacion c,2004-02-01,48,39,48,39,87
30202,PASORAPA,estado nutricional,clasificacion c,2004-02-01,34,40,34,40,74
21305,PATACAMAYA,estado nutricional,clasificacion c,2004-02-01,369,158,369,158,527
40602,PAZÃ‘A,estado nutricional,clasificacion c,2004-02-01,21,26,21,26,47
20702,PELECHUCO,estado nutricional,clasificacion c,2004-02-01,38,21,38,21,59
50403,POCOATA,estado nutricional,clasificacion c,2004-02-01,238,173,238,173,411
31203,POCONA,estado nutricional,clasificacion c,2004-02-01,75,57,75,57,132
31202,POJO (CBBA),estado nutricional,clasificacion c,2004-02-01,313,267,313,267,580
40601,POOPO,estado nutricional,clasificacion c,2004-02-01,55,78,55,78,133
51203,PORCO,estado nutricional,clasificacion c,2004-02-01,58,17,58,17,75
10103,POROMA,estado nutricional,clasificacion c,2004-02-01,148,141,148,141,289
70103,PORONGO,estado nutricional,clasificacion c,2004-02-01,51,40,51,40,91
70601,PORTACHUELO,estado nutricional,clasificacion c,2004-02-01,239,180,239,180,419
90102,PORVENIR,estado nutricional,clasificacion c,2004-02-01,161,146,161,146,307
70804,POSTRER VALLE,estado nutricional,clasificacion c,2004-02-01,3,7,3,7,10
50101,POTOSI,estado nutricional,clasificacion c,2004-02-01,1255,485,1255,485,1740
10302,PRESTO,estado nutricional,clasificacion c,2004-02-01,85,84,85,84,169
70805,PUCARA,estado nutricional,clasificacion c,2004-02-01,24,31,24,31,55
21201,PUCARANI,estado nutricional,clasificacion c,2004-02-01,190,60,190,60,250
20401,PUERTO ACOSTA,estado nutricional,clasificacion c,2004-02-01,138,129,138,129,267
20403,PUERTO CARABUCO,estado nutricional,clasificacion c,2004-02-01,95,150,95,150,245
90301,PUERTO GONZALO MORENO,estado nutricional,clasificacion c,2004-02-01,13,20,13,20,33
21204,PUERTO PEREZ,estado nutricional,clasificacion c,2004-02-01,49,42,49,42,91
71402,PUERTO QUIJARRO,estado nutricional,clasificacion c,2004-02-01,109,21,109,21,130
90201,PUERTO RICO,estado nutricional,clasificacion c,2004-02-01,73,55,73,55,128
80703,PUERTO SILES,estado nutricional,clasificacion c,2004-02-01,29,60,29,60,89
71401,PUERTO SUAREZ,estado nutricional,clasificacion c,2004-02-01,137,65,137,65,202
31205,PUERTO VILLARROEL,estado nutricional,clasificacion c,2004-02-01,459,333,459,333,792
51101,PUNA,estado nutricional,clasificacion c,2004-02-01,237,143,237,143,380
31401,PUNATA,estado nutricional,clasificacion c,2004-02-01,293,96,293,96,389
20604,QUIABAYA,estado nutricional,clasificacion c,2004-02-01,24,32,24,32,56
30901,QUILLACOLLO,estado nutricional,clasificacion c,2004-02-01,522,222,522,222,744
21002,QUIME,estado nutricional,clasificacion c,2004-02-01,151,157,151,157,308
70904,QUIRUSILLAS,estado nutricional,clasificacion c,2004-02-01,16,10,16,10,26
50402,RAVELO,estado nutricional,clasificacion c,2004-02-01,278,216,278,216,494
80301,REYES,estado nutricional,clasificacion c,2004-02-01,142,112,142,112,254
80201,RIBERALTA,estado nutricional,clasificacion c,2004-02-01,928,438,928,438,1366
70503,ROBORE,estado nutricional,clasificacion c,2004-02-01,154,136,154,136,290
80304,RURRENABAQUE,estado nutricional,clasificacion c,2004-02-01,197,84,197,84,281
40901,SABAYA,estado nutricional,clasificacion c,2004-02-01,16,34,16,34,50
31001,SACABA,estado nutricional,clasificacion c,2004-02-01,316,105,316,105,421
30404,SACABAMBA,estado nutricional,clasificacion c,2004-02-01,37,53,37,53,90
50701,SACACA,estado nutricional,clasificacion c,2004-02-01,209,251,209,251,460
71302,SAIPINA,estado nutricional,clasificacion c,2004-02-01,43,44,43,44,87
40801,SALINAS DE GARCI MENDOZA,estado nutricional,clasificacion c,2004-02-01,23,57,23,57,80
70901,SAMAIPATA,estado nutricional,clasificacion c,2004-02-01,142,104,142,104,246
51601,SAN AGUSTIN,estado nutricional,clasificacion c,2004-02-01,29,26,29,26,55
80602,SAN ANDRES,estado nutricional,clasificacion c,2004-02-01,80,116,80,116,196
51003,SAN ANTONIO DE ESMORUCO,estado nutricional,clasificacion c,2004-02-01,6,5,6,5,11
71105,SAN ANTONIO DE LOMERIO,estado nutricional,clasificacion c,2004-02-01,82,103,82,103,185
31403,SAN BENITO,estado nutricional,clasificacion c,2004-02-01,107,37,107,37,144
80302,SAN BORJA,estado nutricional,clasificacion c,2004-02-01,481,279,481,279,760
21502,SAN BUENA VENTURA,estado nutricional,clasificacion c,2004-02-01,111,72,111,72,183
70402,SAN CARLOS,estado nutricional,clasificacion c,2004-02-01,277,153,277,153,430
80501,SAN IGNACIO,estado nutricional,clasificacion c,2004-02-01,187,153,187,153,340
70301,SAN IGNACIO DE VELASCO,estado nutricional,clasificacion c,2004-02-01,538,547,538,547,1085
80102,SAN JAVIER(BNI),estado nutricional,clasificacion c,2004-02-01,37,64,37,64,101
71102,SAN JAVIER(STC),estado nutricional,clasificacion c,2004-02-01,73,64,73,64,137
80701,SAN JOAQUIN,estado nutricional,clasificacion c,2004-02-01,53,64,53,64,117
70501,SAN JOSE DE CHIQUITOS,estado nutricional,clasificacion c,2004-02-01,118,76,118,76,194
71104,SAN JULIAN,estado nutricional,clasificacion c,2004-02-01,393,646,393,646,1039
90302,SAN LORENZO(PND),estado nutricional,clasificacion c,2004-02-01,13,30,13,30,43
60501,SAN LORENZO(TJA),estado nutricional,clasificacion c,2004-02-01,85,79,85,79,164
10702,SAN LUCAS,estado nutricional,clasificacion c,2004-02-01,530,500,530,500,1030
71201,SAN MATIAS,estado nutricional,clasificacion c,2004-02-01,10,28,10,28,38
70302,SAN MIGUEL DE VELASCO,estado nutricional,clasificacion c,2004-02-01,146,123,146,123,269
51001,SAN PABLO DE LIPEZ,estado nutricional,clasificacion c,2004-02-01,14,15,14,15,29
50501,SAN PEDRO DE BUENA VISTA,estado nutricional,clasificacion c,2004-02-01,95,119,95,119,214
21801,SAN PEDRO DE CURAHUARA,estado nutricional,clasificacion c,2004-02-01,46,60,46,60,106
50902,SAN PEDRO DE QUEMES,estado nutricional,clasificacion c,2004-02-01,3,5,3,5,8
21702,SAN PEDRO DE TIQUINA,estado nutricional,clasificacion c,2004-02-01,28,32,28,32,60
90202,SAN PEDRO(PND),estado nutricional,clasificacion c,2004-02-01,17,13,17,13,30
70303,SAN RAFAEL,estado nutricional,clasificacion c,2004-02-01,78,80,78,80,158
80702,SAN RAMON,estado nutricional,clasificacion c,2004-02-01,70,39,70,39,109
80401,SANTA ANA,estado nutricional,clasificacion c,2004-02-01,129,102,129,102,231
70101,SANTA CRUZ DE LA SIERRA,estado nutricional,clasificacion c,2004-02-01,5762,2554,5762,2554,8316
80303,SANTA ROSA,estado nutricional,clasificacion c,2004-02-01,70,31,70,31,101
70602,SANTA ROSA DEL SARA,estado nutricional,clasificacion c,2004-02-01,60,57,60,57,117
20308,SANTIAGO DE CALLAPA,estado nutricional,clasificacion c,2004-02-01,49,30,49,30,79
41401,SANTIAGO DE HUARI,estado nutricional,clasificacion c,2004-02-01,68,52,68,52,120
21901,SANTIAGO DE MACHACA,estado nutricional,clasificacion c,2004-02-01,33,3,33,3,36
30702,SANTIVAÃ‘ES,estado nutricional,clasificacion c,2004-02-01,106,93,106,93,199
40202,SANTUARIO DE QUILLACAS,estado nutricional,clasificacion c,2004-02-01,15,14,15,14,29
20902,SAPAHAQUI,estado nutricional,clasificacion c,2004-02-01,112,66,112,66,178
90303,SENA,estado nutricional,clasificacion c,2004-02-01,15,3,15,3,18
21301,SICA SICA (VILLA AROMA),estado nutricional,clasificacion c,2004-02-01,266,166,266,166,432
30703,SICAYA,estado nutricional,clasificacion c,2004-02-01,22,18,22,18,40
30902,SIPE SIPE,estado nutricional,clasificacion c,2004-02-01,338,242,338,242,580
10403,SOPACHUY,estado nutricional,clasificacion c,2004-02-01,113,119,113,119,232
20601,SORATA,estado nutricional,clasificacion c,2004-02-01,134,157,134,157,291
10101,SUCRE,estado nutricional,clasificacion c,2004-02-01,1840,1185,1840,1185,3025
31404,TACACHI,estado nutricional,clasificacion c,2004-02-01,10,3,10,3,13
20603,TACACOMA,estado nutricional,clasificacion c,2004-02-01,53,49,53,49,102
50303,TACOBAMBA,estado nutricional,clasificacion c,2004-02-01,72,64,72,64,136
30602,TACOPAYA,estado nutricional,clasificacion c,2004-02-01,112,106,112,106,218
51402,TAHUA,estado nutricional,clasificacion c,2004-02-01,22,32,22,32,54
31101,TAPACARI,estado nutricional,clasificacion c,2004-02-01,284,178,284,178,462
10601,TARABUCO,estado nutricional,clasificacion c,2004-02-01,413,550,413,550,963
30401,TARATA,estado nutricional,clasificacion c,2004-02-01,91,22,91,22,113
60101,TARIJA,estado nutricional,clasificacion c,2004-02-01,1229,581,1229,581,1810
10202,TARVITA,estado nutricional,clasificacion c,2004-02-01,256,384,256,384,640
20803,TIAWANACU,estado nutricional,clasificacion c,2004-02-01,140,81,140,81,221
50102,TINGUIPAYA,estado nutricional,clasificacion c,2004-02-01,118,243,118,243,361
20606,TIPUANI,estado nutricional,clasificacion c,2004-02-01,104,87,104,87,191
30903,TIQUIPAYA,estado nutricional,clasificacion c,2004-02-01,191,70,191,70,261
31601,TIRAQUE (CBBA),estado nutricional,clasificacion c,2004-02-01,351,188,351,188,539
21703,TITO YUPANQUI (PARQUIPUJIO),estado nutricional,clasificacion c,2004-02-01,18,20,18,20,38
30802,TOCO,estado nutricional,clasificacion c,2004-02-01,14,10,14,10,24
30803,TOLATA,estado nutricional,clasificacion c,2004-02-01,19,2,19,2,21
41001,TOLEDO,estado nutricional,clasificacion c,2004-02-01,56,38,56,38,94
51202,TOMAVE,estado nutricional,clasificacion c,2004-02-01,106,84,106,84,190
10402,TOMINA,estado nutricional,clasificacion c,2004-02-01,172,254,172,254,426
50502,TORO TORO,estado nutricional,clasificacion c,2004-02-01,184,159,184,159,343
31201,TOTORA(CBBA),estado nutricional,clasificacion c,2004-02-01,120,64,120,64,184
41301,TOTORA(ORR),estado nutricional,clasificacion c,2004-02-01,28,39,28,39,67
70802,TRIGAL,estado nutricional,clasificacion c,2004-02-01,13,10,13,10,23
80101,TRINIDAD,estado nutricional,clasificacion c,2004-02-01,774,566,774,566,1340
50801,TUPIZA,estado nutricional,clasificacion c,2004-02-01,415,299,415,299,714
21302,UMALA,estado nutricional,clasificacion c,2004-02-01,2,0,2,0,2
50201,UNCIA,estado nutricional,clasificacion c,2004-02-01,112,31,112,31,143
60401,URIONDO (A. CONCEPCION),estado nutricional,clasificacion c,2004-02-01,213,304,213,304,517
71502,URUBICHA,estado nutricional,clasificacion c,2004-02-01,158,337,158,337,495
51201,UYUNI,estado nutricional,clasificacion c,2004-02-01,252,137,252,137,389
30502,VACAS,estado nutricional,clasificacion c,2004-02-01,54,17,54,17,71
70801,VALLEGRANDE,estado nutricional,clasificacion c,2004-02-01,148,131,148,131,279
20801,VIACHA,estado nutricional,clasificacion c,2004-02-01,387,174,387,174,561
31302,VILA VILA,estado nutricional,clasificacion c,2004-02-01,71,113,71,113,184
60303,VILLA MONTES,estado nutricional,clasificacion c,2004-02-01,381,219,381,219,600
90502,VILLA NUEVA (LOMA ALTA),estado nutricional,clasificacion c,2004-02-01,13,28,13,28,41
31402,VILLA RIVERO,estado nutricional,clasificacion c,2004-02-01,50,27,50,27,77
10801,VILLA SERRANO,estado nutricional,clasificacion c,2004-02-01,289,307,289,307,596
31003,VILLA TUNARI,estado nutricional,clasificacion c,2004-02-01,541,373,541,373,914
11001,VILLA VACA GUZMAN (MUYUPAMPA),estado nutricional,clasificacion c,2004-02-01,173,219,173,219,392
51501,VILLAZON,estado nutricional,clasificacion c,2004-02-01,406,352,406,352,758
30904,VINTO,estado nutricional,clasificacion c,2004-02-01,141,44,141,44,185
50602,VITICHI,estado nutricional,clasificacion c,2004-02-01,142,117,142,117,259
20306,WALDO BALLIVIAN,estado nutricional,clasificacion c,2004-02-01,24,14,24,14,38
70201,WARNES,estado nutricional,clasificacion c,2004-02-01,383,292,383,292,675
20903,YACO,estado nutricional,clasificacion c,2004-02-01,48,36,48,36,84
60301,YACUIBA,estado nutricional,clasificacion c,2004-02-01,514,196,514,196,710
10602,YAMPARAEZ,estado nutricional,clasificacion c,2004-02-01,238,386,238,386,624
21103,YANACACHI,estado nutricional,clasificacion c,2004-02-01,51,42,51,42,93
70403,YAPACANI,estado nutricional,clasificacion c,2004-02-01,469,340,469,340,809
50103,YOCALLA,estado nutricional,clasificacion c,2004-02-01,60,62,60,62,122
10102,YOTALA,estado nutricional,clasificacion c,2004-02-01,193,290,193,290,483
60402,YUNCHARA,estado nutricional,clasificacion c,2004-02-01,75,97,75,97,172
10301,ZUDAÃ‘EZ,estado nutricional,clasificacion c,2004-02-01,161,174,161,174,335
51302,ACACIO,estado nutricional,clasificacion c,2004-03-01,140,193,140,193,333
20201,ACHACACHI,estado nutricional,clasificacion c,2004-03-01,788,544,788,544,1332
20104,ACHOCALLA,estado nutricional,clasificacion c,2004-03-01,157,59,157,59,216
30201,AIQUILE,estado nutricional,clasificacion c,2004-03-01,212,213,212,213,425
31303,ALALAY,estado nutricional,clasificacion c,2004-03-01,71,41,71,41,112
10404,ALCALA,estado nutricional,clasificacion c,2004-03-01,57,109,57,109,166
20202,ANCORAIMES,estado nutricional,clasificacion c,2004-03-01,245,220,245,220,465
41201,ANDAMARCA,estado nutricional,clasificacion c,2004-03-01,76,110,76,110,186
40603,ANTEQUERA,estado nutricional,clasificacion c,2004-03-01,39,20,39,20,59
30402,ANZALDO,estado nutricional,clasificacion c,2004-03-01,42,101,42,101,143
20701,APOLO,estado nutricional,clasificacion c,2004-03-01,113,86,113,86,199
51301,ARAMPAMPA,estado nutricional,clasificacion c,2004-03-01,121,101,121,101,222
30501,ARANI,estado nutricional,clasificacion c,2004-03-01,98,87,98,87,185
30403,ARBIETO,estado nutricional,clasificacion c,2004-03-01,61,28,61,28,89
30601,ARQUE,estado nutricional,clasificacion c,2004-03-01,149,153,149,153,302
71501,ASCENCION DE GUARAYOS,estado nutricional,clasificacion c,2004-03-01,4,5,4,5,9
50802,ATOCHA,estado nutricional,clasificacion c,2004-03-01,101,433,101,433,534
20503,AUCAPATA,estado nutricional,clasificacion c,2004-03-01,66,74,66,74,140
20502,AYATA,estado nutricional,clasificacion c,2004-03-01,63,39,63,39,102
21303,AYO AYO,estado nutricional,clasificacion c,2004-03-01,62,40,62,40,102
30301,AYOPAYA (V. DE INDEPENDENCIA),estado nutricional,clasificacion c,2004-03-01,227,196,227,196,423
10201,AZURDUY,estado nutricional,clasificacion c,2004-03-01,394,424,394,424,818
21203,BATALLAS,estado nutricional,clasificacion c,2004-03-01,247,187,247,187,434
80802,BAURES,estado nutricional,clasificacion c,2004-03-01,119,105,119,105,224
41202,BELEN DE ANDAMARCA,estado nutricional,clasificacion c,2004-03-01,7,16,7,16,23
50104,BELEN DE URMIRI,estado nutricional,clasificacion c,2004-03-01,28,45,28,45,73
90104,BELLA FLOR,estado nutricional,clasificacion c,2004-03-01,16,32,16,32,48
60202,BERMEJO,estado nutricional,clasificacion c,2004-03-01,37,28,37,28,65
50301,BETANZOS,estado nutricional,clasificacion c,2004-03-01,407,353,407,353,760
31501,BOLIVAR,estado nutricional,clasificacion c,2004-03-01,80,83,80,83,163
90103,BOLPEBRA,estado nutricional,clasificacion c,2004-03-01,13,17,13,17,30
70707,BOYUIBE,estado nutricional,clasificacion c,2004-03-01,41,59,41,59,100
70401,BUENA VISTA,estado nutricional,clasificacion c,2004-03-01,28,24,28,24,52
70703,CABEZAS,estado nutricional,clasificacion c,2004-03-01,188,177,188,177,365
20905,CAIROMA,estado nutricional,clasificacion c,2004-03-01,180,171,180,171,351
51102,"CAIZA ""D""",estado nutricional,clasificacion c,2004-03-01,171,170,171,170,341
21003,CAJUATA,estado nutricional,clasificacion c,2004-03-01,120,83,120,83,203
20303,CALACOTO,estado nutricional,clasificacion c,2004-03-01,21,19,21,19,40
21304,CALAMARCA,estado nutricional,clasificacion c,2004-03-01,94,38,94,38,132
10701,CAMARGO,estado nutricional,clasificacion c,2004-03-01,197,175,197,175,372
10901,CAMATAQUI (C. VILLA ABECIA),estado nutricional,clasificacion c,2004-03-01,57,60,57,60,117
70706,CAMIRI,estado nutricional,clasificacion c,2004-03-01,477,304,477,304,781
30701,CAPINOTA,estado nutricional,clasificacion c,2004-03-01,190,524,190,524,714
20302,CAQUIAVIRI,estado nutricional,clasificacion c,2004-03-01,94,87,94,87,181
40102,CARACOLLO,estado nutricional,clasificacion c,2004-03-01,148,105,148,105,253
22001,CARANAVI,estado nutricional,clasificacion c,2004-03-01,748,489,748,489,1237
41503,CARANGAS,estado nutricional,clasificacion c,2004-03-01,8,2,8,2,10
60302,CARAPARI,estado nutricional,clasificacion c,2004-03-01,166,206,166,206,372
50702,CARIPUYO,estado nutricional,clasificacion c,2004-03-01,123,83,123,83,206
21803,CHACARILLA,estado nutricional,clasificacion c,2004-03-01,24,42,24,42,66
40201,CHALLAPATA,estado nutricional,clasificacion c,2004-03-01,97,200,97,200,297
50302,CHAQUI,estado nutricional,clasificacion c,2004-03-01,87,95,87,95,182
70702,CHARAGUA,estado nutricional,clasificacion c,2004-03-01,380,343,380,343,723
20305,CHARAÃ‘A,estado nutricional,clasificacion c,2004-03-01,23,27,23,27,50
50202,CHAYANTA,estado nutricional,clasificacion c,2004-03-01,125,84,125,84,209
31204,CHIMORE,estado nutricional,clasificacion c,2004-03-01,110,45,110,45,155
40903,CHIPAYA,estado nutricional,clasificacion c,2004-03-01,23,11,23,11,34
40302,CHOQUE COTA,estado nutricional,clasificacion c,2004-03-01,3,7,3,7,10
21101,CHULUMANI (V. DE LA LIBERTAD),estado nutricional,clasificacion c,2004-03-01,131,143,131,143,274
20501,CHUMA,estado nutricional,clasificacion c,2004-03-01,68,30,68,30,98
30801,CLIZA,estado nutricional,clasificacion c,2004-03-01,102,49,102,49,151
90101,COBIJA,estado nutricional,clasificacion c,2004-03-01,344,239,344,239,583
30101,COCHABAMBA,estado nutricional,clasificacion c,2004-03-01,2678,1589,2678,1589,4267
40902,COIPASA,estado nutricional,clasificacion c,2004-03-01,8,13,8,13,21
30905,COLCAPIRHUA,estado nutricional,clasificacion c,2004-03-01,348,115,348,115,463
50901,"COLCHA ""K""",estado nutricional,clasificacion c,2004-03-01,158,143,158,143,301
21307,COLLANA,estado nutricional,clasificacion c,2004-03-01,26,6,26,6,32
31002,COLOMI,estado nutricional,clasificacion c,2004-03-01,368,119,368,119,487
50401,COLQUECHACA,estado nutricional,clasificacion c,2004-03-01,250,103,250,103,353
21306,COLQUENCHA,estado nutricional,clasificacion c,2004-03-01,65,17,65,17,82
21004,COLQUIRI,estado nutricional,clasificacion c,2004-03-01,268,239,268,239,507
20304,COMANCHE,estado nutricional,clasificacion c,2004-03-01,50,41,50,41,91
71301,COMARAPA,estado nutricional,clasificacion c,2004-03-01,208,140,208,140,348
20605,COMBAYA,estado nutricional,clasificacion c,2004-03-01,25,35,25,35,60
71101,CONCEPCION,estado nutricional,clasificacion c,2004-03-01,215,34,215,34,249
21701,COPACABANA,estado nutricional,clasificacion c,2004-03-01,234,122,234,122,356
21402,CORIPATA,estado nutricional,clasificacion c,2004-03-01,42,4,42,4,46
20301,CORO CORO,estado nutricional,clasificacion c,2004-03-01,46,62,46,62,108
21401,COROICO,estado nutricional,clasificacion c,2004-03-01,122,68,122,68,190
40301,CORQUE,estado nutricional,clasificacion c,2004-03-01,74,73,74,73,147
50601,COTAGAITA,estado nutricional,clasificacion c,2004-03-01,350,225,350,225,575
70102,COTOCA,estado nutricional,clasificacion c,2004-03-01,469,166,469,166,635
31405,CUCHUMUELA (V. G. VILLARROEL),estado nutricional,clasificacion c,2004-03-01,30,14,30,14,44
70704,CUEVO,estado nutricional,clasificacion c,2004-03-01,80,86,80,86,166
10902,CULPINA,estado nutricional,clasificacion c,2004-03-01,421,349,421,349,770
40401,CURAHUARA DE CARANGAS,estado nutricional,clasificacion c,2004-03-01,28,30,28,30,58
21602,CURVA,estado nutricional,clasificacion c,2004-03-01,21,14,21,14,35
20804,DESAGUADERO,estado nutricional,clasificacion c,2004-03-01,24,34,24,34,58
20105,EL ALTO,estado nutricional,clasificacion c,2004-03-01,7502,3458,7502,3458,10960
40103,EL CHORO,estado nutricional,clasificacion c,2004-03-01,35,35,35,35,70
71503,EL PUENTE(STC),estado nutricional,clasificacion c,2004-03-01,221,248,221,248,469
60502,EL PUENTE(TJA),estado nutricional,clasificacion c,2004-03-01,112,156,112,156,268
70105,EL TORNO,estado nutricional,clasificacion c,2004-03-01,459,248,459,248,707
10405,EL VILLAR,estado nutricional,clasificacion c,2004-03-01,96,152,96,152,248
60601,ENTRE RIOS,estado nutricional,clasificacion c,2004-03-01,323,234,323,234,557
40502,ESCARA,estado nutricional,clasificacion c,2004-03-01,4,2,4,2,6
41101,EUCALIPTUS,estado nutricional,clasificacion c,2004-03-01,60,64,60,64,124
90503,EUREKA (SANTOS MERCADO),estado nutricional,clasificacion c,2004-03-01,14,0,14,0,14
80402,EXALTACION,estado nutricional,clasificacion c,2004-03-01,34,29,34,29,63
90203,FILADELFIA,estado nutricional,clasificacion c,2004-03-01,14,14,14,14,28
71002,GENERAL SAAVEDRA,estado nutricional,clasificacion c,2004-03-01,369,415,369,415,784
21601,GRAL. J.J. PEREZ (CHARAZANI),estado nutricional,clasificacion c,2004-03-01,137,106,137,106,243
20602,GUANAY,estado nutricional,clasificacion c,2004-03-01,628,439,628,439,1067
20802,GUAQUI,estado nutricional,clasificacion c,2004-03-01,42,23,42,23,65
80202,GUAYARAMERIN,estado nutricional,clasificacion c,2004-03-01,579,287,579,287,866
70705,GUTIERREZ,estado nutricional,clasificacion c,2004-03-01,360,416,360,416,776
10502,HUACARETA,estado nutricional,clasificacion c,2004-03-01,166,224,166,224,390
11002,HUACAYA (VILLA DE HUACAYA),estado nutricional,clasificacion c,2004-03-01,34,61,34,61,95
40501,HUACHACALLA,estado nutricional,clasificacion c,2004-03-01,13,12,13,12,25
40701,HUANUNI,estado nutricional,clasificacion c,2004-03-01,408,100,408,100,508
80803,HUARACAJE,estado nutricional,clasificacion c,2004-03-01,58,34,58,34,92
41601,HUAYLLAMARCA,estado nutricional,clasificacion c,2004-03-01,50,34,50,34,84
21005,ICHOCA,estado nutricional,clasificacion c,2004-03-01,42,37,42,37,79
10304,ICLA,estado nutricional,clasificacion c,2004-03-01,243,369,243,369,612
10703,INCAHUASI,estado nutricional,clasificacion c,2004-03-01,334,169,334,169,503
21001,INQUISIVI,estado nutricional,clasificacion c,2004-03-01,228,187,228,187,415
21102,IRUPANA (VILLA DE LANZA),estado nutricional,clasificacion c,2004-03-01,213,222,213,222,435
21501,IXIAMAS,estado nutricional,clasificacion c,2004-03-01,78,59,78,59,137
21105,LA ASUNTA,estado nutricional,clasificacion c,2004-03-01,312,176,312,176,488
70104,LA GUARDIA,estado nutricional,clasificacion c,2004-03-01,629,355,629,355,984
20101,LA PAZ,estado nutricional,clasificacion c,2004-03-01,6207,4360,6207,4360,10567
41501,LA RIVERA,estado nutricional,clasificacion c,2004-03-01,7,7,7,7,14
70701,LAGUNILLAS,estado nutricional,clasificacion c,2004-03-01,120,130,120,130,250
21202,LAJA,estado nutricional,clasificacion c,2004-03-01,174,86,174,86,260
10903,LAS CARRERAS,estado nutricional,clasificacion c,2004-03-01,46,64,46,64,110
21006,LICOMA PAMPA,estado nutricional,clasificacion c,2004-03-01,27,31,27,31,58
50203,LLALLAGUA,estado nutricional,clasificacion c,2004-03-01,346,357,346,357,703
51401,LLICA,estado nutricional,clasificacion c,2004-03-01,56,42,56,42,98
80601,LORETO,estado nutricional,clasificacion c,2004-03-01,35,51,35,51,86
20901,LURIBAY,estado nutricional,clasificacion c,2004-03-01,202,261,202,261,463
40702,MACHACAMARCA,estado nutricional,clasificacion c,2004-03-01,43,46,43,46,89
11003,MACHARETI,estado nutricional,clasificacion c,2004-03-01,186,310,186,310,496
80801,MAGDALENA,estado nutricional,clasificacion c,2004-03-01,176,123,176,123,299
70903,MAIRANA,estado nutricional,clasificacion c,2004-03-01,141,70,141,70,211
20904,MALLA,estado nutricional,clasificacion c,2004-03-01,27,43,27,43,70
20103,MECAPACA,estado nutricional,clasificacion c,2004-03-01,145,66,145,66,211
71003,MINEROS,estado nutricional,clasificacion c,2004-03-01,692,491,692,491,1183
31301,MIZQUE,estado nutricional,clasificacion c,2004-03-01,207,163,207,163,370
20402,MOCOMOCO,estado nutricional,clasificacion c,2004-03-01,163,120,163,120,283
51002,MOJINETE,estado nutricional,clasificacion c,2004-03-01,21,27,21,27,48
10303,MOJOCOYA,estado nutricional,clasificacion c,2004-03-01,155,278,155,278,433
10501,MONTEAGUDO,estado nutricional,clasificacion c,2004-03-01,379,363,379,363,742
71001,MONTERO,estado nutricional,clasificacion c,2004-03-01,2198,1228,2198,1228,3426
70803,MORO MORO,estado nutricional,clasificacion c,2004-03-01,22,22,22,22,44
30302,MOROCHATA,estado nutricional,clasificacion c,2004-03-01,219,186,219,186,405
90401,NACEBE (SANTA ROSA DEL ABUNA),estado nutricional,clasificacion c,2004-03-01,22,12,22,12,34
20307,NAZACARA DE PACAJES,estado nutricional,clasificacion c,2004-03-01,10,4,10,4,14
90501,NUEVO MANOA (NUEVA ESPERANZA),estado nutricional,clasificacion c,2004-03-01,2,3,2,3,5
50404,OCURI,estado nutricional,clasificacion c,2004-03-01,107,105,107,105,212
70202,OKINAWA,estado nutricional,clasificacion c,2004-03-01,216,195,216,195,411
30203,OMEREQUE,estado nutricional,clasificacion c,2004-03-01,93,89,93,89,182
40101,ORURO,estado nutricional,clasificacion c,2004-03-01,2525,1302,2525,1302,3827
60201,PADCAYA,estado nutricional,clasificacion c,2004-03-01,235,192,235,192,427
10401,PADILLA,estado nutricional,clasificacion c,2004-03-01,293,369,293,369,662
70502,PAILON,estado nutricional,clasificacion c,2004-03-01,183,127,183,127,310
20102,PALCA,estado nutricional,clasificacion c,2004-03-01,175,82,175,82,257
21104,PALOS BLANCOS,estado nutricional,clasificacion c,2004-03-01,343,265,343,265,608
40802,PAMPA AULLAGAS,estado nutricional,clasificacion c,2004-03-01,28,29,28,29,57
70902,PAMPA GRANDE,estado nutricional,clasificacion c,2004-03-01,78,62,78,62,140
21802,PAPEL PAMPA,estado nutricional,clasificacion c,2004-03-01,42,21,42,21,63
30202,PASORAPA,estado nutricional,clasificacion c,2004-03-01,59,86,59,86,145
21305,PATACAMAYA,estado nutricional,clasificacion c,2004-03-01,262,110,262,110,372
40602,PAZÃ‘A,estado nutricional,clasificacion c,2004-03-01,17,48,17,48,65
20702,PELECHUCO,estado nutricional,clasificacion c,2004-03-01,64,41,64,41,105
50403,POCOATA,estado nutricional,clasificacion c,2004-03-01,281,225,281,225,506
31203,POCONA,estado nutricional,clasificacion c,2004-03-01,96,60,96,60,156
31202,POJO (CBBA),estado nutricional,clasificacion c,2004-03-01,450,361,450,361,811
40601,POOPO,estado nutricional,clasificacion c,2004-03-01,53,52,53,52,105
51203,PORCO,estado nutricional,clasificacion c,2004-03-01,43,24,43,24,67
10103,POROMA,estado nutricional,clasificacion c,2004-03-01,306,309,306,309,615
70103,PORONGO,estado nutricional,clasificacion c,2004-03-01,67,72,67,72,139
70601,PORTACHUELO,estado nutricional,clasificacion c,2004-03-01,457,438,457,438,895
90102,PORVENIR,estado nutricional,clasificacion c,2004-03-01,71,68,71,68,139
70804,POSTRER VALLE,estado nutricional,clasificacion c,2004-03-01,9,17,9,17,26
50101,POTOSI,estado nutricional,clasificacion c,2004-03-01,2011,1047,2011,1047,3058
10302,PRESTO,estado nutricional,clasificacion c,2004-03-01,133,144,133,144,277
70805,PUCARA,estado nutricional,clasificacion c,2004-03-01,0,2,0,2,2
21201,PUCARANI,estado nutricional,clasificacion c,2004-03-01,240,109,240,109,349
20401,PUERTO ACOSTA,estado nutricional,clasificacion c,2004-03-01,164,202,164,202,366
20403,PUERTO CARABUCO,estado nutricional,clasificacion c,2004-03-01,130,155,130,155,285
90301,PUERTO GONZALO MORENO,estado nutricional,clasificacion c,2004-03-01,17,41,17,41,58
21204,PUERTO PEREZ,estado nutricional,clasificacion c,2004-03-01,75,73,75,73,148
71402,PUERTO QUIJARRO,estado nutricional,clasificacion c,2004-03-01,163,40,163,40,203
90201,PUERTO RICO,estado nutricional,clasificacion c,2004-03-01,87,69,87,69,156
80703,PUERTO SILES,estado nutricional,clasificacion c,2004-03-01,5,18,5,18,23
71401,PUERTO SUAREZ,estado nutricional,clasificacion c,2004-03-01,199,70,199,70,269
31205,PUERTO VILLARROEL,estado nutricional,clasificacion c,2004-03-01,541,387,541,387,928
51101,PUNA,estado nutricional,clasificacion c,2004-03-01,428,318,428,318,746
31401,PUNATA,estado nutricional,clasificacion c,2004-03-01,467,157,467,157,624
20604,QUIABAYA,estado nutricional,clasificacion c,2004-03-01,23,10,23,10,33
30901,QUILLACOLLO,estado nutricional,clasificacion c,2004-03-01,714,345,714,345,1059
21002,QUIME,estado nutricional,clasificacion c,2004-03-01,142,144,142,144,286
70904,QUIRUSILLAS,estado nutricional,clasificacion c,2004-03-01,39,33,39,33,72
50402,RAVELO,estado nutricional,clasificacion c,2004-03-01,302,285,302,285,587
80301,REYES,estado nutricional,clasificacion c,2004-03-01,226,218,226,218,444
80201,RIBERALTA,estado nutricional,clasificacion c,2004-03-01,1413,762,1413,762,2175
70503,ROBORE,estado nutricional,clasificacion c,2004-03-01,255,187,255,187,442
80304,RURRENABAQUE,estado nutricional,clasificacion c,2004-03-01,197,52,197,52,249
40901,SABAYA,estado nutricional,clasificacion c,2004-03-01,45,34,45,34,79
31001,SACABA,estado nutricional,clasificacion c,2004-03-01,574,277,574,277,851
30404,SACABAMBA,estado nutricional,clasificacion c,2004-03-01,50,97,50,97,147
50701,SACACA,estado nutricional,clasificacion c,2004-03-01,310,290,310,290,600
71302,SAIPINA,estado nutricional,clasificacion c,2004-03-01,62,51,62,51,113
40801,SALINAS DE GARCI MENDOZA,estado nutricional,clasificacion c,2004-03-01,71,94,71,94,165
70901,SAMAIPATA,estado nutricional,clasificacion c,2004-03-01,143,53,143,53,196
51601,SAN AGUSTIN,estado nutricional,clasificacion c,2004-03-01,44,45,44,45,89
80602,SAN ANDRES,estado nutricional,clasificacion c,2004-03-01,153,152,153,152,305
51003,SAN ANTONIO DE ESMORUCO,estado nutricional,clasificacion c,2004-03-01,25,9,25,9,34
71105,SAN ANTONIO DE LOMERIO,estado nutricional,clasificacion c,2004-03-01,134,176,134,176,310
31403,SAN BENITO,estado nutricional,clasificacion c,2004-03-01,125,53,125,53,178
80302,SAN BORJA,estado nutricional,clasificacion c,2004-03-01,589,385,589,385,974
21502,SAN BUENA VENTURA,estado nutricional,clasificacion c,2004-03-01,126,69,126,69,195
70402,SAN CARLOS,estado nutricional,clasificacion c,2004-03-01,340,193,340,193,533
80501,SAN IGNACIO,estado nutricional,clasificacion c,2004-03-01,330,256,330,256,586
70301,SAN IGNACIO DE VELASCO,estado nutricional,clasificacion c,2004-03-01,644,364,644,364,1008
80102,SAN JAVIER(BNI),estado nutricional,clasificacion c,2004-03-01,53,89,53,89,142
71102,SAN JAVIER(STC),estado nutricional,clasificacion c,2004-03-01,158,150,158,150,308
80701,SAN JOAQUIN,estado nutricional,clasificacion c,2004-03-01,47,50,47,50,97
70501,SAN JOSE DE CHIQUITOS,estado nutricional,clasificacion c,2004-03-01,163,67,163,67,230
71104,SAN JULIAN,estado nutricional,clasificacion c,2004-03-01,446,735,446,735,1181
90302,SAN LORENZO(PND),estado nutricional,clasificacion c,2004-03-01,37,38,37,38,75
60501,SAN LORENZO(TJA),estado nutricional,clasificacion c,2004-03-01,92,73,92,73,165
10702,SAN LUCAS,estado nutricional,clasificacion c,2004-03-01,554,543,554,543,1097
71201,SAN MATIAS,estado nutricional,clasificacion c,2004-03-01,206,142,206,142,348
70302,SAN MIGUEL DE VELASCO,estado nutricional,clasificacion c,2004-03-01,234,144,234,144,378
51001,SAN PABLO DE LIPEZ,estado nutricional,clasificacion c,2004-03-01,49,32,49,32,81
50501,SAN PEDRO DE BUENA VISTA,estado nutricional,clasificacion c,2004-03-01,249,288,249,288,537
21801,SAN PEDRO DE CURAHUARA,estado nutricional,clasificacion c,2004-03-01,67,56,67,56,123
50902,SAN PEDRO DE QUEMES,estado nutricional,clasificacion c,2004-03-01,4,5,4,5,9
21702,SAN PEDRO DE TIQUINA,estado nutricional,clasificacion c,2004-03-01,42,55,42,55,97
90202,SAN PEDRO(PND),estado nutricional,clasificacion c,2004-03-01,7,1,7,1,8
70303,SAN RAFAEL,estado nutricional,clasificacion c,2004-03-01,87,69,87,69,156
80702,SAN RAMON,estado nutricional,clasificacion c,2004-03-01,110,89,110,89,199
80401,SANTA ANA,estado nutricional,clasificacion c,2004-03-01,193,128,193,128,321
70101,SANTA CRUZ DE LA SIERRA,estado nutricional,clasificacion c,2004-03-01,9598,4803,9598,4803,14401
80303,SANTA ROSA,estado nutricional,clasificacion c,2004-03-01,131,120,131,120,251
70602,SANTA ROSA DEL SARA,estado nutricional,clasificacion c,2004-03-01,94,70,94,70,164
20308,SANTIAGO DE CALLAPA,estado nutricional,clasificacion c,2004-03-01,62,45,62,45,107
41401,SANTIAGO DE HUARI,estado nutricional,clasificacion c,2004-03-01,14,31,14,31,45
21901,SANTIAGO DE MACHACA,estado nutricional,clasificacion c,2004-03-01,70,84,70,84,154
30702,SANTIVAÃ‘ES,estado nutricional,clasificacion c,2004-03-01,156,130,156,130,286
40202,SANTUARIO DE QUILLACAS,estado nutricional,clasificacion c,2004-03-01,22,35,22,35,57
20902,SAPAHAQUI,estado nutricional,clasificacion c,2004-03-01,107,59,107,59,166
90303,SENA,estado nutricional,clasificacion c,2004-03-01,11,5,11,5,16
21301,SICA SICA (VILLA AROMA),estado nutricional,clasificacion c,2004-03-01,201,129,201,129,330
30703,SICAYA,estado nutricional,clasificacion c,2004-03-01,30,14,30,14,44
30902,SIPE SIPE,estado nutricional,clasificacion c,2004-03-01,460,353,460,353,813
10403,SOPACHUY,estado nutricional,clasificacion c,2004-03-01,139,45,139,45,184
20601,SORATA,estado nutricional,clasificacion c,2004-03-01,183,276,183,276,459
10101,SUCRE,estado nutricional,clasificacion c,2004-03-01,2828,1796,2828,1796,4624
31404,TACACHI,estado nutricional,clasificacion c,2004-03-01,15,10,15,10,25
20603,TACACOMA,estado nutricional,clasificacion c,2004-03-01,60,101,60,101,161
50303,TACOBAMBA,estado nutricional,clasificacion c,2004-03-01,125,126,125,126,251
30602,TACOPAYA,estado nutricional,clasificacion c,2004-03-01,119,193,119,193,312
51402,TAHUA,estado nutricional,clasificacion c,2004-03-01,20,25,20,25,45
31101,TAPACARI,estado nutricional,clasificacion c,2004-03-01,300,218,300,218,518
10601,TARABUCO,estado nutricional,clasificacion c,2004-03-01,474,616,474,616,1090
30401,TARATA,estado nutricional,clasificacion c,2004-03-01,169,36,169,36,205
60101,TARIJA,estado nutricional,clasificacion c,2004-03-01,2024,1275,2024,1275,3299
10202,TARVITA,estado nutricional,clasificacion c,2004-03-01,307,347,307,347,654
20803,TIAWANACU,estado nutricional,clasificacion c,2004-03-01,168,101,168,101,269
50102,TINGUIPAYA,estado nutricional,clasificacion c,2004-03-01,179,253,179,253,432
20606,TIPUANI,estado nutricional,clasificacion c,2004-03-01,135,87,135,87,222
30903,TIQUIPAYA,estado nutricional,clasificacion c,2004-03-01,304,98,304,98,402
31601,TIRAQUE (CBBA),estado nutricional,clasificacion c,2004-03-01,513,354,513,354,867
21703,TITO YUPANQUI (PARQUIPUJIO),estado nutricional,clasificacion c,2004-03-01,24,24,24,24,48
30802,TOCO,estado nutricional,clasificacion c,2004-03-01,14,14,14,14,28
41502,TODOS SANTOS,estado nutricional,clasificacion c,2004-03-01,0,1,0,1,1
30803,TOLATA,estado nutricional,clasificacion c,2004-03-01,29,23,29,23,52
41001,TOLEDO,estado nutricional,clasificacion c,2004-03-01,65,88,65,88,153
51202,TOMAVE,estado nutricional,clasificacion c,2004-03-01,146,138,146,138,284
10402,TOMINA,estado nutricional,clasificacion c,2004-03-01,165,244,165,244,409
50502,TORO TORO,estado nutricional,clasificacion c,2004-03-01,214,213,214,213,427
31201,TOTORA(CBBA),estado nutricional,clasificacion c,2004-03-01,198,121,198,121,319
41301,TOTORA(ORR),estado nutricional,clasificacion c,2004-03-01,52,60,52,60,112
70802,TRIGAL,estado nutricional,clasificacion c,2004-03-01,15,10,15,10,25
80101,TRINIDAD,estado nutricional,clasificacion c,2004-03-01,902,711,902,711,1613
50801,TUPIZA,estado nutricional,clasificacion c,2004-03-01,561,440,561,440,1001
21302,UMALA,estado nutricional,clasificacion c,2004-03-01,26,19,26,19,45
50201,UNCIA,estado nutricional,clasificacion c,2004-03-01,135,53,135,53,188
60401,URIONDO (A. CONCEPCION),estado nutricional,clasificacion c,2004-03-01,218,311,218,311,529
71502,URUBICHA,estado nutricional,clasificacion c,2004-03-01,13,39,13,39,52
51201,UYUNI,estado nutricional,clasificacion c,2004-03-01,355,270,355,270,625
30502,VACAS,estado nutricional,clasificacion c,2004-03-01,109,82,109,82,191
70801,VALLEGRANDE,estado nutricional,clasificacion c,2004-03-01,156,129,156,129,285
20801,VIACHA,estado nutricional,clasificacion c,2004-03-01,599,354,599,354,953
31302,VILA VILA,estado nutricional,clasificacion c,2004-03-01,39,55,39,55,94
60303,VILLA MONTES,estado nutricional,clasificacion c,2004-03-01,484,278,484,278,762
90502,VILLA NUEVA (LOMA ALTA),estado nutricional,clasificacion c,2004-03-01,10,5,10,5,15
31402,VILLA RIVERO,estado nutricional,clasificacion c,2004-03-01,34,27,34,27,61
10801,VILLA SERRANO,estado nutricional,clasificacion c,2004-03-01,333,368,333,368,701
31003,VILLA TUNARI,estado nutricional,clasificacion c,2004-03-01,694,455,694,455,1149
11001,VILLA VACA GUZMAN (MUYUPAMPA),estado nutricional,clasificacion c,2004-03-01,197,268,197,268,465
51501,VILLAZON,estado nutricional,clasificacion c,2004-03-01,595,454,595,454,1049
30904,VINTO,estado nutricional,clasificacion c,2004-03-01,222,93,222,93,315
50602,VITICHI,estado nutricional,clasificacion c,2004-03-01,192,192,192,192,384
20306,WALDO BALLIVIAN,estado nutricional,clasificacion c,2004-03-01,24,33,24,33,57
70201,WARNES,estado nutricional,clasificacion c,2004-03-01,503,361,503,361,864
20903,YACO,estado nutricional,clasificacion c,2004-03-01,75,32,75,32,107
60301,YACUIBA,estado nutricional,clasificacion c,2004-03-01,834,367,834,367,1201
10602,YAMPARAEZ,estado nutricional,clasificacion c,2004-03-01,266,389,266,389,655
21103,YANACACHI,estado nutricional,clasificacion c,2004-03-01,72,61,72,61,133
70403,YAPACANI,estado nutricional,clasificacion c,2004-03-01,665,483,665,483,1148
50103,YOCALLA,estado nutricional,clasificacion c,2004-03-01,60,116,60,116,176
10102,YOTALA,estado nutricional,clasificacion c,2004-03-01,195,315,195,315,510
60402,YUNCHARA,estado nutricional,clasificacion c,2004-03-01,128,149,128,149,277
10301,ZUDAÃ‘EZ,estado nutricional,clasificacion c,2004-03-01,172,165,172,165,337
51302,ACACIO,estado nutricional,clasificacion c,2004-04-01,124,160,124,160,284
20201,ACHACACHI,estado nutricional,clasificacion c,2004-04-01,437,398,437,398,835
20104,ACHOCALLA,estado nutricional,clasificacion c,2004-04-01,85,21,85,21,106
30201,AIQUILE,estado nutricional,clasificacion c,2004-04-01,173,92,173,92,265
31303,ALALAY,estado nutricional,clasificacion c,2004-04-01,20,39,20,39,59
10404,ALCALA,estado nutricional,clasificacion c,2004-04-01,52,127,52,127,179
20202,ANCORAIMES,estado nutricional,clasificacion c,2004-04-01,144,197,144,197,341
41201,ANDAMARCA,estado nutricional,clasificacion c,2004-04-01,50,78,50,78,128
40603,ANTEQUERA,estado nutricional,clasificacion c,2004-04-01,18,17,18,17,35
30402,ANZALDO,estado nutricional,clasificacion c,2004-04-01,31,36,31,36,67
20701,APOLO,estado nutricional,clasificacion c,2004-04-01,92,62,92,62,154
51301,ARAMPAMPA,estado nutricional,clasificacion c,2004-04-01,47,84,47,84,131
30501,ARANI,estado nutricional,clasificacion c,2004-04-01,36,18,36,18,54
30403,ARBIETO,estado nutricional,clasificacion c,2004-04-01,46,32,46,32,78
30601,ARQUE,estado nutricional,clasificacion c,2004-04-01,92,82,92,82,174
71501,ASCENCION DE GUARAYOS,estado nutricional,clasificacion c,2004-04-01,472,410,472,410,882
50802,ATOCHA,estado nutricional,clasificacion c,2004-04-01,116,398,116,398,514
20503,AUCAPATA,estado nutricional,clasificacion c,2004-04-01,68,47,68,47,115
20502,AYATA,estado nutricional,clasificacion c,2004-04-01,99,94,99,94,193
21303,AYO AYO,estado nutricional,clasificacion c,2004-04-01,104,70,104,70,174
30301,AYOPAYA (V. DE INDEPENDENCIA),estado nutricional,clasificacion c,2004-04-01,262,337,262,337,599
10201,AZURDUY,estado nutricional,clasificacion c,2004-04-01,398,435,398,435,833
21203,BATALLAS,estado nutricional,clasificacion c,2004-04-01,129,73,129,73,202
80802,BAURES,estado nutricional,clasificacion c,2004-04-01,81,67,81,67,148
41202,BELEN DE ANDAMARCA,estado nutricional,clasificacion c,2004-04-01,15,19,15,19,34
50104,BELEN DE URMIRI,estado nutricional,clasificacion c,2004-04-01,16,27,16,27,43
90104,BELLA FLOR,estado nutricional,clasificacion c,2004-04-01,34,51,34,51,85
60202,BERMEJO,estado nutricional,clasificacion c,2004-04-01,53,9,53,9,62
50301,BETANZOS,estado nutricional,clasificacion c,2004-04-01,350,266,350,266,616
31501,BOLIVAR,estado nutricional,clasificacion c,2004-04-01,82,101,82,101,183
90103,BOLPEBRA,estado nutricional,clasificacion c,2004-04-01,16,20,16,20,36
70707,BOYUIBE,estado nutricional,clasificacion c,2004-04-01,58,69,58,69,127
70401,BUENA VISTA,estado nutricional,clasificacion c,2004-04-01,35,24,35,24,59
70703,CABEZAS,estado nutricional,clasificacion c,2004-04-01,112,87,112,87,199
20905,CAIROMA,estado nutricional,clasificacion c,2004-04-01,144,109,144,109,253
51102,"CAIZA ""D""",estado nutricional,clasificacion c,2004-04-01,121,124,121,124,245
21003,CAJUATA,estado nutricional,clasificacion c,2004-04-01,88,64,88,64,152
20303,CALACOTO,estado nutricional,clasificacion c,2004-04-01,63,32,63,32,95
21304,CALAMARCA,estado nutricional,clasificacion c,2004-04-01,205,138,205,138,343
10701,CAMARGO,estado nutricional,clasificacion c,2004-04-01,161,114,161,114,275
10901,CAMATAQUI (C. VILLA ABECIA),estado nutricional,clasificacion c,2004-04-01,64,54,64,54,118
70706,CAMIRI,estado nutricional,clasificacion c,2004-04-01,390,308,390,308,698
30701,CAPINOTA,estado nutricional,clasificacion c,2004-04-01,76,41,76,41,117
20302,CAQUIAVIRI,estado nutricional,clasificacion c,2004-04-01,164,146,164,146,310
40102,CARACOLLO,estado nutricional,clasificacion c,2004-04-01,191,174,191,174,365
22001,CARANAVI,estado nutricional,clasificacion c,2004-04-01,780,545,780,545,1325
41503,CARANGAS,estado nutricional,clasificacion c,2004-04-01,0,2,0,2,2
60302,CARAPARI,estado nutricional,clasificacion c,2004-04-01,90,109,90,109,199
50702,CARIPUYO,estado nutricional,clasificacion c,2004-04-01,152,80,152,80,232
21902,CATACORA,estado nutricional,clasificacion c,2004-04-01,30,53,30,53,83
21803,CHACARILLA,estado nutricional,clasificacion c,2004-04-01,19,19,19,19,38
40201,CHALLAPATA,estado nutricional,clasificacion c,2004-04-01,135,199,135,199,334
50302,CHAQUI,estado nutricional,clasificacion c,2004-04-01,92,73,92,73,165
70702,CHARAGUA,estado nutricional,clasificacion c,2004-04-01,309,308,309,308,617
20305,CHARAÃ‘A,estado nutricional,clasificacion c,2004-04-01,55,35,55,35,90
50202,CHAYANTA,estado nutricional,clasificacion c,2004-04-01,96,71,96,71,167
31204,CHIMORE,estado nutricional,clasificacion c,2004-04-01,110,54,110,54,164
40903,CHIPAYA,estado nutricional,clasificacion c,2004-04-01,27,26,27,26,53
40302,CHOQUE COTA,estado nutricional,clasificacion c,2004-04-01,15,19,15,19,34
21101,CHULUMANI (V. DE LA LIBERTAD),estado nutricional,clasificacion c,2004-04-01,237,235,237,235,472
20501,CHUMA,estado nutricional,clasificacion c,2004-04-01,98,91,98,91,189
30801,CLIZA,estado nutricional,clasificacion c,2004-04-01,112,60,112,60,172
90101,COBIJA,estado nutricional,clasificacion c,2004-04-01,398,253,398,253,651
30101,COCHABAMBA,estado nutricional,clasificacion c,2004-04-01,2247,1321,2247,1321,3568
40902,COIPASA,estado nutricional,clasificacion c,2004-04-01,9,17,9,17,26
30905,COLCAPIRHUA,estado nutricional,clasificacion c,2004-04-01,296,117,296,117,413
50901,"COLCHA ""K""",estado nutricional,clasificacion c,2004-04-01,175,162,175,162,337
21307,COLLANA,estado nutricional,clasificacion c,2004-04-01,13,5,13,5,18
31002,COLOMI,estado nutricional,clasificacion c,2004-04-01,314,136,314,136,450
50401,COLQUECHACA,estado nutricional,clasificacion c,2004-04-01,169,94,169,94,263
21306,COLQUENCHA,estado nutricional,clasificacion c,2004-04-01,64,19,64,19,83
21004,COLQUIRI,estado nutricional,clasificacion c,2004-04-01,258,204,258,204,462
20304,COMANCHE,estado nutricional,clasificacion c,2004-04-01,74,53,74,53,127
71301,COMARAPA,estado nutricional,clasificacion c,2004-04-01,135,79,135,79,214
20605,COMBAYA,estado nutricional,clasificacion c,2004-04-01,19,31,19,31,50
71101,CONCEPCION,estado nutricional,clasificacion c,2004-04-01,69,11,69,11,80
21701,COPACABANA,estado nutricional,clasificacion c,2004-04-01,161,48,161,48,209
21402,CORIPATA,estado nutricional,clasificacion c,2004-04-01,74,5,74,5,79
20301,CORO CORO,estado nutricional,clasificacion c,2004-04-01,149,145,149,145,294
21401,COROICO,estado nutricional,clasificacion c,2004-04-01,171,111,171,111,282
40301,CORQUE,estado nutricional,clasificacion c,2004-04-01,74,47,74,47,121
50601,COTAGAITA,estado nutricional,clasificacion c,2004-04-01,228,180,228,180,408
70102,COTOCA,estado nutricional,clasificacion c,2004-04-01,251,125,251,125,376
70704,CUEVO,estado nutricional,clasificacion c,2004-04-01,66,59,66,59,125
10902,CULPINA,estado nutricional,clasificacion c,2004-04-01,398,296,398,296,694
40401,CURAHUARA DE CARANGAS,estado nutricional,clasificacion c,2004-04-01,51,55,51,55,106
21602,CURVA,estado nutricional,clasificacion c,2004-04-01,30,13,30,13,43
20804,DESAGUADERO,estado nutricional,clasificacion c,2004-04-01,44,14,44,14,58
20105,EL ALTO,estado nutricional,clasificacion c,2004-04-01,6513,2907,6513,2907,9420
40103,EL CHORO,estado nutricional,clasificacion c,2004-04-01,21,13,21,13,34
71503,EL PUENTE(STC),estado nutricional,clasificacion c,2004-04-01,194,189,194,189,383
60502,EL PUENTE(TJA),estado nutricional,clasificacion c,2004-04-01,68,100,68,100,168
70105,EL TORNO,estado nutricional,clasificacion c,2004-04-01,321,145,321,145,466
10405,EL VILLAR,estado nutricional,clasificacion c,2004-04-01,93,165,93,165,258
60601,ENTRE RIOS,estado nutricional,clasificacion c,2004-04-01,253,188,253,188,441
41101,EUCALIPTUS,estado nutricional,clasificacion c,2004-04-01,31,47,31,47,78
90503,EUREKA (SANTOS MERCADO),estado nutricional,clasificacion c,2004-04-01,5,3,5,3,8
80402,EXALTACION,estado nutricional,clasificacion c,2004-04-01,41,75,41,75,116
90203,FILADELFIA,estado nutricional,clasificacion c,2004-04-01,7,6,7,6,13
71002,GENERAL SAAVEDRA,estado nutricional,clasificacion c,2004-04-01,259,343,259,343,602
21601,GRAL. J.J. PEREZ (CHARAZANI),estado nutricional,clasificacion c,2004-04-01,148,135,148,135,283
20602,GUANAY,estado nutricional,clasificacion c,2004-04-01,607,410,607,410,1017
20802,GUAQUI,estado nutricional,clasificacion c,2004-04-01,50,21,50,21,71
80202,GUAYARAMERIN,estado nutricional,clasificacion c,2004-04-01,455,277,455,277,732
70705,GUTIERREZ,estado nutricional,clasificacion c,2004-04-01,157,239,157,239,396
10502,HUACARETA,estado nutricional,clasificacion c,2004-04-01,177,322,177,322,499
11002,HUACAYA (VILLA DE HUACAYA),estado nutricional,clasificacion c,2004-04-01,44,64,44,64,108
40501,HUACHACALLA,estado nutricional,clasificacion c,2004-04-01,15,16,15,16,31
40701,HUANUNI,estado nutricional,clasificacion c,2004-04-01,447,176,447,176,623
80803,HUARACAJE,estado nutricional,clasificacion c,2004-04-01,56,41,56,41,97
41601,HUAYLLAMARCA,estado nutricional,clasificacion c,2004-04-01,41,30,41,30,71
21005,ICHOCA,estado nutricional,clasificacion c,2004-04-01,21,30,21,30,51
10304,ICLA,estado nutricional,clasificacion c,2004-04-01,213,357,213,357,570
10703,INCAHUASI,estado nutricional,clasificacion c,2004-04-01,287,185,287,185,472
21001,INQUISIVI,estado nutricional,clasificacion c,2004-04-01,118,101,118,101,219
21102,IRUPANA (VILLA DE LANZA),estado nutricional,clasificacion c,2004-04-01,272,300,272,300,572
21501,IXIAMAS,estado nutricional,clasificacion c,2004-04-01,94,137,94,137,231
21105,LA ASUNTA,estado nutricional,clasificacion c,2004-04-01,268,113,268,113,381
70104,LA GUARDIA,estado nutricional,clasificacion c,2004-04-01,573,276,573,276,849
20101,LA PAZ,estado nutricional,clasificacion c,2004-04-01,5253,3318,5253,3318,8571
41501,LA RIVERA,estado nutricional,clasificacion c,2004-04-01,4,1,4,1,5
70701,LAGUNILLAS,estado nutricional,clasificacion c,2004-04-01,88,111,88,111,199
21202,LAJA,estado nutricional,clasificacion c,2004-04-01,168,90,168,90,258
10903,LAS CARRERAS,estado nutricional,clasificacion c,2004-04-01,45,57,45,57,102
21006,LICOMA PAMPA,estado nutricional,clasificacion c,2004-04-01,31,22,31,22,53
50203,LLALLAGUA,estado nutricional,clasificacion c,2004-04-01,165,279,165,279,444
51401,LLICA,estado nutricional,clasificacion c,2004-04-01,40,46,40,46,86
80601,LORETO,estado nutricional,clasificacion c,2004-04-01,28,60,28,60,88
20901,LURIBAY,estado nutricional,clasificacion c,2004-04-01,185,146,185,146,331
40702,MACHACAMARCA,estado nutricional,clasificacion c,2004-04-01,17,26,17,26,43
11003,MACHARETI,estado nutricional,clasificacion c,2004-04-01,138,277,138,277,415
80801,MAGDALENA,estado nutricional,clasificacion c,2004-04-01,159,92,159,92,251
70903,MAIRANA,estado nutricional,clasificacion c,2004-04-01,133,69,133,69,202
20904,MALLA,estado nutricional,clasificacion c,2004-04-01,5,7,5,7,12
20103,MECAPACA,estado nutricional,clasificacion c,2004-04-01,131,89,131,89,220
71003,MINEROS,estado nutricional,clasificacion c,2004-04-01,680,409,680,409,1089
31301,MIZQUE,estado nutricional,clasificacion c,2004-04-01,73,85,73,85,158
20402,MOCOMOCO,estado nutricional,clasificacion c,2004-04-01,284,302,284,302,586
51002,MOJINETE,estado nutricional,clasificacion c,2004-04-01,11,4,11,4,15
10303,MOJOCOYA,estado nutricional,clasificacion c,2004-04-01,165,306,165,306,471
10501,MONTEAGUDO,estado nutricional,clasificacion c,2004-04-01,404,474,404,474,878
71001,MONTERO,estado nutricional,clasificacion c,2004-04-01,1468,857,1468,857,2325
70803,MORO MORO,estado nutricional,clasificacion c,2004-04-01,14,10,14,10,24
30302,MOROCHATA,estado nutricional,clasificacion c,2004-04-01,283,251,283,251,534
90401,NACEBE (SANTA ROSA DEL ABUNA),estado nutricional,clasificacion c,2004-04-01,18,14,18,14,32
20307,NAZACARA DE PACAJES,estado nutricional,clasificacion c,2004-04-01,23,22,23,22,45
90501,NUEVO MANOA (NUEVA ESPERANZA),estado nutricional,clasificacion c,2004-04-01,4,8,4,8,12
50404,OCURI,estado nutricional,clasificacion c,2004-04-01,125,156,125,156,281
70202,OKINAWA,estado nutricional,clasificacion c,2004-04-01,117,83,117,83,200
30203,OMEREQUE,estado nutricional,clasificacion c,2004-04-01,67,42,67,42,109
40101,ORURO,estado nutricional,clasificacion c,2004-04-01,1615,1042,1615,1042,2657
60201,PADCAYA,estado nutricional,clasificacion c,2004-04-01,203,190,203,190,393
10401,PADILLA,estado nutricional,clasificacion c,2004-04-01,252,317,252,317,569
70502,PAILON,estado nutricional,clasificacion c,2004-04-01,128,74,128,74,202
20102,PALCA,estado nutricional,clasificacion c,2004-04-01,157,101,157,101,258
21104,PALOS BLANCOS,estado nutricional,clasificacion c,2004-04-01,316,278,316,278,594
40802,PAMPA AULLAGAS,estado nutricional,clasificacion c,2004-04-01,19,22,19,22,41
70902,PAMPA GRANDE,estado nutricional,clasificacion c,2004-04-01,52,33,52,33,85
21802,PAPEL PAMPA,estado nutricional,clasificacion c,2004-04-01,52,44,52,44,96
30202,PASORAPA,estado nutricional,clasificacion c,2004-04-01,52,49,52,49,101
21305,PATACAMAYA,estado nutricional,clasificacion c,2004-04-01,464,213,464,213,677
40602,PAZÃ‘A,estado nutricional,clasificacion c,2004-04-01,19,44,19,44,63
20702,PELECHUCO,estado nutricional,clasificacion c,2004-04-01,50,45,50,45,95
50403,POCOATA,estado nutricional,clasificacion c,2004-04-01,312,262,312,262,574
31203,POCONA,estado nutricional,clasificacion c,2004-04-01,92,92,92,92,184
31202,POJO (CBBA),estado nutricional,clasificacion c,2004-04-01,435,263,435,263,698
40601,POOPO,estado nutricional,clasificacion c,2004-04-01,26,24,26,24,50
51203,PORCO,estado nutricional,clasificacion c,2004-04-01,89,32,89,32,121
10103,POROMA,estado nutricional,clasificacion c,2004-04-01,223,213,223,213,436
70103,PORONGO,estado nutricional,clasificacion c,2004-04-01,56,13,56,13,69
70601,PORTACHUELO,estado nutricional,clasificacion c,2004-04-01,235,207,235,207,442
90102,PORVENIR,estado nutricional,clasificacion c,2004-04-01,73,74,73,74,147
70804,POSTRER VALLE,estado nutricional,clasificacion c,2004-04-01,0,3,0,3,3
50101,POTOSI,estado nutricional,clasificacion c,2004-04-01,1600,750,1600,750,2350
10302,PRESTO,estado nutricional,clasificacion c,2004-04-01,134,172,134,172,306
70805,PUCARA,estado nutricional,clasificacion c,2004-04-01,9,22,9,22,31
21201,PUCARANI,estado nutricional,clasificacion c,2004-04-01,197,84,197,84,281
20401,PUERTO ACOSTA,estado nutricional,clasificacion c,2004-04-01,266,233,266,233,499
20403,PUERTO CARABUCO,estado nutricional,clasificacion c,2004-04-01,157,163,157,163,320
90301,PUERTO GONZALO MORENO,estado nutricional,clasificacion c,2004-04-01,47,53,47,53,100
21204,PUERTO PEREZ,estado nutricional,clasificacion c,2004-04-01,80,61,80,61,141
71402,PUERTO QUIJARRO,estado nutricional,clasificacion c,2004-04-01,147,17,147,17,164
90201,PUERTO RICO,estado nutricional,clasificacion c,2004-04-01,48,16,48,16,64
80703,PUERTO SILES,estado nutricional,clasificacion c,2004-04-01,25,61,25,61,86
71401,PUERTO SUAREZ,estado nutricional,clasificacion c,2004-04-01,116,61,116,61,177
31205,PUERTO VILLARROEL,estado nutricional,clasificacion c,2004-04-01,553,362,553,362,915
51101,PUNA,estado nutricional,clasificacion c,2004-04-01,201,91,201,91,292
31401,PUNATA,estado nutricional,clasificacion c,2004-04-01,351,141,351,141,492
20604,QUIABAYA,estado nutricional,clasificacion c,2004-04-01,23,23,23,23,46
30901,QUILLACOLLO,estado nutricional,clasificacion c,2004-04-01,531,347,531,347,878
21002,QUIME,estado nutricional,clasificacion c,2004-04-01,131,145,131,145,276
70904,QUIRUSILLAS,estado nutricional,clasificacion c,2004-04-01,18,18,18,18,36
50402,RAVELO,estado nutricional,clasificacion c,2004-04-01,255,187,255,187,442
80301,REYES,estado nutricional,clasificacion c,2004-04-01,206,193,206,193,399
80201,RIBERALTA,estado nutricional,clasificacion c,2004-04-01,1064,751,1064,751,1815
70503,ROBORE,estado nutricional,clasificacion c,2004-04-01,184,150,184,150,334
80304,RURRENABAQUE,estado nutricional,clasificacion c,2004-04-01,157,63,157,63,220
40901,SABAYA,estado nutricional,clasificacion c,2004-04-01,26,23,26,23,49
31001,SACABA,estado nutricional,clasificacion c,2004-04-01,378,78,378,78,456
30404,SACABAMBA,estado nutricional,clasificacion c,2004-04-01,53,129,53,129,182
50701,SACACA,estado nutricional,clasificacion c,2004-04-01,204,256,204,256,460
71302,SAIPINA,estado nutricional,clasificacion c,2004-04-01,41,47,41,47,88
40801,SALINAS DE GARCI MENDOZA,estado nutricional,clasificacion c,2004-04-01,64,92,64,92,156
70901,SAMAIPATA,estado nutricional,clasificacion c,2004-04-01,134,62,134,62,196
51601,SAN AGUSTIN,estado nutricional,clasificacion c,2004-04-01,34,37,34,37,71
80602,SAN ANDRES,estado nutricional,clasificacion c,2004-04-01,107,78,107,78,185
51003,SAN ANTONIO DE ESMORUCO,estado nutricional,clasificacion c,2004-04-01,8,17,8,17,25
71105,SAN ANTONIO DE LOMERIO,estado nutricional,clasificacion c,2004-04-01,95,123,95,123,218
31403,SAN BENITO,estado nutricional,clasificacion c,2004-04-01,172,162,172,162,334
80302,SAN BORJA,estado nutricional,clasificacion c,2004-04-01,495,240,495,240,735
21502,SAN BUENA VENTURA,estado nutricional,clasificacion c,2004-04-01,137,111,137,111,248
70402,SAN CARLOS,estado nutricional,clasificacion c,2004-04-01,358,197,358,197,555
80501,SAN IGNACIO,estado nutricional,clasificacion c,2004-04-01,243,170,243,170,413
70301,SAN IGNACIO DE VELASCO,estado nutricional,clasificacion c,2004-04-01,616,371,616,371,987
80102,SAN JAVIER(BNI),estado nutricional,clasificacion c,2004-04-01,48,88,48,88,136
71102,SAN JAVIER(STC),estado nutricional,clasificacion c,2004-04-01,87,91,87,91,178
80701,SAN JOAQUIN,estado nutricional,clasificacion c,2004-04-01,23,21,23,21,44
70501,SAN JOSE DE CHIQUITOS,estado nutricional,clasificacion c,2004-04-01,162,59,162,59,221
71104,SAN JULIAN,estado nutricional,clasificacion c,2004-04-01,433,538,433,538,971
90302,SAN LORENZO(PND),estado nutricional,clasificacion c,2004-04-01,21,13,21,13,34
60501,SAN LORENZO(TJA),estado nutricional,clasificacion c,2004-04-01,75,57,75,57,132
10702,SAN LUCAS,estado nutricional,clasificacion c,2004-04-01,626,625,626,625,1251
71201,SAN MATIAS,estado nutricional,clasificacion c,2004-04-01,141,70,141,70,211
70302,SAN MIGUEL DE VELASCO,estado nutricional,clasificacion c,2004-04-01,212,213,212,213,425
51001,SAN PABLO DE LIPEZ,estado nutricional,clasificacion c,2004-04-01,27,26,27,26,53
50501,SAN PEDRO DE BUENA VISTA,estado nutricional,clasificacion c,2004-04-01,184,264,184,264,448
21801,SAN PEDRO DE CURAHUARA,estado nutricional,clasificacion c,2004-04-01,52,84,52,84,136
50902,SAN PEDRO DE QUEMES,estado nutricional,clasificacion c,2004-04-01,5,3,5,3,8
21702,SAN PEDRO DE TIQUINA,estado nutricional,clasificacion c,2004-04-01,41,39,41,39,80
90202,SAN PEDRO(PND),estado nutricional,clasificacion c,2004-04-01,13,17,13,17,30
70303,SAN RAFAEL,estado nutricional,clasificacion c,2004-04-01,57,47,57,47,104
80702,SAN RAMON,estado nutricional,clasificacion c,2004-04-01,14,7,14,7,21
80401,SANTA ANA,estado nutricional,clasificacion c,2004-04-01,161,91,161,91,252
70101,SANTA CRUZ DE LA SIERRA,estado nutricional,clasificacion c,2004-04-01,5970,3056,5970,3056,9026
80303,SANTA ROSA,estado nutricional,clasificacion c,2004-04-01,57,29,57,29,86
70602,SANTA ROSA DEL SARA,estado nutricional,clasificacion c,2004-04-01,66,76,66,76,142
20308,SANTIAGO DE CALLAPA,estado nutricional,clasificacion c,2004-04-01,81,59,81,59,140
41401,SANTIAGO DE HUARI,estado nutricional,clasificacion c,2004-04-01,57,65,57,65,122
21901,SANTIAGO DE MACHACA,estado nutricional,clasificacion c,2004-04-01,78,79,78,79,157
30702,SANTIVAÃ‘ES,estado nutricional,clasificacion c,2004-04-01,133,78,133,78,211
40202,SANTUARIO DE QUILLACAS,estado nutricional,clasificacion c,2004-04-01,7,13,7,13,20
20902,SAPAHAQUI,estado nutricional,clasificacion c,2004-04-01,91,81,91,81,172
90303,SENA,estado nutricional,clasificacion c,2004-04-01,35,14,35,14,49
21301,SICA SICA (VILLA AROMA),estado nutricional,clasificacion c,2004-04-01,283,132,283,132,415
30703,SICAYA,estado nutricional,clasificacion c,2004-04-01,21,8,21,8,29
30902,SIPE SIPE,estado nutricional,clasificacion c,2004-04-01,346,260,346,260,606
10403,SOPACHUY,estado nutricional,clasificacion c,2004-04-01,83,115,83,115,198
20601,SORATA,estado nutricional,clasificacion c,2004-04-01,136,191,136,191,327
10101,SUCRE,estado nutricional,clasificacion c,2004-04-01,2113,1336,2113,1336,3449
31404,TACACHI,estado nutricional,clasificacion c,2004-04-01,17,2,17,2,19
20603,TACACOMA,estado nutricional,clasificacion c,2004-04-01,46,60,46,60,106
50303,TACOBAMBA,estado nutricional,clasificacion c,2004-04-01,99,90,99,90,189
30602,TACOPAYA,estado nutricional,clasificacion c,2004-04-01,124,157,124,157,281
51402,TAHUA,estado nutricional,clasificacion c,2004-04-01,17,17,17,17,34
31101,TAPACARI,estado nutricional,clasificacion c,2004-04-01,283,158,283,158,441
10601,TARABUCO,estado nutricional,clasificacion c,2004-04-01,456,647,456,647,1103
30401,TARATA,estado nutricional,clasificacion c,2004-04-01,103,37,103,37,140
60101,TARIJA,estado nutricional,clasificacion c,2004-04-01,1623,1237,1623,1237,2860
10202,TARVITA,estado nutricional,clasificacion c,2004-04-01,85,70,85,70,155
20803,TIAWANACU,estado nutricional,clasificacion c,2004-04-01,146,100,146,100,246
50102,TINGUIPAYA,estado nutricional,clasificacion c,2004-04-01,175,193,175,193,368
20606,TIPUANI,estado nutricional,clasificacion c,2004-04-01,135,86,135,86,221
30903,TIQUIPAYA,estado nutricional,clasificacion c,2004-04-01,287,120,287,120,407
31601,TIRAQUE (CBBA),estado nutricional,clasificacion c,2004-04-01,485,261,485,261,746
21703,TITO YUPANQUI (PARQUIPUJIO),estado nutricional,clasificacion c,2004-04-01,15,22,15,22,37
30802,TOCO,estado nutricional,clasificacion c,2004-04-01,11,28,11,28,39
30803,TOLATA,estado nutricional,clasificacion c,2004-04-01,37,22,37,22,59
41001,TOLEDO,estado nutricional,clasificacion c,2004-04-01,25,14,25,14,39
51202,TOMAVE,estado nutricional,clasificacion c,2004-04-01,97,87,97,87,184
10402,TOMINA,estado nutricional,clasificacion c,2004-04-01,196,304,196,304,500
50502,TORO TORO,estado nutricional,clasificacion c,2004-04-01,164,196,164,196,360
31201,TOTORA(CBBA),estado nutricional,clasificacion c,2004-04-01,157,139,157,139,296
41301,TOTORA(ORR),estado nutricional,clasificacion c,2004-04-01,79,65,79,65,144
70802,TRIGAL,estado nutricional,clasificacion c,2004-04-01,1,2,1,2,3
80101,TRINIDAD,estado nutricional,clasificacion c,2004-04-01,971,805,971,805,1776
50801,TUPIZA,estado nutricional,clasificacion c,2004-04-01,554,453,554,453,1007
21302,UMALA,estado nutricional,clasificacion c,2004-04-01,89,87,89,87,176
50201,UNCIA,estado nutricional,clasificacion c,2004-04-01,136,96,136,96,232
60401,URIONDO (A. CONCEPCION),estado nutricional,clasificacion c,2004-04-01,197,266,197,266,463
71502,URUBICHA,estado nutricional,clasificacion c,2004-04-01,126,325,126,325,451
51201,UYUNI,estado nutricional,clasificacion c,2004-04-01,396,382,396,382,778
30502,VACAS,estado nutricional,clasificacion c,2004-04-01,64,59,64,59,123
70801,VALLEGRANDE,estado nutricional,clasificacion c,2004-04-01,159,74,159,74,233
20801,VIACHA,estado nutricional,clasificacion c,2004-04-01,500,256,500,256,756
31302,VILA VILA,estado nutricional,clasificacion c,2004-04-01,36,40,36,40,76
60303,VILLA MONTES,estado nutricional,clasificacion c,2004-04-01,381,277,381,277,658
90502,VILLA NUEVA (LOMA ALTA),estado nutricional,clasificacion c,2004-04-01,15,3,15,3,18
31402,VILLA RIVERO,estado nutricional,clasificacion c,2004-04-01,97,45,97,45,142
10801,VILLA SERRANO,estado nutricional,clasificacion c,2004-04-01,303,324,303,324,627
31003,VILLA TUNARI,estado nutricional,clasificacion c,2004-04-01,611,469,611,469,1080
11001,VILLA VACA GUZMAN (MUYUPAMPA),estado nutricional,clasificacion c,2004-04-01,186,261,186,261,447
51501,VILLAZON,estado nutricional,clasificacion c,2004-04-01,465,413,465,413,878
30904,VINTO,estado nutricional,clasificacion c,2004-04-01,204,92,204,92,296
50602,VITICHI,estado nutricional,clasificacion c,2004-04-01,106,88,106,88,194
20306,WALDO BALLIVIAN,estado nutricional,clasificacion c,2004-04-01,36,31,36,31,67
70201,WARNES,estado nutricional,clasificacion c,2004-04-01,326,208,326,208,534
20903,YACO,estado nutricional,clasificacion c,2004-04-01,66,56,66,56,122
60301,YACUIBA,estado nutricional,clasificacion c,2004-04-01,563,243,563,243,806
10602,YAMPARAEZ,estado nutricional,clasificacion c,2004-04-01,270,376,270,376,646
21103,YANACACHI,estado nutricional,clasificacion c,2004-04-01,104,104,104,104,208
70403,YAPACANI,estado nutricional,clasificacion c,2004-04-01,619,417,619,417,1036
50103,YOCALLA,estado nutricional,clasificacion c,2004-04-01,49,69,49,69,118
10102,YOTALA,estado nutricional,clasificacion c,2004-04-01,173,307,173,307,480
60402,YUNCHARA,estado nutricional,clasificacion c,2004-04-01,62,64,62,64,126
10301,ZUDAÃ‘EZ,estado nutricional,clasificacion c,2004-04-01,163,168,163,168,331
51302,ACACIO,estado nutricional,clasificacion c,2004-05-01,142,165,142,165,307
20201,ACHACACHI,estado nutricional,clasificacion c,2004-05-01,755,600,755,600,1355
20104,ACHOCALLA,estado nutricional,clasificacion c,2004-05-01,185,123,185,123,308
30201,AIQUILE,estado nutricional,clasificacion c,2004-05-01,152,135,152,135,287
31303,ALALAY,estado nutricional,clasificacion c,2004-05-01,30,19,30,19,49
10404,ALCALA,estado nutricional,clasificacion c,2004-05-01,64,126,64,126,190
20202,ANCORAIMES,estado nutricional,clasificacion c,2004-05-01,196,210,196,210,406
41201,ANDAMARCA,estado nutricional,clasificacion c,2004-05-01,27,30,27,30,57
40603,ANTEQUERA,estado nutricional,clasificacion c,2004-05-01,39,22,39,22,61
30402,ANZALDO,estado nutricional,clasificacion c,2004-05-01,30,23,30,23,53
20701,APOLO,estado nutricional,clasificacion c,2004-05-01,145,78,145,78,223
51301,ARAMPAMPA,estado nutricional,clasificacion c,2004-05-01,94,86,94,86,180
30501,ARANI,estado nutricional,clasificacion c,2004-05-01,59,56,59,56,115
30403,ARBIETO,estado nutricional,clasificacion c,2004-05-01,31,9,31,9,40
30601,ARQUE,estado nutricional,clasificacion c,2004-05-01,147,98,147,98,245
50802,ATOCHA,estado nutricional,clasificacion c,2004-05-01,236,219,236,219,455
20503,AUCAPATA,estado nutricional,clasificacion c,2004-05-01,58,39,58,39,97
20502,AYATA,estado nutricional,clasificacion c,2004-05-01,97,202,97,202,299
21303,AYO AYO,estado nutricional,clasificacion c,2004-05-01,118,49,118,49,167
30301,AYOPAYA (V. DE INDEPENDENCIA),estado nutricional,clasificacion c,2004-05-01,307,187,307,187,494
10201,AZURDUY,estado nutricional,clasificacion c,2004-05-01,392,398,392,398,790
21203,BATALLAS,estado nutricional,clasificacion c,2004-05-01,177,102,177,102,279
80802,BAURES,estado nutricional,clasificacion c,2004-05-01,68,63,68,63,131
41202,BELEN DE ANDAMARCA,estado nutricional,clasificacion c,2004-05-01,3,10,3,10,13
50104,BELEN DE URMIRI,estado nutricional,clasificacion c,2004-05-01,8,20,8,20,28
90104,BELLA FLOR,estado nutricional,clasificacion c,2004-05-01,24,44,24,44,68
60202,BERMEJO,estado nutricional,clasificacion c,2004-05-01,27,29,27,29,56
50301,BETANZOS,estado nutricional,clasificacion c,2004-05-01,426,439,426,439,865
31501,BOLIVAR,estado nutricional,clasificacion c,2004-05-01,141,117,141,117,258
90103,BOLPEBRA,estado nutricional,clasificacion c,2004-05-01,19,36,19,36,55
70707,BOYUIBE,estado nutricional,clasificacion c,2004-05-01,51,57,51,57,108
70401,BUENA VISTA,estado nutricional,clasificacion c,2004-05-01,241,293,241,293,534
70703,CABEZAS,estado nutricional,clasificacion c,2004-05-01,103,72,103,72,175
20905,CAIROMA,estado nutricional,clasificacion c,2004-05-01,188,201,188,201,389
51102,"CAIZA ""D""",estado nutricional,clasificacion c,2004-05-01,71,84,71,84,155
21003,CAJUATA,estado nutricional,clasificacion c,2004-05-01,103,57,103,57,160
20303,CALACOTO,estado nutricional,clasificacion c,2004-05-01,45,34,45,34,79
21304,CALAMARCA,estado nutricional,clasificacion c,2004-05-01,71,13,71,13,84
10701,CAMARGO,estado nutricional,clasificacion c,2004-05-01,227,217,227,217,444
10901,CAMATAQUI (C. VILLA ABECIA),estado nutricional,clasificacion c,2004-05-01,53,48,53,48,101
70706,CAMIRI,estado nutricional,clasificacion c,2004-05-01,351,240,351,240,591
30701,CAPINOTA,estado nutricional,clasificacion c,2004-05-01,96,44,96,44,140
20302,CAQUIAVIRI,estado nutricional,clasificacion c,2004-05-01,106,65,106,65,171
40102,CARACOLLO,estado nutricional,clasificacion c,2004-05-01,165,146,165,146,311
22001,CARANAVI,estado nutricional,clasificacion c,2004-05-01,559,303,559,303,862
41503,CARANGAS,estado nutricional,clasificacion c,2004-05-01,1,0,1,0,1
60302,CARAPARI,estado nutricional,clasificacion c,2004-05-01,147,176,147,176,323
50702,CARIPUYO,estado nutricional,clasificacion c,2004-05-01,129,147,129,147,276
21902,CATACORA,estado nutricional,clasificacion c,2004-05-01,1,6,1,6,7
21803,CHACARILLA,estado nutricional,clasificacion c,2004-05-01,25,25,25,25,50
40201,CHALLAPATA,estado nutricional,clasificacion c,2004-05-01,69,145,69,145,214
50302,CHAQUI,estado nutricional,clasificacion c,2004-05-01,125,93,125,93,218
70702,CHARAGUA,estado nutricional,clasificacion c,2004-05-01,220,253,220,253,473
20305,CHARAÃ‘A,estado nutricional,clasificacion c,2004-05-01,18,19,18,19,37
50202,CHAYANTA,estado nutricional,clasificacion c,2004-05-01,67,74,67,74,141
31204,CHIMORE,estado nutricional,clasificacion c,2004-05-01,79,56,79,56,135
40903,CHIPAYA,estado nutricional,clasificacion c,2004-05-01,12,8,12,8,20
40302,CHOQUE COTA,estado nutricional,clasificacion c,2004-05-01,8,11,8,11,19
21101,CHULUMANI (V. DE LA LIBERTAD),estado nutricional,clasificacion c,2004-05-01,200,111,200,111,311
20501,CHUMA,estado nutricional,clasificacion c,2004-05-01,99,49,99,49,148
30801,CLIZA,estado nutricional,clasificacion c,2004-05-01,108,46,108,46,154
90101,COBIJA,estado nutricional,clasificacion c,2004-05-01,278,212,278,212,490
30101,COCHABAMBA,estado nutricional,clasificacion c,2004-05-01,1792,917,1792,917,2709
40902,COIPASA,estado nutricional,clasificacion c,2004-05-01,5,19,5,19,24
30905,COLCAPIRHUA,estado nutricional,clasificacion c,2004-05-01,247,99,247,99,346
50901,"COLCHA ""K""",estado nutricional,clasificacion c,2004-05-01,217,215,217,215,432
21307,COLLANA,estado nutricional,clasificacion c,2004-05-01,26,9,26,9,35
31002,COLOMI,estado nutricional,clasificacion c,2004-05-01,391,147,391,147,538
50401,COLQUECHACA,estado nutricional,clasificacion c,2004-05-01,242,87,242,87,329
21306,COLQUENCHA,estado nutricional,clasificacion c,2004-05-01,84,51,84,51,135
21004,COLQUIRI,estado nutricional,clasificacion c,2004-05-01,205,130,205,130,335
20304,COMANCHE,estado nutricional,clasificacion c,2004-05-01,71,34,71,34,105
71301,COMARAPA,estado nutricional,clasificacion c,2004-05-01,122,99,122,99,221
20605,COMBAYA,estado nutricional,clasificacion c,2004-05-01,28,42,28,42,70
71101,CONCEPCION,estado nutricional,clasificacion c,2004-05-01,87,3,87,3,90
21701,COPACABANA,estado nutricional,clasificacion c,2004-05-01,114,39,114,39,153
21402,CORIPATA,estado nutricional,clasificacion c,2004-05-01,29,0,29,0,29
20301,CORO CORO,estado nutricional,clasificacion c,2004-05-01,116,97,116,97,213
21401,COROICO,estado nutricional,clasificacion c,2004-05-01,121,88,121,88,209
40301,CORQUE,estado nutricional,clasificacion c,2004-05-01,49,42,49,42,91
50601,COTAGAITA,estado nutricional,clasificacion c,2004-05-01,404,434,404,434,838
70102,COTOCA,estado nutricional,clasificacion c,2004-05-01,327,85,327,85,412
31405,CUCHUMUELA (V. G. VILLARROEL),estado nutricional,clasificacion c,2004-05-01,23,26,23,26,49
70704,CUEVO,estado nutricional,clasificacion c,2004-05-01,70,51,70,51,121
10902,CULPINA,estado nutricional,clasificacion c,2004-05-01,433,391,433,391,824
40401,CURAHUARA DE CARANGAS,estado nutricional,clasificacion c,2004-05-01,39,27,39,27,66
21602,CURVA,estado nutricional,clasificacion c,2004-05-01,22,6,22,6,28
20804,DESAGUADERO,estado nutricional,clasificacion c,2004-05-01,50,21,50,21,71
20105,EL ALTO,estado nutricional,clasificacion c,2004-05-01,5751,2456,5751,2456,8207
40103,EL CHORO,estado nutricional,clasificacion c,2004-05-01,36,37,36,37,73
71503,EL PUENTE(STC),estado nutricional,clasificacion c,2004-05-01,168,148,168,148,316
60502,EL PUENTE(TJA),estado nutricional,clasificacion c,2004-05-01,88,127,88,127,215
70105,EL TORNO,estado nutricional,clasificacion c,2004-05-01,357,207,357,207,564
10405,EL VILLAR,estado nutricional,clasificacion c,2004-05-01,115,169,115,169,284
60601,ENTRE RIOS,estado nutricional,clasificacion c,2004-05-01,271,263,271,263,534
40502,ESCARA,estado nutricional,clasificacion c,2004-05-01,5,7,5,7,12
41101,EUCALIPTUS,estado nutricional,clasificacion c,2004-05-01,57,73,57,73,130
90503,EUREKA (SANTOS MERCADO),estado nutricional,clasificacion c,2004-05-01,7,5,7,5,12
80402,EXALTACION,estado nutricional,clasificacion c,2004-05-01,16,12,16,12,28
90203,FILADELFIA,estado nutricional,clasificacion c,2004-05-01,57,77,57,77,134
71002,GENERAL SAAVEDRA,estado nutricional,clasificacion c,2004-05-01,215,331,215,331,546
21601,GRAL. J.J. PEREZ (CHARAZANI),estado nutricional,clasificacion c,2004-05-01,87,60,87,60,147
20602,GUANAY,estado nutricional,clasificacion c,2004-05-01,553,343,553,343,896
20802,GUAQUI,estado nutricional,clasificacion c,2004-05-01,69,47,69,47,116
80202,GUAYARAMERIN,estado nutricional,clasificacion c,2004-05-01,300,195,300,195,495
70705,GUTIERREZ,estado nutricional,clasificacion c,2004-05-01,127,164,127,164,291
10502,HUACARETA,estado nutricional,clasificacion c,2004-05-01,188,264,188,264,452
11002,HUACAYA (VILLA DE HUACAYA),estado nutricional,clasificacion c,2004-05-01,38,32,38,32,70
40501,HUACHACALLA,estado nutricional,clasificacion c,2004-05-01,5,0,5,0,5
40701,HUANUNI,estado nutricional,clasificacion c,2004-05-01,320,105,320,105,425
80803,HUARACAJE,estado nutricional,clasificacion c,2004-05-01,45,54,45,54,99
41601,HUAYLLAMARCA,estado nutricional,clasificacion c,2004-05-01,11,22,11,22,33
21005,ICHOCA,estado nutricional,clasificacion c,2004-05-01,72,64,72,64,136
10304,ICLA,estado nutricional,clasificacion c,2004-05-01,208,302,208,302,510
10703,INCAHUASI,estado nutricional,clasificacion c,2004-05-01,323,172,323,172,495
21001,INQUISIVI,estado nutricional,clasificacion c,2004-05-01,205,209,205,209,414
21102,IRUPANA (VILLA DE LANZA),estado nutricional,clasificacion c,2004-05-01,231,215,231,215,446
21501,IXIAMAS,estado nutricional,clasificacion c,2004-05-01,73,127,73,127,200
21105,LA ASUNTA,estado nutricional,clasificacion c,2004-05-01,207,60,207,60,267
70104,LA GUARDIA,estado nutricional,clasificacion c,2004-05-01,457,244,457,244,701
20101,LA PAZ,estado nutricional,clasificacion c,2004-05-01,4671,2419,4671,2419,7090
41501,LA RIVERA,estado nutricional,clasificacion c,2004-05-01,5,4,5,4,9
70701,LAGUNILLAS,estado nutricional,clasificacion c,2004-05-01,83,104,83,104,187
21202,LAJA,estado nutricional,clasificacion c,2004-05-01,125,89,125,89,214
10903,LAS CARRERAS,estado nutricional,clasificacion c,2004-05-01,54,63,54,63,117
21006,LICOMA PAMPA,estado nutricional,clasificacion c,2004-05-01,45,37,45,37,82
50203,LLALLAGUA,estado nutricional,clasificacion c,2004-05-01,106,222,106,222,328
51401,LLICA,estado nutricional,clasificacion c,2004-05-01,65,45,65,45,110
80601,LORETO,estado nutricional,clasificacion c,2004-05-01,41,46,41,46,87
20901,LURIBAY,estado nutricional,clasificacion c,2004-05-01,147,108,147,108,255
40702,MACHACAMARCA,estado nutricional,clasificacion c,2004-05-01,33,20,33,20,53
11003,MACHARETI,estado nutricional,clasificacion c,2004-05-01,153,268,153,268,421
80801,MAGDALENA,estado nutricional,clasificacion c,2004-05-01,87,64,87,64,151
70903,MAIRANA,estado nutricional,clasificacion c,2004-05-01,103,60,103,60,163
20904,MALLA,estado nutricional,clasificacion c,2004-05-01,7,4,7,4,11
20103,MECAPACA,estado nutricional,clasificacion c,2004-05-01,137,127,137,127,264
71003,MINEROS,estado nutricional,clasificacion c,2004-05-01,499,329,499,329,828
31301,MIZQUE,estado nutricional,clasificacion c,2004-05-01,70,42,70,42,112
20402,MOCOMOCO,estado nutricional,clasificacion c,2004-05-01,196,162,196,162,358
51002,MOJINETE,estado nutricional,clasificacion c,2004-05-01,10,15,10,15,25
10303,MOJOCOYA,estado nutricional,clasificacion c,2004-05-01,140,250,140,250,390
10501,MONTEAGUDO,estado nutricional,clasificacion c,2004-05-01,347,447,347,447,794
71001,MONTERO,estado nutricional,clasificacion c,2004-05-01,1331,774,1331,774,2105
70803,MORO MORO,estado nutricional,clasificacion c,2004-05-01,11,12,11,12,23
30302,MOROCHATA,estado nutricional,clasificacion c,2004-05-01,242,168,242,168,410
90401,NACEBE (SANTA ROSA DEL ABUNA),estado nutricional,clasificacion c,2004-05-01,25,22,25,22,47
20307,NAZACARA DE PACAJES,estado nutricional,clasificacion c,2004-05-01,11,8,11,8,19
90501,NUEVO MANOA (NUEVA ESPERANZA),estado nutricional,clasificacion c,2004-05-01,4,4,4,4,8
50404,OCURI,estado nutricional,clasificacion c,2004-05-01,164,153,164,153,317
70202,OKINAWA,estado nutricional,clasificacion c,2004-05-01,120,120,120,120,240
30203,OMEREQUE,estado nutricional,clasificacion c,2004-05-01,65,55,65,55,120
40101,ORURO,estado nutricional,clasificacion c,2004-05-01,1400,915,1400,915,2315
60201,PADCAYA,estado nutricional,clasificacion c,2004-05-01,181,218,181,218,399
10401,PADILLA,estado nutricional,clasificacion c,2004-05-01,145,235,145,235,380
70502,PAILON,estado nutricional,clasificacion c,2004-05-01,91,56,91,56,147
20102,PALCA,estado nutricional,clasificacion c,2004-05-01,186,199,186,199,385
21104,PALOS BLANCOS,estado nutricional,clasificacion c,2004-05-01,303,204,303,204,507
40802,PAMPA AULLAGAS,estado nutricional,clasificacion c,2004-05-01,22,31,22,31,53
70902,PAMPA GRANDE,estado nutricional,clasificacion c,2004-05-01,75,61,75,61,136
21802,PAPEL PAMPA,estado nutricional,clasificacion c,2004-05-01,50,35,50,35,85
30202,PASORAPA,estado nutricional,clasificacion c,2004-05-01,53,61,53,61,114
21305,PATACAMAYA,estado nutricional,clasificacion c,2004-05-01,171,77,171,77,248
40602,PAZÃ‘A,estado nutricional,clasificacion c,2004-05-01,27,39,27,39,66
20702,PELECHUCO,estado nutricional,clasificacion c,2004-05-01,47,28,47,28,75
50403,POCOATA,estado nutricional,clasificacion c,2004-05-01,295,256,295,256,551
31203,POCONA,estado nutricional,clasificacion c,2004-05-01,93,33,93,33,126
31202,POJO (CBBA),estado nutricional,clasificacion c,2004-05-01,342,280,342,280,622
40601,POOPO,estado nutricional,clasificacion c,2004-05-01,34,11,34,11,45
51203,PORCO,estado nutricional,clasificacion c,2004-05-01,107,78,107,78,185
10103,POROMA,estado nutricional,clasificacion c,2004-05-01,252,228,252,228,480
70103,PORONGO,estado nutricional,clasificacion c,2004-05-01,45,29,45,29,74
70601,PORTACHUELO,estado nutricional,clasificacion c,2004-05-01,194,143,194,143,337
90102,PORVENIR,estado nutricional,clasificacion c,2004-05-01,56,49,56,49,105
70804,POSTRER VALLE,estado nutricional,clasificacion c,2004-05-01,6,15,6,15,21
50101,POTOSI,estado nutricional,clasificacion c,2004-05-01,1664,711,1664,711,2375
10302,PRESTO,estado nutricional,clasificacion c,2004-05-01,178,209,178,209,387
70805,PUCARA,estado nutricional,clasificacion c,2004-05-01,5,23,5,23,28
21201,PUCARANI,estado nutricional,clasificacion c,2004-05-01,275,83,275,83,358
20401,PUERTO ACOSTA,estado nutricional,clasificacion c,2004-05-01,228,243,228,243,471
20403,PUERTO CARABUCO,estado nutricional,clasificacion c,2004-05-01,160,156,160,156,316
90301,PUERTO GONZALO MORENO,estado nutricional,clasificacion c,2004-05-01,58,68,58,68,126
21204,PUERTO PEREZ,estado nutricional,clasificacion c,2004-05-01,85,107,85,107,192
71402,PUERTO QUIJARRO,estado nutricional,clasificacion c,2004-05-01,141,39,141,39,180
90201,PUERTO RICO,estado nutricional,clasificacion c,2004-05-01,44,16,44,16,60
80703,PUERTO SILES,estado nutricional,clasificacion c,2004-05-01,3,1,3,1,4
71401,PUERTO SUAREZ,estado nutricional,clasificacion c,2004-05-01,115,53,115,53,168
31205,PUERTO VILLARROEL,estado nutricional,clasificacion c,2004-05-01,368,227,368,227,595
51101,PUNA,estado nutricional,clasificacion c,2004-05-01,269,187,269,187,456
31401,PUNATA,estado nutricional,clasificacion c,2004-05-01,372,118,372,118,490
20604,QUIABAYA,estado nutricional,clasificacion c,2004-05-01,43,28,43,28,71
30901,QUILLACOLLO,estado nutricional,clasificacion c,2004-05-01,558,249,558,249,807
21002,QUIME,estado nutricional,clasificacion c,2004-05-01,152,166,152,166,318
70904,QUIRUSILLAS,estado nutricional,clasificacion c,2004-05-01,15,6,15,6,21
50402,RAVELO,estado nutricional,clasificacion c,2004-05-01,232,202,232,202,434
80301,REYES,estado nutricional,clasificacion c,2004-05-01,178,205,178,205,383
80201,RIBERALTA,estado nutricional,clasificacion c,2004-05-01,990,391,990,391,1381
70503,ROBORE,estado nutricional,clasificacion c,2004-05-01,126,106,126,106,232
80304,RURRENABAQUE,estado nutricional,clasificacion c,2004-05-01,115,49,115,49,164
40901,SABAYA,estado nutricional,clasificacion c,2004-05-01,17,18,17,18,35
31001,SACABA,estado nutricional,clasificacion c,2004-05-01,443,231,443,231,674
30404,SACABAMBA,estado nutricional,clasificacion c,2004-05-01,20,91,20,91,111
50701,SACACA,estado nutricional,clasificacion c,2004-05-01,151,139,151,139,290
71302,SAIPINA,estado nutricional,clasificacion c,2004-05-01,50,82,50,82,132
40801,SALINAS DE GARCI MENDOZA,estado nutricional,clasificacion c,2004-05-01,58,127,58,127,185
70901,SAMAIPATA,estado nutricional,clasificacion c,2004-05-01,122,67,122,67,189
51601,SAN AGUSTIN,estado nutricional,clasificacion c,2004-05-01,37,45,37,45,82
80602,SAN ANDRES,estado nutricional,clasificacion c,2004-05-01,68,74,68,74,142
51003,SAN ANTONIO DE ESMORUCO,estado nutricional,clasificacion c,2004-05-01,15,9,15,9,24
71105,SAN ANTONIO DE LOMERIO,estado nutricional,clasificacion c,2004-05-01,112,149,112,149,261
31403,SAN BENITO,estado nutricional,clasificacion c,2004-05-01,174,121,174,121,295
80302,SAN BORJA,estado nutricional,clasificacion c,2004-05-01,426,306,426,306,732
21502,SAN BUENA VENTURA,estado nutricional,clasificacion c,2004-05-01,90,92,90,92,182
70402,SAN CARLOS,estado nutricional,clasificacion c,2004-05-01,284,150,284,150,434
80501,SAN IGNACIO,estado nutricional,clasificacion c,2004-05-01,207,197,207,197,404
70301,SAN IGNACIO DE VELASCO,estado nutricional,clasificacion c,2004-05-01,445,244,445,244,689
80102,SAN JAVIER(BNI),estado nutricional,clasificacion c,2004-05-01,65,68,65,68,133
71102,SAN JAVIER(STC),estado nutricional,clasificacion c,2004-05-01,98,97,98,97,195
80701,SAN JOAQUIN,estado nutricional,clasificacion c,2004-05-01,41,33,41,33,74
70501,SAN JOSE DE CHIQUITOS,estado nutricional,clasificacion c,2004-05-01,127,70,127,70,197
71104,SAN JULIAN,estado nutricional,clasificacion c,2004-05-01,336,502,336,502,838
90302,SAN LORENZO(PND),estado nutricional,clasificacion c,2004-05-01,57,145,57,145,202
60501,SAN LORENZO(TJA),estado nutricional,clasificacion c,2004-05-01,70,74,70,74,144
10702,SAN LUCAS,estado nutricional,clasificacion c,2004-05-01,651,590,651,590,1241
71201,SAN MATIAS,estado nutricional,clasificacion c,2004-05-01,179,132,179,132,311
70302,SAN MIGUEL DE VELASCO,estado nutricional,clasificacion c,2004-05-01,127,85,127,85,212
51001,SAN PABLO DE LIPEZ,estado nutricional,clasificacion c,2004-05-01,20,18,20,18,38
50501,SAN PEDRO DE BUENA VISTA,estado nutricional,clasificacion c,2004-05-01,173,162,173,162,335
21801,SAN PEDRO DE CURAHUARA,estado nutricional,clasificacion c,2004-05-01,43,58,43,58,101
50902,SAN PEDRO DE QUEMES,estado nutricional,clasificacion c,2004-05-01,3,12,3,12,15
21702,SAN PEDRO DE TIQUINA,estado nutricional,clasificacion c,2004-05-01,40,80,40,80,120
90202,SAN PEDRO(PND),estado nutricional,clasificacion c,2004-05-01,3,15,3,15,18
70303,SAN RAFAEL,estado nutricional,clasificacion c,2004-05-01,51,43,51,43,94
80401,SANTA ANA,estado nutricional,clasificacion c,2004-05-01,148,82,148,82,230
70101,SANTA CRUZ DE LA SIERRA,estado nutricional,clasificacion c,2004-05-01,5077,2291,5077,2291,7368
80303,SANTA ROSA,estado nutricional,clasificacion c,2004-05-01,105,58,105,58,163
70602,SANTA ROSA DEL SARA,estado nutricional,clasificacion c,2004-05-01,53,63,53,63,116
20308,SANTIAGO DE CALLAPA,estado nutricional,clasificacion c,2004-05-01,43,39,43,39,82
41401,SANTIAGO DE HUARI,estado nutricional,clasificacion c,2004-05-01,46,73,46,73,119
21901,SANTIAGO DE MACHACA,estado nutricional,clasificacion c,2004-05-01,53,30,53,30,83
30702,SANTIVAÃ‘ES,estado nutricional,clasificacion c,2004-05-01,198,137,198,137,335
40202,SANTUARIO DE QUILLACAS,estado nutricional,clasificacion c,2004-05-01,15,32,15,32,47
20902,SAPAHAQUI,estado nutricional,clasificacion c,2004-05-01,125,96,125,96,221
90303,SENA,estado nutricional,clasificacion c,2004-05-01,78,96,78,96,174
21301,SICA SICA (VILLA AROMA),estado nutricional,clasificacion c,2004-05-01,258,152,258,152,410
30703,SICAYA,estado nutricional,clasificacion c,2004-05-01,21,5,21,5,26
30902,SIPE SIPE,estado nutricional,clasificacion c,2004-05-01,368,139,368,139,507
10403,SOPACHUY,estado nutricional,clasificacion c,2004-05-01,166,224,166,224,390
20601,SORATA,estado nutricional,clasificacion c,2004-05-01,291,597,291,597,888
10101,SUCRE,estado nutricional,clasificacion c,2004-05-01,1943,1259,1943,1259,3202
31404,TACACHI,estado nutricional,clasificacion c,2004-05-01,10,3,10,3,13
20603,TACACOMA,estado nutricional,clasificacion c,2004-05-01,41,49,41,49,90
50303,TACOBAMBA,estado nutricional,clasificacion c,2004-05-01,130,117,130,117,247
30602,TACOPAYA,estado nutricional,clasificacion c,2004-05-01,170,282,170,282,452
51402,TAHUA,estado nutricional,clasificacion c,2004-05-01,17,19,17,19,36
31101,TAPACARI,estado nutricional,clasificacion c,2004-05-01,334,225,334,225,559
10601,TARABUCO,estado nutricional,clasificacion c,2004-05-01,414,597,414,597,1011
30401,TARATA,estado nutricional,clasificacion c,2004-05-01,89,26,89,26,115
60101,TARIJA,estado nutricional,clasificacion c,2004-05-01,1107,784,1107,784,1891
10202,TARVITA,estado nutricional,clasificacion c,2004-05-01,292,413,292,413,705
20803,TIAWANACU,estado nutricional,clasificacion c,2004-05-01,183,114,183,114,297
50102,TINGUIPAYA,estado nutricional,clasificacion c,2004-05-01,167,218,167,218,385
20606,TIPUANI,estado nutricional,clasificacion c,2004-05-01,90,71,90,71,161
30903,TIQUIPAYA,estado nutricional,clasificacion c,2004-05-01,453,164,453,164,617
31601,TIRAQUE (CBBA),estado nutricional,clasificacion c,2004-05-01,421,249,421,249,670
21703,TITO YUPANQUI (PARQUIPUJIO),estado nutricional,clasificacion c,2004-05-01,24,27,24,27,51
30802,TOCO,estado nutricional,clasificacion c,2004-05-01,33,29,33,29,62
41502,TODOS SANTOS,estado nutricional,clasificacion c,2004-05-01,6,6,6,6,12
30803,TOLATA,estado nutricional,clasificacion c,2004-05-01,6,4,6,4,10
41001,TOLEDO,estado nutricional,clasificacion c,2004-05-01,56,34,56,34,90
51202,TOMAVE,estado nutricional,clasificacion c,2004-05-01,177,135,177,135,312
10402,TOMINA,estado nutricional,clasificacion c,2004-05-01,187,265,187,265,452
50502,TORO TORO,estado nutricional,clasificacion c,2004-05-01,192,183,192,183,375
31201,TOTORA(CBBA),estado nutricional,clasificacion c,2004-05-01,145,71,145,71,216
41301,TOTORA(ORR),estado nutricional,clasificacion c,2004-05-01,58,85,58,85,143
70802,TRIGAL,estado nutricional,clasificacion c,2004-05-01,4,2,4,2,6
80101,TRINIDAD,estado nutricional,clasificacion c,2004-05-01,620,593,620,593,1213
50801,TUPIZA,estado nutricional,clasificacion c,2004-05-01,501,493,501,493,994
21302,UMALA,estado nutricional,clasificacion c,2004-05-01,36,42,36,42,78
50201,UNCIA,estado nutricional,clasificacion c,2004-05-01,68,76,68,76,144
60401,URIONDO (A. CONCEPCION),estado nutricional,clasificacion c,2004-05-01,235,235,235,235,470
71502,URUBICHA,estado nutricional,clasificacion c,2004-05-01,8,22,8,22,30
51201,UYUNI,estado nutricional,clasificacion c,2004-05-01,270,288,270,288,558
30502,VACAS,estado nutricional,clasificacion c,2004-05-01,58,29,58,29,87
70801,VALLEGRANDE,estado nutricional,clasificacion c,2004-05-01,61,36,61,36,97
20801,VIACHA,estado nutricional,clasificacion c,2004-05-01,533,265,533,265,798
31302,VILA VILA,estado nutricional,clasificacion c,2004-05-01,73,76,73,76,149
60303,VILLA MONTES,estado nutricional,clasificacion c,2004-05-01,279,224,279,224,503
90502,VILLA NUEVA (LOMA ALTA),estado nutricional,clasificacion c,2004-05-01,8,0,8,0,8
31402,VILLA RIVERO,estado nutricional,clasificacion c,2004-05-01,17,1,17,1,18
10801,VILLA SERRANO,estado nutricional,clasificacion c,2004-05-01,339,391,339,391,730
31003,VILLA TUNARI,estado nutricional,clasificacion c,2004-05-01,535,383,535,383,918
11001,VILLA VACA GUZMAN (MUYUPAMPA),estado nutricional,clasificacion c,2004-05-01,225,315,225,315,540
51501,VILLAZON,estado nutricional,clasificacion c,2004-05-01,454,368,454,368,822
50602,VITICHI,estado nutricional,clasificacion c,2004-05-01,163,160,163,160,323
20306,WALDO BALLIVIAN,estado nutricional,clasificacion c,2004-05-01,1,1,1,1,2
70201,WARNES,estado nutricional,clasificacion c,2004-05-01,221,108,221,108,329
20903,YACO,estado nutricional,clasificacion c,2004-05-01,30,15,30,15,45
60301,YACUIBA,estado nutricional,clasificacion c,2004-05-01,547,252,547,252,799
10602,YAMPARAEZ,estado nutricional,clasificacion c,2004-05-01,225,376,225,376,601
21103,YANACACHI,estado nutricional,clasificacion c,2004-05-01,88,56,88,56,144
70403,YAPACANI,estado nutricional,clasificacion c,2004-05-01,532,383,532,383,915
50103,YOCALLA,estado nutricional,clasificacion c,2004-05-01,55,84,55,84,139
10102,YOTALA,estado nutricional,clasificacion c,2004-05-01,164,325,164,325,489
60402,YUNCHARA,estado nutricional,clasificacion c,2004-05-01,93,112,93,112,205
10301,ZUDAÃ‘EZ,estado nutricional,clasificacion c,2004-05-01,163,189,163,189,352
51302,ACACIO,estado nutricional,clasificacion c,2004-06-01,122,168,122,168,290
20201,ACHACACHI,estado nutricional,clasificacion c,2004-06-01,630,718,630,718,1348
20104,ACHOCALLA,estado nutricional,clasificacion c,2004-06-01,109,36,109,36,145
30201,AIQUILE,estado nutricional,clasificacion c,2004-06-01,130,97,130,97,227
31303,ALALAY,estado nutricional,clasificacion c,2004-06-01,40,49,40,49,89
10404,ALCALA,estado nutricional,clasificacion c,2004-06-01,51,136,51,136,187
20202,ANCORAIMES,estado nutricional,clasificacion c,2004-06-01,161,152,161,152,313
41201,ANDAMARCA,estado nutricional,clasificacion c,2004-06-01,71,77,71,77,148
40603,ANTEQUERA,estado nutricional,clasificacion c,2004-06-01,40,42,40,42,82
30402,ANZALDO,estado nutricional,clasificacion c,2004-06-01,25,53,25,53,78
20701,APOLO,estado nutricional,clasificacion c,2004-06-01,138,91,138,91,229
51301,ARAMPAMPA,estado nutricional,clasificacion c,2004-06-01,82,91,82,91,173
30501,ARANI,estado nutricional,clasificacion c,2004-06-01,77,43,77,43,120
30403,ARBIETO,estado nutricional,clasificacion c,2004-06-01,49,33,49,33,82
30601,ARQUE,estado nutricional,clasificacion c,2004-06-01,74,85,74,85,159
71501,ASCENCION DE GUARAYOS,estado nutricional,clasificacion c,2004-06-01,388,454,388,454,842
50802,ATOCHA,estado nutricional,clasificacion c,2004-06-01,251,235,251,235,486
20503,AUCAPATA,estado nutricional,clasificacion c,2004-06-01,88,53,88,53,141
20502,AYATA,estado nutricional,clasificacion c,2004-06-01,91,64,91,64,155
21303,AYO AYO,estado nutricional,clasificacion c,2004-06-01,56,29,56,29,85
30301,AYOPAYA (V. DE INDEPENDENCIA),estado nutricional,clasificacion c,2004-06-01,210,178,210,178,388
10201,AZURDUY,estado nutricional,clasificacion c,2004-06-01,365,367,365,367,732
21203,BATALLAS,estado nutricional,clasificacion c,2004-06-01,129,78,129,78,207
80802,BAURES,estado nutricional,clasificacion c,2004-06-01,87,102,87,102,189
41202,BELEN DE ANDAMARCA,estado nutricional,clasificacion c,2004-06-01,15,20,15,20,35
50104,BELEN DE URMIRI,estado nutricional,clasificacion c,2004-06-01,14,31,14,31,45
90104,BELLA FLOR,estado nutricional,clasificacion c,2004-06-01,34,87,34,87,121
60202,BERMEJO,estado nutricional,clasificacion c,2004-06-01,81,81,81,81,162
50301,BETANZOS,estado nutricional,clasificacion c,2004-06-01,402,351,402,351,753
31501,BOLIVAR,estado nutricional,clasificacion c,2004-06-01,153,128,153,128,281
90103,BOLPEBRA,estado nutricional,clasificacion c,2004-06-01,40,59,40,59,99
70707,BOYUIBE,estado nutricional,clasificacion c,2004-06-01,61,56,61,56,117
70401,BUENA VISTA,estado nutricional,clasificacion c,2004-06-01,299,318,299,318,617
70703,CABEZAS,estado nutricional,clasificacion c,2004-06-01,149,151,149,151,300
20905,CAIROMA,estado nutricional,clasificacion c,2004-06-01,181,207,181,207,388
51102,"CAIZA ""D""",estado nutricional,clasificacion c,2004-06-01,247,225,247,225,472
21003,CAJUATA,estado nutricional,clasificacion c,2004-06-01,76,37,76,37,113
20303,CALACOTO,estado nutricional,clasificacion c,2004-06-01,34,37,34,37,71
21304,CALAMARCA,estado nutricional,clasificacion c,2004-06-01,260,205,260,205,465
10701,CAMARGO,estado nutricional,clasificacion c,2004-06-01,295,224,295,224,519
10901,CAMATAQUI (C. VILLA ABECIA),estado nutricional,clasificacion c,2004-06-01,54,49,54,49,103
70706,CAMIRI,estado nutricional,clasificacion c,2004-06-01,463,291,463,291,754
30701,CAPINOTA,estado nutricional,clasificacion c,2004-06-01,81,29,81,29,110
20302,CAQUIAVIRI,estado nutricional,clasificacion c,2004-06-01,117,90,117,90,207
40102,CARACOLLO,estado nutricional,clasificacion c,2004-06-01,72,83,72,83,155
22001,CARANAVI,estado nutricional,clasificacion c,2004-06-01,657,371,657,371,1028
60302,CARAPARI,estado nutricional,clasificacion c,2004-06-01,126,140,126,140,266
50702,CARIPUYO,estado nutricional,clasificacion c,2004-06-01,162,148,162,148,310
21902,CATACORA,estado nutricional,clasificacion c,2004-06-01,3,0,3,0,3
21803,CHACARILLA,estado nutricional,clasificacion c,2004-06-01,14,19,14,19,33
40201,CHALLAPATA,estado nutricional,clasificacion c,2004-06-01,155,212,155,212,367
50302,CHAQUI,estado nutricional,clasificacion c,2004-06-01,112,86,112,86,198
70702,CHARAGUA,estado nutricional,clasificacion c,2004-06-01,389,470,389,470,859
20305,CHARAÃ‘A,estado nutricional,clasificacion c,2004-06-01,39,47,39,47,86
50202,CHAYANTA,estado nutricional,clasificacion c,2004-06-01,81,42,81,42,123
31204,CHIMORE,estado nutricional,clasificacion c,2004-06-01,93,55,93,55,148
40903,CHIPAYA,estado nutricional,clasificacion c,2004-06-01,14,20,14,20,34
21101,CHULUMANI (V. DE LA LIBERTAD),estado nutricional,clasificacion c,2004-06-01,190,101,190,101,291
20501,CHUMA,estado nutricional,clasificacion c,2004-06-01,106,41,106,41,147
30801,CLIZA,estado nutricional,clasificacion c,2004-06-01,137,48,137,48,185
90101,COBIJA,estado nutricional,clasificacion c,2004-06-01,487,388,487,388,875
30101,COCHABAMBA,estado nutricional,clasificacion c,2004-06-01,3083,1539,3083,1539,4622
40902,COIPASA,estado nutricional,clasificacion c,2004-06-01,8,16,8,16,24
30905,COLCAPIRHUA,estado nutricional,clasificacion c,2004-06-01,269,129,269,129,398
50901,"COLCHA ""K""",estado nutricional,clasificacion c,2004-06-01,203,186,203,186,389
21307,COLLANA,estado nutricional,clasificacion c,2004-06-01,15,5,15,5,20
31002,COLOMI,estado nutricional,clasificacion c,2004-06-01,393,136,393,136,529
50401,COLQUECHACA,estado nutricional,clasificacion c,2004-06-01,282,124,282,124,406
21306,COLQUENCHA,estado nutricional,clasificacion c,2004-06-01,53,61,53,61,114
21004,COLQUIRI,estado nutricional,clasificacion c,2004-06-01,243,159,243,159,402
20304,COMANCHE,estado nutricional,clasificacion c,2004-06-01,71,57,71,57,128
71301,COMARAPA,estado nutricional,clasificacion c,2004-06-01,200,150,200,150,350
20605,COMBAYA,estado nutricional,clasificacion c,2004-06-01,14,22,14,22,36
71101,CONCEPCION,estado nutricional,clasificacion c,2004-06-01,203,23,203,23,226
21701,COPACABANA,estado nutricional,clasificacion c,2004-06-01,127,69,127,69,196
21402,CORIPATA,estado nutricional,clasificacion c,2004-06-01,50,18,50,18,68
20301,CORO CORO,estado nutricional,clasificacion c,2004-06-01,99,103,99,103,202
21401,COROICO,estado nutricional,clasificacion c,2004-06-01,155,106,155,106,261
40301,CORQUE,estado nutricional,clasificacion c,2004-06-01,103,134,103,134,237
50601,COTAGAITA,estado nutricional,clasificacion c,2004-06-01,200,156,200,156,356
70102,COTOCA,estado nutricional,clasificacion c,2004-06-01,422,158,422,158,580
31405,CUCHUMUELA (V. G. VILLARROEL),estado nutricional,clasificacion c,2004-06-01,30,26,30,26,56
70704,CUEVO,estado nutricional,clasificacion c,2004-06-01,98,88,98,88,186
10902,CULPINA,estado nutricional,clasificacion c,2004-06-01,410,343,410,343,753
40401,CURAHUARA DE CARANGAS,estado nutricional,clasificacion c,2004-06-01,42,42,42,42,84
21602,CURVA,estado nutricional,clasificacion c,2004-06-01,18,5,18,5,23
20804,DESAGUADERO,estado nutricional,clasificacion c,2004-06-01,26,3,26,3,29
20105,EL ALTO,estado nutricional,clasificacion c,2004-06-01,7343,2815,7343,2815,10158
40103,EL CHORO,estado nutricional,clasificacion c,2004-06-01,20,36,20,36,56
71503,EL PUENTE(STC),estado nutricional,clasificacion c,2004-06-01,169,140,169,140,309
60502,EL PUENTE(TJA),estado nutricional,clasificacion c,2004-06-01,156,213,156,213,369
70105,EL TORNO,estado nutricional,clasificacion c,2004-06-01,373,159,373,159,532
10405,EL VILLAR,estado nutricional,clasificacion c,2004-06-01,109,150,109,150,259
60601,ENTRE RIOS,estado nutricional,clasificacion c,2004-06-01,244,216,244,216,460
40502,ESCARA,estado nutricional,clasificacion c,2004-06-01,2,11,2,11,13
41101,EUCALIPTUS,estado nutricional,clasificacion c,2004-06-01,49,53,49,53,102
90503,EUREKA (SANTOS MERCADO),estado nutricional,clasificacion c,2004-06-01,19,15,19,15,34
80402,EXALTACION,estado nutricional,clasificacion c,2004-06-01,29,23,29,23,52
90203,FILADELFIA,estado nutricional,clasificacion c,2004-06-01,66,88,66,88,154
71002,GENERAL SAAVEDRA,estado nutricional,clasificacion c,2004-06-01,289,358,289,358,647
21601,GRAL. J.J. PEREZ (CHARAZANI),estado nutricional,clasificacion c,2004-06-01,121,106,121,106,227
20602,GUANAY,estado nutricional,clasificacion c,2004-06-01,631,354,631,354,985
20802,GUAQUI,estado nutricional,clasificacion c,2004-06-01,36,24,36,24,60
80202,GUAYARAMERIN,estado nutricional,clasificacion c,2004-06-01,639,365,639,365,1004
70705,GUTIERREZ,estado nutricional,clasificacion c,2004-06-01,319,432,319,432,751
10502,HUACARETA,estado nutricional,clasificacion c,2004-06-01,170,254,170,254,424
11002,HUACAYA (VILLA DE HUACAYA),estado nutricional,clasificacion c,2004-06-01,48,69,48,69,117
40501,HUACHACALLA,estado nutricional,clasificacion c,2004-06-01,3,7,3,7,10
40701,HUANUNI,estado nutricional,clasificacion c,2004-06-01,374,165,374,165,539
80803,HUARACAJE,estado nutricional,clasificacion c,2004-06-01,65,70,65,70,135
41601,HUAYLLAMARCA,estado nutricional,clasificacion c,2004-06-01,72,49,72,49,121
21005,ICHOCA,estado nutricional,clasificacion c,2004-06-01,49,114,49,114,163
10304,ICLA,estado nutricional,clasificacion c,2004-06-01,210,359,210,359,569
10703,INCAHUASI,estado nutricional,clasificacion c,2004-06-01,405,233,405,233,638
21001,INQUISIVI,estado nutricional,clasificacion c,2004-06-01,137,105,137,105,242
21102,IRUPANA (VILLA DE LANZA),estado nutricional,clasificacion c,2004-06-01,236,129,236,129,365
21501,IXIAMAS,estado nutricional,clasificacion c,2004-06-01,95,85,95,85,180
21105,LA ASUNTA,estado nutricional,clasificacion c,2004-06-01,313,58,313,58,371
70104,LA GUARDIA,estado nutricional,clasificacion c,2004-06-01,626,305,626,305,931
20101,LA PAZ,estado nutricional,clasificacion c,2004-06-01,5351,3286,5351,3286,8637
41501,LA RIVERA,estado nutricional,clasificacion c,2004-06-01,2,4,2,4,6
70701,LAGUNILLAS,estado nutricional,clasificacion c,2004-06-01,110,167,110,167,277
21202,LAJA,estado nutricional,clasificacion c,2004-06-01,93,72,93,72,165
10903,LAS CARRERAS,estado nutricional,clasificacion c,2004-06-01,64,103,64,103,167
21006,LICOMA PAMPA,estado nutricional,clasificacion c,2004-06-01,37,25,37,25,62
50203,LLALLAGUA,estado nutricional,clasificacion c,2004-06-01,270,526,270,526,796
51401,LLICA,estado nutricional,clasificacion c,2004-06-01,68,70,68,70,138
80601,LORETO,estado nutricional,clasificacion c,2004-06-01,52,79,52,79,131
20901,LURIBAY,estado nutricional,clasificacion c,2004-06-01,124,116,124,116,240
40702,MACHACAMARCA,estado nutricional,clasificacion c,2004-06-01,33,48,33,48,81
11003,MACHARETI,estado nutricional,clasificacion c,2004-06-01,181,423,181,423,604
80801,MAGDALENA,estado nutricional,clasificacion c,2004-06-01,192,119,192,119,311
70903,MAIRANA,estado nutricional,clasificacion c,2004-06-01,127,88,127,88,215
20904,MALLA,estado nutricional,clasificacion c,2004-06-01,60,89,60,89,149
20103,MECAPACA,estado nutricional,clasificacion c,2004-06-01,118,42,118,42,160
71003,MINEROS,estado nutricional,clasificacion c,2004-06-01,856,520,856,520,1376
31301,MIZQUE,estado nutricional,clasificacion c,2004-06-01,120,71,120,71,191
20402,MOCOMOCO,estado nutricional,clasificacion c,2004-06-01,194,192,194,192,386
51002,MOJINETE,estado nutricional,clasificacion c,2004-06-01,16,27,16,27,43
10303,MOJOCOYA,estado nutricional,clasificacion c,2004-06-01,164,306,164,306,470
10501,MONTEAGUDO,estado nutricional,clasificacion c,2004-06-01,427,608,427,608,1035
71001,MONTERO,estado nutricional,clasificacion c,2004-06-01,1825,1122,1825,1122,2947
70803,MORO MORO,estado nutricional,clasificacion c,2004-06-01,40,48,40,48,88
30302,MOROCHATA,estado nutricional,clasificacion c,2004-06-01,311,337,311,337,648
90401,NACEBE (SANTA ROSA DEL ABUNA),estado nutricional,clasificacion c,2004-06-01,14,16,14,16,30
20307,NAZACARA DE PACAJES,estado nutricional,clasificacion c,2004-06-01,11,4,11,4,15
90501,NUEVO MANOA (NUEVA ESPERANZA),estado nutricional,clasificacion c,2004-06-01,6,19,6,19,25
50404,OCURI,estado nutricional,clasificacion c,2004-06-01,185,196,185,196,381
70202,OKINAWA,estado nutricional,clasificacion c,2004-06-01,168,149,168,149,317
30203,OMEREQUE,estado nutricional,clasificacion c,2004-06-01,94,68,94,68,162
40101,ORURO,estado nutricional,clasificacion c,2004-06-01,1722,1051,1722,1051,2773
60201,PADCAYA,estado nutricional,clasificacion c,2004-06-01,239,221,239,221,460
10401,PADILLA,estado nutricional,clasificacion c,2004-06-01,332,509,332,509,841
70502,PAILON,estado nutricional,clasificacion c,2004-06-01,122,86,122,86,208
20102,PALCA,estado nutricional,clasificacion c,2004-06-01,98,70,98,70,168
21104,PALOS BLANCOS,estado nutricional,clasificacion c,2004-06-01,425,306,425,306,731
40802,PAMPA AULLAGAS,estado nutricional,clasificacion c,2004-06-01,25,23,25,23,48
70902,PAMPA GRANDE,estado nutricional,clasificacion c,2004-06-01,88,61,88,61,149
21802,PAPEL PAMPA,estado nutricional,clasificacion c,2004-06-01,69,56,69,56,125
30202,PASORAPA,estado nutricional,clasificacion c,2004-06-01,48,44,48,44,92
21305,PATACAMAYA,estado nutricional,clasificacion c,2004-06-01,326,153,326,153,479
40602,PAZÃ‘A,estado nutricional,clasificacion c,2004-06-01,29,27,29,27,56
20702,PELECHUCO,estado nutricional,clasificacion c,2004-06-01,44,31,44,31,75
50403,POCOATA,estado nutricional,clasificacion c,2004-06-01,323,332,323,332,655
31203,POCONA,estado nutricional,clasificacion c,2004-06-01,89,75,89,75,164
31202,POJO (CBBA),estado nutricional,clasificacion c,2004-06-01,452,290,452,290,742
40601,POOPO,estado nutricional,clasificacion c,2004-06-01,80,121,80,121,201
51203,PORCO,estado nutricional,clasificacion c,2004-06-01,126,83,126,83,209
10103,POROMA,estado nutricional,clasificacion c,2004-06-01,262,294,262,294,556
70103,PORONGO,estado nutricional,clasificacion c,2004-06-01,47,43,47,43,90
70601,PORTACHUELO,estado nutricional,clasificacion c,2004-06-01,272,164,272,164,436
90102,PORVENIR,estado nutricional,clasificacion c,2004-06-01,78,72,78,72,150
70804,POSTRER VALLE,estado nutricional,clasificacion c,2004-06-01,13,14,13,14,27
50101,POTOSI,estado nutricional,clasificacion c,2004-06-01,1921,807,1921,807,2728
10302,PRESTO,estado nutricional,clasificacion c,2004-06-01,154,176,154,176,330
70805,PUCARA,estado nutricional,clasificacion c,2004-06-01,24,32,24,32,56
21201,PUCARANI,estado nutricional,clasificacion c,2004-06-01,200,47,200,47,247
20401,PUERTO ACOSTA,estado nutricional,clasificacion c,2004-06-01,222,201,222,201,423
20403,PUERTO CARABUCO,estado nutricional,clasificacion c,2004-06-01,175,163,175,163,338
90301,PUERTO GONZALO MORENO,estado nutricional,clasificacion c,2004-06-01,71,69,71,69,140
21204,PUERTO PEREZ,estado nutricional,clasificacion c,2004-06-01,89,56,89,56,145
71402,PUERTO QUIJARRO,estado nutricional,clasificacion c,2004-06-01,159,49,159,49,208
90201,PUERTO RICO,estado nutricional,clasificacion c,2004-06-01,65,71,65,71,136
80703,PUERTO SILES,estado nutricional,clasificacion c,2004-06-01,15,16,15,16,31
71401,PUERTO SUAREZ,estado nutricional,clasificacion c,2004-06-01,189,64,189,64,253
31205,PUERTO VILLARROEL,estado nutricional,clasificacion c,2004-06-01,659,516,659,516,1175
51101,PUNA,estado nutricional,clasificacion c,2004-06-01,327,260,327,260,587
31401,PUNATA,estado nutricional,clasificacion c,2004-06-01,481,246,481,246,727
20604,QUIABAYA,estado nutricional,clasificacion c,2004-06-01,21,13,21,13,34
30901,QUILLACOLLO,estado nutricional,clasificacion c,2004-06-01,563,286,563,286,849
21002,QUIME,estado nutricional,clasificacion c,2004-06-01,118,93,118,93,211
70904,QUIRUSILLAS,estado nutricional,clasificacion c,2004-06-01,8,1,8,1,9
50402,RAVELO,estado nutricional,clasificacion c,2004-06-01,321,287,321,287,608
80301,REYES,estado nutricional,clasificacion c,2004-06-01,182,127,182,127,309
80201,RIBERALTA,estado nutricional,clasificacion c,2004-06-01,1564,750,1564,750,2314
70503,ROBORE,estado nutricional,clasificacion c,2004-06-01,208,134,208,134,342
80304,RURRENABAQUE,estado nutricional,clasificacion c,2004-06-01,182,72,182,72,254
40901,SABAYA,estado nutricional,clasificacion c,2004-06-01,49,31,49,31,80
31001,SACABA,estado nutricional,clasificacion c,2004-06-01,439,152,439,152,591
30404,SACABAMBA,estado nutricional,clasificacion c,2004-06-01,54,107,54,107,161
50701,SACACA,estado nutricional,clasificacion c,2004-06-01,316,368,316,368,684
71302,SAIPINA,estado nutricional,clasificacion c,2004-06-01,43,53,43,53,96
40801,SALINAS DE GARCI MENDOZA,estado nutricional,clasificacion c,2004-06-01,84,96,84,96,180
70901,SAMAIPATA,estado nutricional,clasificacion c,2004-06-01,138,97,138,97,235
51601,SAN AGUSTIN,estado nutricional,clasificacion c,2004-06-01,50,33,50,33,83
80602,SAN ANDRES,estado nutricional,clasificacion c,2004-06-01,200,234,200,234,434
51003,SAN ANTONIO DE ESMORUCO,estado nutricional,clasificacion c,2004-06-01,33,52,33,52,85
71105,SAN ANTONIO DE LOMERIO,estado nutricional,clasificacion c,2004-06-01,128,173,128,173,301
31403,SAN BENITO,estado nutricional,clasificacion c,2004-06-01,138,156,138,156,294
80302,SAN BORJA,estado nutricional,clasificacion c,2004-06-01,488,315,488,315,803
21502,SAN BUENA VENTURA,estado nutricional,clasificacion c,2004-06-01,112,81,112,81,193
70402,SAN CARLOS,estado nutricional,clasificacion c,2004-06-01,402,268,402,268,670
80501,SAN IGNACIO,estado nutricional,clasificacion c,2004-06-01,305,214,305,214,519
70301,SAN IGNACIO DE VELASCO,estado nutricional,clasificacion c,2004-06-01,741,706,741,706,1447
80102,SAN JAVIER(BNI),estado nutricional,clasificacion c,2004-06-01,63,121,63,121,184
71102,SAN JAVIER(STC),estado nutricional,clasificacion c,2004-06-01,126,123,126,123,249
80701,SAN JOAQUIN,estado nutricional,clasificacion c,2004-06-01,44,42,44,42,86
70501,SAN JOSE DE CHIQUITOS,estado nutricional,clasificacion c,2004-06-01,185,71,185,71,256
71104,SAN JULIAN,estado nutricional,clasificacion c,2004-06-01,494,492,494,492,986
90302,SAN LORENZO(PND),estado nutricional,clasificacion c,2004-06-01,75,57,75,57,132
60501,SAN LORENZO(TJA),estado nutricional,clasificacion c,2004-06-01,251,241,251,241,492
10702,SAN LUCAS,estado nutricional,clasificacion c,2004-06-01,646,689,646,689,1335
71201,SAN MATIAS,estado nutricional,clasificacion c,2004-06-01,36,29,36,29,65
70302,SAN MIGUEL DE VELASCO,estado nutricional,clasificacion c,2004-06-01,223,201,223,201,424
51001,SAN PABLO DE LIPEZ,estado nutricional,clasificacion c,2004-06-01,25,24,25,24,49
50501,SAN PEDRO DE BUENA VISTA,estado nutricional,clasificacion c,2004-06-01,214,209,214,209,423
21801,SAN PEDRO DE CURAHUARA,estado nutricional,clasificacion c,2004-06-01,73,99,73,99,172
50902,SAN PEDRO DE QUEMES,estado nutricional,clasificacion c,2004-06-01,10,9,10,9,19
21702,SAN PEDRO DE TIQUINA,estado nutricional,clasificacion c,2004-06-01,24,24,24,24,48
90202,SAN PEDRO(PND),estado nutricional,clasificacion c,2004-06-01,39,71,39,71,110
70303,SAN RAFAEL,estado nutricional,clasificacion c,2004-06-01,126,96,126,96,222
80702,SAN RAMON,estado nutricional,clasificacion c,2004-06-01,31,13,31,13,44
80702,SAN RAMON,estado nutricional,clasificacion c,2004-06-01,97,88,97,88,185
80401,SANTA ANA,estado nutricional,clasificacion c,2004-06-01,249,114,249,114,363
70101,SANTA CRUZ DE LA SIERRA,estado nutricional,clasificacion c,2004-06-01,9167,4189,9167,4189,13356
80303,SANTA ROSA,estado nutricional,clasificacion c,2004-06-01,159,150,159,150,309
70602,SANTA ROSA DEL SARA,estado nutricional,clasificacion c,2004-06-01,67,70,67,70,137
20308,SANTIAGO DE CALLAPA,estado nutricional,clasificacion c,2004-06-01,52,59,52,59,111
41401,SANTIAGO DE HUARI,estado nutricional,clasificacion c,2004-06-01,41,45,41,45,86
21901,SANTIAGO DE MACHACA,estado nutricional,clasificacion c,2004-06-01,48,24,48,24,72
30702,SANTIVAÃ‘ES,estado nutricional,clasificacion c,2004-06-01,105,45,105,45,150
40202,SANTUARIO DE QUILLACAS,estado nutricional,clasificacion c,2004-06-01,39,27,39,27,66
20902,SAPAHAQUI,estado nutricional,clasificacion c,2004-06-01,71,63,71,63,134
90303,SENA,estado nutricional,clasificacion c,2004-06-01,45,14,45,14,59
21301,SICA SICA (VILLA AROMA),estado nutricional,clasificacion c,2004-06-01,287,149,287,149,436
30703,SICAYA,estado nutricional,clasificacion c,2004-06-01,26,18,26,18,44
30902,SIPE SIPE,estado nutricional,clasificacion c,2004-06-01,422,325,422,325,747
10403,SOPACHUY,estado nutricional,clasificacion c,2004-06-01,71,91,71,91,162
20601,SORATA,estado nutricional,clasificacion c,2004-06-01,165,245,165,245,410
10101,SUCRE,estado nutricional,clasificacion c,2004-06-01,2443,1564,2443,1564,4007
31404,TACACHI,estado nutricional,clasificacion c,2004-06-01,17,4,17,4,21
20603,TACACOMA,estado nutricional,clasificacion c,2004-06-01,52,69,52,69,121
50303,TACOBAMBA,estado nutricional,clasificacion c,2004-06-01,154,160,154,160,314
30602,TACOPAYA,estado nutricional,clasificacion c,2004-06-01,105,173,105,173,278
51402,TAHUA,estado nutricional,clasificacion c,2004-06-01,19,13,19,13,32
31101,TAPACARI,estado nutricional,clasificacion c,2004-06-01,276,121,276,121,397
10601,TARABUCO,estado nutricional,clasificacion c,2004-06-01,454,624,454,624,1078
30401,TARATA,estado nutricional,clasificacion c,2004-06-01,127,55,127,55,182
60101,TARIJA,estado nutricional,clasificacion c,2004-06-01,2178,1477,2178,1477,3655
10202,TARVITA,estado nutricional,clasificacion c,2004-06-01,150,180,150,180,330
20803,TIAWANACU,estado nutricional,clasificacion c,2004-06-01,119,85,119,85,204
50102,TINGUIPAYA,estado nutricional,clasificacion c,2004-06-01,234,350,234,350,584
20606,TIPUANI,estado nutricional,clasificacion c,2004-06-01,187,88,187,88,275
30903,TIQUIPAYA,estado nutricional,clasificacion c,2004-06-01,525,119,525,119,644
31601,TIRAQUE (CBBA),estado nutricional,clasificacion c,2004-06-01,389,252,389,252,641
21703,TITO YUPANQUI (PARQUIPUJIO),estado nutricional,clasificacion c,2004-06-01,19,18,19,18,37
30802,TOCO,estado nutricional,clasificacion c,2004-06-01,13,21,13,21,34
41502,TODOS SANTOS,estado nutricional,clasificacion c,2004-06-01,1,1,1,1,2
30803,TOLATA,estado nutricional,clasificacion c,2004-06-01,25,10,25,10,35
41001,TOLEDO,estado nutricional,clasificacion c,2004-06-01,37,81,37,81,118
51202,TOMAVE,estado nutricional,clasificacion c,2004-06-01,120,126,120,126,246
10402,TOMINA,estado nutricional,clasificacion c,2004-06-01,212,292,212,292,504
50502,TORO TORO,estado nutricional,clasificacion c,2004-06-01,253,309,253,309,562
31201,TOTORA(CBBA),estado nutricional,clasificacion c,2004-06-01,126,69,126,69,195
41301,TOTORA(ORR),estado nutricional,clasificacion c,2004-06-01,73,69,73,69,142
70802,TRIGAL,estado nutricional,clasificacion c,2004-06-01,27,17,27,17,44
80101,TRINIDAD,estado nutricional,clasificacion c,2004-06-01,1322,1000,1322,1000,2322
50801,TUPIZA,estado nutricional,clasificacion c,2004-06-01,555,511,555,511,1066
21302,UMALA,estado nutricional,clasificacion c,2004-06-01,59,62,59,62,121
50201,UNCIA,estado nutricional,clasificacion c,2004-06-01,99,103,99,103,202
60401,URIONDO (A. CONCEPCION),estado nutricional,clasificacion c,2004-06-01,299,321,299,321,620
71502,URUBICHA,estado nutricional,clasificacion c,2004-06-01,176,348,176,348,524
51201,UYUNI,estado nutricional,clasificacion c,2004-06-01,402,341,402,341,743
30502,VACAS,estado nutricional,clasificacion c,2004-06-01,80,66,80,66,146
70801,VALLEGRANDE,estado nutricional,clasificacion c,2004-06-01,212,165,212,165,377
20801,VIACHA,estado nutricional,clasificacion c,2004-06-01,488,228,488,228,716
31302,VILA VILA,estado nutricional,clasificacion c,2004-06-01,47,49,47,49,96
60303,VILLA MONTES,estado nutricional,clasificacion c,2004-06-01,389,235,389,235,624
90502,VILLA NUEVA (LOMA ALTA),estado nutricional,clasificacion c,2004-06-01,13,6,13,6,19
31402,VILLA RIVERO,estado nutricional,clasificacion c,2004-06-01,32,23,32,23,55
10801,VILLA SERRANO,estado nutricional,clasificacion c,2004-06-01,340,357,340,357,697
31003,VILLA TUNARI,estado nutricional,clasificacion c,2004-06-01,586,406,586,406,992
11001,VILLA VACA GUZMAN (MUYUPAMPA),estado nutricional,clasificacion c,2004-06-01,233,280,233,280,513
51501,VILLAZON,estado nutricional,clasificacion c,2004-06-01,584,513,584,513,1097
30904,VINTO,estado nutricional,clasificacion c,2004-06-01,174,78,174,78,252
50602,VITICHI,estado nutricional,clasificacion c,2004-06-01,148,133,148,133,281
20306,WALDO BALLIVIAN,estado nutricional,clasificacion c,2004-06-01,18,24,18,24,42
70201,WARNES,estado nutricional,clasificacion c,2004-06-01,409,251,409,251,660
20903,YACO,estado nutricional,clasificacion c,2004-06-01,56,70,56,70,126
60301,YACUIBA,estado nutricional,clasificacion c,2004-06-01,590,302,590,302,892
10602,YAMPARAEZ,estado nutricional,clasificacion c,2004-06-01,225,368,225,368,593
21103,YANACACHI,estado nutricional,clasificacion c,2004-06-01,81,56,81,56,137
70403,YAPACANI,estado nutricional,clasificacion c,2004-06-01,678,556,678,556,1234
50103,YOCALLA,estado nutricional,clasificacion c,2004-06-01,55,72,55,72,127
10102,YOTALA,estado nutricional,clasificacion c,2004-06-01,155,333,155,333,488
60402,YUNCHARA,estado nutricional,clasificacion c,2004-06-01,68,75,68,75,143
10301,ZUDAÃ‘EZ,estado nutricional,clasificacion c,2004-06-01,134,177,134,177,311
51302,ACACIO,estado nutricional,clasificacion c,2004-07-01,108,136,108,136,244
20201,ACHACACHI,estado nutricional,clasificacion c,2004-07-01,516,542,516,542,1058
20104,ACHOCALLA,estado nutricional,clasificacion c,2004-07-01,95,32,95,32,127
30201,AIQUILE,estado nutricional,clasificacion c,2004-07-01,126,86,126,86,212
31303,ALALAY,estado nutricional,clasificacion c,2004-07-01,26,28,26,28,54
10404,ALCALA,estado nutricional,clasificacion c,2004-07-01,65,117,65,117,182
20202,ANCORAIMES,estado nutricional,clasificacion c,2004-07-01,200,270,200,270,470
41201,ANDAMARCA,estado nutricional,clasificacion c,2004-07-01,46,56,46,56,102
40603,ANTEQUERA,estado nutricional,clasificacion c,2004-07-01,52,63,52,63,115
30402,ANZALDO,estado nutricional,clasificacion c,2004-07-01,40,46,40,46,86
20701,APOLO,estado nutricional,clasificacion c,2004-07-01,159,98,159,98,257
51301,ARAMPAMPA,estado nutricional,clasificacion c,2004-07-01,49,44,49,44,93
30501,ARANI,estado nutricional,clasificacion c,2004-07-01,80,36,80,36,116
30403,ARBIETO,estado nutricional,clasificacion c,2004-07-01,40,16,40,16,56
30601,ARQUE,estado nutricional,clasificacion c,2004-07-01,132,132,132,132,264
71501,ASCENCION DE GUARAYOS,estado nutricional,clasificacion c,2004-07-01,41,0,41,0,41
50802,ATOCHA,estado nutricional,clasificacion c,2004-07-01,175,195,175,195,370
20503,AUCAPATA,estado nutricional,clasificacion c,2004-07-01,32,55,32,55,87
20502,AYATA,estado nutricional,clasificacion c,2004-07-01,98,58,98,58,156
21303,AYO AYO,estado nutricional,clasificacion c,2004-07-01,53,24,53,24,77
30301,AYOPAYA (V. DE INDEPENDENCIA),estado nutricional,clasificacion c,2004-07-01,148,120,148,120,268
10201,AZURDUY,estado nutricional,clasificacion c,2004-07-01,283,311,283,311,594
21203,BATALLAS,estado nutricional,clasificacion c,2004-07-01,142,86,142,86,228
80802,BAURES,estado nutricional,clasificacion c,2004-07-01,98,111,98,111,209
41202,BELEN DE ANDAMARCA,estado nutricional,clasificacion c,2004-07-01,22,8,22,8,30
50104,BELEN DE URMIRI,estado nutricional,clasificacion c,2004-07-01,11,37,11,37,48
90104,BELLA FLOR,estado nutricional,clasificacion c,2004-07-01,40,86,40,86,126
60202,BERMEJO,estado nutricional,clasificacion c,2004-07-01,55,20,55,20,75
50301,BETANZOS,estado nutricional,clasificacion c,2004-07-01,319,281,319,281,600
31501,BOLIVAR,estado nutricional,clasificacion c,2004-07-01,88,81,88,81,169
90103,BOLPEBRA,estado nutricional,clasificacion c,2004-07-01,32,73,32,73,105
70707,BOYUIBE,estado nutricional,clasificacion c,2004-07-01,27,26,27,26,53
70401,BUENA VISTA,estado nutricional,clasificacion c,2004-07-01,241,221,241,221,462
70703,CABEZAS,estado nutricional,clasificacion c,2004-07-01,76,72,76,72,148
20905,CAIROMA,estado nutricional,clasificacion c,2004-07-01,121,132,121,132,253
51102,"CAIZA ""D""",estado nutricional,clasificacion c,2004-07-01,192,198,192,198,390
21003,CAJUATA,estado nutricional,clasificacion c,2004-07-01,84,62,84,62,146
20303,CALACOTO,estado nutricional,clasificacion c,2004-07-01,59,30,59,30,89
21304,CALAMARCA,estado nutricional,clasificacion c,2004-07-01,81,49,81,49,130
10701,CAMARGO,estado nutricional,clasificacion c,2004-07-01,225,215,225,215,440
10901,CAMATAQUI (C. VILLA ABECIA),estado nutricional,clasificacion c,2004-07-01,69,88,69,88,157
70706,CAMIRI,estado nutricional,clasificacion c,2004-07-01,419,297,419,297,716
30701,CAPINOTA,estado nutricional,clasificacion c,2004-07-01,136,56,136,56,192
20302,CAQUIAVIRI,estado nutricional,clasificacion c,2004-07-01,166,134,166,134,300
40102,CARACOLLO,estado nutricional,clasificacion c,2004-07-01,149,120,149,120,269
22001,CARANAVI,estado nutricional,clasificacion c,2004-07-01,766,433,766,433,1199
41503,CARANGAS,estado nutricional,clasificacion c,2004-07-01,1,0,1,0,1
60302,CARAPARI,estado nutricional,clasificacion c,2004-07-01,125,153,125,153,278
50702,CARIPUYO,estado nutricional,clasificacion c,2004-07-01,117,85,117,85,202
21902,CATACORA,estado nutricional,clasificacion c,2004-07-01,32,52,32,52,84
21803,CHACARILLA,estado nutricional,clasificacion c,2004-07-01,21,22,21,22,43
40201,CHALLAPATA,estado nutricional,clasificacion c,2004-07-01,114,109,114,109,223
50302,CHAQUI,estado nutricional,clasificacion c,2004-07-01,64,64,64,64,128
70702,CHARAGUA,estado nutricional,clasificacion c,2004-07-01,375,367,375,367,742
20305,CHARAÃ‘A,estado nutricional,clasificacion c,2004-07-01,41,43,41,43,84
50202,CHAYANTA,estado nutricional,clasificacion c,2004-07-01,149,136,149,136,285
31204,CHIMORE,estado nutricional,clasificacion c,2004-07-01,117,47,117,47,164
40903,CHIPAYA,estado nutricional,clasificacion c,2004-07-01,11,15,11,15,26
21101,CHULUMANI (V. DE LA LIBERTAD),estado nutricional,clasificacion c,2004-07-01,210,162,210,162,372
20501,CHUMA,estado nutricional,clasificacion c,2004-07-01,149,88,149,88,237
30801,CLIZA,estado nutricional,clasificacion c,2004-07-01,123,50,123,50,173
90101,COBIJA,estado nutricional,clasificacion c,2004-07-01,460,273,460,273,733
30101,COCHABAMBA,estado nutricional,clasificacion c,2004-07-01,2151,999,2151,999,3150
40902,COIPASA,estado nutricional,clasificacion c,2004-07-01,3,7,3,7,10
30905,COLCAPIRHUA,estado nutricional,clasificacion c,2004-07-01,234,102,234,102,336
50901,"COLCHA ""K""",estado nutricional,clasificacion c,2004-07-01,162,129,162,129,291
21307,COLLANA,estado nutricional,clasificacion c,2004-07-01,22,1,22,1,23
31002,COLOMI,estado nutricional,clasificacion c,2004-07-01,265,154,265,154,419
50401,COLQUECHACA,estado nutricional,clasificacion c,2004-07-01,183,95,183,95,278
21306,COLQUENCHA,estado nutricional,clasificacion c,2004-07-01,79,50,79,50,129
21004,COLQUIRI,estado nutricional,clasificacion c,2004-07-01,177,72,177,72,249
20304,COMANCHE,estado nutricional,clasificacion c,2004-07-01,67,61,67,61,128
71301,COMARAPA,estado nutricional,clasificacion c,2004-07-01,153,114,153,114,267
20605,COMBAYA,estado nutricional,clasificacion c,2004-07-01,26,31,26,31,57
71101,CONCEPCION,estado nutricional,clasificacion c,2004-07-01,128,21,128,21,149
21701,COPACABANA,estado nutricional,clasificacion c,2004-07-01,137,70,137,70,207
21402,CORIPATA,estado nutricional,clasificacion c,2004-07-01,77,23,77,23,100
20301,CORO CORO,estado nutricional,clasificacion c,2004-07-01,148,141,148,141,289
21401,COROICO,estado nutricional,clasificacion c,2004-07-01,229,144,229,144,373
40301,CORQUE,estado nutricional,clasificacion c,2004-07-01,65,38,65,38,103
50601,COTAGAITA,estado nutricional,clasificacion c,2004-07-01,351,297,351,297,648
70102,COTOCA,estado nutricional,clasificacion c,2004-07-01,372,134,372,134,506
31405,CUCHUMUELA (V. G. VILLARROEL),estado nutricional,clasificacion c,2004-07-01,13,16,13,16,29
70704,CUEVO,estado nutricional,clasificacion c,2004-07-01,57,71,57,71,128
10902,CULPINA,estado nutricional,clasificacion c,2004-07-01,386,305,386,305,691
40401,CURAHUARA DE CARANGAS,estado nutricional,clasificacion c,2004-07-01,35,25,35,25,60
21602,CURVA,estado nutricional,clasificacion c,2004-07-01,25,8,25,8,33
20804,DESAGUADERO,estado nutricional,clasificacion c,2004-07-01,38,23,38,23,61
20105,EL ALTO,estado nutricional,clasificacion c,2004-07-01,5639,2523,5639,2523,8162
40103,EL CHORO,estado nutricional,clasificacion c,2004-07-01,24,23,24,23,47
71503,EL PUENTE(STC),estado nutricional,clasificacion c,2004-07-01,152,155,152,155,307
60502,EL PUENTE(TJA),estado nutricional,clasificacion c,2004-07-01,43,51,43,51,94
70105,EL TORNO,estado nutricional,clasificacion c,2004-07-01,359,168,359,168,527
10405,EL VILLAR,estado nutricional,clasificacion c,2004-07-01,114,137,114,137,251
60601,ENTRE RIOS,estado nutricional,clasificacion c,2004-07-01,230,235,230,235,465
41101,EUCALIPTUS,estado nutricional,clasificacion c,2004-07-01,61,68,61,68,129
90503,EUREKA (SANTOS MERCADO),estado nutricional,clasificacion c,2004-07-01,7,6,7,6,13
80402,EXALTACION,estado nutricional,clasificacion c,2004-07-01,20,14,20,14,34
90203,FILADELFIA,estado nutricional,clasificacion c,2004-07-01,99,137,99,137,236
71002,GENERAL SAAVEDRA,estado nutricional,clasificacion c,2004-07-01,257,349,257,349,606
21601,GRAL. J.J. PEREZ (CHARAZANI),estado nutricional,clasificacion c,2004-07-01,175,107,175,107,282
20602,GUANAY,estado nutricional,clasificacion c,2004-07-01,708,534,708,534,1242
20802,GUAQUI,estado nutricional,clasificacion c,2004-07-01,50,32,50,32,82
80202,GUAYARAMERIN,estado nutricional,clasificacion c,2004-07-01,428,293,428,293,721
70705,GUTIERREZ,estado nutricional,clasificacion c,2004-07-01,149,238,149,238,387
10502,HUACARETA,estado nutricional,clasificacion c,2004-07-01,174,254,174,254,428
11002,HUACAYA (VILLA DE HUACAYA),estado nutricional,clasificacion c,2004-07-01,31,53,31,53,84
40501,HUACHACALLA,estado nutricional,clasificacion c,2004-07-01,11,8,11,8,19
40701,HUANUNI,estado nutricional,clasificacion c,2004-07-01,292,120,292,120,412
80803,HUARACAJE,estado nutricional,clasificacion c,2004-07-01,63,41,63,41,104
41601,HUAYLLAMARCA,estado nutricional,clasificacion c,2004-07-01,64,30,64,30,94
21005,ICHOCA,estado nutricional,clasificacion c,2004-07-01,39,66,39,66,105
10304,ICLA,estado nutricional,clasificacion c,2004-07-01,191,306,191,306,497
10703,INCAHUASI,estado nutricional,clasificacion c,2004-07-01,311,197,311,197,508
21001,INQUISIVI,estado nutricional,clasificacion c,2004-07-01,173,133,173,133,306
21102,IRUPANA (VILLA DE LANZA),estado nutricional,clasificacion c,2004-07-01,180,238,180,238,418
21501,IXIAMAS,estado nutricional,clasificacion c,2004-07-01,94,93,94,93,187
21105,LA ASUNTA,estado nutricional,clasificacion c,2004-07-01,283,73,283,73,356
70104,LA GUARDIA,estado nutricional,clasificacion c,2004-07-01,508,311,508,311,819
20101,LA PAZ,estado nutricional,clasificacion c,2004-07-01,4556,2604,4556,2604,7160
41501,LA RIVERA,estado nutricional,clasificacion c,2004-07-01,4,7,4,7,11
70701,LAGUNILLAS,estado nutricional,clasificacion c,2004-07-01,95,130,95,130,225
21202,LAJA,estado nutricional,clasificacion c,2004-07-01,138,61,138,61,199
10903,LAS CARRERAS,estado nutricional,clasificacion c,2004-07-01,69,82,69,82,151
21006,LICOMA PAMPA,estado nutricional,clasificacion c,2004-07-01,19,17,19,17,36
50203,LLALLAGUA,estado nutricional,clasificacion c,2004-07-01,194,389,194,389,583
51401,LLICA,estado nutricional,clasificacion c,2004-07-01,45,42,45,42,87
80601,LORETO,estado nutricional,clasificacion c,2004-07-01,44,38,44,38,82
20901,LURIBAY,estado nutricional,clasificacion c,2004-07-01,132,130,132,130,262
40702,MACHACAMARCA,estado nutricional,clasificacion c,2004-07-01,25,26,25,26,51
11003,MACHARETI,estado nutricional,clasificacion c,2004-07-01,201,362,201,362,563
80801,MAGDALENA,estado nutricional,clasificacion c,2004-07-01,116,81,116,81,197
70903,MAIRANA,estado nutricional,clasificacion c,2004-07-01,110,68,110,68,178
20904,MALLA,estado nutricional,clasificacion c,2004-07-01,11,19,11,19,30
20103,MECAPACA,estado nutricional,clasificacion c,2004-07-01,66,77,66,77,143
71003,MINEROS,estado nutricional,clasificacion c,2004-07-01,704,492,704,492,1196
31301,MIZQUE,estado nutricional,clasificacion c,2004-07-01,55,40,55,40,95
20402,MOCOMOCO,estado nutricional,clasificacion c,2004-07-01,248,251,248,251,499
51002,MOJINETE,estado nutricional,clasificacion c,2004-07-01,20,11,20,11,31
10303,MOJOCOYA,estado nutricional,clasificacion c,2004-07-01,123,243,123,243,366
10501,MONTEAGUDO,estado nutricional,clasificacion c,2004-07-01,365,326,365,326,691
71001,MONTERO,estado nutricional,clasificacion c,2004-07-01,1602,990,1602,990,2592
70803,MORO MORO,estado nutricional,clasificacion c,2004-07-01,50,68,50,68,118
30302,MOROCHATA,estado nutricional,clasificacion c,2004-07-01,193,149,193,149,342
90401,NACEBE (SANTA ROSA DEL ABUNA),estado nutricional,clasificacion c,2004-07-01,28,40,28,40,68
20307,NAZACARA DE PACAJES,estado nutricional,clasificacion c,2004-07-01,21,15,21,15,36
90501,NUEVO MANOA (NUEVA ESPERANZA),estado nutricional,clasificacion c,2004-07-01,1,1,1,1,2
50404,OCURI,estado nutricional,clasificacion c,2004-07-01,135,117,135,117,252
70202,OKINAWA,estado nutricional,clasificacion c,2004-07-01,172,140,172,140,312
30203,OMEREQUE,estado nutricional,clasificacion c,2004-07-01,94,29,94,29,123
40101,ORURO,estado nutricional,clasificacion c,2004-07-01,2095,1347,2095,1347,3442
60201,PADCAYA,estado nutricional,clasificacion c,2004-07-01,231,355,231,355,586
10401,PADILLA,estado nutricional,clasificacion c,2004-07-01,261,385,261,385,646
70502,PAILON,estado nutricional,clasificacion c,2004-07-01,174,108,174,108,282
20102,PALCA,estado nutricional,clasificacion c,2004-07-01,119,45,119,45,164
21104,PALOS BLANCOS,estado nutricional,clasificacion c,2004-07-01,353,271,353,271,624
40802,PAMPA AULLAGAS,estado nutricional,clasificacion c,2004-07-01,39,36,39,36,75
70902,PAMPA GRANDE,estado nutricional,clasificacion c,2004-07-01,50,31,50,31,81
21802,PAPEL PAMPA,estado nutricional,clasificacion c,2004-07-01,60,29,60,29,89
30202,PASORAPA,estado nutricional,clasificacion c,2004-07-01,59,50,59,50,109
21305,PATACAMAYA,estado nutricional,clasificacion c,2004-07-01,258,113,258,113,371
40602,PAZÃ‘A,estado nutricional,clasificacion c,2004-07-01,29,23,29,23,52
20702,PELECHUCO,estado nutricional,clasificacion c,2004-07-01,64,45,64,45,109
50403,POCOATA,estado nutricional,clasificacion c,2004-07-01,202,116,202,116,318
31203,POCONA,estado nutricional,clasificacion c,2004-07-01,50,26,50,26,76
31202,POJO (CBBA),estado nutricional,clasificacion c,2004-07-01,432,286,432,286,718
40601,POOPO,estado nutricional,clasificacion c,2004-07-01,41,19,41,19,60
51203,PORCO,estado nutricional,clasificacion c,2004-07-01,99,34,99,34,133
10103,POROMA,estado nutricional,clasificacion c,2004-07-01,221,224,221,224,445
70103,PORONGO,estado nutricional,clasificacion c,2004-07-01,48,35,48,35,83
70601,PORTACHUELO,estado nutricional,clasificacion c,2004-07-01,160,151,160,151,311
90102,PORVENIR,estado nutricional,clasificacion c,2004-07-01,79,58,79,58,137
70804,POSTRER VALLE,estado nutricional,clasificacion c,2004-07-01,7,9,7,9,16
50101,POTOSI,estado nutricional,clasificacion c,2004-07-01,1586,742,1586,742,2328
10302,PRESTO,estado nutricional,clasificacion c,2004-07-01,175,168,175,168,343
70805,PUCARA,estado nutricional,clasificacion c,2004-07-01,11,5,11,5,16
21201,PUCARANI,estado nutricional,clasificacion c,2004-07-01,198,51,198,51,249
20401,PUERTO ACOSTA,estado nutricional,clasificacion c,2004-07-01,273,260,273,260,533
20403,PUERTO CARABUCO,estado nutricional,clasificacion c,2004-07-01,193,167,193,167,360
90301,PUERTO GONZALO MORENO,estado nutricional,clasificacion c,2004-07-01,45,40,45,40,85
21204,PUERTO PEREZ,estado nutricional,clasificacion c,2004-07-01,61,54,61,54,115
71402,PUERTO QUIJARRO,estado nutricional,clasificacion c,2004-07-01,121,48,121,48,169
90201,PUERTO RICO,estado nutricional,clasificacion c,2004-07-01,78,59,78,59,137
80703,PUERTO SILES,estado nutricional,clasificacion c,2004-07-01,3,13,3,13,16
71401,PUERTO SUAREZ,estado nutricional,clasificacion c,2004-07-01,123,33,123,33,156
31205,PUERTO VILLARROEL,estado nutricional,clasificacion c,2004-07-01,542,343,542,343,885
51101,PUNA,estado nutricional,clasificacion c,2004-07-01,267,239,267,239,506
31401,PUNATA,estado nutricional,clasificacion c,2004-07-01,156,72,156,72,228
20604,QUIABAYA,estado nutricional,clasificacion c,2004-07-01,13,13,13,13,26
30901,QUILLACOLLO,estado nutricional,clasificacion c,2004-07-01,410,175,410,175,585
21002,QUIME,estado nutricional,clasificacion c,2004-07-01,121,102,121,102,223
70904,QUIRUSILLAS,estado nutricional,clasificacion c,2004-07-01,16,17,16,17,33
50402,RAVELO,estado nutricional,clasificacion c,2004-07-01,236,216,236,216,452
80301,REYES,estado nutricional,clasificacion c,2004-07-01,185,161,185,161,346
80201,RIBERALTA,estado nutricional,clasificacion c,2004-07-01,1301,643,1301,643,1944
70503,ROBORE,estado nutricional,clasificacion c,2004-07-01,159,132,159,132,291
80304,RURRENABAQUE,estado nutricional,clasificacion c,2004-07-01,119,76,119,76,195
40901,SABAYA,estado nutricional,clasificacion c,2004-07-01,19,30,19,30,49
31001,SACABA,estado nutricional,clasificacion c,2004-07-01,424,211,424,211,635
30404,SACABAMBA,estado nutricional,clasificacion c,2004-07-01,12,43,12,43,55
50701,SACACA,estado nutricional,clasificacion c,2004-07-01,124,118,124,118,242
71302,SAIPINA,estado nutricional,clasificacion c,2004-07-01,36,38,36,38,74
40801,SALINAS DE GARCI MENDOZA,estado nutricional,clasificacion c,2004-07-01,47,118,47,118,165
70901,SAMAIPATA,estado nutricional,clasificacion c,2004-07-01,127,86,127,86,213
51601,SAN AGUSTIN,estado nutricional,clasificacion c,2004-07-01,34,35,34,35,69
80602,SAN ANDRES,estado nutricional,clasificacion c,2004-07-01,79,93,79,93,172
51003,SAN ANTONIO DE ESMORUCO,estado nutricional,clasificacion c,2004-07-01,26,27,26,27,53
71105,SAN ANTONIO DE LOMERIO,estado nutricional,clasificacion c,2004-07-01,104,155,104,155,259
31403,SAN BENITO,estado nutricional,clasificacion c,2004-07-01,137,83,137,83,220
80302,SAN BORJA,estado nutricional,clasificacion c,2004-07-01,440,221,440,221,661
21502,SAN BUENA VENTURA,estado nutricional,clasificacion c,2004-07-01,89,54,89,54,143
70402,SAN CARLOS,estado nutricional,clasificacion c,2004-07-01,361,159,361,159,520
80501,SAN IGNACIO,estado nutricional,clasificacion c,2004-07-01,267,179,267,179,446
70301,SAN IGNACIO DE VELASCO,estado nutricional,clasificacion c,2004-07-01,514,294,514,294,808
80102,SAN JAVIER(BNI),estado nutricional,clasificacion c,2004-07-01,37,50,37,50,87
71102,SAN JAVIER(STC),estado nutricional,clasificacion c,2004-07-01,79,261,79,261,340
80701,SAN JOAQUIN,estado nutricional,clasificacion c,2004-07-01,45,29,45,29,74
70501,SAN JOSE DE CHIQUITOS,estado nutricional,clasificacion c,2004-07-01,173,40,173,40,213
71104,SAN JULIAN,estado nutricional,clasificacion c,2004-07-01,185,180,185,180,365
90302,SAN LORENZO(PND),estado nutricional,clasificacion c,2004-07-01,79,219,79,219,298
60501,SAN LORENZO(TJA),estado nutricional,clasificacion c,2004-07-01,139,137,139,137,276
10702,SAN LUCAS,estado nutricional,clasificacion c,2004-07-01,617,558,617,558,1175
71201,SAN MATIAS,estado nutricional,clasificacion c,2004-07-01,133,74,133,74,207
70302,SAN MIGUEL DE VELASCO,estado nutricional,clasificacion c,2004-07-01,160,140,160,140,300
51001,SAN PABLO DE LIPEZ,estado nutricional,clasificacion c,2004-07-01,44,25,44,25,69
50501,SAN PEDRO DE BUENA VISTA,estado nutricional,clasificacion c,2004-07-01,180,245,180,245,425
21801,SAN PEDRO DE CURAHUARA,estado nutricional,clasificacion c,2004-07-01,51,33,51,33,84
50902,SAN PEDRO DE QUEMES,estado nutricional,clasificacion c,2004-07-01,8,4,8,4,12
21702,SAN PEDRO DE TIQUINA,estado nutricional,clasificacion c,2004-07-01,47,69,47,69,116
90202,SAN PEDRO(PND),estado nutricional,clasificacion c,2004-07-01,4,5,4,5,9
70303,SAN RAFAEL,estado nutricional,clasificacion c,2004-07-01,80,87,80,87,167
80702,SAN RAMON,estado nutricional,clasificacion c,2004-07-01,82,50,82,50,132
80401,SANTA ANA,estado nutricional,clasificacion c,2004-07-01,197,102,197,102,299
70101,SANTA CRUZ DE LA SIERRA,estado nutricional,clasificacion c,2004-07-01,8052,3827,8052,3827,11879
80303,SANTA ROSA,estado nutricional,clasificacion c,2004-07-01,68,47,68,47,115
70602,SANTA ROSA DEL SARA,estado nutricional,clasificacion c,2004-07-01,58,45,58,45,103
20308,SANTIAGO DE CALLAPA,estado nutricional,clasificacion c,2004-07-01,83,88,83,88,171
41401,SANTIAGO DE HUARI,estado nutricional,clasificacion c,2004-07-01,81,44,81,44,125
21901,SANTIAGO DE MACHACA,estado nutricional,clasificacion c,2004-07-01,77,116,77,116,193
30702,SANTIVAÃ‘ES,estado nutricional,clasificacion c,2004-07-01,63,35,63,35,98
40202,SANTUARIO DE QUILLACAS,estado nutricional,clasificacion c,2004-07-01,20,33,20,33,53
20902,SAPAHAQUI,estado nutricional,clasificacion c,2004-07-01,107,96,107,96,203
90303,SENA,estado nutricional,clasificacion c,2004-07-01,59,40,59,40,99
21301,SICA SICA (VILLA AROMA),estado nutricional,clasificacion c,2004-07-01,182,114,182,114,296
30703,SICAYA,estado nutricional,clasificacion c,2004-07-01,18,5,18,5,23
30902,SIPE SIPE,estado nutricional,clasificacion c,2004-07-01,338,217,338,217,555
10403,SOPACHUY,estado nutricional,clasificacion c,2004-07-01,133,105,133,105,238
20601,SORATA,estado nutricional,clasificacion c,2004-07-01,257,354,257,354,611
10101,SUCRE,estado nutricional,clasificacion c,2004-07-01,1831,1409,1831,1409,3240
31404,TACACHI,estado nutricional,clasificacion c,2004-07-01,9,6,9,6,15
20603,TACACOMA,estado nutricional,clasificacion c,2004-07-01,37,31,37,31,68
50303,TACOBAMBA,estado nutricional,clasificacion c,2004-07-01,109,109,109,109,218
30602,TACOPAYA,estado nutricional,clasificacion c,2004-07-01,131,240,131,240,371
51402,TAHUA,estado nutricional,clasificacion c,2004-07-01,16,10,16,10,26
31101,TAPACARI,estado nutricional,clasificacion c,2004-07-01,331,216,331,216,547
10601,TARABUCO,estado nutricional,clasificacion c,2004-07-01,419,601,419,601,1020
30401,TARATA,estado nutricional,clasificacion c,2004-07-01,78,31,78,31,109
60101,TARIJA,estado nutricional,clasificacion c,2004-07-01,1922,1246,1922,1246,3168
10202,TARVITA,estado nutricional,clasificacion c,2004-07-01,361,438,361,438,799
20803,TIAWANACU,estado nutricional,clasificacion c,2004-07-01,159,100,159,100,259
50102,TINGUIPAYA,estado nutricional,clasificacion c,2004-07-01,186,205,186,205,391
20606,TIPUANI,estado nutricional,clasificacion c,2004-07-01,145,93,145,93,238
30903,TIQUIPAYA,estado nutricional,clasificacion c,2004-07-01,344,118,344,118,462
31601,TIRAQUE (CBBA),estado nutricional,clasificacion c,2004-07-01,470,291,470,291,761
21703,TITO YUPANQUI (PARQUIPUJIO),estado nutricional,clasificacion c,2004-07-01,13,15,13,15,28
30802,TOCO,estado nutricional,clasificacion c,2004-07-01,12,20,12,20,32
41502,TODOS SANTOS,estado nutricional,clasificacion c,2004-07-01,2,0,2,0,2
30803,TOLATA,estado nutricional,clasificacion c,2004-07-01,15,8,15,8,23
41001,TOLEDO,estado nutricional,clasificacion c,2004-07-01,103,102,103,102,205
51202,TOMAVE,estado nutricional,clasificacion c,2004-07-01,108,101,108,101,209
10402,TOMINA,estado nutricional,clasificacion c,2004-07-01,220,280,220,280,500
50502,TORO TORO,estado nutricional,clasificacion c,2004-07-01,145,136,145,136,281
31201,TOTORA(CBBA),estado nutricional,clasificacion c,2004-07-01,143,104,143,104,247
41301,TOTORA(ORR),estado nutricional,clasificacion c,2004-07-01,63,48,63,48,111
70802,TRIGAL,estado nutricional,clasificacion c,2004-07-01,38,12,38,12,50
80101,TRINIDAD,estado nutricional,clasificacion c,2004-07-01,989,610,989,610,1599
50801,TUPIZA,estado nutricional,clasificacion c,2004-07-01,588,483,588,483,1071
21302,UMALA,estado nutricional,clasificacion c,2004-07-01,12,4,12,4,16
50201,UNCIA,estado nutricional,clasificacion c,2004-07-01,108,140,108,140,248
60401,URIONDO (A. CONCEPCION),estado nutricional,clasificacion c,2004-07-01,253,301,253,301,554
71502,URUBICHA,estado nutricional,clasificacion c,2004-07-01,6,10,6,10,16
51201,UYUNI,estado nutricional,clasificacion c,2004-07-01,358,262,358,262,620
30502,VACAS,estado nutricional,clasificacion c,2004-07-01,75,26,75,26,101
70801,VALLEGRANDE,estado nutricional,clasificacion c,2004-07-01,68,30,68,30,98
20801,VIACHA,estado nutricional,clasificacion c,2004-07-01,435,206,435,206,641
31302,VILA VILA,estado nutricional,clasificacion c,2004-07-01,27,22,27,22,49
60303,VILLA MONTES,estado nutricional,clasificacion c,2004-07-01,305,251,305,251,556
90502,VILLA NUEVA (LOMA ALTA),estado nutricional,clasificacion c,2004-07-01,11,3,11,3,14
31402,VILLA RIVERO,estado nutricional,clasificacion c,2004-07-01,63,34,63,34,97
10801,VILLA SERRANO,estado nutricional,clasificacion c,2004-07-01,374,378,374,378,752
31003,VILLA TUNARI,estado nutricional,clasificacion c,2004-07-01,607,365,607,365,972
11001,VILLA VACA GUZMAN (MUYUPAMPA),estado nutricional,clasificacion c,2004-07-01,209,232,209,232,441
51501,VILLAZON,estado nutricional,clasificacion c,2004-07-01,451,402,451,402,853
30904,VINTO,estado nutricional,clasificacion c,2004-07-01,116,42,116,42,158
50602,VITICHI,estado nutricional,clasificacion c,2004-07-01,235,208,235,208,443
20306,WALDO BALLIVIAN,estado nutricional,clasificacion c,2004-07-01,24,56,24,56,80
70201,WARNES,estado nutricional,clasificacion c,2004-07-01,345,167,345,167,512
20903,YACO,estado nutricional,clasificacion c,2004-07-01,20,23,20,23,43
60301,YACUIBA,estado nutricional,clasificacion c,2004-07-01,451,227,451,227,678
10602,YAMPARAEZ,estado nutricional,clasificacion c,2004-07-01,191,374,191,374,565
21103,YANACACHI,estado nutricional,clasificacion c,2004-07-01,75,78,75,78,153
70403,YAPACANI,estado nutricional,clasificacion c,2004-07-01,539,319,539,319,858
50103,YOCALLA,estado nutricional,clasificacion c,2004-07-01,49,67,49,67,116
10102,YOTALA,estado nutricional,clasificacion c,2004-07-01,159,327,159,327,486
60402,YUNCHARA,estado nutricional,clasificacion c,2004-07-01,75,128,75,128,203
10301,ZUDAÃ‘EZ,estado nutricional,clasificacion c,2004-07-01,132,171,132,171,303
51302,ACACIO,estado nutricional,clasificacion c,2004-08-01,107,139,107,139,246
20201,ACHACACHI,estado nutricional,clasificacion c,2004-08-01,568,675,568,675,1243
20104,ACHOCALLA,estado nutricional,clasificacion c,2004-08-01,96,51,96,51,147
30201,AIQUILE,estado nutricional,clasificacion c,2004-08-01,114,53,114,53,167
31303,ALALAY,estado nutricional,clasificacion c,2004-08-01,14,17,14,17,31
10404,ALCALA,estado nutricional,clasificacion c,2004-08-01,69,123,69,123,192
20202,ANCORAIMES,estado nutricional,clasificacion c,2004-08-01,145,159,145,159,304
41201,ANDAMARCA,estado nutricional,clasificacion c,2004-08-01,40,61,40,61,101
40603,ANTEQUERA,estado nutricional,clasificacion c,2004-08-01,10,8,10,8,18
30402,ANZALDO,estado nutricional,clasificacion c,2004-08-01,36,75,36,75,111
20701,APOLO,estado nutricional,clasificacion c,2004-08-01,137,93,137,93,230
51301,ARAMPAMPA,estado nutricional,clasificacion c,2004-08-01,53,57,53,57,110
30501,ARANI,estado nutricional,clasificacion c,2004-08-01,70,32,70,32,102
30403,ARBIETO,estado nutricional,clasificacion c,2004-08-01,46,31,46,31,77
30601,ARQUE,estado nutricional,clasificacion c,2004-08-01,70,32,70,32,102
50802,ATOCHA,estado nutricional,clasificacion c,2004-08-01,158,156,158,156,314
20503,AUCAPATA,estado nutricional,clasificacion c,2004-08-01,46,47,46,47,93
20502,AYATA,estado nutricional,clasificacion c,2004-08-01,91,80,91,80,171
21303,AYO AYO,estado nutricional,clasificacion c,2004-08-01,86,40,86,40,126
30301,AYOPAYA (V. DE INDEPENDENCIA),estado nutricional,clasificacion c,2004-08-01,242,267,242,267,509
10201,AZURDUY,estado nutricional,clasificacion c,2004-08-01,285,328,285,328,613
21203,BATALLAS,estado nutricional,clasificacion c,2004-08-01,166,124,166,124,290
80802,BAURES,estado nutricional,clasificacion c,2004-08-01,73,71,73,71,144
41202,BELEN DE ANDAMARCA,estado nutricional,clasificacion c,2004-08-01,13,10,13,10,23
50104,BELEN DE URMIRI,estado nutricional,clasificacion c,2004-08-01,13,12,13,12,25
90104,BELLA FLOR,estado nutricional,clasificacion c,2004-08-01,49,100,49,100,149
60202,BERMEJO,estado nutricional,clasificacion c,2004-08-01,47,32,47,32,79
50301,BETANZOS,estado nutricional,clasificacion c,2004-08-01,367,299,367,299,666
31501,BOLIVAR,estado nutricional,clasificacion c,2004-08-01,111,97,111,97,208
90103,BOLPEBRA,estado nutricional,clasificacion c,2004-08-01,30,56,30,56,86
70707,BOYUIBE,estado nutricional,clasificacion c,2004-08-01,38,41,38,41,79
70401,BUENA VISTA,estado nutricional,clasificacion c,2004-08-01,209,222,209,222,431
70703,CABEZAS,estado nutricional,clasificacion c,2004-08-01,199,122,199,122,321
20905,CAIROMA,estado nutricional,clasificacion c,2004-08-01,151,121,151,121,272
51102,"CAIZA ""D""",estado nutricional,clasificacion c,2004-08-01,159,157,159,157,316
21003,CAJUATA,estado nutricional,clasificacion c,2004-08-01,168,108,168,108,276
20303,CALACOTO,estado nutricional,clasificacion c,2004-08-01,69,23,69,23,92
21304,CALAMARCA,estado nutricional,clasificacion c,2004-08-01,274,193,274,193,467
10701,CAMARGO,estado nutricional,clasificacion c,2004-08-01,194,172,194,172,366
10901,CAMATAQUI (C. VILLA ABECIA),estado nutricional,clasificacion c,2004-08-01,63,71,63,71,134
70706,CAMIRI,estado nutricional,clasificacion c,2004-08-01,399,326,399,326,725
30701,CAPINOTA,estado nutricional,clasificacion c,2004-08-01,108,49,108,49,157
20302,CAQUIAVIRI,estado nutricional,clasificacion c,2004-08-01,136,94,136,94,230
40102,CARACOLLO,estado nutricional,clasificacion c,2004-08-01,98,126,98,126,224
22001,CARANAVI,estado nutricional,clasificacion c,2004-08-01,473,346,473,346,819
41503,CARANGAS,estado nutricional,clasificacion c,2004-08-01,1,4,1,4,5
60302,CARAPARI,estado nutricional,clasificacion c,2004-08-01,130,155,130,155,285
50702,CARIPUYO,estado nutricional,clasificacion c,2004-08-01,141,158,141,158,299
21803,CHACARILLA,estado nutricional,clasificacion c,2004-08-01,6,16,6,16,22
40201,CHALLAPATA,estado nutricional,clasificacion c,2004-08-01,206,187,206,187,393
50302,CHAQUI,estado nutricional,clasificacion c,2004-08-01,107,116,107,116,223
70702,CHARAGUA,estado nutricional,clasificacion c,2004-08-01,412,394,412,394,806
20305,CHARAÃ‘A,estado nutricional,clasificacion c,2004-08-01,22,11,22,11,33
50202,CHAYANTA,estado nutricional,clasificacion c,2004-08-01,189,158,189,158,347
31204,CHIMORE,estado nutricional,clasificacion c,2004-08-01,135,90,135,90,225
40903,CHIPAYA,estado nutricional,clasificacion c,2004-08-01,7,11,7,11,18
40302,CHOQUE COTA,estado nutricional,clasificacion c,2004-08-01,11,18,11,18,29
21101,CHULUMANI (V. DE LA LIBERTAD),estado nutricional,clasificacion c,2004-08-01,134,94,134,94,228
20501,CHUMA,estado nutricional,clasificacion c,2004-08-01,90,55,90,55,145
30801,CLIZA,estado nutricional,clasificacion c,2004-08-01,122,43,122,43,165
90101,COBIJA,estado nutricional,clasificacion c,2004-08-01,422,316,422,316,738
30101,COCHABAMBA,estado nutricional,clasificacion c,2004-08-01,2502,1137,2502,1137,3639
40902,COIPASA,estado nutricional,clasificacion c,2004-08-01,10,10,10,10,20
30905,COLCAPIRHUA,estado nutricional,clasificacion c,2004-08-01,142,53,142,53,195
50901,"COLCHA ""K""",estado nutricional,clasificacion c,2004-08-01,159,175,159,175,334
21307,COLLANA,estado nutricional,clasificacion c,2004-08-01,24,4,24,4,28
31002,COLOMI,estado nutricional,clasificacion c,2004-08-01,305,144,305,144,449
50401,COLQUECHACA,estado nutricional,clasificacion c,2004-08-01,216,151,216,151,367
21306,COLQUENCHA,estado nutricional,clasificacion c,2004-08-01,66,26,66,26,92
21004,COLQUIRI,estado nutricional,clasificacion c,2004-08-01,249,126,249,126,375
20304,COMANCHE,estado nutricional,clasificacion c,2004-08-01,20,7,20,7,27
71301,COMARAPA,estado nutricional,clasificacion c,2004-08-01,154,166,154,166,320
20605,COMBAYA,estado nutricional,clasificacion c,2004-08-01,19,22,19,22,41
71101,CONCEPCION,estado nutricional,clasificacion c,2004-08-01,136,61,136,61,197
21701,COPACABANA,estado nutricional,clasificacion c,2004-08-01,122,49,122,49,171
21402,CORIPATA,estado nutricional,clasificacion c,2004-08-01,75,18,75,18,93
20301,CORO CORO,estado nutricional,clasificacion c,2004-08-01,87,82,87,82,169
21401,COROICO,estado nutricional,clasificacion c,2004-08-01,168,94,168,94,262
40301,CORQUE,estado nutricional,clasificacion c,2004-08-01,82,66,82,66,148
50601,COTAGAITA,estado nutricional,clasificacion c,2004-08-01,163,176,163,176,339
70102,COTOCA,estado nutricional,clasificacion c,2004-08-01,317,86,317,86,403
31405,CUCHUMUELA (V. G. VILLARROEL),estado nutricional,clasificacion c,2004-08-01,16,4,16,4,20
70704,CUEVO,estado nutricional,clasificacion c,2004-08-01,52,67,52,67,119
10902,CULPINA,estado nutricional,clasificacion c,2004-08-01,383,339,383,339,722
40401,CURAHUARA DE CARANGAS,estado nutricional,clasificacion c,2004-08-01,47,47,47,47,94
21602,CURVA,estado nutricional,clasificacion c,2004-08-01,26,11,26,11,37
20804,DESAGUADERO,estado nutricional,clasificacion c,2004-08-01,24,20,24,20,44
20105,EL ALTO,estado nutricional,clasificacion c,2004-08-01,5831,2672,5831,2672,8503
40103,EL CHORO,estado nutricional,clasificacion c,2004-08-01,18,11,18,11,29
60502,EL PUENTE(TJA),estado nutricional,clasificacion c,2004-08-01,100,150,100,150,250
70105,EL TORNO,estado nutricional,clasificacion c,2004-08-01,302,126,302,126,428
10405,EL VILLAR,estado nutricional,clasificacion c,2004-08-01,112,150,112,150,262
60601,ENTRE RIOS,estado nutricional,clasificacion c,2004-08-01,183,120,183,120,303
40502,ESCARA,estado nutricional,clasificacion c,2004-08-01,7,2,7,2,9
41101,EUCALIPTUS,estado nutricional,clasificacion c,2004-08-01,34,29,34,29,63
90503,EUREKA (SANTOS MERCADO),estado nutricional,clasificacion c,2004-08-01,3,6,3,6,9
80402,EXALTACION,estado nutricional,clasificacion c,2004-08-01,60,102,60,102,162
90203,FILADELFIA,estado nutricional,clasificacion c,2004-08-01,75,61,75,61,136
71002,GENERAL SAAVEDRA,estado nutricional,clasificacion c,2004-08-01,231,307,231,307,538
21601,GRAL. J.J. PEREZ (CHARAZANI),estado nutricional,clasificacion c,2004-08-01,139,116,139,116,255
20602,GUANAY,estado nutricional,clasificacion c,2004-08-01,553,421,553,421,974
20802,GUAQUI,estado nutricional,clasificacion c,2004-08-01,46,20,46,20,66
80202,GUAYARAMERIN,estado nutricional,clasificacion c,2004-08-01,471,272,471,272,743
70705,GUTIERREZ,estado nutricional,clasificacion c,2004-08-01,255,361,255,361,616
10502,HUACARETA,estado nutricional,clasificacion c,2004-08-01,203,350,203,350,553
11002,HUACAYA (VILLA DE HUACAYA),estado nutricional,clasificacion c,2004-08-01,35,60,35,60,95
40501,HUACHACALLA,estado nutricional,clasificacion c,2004-08-01,11,23,11,23,34
40701,HUANUNI,estado nutricional,clasificacion c,2004-08-01,246,81,246,81,327
80803,HUARACAJE,estado nutricional,clasificacion c,2004-08-01,52,46,52,46,98
41601,HUAYLLAMARCA,estado nutricional,clasificacion c,2004-08-01,63,37,63,37,100
21005,ICHOCA,estado nutricional,clasificacion c,2004-08-01,47,61,47,61,108
10304,ICLA,estado nutricional,clasificacion c,2004-08-01,189,300,189,300,489
10703,INCAHUASI,estado nutricional,clasificacion c,2004-08-01,345,207,345,207,552
90402,INGAVI (HUMAITA),estado nutricional,clasificacion c,2004-08-01,23,38,23,38,61
21001,INQUISIVI,estado nutricional,clasificacion c,2004-08-01,143,152,143,152,295
21102,IRUPANA (VILLA DE LANZA),estado nutricional,clasificacion c,2004-08-01,249,218,249,218,467
21501,IXIAMAS,estado nutricional,clasificacion c,2004-08-01,131,115,131,115,246
21105,LA ASUNTA,estado nutricional,clasificacion c,2004-08-01,209,47,209,47,256
70104,LA GUARDIA,estado nutricional,clasificacion c,2004-08-01,557,339,557,339,896
20101,LA PAZ,estado nutricional,clasificacion c,2004-08-01,4482,2368,4482,2368,6850
41501,LA RIVERA,estado nutricional,clasificacion c,2004-08-01,3,1,3,1,4
70701,LAGUNILLAS,estado nutricional,clasificacion c,2004-08-01,122,129,122,129,251
21202,LAJA,estado nutricional,clasificacion c,2004-08-01,117,50,117,50,167
10903,LAS CARRERAS,estado nutricional,clasificacion c,2004-08-01,65,74,65,74,139
21006,LICOMA PAMPA,estado nutricional,clasificacion c,2004-08-01,39,60,39,60,99
50203,LLALLAGUA,estado nutricional,clasificacion c,2004-08-01,221,132,221,132,353
51401,LLICA,estado nutricional,clasificacion c,2004-08-01,73,50,73,50,123
80601,LORETO,estado nutricional,clasificacion c,2004-08-01,54,48,54,48,102
20901,LURIBAY,estado nutricional,clasificacion c,2004-08-01,196,173,196,173,369
40702,MACHACAMARCA,estado nutricional,clasificacion c,2004-08-01,45,32,45,32,77
11003,MACHARETI,estado nutricional,clasificacion c,2004-08-01,132,219,132,219,351
80801,MAGDALENA,estado nutricional,clasificacion c,2004-08-01,119,65,119,65,184
70903,MAIRANA,estado nutricional,clasificacion c,2004-08-01,122,77,122,77,199
20904,MALLA,estado nutricional,clasificacion c,2004-08-01,4,1,4,1,5
20103,MECAPACA,estado nutricional,clasificacion c,2004-08-01,91,29,91,29,120
71003,MINEROS,estado nutricional,clasificacion c,2004-08-01,715,531,715,531,1246
31301,MIZQUE,estado nutricional,clasificacion c,2004-08-01,47,45,47,45,92
20402,MOCOMOCO,estado nutricional,clasificacion c,2004-08-01,184,194,184,194,378
51002,MOJINETE,estado nutricional,clasificacion c,2004-08-01,17,9,17,9,26
10303,MOJOCOYA,estado nutricional,clasificacion c,2004-08-01,130,255,130,255,385
10501,MONTEAGUDO,estado nutricional,clasificacion c,2004-08-01,368,460,368,460,828
71001,MONTERO,estado nutricional,clasificacion c,2004-08-01,1638,1093,1638,1093,2731
70803,MORO MORO,estado nutricional,clasificacion c,2004-08-01,41,60,41,60,101
30302,MOROCHATA,estado nutricional,clasificacion c,2004-08-01,246,169,246,169,415
90401,NACEBE (SANTA ROSA DEL ABUNA),estado nutricional,clasificacion c,2004-08-01,24,17,24,17,41
20307,NAZACARA DE PACAJES,estado nutricional,clasificacion c,2004-08-01,5,0,5,0,5
90501,NUEVO MANOA (NUEVA ESPERANZA),estado nutricional,clasificacion c,2004-08-01,2,3,2,3,5
50404,OCURI,estado nutricional,clasificacion c,2004-08-01,133,73,133,73,206
70202,OKINAWA,estado nutricional,clasificacion c,2004-08-01,168,148,168,148,316
30203,OMEREQUE,estado nutricional,clasificacion c,2004-08-01,113,44,113,44,157
40101,ORURO,estado nutricional,clasificacion c,2004-08-01,1916,1140,1916,1140,3056
60201,PADCAYA,estado nutricional,clasificacion c,2004-08-01,280,350,280,350,630
10401,PADILLA,estado nutricional,clasificacion c,2004-08-01,238,371,238,371,609
70502,PAILON,estado nutricional,clasificacion c,2004-08-01,163,125,163,125,288
20102,PALCA,estado nutricional,clasificacion c,2004-08-01,135,71,135,71,206
21104,PALOS BLANCOS,estado nutricional,clasificacion c,2004-08-01,267,204,267,204,471
40802,PAMPA AULLAGAS,estado nutricional,clasificacion c,2004-08-01,31,17,31,17,48
70902,PAMPA GRANDE,estado nutricional,clasificacion c,2004-08-01,109,100,109,100,209
21802,PAPEL PAMPA,estado nutricional,clasificacion c,2004-08-01,44,42,44,42,86
30202,PASORAPA,estado nutricional,clasificacion c,2004-08-01,38,40,38,40,78
21305,PATACAMAYA,estado nutricional,clasificacion c,2004-08-01,408,220,408,220,628
40602,PAZÃ‘A,estado nutricional,clasificacion c,2004-08-01,41,48,41,48,89
20702,PELECHUCO,estado nutricional,clasificacion c,2004-08-01,53,23,53,23,76
50403,POCOATA,estado nutricional,clasificacion c,2004-08-01,344,301,344,301,645
31203,POCONA,estado nutricional,clasificacion c,2004-08-01,109,68,109,68,177
31202,POJO (CBBA),estado nutricional,clasificacion c,2004-08-01,311,200,311,200,511
40601,POOPO,estado nutricional,clasificacion c,2004-08-01,46,38,46,38,84
51203,PORCO,estado nutricional,clasificacion c,2004-08-01,86,27,86,27,113
10103,POROMA,estado nutricional,clasificacion c,2004-08-01,185,168,185,168,353
70103,PORONGO,estado nutricional,clasificacion c,2004-08-01,47,40,47,40,87
70601,PORTACHUELO,estado nutricional,clasificacion c,2004-08-01,200,162,200,162,362
90102,PORVENIR,estado nutricional,clasificacion c,2004-08-01,60,67,60,67,127
70804,POSTRER VALLE,estado nutricional,clasificacion c,2004-08-01,18,29,18,29,47
50101,POTOSI,estado nutricional,clasificacion c,2004-08-01,1613,690,1613,690,2303
10302,PRESTO,estado nutricional,clasificacion c,2004-08-01,185,194,185,194,379
70805,PUCARA,estado nutricional,clasificacion c,2004-08-01,16,36,16,36,52
21201,PUCARANI,estado nutricional,clasificacion c,2004-08-01,231,47,231,47,278
20401,PUERTO ACOSTA,estado nutricional,clasificacion c,2004-08-01,245,227,245,227,472
20403,PUERTO CARABUCO,estado nutricional,clasificacion c,2004-08-01,203,216,203,216,419
90301,PUERTO GONZALO MORENO,estado nutricional,clasificacion c,2004-08-01,71,69,71,69,140
21204,PUERTO PEREZ,estado nutricional,clasificacion c,2004-08-01,41,45,41,45,86
90201,PUERTO RICO,estado nutricional,clasificacion c,2004-08-01,107,141,107,141,248
80703,PUERTO SILES,estado nutricional,clasificacion c,2004-08-01,12,8,12,8,20
71401,PUERTO SUAREZ,estado nutricional,clasificacion c,2004-08-01,3,3,3,3,6
31205,PUERTO VILLARROEL,estado nutricional,clasificacion c,2004-08-01,599,443,599,443,1042
51101,PUNA,estado nutricional,clasificacion c,2004-08-01,159,91,159,91,250
31401,PUNATA,estado nutricional,clasificacion c,2004-08-01,706,144,706,144,850
20604,QUIABAYA,estado nutricional,clasificacion c,2004-08-01,43,19,43,19,62
30901,QUILLACOLLO,estado nutricional,clasificacion c,2004-08-01,467,152,467,152,619
21002,QUIME,estado nutricional,clasificacion c,2004-08-01,144,158,144,158,302
70904,QUIRUSILLAS,estado nutricional,clasificacion c,2004-08-01,13,17,13,17,30
50402,RAVELO,estado nutricional,clasificacion c,2004-08-01,320,287,320,287,607
80301,REYES,estado nutricional,clasificacion c,2004-08-01,223,260,223,260,483
80201,RIBERALTA,estado nutricional,clasificacion c,2004-08-01,1258,558,1258,558,1816
70503,ROBORE,estado nutricional,clasificacion c,2004-08-01,183,161,183,161,344
80304,RURRENABAQUE,estado nutricional,clasificacion c,2004-08-01,193,92,193,92,285
40901,SABAYA,estado nutricional,clasificacion c,2004-08-01,21,37,21,37,58
31001,SACABA,estado nutricional,clasificacion c,2004-08-01,395,89,395,89,484
30404,SACABAMBA,estado nutricional,clasificacion c,2004-08-01,15,41,15,41,56
50701,SACACA,estado nutricional,clasificacion c,2004-08-01,240,285,240,285,525
71302,SAIPINA,estado nutricional,clasificacion c,2004-08-01,35,33,35,33,68
40801,SALINAS DE GARCI MENDOZA,estado nutricional,clasificacion c,2004-08-01,50,53,50,53,103
70901,SAMAIPATA,estado nutricional,clasificacion c,2004-08-01,129,99,129,99,228
51601,SAN AGUSTIN,estado nutricional,clasificacion c,2004-08-01,30,20,30,20,50
80602,SAN ANDRES,estado nutricional,clasificacion c,2004-08-01,116,131,116,131,247
51003,SAN ANTONIO DE ESMORUCO,estado nutricional,clasificacion c,2004-08-01,12,18,12,18,30
71105,SAN ANTONIO DE LOMERIO,estado nutricional,clasificacion c,2004-08-01,97,140,97,140,237
31403,SAN BENITO,estado nutricional,clasificacion c,2004-08-01,85,46,85,46,131
80302,SAN BORJA,estado nutricional,clasificacion c,2004-08-01,523,306,523,306,829
21502,SAN BUENA VENTURA,estado nutricional,clasificacion c,2004-08-01,106,86,106,86,192
70402,SAN CARLOS,estado nutricional,clasificacion c,2004-08-01,365,197,365,197,562
80501,SAN IGNACIO,estado nutricional,clasificacion c,2004-08-01,246,172,246,172,418
70301,SAN IGNACIO DE VELASCO,estado nutricional,clasificacion c,2004-08-01,630,369,630,369,999
80102,SAN JAVIER(BNI),estado nutricional,clasificacion c,2004-08-01,33,37,33,37,70
71102,SAN JAVIER(STC),estado nutricional,clasificacion c,2004-08-01,79,128,79,128,207
80701,SAN JOAQUIN,estado nutricional,clasificacion c,2004-08-01,33,42,33,42,75
70501,SAN JOSE DE CHIQUITOS,estado nutricional,clasificacion c,2004-08-01,146,48,146,48,194
71104,SAN JULIAN,estado nutricional,clasificacion c,2004-08-01,291,326,291,326,617
90302,SAN LORENZO(PND),estado nutricional,clasificacion c,2004-08-01,86,137,86,137,223
60501,SAN LORENZO(TJA),estado nutricional,clasificacion c,2004-08-01,62,48,62,48,110
10702,SAN LUCAS,estado nutricional,clasificacion c,2004-08-01,627,575,627,575,1202
71201,SAN MATIAS,estado nutricional,clasificacion c,2004-08-01,2,2,2,2,4
70302,SAN MIGUEL DE VELASCO,estado nutricional,clasificacion c,2004-08-01,134,103,134,103,237
51001,SAN PABLO DE LIPEZ,estado nutricional,clasificacion c,2004-08-01,35,59,35,59,94
50501,SAN PEDRO DE BUENA VISTA,estado nutricional,clasificacion c,2004-08-01,244,299,244,299,543
21801,SAN PEDRO DE CURAHUARA,estado nutricional,clasificacion c,2004-08-01,78,84,78,84,162
50902,SAN PEDRO DE QUEMES,estado nutricional,clasificacion c,2004-08-01,7,10,7,10,17
21702,SAN PEDRO DE TIQUINA,estado nutricional,clasificacion c,2004-08-01,56,58,56,58,114
90202,SAN PEDRO(PND),estado nutricional,clasificacion c,2004-08-01,6,0,6,0,6
70303,SAN RAFAEL,estado nutricional,clasificacion c,2004-08-01,87,78,87,78,165
80702,SAN RAMON,estado nutricional,clasificacion c,2004-08-01,48,43,48,43,91
80401,SANTA ANA,estado nutricional,clasificacion c,2004-08-01,107,81,107,81,188
70101,SANTA CRUZ DE LA SIERRA,estado nutricional,clasificacion c,2004-08-01,9714,4256,9714,4256,13970
80303,SANTA ROSA,estado nutricional,clasificacion c,2004-08-01,70,38,70,38,108
70602,SANTA ROSA DEL SARA,estado nutricional,clasificacion c,2004-08-01,94,73,94,73,167
20308,SANTIAGO DE CALLAPA,estado nutricional,clasificacion c,2004-08-01,49,48,49,48,97
41401,SANTIAGO DE HUARI,estado nutricional,clasificacion c,2004-08-01,59,83,59,83,142
21901,SANTIAGO DE MACHACA,estado nutricional,clasificacion c,2004-08-01,43,22,43,22,65
30702,SANTIVAÃ‘ES,estado nutricional,clasificacion c,2004-08-01,83,58,83,58,141
40202,SANTUARIO DE QUILLACAS,estado nutricional,clasificacion c,2004-08-01,20,38,20,38,58
20902,SAPAHAQUI,estado nutricional,clasificacion c,2004-08-01,138,134,138,134,272
90303,SENA,estado nutricional,clasificacion c,2004-08-01,34,15,34,15,49
21301,SICA SICA (VILLA AROMA),estado nutricional,clasificacion c,2004-08-01,268,134,268,134,402
30703,SICAYA,estado nutricional,clasificacion c,2004-08-01,27,18,27,18,45
30902,SIPE SIPE,estado nutricional,clasificacion c,2004-08-01,542,330,542,330,872
10403,SOPACHUY,estado nutricional,clasificacion c,2004-08-01,129,122,129,122,251
20601,SORATA,estado nutricional,clasificacion c,2004-08-01,242,246,242,246,488
10101,SUCRE,estado nutricional,clasificacion c,2004-08-01,1815,1317,1815,1317,3132
31404,TACACHI,estado nutricional,clasificacion c,2004-08-01,11,6,11,6,17
20603,TACACOMA,estado nutricional,clasificacion c,2004-08-01,57,39,57,39,96
50303,TACOBAMBA,estado nutricional,clasificacion c,2004-08-01,31,26,31,26,57
30602,TACOPAYA,estado nutricional,clasificacion c,2004-08-01,134,168,134,168,302
51402,TAHUA,estado nutricional,clasificacion c,2004-08-01,24,21,24,21,45
31101,TAPACARI,estado nutricional,clasificacion c,2004-08-01,311,210,311,210,521
10601,TARABUCO,estado nutricional,clasificacion c,2004-08-01,427,590,427,590,1017
30401,TARATA,estado nutricional,clasificacion c,2004-08-01,81,40,81,40,121
60101,TARIJA,estado nutricional,clasificacion c,2004-08-01,1374,942,1374,942,2316
10202,TARVITA,estado nutricional,clasificacion c,2004-08-01,154,195,154,195,349
20803,TIAWANACU,estado nutricional,clasificacion c,2004-08-01,135,111,135,111,246
50102,TINGUIPAYA,estado nutricional,clasificacion c,2004-08-01,191,189,191,189,380
20606,TIPUANI,estado nutricional,clasificacion c,2004-08-01,139,62,139,62,201
30903,TIQUIPAYA,estado nutricional,clasificacion c,2004-08-01,409,175,409,175,584
31601,TIRAQUE (CBBA),estado nutricional,clasificacion c,2004-08-01,417,247,417,247,664
21703,TITO YUPANQUI (PARQUIPUJIO),estado nutricional,clasificacion c,2004-08-01,18,36,18,36,54
30802,TOCO,estado nutricional,clasificacion c,2004-08-01,20,19,20,19,39
41502,TODOS SANTOS,estado nutricional,clasificacion c,2004-08-01,3,14,3,14,17
30803,TOLATA,estado nutricional,clasificacion c,2004-08-01,17,6,17,6,23
41001,TOLEDO,estado nutricional,clasificacion c,2004-08-01,47,25,47,25,72
51202,TOMAVE,estado nutricional,clasificacion c,2004-08-01,132,78,132,78,210
10402,TOMINA,estado nutricional,clasificacion c,2004-08-01,199,272,199,272,471
50502,TORO TORO,estado nutricional,clasificacion c,2004-08-01,169,166,169,166,335
31201,TOTORA(CBBA),estado nutricional,clasificacion c,2004-08-01,172,79,172,79,251
41301,TOTORA(ORR),estado nutricional,clasificacion c,2004-08-01,42,32,42,32,74
70802,TRIGAL,estado nutricional,clasificacion c,2004-08-01,29,13,29,13,42
80101,TRINIDAD,estado nutricional,clasificacion c,2004-08-01,1017,607,1017,607,1624
50801,TUPIZA,estado nutricional,clasificacion c,2004-08-01,421,394,421,394,815
21302,UMALA,estado nutricional,clasificacion c,2004-08-01,58,75,58,75,133
50201,UNCIA,estado nutricional,clasificacion c,2004-08-01,126,87,126,87,213
60401,URIONDO (A. CONCEPCION),estado nutricional,clasificacion c,2004-08-01,291,375,291,375,666
51201,UYUNI,estado nutricional,clasificacion c,2004-08-01,357,239,357,239,596
30502,VACAS,estado nutricional,clasificacion c,2004-08-01,123,125,123,125,248
70801,VALLEGRANDE,estado nutricional,clasificacion c,2004-08-01,215,175,215,175,390
20801,VIACHA,estado nutricional,clasificacion c,2004-08-01,417,200,417,200,617
31302,VILA VILA,estado nutricional,clasificacion c,2004-08-01,35,42,35,42,77
60303,VILLA MONTES,estado nutricional,clasificacion c,2004-08-01,350,263,350,263,613
90502,VILLA NUEVA (LOMA ALTA),estado nutricional,clasificacion c,2004-08-01,13,8,13,8,21
31402,VILLA RIVERO,estado nutricional,clasificacion c,2004-08-01,69,55,69,55,124
10801,VILLA SERRANO,estado nutricional,clasificacion c,2004-08-01,338,361,338,361,699
31003,VILLA TUNARI,estado nutricional,clasificacion c,2004-08-01,544,403,544,403,947
11001,VILLA VACA GUZMAN (MUYUPAMPA),estado nutricional,clasificacion c,2004-08-01,219,280,219,280,499
51501,VILLAZON,estado nutricional,clasificacion c,2004-08-01,491,392,491,392,883
30904,VINTO,estado nutricional,clasificacion c,2004-08-01,215,93,215,93,308
50602,VITICHI,estado nutricional,clasificacion c,2004-08-01,79,43,79,43,122
70201,WARNES,estado nutricional,clasificacion c,2004-08-01,383,204,383,204,587
20903,YACO,estado nutricional,clasificacion c,2004-08-01,36,22,36,22,58
60301,YACUIBA,estado nutricional,clasificacion c,2004-08-01,507,292,507,292,799
10602,YAMPARAEZ,estado nutricional,clasificacion c,2004-08-01,215,377,215,377,592
21103,YANACACHI,estado nutricional,clasificacion c,2004-08-01,46,44,46,44,90
70403,YAPACANI,estado nutricional,clasificacion c,2004-08-01,615,452,615,452,1067
50103,YOCALLA,estado nutricional,clasificacion c,2004-08-01,78,92,78,92,170
10102,YOTALA,estado nutricional,clasificacion c,2004-08-01,166,315,166,315,481
60402,YUNCHARA,estado nutricional,clasificacion c,2004-08-01,62,107,62,107,169
10301,ZUDAÃ‘EZ,estado nutricional,clasificacion c,2004-08-01,144,185,144,185,329
51302,ACACIO,estado nutricional,clasificacion c,2004-09-01,102,148,102,148,250
20201,ACHACACHI,estado nutricional,clasificacion c,2004-09-01,667,645,667,645,1312
20104,ACHOCALLA,estado nutricional,clasificacion c,2004-09-01,140,36,140,36,176
30201,AIQUILE,estado nutricional,clasificacion c,2004-09-01,114,71,114,71,185
31303,ALALAY,estado nutricional,clasificacion c,2004-09-01,84,63,84,63,147
10404,ALCALA,estado nutricional,clasificacion c,2004-09-01,66,133,66,133,199
20202,ANCORAIMES,estado nutricional,clasificacion c,2004-09-01,208,220,208,220,428
41201,ANDAMARCA,estado nutricional,clasificacion c,2004-09-01,37,43,37,43,80
40603,ANTEQUERA,estado nutricional,clasificacion c,2004-09-01,24,28,24,28,52
30402,ANZALDO,estado nutricional,clasificacion c,2004-09-01,43,66,43,66,109
20701,APOLO,estado nutricional,clasificacion c,2004-09-01,162,135,162,135,297
51301,ARAMPAMPA,estado nutricional,clasificacion c,2004-09-01,63,66,63,66,129
30501,ARANI,estado nutricional,clasificacion c,2004-09-01,72,39,72,39,111
30403,ARBIETO,estado nutricional,clasificacion c,2004-09-01,45,32,45,32,77
30601,ARQUE,estado nutricional,clasificacion c,2004-09-01,93,67,93,67,160
50802,ATOCHA,estado nutricional,clasificacion c,2004-09-01,246,192,246,192,438
20503,AUCAPATA,estado nutricional,clasificacion c,2004-09-01,57,47,57,47,104
20502,AYATA,estado nutricional,clasificacion c,2004-09-01,53,40,53,40,93
21303,AYO AYO,estado nutricional,clasificacion c,2004-09-01,78,21,78,21,99
30301,AYOPAYA (V. DE INDEPENDENCIA),estado nutricional,clasificacion c,2004-09-01,223,152,223,152,375
10201,AZURDUY,estado nutricional,clasificacion c,2004-09-01,372,367,372,367,739
21203,BATALLAS,estado nutricional,clasificacion c,2004-09-01,270,210,270,210,480
80802,BAURES,estado nutricional,clasificacion c,2004-09-01,74,82,74,82,156
41202,BELEN DE ANDAMARCA,estado nutricional,clasificacion c,2004-09-01,11,13,11,13,24
50104,BELEN DE URMIRI,estado nutricional,clasificacion c,2004-09-01,18,26,18,26,44
90104,BELLA FLOR,estado nutricional,clasificacion c,2004-09-01,30,40,30,40,70
60202,BERMEJO,estado nutricional,clasificacion c,2004-09-01,74,40,74,40,114
50301,BETANZOS,estado nutricional,clasificacion c,2004-09-01,423,428,423,428,851
31501,BOLIVAR,estado nutricional,clasificacion c,2004-09-01,126,183,126,183,309
90103,BOLPEBRA,estado nutricional,clasificacion c,2004-09-01,30,53,30,53,83
70707,BOYUIBE,estado nutricional,clasificacion c,2004-09-01,37,39,37,39,76
70401,BUENA VISTA,estado nutricional,clasificacion c,2004-09-01,326,332,326,332,658
70703,CABEZAS,estado nutricional,clasificacion c,2004-09-01,199,148,199,148,347
20905,CAIROMA,estado nutricional,clasificacion c,2004-09-01,148,164,148,164,312
51102,"CAIZA ""D""",estado nutricional,clasificacion c,2004-09-01,154,167,154,167,321
21003,CAJUATA,estado nutricional,clasificacion c,2004-09-01,97,72,97,72,169
20303,CALACOTO,estado nutricional,clasificacion c,2004-09-01,75,41,75,41,116
21304,CALAMARCA,estado nutricional,clasificacion c,2004-09-01,133,61,133,61,194
10701,CAMARGO,estado nutricional,clasificacion c,2004-09-01,293,211,293,211,504
10901,CAMATAQUI (C. VILLA ABECIA),estado nutricional,clasificacion c,2004-09-01,49,71,49,71,120
70706,CAMIRI,estado nutricional,clasificacion c,2004-09-01,319,215,319,215,534
30701,CAPINOTA,estado nutricional,clasificacion c,2004-09-01,108,67,108,67,175
20302,CAQUIAVIRI,estado nutricional,clasificacion c,2004-09-01,158,81,158,81,239
40102,CARACOLLO,estado nutricional,clasificacion c,2004-09-01,164,174,164,174,338
22001,CARANAVI,estado nutricional,clasificacion c,2004-09-01,795,459,795,459,1254
41503,CARANGAS,estado nutricional,clasificacion c,2004-09-01,3,0,3,0,3
60302,CARAPARI,estado nutricional,clasificacion c,2004-09-01,164,180,164,180,344
50702,CARIPUYO,estado nutricional,clasificacion c,2004-09-01,161,247,161,247,408
21902,CATACORA,estado nutricional,clasificacion c,2004-09-01,11,5,11,5,16
21803,CHACARILLA,estado nutricional,clasificacion c,2004-09-01,18,18,18,18,36
40201,CHALLAPATA,estado nutricional,clasificacion c,2004-09-01,182,123,182,123,305
50302,CHAQUI,estado nutricional,clasificacion c,2004-09-01,96,93,96,93,189
70702,CHARAGUA,estado nutricional,clasificacion c,2004-09-01,405,344,405,344,749
20305,CHARAÃ‘A,estado nutricional,clasificacion c,2004-09-01,45,33,45,33,78
50202,CHAYANTA,estado nutricional,clasificacion c,2004-09-01,189,168,189,168,357
31204,CHIMORE,estado nutricional,clasificacion c,2004-09-01,238,153,238,153,391
40903,CHIPAYA,estado nutricional,clasificacion c,2004-09-01,22,22,22,22,44
40302,CHOQUE COTA,estado nutricional,clasificacion c,2004-09-01,16,26,16,26,42
21101,CHULUMANI (V. DE LA LIBERTAD),estado nutricional,clasificacion c,2004-09-01,139,69,139,69,208
20501,CHUMA,estado nutricional,clasificacion c,2004-09-01,140,43,140,43,183
30801,CLIZA,estado nutricional,clasificacion c,2004-09-01,43,56,43,56,99
90101,COBIJA,estado nutricional,clasificacion c,2004-09-01,479,377,479,377,856
30101,COCHABAMBA,estado nutricional,clasificacion c,2004-09-01,2806,1223,2806,1223,4029
40902,COIPASA,estado nutricional,clasificacion c,2004-09-01,8,9,8,9,17
30905,COLCAPIRHUA,estado nutricional,clasificacion c,2004-09-01,268,78,268,78,346
50901,"COLCHA ""K""",estado nutricional,clasificacion c,2004-09-01,179,152,179,152,331
21307,COLLANA,estado nutricional,clasificacion c,2004-09-01,19,3,19,3,22
31002,COLOMI,estado nutricional,clasificacion c,2004-09-01,352,141,352,141,493
50401,COLQUECHACA,estado nutricional,clasificacion c,2004-09-01,242,122,242,122,364
21306,COLQUENCHA,estado nutricional,clasificacion c,2004-09-01,88,37,88,37,125
21004,COLQUIRI,estado nutricional,clasificacion c,2004-09-01,231,147,231,147,378
20304,COMANCHE,estado nutricional,clasificacion c,2004-09-01,43,32,43,32,75
71301,COMARAPA,estado nutricional,clasificacion c,2004-09-01,192,161,192,161,353
20605,COMBAYA,estado nutricional,clasificacion c,2004-09-01,23,43,23,43,66
71101,CONCEPCION,estado nutricional,clasificacion c,2004-09-01,147,2,147,2,149
21701,COPACABANA,estado nutricional,clasificacion c,2004-09-01,223,74,223,74,297
21402,CORIPATA,estado nutricional,clasificacion c,2004-09-01,40,21,40,21,61
20301,CORO CORO,estado nutricional,clasificacion c,2004-09-01,119,103,119,103,222
21401,COROICO,estado nutricional,clasificacion c,2004-09-01,138,82,138,82,220
40301,CORQUE,estado nutricional,clasificacion c,2004-09-01,83,91,83,91,174
50601,COTAGAITA,estado nutricional,clasificacion c,2004-09-01,536,392,536,392,928
70102,COTOCA,estado nutricional,clasificacion c,2004-09-01,455,150,455,150,605
31405,CUCHUMUELA (V. G. VILLARROEL),estado nutricional,clasificacion c,2004-09-01,15,14,15,14,29
70704,CUEVO,estado nutricional,clasificacion c,2004-09-01,62,83,62,83,145
10902,CULPINA,estado nutricional,clasificacion c,2004-09-01,468,353,468,353,821
40401,CURAHUARA DE CARANGAS,estado nutricional,clasificacion c,2004-09-01,44,43,44,43,87
21602,CURVA,estado nutricional,clasificacion c,2004-09-01,28,7,28,7,35
20804,DESAGUADERO,estado nutricional,clasificacion c,2004-09-01,34,31,34,31,65
20105,EL ALTO,estado nutricional,clasificacion c,2004-09-01,7904,3470,7904,3470,11374
40103,EL CHORO,estado nutricional,clasificacion c,2004-09-01,26,35,26,35,61
71503,EL PUENTE(STC),estado nutricional,clasificacion c,2004-09-01,177,202,177,202,379
60502,EL PUENTE(TJA),estado nutricional,clasificacion c,2004-09-01,84,142,84,142,226
70105,EL TORNO,estado nutricional,clasificacion c,2004-09-01,514,267,514,267,781
10405,EL VILLAR,estado nutricional,clasificacion c,2004-09-01,108,148,108,148,256
60601,ENTRE RIOS,estado nutricional,clasificacion c,2004-09-01,309,270,309,270,579
40502,ESCARA,estado nutricional,clasificacion c,2004-09-01,7,21,7,21,28
41101,EUCALIPTUS,estado nutricional,clasificacion c,2004-09-01,56,29,56,29,85
90503,EUREKA (SANTOS MERCADO),estado nutricional,clasificacion c,2004-09-01,11,10,11,10,21
80402,EXALTACION,estado nutricional,clasificacion c,2004-09-01,23,25,23,25,48
90203,FILADELFIA,estado nutricional,clasificacion c,2004-09-01,79,105,79,105,184
71002,GENERAL SAAVEDRA,estado nutricional,clasificacion c,2004-09-01,322,325,322,325,647
21601,GRAL. J.J. PEREZ (CHARAZANI),estado nutricional,clasificacion c,2004-09-01,138,72,138,72,210
20602,GUANAY,estado nutricional,clasificacion c,2004-09-01,621,362,621,362,983
20802,GUAQUI,estado nutricional,clasificacion c,2004-09-01,64,47,64,47,111
80202,GUAYARAMERIN,estado nutricional,clasificacion c,2004-09-01,598,337,598,337,935
70705,GUTIERREZ,estado nutricional,clasificacion c,2004-09-01,267,327,267,327,594
10502,HUACARETA,estado nutricional,clasificacion c,2004-09-01,192,262,192,262,454
11002,HUACAYA (VILLA DE HUACAYA),estado nutricional,clasificacion c,2004-09-01,35,40,35,40,75
40501,HUACHACALLA,estado nutricional,clasificacion c,2004-09-01,20,28,20,28,48
40701,HUANUNI,estado nutricional,clasificacion c,2004-09-01,449,262,449,262,711
80803,HUARACAJE,estado nutricional,clasificacion c,2004-09-01,52,50,52,50,102
41601,HUAYLLAMARCA,estado nutricional,clasificacion c,2004-09-01,74,35,74,35,109
21005,ICHOCA,estado nutricional,clasificacion c,2004-09-01,46,44,46,44,90
10304,ICLA,estado nutricional,clasificacion c,2004-09-01,181,270,181,270,451
10703,INCAHUASI,estado nutricional,clasificacion c,2004-09-01,358,226,358,226,584
21001,INQUISIVI,estado nutricional,clasificacion c,2004-09-01,126,115,126,115,241
21102,IRUPANA (VILLA DE LANZA),estado nutricional,clasificacion c,2004-09-01,241,215,241,215,456
21501,IXIAMAS,estado nutricional,clasificacion c,2004-09-01,141,120,141,120,261
21105,LA ASUNTA,estado nutricional,clasificacion c,2004-09-01,221,48,221,48,269
70104,LA GUARDIA,estado nutricional,clasificacion c,2004-09-01,678,329,678,329,1007
20101,LA PAZ,estado nutricional,clasificacion c,2004-09-01,5980,3349,5980,3349,9329
41501,LA RIVERA,estado nutricional,clasificacion c,2004-09-01,3,9,3,9,12
70701,LAGUNILLAS,estado nutricional,clasificacion c,2004-09-01,69,66,69,66,135
21202,LAJA,estado nutricional,clasificacion c,2004-09-01,161,58,161,58,219
10903,LAS CARRERAS,estado nutricional,clasificacion c,2004-09-01,68,77,68,77,145
21006,LICOMA PAMPA,estado nutricional,clasificacion c,2004-09-01,22,1,22,1,23
50203,LLALLAGUA,estado nutricional,clasificacion c,2004-09-01,329,339,329,339,668
51401,LLICA,estado nutricional,clasificacion c,2004-09-01,70,73,70,73,143
80601,LORETO,estado nutricional,clasificacion c,2004-09-01,71,85,71,85,156
20901,LURIBAY,estado nutricional,clasificacion c,2004-09-01,112,103,112,103,215
40702,MACHACAMARCA,estado nutricional,clasificacion c,2004-09-01,27,31,27,31,58
11003,MACHARETI,estado nutricional,clasificacion c,2004-09-01,176,316,176,316,492
80801,MAGDALENA,estado nutricional,clasificacion c,2004-09-01,176,125,176,125,301
70903,MAIRANA,estado nutricional,clasificacion c,2004-09-01,115,162,115,162,277
20904,MALLA,estado nutricional,clasificacion c,2004-09-01,21,38,21,38,59
20103,MECAPACA,estado nutricional,clasificacion c,2004-09-01,110,81,110,81,191
71003,MINEROS,estado nutricional,clasificacion c,2004-09-01,881,537,881,537,1418
31301,MIZQUE,estado nutricional,clasificacion c,2004-09-01,73,61,73,61,134
20402,MOCOMOCO,estado nutricional,clasificacion c,2004-09-01,239,232,239,232,471
51002,MOJINETE,estado nutricional,clasificacion c,2004-09-01,32,20,32,20,52
10303,MOJOCOYA,estado nutricional,clasificacion c,2004-09-01,139,271,139,271,410
10501,MONTEAGUDO,estado nutricional,clasificacion c,2004-09-01,412,453,412,453,865
71001,MONTERO,estado nutricional,clasificacion c,2004-09-01,2006,1150,2006,1150,3156
70803,MORO MORO,estado nutricional,clasificacion c,2004-09-01,53,72,53,72,125
30302,MOROCHATA,estado nutricional,clasificacion c,2004-09-01,249,247,249,247,496
90401,NACEBE (SANTA ROSA DEL ABUNA),estado nutricional,clasificacion c,2004-09-01,16,8,16,8,24
20307,NAZACARA DE PACAJES,estado nutricional,clasificacion c,2004-09-01,9,5,9,5,14
90501,NUEVO MANOA (NUEVA ESPERANZA),estado nutricional,clasificacion c,2004-09-01,2,7,2,7,9
50404,OCURI,estado nutricional,clasificacion c,2004-09-01,203,161,203,161,364
70202,OKINAWA,estado nutricional,clasificacion c,2004-09-01,184,153,184,153,337
30203,OMEREQUE,estado nutricional,clasificacion c,2004-09-01,59,11,59,11,70
40101,ORURO,estado nutricional,clasificacion c,2004-09-01,2664,1503,2664,1503,4167
60201,PADCAYA,estado nutricional,clasificacion c,2004-09-01,287,353,287,353,640
10401,PADILLA,estado nutricional,clasificacion c,2004-09-01,239,371,239,371,610
70502,PAILON,estado nutricional,clasificacion c,2004-09-01,172,119,172,119,291
20102,PALCA,estado nutricional,clasificacion c,2004-09-01,150,86,150,86,236
21104,PALOS BLANCOS,estado nutricional,clasificacion c,2004-09-01,443,252,443,252,695
40802,PAMPA AULLAGAS,estado nutricional,clasificacion c,2004-09-01,33,30,33,30,63
70902,PAMPA GRANDE,estado nutricional,clasificacion c,2004-09-01,95,67,95,67,162
21802,PAPEL PAMPA,estado nutricional,clasificacion c,2004-09-01,49,21,49,21,70
30202,PASORAPA,estado nutricional,clasificacion c,2004-09-01,44,48,44,48,92
21305,PATACAMAYA,estado nutricional,clasificacion c,2004-09-01,324,119,324,119,443
40602,PAZÃ‘A,estado nutricional,clasificacion c,2004-09-01,34,37,34,37,71
20702,PELECHUCO,estado nutricional,clasificacion c,2004-09-01,82,36,82,36,118
50403,POCOATA,estado nutricional,clasificacion c,2004-09-01,216,166,216,166,382
31203,POCONA,estado nutricional,clasificacion c,2004-09-01,109,71,109,71,180
31202,POJO (CBBA),estado nutricional,clasificacion c,2004-09-01,441,396,441,396,837
40601,POOPO,estado nutricional,clasificacion c,2004-09-01,35,20,35,20,55
51203,PORCO,estado nutricional,clasificacion c,2004-09-01,110,59,110,59,169
10103,POROMA,estado nutricional,clasificacion c,2004-09-01,285,273,285,273,558
70103,PORONGO,estado nutricional,clasificacion c,2004-09-01,65,53,65,53,118
70601,PORTACHUELO,estado nutricional,clasificacion c,2004-09-01,315,220,315,220,535
90102,PORVENIR,estado nutricional,clasificacion c,2004-09-01,57,72,57,72,129
70804,POSTRER VALLE,estado nutricional,clasificacion c,2004-09-01,24,24,24,24,48
50101,POTOSI,estado nutricional,clasificacion c,2004-09-01,2093,898,2093,898,2991
10302,PRESTO,estado nutricional,clasificacion c,2004-09-01,167,181,167,181,348
70805,PUCARA,estado nutricional,clasificacion c,2004-09-01,8,5,8,5,13
21201,PUCARANI,estado nutricional,clasificacion c,2004-09-01,239,64,239,64,303
20401,PUERTO ACOSTA,estado nutricional,clasificacion c,2004-09-01,173,192,173,192,365
20403,PUERTO CARABUCO,estado nutricional,clasificacion c,2004-09-01,179,186,179,186,365
90301,PUERTO GONZALO MORENO,estado nutricional,clasificacion c,2004-09-01,35,20,35,20,55
21204,PUERTO PEREZ,estado nutricional,clasificacion c,2004-09-01,81,51,81,51,132
71402,PUERTO QUIJARRO,estado nutricional,clasificacion c,2004-09-01,27,9,27,9,36
90201,PUERTO RICO,estado nutricional,clasificacion c,2004-09-01,61,44,61,44,105
80703,PUERTO SILES,estado nutricional,clasificacion c,2004-09-01,15,13,15,13,28
71401,PUERTO SUAREZ,estado nutricional,clasificacion c,2004-09-01,31,12,31,12,43
31205,PUERTO VILLARROEL,estado nutricional,clasificacion c,2004-09-01,741,602,741,602,1343
51101,PUNA,estado nutricional,clasificacion c,2004-09-01,319,265,319,265,584
31401,PUNATA,estado nutricional,clasificacion c,2004-09-01,521,156,521,156,677
20604,QUIABAYA,estado nutricional,clasificacion c,2004-09-01,35,10,35,10,45
30901,QUILLACOLLO,estado nutricional,clasificacion c,2004-09-01,679,249,679,249,928
21002,QUIME,estado nutricional,clasificacion c,2004-09-01,122,105,122,105,227
70904,QUIRUSILLAS,estado nutricional,clasificacion c,2004-09-01,14,15,14,15,29
50402,RAVELO,estado nutricional,clasificacion c,2004-09-01,347,336,347,336,683
80301,REYES,estado nutricional,clasificacion c,2004-09-01,201,143,201,143,344
80201,RIBERALTA,estado nutricional,clasificacion c,2004-09-01,1336,901,1336,901,2237
70503,ROBORE,estado nutricional,clasificacion c,2004-09-01,176,141,176,141,317
80304,RURRENABAQUE,estado nutricional,clasificacion c,2004-09-01,211,97,211,97,308
40901,SABAYA,estado nutricional,clasificacion c,2004-09-01,13,16,13,16,29
31001,SACABA,estado nutricional,clasificacion c,2004-09-01,615,259,615,259,874
30404,SACABAMBA,estado nutricional,clasificacion c,2004-09-01,28,50,28,50,78
50701,SACACA,estado nutricional,clasificacion c,2004-09-01,208,238,208,238,446
71302,SAIPINA,estado nutricional,clasificacion c,2004-09-01,82,91,82,91,173
40801,SALINAS DE GARCI MENDOZA,estado nutricional,clasificacion c,2004-09-01,66,95,66,95,161
70901,SAMAIPATA,estado nutricional,clasificacion c,2004-09-01,147,77,147,77,224
51601,SAN AGUSTIN,estado nutricional,clasificacion c,2004-09-01,30,30,30,30,60
80602,SAN ANDRES,estado nutricional,clasificacion c,2004-09-01,177,217,177,217,394
51003,SAN ANTONIO DE ESMORUCO,estado nutricional,clasificacion c,2004-09-01,31,26,31,26,57
71105,SAN ANTONIO DE LOMERIO,estado nutricional,clasificacion c,2004-09-01,151,192,151,192,343
31403,SAN BENITO,estado nutricional,clasificacion c,2004-09-01,75,32,75,32,107
80302,SAN BORJA,estado nutricional,clasificacion c,2004-09-01,505,251,505,251,756
21502,SAN BUENA VENTURA,estado nutricional,clasificacion c,2004-09-01,136,120,136,120,256
70402,SAN CARLOS,estado nutricional,clasificacion c,2004-09-01,421,229,421,229,650
80501,SAN IGNACIO,estado nutricional,clasificacion c,2004-09-01,341,190,341,190,531
70301,SAN IGNACIO DE VELASCO,estado nutricional,clasificacion c,2004-09-01,730,806,730,806,1536
80102,SAN JAVIER(BNI),estado nutricional,clasificacion c,2004-09-01,65,88,65,88,153
71102,SAN JAVIER(STC),estado nutricional,clasificacion c,2004-09-01,99,93,99,93,192
80701,SAN JOAQUIN,estado nutricional,clasificacion c,2004-09-01,45,35,45,35,80
70501,SAN JOSE DE CHIQUITOS,estado nutricional,clasificacion c,2004-09-01,121,49,121,49,170
71104,SAN JULIAN,estado nutricional,clasificacion c,2004-09-01,334,368,334,368,702
90302,SAN LORENZO(PND),estado nutricional,clasificacion c,2004-09-01,70,89,70,89,159
60501,SAN LORENZO(TJA),estado nutricional,clasificacion c,2004-09-01,84,65,84,65,149
10702,SAN LUCAS,estado nutricional,clasificacion c,2004-09-01,648,667,648,667,1315
71201,SAN MATIAS,estado nutricional,clasificacion c,2004-09-01,17,14,17,14,31
70302,SAN MIGUEL DE VELASCO,estado nutricional,clasificacion c,2004-09-01,171,140,171,140,311
51001,SAN PABLO DE LIPEZ,estado nutricional,clasificacion c,2004-09-01,43,33,43,33,76
50501,SAN PEDRO DE BUENA VISTA,estado nutricional,clasificacion c,2004-09-01,224,225,224,225,449
21801,SAN PEDRO DE CURAHUARA,estado nutricional,clasificacion c,2004-09-01,70,115,70,115,185
50902,SAN PEDRO DE QUEMES,estado nutricional,clasificacion c,2004-09-01,4,14,4,14,18
21702,SAN PEDRO DE TIQUINA,estado nutricional,clasificacion c,2004-09-01,60,64,60,64,124
90202,SAN PEDRO(PND),estado nutricional,clasificacion c,2004-09-01,2,0,2,0,2
70303,SAN RAFAEL,estado nutricional,clasificacion c,2004-09-01,93,84,93,84,177
80702,SAN RAMON,estado nutricional,clasificacion c,2004-09-01,79,71,79,71,150
80401,SANTA ANA,estado nutricional,clasificacion c,2004-09-01,214,113,214,113,327
70101,SANTA CRUZ DE LA SIERRA,estado nutricional,clasificacion c,2004-09-01,8247,3533,8247,3533,11780
80303,SANTA ROSA,estado nutricional,clasificacion c,2004-09-01,80,53,80,53,133
70602,SANTA ROSA DEL SARA,estado nutricional,clasificacion c,2004-09-01,126,140,126,140,266
20308,SANTIAGO DE CALLAPA,estado nutricional,clasificacion c,2004-09-01,75,47,75,47,122
41401,SANTIAGO DE HUARI,estado nutricional,clasificacion c,2004-09-01,45,60,45,60,105
21901,SANTIAGO DE MACHACA,estado nutricional,clasificacion c,2004-09-01,52,32,52,32,84
30702,SANTIVAÃ‘ES,estado nutricional,clasificacion c,2004-09-01,94,63,94,63,157
40202,SANTUARIO DE QUILLACAS,estado nutricional,clasificacion c,2004-09-01,18,36,18,36,54
20902,SAPAHAQUI,estado nutricional,clasificacion c,2004-09-01,60,44,60,44,104
90303,SENA,estado nutricional,clasificacion c,2004-09-01,146,172,146,172,318
21301,SICA SICA (VILLA AROMA),estado nutricional,clasificacion c,2004-09-01,224,190,224,190,414
30703,SICAYA,estado nutricional,clasificacion c,2004-09-01,27,9,27,9,36
30902,SIPE SIPE,estado nutricional,clasificacion c,2004-09-01,553,448,553,448,1001
10403,SOPACHUY,estado nutricional,clasificacion c,2004-09-01,167,215,167,215,382
20601,SORATA,estado nutricional,clasificacion c,2004-09-01,224,184,224,184,408
10101,SUCRE,estado nutricional,clasificacion c,2004-09-01,2606,1622,2606,1622,4228
31404,TACACHI,estado nutricional,clasificacion c,2004-09-01,21,6,21,6,27
20603,TACACOMA,estado nutricional,clasificacion c,2004-09-01,79,102,79,102,181
50303,TACOBAMBA,estado nutricional,clasificacion c,2004-09-01,69,72,69,72,141
30602,TACOPAYA,estado nutricional,clasificacion c,2004-09-01,158,183,158,183,341
51402,TAHUA,estado nutricional,clasificacion c,2004-09-01,30,22,30,22,52
31101,TAPACARI,estado nutricional,clasificacion c,2004-09-01,427,419,427,419,846
10601,TARABUCO,estado nutricional,clasificacion c,2004-09-01,429,588,429,588,1017
30401,TARATA,estado nutricional,clasificacion c,2004-09-01,119,36,119,36,155
60101,TARIJA,estado nutricional,clasificacion c,2004-09-01,1850,1279,1850,1279,3129
10202,TARVITA,estado nutricional,clasificacion c,2004-09-01,324,391,324,391,715
20803,TIAWANACU,estado nutricional,clasificacion c,2004-09-01,216,133,216,133,349
50102,TINGUIPAYA,estado nutricional,clasificacion c,2004-09-01,283,303,283,303,586
20606,TIPUANI,estado nutricional,clasificacion c,2004-09-01,114,49,114,49,163
30903,TIQUIPAYA,estado nutricional,clasificacion c,2004-09-01,367,125,367,125,492
31601,TIRAQUE (CBBA),estado nutricional,clasificacion c,2004-09-01,615,326,615,326,941
21703,TITO YUPANQUI (PARQUIPUJIO),estado nutricional,clasificacion c,2004-09-01,19,27,19,27,46
30802,TOCO,estado nutricional,clasificacion c,2004-09-01,12,21,12,21,33
41502,TODOS SANTOS,estado nutricional,clasificacion c,2004-09-01,0,7,0,7,7
30803,TOLATA,estado nutricional,clasificacion c,2004-09-01,43,21,43,21,64
41001,TOLEDO,estado nutricional,clasificacion c,2004-09-01,66,29,66,29,95
51202,TOMAVE,estado nutricional,clasificacion c,2004-09-01,130,115,130,115,245
10402,TOMINA,estado nutricional,clasificacion c,2004-09-01,200,289,200,289,489
50502,TORO TORO,estado nutricional,clasificacion c,2004-09-01,163,140,163,140,303
31201,TOTORA(CBBA),estado nutricional,clasificacion c,2004-09-01,175,154,175,154,329
41301,TOTORA(ORR),estado nutricional,clasificacion c,2004-09-01,55,39,55,39,94
70802,TRIGAL,estado nutricional,clasificacion c,2004-09-01,31,30,31,30,61
80101,TRINIDAD,estado nutricional,clasificacion c,2004-09-01,1312,984,1312,984,2296
50801,TUPIZA,estado nutricional,clasificacion c,2004-09-01,748,612,748,612,1360
21302,UMALA,estado nutricional,clasificacion c,2004-09-01,14,12,14,12,26
50201,UNCIA,estado nutricional,clasificacion c,2004-09-01,135,57,135,57,192
60401,URIONDO (A. CONCEPCION),estado nutricional,clasificacion c,2004-09-01,288,286,288,286,574
71502,URUBICHA,estado nutricional,clasificacion c,2004-09-01,6,10,6,10,16
51201,UYUNI,estado nutricional,clasificacion c,2004-09-01,427,321,427,321,748
30502,VACAS,estado nutricional,clasificacion c,2004-09-01,97,40,97,40,137
70801,VALLEGRANDE,estado nutricional,clasificacion c,2004-09-01,205,191,205,191,396
20801,VIACHA,estado nutricional,clasificacion c,2004-09-01,540,305,540,305,845
31302,VILA VILA,estado nutricional,clasificacion c,2004-09-01,81,62,81,62,143
60303,VILLA MONTES,estado nutricional,clasificacion c,2004-09-01,473,330,473,330,803
90502,VILLA NUEVA (LOMA ALTA),estado nutricional,clasificacion c,2004-09-01,14,2,14,2,16
31402,VILLA RIVERO,estado nutricional,clasificacion c,2004-09-01,64,13,64,13,77
10801,VILLA SERRANO,estado nutricional,clasificacion c,2004-09-01,307,355,307,355,662
31003,VILLA TUNARI,estado nutricional,clasificacion c,2004-09-01,737,576,737,576,1313
11001,VILLA VACA GUZMAN (MUYUPAMPA),estado nutricional,clasificacion c,2004-09-01,250,304,250,304,554
51501,VILLAZON,estado nutricional,clasificacion c,2004-09-01,576,493,576,493,1069
30904,VINTO,estado nutricional,clasificacion c,2004-09-01,111,51,111,51,162
50602,VITICHI,estado nutricional,clasificacion c,2004-09-01,225,214,225,214,439
70201,WARNES,estado nutricional,clasificacion c,2004-09-01,378,196,378,196,574
20903,YACO,estado nutricional,clasificacion c,2004-09-01,63,39,63,39,102
60301,YACUIBA,estado nutricional,clasificacion c,2004-09-01,673,320,673,320,993
10602,YAMPARAEZ,estado nutricional,clasificacion c,2004-09-01,201,356,201,356,557
21103,YANACACHI,estado nutricional,clasificacion c,2004-09-01,64,35,64,35,99
70403,YAPACANI,estado nutricional,clasificacion c,2004-09-01,662,458,662,458,1120
50103,YOCALLA,estado nutricional,clasificacion c,2004-09-01,55,48,55,48,103
10102,YOTALA,estado nutricional,clasificacion c,2004-09-01,174,319,174,319,493
60402,YUNCHARA,estado nutricional,clasificacion c,2004-09-01,63,81,63,81,144
10301,ZUDAÃ‘EZ,estado nutricional,clasificacion c,2004-09-01,151,179,151,179,330
51302,ACACIO,estado nutricional,clasificacion c,2004-10-01,133,120,133,120,253
20201,ACHACACHI,estado nutricional,clasificacion c,2004-10-01,570,618,570,618,1188
20104,ACHOCALLA,estado nutricional,clasificacion c,2004-10-01,94,29,94,29,123
30201,AIQUILE,estado nutricional,clasificacion c,2004-10-01,130,91,130,91,221
31303,ALALAY,estado nutricional,clasificacion c,2004-10-01,11,10,11,10,21
10404,ALCALA,estado nutricional,clasificacion c,2004-10-01,64,133,64,133,197
20202,ANCORAIMES,estado nutricional,clasificacion c,2004-10-01,157,200,157,200,357
41201,ANDAMARCA,estado nutricional,clasificacion c,2004-10-01,69,60,69,60,129
40603,ANTEQUERA,estado nutricional,clasificacion c,2004-10-01,13,20,13,20,33
30402,ANZALDO,estado nutricional,clasificacion c,2004-10-01,16,43,16,43,59
20701,APOLO,estado nutricional,clasificacion c,2004-10-01,157,130,157,130,287
51301,ARAMPAMPA,estado nutricional,clasificacion c,2004-10-01,48,52,48,52,100
30501,ARANI,estado nutricional,clasificacion c,2004-10-01,36,7,36,7,43
30403,ARBIETO,estado nutricional,clasificacion c,2004-10-01,63,51,63,51,114
30601,ARQUE,estado nutricional,clasificacion c,2004-10-01,81,35,81,35,116
71501,ASCENCION DE GUARAYOS,estado nutricional,clasificacion c,2004-10-01,375,448,375,448,823
50802,ATOCHA,estado nutricional,clasificacion c,2004-10-01,236,215,236,215,451
20503,AUCAPATA,estado nutricional,clasificacion c,2004-10-01,54,22,54,22,76
20502,AYATA,estado nutricional,clasificacion c,2004-10-01,106,45,106,45,151
21303,AYO AYO,estado nutricional,clasificacion c,2004-10-01,104,30,104,30,134
30301,AYOPAYA (V. DE INDEPENDENCIA),estado nutricional,clasificacion c,2004-10-01,277,197,277,197,474
10201,AZURDUY,estado nutricional,clasificacion c,2004-10-01,148,172,148,172,320
21203,BATALLAS,estado nutricional,clasificacion c,2004-10-01,211,136,211,136,347
80802,BAURES,estado nutricional,clasificacion c,2004-10-01,77,59,77,59,136
41202,BELEN DE ANDAMARCA,estado nutricional,clasificacion c,2004-10-01,8,14,8,14,22
50104,BELEN DE URMIRI,estado nutricional,clasificacion c,2004-10-01,14,35,14,35,49
90104,BELLA FLOR,estado nutricional,clasificacion c,2004-10-01,55,106,55,106,161
60202,BERMEJO,estado nutricional,clasificacion c,2004-10-01,104,84,104,84,188
50301,BETANZOS,estado nutricional,clasificacion c,2004-10-01,344,300,344,300,644
31501,BOLIVAR,estado nutricional,clasificacion c,2004-10-01,115,97,115,97,212
90103,BOLPEBRA,estado nutricional,clasificacion c,2004-10-01,33,50,33,50,83
70707,BOYUIBE,estado nutricional,clasificacion c,2004-10-01,64,76,64,76,140
70401,BUENA VISTA,estado nutricional,clasificacion c,2004-10-01,221,260,221,260,481
70703,CABEZAS,estado nutricional,clasificacion c,2004-10-01,29,30,29,30,59
20905,CAIROMA,estado nutricional,clasificacion c,2004-10-01,156,148,156,148,304
51102,"CAIZA ""D""",estado nutricional,clasificacion c,2004-10-01,135,149,135,149,284
21003,CAJUATA,estado nutricional,clasificacion c,2004-10-01,141,104,141,104,245
20303,CALACOTO,estado nutricional,clasificacion c,2004-10-01,33,10,33,10,43
21304,CALAMARCA,estado nutricional,clasificacion c,2004-10-01,252,159,252,159,411
10701,CAMARGO,estado nutricional,clasificacion c,2004-10-01,211,167,211,167,378
10901,CAMATAQUI (C. VILLA ABECIA),estado nutricional,clasificacion c,2004-10-01,60,52,60,52,112
70706,CAMIRI,estado nutricional,clasificacion c,2004-10-01,400,260,400,260,660
30701,CAPINOTA,estado nutricional,clasificacion c,2004-10-01,138,69,138,69,207
20302,CAQUIAVIRI,estado nutricional,clasificacion c,2004-10-01,161,62,161,62,223
40102,CARACOLLO,estado nutricional,clasificacion c,2004-10-01,86,77,86,77,163
22001,CARANAVI,estado nutricional,clasificacion c,2004-10-01,641,391,641,391,1032
41503,CARANGAS,estado nutricional,clasificacion c,2004-10-01,1,0,1,0,1
60302,CARAPARI,estado nutricional,clasificacion c,2004-10-01,139,161,139,161,300
50702,CARIPUYO,estado nutricional,clasificacion c,2004-10-01,101,99,101,99,200
21902,CATACORA,estado nutricional,clasificacion c,2004-10-01,2,1,2,1,3
21803,CHACARILLA,estado nutricional,clasificacion c,2004-10-01,10,9,10,9,19
40201,CHALLAPATA,estado nutricional,clasificacion c,2004-10-01,161,147,161,147,308
50302,CHAQUI,estado nutricional,clasificacion c,2004-10-01,133,97,133,97,230
70702,CHARAGUA,estado nutricional,clasificacion c,2004-10-01,276,271,276,271,547
20305,CHARAÃ‘A,estado nutricional,clasificacion c,2004-10-01,26,9,26,9,35
50202,CHAYANTA,estado nutricional,clasificacion c,2004-10-01,130,96,130,96,226
31204,CHIMORE,estado nutricional,clasificacion c,2004-10-01,139,71,139,71,210
40903,CHIPAYA,estado nutricional,clasificacion c,2004-10-01,33,38,33,38,71
40302,CHOQUE COTA,estado nutricional,clasificacion c,2004-10-01,18,0,18,0,18
21101,CHULUMANI (V. DE LA LIBERTAD),estado nutricional,clasificacion c,2004-10-01,206,114,206,114,320
20501,CHUMA,estado nutricional,clasificacion c,2004-10-01,98,74,98,74,172
30801,CLIZA,estado nutricional,clasificacion c,2004-10-01,148,46,148,46,194
90101,COBIJA,estado nutricional,clasificacion c,2004-10-01,352,277,352,277,629
30101,COCHABAMBA,estado nutricional,clasificacion c,2004-10-01,2736,1137,2736,1137,3873
40902,COIPASA,estado nutricional,clasificacion c,2004-10-01,15,14,15,14,29
30905,COLCAPIRHUA,estado nutricional,clasificacion c,2004-10-01,219,77,219,77,296
50901,"COLCHA ""K""",estado nutricional,clasificacion c,2004-10-01,177,145,177,145,322
21307,COLLANA,estado nutricional,clasificacion c,2004-10-01,13,2,13,2,15
31002,COLOMI,estado nutricional,clasificacion c,2004-10-01,287,103,287,103,390
50401,COLQUECHACA,estado nutricional,clasificacion c,2004-10-01,348,98,348,98,446
21306,COLQUENCHA,estado nutricional,clasificacion c,2004-10-01,86,48,86,48,134
21004,COLQUIRI,estado nutricional,clasificacion c,2004-10-01,211,136,211,136,347
20304,COMANCHE,estado nutricional,clasificacion c,2004-10-01,49,43,49,43,92
71301,COMARAPA,estado nutricional,clasificacion c,2004-10-01,177,117,177,117,294
20605,COMBAYA,estado nutricional,clasificacion c,2004-10-01,20,26,20,26,46
71101,CONCEPCION,estado nutricional,clasificacion c,2004-10-01,163,12,163,12,175
21701,COPACABANA,estado nutricional,clasificacion c,2004-10-01,125,39,125,39,164
21402,CORIPATA,estado nutricional,clasificacion c,2004-10-01,109,30,109,30,139
20301,CORO CORO,estado nutricional,clasificacion c,2004-10-01,115,88,115,88,203
21401,COROICO,estado nutricional,clasificacion c,2004-10-01,171,97,171,97,268
40301,CORQUE,estado nutricional,clasificacion c,2004-10-01,83,35,83,35,118
50601,COTAGAITA,estado nutricional,clasificacion c,2004-10-01,200,125,200,125,325
70102,COTOCA,estado nutricional,clasificacion c,2004-10-01,316,121,316,121,437
31405,CUCHUMUELA (V. G. VILLARROEL),estado nutricional,clasificacion c,2004-10-01,25,16,25,16,41
70704,CUEVO,estado nutricional,clasificacion c,2004-10-01,49,62,49,62,111
10902,CULPINA,estado nutricional,clasificacion c,2004-10-01,396,329,396,329,725
40401,CURAHUARA DE CARANGAS,estado nutricional,clasificacion c,2004-10-01,47,57,47,57,104
21602,CURVA,estado nutricional,clasificacion c,2004-10-01,5,7,5,7,12
20804,DESAGUADERO,estado nutricional,clasificacion c,2004-10-01,23,20,23,20,43
20105,EL ALTO,estado nutricional,clasificacion c,2004-10-01,10255,3384,10255,3384,13639
40103,EL CHORO,estado nutricional,clasificacion c,2004-10-01,25,12,25,12,37
71503,EL PUENTE(STC),estado nutricional,clasificacion c,2004-10-01,161,162,161,162,323
60502,EL PUENTE(TJA),estado nutricional,clasificacion c,2004-10-01,127,247,127,247,374
70105,EL TORNO,estado nutricional,clasificacion c,2004-10-01,412,106,412,106,518
10405,EL VILLAR,estado nutricional,clasificacion c,2004-10-01,104,116,104,116,220
60601,ENTRE RIOS,estado nutricional,clasificacion c,2004-10-01,243,189,243,189,432
40502,ESCARA,estado nutricional,clasificacion c,2004-10-01,5,7,5,7,12
41101,EUCALIPTUS,estado nutricional,clasificacion c,2004-10-01,23,14,23,14,37
90503,EUREKA (SANTOS MERCADO),estado nutricional,clasificacion c,2004-10-01,5,8,5,8,13
80402,EXALTACION,estado nutricional,clasificacion c,2004-10-01,47,87,47,87,134
90203,FILADELFIA,estado nutricional,clasificacion c,2004-10-01,30,26,30,26,56
71002,GENERAL SAAVEDRA,estado nutricional,clasificacion c,2004-10-01,296,339,296,339,635
21601,GRAL. J.J. PEREZ (CHARAZANI),estado nutricional,clasificacion c,2004-10-01,148,87,148,87,235
20602,GUANAY,estado nutricional,clasificacion c,2004-10-01,565,356,565,356,921
20802,GUAQUI,estado nutricional,clasificacion c,2004-10-01,48,20,48,20,68
80202,GUAYARAMERIN,estado nutricional,clasificacion c,2004-10-01,517,339,517,339,856
70705,GUTIERREZ,estado nutricional,clasificacion c,2004-10-01,210,243,210,243,453
10502,HUACARETA,estado nutricional,clasificacion c,2004-10-01,235,323,235,323,558
11002,HUACAYA (VILLA DE HUACAYA),estado nutricional,clasificacion c,2004-10-01,42,45,42,45,87
40501,HUACHACALLA,estado nutricional,clasificacion c,2004-10-01,12,13,12,13,25
40701,HUANUNI,estado nutricional,clasificacion c,2004-10-01,344,175,344,175,519
80803,HUARACAJE,estado nutricional,clasificacion c,2004-10-01,37,55,37,55,92
41601,HUAYLLAMARCA,estado nutricional,clasificacion c,2004-10-01,56,35,56,35,91
21005,ICHOCA,estado nutricional,clasificacion c,2004-10-01,55,53,55,53,108
10304,ICLA,estado nutricional,clasificacion c,2004-10-01,169,207,169,207,376
10703,INCAHUASI,estado nutricional,clasificacion c,2004-10-01,434,349,434,349,783
90402,INGAVI (HUMAITA),estado nutricional,clasificacion c,2004-10-01,25,29,25,29,54
21001,INQUISIVI,estado nutricional,clasificacion c,2004-10-01,135,130,135,130,265
21102,IRUPANA (VILLA DE LANZA),estado nutricional,clasificacion c,2004-10-01,208,181,208,181,389
21501,IXIAMAS,estado nutricional,clasificacion c,2004-10-01,110,107,110,107,217
21105,LA ASUNTA,estado nutricional,clasificacion c,2004-10-01,211,46,211,46,257
70104,LA GUARDIA,estado nutricional,clasificacion c,2004-10-01,657,309,657,309,966
20101,LA PAZ,estado nutricional,clasificacion c,2004-10-01,5405,2871,5405,2871,8276
41501,LA RIVERA,estado nutricional,clasificacion c,2004-10-01,3,1,3,1,4
70701,LAGUNILLAS,estado nutricional,clasificacion c,2004-10-01,92,138,92,138,230
21202,LAJA,estado nutricional,clasificacion c,2004-10-01,176,102,176,102,278
10903,LAS CARRERAS,estado nutricional,clasificacion c,2004-10-01,56,98,56,98,154
50203,LLALLAGUA,estado nutricional,clasificacion c,2004-10-01,382,448,382,448,830
51401,LLICA,estado nutricional,clasificacion c,2004-10-01,55,44,55,44,99
80601,LORETO,estado nutricional,clasificacion c,2004-10-01,49,58,49,58,107
20901,LURIBAY,estado nutricional,clasificacion c,2004-10-01,170,173,170,173,343
40702,MACHACAMARCA,estado nutricional,clasificacion c,2004-10-01,40,22,40,22,62
11003,MACHARETI,estado nutricional,clasificacion c,2004-10-01,186,309,186,309,495
80801,MAGDALENA,estado nutricional,clasificacion c,2004-10-01,99,71,99,71,170
70903,MAIRANA,estado nutricional,clasificacion c,2004-10-01,111,42,111,42,153
20904,MALLA,estado nutricional,clasificacion c,2004-10-01,37,52,37,52,89
20103,MECAPACA,estado nutricional,clasificacion c,2004-10-01,135,77,135,77,212
71003,MINEROS,estado nutricional,clasificacion c,2004-10-01,689,541,689,541,1230
31301,MIZQUE,estado nutricional,clasificacion c,2004-10-01,97,75,97,75,172
20402,MOCOMOCO,estado nutricional,clasificacion c,2004-10-01,191,174,191,174,365
51002,MOJINETE,estado nutricional,clasificacion c,2004-10-01,12,13,12,13,25
10303,MOJOCOYA,estado nutricional,clasificacion c,2004-10-01,161,206,161,206,367
10501,MONTEAGUDO,estado nutricional,clasificacion c,2004-10-01,422,454,422,454,876
71001,MONTERO,estado nutricional,clasificacion c,2004-10-01,1655,897,1655,897,2552
70803,MORO MORO,estado nutricional,clasificacion c,2004-10-01,38,79,38,79,117
30302,MOROCHATA,estado nutricional,clasificacion c,2004-10-01,173,216,173,216,389
90401,NACEBE (SANTA ROSA DEL ABUNA),estado nutricional,clasificacion c,2004-10-01,30,33,30,33,63
20307,NAZACARA DE PACAJES,estado nutricional,clasificacion c,2004-10-01,7,4,7,4,11
90501,NUEVO MANOA (NUEVA ESPERANZA),estado nutricional,clasificacion c,2004-10-01,13,8,13,8,21
50404,OCURI,estado nutricional,clasificacion c,2004-10-01,131,69,131,69,200
70202,OKINAWA,estado nutricional,clasificacion c,2004-10-01,120,86,120,86,206
30203,OMEREQUE,estado nutricional,clasificacion c,2004-10-01,81,29,81,29,110
40101,ORURO,estado nutricional,clasificacion c,2004-10-01,2323,1259,2323,1259,3582
60201,PADCAYA,estado nutricional,clasificacion c,2004-10-01,273,361,273,361,634
10401,PADILLA,estado nutricional,clasificacion c,2004-10-01,254,349,254,349,603
70502,PAILON,estado nutricional,clasificacion c,2004-10-01,183,142,183,142,325
20102,PALCA,estado nutricional,clasificacion c,2004-10-01,143,69,143,69,212
21104,PALOS BLANCOS,estado nutricional,clasificacion c,2004-10-01,373,266,373,266,639
40802,PAMPA AULLAGAS,estado nutricional,clasificacion c,2004-10-01,28,40,28,40,68
70902,PAMPA GRANDE,estado nutricional,clasificacion c,2004-10-01,61,63,61,63,124
21802,PAPEL PAMPA,estado nutricional,clasificacion c,2004-10-01,58,65,58,65,123
30202,PASORAPA,estado nutricional,clasificacion c,2004-10-01,49,54,49,54,103
21305,PATACAMAYA,estado nutricional,clasificacion c,2004-10-01,396,258,396,258,654
40602,PAZÃ‘A,estado nutricional,clasificacion c,2004-10-01,30,38,30,38,68
20702,PELECHUCO,estado nutricional,clasificacion c,2004-10-01,38,22,38,22,60
50403,POCOATA,estado nutricional,clasificacion c,2004-10-01,269,309,269,309,578
31203,POCONA,estado nutricional,clasificacion c,2004-10-01,121,96,121,96,217
31202,POJO (CBBA),estado nutricional,clasificacion c,2004-10-01,340,246,340,246,586
40601,POOPO,estado nutricional,clasificacion c,2004-10-01,24,6,24,6,30
51203,PORCO,estado nutricional,clasificacion c,2004-10-01,92,54,92,54,146
10103,POROMA,estado nutricional,clasificacion c,2004-10-01,225,247,225,247,472
70103,PORONGO,estado nutricional,clasificacion c,2004-10-01,66,46,66,46,112
70601,PORTACHUELO,estado nutricional,clasificacion c,2004-10-01,263,198,263,198,461
90102,PORVENIR,estado nutricional,clasificacion c,2004-10-01,60,73,60,73,133
70804,POSTRER VALLE,estado nutricional,clasificacion c,2004-10-01,8,10,8,10,18
50101,POTOSI,estado nutricional,clasificacion c,2004-10-01,1786,852,1786,852,2638
10302,PRESTO,estado nutricional,clasificacion c,2004-10-01,164,188,164,188,352
70805,PUCARA,estado nutricional,clasificacion c,2004-10-01,21,38,21,38,59
21201,PUCARANI,estado nutricional,clasificacion c,2004-10-01,210,76,210,76,286
20401,PUERTO ACOSTA,estado nutricional,clasificacion c,2004-10-01,274,240,274,240,514
20403,PUERTO CARABUCO,estado nutricional,clasificacion c,2004-10-01,164,143,164,143,307
90301,PUERTO GONZALO MORENO,estado nutricional,clasificacion c,2004-10-01,54,45,54,45,99
21204,PUERTO PEREZ,estado nutricional,clasificacion c,2004-10-01,80,62,80,62,142
90201,PUERTO RICO,estado nutricional,clasificacion c,2004-10-01,93,63,93,63,156
80703,PUERTO SILES,estado nutricional,clasificacion c,2004-10-01,11,5,11,5,16
71401,PUERTO SUAREZ,estado nutricional,clasificacion c,2004-10-01,20,3,20,3,23
31205,PUERTO VILLARROEL,estado nutricional,clasificacion c,2004-10-01,633,405,633,405,1038
51101,PUNA,estado nutricional,clasificacion c,2004-10-01,200,94,200,94,294
31401,PUNATA,estado nutricional,clasificacion c,2004-10-01,385,137,385,137,522
20604,QUIABAYA,estado nutricional,clasificacion c,2004-10-01,47,51,47,51,98
30901,QUILLACOLLO,estado nutricional,clasificacion c,2004-10-01,588,203,588,203,791
21002,QUIME,estado nutricional,clasificacion c,2004-10-01,201,142,201,142,343
70904,QUIRUSILLAS,estado nutricional,clasificacion c,2004-10-01,14,13,14,13,27
50402,RAVELO,estado nutricional,clasificacion c,2004-10-01,283,245,283,245,528
80301,REYES,estado nutricional,clasificacion c,2004-10-01,190,133,190,133,323
80201,RIBERALTA,estado nutricional,clasificacion c,2004-10-01,1114,869,1114,869,1983
70503,ROBORE,estado nutricional,clasificacion c,2004-10-01,151,88,151,88,239
80304,RURRENABAQUE,estado nutricional,clasificacion c,2004-10-01,258,101,258,101,359
40901,SABAYA,estado nutricional,clasificacion c,2004-10-01,27,22,27,22,49
31001,SACABA,estado nutricional,clasificacion c,2004-10-01,451,104,451,104,555
30404,SACABAMBA,estado nutricional,clasificacion c,2004-10-01,30,57,30,57,87
50701,SACACA,estado nutricional,clasificacion c,2004-10-01,216,210,216,210,426
71302,SAIPINA,estado nutricional,clasificacion c,2004-10-01,43,56,43,56,99
40801,SALINAS DE GARCI MENDOZA,estado nutricional,clasificacion c,2004-10-01,54,85,54,85,139
70901,SAMAIPATA,estado nutricional,clasificacion c,2004-10-01,151,98,151,98,249
51601,SAN AGUSTIN,estado nutricional,clasificacion c,2004-10-01,16,9,16,9,25
80602,SAN ANDRES,estado nutricional,clasificacion c,2004-10-01,126,133,126,133,259
51003,SAN ANTONIO DE ESMORUCO,estado nutricional,clasificacion c,2004-10-01,7,17,7,17,24
71105,SAN ANTONIO DE LOMERIO,estado nutricional,clasificacion c,2004-10-01,116,178,116,178,294
31403,SAN BENITO,estado nutricional,clasificacion c,2004-10-01,80,45,80,45,125
80302,SAN BORJA,estado nutricional,clasificacion c,2004-10-01,597,286,597,286,883
21502,SAN BUENA VENTURA,estado nutricional,clasificacion c,2004-10-01,114,75,114,75,189
70402,SAN CARLOS,estado nutricional,clasificacion c,2004-10-01,392,229,392,229,621
80501,SAN IGNACIO,estado nutricional,clasificacion c,2004-10-01,281,237,281,237,518
70301,SAN IGNACIO DE VELASCO,estado nutricional,clasificacion c,2004-10-01,525,340,525,340,865
80102,SAN JAVIER(BNI),estado nutricional,clasificacion c,2004-10-01,39,34,39,34,73
71102,SAN JAVIER(STC),estado nutricional,clasificacion c,2004-10-01,81,77,81,77,158
80701,SAN JOAQUIN,estado nutricional,clasificacion c,2004-10-01,31,13,31,13,44
70501,SAN JOSE DE CHIQUITOS,estado nutricional,clasificacion c,2004-10-01,147,55,147,55,202
71104,SAN JULIAN,estado nutricional,clasificacion c,2004-10-01,301,378,301,378,679
90302,SAN LORENZO(PND),estado nutricional,clasificacion c,2004-10-01,37,61,37,61,98
60501,SAN LORENZO(TJA),estado nutricional,clasificacion c,2004-10-01,190,141,190,141,331
10702,SAN LUCAS,estado nutricional,clasificacion c,2004-10-01,677,656,677,656,1333
70302,SAN MIGUEL DE VELASCO,estado nutricional,clasificacion c,2004-10-01,127,160,127,160,287
51001,SAN PABLO DE LIPEZ,estado nutricional,clasificacion c,2004-10-01,29,23,29,23,52
50501,SAN PEDRO DE BUENA VISTA,estado nutricional,clasificacion c,2004-10-01,160,169,160,169,329
21801,SAN PEDRO DE CURAHUARA,estado nutricional,clasificacion c,2004-10-01,98,137,98,137,235
50902,SAN PEDRO DE QUEMES,estado nutricional,clasificacion c,2004-10-01,7,2,7,2,9
21702,SAN PEDRO DE TIQUINA,estado nutricional,clasificacion c,2004-10-01,50,68,50,68,118
90202,SAN PEDRO(PND),estado nutricional,clasificacion c,2004-10-01,17,20,17,20,37
70303,SAN RAFAEL,estado nutricional,clasificacion c,2004-10-01,89,90,89,90,179
80702,SAN RAMON,estado nutricional,clasificacion c,2004-10-01,35,29,35,29,64
80401,SANTA ANA,estado nutricional,clasificacion c,2004-10-01,167,99,167,99,266
70101,SANTA CRUZ DE LA SIERRA,estado nutricional,clasificacion c,2004-10-01,8102,3542,8102,3542,11644
80303,SANTA ROSA,estado nutricional,clasificacion c,2004-10-01,100,73,100,73,173
70602,SANTA ROSA DEL SARA,estado nutricional,clasificacion c,2004-10-01,114,94,114,94,208
20308,SANTIAGO DE CALLAPA,estado nutricional,clasificacion c,2004-10-01,56,44,56,44,100
41401,SANTIAGO DE HUARI,estado nutricional,clasificacion c,2004-10-01,54,56,54,56,110
21901,SANTIAGO DE MACHACA,estado nutricional,clasificacion c,2004-10-01,46,49,46,49,95
30702,SANTIVAÃ‘ES,estado nutricional,clasificacion c,2004-10-01,91,62,91,62,153
40202,SANTUARIO DE QUILLACAS,estado nutricional,clasificacion c,2004-10-01,13,30,13,30,43
20902,SAPAHAQUI,estado nutricional,clasificacion c,2004-10-01,140,117,140,117,257
90303,SENA,estado nutricional,clasificacion c,2004-10-01,0,13,0,13,13
21301,SICA SICA (VILLA AROMA),estado nutricional,clasificacion c,2004-10-01,236,202,236,202,438
30703,SICAYA,estado nutricional,clasificacion c,2004-10-01,21,9,21,9,30
30902,SIPE SIPE,estado nutricional,clasificacion c,2004-10-01,404,225,404,225,629
10403,SOPACHUY,estado nutricional,clasificacion c,2004-10-01,98,82,98,82,180
20601,SORATA,estado nutricional,clasificacion c,2004-10-01,216,237,216,237,453
10101,SUCRE,estado nutricional,clasificacion c,2004-10-01,2026,1896,2026,1896,3922
31404,TACACHI,estado nutricional,clasificacion c,2004-10-01,23,3,23,3,26
20603,TACACOMA,estado nutricional,clasificacion c,2004-10-01,80,59,80,59,139
30602,TACOPAYA,estado nutricional,clasificacion c,2004-10-01,150,227,150,227,377
51402,TAHUA,estado nutricional,clasificacion c,2004-10-01,25,16,25,16,41
31101,TAPACARI,estado nutricional,clasificacion c,2004-10-01,314,193,314,193,507
10601,TARABUCO,estado nutricional,clasificacion c,2004-10-01,421,590,421,590,1011
30401,TARATA,estado nutricional,clasificacion c,2004-10-01,95,44,95,44,139
60101,TARIJA,estado nutricional,clasificacion c,2004-10-01,984,837,984,837,1821
10202,TARVITA,estado nutricional,clasificacion c,2004-10-01,112,141,112,141,253
20803,TIAWANACU,estado nutricional,clasificacion c,2004-10-01,188,132,188,132,320
50102,TINGUIPAYA,estado nutricional,clasificacion c,2004-10-01,158,258,158,258,416
20606,TIPUANI,estado nutricional,clasificacion c,2004-10-01,151,79,151,79,230
30903,TIQUIPAYA,estado nutricional,clasificacion c,2004-10-01,578,170,578,170,748
31601,TIRAQUE (CBBA),estado nutricional,clasificacion c,2004-10-01,478,274,478,274,752
21703,TITO YUPANQUI (PARQUIPUJIO),estado nutricional,clasificacion c,2004-10-01,17,22,17,22,39
30802,TOCO,estado nutricional,clasificacion c,2004-10-01,13,33,13,33,46
41502,TODOS SANTOS,estado nutricional,clasificacion c,2004-10-01,1,5,1,5,6
30803,TOLATA,estado nutricional,clasificacion c,2004-10-01,20,11,20,11,31
41001,TOLEDO,estado nutricional,clasificacion c,2004-10-01,67,28,67,28,95
51202,TOMAVE,estado nutricional,clasificacion c,2004-10-01,126,116,126,116,242
10402,TOMINA,estado nutricional,clasificacion c,2004-10-01,182,241,182,241,423
50502,TORO TORO,estado nutricional,clasificacion c,2004-10-01,159,170,159,170,329
31201,TOTORA(CBBA),estado nutricional,clasificacion c,2004-10-01,181,119,181,119,300
41301,TOTORA(ORR),estado nutricional,clasificacion c,2004-10-01,26,23,26,23,49
70802,TRIGAL,estado nutricional,clasificacion c,2004-10-01,25,19,25,19,44
80101,TRINIDAD,estado nutricional,clasificacion c,2004-10-01,793,484,793,484,1277
50801,TUPIZA,estado nutricional,clasificacion c,2004-10-01,508,398,508,398,906
21302,UMALA,estado nutricional,clasificacion c,2004-10-01,75,94,75,94,169
50201,UNCIA,estado nutricional,clasificacion c,2004-10-01,136,80,136,80,216
60401,URIONDO (A. CONCEPCION),estado nutricional,clasificacion c,2004-10-01,114,249,114,249,363
71502,URUBICHA,estado nutricional,clasificacion c,2004-10-01,134,313,134,313,447
51201,UYUNI,estado nutricional,clasificacion c,2004-10-01,300,263,300,263,563
30502,VACAS,estado nutricional,clasificacion c,2004-10-01,125,78,125,78,203
70801,VALLEGRANDE,estado nutricional,clasificacion c,2004-10-01,102,95,102,95,197
20801,VIACHA,estado nutricional,clasificacion c,2004-10-01,533,277,533,277,810
31302,VILA VILA,estado nutricional,clasificacion c,2004-10-01,28,21,28,21,49
60303,VILLA MONTES,estado nutricional,clasificacion c,2004-10-01,256,201,256,201,457
90502,VILLA NUEVA (LOMA ALTA),estado nutricional,clasificacion c,2004-10-01,35,45,35,45,80
31402,VILLA RIVERO,estado nutricional,clasificacion c,2004-10-01,60,30,60,30,90
10801,VILLA SERRANO,estado nutricional,clasificacion c,2004-10-01,303,370,303,370,673
31003,VILLA TUNARI,estado nutricional,clasificacion c,2004-10-01,603,409,603,409,1012
11001,VILLA VACA GUZMAN (MUYUPAMPA),estado nutricional,clasificacion c,2004-10-01,215,278,215,278,493
51501,VILLAZON,estado nutricional,clasificacion c,2004-10-01,521,356,521,356,877
30904,VINTO,estado nutricional,clasificacion c,2004-10-01,315,93,315,93,408
50602,VITICHI,estado nutricional,clasificacion c,2004-10-01,74,61,74,61,135
20306,WALDO BALLIVIAN,estado nutricional,clasificacion c,2004-10-01,12,7,12,7,19
70201,WARNES,estado nutricional,clasificacion c,2004-10-01,423,189,423,189,612
20903,YACO,estado nutricional,clasificacion c,2004-10-01,37,40,37,40,77
60301,YACUIBA,estado nutricional,clasificacion c,2004-10-01,602,353,602,353,955
10602,YAMPARAEZ,estado nutricional,clasificacion c,2004-10-01,221,371,221,371,592
21103,YANACACHI,estado nutricional,clasificacion c,2004-10-01,65,57,65,57,122
70403,YAPACANI,estado nutricional,clasificacion c,2004-10-01,541,353,541,353,894
50103,YOCALLA,estado nutricional,clasificacion c,2004-10-01,55,78,55,78,133
10102,YOTALA,estado nutricional,clasificacion c,2004-10-01,191,311,191,311,502
60402,YUNCHARA,estado nutricional,clasificacion c,2004-10-01,65,72,65,72,137
10301,ZUDAÃ‘EZ,estado nutricional,clasificacion c,2004-10-01,140,166,140,166,306
51302,ACACIO,estado nutricional,clasificacion c,2004-11-01,111,149,111,149,260
20201,ACHACACHI,estado nutricional,clasificacion c,2004-11-01,592,667,592,667,1259
20104,ACHOCALLA,estado nutricional,clasificacion c,2004-11-01,118,49,118,49,167
30201,AIQUILE,estado nutricional,clasificacion c,2004-11-01,142,78,142,78,220
31303,ALALAY,estado nutricional,clasificacion c,2004-11-01,19,17,19,17,36
10404,ALCALA,estado nutricional,clasificacion c,2004-11-01,51,123,51,123,174
20202,ANCORAIMES,estado nutricional,clasificacion c,2004-11-01,187,142,187,142,329
41201,ANDAMARCA,estado nutricional,clasificacion c,2004-11-01,16,14,16,14,30
40603,ANTEQUERA,estado nutricional,clasificacion c,2004-11-01,22,29,22,29,51
30402,ANZALDO,estado nutricional,clasificacion c,2004-11-01,13,66,13,66,79
20701,APOLO,estado nutricional,clasificacion c,2004-11-01,158,132,158,132,290
51301,ARAMPAMPA,estado nutricional,clasificacion c,2004-11-01,80,116,80,116,196
30501,ARANI,estado nutricional,clasificacion c,2004-11-01,55,22,55,22,77
30403,ARBIETO,estado nutricional,clasificacion c,2004-11-01,62,39,62,39,101
30601,ARQUE,estado nutricional,clasificacion c,2004-11-01,64,45,64,45,109
71501,ASCENCION DE GUARAYOS,estado nutricional,clasificacion c,2004-11-01,9,8,9,8,17
50802,ATOCHA,estado nutricional,clasificacion c,2004-11-01,245,167,245,167,412
20503,AUCAPATA,estado nutricional,clasificacion c,2004-11-01,33,29,33,29,62
20502,AYATA,estado nutricional,clasificacion c,2004-11-01,106,100,106,100,206
21303,AYO AYO,estado nutricional,clasificacion c,2004-11-01,114,51,114,51,165
30301,AYOPAYA (V. DE INDEPENDENCIA),estado nutricional,clasificacion c,2004-11-01,214,164,214,164,378
10201,AZURDUY,estado nutricional,clasificacion c,2004-11-01,414,408,414,408,822
21203,BATALLAS,estado nutricional,clasificacion c,2004-11-01,160,89,160,89,249
80802,BAURES,estado nutricional,clasificacion c,2004-11-01,50,42,50,42,92
41202,BELEN DE ANDAMARCA,estado nutricional,clasificacion c,2004-11-01,8,11,8,11,19
50104,BELEN DE URMIRI,estado nutricional,clasificacion c,2004-11-01,21,30,21,30,51
90104,BELLA FLOR,estado nutricional,clasificacion c,2004-11-01,23,44,23,44,67
60202,BERMEJO,estado nutricional,clasificacion c,2004-11-01,47,13,47,13,60
50301,BETANZOS,estado nutricional,clasificacion c,2004-11-01,385,364,385,364,749
31501,BOLIVAR,estado nutricional,clasificacion c,2004-11-01,103,89,103,89,192
90103,BOLPEBRA,estado nutricional,clasificacion c,2004-11-01,26,43,26,43,69
70707,BOYUIBE,estado nutricional,clasificacion c,2004-11-01,38,44,38,44,82
70401,BUENA VISTA,estado nutricional,clasificacion c,2004-11-01,205,201,205,201,406
70703,CABEZAS,estado nutricional,clasificacion c,2004-11-01,131,89,131,89,220
20905,CAIROMA,estado nutricional,clasificacion c,2004-11-01,119,118,119,118,237
51102,"CAIZA ""D""",estado nutricional,clasificacion c,2004-11-01,134,161,134,161,295
21003,CAJUATA,estado nutricional,clasificacion c,2004-11-01,67,57,67,57,124
20303,CALACOTO,estado nutricional,clasificacion c,2004-11-01,50,21,50,21,71
21304,CALAMARCA,estado nutricional,clasificacion c,2004-11-01,95,24,95,24,119
10701,CAMARGO,estado nutricional,clasificacion c,2004-11-01,211,127,211,127,338
10901,CAMATAQUI (C. VILLA ABECIA),estado nutricional,clasificacion c,2004-11-01,70,73,70,73,143
70706,CAMIRI,estado nutricional,clasificacion c,2004-11-01,443,358,443,358,801
30701,CAPINOTA,estado nutricional,clasificacion c,2004-11-01,80,60,80,60,140
20302,CAQUIAVIRI,estado nutricional,clasificacion c,2004-11-01,137,96,137,96,233
40102,CARACOLLO,estado nutricional,clasificacion c,2004-11-01,80,88,80,88,168
22001,CARANAVI,estado nutricional,clasificacion c,2004-11-01,789,494,789,494,1283
41503,CARANGAS,estado nutricional,clasificacion c,2004-11-01,5,0,5,0,5
60302,CARAPARI,estado nutricional,clasificacion c,2004-11-01,118,108,118,108,226
50702,CARIPUYO,estado nutricional,clasificacion c,2004-11-01,176,180,176,180,356
21902,CATACORA,estado nutricional,clasificacion c,2004-11-01,4,14,4,14,18
21803,CHACARILLA,estado nutricional,clasificacion c,2004-11-01,14,15,14,15,29
40201,CHALLAPATA,estado nutricional,clasificacion c,2004-11-01,108,91,108,91,199
50302,CHAQUI,estado nutricional,clasificacion c,2004-11-01,126,159,126,159,285
70702,CHARAGUA,estado nutricional,clasificacion c,2004-11-01,293,278,293,278,571
20305,CHARAÃ‘A,estado nutricional,clasificacion c,2004-11-01,28,13,28,13,41
50202,CHAYANTA,estado nutricional,clasificacion c,2004-11-01,146,122,146,122,268
31204,CHIMORE,estado nutricional,clasificacion c,2004-11-01,94,58,94,58,152
40903,CHIPAYA,estado nutricional,clasificacion c,2004-11-01,13,16,13,16,29
40302,CHOQUE COTA,estado nutricional,clasificacion c,2004-11-01,13,13,13,13,26
21101,CHULUMANI (V. DE LA LIBERTAD),estado nutricional,clasificacion c,2004-11-01,102,99,102,99,201
20501,CHUMA,estado nutricional,clasificacion c,2004-11-01,105,35,105,35,140
30801,CLIZA,estado nutricional,clasificacion c,2004-11-01,112,55,112,55,167
90101,COBIJA,estado nutricional,clasificacion c,2004-11-01,424,267,424,267,691
30101,COCHABAMBA,estado nutricional,clasificacion c,2004-11-01,2209,921,2209,921,3130
40902,COIPASA,estado nutricional,clasificacion c,2004-11-01,8,15,8,15,23
30905,COLCAPIRHUA,estado nutricional,clasificacion c,2004-11-01,231,71,231,71,302
50901,"COLCHA ""K""",estado nutricional,clasificacion c,2004-11-01,197,174,197,174,371
21307,COLLANA,estado nutricional,clasificacion c,2004-11-01,17,24,17,24,41
31002,COLOMI,estado nutricional,clasificacion c,2004-11-01,266,129,266,129,395
50401,COLQUECHACA,estado nutricional,clasificacion c,2004-11-01,279,181,279,181,460
21306,COLQUENCHA,estado nutricional,clasificacion c,2004-11-01,90,42,90,42,132
21004,COLQUIRI,estado nutricional,clasificacion c,2004-11-01,308,163,308,163,471
20304,COMANCHE,estado nutricional,clasificacion c,2004-11-01,40,16,40,16,56
71301,COMARAPA,estado nutricional,clasificacion c,2004-11-01,167,134,167,134,301
20605,COMBAYA,estado nutricional,clasificacion c,2004-11-01,26,47,26,47,73
71101,CONCEPCION,estado nutricional,clasificacion c,2004-11-01,166,3,166,3,169
21701,COPACABANA,estado nutricional,clasificacion c,2004-11-01,109,22,109,22,131
21402,CORIPATA,estado nutricional,clasificacion c,2004-11-01,91,40,91,40,131
20301,CORO CORO,estado nutricional,clasificacion c,2004-11-01,104,59,104,59,163
21401,COROICO,estado nutricional,clasificacion c,2004-11-01,154,73,154,73,227
40301,CORQUE,estado nutricional,clasificacion c,2004-11-01,72,43,72,43,115
50601,COTAGAITA,estado nutricional,clasificacion c,2004-11-01,360,286,360,286,646
70102,COTOCA,estado nutricional,clasificacion c,2004-11-01,298,133,298,133,431
31405,CUCHUMUELA (V. G. VILLARROEL),estado nutricional,clasificacion c,2004-11-01,30,24,30,24,54
70704,CUEVO,estado nutricional,clasificacion c,2004-11-01,54,21,54,21,75
10902,CULPINA,estado nutricional,clasificacion c,2004-11-01,439,342,439,342,781
40401,CURAHUARA DE CARANGAS,estado nutricional,clasificacion c,2004-11-01,30,27,30,27,57
21602,CURVA,estado nutricional,clasificacion c,2004-11-01,18,4,18,4,22
20804,DESAGUADERO,estado nutricional,clasificacion c,2004-11-01,41,54,41,54,95
20105,EL ALTO,estado nutricional,clasificacion c,2004-11-01,6541,3020,6541,3020,9561
40103,EL CHORO,estado nutricional,clasificacion c,2004-11-01,29,8,29,8,37
71503,EL PUENTE(STC),estado nutricional,clasificacion c,2004-11-01,107,62,107,62,169
60502,EL PUENTE(TJA),estado nutricional,clasificacion c,2004-11-01,75,112,75,112,187
70105,EL TORNO,estado nutricional,clasificacion c,2004-11-01,517,260,517,260,777
10405,EL VILLAR,estado nutricional,clasificacion c,2004-11-01,131,173,131,173,304
60601,ENTRE RIOS,estado nutricional,clasificacion c,2004-11-01,234,175,234,175,409
40502,ESCARA,estado nutricional,clasificacion c,2004-11-01,3,4,3,4,7
41101,EUCALIPTUS,estado nutricional,clasificacion c,2004-11-01,51,32,51,32,83
90503,EUREKA (SANTOS MERCADO),estado nutricional,clasificacion c,2004-11-01,5,4,5,4,9
80402,EXALTACION,estado nutricional,clasificacion c,2004-11-01,27,33,27,33,60
90203,FILADELFIA,estado nutricional,clasificacion c,2004-11-01,36,26,36,26,62
71002,GENERAL SAAVEDRA,estado nutricional,clasificacion c,2004-11-01,289,357,289,357,646
21601,GRAL. J.J. PEREZ (CHARAZANI),estado nutricional,clasificacion c,2004-11-01,79,56,79,56,135
20602,GUANAY,estado nutricional,clasificacion c,2004-11-01,531,344,531,344,875
20802,GUAQUI,estado nutricional,clasificacion c,2004-11-01,54,31,54,31,85
80202,GUAYARAMERIN,estado nutricional,clasificacion c,2004-11-01,410,291,410,291,701
70705,GUTIERREZ,estado nutricional,clasificacion c,2004-11-01,207,299,207,299,506
10502,HUACARETA,estado nutricional,clasificacion c,2004-11-01,225,319,225,319,544
11002,HUACAYA (VILLA DE HUACAYA),estado nutricional,clasificacion c,2004-11-01,47,68,47,68,115
40501,HUACHACALLA,estado nutricional,clasificacion c,2004-11-01,11,5,11,5,16
40701,HUANUNI,estado nutricional,clasificacion c,2004-11-01,215,143,215,143,358
80803,HUARACAJE,estado nutricional,clasificacion c,2004-11-01,44,47,44,47,91
41601,HUAYLLAMARCA,estado nutricional,clasificacion c,2004-11-01,28,33,28,33,61
21005,ICHOCA,estado nutricional,clasificacion c,2004-11-01,52,62,52,62,114
10304,ICLA,estado nutricional,clasificacion c,2004-11-01,195,248,195,248,443
10703,INCAHUASI,estado nutricional,clasificacion c,2004-11-01,383,258,383,258,641
90402,INGAVI (HUMAITA),estado nutricional,clasificacion c,2004-11-01,44,63,44,63,107
21001,INQUISIVI,estado nutricional,clasificacion c,2004-11-01,103,67,103,67,170
21102,IRUPANA (VILLA DE LANZA),estado nutricional,clasificacion c,2004-11-01,187,193,187,193,380
21501,IXIAMAS,estado nutricional,clasificacion c,2004-11-01,108,114,108,114,222
21105,LA ASUNTA,estado nutricional,clasificacion c,2004-11-01,217,54,217,54,271
70104,LA GUARDIA,estado nutricional,clasificacion c,2004-11-01,535,278,535,278,813
20101,LA PAZ,estado nutricional,clasificacion c,2004-11-01,4932,2773,4932,2773,7705
70701,LAGUNILLAS,estado nutricional,clasificacion c,2004-11-01,62,78,62,78,140
21202,LAJA,estado nutricional,clasificacion c,2004-11-01,109,54,109,54,163
10903,LAS CARRERAS,estado nutricional,clasificacion c,2004-11-01,60,84,60,84,144
21006,LICOMA PAMPA,estado nutricional,clasificacion c,2004-11-01,1,4,1,4,5
50203,LLALLAGUA,estado nutricional,clasificacion c,2004-11-01,306,395,306,395,701
51401,LLICA,estado nutricional,clasificacion c,2004-11-01,63,70,63,70,133
80601,LORETO,estado nutricional,clasificacion c,2004-11-01,25,27,25,27,52
20901,LURIBAY,estado nutricional,clasificacion c,2004-11-01,141,174,141,174,315
40702,MACHACAMARCA,estado nutricional,clasificacion c,2004-11-01,32,19,32,19,51
11003,MACHARETI,estado nutricional,clasificacion c,2004-11-01,180,333,180,333,513
80801,MAGDALENA,estado nutricional,clasificacion c,2004-11-01,110,66,110,66,176
70903,MAIRANA,estado nutricional,clasificacion c,2004-11-01,105,66,105,66,171
20904,MALLA,estado nutricional,clasificacion c,2004-11-01,6,5,6,5,11
20103,MECAPACA,estado nutricional,clasificacion c,2004-11-01,151,103,151,103,254
71003,MINEROS,estado nutricional,clasificacion c,2004-11-01,651,463,651,463,1114
31301,MIZQUE,estado nutricional,clasificacion c,2004-11-01,189,80,189,80,269
20402,MOCOMOCO,estado nutricional,clasificacion c,2004-11-01,173,150,173,150,323
10303,MOJOCOYA,estado nutricional,clasificacion c,2004-11-01,158,277,158,277,435
10501,MONTEAGUDO,estado nutricional,clasificacion c,2004-11-01,378,493,378,493,871
71001,MONTERO,estado nutricional,clasificacion c,2004-11-01,1609,823,1609,823,2432
70803,MORO MORO,estado nutricional,clasificacion c,2004-11-01,34,40,34,40,74
30302,MOROCHATA,estado nutricional,clasificacion c,2004-11-01,255,214,255,214,469
90401,NACEBE (SANTA ROSA DEL ABUNA),estado nutricional,clasificacion c,2004-11-01,30,48,30,48,78
20307,NAZACARA DE PACAJES,estado nutricional,clasificacion c,2004-11-01,10,5,10,5,15
90501,NUEVO MANOA (NUEVA ESPERANZA),estado nutricional,clasificacion c,2004-11-01,16,12,16,12,28
50404,OCURI,estado nutricional,clasificacion c,2004-11-01,183,138,183,138,321
70202,OKINAWA,estado nutricional,clasificacion c,2004-11-01,145,103,145,103,248
30203,OMEREQUE,estado nutricional,clasificacion c,2004-11-01,86,10,86,10,96
40101,ORURO,estado nutricional,clasificacion c,2004-11-01,2073,1143,2073,1143,3216
60201,PADCAYA,estado nutricional,clasificacion c,2004-11-01,186,233,186,233,419
10401,PADILLA,estado nutricional,clasificacion c,2004-11-01,255,375,255,375,630
70502,PAILON,estado nutricional,clasificacion c,2004-11-01,154,124,154,124,278
20102,PALCA,estado nutricional,clasificacion c,2004-11-01,123,99,123,99,222
21104,PALOS BLANCOS,estado nutricional,clasificacion c,2004-11-01,307,231,307,231,538
40802,PAMPA AULLAGAS,estado nutricional,clasificacion c,2004-11-01,29,39,29,39,68
70902,PAMPA GRANDE,estado nutricional,clasificacion c,2004-11-01,67,44,67,44,111
21802,PAPEL PAMPA,estado nutricional,clasificacion c,2004-11-01,58,38,58,38,96
30202,PASORAPA,estado nutricional,clasificacion c,2004-11-01,44,36,44,36,80
21305,PATACAMAYA,estado nutricional,clasificacion c,2004-11-01,281,127,281,127,408
40602,PAZÃ‘A,estado nutricional,clasificacion c,2004-11-01,36,50,36,50,86
20702,PELECHUCO,estado nutricional,clasificacion c,2004-11-01,32,15,32,15,47
50403,POCOATA,estado nutricional,clasificacion c,2004-11-01,279,275,279,275,554
31203,POCONA,estado nutricional,clasificacion c,2004-11-01,84,63,84,63,147
31202,POJO (CBBA),estado nutricional,clasificacion c,2004-11-01,372,250,372,250,622
40601,POOPO,estado nutricional,clasificacion c,2004-11-01,20,15,20,15,35
51203,PORCO,estado nutricional,clasificacion c,2004-11-01,88,29,88,29,117
10103,POROMA,estado nutricional,clasificacion c,2004-11-01,279,323,279,323,602
70103,PORONGO,estado nutricional,clasificacion c,2004-11-01,49,20,49,20,69
70601,PORTACHUELO,estado nutricional,clasificacion c,2004-11-01,283,168,283,168,451
90102,PORVENIR,estado nutricional,clasificacion c,2004-11-01,66,57,66,57,123
70804,POSTRER VALLE,estado nutricional,clasificacion c,2004-11-01,3,8,3,8,11
50101,POTOSI,estado nutricional,clasificacion c,2004-11-01,1595,591,1595,591,2186
10302,PRESTO,estado nutricional,clasificacion c,2004-11-01,158,219,158,219,377
70805,PUCARA,estado nutricional,clasificacion c,2004-11-01,7,4,7,4,11
21201,PUCARANI,estado nutricional,clasificacion c,2004-11-01,202,38,202,38,240
20401,PUERTO ACOSTA,estado nutricional,clasificacion c,2004-11-01,201,188,201,188,389
20403,PUERTO CARABUCO,estado nutricional,clasificacion c,2004-11-01,209,174,209,174,383
90301,PUERTO GONZALO MORENO,estado nutricional,clasificacion c,2004-11-01,72,46,72,46,118
21204,PUERTO PEREZ,estado nutricional,clasificacion c,2004-11-01,80,41,80,41,121
90201,PUERTO RICO,estado nutricional,clasificacion c,2004-11-01,43,81,43,81,124
80703,PUERTO SILES,estado nutricional,clasificacion c,2004-11-01,8,6,8,6,14
31205,PUERTO VILLARROEL,estado nutricional,clasificacion c,2004-11-01,546,427,546,427,973
51101,PUNA,estado nutricional,clasificacion c,2004-11-01,429,309,429,309,738
31401,PUNATA,estado nutricional,clasificacion c,2004-11-01,472,117,472,117,589
20604,QUIABAYA,estado nutricional,clasificacion c,2004-11-01,26,11,26,11,37
30901,QUILLACOLLO,estado nutricional,clasificacion c,2004-11-01,481,169,481,169,650
21002,QUIME,estado nutricional,clasificacion c,2004-11-01,132,90,132,90,222
70904,QUIRUSILLAS,estado nutricional,clasificacion c,2004-11-01,17,22,17,22,39
50402,RAVELO,estado nutricional,clasificacion c,2004-11-01,318,312,318,312,630
80301,REYES,estado nutricional,clasificacion c,2004-11-01,195,121,195,121,316
80201,RIBERALTA,estado nutricional,clasificacion c,2004-11-01,801,608,801,608,1409
70503,ROBORE,estado nutricional,clasificacion c,2004-11-01,151,139,151,139,290
80304,RURRENABAQUE,estado nutricional,clasificacion c,2004-11-01,172,90,172,90,262
40901,SABAYA,estado nutricional,clasificacion c,2004-11-01,14,5,14,5,19
31001,SACABA,estado nutricional,clasificacion c,2004-11-01,402,243,402,243,645
30404,SACABAMBA,estado nutricional,clasificacion c,2004-11-01,20,47,20,47,67
50701,SACACA,estado nutricional,clasificacion c,2004-11-01,224,247,224,247,471
71302,SAIPINA,estado nutricional,clasificacion c,2004-11-01,17,25,17,25,42
40801,SALINAS DE GARCI MENDOZA,estado nutricional,clasificacion c,2004-11-01,97,100,97,100,197
70901,SAMAIPATA,estado nutricional,clasificacion c,2004-11-01,120,98,120,98,218
51601,SAN AGUSTIN,estado nutricional,clasificacion c,2004-11-01,42,57,42,57,99
80602,SAN ANDRES,estado nutricional,clasificacion c,2004-11-01,69,62,69,62,131
51003,SAN ANTONIO DE ESMORUCO,estado nutricional,clasificacion c,2004-11-01,13,22,13,22,35
71105,SAN ANTONIO DE LOMERIO,estado nutricional,clasificacion c,2004-11-01,93,114,93,114,207
31403,SAN BENITO,estado nutricional,clasificacion c,2004-11-01,131,54,131,54,185
80302,SAN BORJA,estado nutricional,clasificacion c,2004-11-01,533,247,533,247,780
21502,SAN BUENA VENTURA,estado nutricional,clasificacion c,2004-11-01,72,36,72,36,108
70402,SAN CARLOS,estado nutricional,clasificacion c,2004-11-01,322,161,322,161,483
80501,SAN IGNACIO,estado nutricional,clasificacion c,2004-11-01,242,152,242,152,394
70301,SAN IGNACIO DE VELASCO,estado nutricional,clasificacion c,2004-11-01,685,524,685,524,1209
80102,SAN JAVIER(BNI),estado nutricional,clasificacion c,2004-11-01,28,39,28,39,67
71102,SAN JAVIER(STC),estado nutricional,clasificacion c,2004-11-01,68,68,68,68,136
80701,SAN JOAQUIN,estado nutricional,clasificacion c,2004-11-01,41,39,41,39,80
70501,SAN JOSE DE CHIQUITOS,estado nutricional,clasificacion c,2004-11-01,167,26,167,26,193
71104,SAN JULIAN,estado nutricional,clasificacion c,2004-11-01,407,410,407,410,817
90302,SAN LORENZO(PND),estado nutricional,clasificacion c,2004-11-01,36,46,36,46,82
60501,SAN LORENZO(TJA),estado nutricional,clasificacion c,2004-11-01,236,172,236,172,408
10702,SAN LUCAS,estado nutricional,clasificacion c,2004-11-01,555,575,555,575,1130
70302,SAN MIGUEL DE VELASCO,estado nutricional,clasificacion c,2004-11-01,115,116,115,116,231
51001,SAN PABLO DE LIPEZ,estado nutricional,clasificacion c,2004-11-01,12,15,12,15,27
50501,SAN PEDRO DE BUENA VISTA,estado nutricional,clasificacion c,2004-11-01,318,404,318,404,722
21801,SAN PEDRO DE CURAHUARA,estado nutricional,clasificacion c,2004-11-01,63,82,63,82,145
50902,SAN PEDRO DE QUEMES,estado nutricional,clasificacion c,2004-11-01,14,9,14,9,23
21702,SAN PEDRO DE TIQUINA,estado nutricional,clasificacion c,2004-11-01,54,40,54,40,94
90202,SAN PEDRO(PND),estado nutricional,clasificacion c,2004-11-01,10,10,10,10,20
70303,SAN RAFAEL,estado nutricional,clasificacion c,2004-11-01,71,47,71,47,118
80702,SAN RAMON,estado nutricional,clasificacion c,2004-11-01,90,59,90,59,149
80702,SAN RAMON,estado nutricional,clasificacion c,2004-11-01,67,41,67,41,108
80401,SANTA ANA,estado nutricional,clasificacion c,2004-11-01,196,119,196,119,315
70101,SANTA CRUZ DE LA SIERRA,estado nutricional,clasificacion c,2004-11-01,7119,3025,7119,3025,10144
80303,SANTA ROSA,estado nutricional,clasificacion c,2004-11-01,56,30,56,30,86
70602,SANTA ROSA DEL SARA,estado nutricional,clasificacion c,2004-11-01,137,91,137,91,228
20308,SANTIAGO DE CALLAPA,estado nutricional,clasificacion c,2004-11-01,53,49,53,49,102
41401,SANTIAGO DE HUARI,estado nutricional,clasificacion c,2004-11-01,61,62,61,62,123
21901,SANTIAGO DE MACHACA,estado nutricional,clasificacion c,2004-11-01,38,18,38,18,56
30702,SANTIVAÃ‘ES,estado nutricional,clasificacion c,2004-11-01,106,84,106,84,190
40202,SANTUARIO DE QUILLACAS,estado nutricional,clasificacion c,2004-11-01,25,28,25,28,53
20902,SAPAHAQUI,estado nutricional,clasificacion c,2004-11-01,70,68,70,68,138
90303,SENA,estado nutricional,clasificacion c,2004-11-01,69,80,69,80,149
21301,SICA SICA (VILLA AROMA),estado nutricional,clasificacion c,2004-11-01,276,183,276,183,459
30703,SICAYA,estado nutricional,clasificacion c,2004-11-01,13,10,13,10,23
30902,SIPE SIPE,estado nutricional,clasificacion c,2004-11-01,377,232,377,232,609
10403,SOPACHUY,estado nutricional,clasificacion c,2004-11-01,204,250,204,250,454
20601,SORATA,estado nutricional,clasificacion c,2004-11-01,183,274,183,274,457
10101,SUCRE,estado nutricional,clasificacion c,2004-11-01,2049,1497,2049,1497,3546
31404,TACACHI,estado nutricional,clasificacion c,2004-11-01,14,0,14,0,14
20603,TACACOMA,estado nutricional,clasificacion c,2004-11-01,78,59,78,59,137
50303,TACOBAMBA,estado nutricional,clasificacion c,2004-11-01,160,132,160,132,292
30602,TACOPAYA,estado nutricional,clasificacion c,2004-11-01,136,158,136,158,294
51402,TAHUA,estado nutricional,clasificacion c,2004-11-01,22,14,22,14,36
31101,TAPACARI,estado nutricional,clasificacion c,2004-11-01,384,373,384,373,757
10601,TARABUCO,estado nutricional,clasificacion c,2004-11-01,428,570,428,570,998
30401,TARATA,estado nutricional,clasificacion c,2004-11-01,96,18,96,18,114
60101,TARIJA,estado nutricional,clasificacion c,2004-11-01,1600,985,1600,985,2585
10202,TARVITA,estado nutricional,clasificacion c,2004-11-01,378,428,378,428,806
20803,TIAWANACU,estado nutricional,clasificacion c,2004-11-01,184,133,184,133,317
50102,TINGUIPAYA,estado nutricional,clasificacion c,2004-11-01,235,314,235,314,549
20606,TIPUANI,estado nutricional,clasificacion c,2004-11-01,90,49,90,49,139
30903,TIQUIPAYA,estado nutricional,clasificacion c,2004-11-01,502,204,502,204,706
31601,TIRAQUE (CBBA),estado nutricional,clasificacion c,2004-11-01,492,252,492,252,744
21703,TITO YUPANQUI (PARQUIPUJIO),estado nutricional,clasificacion c,2004-11-01,16,19,16,19,35
30802,TOCO,estado nutricional,clasificacion c,2004-11-01,28,26,28,26,54
41502,TODOS SANTOS,estado nutricional,clasificacion c,2004-11-01,11,15,11,15,26
30803,TOLATA,estado nutricional,clasificacion c,2004-11-01,6,6,6,6,12
41001,TOLEDO,estado nutricional,clasificacion c,2004-11-01,47,73,47,73,120
51202,TOMAVE,estado nutricional,clasificacion c,2004-11-01,118,98,118,98,216
10402,TOMINA,estado nutricional,clasificacion c,2004-11-01,169,237,169,237,406
50502,TORO TORO,estado nutricional,clasificacion c,2004-11-01,179,213,179,213,392
31201,TOTORA(CBBA),estado nutricional,clasificacion c,2004-11-01,132,80,132,80,212
41301,TOTORA(ORR),estado nutricional,clasificacion c,2004-11-01,53,63,53,63,116
70802,TRIGAL,estado nutricional,clasificacion c,2004-11-01,25,29,25,29,54
80101,TRINIDAD,estado nutricional,clasificacion c,2004-11-01,768,541,768,541,1309
50801,TUPIZA,estado nutricional,clasificacion c,2004-11-01,412,365,412,365,777
21302,UMALA,estado nutricional,clasificacion c,2004-11-01,41,13,41,13,54
50201,UNCIA,estado nutricional,clasificacion c,2004-11-01,91,47,91,47,138
60401,URIONDO (A. CONCEPCION),estado nutricional,clasificacion c,2004-11-01,213,208,213,208,421
71502,URUBICHA,estado nutricional,clasificacion c,2004-11-01,4,31,4,31,35
51201,UYUNI,estado nutricional,clasificacion c,2004-11-01,376,331,376,331,707
30502,VACAS,estado nutricional,clasificacion c,2004-11-01,85,23,85,23,108
70801,VALLEGRANDE,estado nutricional,clasificacion c,2004-11-01,148,139,148,139,287
20801,VIACHA,estado nutricional,clasificacion c,2004-11-01,546,392,546,392,938
31302,VILA VILA,estado nutricional,clasificacion c,2004-11-01,41,30,41,30,71
60303,VILLA MONTES,estado nutricional,clasificacion c,2004-11-01,202,137,202,137,339
90502,VILLA NUEVA (LOMA ALTA),estado nutricional,clasificacion c,2004-11-01,13,1,13,1,14
31402,VILLA RIVERO,estado nutricional,clasificacion c,2004-11-01,60,38,60,38,98
10801,VILLA SERRANO,estado nutricional,clasificacion c,2004-11-01,309,333,309,333,642
31003,VILLA TUNARI,estado nutricional,clasificacion c,2004-11-01,620,387,620,387,1007
11001,VILLA VACA GUZMAN (MUYUPAMPA),estado nutricional,clasificacion c,2004-11-01,215,310,215,310,525
51501,VILLAZON,estado nutricional,clasificacion c,2004-11-01,501,433,501,433,934
30904,VINTO,estado nutricional,clasificacion c,2004-11-01,383,86,383,86,469
50602,VITICHI,estado nutricional,clasificacion c,2004-11-01,197,228,197,228,425
20306,WALDO BALLIVIAN,estado nutricional,clasificacion c,2004-11-01,23,22,23,22,45
70201,WARNES,estado nutricional,clasificacion c,2004-11-01,362,239,362,239,601
20903,YACO,estado nutricional,clasificacion c,2004-11-01,23,19,23,19,42
60301,YACUIBA,estado nutricional,clasificacion c,2004-11-01,395,163,395,163,558
10602,YAMPARAEZ,estado nutricional,clasificacion c,2004-11-01,235,368,235,368,603
21103,YANACACHI,estado nutricional,clasificacion c,2004-11-01,60,44,60,44,104
70403,YAPACANI,estado nutricional,clasificacion c,2004-11-01,510,298,510,298,808
50103,YOCALLA,estado nutricional,clasificacion c,2004-11-01,68,112,68,112,180
10102,YOTALA,estado nutricional,clasificacion c,2004-11-01,172,277,172,277,449
60402,YUNCHARA,estado nutricional,clasificacion c,2004-11-01,79,76,79,76,155
10301,ZUDAÃ‘EZ,estado nutricional,clasificacion c,2004-11-01,145,178,145,178,323
51302,ACACIO,estado nutricional,clasificacion c,2004-12-01,87,92,87,92,179
20201,ACHACACHI,estado nutricional,clasificacion c,2004-12-01,378,257,378,257,635
20104,ACHOCALLA,estado nutricional,clasificacion c,2004-12-01,97,60,97,60,157
30201,AIQUILE,estado nutricional,clasificacion c,2004-12-01,71,41,71,41,112
31303,ALALAY,estado nutricional,clasificacion c,2004-12-01,3,1,3,1,4
10404,ALCALA,estado nutricional,clasificacion c,2004-12-01,46,111,46,111,157
20202,ANCORAIMES,estado nutricional,clasificacion c,2004-12-01,87,122,87,122,209
41201,ANDAMARCA,estado nutricional,clasificacion c,2004-12-01,46,53,46,53,99
40603,ANTEQUERA,estado nutricional,clasificacion c,2004-12-01,19,16,19,16,35
30402,ANZALDO,estado nutricional,clasificacion c,2004-12-01,8,28,8,28,36
20701,APOLO,estado nutricional,clasificacion c,2004-12-01,61,63,61,63,124
51301,ARAMPAMPA,estado nutricional,clasificacion c,2004-12-01,102,87,102,87,189
30501,ARANI,estado nutricional,clasificacion c,2004-12-01,86,52,86,52,138
30403,ARBIETO,estado nutricional,clasificacion c,2004-12-01,64,31,64,31,95
30601,ARQUE,estado nutricional,clasificacion c,2004-12-01,89,38,89,38,127
50802,ATOCHA,estado nutricional,clasificacion c,2004-12-01,221,173,221,173,394
20503,AUCAPATA,estado nutricional,clasificacion c,2004-12-01,19,21,19,21,40
20502,AYATA,estado nutricional,clasificacion c,2004-12-01,32,34,32,34,66
21303,AYO AYO,estado nutricional,clasificacion c,2004-12-01,64,37,64,37,101
30301,AYOPAYA (V. DE INDEPENDENCIA),estado nutricional,clasificacion c,2004-12-01,181,221,181,221,402
10201,AZURDUY,estado nutricional,clasificacion c,2004-12-01,144,153,144,153,297
21203,BATALLAS,estado nutricional,clasificacion c,2004-12-01,160,96,160,96,256
80802,BAURES,estado nutricional,clasificacion c,2004-12-01,80,51,80,51,131
41202,BELEN DE ANDAMARCA,estado nutricional,clasificacion c,2004-12-01,7,3,7,3,10
50104,BELEN DE URMIRI,estado nutricional,clasificacion c,2004-12-01,17,27,17,27,44
90104,BELLA FLOR,estado nutricional,clasificacion c,2004-12-01,15,31,15,31,46
60202,BERMEJO,estado nutricional,clasificacion c,2004-12-01,78,29,78,29,107
50301,BETANZOS,estado nutricional,clasificacion c,2004-12-01,273,283,273,283,556
31501,BOLIVAR,estado nutricional,clasificacion c,2004-12-01,72,45,72,45,117
90103,BOLPEBRA,estado nutricional,clasificacion c,2004-12-01,29,59,29,59,88
70707,BOYUIBE,estado nutricional,clasificacion c,2004-12-01,40,29,40,29,69
70401,BUENA VISTA,estado nutricional,clasificacion c,2004-12-01,266,275,266,275,541
70703,CABEZAS,estado nutricional,clasificacion c,2004-12-01,167,126,167,126,293
20905,CAIROMA,estado nutricional,clasificacion c,2004-12-01,86,71,86,71,157
51102,"CAIZA ""D""",estado nutricional,clasificacion c,2004-12-01,138,118,138,118,256
21003,CAJUATA,estado nutricional,clasificacion c,2004-12-01,52,50,52,50,102
20303,CALACOTO,estado nutricional,clasificacion c,2004-12-01,42,13,42,13,55
21304,CALAMARCA,estado nutricional,clasificacion c,2004-12-01,260,188,260,188,448
10701,CAMARGO,estado nutricional,clasificacion c,2004-12-01,197,162,197,162,359
10901,CAMATAQUI (C. VILLA ABECIA),estado nutricional,clasificacion c,2004-12-01,71,61,71,61,132
70706,CAMIRI,estado nutricional,clasificacion c,2004-12-01,490,464,490,464,954
30701,CAPINOTA,estado nutricional,clasificacion c,2004-12-01,144,77,144,77,221
20302,CAQUIAVIRI,estado nutricional,clasificacion c,2004-12-01,70,45,70,45,115
40102,CARACOLLO,estado nutricional,clasificacion c,2004-12-01,156,71,156,71,227
22001,CARANAVI,estado nutricional,clasificacion c,2004-12-01,615,367,615,367,982
41503,CARANGAS,estado nutricional,clasificacion c,2004-12-01,1,1,1,1,2
60302,CARAPARI,estado nutricional,clasificacion c,2004-12-01,146,123,146,123,269
50702,CARIPUYO,estado nutricional,clasificacion c,2004-12-01,70,81,70,81,151
21803,CHACARILLA,estado nutricional,clasificacion c,2004-12-01,2,13,2,13,15
40201,CHALLAPATA,estado nutricional,clasificacion c,2004-12-01,121,139,121,139,260
50302,CHAQUI,estado nutricional,clasificacion c,2004-12-01,88,134,88,134,222
70702,CHARAGUA,estado nutricional,clasificacion c,2004-12-01,1,0,1,0,1
20305,CHARAÃ‘A,estado nutricional,clasificacion c,2004-12-01,44,31,44,31,75
50202,CHAYANTA,estado nutricional,clasificacion c,2004-12-01,140,100,140,100,240
31204,CHIMORE,estado nutricional,clasificacion c,2004-12-01,62,39,62,39,101
40903,CHIPAYA,estado nutricional,clasificacion c,2004-12-01,13,7,13,7,20
21101,CHULUMANI (V. DE LA LIBERTAD),estado nutricional,clasificacion c,2004-12-01,110,69,110,69,179
20501,CHUMA,estado nutricional,clasificacion c,2004-12-01,102,55,102,55,157
30801,CLIZA,estado nutricional,clasificacion c,2004-12-01,106,58,106,58,164
90101,COBIJA,estado nutricional,clasificacion c,2004-12-01,388,252,388,252,640
30101,COCHABAMBA,estado nutricional,clasificacion c,2004-12-01,2188,817,2188,817,3005
40902,COIPASA,estado nutricional,clasificacion c,2004-12-01,8,15,8,15,23
30905,COLCAPIRHUA,estado nutricional,clasificacion c,2004-12-01,202,67,202,67,269
50901,"COLCHA ""K""",estado nutricional,clasificacion c,2004-12-01,127,124,127,124,251
21307,COLLANA,estado nutricional,clasificacion c,2004-12-01,25,5,25,5,30
31002,COLOMI,estado nutricional,clasificacion c,2004-12-01,341,142,341,142,483
50401,COLQUECHACA,estado nutricional,clasificacion c,2004-12-01,185,88,185,88,273
21306,COLQUENCHA,estado nutricional,clasificacion c,2004-12-01,76,57,76,57,133
21004,COLQUIRI,estado nutricional,clasificacion c,2004-12-01,155,142,155,142,297
20304,COMANCHE,estado nutricional,clasificacion c,2004-12-01,56,46,56,46,102
71301,COMARAPA,estado nutricional,clasificacion c,2004-12-01,206,138,206,138,344
20605,COMBAYA,estado nutricional,clasificacion c,2004-12-01,8,9,8,9,17
71101,CONCEPCION,estado nutricional,clasificacion c,2004-12-01,151,2,151,2,153
21701,COPACABANA,estado nutricional,clasificacion c,2004-12-01,87,29,87,29,116
21402,CORIPATA,estado nutricional,clasificacion c,2004-12-01,68,30,68,30,98
20301,CORO CORO,estado nutricional,clasificacion c,2004-12-01,92,89,92,89,181
21401,COROICO,estado nutricional,clasificacion c,2004-12-01,142,71,142,71,213
40301,CORQUE,estado nutricional,clasificacion c,2004-12-01,88,43,88,43,131
50601,COTAGAITA,estado nutricional,clasificacion c,2004-12-01,155,124,155,124,279
70102,COTOCA,estado nutricional,clasificacion c,2004-12-01,361,150,361,150,511
31405,CUCHUMUELA (V. G. VILLARROEL),estado nutricional,clasificacion c,2004-12-01,39,27,39,27,66
70704,CUEVO,estado nutricional,clasificacion c,2004-12-01,21,18,21,18,39
10902,CULPINA,estado nutricional,clasificacion c,2004-12-01,368,238,368,238,606
40401,CURAHUARA DE CARANGAS,estado nutricional,clasificacion c,2004-12-01,50,46,50,46,96
21602,CURVA,estado nutricional,clasificacion c,2004-12-01,9,9,9,9,18
20804,DESAGUADERO,estado nutricional,clasificacion c,2004-12-01,44,17,44,17,61
20105,EL ALTO,estado nutricional,clasificacion c,2004-12-01,6758,2871,6758,2871,9629
40103,EL CHORO,estado nutricional,clasificacion c,2004-12-01,40,28,40,28,68
60502,EL PUENTE(TJA),estado nutricional,clasificacion c,2004-12-01,114,195,114,195,309
70105,EL TORNO,estado nutricional,clasificacion c,2004-12-01,401,196,401,196,597
10405,EL VILLAR,estado nutricional,clasificacion c,2004-12-01,128,161,128,161,289
60601,ENTRE RIOS,estado nutricional,clasificacion c,2004-12-01,253,176,253,176,429
41101,EUCALIPTUS,estado nutricional,clasificacion c,2004-12-01,47,22,47,22,69
90503,EUREKA (SANTOS MERCADO),estado nutricional,clasificacion c,2004-12-01,22,26,22,26,48
80402,EXALTACION,estado nutricional,clasificacion c,2004-12-01,47,85,47,85,132
90203,FILADELFIA,estado nutricional,clasificacion c,2004-12-01,79,123,79,123,202
71002,GENERAL SAAVEDRA,estado nutricional,clasificacion c,2004-12-01,325,397,325,397,722
21601,GRAL. J.J. PEREZ (CHARAZANI),estado nutricional,clasificacion c,2004-12-01,62,69,62,69,131
20602,GUANAY,estado nutricional,clasificacion c,2004-12-01,502,354,502,354,856
20802,GUAQUI,estado nutricional,clasificacion c,2004-12-01,49,20,49,20,69
80202,GUAYARAMERIN,estado nutricional,clasificacion c,2004-12-01,501,340,501,340,841
70705,GUTIERREZ,estado nutricional,clasificacion c,2004-12-01,240,342,240,342,582
10502,HUACARETA,estado nutricional,clasificacion c,2004-12-01,219,260,219,260,479
11002,HUACAYA (VILLA DE HUACAYA),estado nutricional,clasificacion c,2004-12-01,25,47,25,47,72
40501,HUACHACALLA,estado nutricional,clasificacion c,2004-12-01,10,22,10,22,32
40701,HUANUNI,estado nutricional,clasificacion c,2004-12-01,242,117,242,117,359
80803,HUARACAJE,estado nutricional,clasificacion c,2004-12-01,56,52,56,52,108
41601,HUAYLLAMARCA,estado nutricional,clasificacion c,2004-12-01,25,13,25,13,38
21005,ICHOCA,estado nutricional,clasificacion c,2004-12-01,64,57,64,57,121
10304,ICLA,estado nutricional,clasificacion c,2004-12-01,213,286,213,286,499
10703,INCAHUASI,estado nutricional,clasificacion c,2004-12-01,373,195,373,195,568
90402,INGAVI (HUMAITA),estado nutricional,clasificacion c,2004-12-01,5,12,5,12,17
21001,INQUISIVI,estado nutricional,clasificacion c,2004-12-01,157,122,157,122,279
21102,IRUPANA (VILLA DE LANZA),estado nutricional,clasificacion c,2004-12-01,162,180,162,180,342
21501,IXIAMAS,estado nutricional,clasificacion c,2004-12-01,96,55,96,55,151
21105,LA ASUNTA,estado nutricional,clasificacion c,2004-12-01,220,60,220,60,280
70104,LA GUARDIA,estado nutricional,clasificacion c,2004-12-01,707,325,707,325,1032
20101,LA PAZ,estado nutricional,clasificacion c,2004-12-01,5083,2619,5083,2619,7702
41501,LA RIVERA,estado nutricional,clasificacion c,2004-12-01,3,2,3,2,5
70701,LAGUNILLAS,estado nutricional,clasificacion c,2004-12-01,67,79,67,79,146
21202,LAJA,estado nutricional,clasificacion c,2004-12-01,197,85,197,85,282
10903,LAS CARRERAS,estado nutricional,clasificacion c,2004-12-01,73,89,73,89,162
21006,LICOMA PAMPA,estado nutricional,clasificacion c,2004-12-01,29,38,29,38,67
50203,LLALLAGUA,estado nutricional,clasificacion c,2004-12-01,269,222,269,222,491
51401,LLICA,estado nutricional,clasificacion c,2004-12-01,63,90,63,90,153
80601,LORETO,estado nutricional,clasificacion c,2004-12-01,38,48,38,48,86
20901,LURIBAY,estado nutricional,clasificacion c,2004-12-01,137,162,137,162,299
40702,MACHACAMARCA,estado nutricional,clasificacion c,2004-12-01,52,33,52,33,85
11003,MACHARETI,estado nutricional,clasificacion c,2004-12-01,202,302,202,302,504
80801,MAGDALENA,estado nutricional,clasificacion c,2004-12-01,127,71,127,71,198
70903,MAIRANA,estado nutricional,clasificacion c,2004-12-01,131,54,131,54,185
20904,MALLA,estado nutricional,clasificacion c,2004-12-01,42,65,42,65,107
20103,MECAPACA,estado nutricional,clasificacion c,2004-12-01,111,56,111,56,167
71003,MINEROS,estado nutricional,clasificacion c,2004-12-01,611,452,611,452,1063
31301,MIZQUE,estado nutricional,clasificacion c,2004-12-01,42,11,42,11,53
20402,MOCOMOCO,estado nutricional,clasificacion c,2004-12-01,119,84,119,84,203
51002,MOJINETE,estado nutricional,clasificacion c,2004-12-01,45,42,45,42,87
10303,MOJOCOYA,estado nutricional,clasificacion c,2004-12-01,118,221,118,221,339
10501,MONTEAGUDO,estado nutricional,clasificacion c,2004-12-01,435,521,435,521,956
71001,MONTERO,estado nutricional,clasificacion c,2004-12-01,2008,1146,2008,1146,3154
70803,MORO MORO,estado nutricional,clasificacion c,2004-12-01,33,46,33,46,79
30302,MOROCHATA,estado nutricional,clasificacion c,2004-12-01,225,160,225,160,385
90401,NACEBE (SANTA ROSA DEL ABUNA),estado nutricional,clasificacion c,2004-12-01,8,4,8,4,12
20307,NAZACARA DE PACAJES,estado nutricional,clasificacion c,2004-12-01,7,4,7,4,11
90501,NUEVO MANOA (NUEVA ESPERANZA),estado nutricional,clasificacion c,2004-12-01,13,14,13,14,27
50404,OCURI,estado nutricional,clasificacion c,2004-12-01,122,94,122,94,216
70202,OKINAWA,estado nutricional,clasificacion c,2004-12-01,193,186,193,186,379
30203,OMEREQUE,estado nutricional,clasificacion c,2004-12-01,34,5,34,5,39
40101,ORURO,estado nutricional,clasificacion c,2004-12-01,2265,1170,2265,1170,3435
60201,PADCAYA,estado nutricional,clasificacion c,2004-12-01,214,264,214,264,478
10401,PADILLA,estado nutricional,clasificacion c,2004-12-01,266,330,266,330,596
70502,PAILON,estado nutricional,clasificacion c,2004-12-01,165,134,165,134,299
20102,PALCA,estado nutricional,clasificacion c,2004-12-01,88,152,88,152,240
21104,PALOS BLANCOS,estado nutricional,clasificacion c,2004-12-01,392,291,392,291,683
40802,PAMPA AULLAGAS,estado nutricional,clasificacion c,2004-12-01,24,5,24,5,29
70902,PAMPA GRANDE,estado nutricional,clasificacion c,2004-12-01,78,37,78,37,115
21802,PAPEL PAMPA,estado nutricional,clasificacion c,2004-12-01,61,44,61,44,105
30202,PASORAPA,estado nutricional,clasificacion c,2004-12-01,38,30,38,30,68
21305,PATACAMAYA,estado nutricional,clasificacion c,2004-12-01,136,106,136,106,242
40602,PAZÃ‘A,estado nutricional,clasificacion c,2004-12-01,54,74,54,74,128
20702,PELECHUCO,estado nutricional,clasificacion c,2004-12-01,38,21,38,21,59
50403,POCOATA,estado nutricional,clasificacion c,2004-12-01,229,361,229,361,590
31203,POCONA,estado nutricional,clasificacion c,2004-12-01,45,48,45,48,93
31202,POJO (CBBA),estado nutricional,clasificacion c,2004-12-01,377,239,377,239,616
40601,POOPO,estado nutricional,clasificacion c,2004-12-01,12,5,12,5,17
51203,PORCO,estado nutricional,clasificacion c,2004-12-01,83,47,83,47,130
10103,POROMA,estado nutricional,clasificacion c,2004-12-01,198,214,198,214,412
70103,PORONGO,estado nutricional,clasificacion c,2004-12-01,65,27,65,27,92
70601,PORTACHUELO,estado nutricional,clasificacion c,2004-12-01,325,194,325,194,519
90102,PORVENIR,estado nutricional,clasificacion c,2004-12-01,51,66,51,66,117
70804,POSTRER VALLE,estado nutricional,clasificacion c,2004-12-01,11,14,11,14,25
50101,POTOSI,estado nutricional,clasificacion c,2004-12-01,1532,562,1532,562,2094
10302,PRESTO,estado nutricional,clasificacion c,2004-12-01,167,205,167,205,372
70805,PUCARA,estado nutricional,clasificacion c,2004-12-01,10,25,10,25,35
21201,PUCARANI,estado nutricional,clasificacion c,2004-12-01,157,35,157,35,192
20401,PUERTO ACOSTA,estado nutricional,clasificacion c,2004-12-01,187,161,187,161,348
20403,PUERTO CARABUCO,estado nutricional,clasificacion c,2004-12-01,118,110,118,110,228
90301,PUERTO GONZALO MORENO,estado nutricional,clasificacion c,2004-12-01,30,24,30,24,54
21204,PUERTO PEREZ,estado nutricional,clasificacion c,2004-12-01,41,46,41,46,87
90201,PUERTO RICO,estado nutricional,clasificacion c,2004-12-01,53,39,53,39,92
80703,PUERTO SILES,estado nutricional,clasificacion c,2004-12-01,6,7,6,7,13
31205,PUERTO VILLARROEL,estado nutricional,clasificacion c,2004-12-01,704,454,704,454,1158
51101,PUNA,estado nutricional,clasificacion c,2004-12-01,223,131,223,131,354
31401,PUNATA,estado nutricional,clasificacion c,2004-12-01,513,177,513,177,690
30901,QUILLACOLLO,estado nutricional,clasificacion c,2004-12-01,642,203,642,203,845
21002,QUIME,estado nutricional,clasificacion c,2004-12-01,94,89,94,89,183
70904,QUIRUSILLAS,estado nutricional,clasificacion c,2004-12-01,26,41,26,41,67
50402,RAVELO,estado nutricional,clasificacion c,2004-12-01,335,308,335,308,643
80301,REYES,estado nutricional,clasificacion c,2004-12-01,91,68,91,68,159
80201,RIBERALTA,estado nutricional,clasificacion c,2004-12-01,1194,757,1194,757,1951
70503,ROBORE,estado nutricional,clasificacion c,2004-12-01,184,106,184,106,290
80304,RURRENABAQUE,estado nutricional,clasificacion c,2004-12-01,175,72,175,72,247
40901,SABAYA,estado nutricional,clasificacion c,2004-12-01,49,27,49,27,76
31001,SACABA,estado nutricional,clasificacion c,2004-12-01,438,74,438,74,512
30404,SACABAMBA,estado nutricional,clasificacion c,2004-12-01,18,35,18,35,53
50701,SACACA,estado nutricional,clasificacion c,2004-12-01,201,181,201,181,382
71302,SAIPINA,estado nutricional,clasificacion c,2004-12-01,35,49,35,49,84
40801,SALINAS DE GARCI MENDOZA,estado nutricional,clasificacion c,2004-12-01,90,84,90,84,174
70901,SAMAIPATA,estado nutricional,clasificacion c,2004-12-01,177,139,177,139,316
51601,SAN AGUSTIN,estado nutricional,clasificacion c,2004-12-01,27,30,27,30,57
80602,SAN ANDRES,estado nutricional,clasificacion c,2004-12-01,107,147,107,147,254
51003,SAN ANTONIO DE ESMORUCO,estado nutricional,clasificacion c,2004-12-01,13,18,13,18,31
71105,SAN ANTONIO DE LOMERIO,estado nutricional,clasificacion c,2004-12-01,160,209,160,209,369
31403,SAN BENITO,estado nutricional,clasificacion c,2004-12-01,78,22,78,22,100
80302,SAN BORJA,estado nutricional,clasificacion c,2004-12-01,504,250,504,250,754
21502,SAN BUENA VENTURA,estado nutricional,clasificacion c,2004-12-01,146,95,146,95,241
70402,SAN CARLOS,estado nutricional,clasificacion c,2004-12-01,394,254,394,254,648
80501,SAN IGNACIO,estado nutricional,clasificacion c,2004-12-01,131,113,131,113,244
70301,SAN IGNACIO DE VELASCO,estado nutricional,clasificacion c,2004-12-01,638,872,638,872,1510
80102,SAN JAVIER(BNI),estado nutricional,clasificacion c,2004-12-01,60,78,60,78,138
71102,SAN JAVIER(STC),estado nutricional,clasificacion c,2004-12-01,89,29,89,29,118
80701,SAN JOAQUIN,estado nutricional,clasificacion c,2004-12-01,27,17,27,17,44
70501,SAN JOSE DE CHIQUITOS,estado nutricional,clasificacion c,2004-12-01,94,47,94,47,141
71104,SAN JULIAN,estado nutricional,clasificacion c,2004-12-01,359,363,359,363,722
90302,SAN LORENZO(PND),estado nutricional,clasificacion c,2004-12-01,43,37,43,37,80
60501,SAN LORENZO(TJA),estado nutricional,clasificacion c,2004-12-01,298,226,298,226,524
10702,SAN LUCAS,estado nutricional,clasificacion c,2004-12-01,625,653,625,653,1278
70302,SAN MIGUEL DE VELASCO,estado nutricional,clasificacion c,2004-12-01,150,173,150,173,323
51001,SAN PABLO DE LIPEZ,estado nutricional,clasificacion c,2004-12-01,33,47,33,47,80
50501,SAN PEDRO DE BUENA VISTA,estado nutricional,clasificacion c,2004-12-01,117,110,117,110,227
21801,SAN PEDRO DE CURAHUARA,estado nutricional,clasificacion c,2004-12-01,56,58,56,58,114
50902,SAN PEDRO DE QUEMES,estado nutricional,clasificacion c,2004-12-01,21,19,21,19,40
21702,SAN PEDRO DE TIQUINA,estado nutricional,clasificacion c,2004-12-01,33,69,33,69,102
90202,SAN PEDRO(PND),estado nutricional,clasificacion c,2004-12-01,14,54,14,54,68
70303,SAN RAFAEL,estado nutricional,clasificacion c,2004-12-01,66,55,66,55,121
80702,SAN RAMON,estado nutricional,clasificacion c,2004-12-01,63,53,63,53,116
80702,SAN RAMON,estado nutricional,clasificacion c,2004-12-01,107,61,107,61,168
80401,SANTA ANA,estado nutricional,clasificacion c,2004-12-01,98,51,98,51,149
70101,SANTA CRUZ DE LA SIERRA,estado nutricional,clasificacion c,2004-12-01,9147,3743,9147,3743,12890
80303,SANTA ROSA,estado nutricional,clasificacion c,2004-12-01,37,17,37,17,54
70602,SANTA ROSA DEL SARA,estado nutricional,clasificacion c,2004-12-01,102,68,102,68,170
20308,SANTIAGO DE CALLAPA,estado nutricional,clasificacion c,2004-12-01,78,37,78,37,115
41401,SANTIAGO DE HUARI,estado nutricional,clasificacion c,2004-12-01,63,63,63,63,126
21901,SANTIAGO DE MACHACA,estado nutricional,clasificacion c,2004-12-01,33,26,33,26,59
30702,SANTIVAÃ‘ES,estado nutricional,clasificacion c,2004-12-01,101,53,101,53,154
40202,SANTUARIO DE QUILLACAS,estado nutricional,clasificacion c,2004-12-01,24,9,24,9,33
20902,SAPAHAQUI,estado nutricional,clasificacion c,2004-12-01,81,42,81,42,123
90303,SENA,estado nutricional,clasificacion c,2004-12-01,34,27,34,27,61
21301,SICA SICA (VILLA AROMA),estado nutricional,clasificacion c,2004-12-01,183,93,183,93,276
30703,SICAYA,estado nutricional,clasificacion c,2004-12-01,17,4,17,4,21
30902,SIPE SIPE,estado nutricional,clasificacion c,2004-12-01,315,161,315,161,476
10403,SOPACHUY,estado nutricional,clasificacion c,2004-12-01,107,89,107,89,196
20601,SORATA,estado nutricional,clasificacion c,2004-12-01,172,180,172,180,352
10101,SUCRE,estado nutricional,clasificacion c,2004-12-01,1629,1402,1629,1402,3031
31404,TACACHI,estado nutricional,clasificacion c,2004-12-01,9,10,9,10,19
20603,TACACOMA,estado nutricional,clasificacion c,2004-12-01,39,38,39,38,77
50303,TACOBAMBA,estado nutricional,clasificacion c,2004-12-01,152,237,152,237,389
30602,TACOPAYA,estado nutricional,clasificacion c,2004-12-01,86,99,86,99,185
51402,TAHUA,estado nutricional,clasificacion c,2004-12-01,11,23,11,23,34
31101,TAPACARI,estado nutricional,clasificacion c,2004-12-01,254,156,254,156,410
10601,TARABUCO,estado nutricional,clasificacion c,2004-12-01,420,604,420,604,1024
30401,TARATA,estado nutricional,clasificacion c,2004-12-01,79,36,79,36,115
60101,TARIJA,estado nutricional,clasificacion c,2004-12-01,1778,948,1778,948,2726
10202,TARVITA,estado nutricional,clasificacion c,2004-12-01,110,149,110,149,259
20803,TIAWANACU,estado nutricional,clasificacion c,2004-12-01,176,118,176,118,294
50102,TINGUIPAYA,estado nutricional,clasificacion c,2004-12-01,223,450,223,450,673
20606,TIPUANI,estado nutricional,clasificacion c,2004-12-01,152,42,152,42,194
30903,TIQUIPAYA,estado nutricional,clasificacion c,2004-12-01,493,198,493,198,691
31601,TIRAQUE (CBBA),estado nutricional,clasificacion c,2004-12-01,520,258,520,258,778
21703,TITO YUPANQUI (PARQUIPUJIO),estado nutricional,clasificacion c,2004-12-01,17,23,17,23,40
30802,TOCO,estado nutricional,clasificacion c,2004-12-01,6,4,6,4,10
30803,TOLATA,estado nutricional,clasificacion c,2004-12-01,22,5,22,5,27
41001,TOLEDO,estado nutricional,clasificacion c,2004-12-01,85,31,85,31,116
51202,TOMAVE,estado nutricional,clasificacion c,2004-12-01,114,95,114,95,209
10402,TOMINA,estado nutricional,clasificacion c,2004-12-01,182,238,182,238,420
50502,TORO TORO,estado nutricional,clasificacion c,2004-12-01,172,185,172,185,357
31201,TOTORA(CBBA),estado nutricional,clasificacion c,2004-12-01,88,40,88,40,128
41301,TOTORA(ORR),estado nutricional,clasificacion c,2004-12-01,72,46,72,46,118
70802,TRIGAL,estado nutricional,clasificacion c,2004-12-01,26,26,26,26,52
80101,TRINIDAD,estado nutricional,clasificacion c,2004-12-01,1024,744,1024,744,1768
50801,TUPIZA,estado nutricional,clasificacion c,2004-12-01,661,558,661,558,1219
21302,UMALA,estado nutricional,clasificacion c,2004-12-01,39,55,39,55,94
50201,UNCIA,estado nutricional,clasificacion c,2004-12-01,123,109,123,109,232
60401,URIONDO (A. CONCEPCION),estado nutricional,clasificacion c,2004-12-01,256,276,256,276,532
51201,UYUNI,estado nutricional,clasificacion c,2004-12-01,286,215,286,215,501
30502,VACAS,estado nutricional,clasificacion c,2004-12-01,188,133,188,133,321
70801,VALLEGRANDE,estado nutricional,clasificacion c,2004-12-01,235,162,235,162,397
20801,VIACHA,estado nutricional,clasificacion c,2004-12-01,550,283,550,283,833
31302,VILA VILA,estado nutricional,clasificacion c,2004-12-01,19,23,19,23,42
60303,VILLA MONTES,estado nutricional,clasificacion c,2004-12-01,296,201,296,201,497
90502,VILLA NUEVA (LOMA ALTA),estado nutricional,clasificacion c,2004-12-01,16,6,16,6,22
31402,VILLA RIVERO,estado nutricional,clasificacion c,2004-12-01,57,18,57,18,75
10801,VILLA SERRANO,estado nutricional,clasificacion c,2004-12-01,302,364,302,364,666
31003,VILLA TUNARI,estado nutricional,clasificacion c,2004-12-01,728,509,728,509,1237
11001,VILLA VACA GUZMAN (MUYUPAMPA),estado nutricional,clasificacion c,2004-12-01,217,324,217,324,541
51501,VILLAZON,estado nutricional,clasificacion c,2004-12-01,528,392,528,392,920
30904,VINTO,estado nutricional,clasificacion c,2004-12-01,146,9,146,9,155
50602,VITICHI,estado nutricional,clasificacion c,2004-12-01,109,116,109,116,225
20306,WALDO BALLIVIAN,estado nutricional,clasificacion c,2004-12-01,15,5,15,5,20
70201,WARNES,estado nutricional,clasificacion c,2004-12-01,365,223,365,223,588
20903,YACO,estado nutricional,clasificacion c,2004-12-01,43,33,43,33,76
60301,YACUIBA,estado nutricional,clasificacion c,2004-12-01,667,274,667,274,941
10602,YAMPARAEZ,estado nutricional,clasificacion c,2004-12-01,237,363,237,363,600
21103,YANACACHI,estado nutricional,clasificacion c,2004-12-01,56,50,56,50,106
70403,YAPACANI,estado nutricional,clasificacion c,2004-12-01,738,470,738,470,1208
50103,YOCALLA,estado nutricional,clasificacion c,2004-12-01,29,51,29,51,80
10102,YOTALA,estado nutricional,clasificacion c,2004-12-01,119,206,119,206,325
60402,YUNCHARA,estado nutricional,clasificacion c,2004-12-01,65,87,65,87,152
10301,ZUDAÃ‘EZ,estado nutricional,clasificacion c,2004-12-01,143,185,143,185,328
