codigo_municipio,municipio,grupo,variable,mes,Total-H,Total-M,TOTAL-H1,TOTAL-M1,TOTAL
51302,ACACIO,estado nutricional,clasificacion e,2004-01-01,17,27,17,27,44
20201,ACHACACHI,estado nutricional,clasificacion e,2004-01-01,19,20,19,20,39
20104,ACHOCALLA,estado nutricional,clasificacion e,2004-01-01,3,2,3,2,5
30201,AIQUILE,estado nutricional,clasificacion e,2004-01-01,18,17,18,17,35
31303,ALALAY,estado nutricional,clasificacion e,2004-01-01,3,0,3,0,3
10404,ALCALA,estado nutricional,clasificacion e,2004-01-01,7,16,7,16,23
20202,ANCORAIMES,estado nutricional,clasificacion e,2004-01-01,15,8,15,8,23
41201,ANDAMARCA,estado nutricional,clasificacion e,2004-01-01,1,1,1,1,2
40603,ANTEQUERA,estado nutricional,clasificacion e,2004-01-01,1,6,1,6,7
30402,ANZALDO,estado nutricional,clasificacion e,2004-01-01,0,2,0,2,2
20701,APOLO,estado nutricional,clasificacion e,2004-01-01,9,5,9,5,14
51301,ARAMPAMPA,estado nutricional,clasificacion e,2004-01-01,6,12,6,12,18
30501,ARANI,estado nutricional,clasificacion e,2004-01-01,15,5,15,5,20
30403,ARBIETO,estado nutricional,clasificacion e,2004-01-01,2,2,2,2,4
30601,ARQUE,estado nutricional,clasificacion e,2004-01-01,10,3,10,3,13
50802,ATOCHA,estado nutricional,clasificacion e,2004-01-01,8,28,8,28,36
20503,AUCAPATA,estado nutricional,clasificacion e,2004-01-01,2,1,2,1,3
20502,AYATA,estado nutricional,clasificacion e,2004-01-01,8,1,8,1,9
21303,AYO AYO,estado nutricional,clasificacion e,2004-01-01,3,0,3,0,3
30301,AYOPAYA (V. DE INDEPENDENCIA),estado nutricional,clasificacion e,2004-01-01,19,25,19,25,44
10201,AZURDUY,estado nutricional,clasificacion e,2004-01-01,49,59,49,59,108
21203,BATALLAS,estado nutricional,clasificacion e,2004-01-01,2,3,2,3,5
41202,BELEN DE ANDAMARCA,estado nutricional,clasificacion e,2004-01-01,0,1,0,1,1
90104,BELLA FLOR,estado nutricional,clasificacion e,2004-01-01,0,2,0,2,2
60202,BERMEJO,estado nutricional,clasificacion e,2004-01-01,0,3,0,3,3
50301,BETANZOS,estado nutricional,clasificacion e,2004-01-01,69,41,69,41,110
31501,BOLIVAR,estado nutricional,clasificacion e,2004-01-01,34,26,34,26,60
70703,CABEZAS,estado nutricional,clasificacion e,2004-01-01,23,15,23,15,38
20905,CAIROMA,estado nutricional,clasificacion e,2004-01-01,9,7,9,7,16
51102,"CAIZA ""D""",estado nutricional,clasificacion e,2004-01-01,16,8,16,8,24
21003,CAJUATA,estado nutricional,clasificacion e,2004-01-01,17,10,17,10,27
20303,CALACOTO,estado nutricional,clasificacion e,2004-01-01,2,1,2,1,3
21304,CALAMARCA,estado nutricional,clasificacion e,2004-01-01,31,17,31,17,48
10701,CAMARGO,estado nutricional,clasificacion e,2004-01-01,22,19,22,19,41
10901,CAMATAQUI (C. VILLA ABECIA),estado nutricional,clasificacion e,2004-01-01,2,5,2,5,7
70706,CAMIRI,estado nutricional,clasificacion e,2004-01-01,61,28,61,28,89
30701,CAPINOTA,estado nutricional,clasificacion e,2004-01-01,7,9,7,9,16
20302,CAQUIAVIRI,estado nutricional,clasificacion e,2004-01-01,1,2,1,2,3
40102,CARACOLLO,estado nutricional,clasificacion e,2004-01-01,7,7,7,7,14
22001,CARANAVI,estado nutricional,clasificacion e,2004-01-01,44,26,44,26,70
60302,CARAPARI,estado nutricional,clasificacion e,2004-01-01,6,4,6,4,10
50702,CARIPUYO,estado nutricional,clasificacion e,2004-01-01,56,39,56,39,95
21902,CATACORA,estado nutricional,clasificacion e,2004-01-01,0,3,0,3,3
40201,CHALLAPATA,estado nutricional,clasificacion e,2004-01-01,15,37,15,37,52
50302,CHAQUI,estado nutricional,clasificacion e,2004-01-01,4,3,4,3,7
70702,CHARAGUA,estado nutricional,clasificacion e,2004-01-01,19,15,19,15,34
50202,CHAYANTA,estado nutricional,clasificacion e,2004-01-01,16,25,16,25,41
31204,CHIMORE,estado nutricional,clasificacion e,2004-01-01,7,4,7,4,11
40903,CHIPAYA,estado nutricional,clasificacion e,2004-01-01,1,0,1,0,1
21101,CHULUMANI (V. DE LA LIBERTAD),estado nutricional,clasificacion e,2004-01-01,1,0,1,0,1
20501,CHUMA,estado nutricional,clasificacion e,2004-01-01,10,8,10,8,18
30801,CLIZA,estado nutricional,clasificacion e,2004-01-01,1,0,1,0,1
90101,COBIJA,estado nutricional,clasificacion e,2004-01-01,26,21,26,21,47
30101,COCHABAMBA,estado nutricional,clasificacion e,2004-01-01,81,38,81,38,119
30905,COLCAPIRHUA,estado nutricional,clasificacion e,2004-01-01,13,4,13,4,17
50901,"COLCHA ""K""",estado nutricional,clasificacion e,2004-01-01,3,5,3,5,8
31002,COLOMI,estado nutricional,clasificacion e,2004-01-01,11,8,11,8,19
50401,COLQUECHACA,estado nutricional,clasificacion e,2004-01-01,84,46,84,46,130
21306,COLQUENCHA,estado nutricional,clasificacion e,2004-01-01,5,0,5,0,5
21004,COLQUIRI,estado nutricional,clasificacion e,2004-01-01,25,5,25,5,30
20304,COMANCHE,estado nutricional,clasificacion e,2004-01-01,0,3,0,3,3
71301,COMARAPA,estado nutricional,clasificacion e,2004-01-01,21,10,21,10,31
20605,COMBAYA,estado nutricional,clasificacion e,2004-01-01,0,3,0,3,3
71101,CONCEPCION,estado nutricional,clasificacion e,2004-01-01,2,1,2,1,3
21701,COPACABANA,estado nutricional,clasificacion e,2004-01-01,8,2,8,2,10
21402,CORIPATA,estado nutricional,clasificacion e,2004-01-01,3,0,3,0,3
20301,CORO CORO,estado nutricional,clasificacion e,2004-01-01,1,10,1,10,11
21401,COROICO,estado nutricional,clasificacion e,2004-01-01,8,1,8,1,9
40301,CORQUE,estado nutricional,clasificacion e,2004-01-01,6,1,6,1,7
50601,COTAGAITA,estado nutricional,clasificacion e,2004-01-01,52,58,52,58,110
70102,COTOCA,estado nutricional,clasificacion e,2004-01-01,14,11,14,11,25
31405,CUCHUMUELA (V. G. VILLARROEL),estado nutricional,clasificacion e,2004-01-01,1,0,1,0,1
70704,CUEVO,estado nutricional,clasificacion e,2004-01-01,0,2,0,2,2
10902,CULPINA,estado nutricional,clasificacion e,2004-01-01,32,49,32,49,81
40401,CURAHUARA DE CARANGAS,estado nutricional,clasificacion e,2004-01-01,2,2,2,2,4
21602,CURVA,estado nutricional,clasificacion e,2004-01-01,1,4,1,4,5
20804,DESAGUADERO,estado nutricional,clasificacion e,2004-01-01,3,4,3,4,7
20105,EL ALTO,estado nutricional,clasificacion e,2004-01-01,340,169,340,169,509
40103,EL CHORO,estado nutricional,clasificacion e,2004-01-01,2,3,2,3,5
71503,EL PUENTE(STC),estado nutricional,clasificacion e,2004-01-01,13,12,13,12,25
60502,EL PUENTE(TJA),estado nutricional,clasificacion e,2004-01-01,18,5,18,5,23
70105,EL TORNO,estado nutricional,clasificacion e,2004-01-01,12,11,12,11,23
10405,EL VILLAR,estado nutricional,clasificacion e,2004-01-01,20,26,20,26,46
60601,ENTRE RIOS,estado nutricional,clasificacion e,2004-01-01,4,3,4,3,7
41101,EUCALIPTUS,estado nutricional,clasificacion e,2004-01-01,5,4,5,4,9
80402,EXALTACION,estado nutricional,clasificacion e,2004-01-01,6,5,6,5,11
71002,GENERAL SAAVEDRA,estado nutricional,clasificacion e,2004-01-01,39,33,39,33,72
21601,GRAL. J.J. PEREZ (CHARAZANI),estado nutricional,clasificacion e,2004-01-01,4,3,4,3,7
20602,GUANAY,estado nutricional,clasificacion e,2004-01-01,33,16,33,16,49
20802,GUAQUI,estado nutricional,clasificacion e,2004-01-01,2,2,2,2,4
80202,GUAYARAMERIN,estado nutricional,clasificacion e,2004-01-01,36,31,36,31,67
70705,GUTIERREZ,estado nutricional,clasificacion e,2004-01-01,41,73,41,73,114
10502,HUACARETA,estado nutricional,clasificacion e,2004-01-01,15,14,15,14,29
11002,HUACAYA (VILLA DE HUACAYA),estado nutricional,clasificacion e,2004-01-01,4,3,4,3,7
40501,HUACHACALLA,estado nutricional,clasificacion e,2004-01-01,1,1,1,1,2
40701,HUANUNI,estado nutricional,clasificacion e,2004-01-01,9,8,9,8,17
41601,HUAYLLAMARCA,estado nutricional,clasificacion e,2004-01-01,1,0,1,0,1
21005,ICHOCA,estado nutricional,clasificacion e,2004-01-01,5,7,5,7,12
10304,ICLA,estado nutricional,clasificacion e,2004-01-01,46,58,46,58,104
10703,INCAHUASI,estado nutricional,clasificacion e,2004-01-01,57,48,57,48,105
21001,INQUISIVI,estado nutricional,clasificacion e,2004-01-01,19,20,19,20,39
21501,IXIAMAS,estado nutricional,clasificacion e,2004-01-01,7,6,7,6,13
21105,LA ASUNTA,estado nutricional,clasificacion e,2004-01-01,6,2,6,2,8
70104,LA GUARDIA,estado nutricional,clasificacion e,2004-01-01,8,13,8,13,21
20101,LA PAZ,estado nutricional,clasificacion e,2004-01-01,285,132,285,132,417
70701,LAGUNILLAS,estado nutricional,clasificacion e,2004-01-01,5,4,5,4,9
21202,LAJA,estado nutricional,clasificacion e,2004-01-01,1,1,1,1,2
10903,LAS CARRERAS,estado nutricional,clasificacion e,2004-01-01,0,6,0,6,6
50203,LLALLAGUA,estado nutricional,clasificacion e,2004-01-01,36,83,36,83,119
51401,LLICA,estado nutricional,clasificacion e,2004-01-01,1,2,1,2,3
80601,LORETO,estado nutricional,clasificacion e,2004-01-01,2,1,2,1,3
20901,LURIBAY,estado nutricional,clasificacion e,2004-01-01,6,4,6,4,10
40702,MACHACAMARCA,estado nutricional,clasificacion e,2004-01-01,2,1,2,1,3
11003,MACHARETI,estado nutricional,clasificacion e,2004-01-01,13,18,13,18,31
80801,MAGDALENA,estado nutricional,clasificacion e,2004-01-01,5,3,5,3,8
70903,MAIRANA,estado nutricional,clasificacion e,2004-01-01,5,3,5,3,8
20904,MALLA,estado nutricional,clasificacion e,2004-01-01,1,1,1,1,2
20103,MECAPACA,estado nutricional,clasificacion e,2004-01-01,0,3,0,3,3
71003,MINEROS,estado nutricional,clasificacion e,2004-01-01,21,10,21,10,31
31301,MIZQUE,estado nutricional,clasificacion e,2004-01-01,23,12,23,12,35
20402,MOCOMOCO,estado nutricional,clasificacion e,2004-01-01,6,7,6,7,13
51002,MOJINETE,estado nutricional,clasificacion e,2004-01-01,0,2,0,2,2
10303,MOJOCOYA,estado nutricional,clasificacion e,2004-01-01,8,16,8,16,24
10501,MONTEAGUDO,estado nutricional,clasificacion e,2004-01-01,37,29,37,29,66
71001,MONTERO,estado nutricional,clasificacion e,2004-01-01,82,49,82,49,131
70803,MORO MORO,estado nutricional,clasificacion e,2004-01-01,0,1,0,1,1
30302,MOROCHATA,estado nutricional,clasificacion e,2004-01-01,19,7,19,7,26
50404,OCURI,estado nutricional,clasificacion e,2004-01-01,36,15,36,15,51
70202,OKINAWA,estado nutricional,clasificacion e,2004-01-01,5,0,5,0,5
30203,OMEREQUE,estado nutricional,clasificacion e,2004-01-01,6,5,6,5,11
40101,ORURO,estado nutricional,clasificacion e,2004-01-01,108,76,108,76,184
60201,PADCAYA,estado nutricional,clasificacion e,2004-01-01,1,3,1,3,4
10401,PADILLA,estado nutricional,clasificacion e,2004-01-01,29,42,29,42,71
70502,PAILON,estado nutricional,clasificacion e,2004-01-01,11,8,11,8,19
20102,PALCA,estado nutricional,clasificacion e,2004-01-01,11,8,11,8,19
21104,PALOS BLANCOS,estado nutricional,clasificacion e,2004-01-01,13,18,13,18,31
40802,PAMPA AULLAGAS,estado nutricional,clasificacion e,2004-01-01,6,1,6,1,7
70902,PAMPA GRANDE,estado nutricional,clasificacion e,2004-01-01,1,0,1,0,1
30202,PASORAPA,estado nutricional,clasificacion e,2004-01-01,1,2,1,2,3
21305,PATACAMAYA,estado nutricional,clasificacion e,2004-01-01,31,25,31,25,56
40602,PAZÑA,estado nutricional,clasificacion e,2004-01-01,5,1,5,1,6
20702,PELECHUCO,estado nutricional,clasificacion e,2004-01-01,9,14,9,14,23
50403,POCOATA,estado nutricional,clasificacion e,2004-01-01,9,28,9,28,37
31203,POCONA,estado nutricional,clasificacion e,2004-01-01,5,7,5,7,12
31202,POJO (CBBA),estado nutricional,clasificacion e,2004-01-01,26,18,26,18,44
40601,POOPO,estado nutricional,clasificacion e,2004-01-01,5,1,5,1,6
51203,PORCO,estado nutricional,clasificacion e,2004-01-01,8,4,8,4,12
10103,POROMA,estado nutricional,clasificacion e,2004-01-01,27,22,27,22,49
70601,PORTACHUELO,estado nutricional,clasificacion e,2004-01-01,10,10,10,10,20
70804,POSTRER VALLE,estado nutricional,clasificacion e,2004-01-01,1,2,1,2,3
50101,POTOSI,estado nutricional,clasificacion e,2004-01-01,140,82,140,82,222
10302,PRESTO,estado nutricional,clasificacion e,2004-01-01,25,15,25,15,40
70805,PUCARA,estado nutricional,clasificacion e,2004-01-01,1,0,1,0,1
21201,PUCARANI,estado nutricional,clasificacion e,2004-01-01,4,2,4,2,6
20401,PUERTO ACOSTA,estado nutricional,clasificacion e,2004-01-01,13,9,13,9,22
20403,PUERTO CARABUCO,estado nutricional,clasificacion e,2004-01-01,10,6,10,6,16
90301,PUERTO GONZALO MORENO,estado nutricional,clasificacion e,2004-01-01,1,14,1,14,15
21204,PUERTO PEREZ,estado nutricional,clasificacion e,2004-01-01,5,0,5,0,5
71402,PUERTO QUIJARRO,estado nutricional,clasificacion e,2004-01-01,8,5,8,5,13
90201,PUERTO RICO,estado nutricional,clasificacion e,2004-01-01,1,0,1,0,1
80703,PUERTO SILES,estado nutricional,clasificacion e,2004-01-01,1,0,1,0,1
71401,PUERTO SUAREZ,estado nutricional,clasificacion e,2004-01-01,7,3,7,3,10
31205,PUERTO VILLARROEL,estado nutricional,clasificacion e,2004-01-01,61,50,61,50,111
51101,PUNA,estado nutricional,clasificacion e,2004-01-01,56,41,56,41,97
31401,PUNATA,estado nutricional,clasificacion e,2004-01-01,26,12,26,12,38
20604,QUIABAYA,estado nutricional,clasificacion e,2004-01-01,1,2,1,2,3
30901,QUILLACOLLO,estado nutricional,clasificacion e,2004-01-01,29,12,29,12,41
21002,QUIME,estado nutricional,clasificacion e,2004-01-01,14,13,14,13,27
50402,RAVELO,estado nutricional,clasificacion e,2004-01-01,36,26,36,26,62
80301,REYES,estado nutricional,clasificacion e,2004-01-01,7,13,7,13,20
80201,RIBERALTA,estado nutricional,clasificacion e,2004-01-01,91,67,91,67,158
70503,ROBORE,estado nutricional,clasificacion e,2004-01-01,20,8,20,8,28
80304,RURRENABAQUE,estado nutricional,clasificacion e,2004-01-01,2,0,2,0,2
40901,SABAYA,estado nutricional,clasificacion e,2004-01-01,2,0,2,0,2
31001,SACABA,estado nutricional,clasificacion e,2004-01-01,31,22,31,22,53
30404,SACABAMBA,estado nutricional,clasificacion e,2004-01-01,11,7,11,7,18
50701,SACACA,estado nutricional,clasificacion e,2004-01-01,43,30,43,30,73
71302,SAIPINA,estado nutricional,clasificacion e,2004-01-01,5,9,5,9,14
40801,SALINAS DE GARCI MENDOZA,estado nutricional,clasificacion e,2004-01-01,2,7,2,7,9
70901,SAMAIPATA,estado nutricional,clasificacion e,2004-01-01,3,1,3,1,4
51601,SAN AGUSTIN,estado nutricional,clasificacion e,2004-01-01,0,1,0,1,1
80602,SAN ANDRES,estado nutricional,clasificacion e,2004-01-01,4,7,4,7,11
71105,SAN ANTONIO DE LOMERIO,estado nutricional,clasificacion e,2004-01-01,23,47,23,47,70
31403,SAN BENITO,estado nutricional,clasificacion e,2004-01-01,2,2,2,2,4
80302,SAN BORJA,estado nutricional,clasificacion e,2004-01-01,45,27,45,27,72
21502,SAN BUENA VENTURA,estado nutricional,clasificacion e,2004-01-01,5,7,5,7,12
70402,SAN CARLOS,estado nutricional,clasificacion e,2004-01-01,12,12,12,12,24
80501,SAN IGNACIO,estado nutricional,clasificacion e,2004-01-01,20,18,20,18,38
70301,SAN IGNACIO DE VELASCO,estado nutricional,clasificacion e,2004-01-01,90,58,90,58,148
80102,SAN JAVIER(BNI),estado nutricional,clasificacion e,2004-01-01,2,1,2,1,3
71102,SAN JAVIER(STC),estado nutricional,clasificacion e,2004-01-01,3,2,3,2,5
80701,SAN JOAQUIN,estado nutricional,clasificacion e,2004-01-01,5,12,5,12,17
70501,SAN JOSE DE CHIQUITOS,estado nutricional,clasificacion e,2004-01-01,13,7,13,7,20
71104,SAN JULIAN,estado nutricional,clasificacion e,2004-01-01,43,38,43,38,81
90302,SAN LORENZO(PND),estado nutricional,clasificacion e,2004-01-01,1,0,1,0,1
60501,SAN LORENZO(TJA),estado nutricional,clasificacion e,2004-01-01,10,14,10,14,24
10702,SAN LUCAS,estado nutricional,clasificacion e,2004-01-01,123,113,123,113,236
71201,SAN MATIAS,estado nutricional,clasificacion e,2004-01-01,1,8,1,8,9
70302,SAN MIGUEL DE VELASCO,estado nutricional,clasificacion e,2004-01-01,6,19,6,19,25
51001,SAN PABLO DE LIPEZ,estado nutricional,clasificacion e,2004-01-01,3,2,3,2,5
50501,SAN PEDRO DE BUENA VISTA,estado nutricional,clasificacion e,2004-01-01,22,37,22,37,59
21801,SAN PEDRO DE CURAHUARA,estado nutricional,clasificacion e,2004-01-01,3,0,3,0,3
21702,SAN PEDRO DE TIQUINA,estado nutricional,clasificacion e,2004-01-01,1,1,1,1,2
70303,SAN RAFAEL,estado nutricional,clasificacion e,2004-01-01,18,20,18,20,38
80401,SANTA ANA,estado nutricional,clasificacion e,2004-01-01,16,8,16,8,24
70101,SANTA CRUZ DE LA SIERRA,estado nutricional,clasificacion e,2004-01-01,250,113,250,113,363
80303,SANTA ROSA,estado nutricional,clasificacion e,2004-01-01,2,0,2,0,2
70602,SANTA ROSA DEL SARA,estado nutricional,clasificacion e,2004-01-01,3,1,3,1,4
20308,SANTIAGO DE CALLAPA,estado nutricional,clasificacion e,2004-01-01,4,1,4,1,5
41401,SANTIAGO DE HUARI,estado nutricional,clasificacion e,2004-01-01,1,4,1,4,5
21901,SANTIAGO DE MACHACA,estado nutricional,clasificacion e,2004-01-01,0,1,0,1,1
30702,SANTIVAÑES,estado nutricional,clasificacion e,2004-01-01,8,2,8,2,10
20902,SAPAHAQUI,estado nutricional,clasificacion e,2004-01-01,1,1,1,1,2
90303,SENA,estado nutricional,clasificacion e,2004-01-01,3,5,3,5,8
21301,SICA SICA (VILLA AROMA),estado nutricional,clasificacion e,2004-01-01,26,14,26,14,40
30703,SICAYA,estado nutricional,clasificacion e,2004-01-01,5,0,5,0,5
30902,SIPE SIPE,estado nutricional,clasificacion e,2004-01-01,17,9,17,9,26
10403,SOPACHUY,estado nutricional,clasificacion e,2004-01-01,37,35,37,35,72
20601,SORATA,estado nutricional,clasificacion e,2004-01-01,2,8,2,8,10
10101,SUCRE,estado nutricional,clasificacion e,2004-01-01,92,84,92,84,176
31404,TACACHI,estado nutricional,clasificacion e,2004-01-01,2,1,2,1,3
20603,TACACOMA,estado nutricional,clasificacion e,2004-01-01,0,1,0,1,1
50303,TACOBAMBA,estado nutricional,clasificacion e,2004-01-01,10,12,10,12,22
30602,TACOPAYA,estado nutricional,clasificacion e,2004-01-01,18,10,18,10,28
31101,TAPACARI,estado nutricional,clasificacion e,2004-01-01,31,17,31,17,48
10601,TARABUCO,estado nutricional,clasificacion e,2004-01-01,109,112,109,112,221
30401,TARATA,estado nutricional,clasificacion e,2004-01-01,6,10,6,10,16
60101,TARIJA,estado nutricional,clasificacion e,2004-01-01,46,39,46,39,85
10202,TARVITA,estado nutricional,clasificacion e,2004-01-01,62,92,62,92,154
20803,TIAWANACU,estado nutricional,clasificacion e,2004-01-01,2,2,2,2,4
50102,TINGUIPAYA,estado nutricional,clasificacion e,2004-01-01,11,27,11,27,38
20606,TIPUANI,estado nutricional,clasificacion e,2004-01-01,1,2,1,2,3
30903,TIQUIPAYA,estado nutricional,clasificacion e,2004-01-01,6,2,6,2,8
31601,TIRAQUE (CBBA),estado nutricional,clasificacion e,2004-01-01,78,47,78,47,125
21703,TITO YUPANQUI (PARQUIPUJIO),estado nutricional,clasificacion e,2004-01-01,1,1,1,1,2
30802,TOCO,estado nutricional,clasificacion e,2004-01-01,4,4,4,4,8
30803,TOLATA,estado nutricional,clasificacion e,2004-01-01,1,0,1,0,1
41001,TOLEDO,estado nutricional,clasificacion e,2004-01-01,3,0,3,0,3
51202,TOMAVE,estado nutricional,clasificacion e,2004-01-01,5,8,5,8,13
10402,TOMINA,estado nutricional,clasificacion e,2004-01-01,31,51,31,51,82
50502,TORO TORO,estado nutricional,clasificacion e,2004-01-01,17,15,17,15,32
31201,TOTORA(CBBA),estado nutricional,clasificacion e,2004-01-01,10,3,10,3,13
41301,TOTORA(ORR),estado nutricional,clasificacion e,2004-01-01,1,0,1,0,1
80101,TRINIDAD,estado nutricional,clasificacion e,2004-01-01,46,54,46,54,100
50801,TUPIZA,estado nutricional,clasificacion e,2004-01-01,28,58,28,58,86
21302,UMALA,estado nutricional,clasificacion e,2004-01-01,4,3,4,3,7
50201,UNCIA,estado nutricional,clasificacion e,2004-01-01,16,10,16,10,26
60401,URIONDO (A. CONCEPCION),estado nutricional,clasificacion e,2004-01-01,9,17,9,17,26
71502,URUBICHA,estado nutricional,clasificacion e,2004-01-01,2,0,2,0,2
51201,UYUNI,estado nutricional,clasificacion e,2004-01-01,9,8,9,8,17
30502,VACAS,estado nutricional,clasificacion e,2004-01-01,24,3,24,3,27
70801,VALLEGRANDE,estado nutricional,clasificacion e,2004-01-01,9,11,9,11,20
20801,VIACHA,estado nutricional,clasificacion e,2004-01-01,19,16,19,16,35
31302,VILA VILA,estado nutricional,clasificacion e,2004-01-01,0,1,0,1,1
60303,VILLA MONTES,estado nutricional,clasificacion e,2004-01-01,27,15,27,15,42
90502,VILLA NUEVA (LOMA ALTA),estado nutricional,clasificacion e,2004-01-01,1,1,1,1,2
31402,VILLA RIVERO,estado nutricional,clasificacion e,2004-01-01,11,4,11,4,15
10801,VILLA SERRANO,estado nutricional,clasificacion e,2004-01-01,40,41,40,41,81
31003,VILLA TUNARI,estado nutricional,clasificacion e,2004-01-01,39,44,39,44,83
11001,VILLA VACA GUZMAN (MUYUPAMPA),estado nutricional,clasificacion e,2004-01-01,19,12,19,12,31
51501,VILLAZON,estado nutricional,clasificacion e,2004-01-01,16,16,16,16,32
30904,VINTO,estado nutricional,clasificacion e,2004-01-01,17,15,17,15,32
50602,VITICHI,estado nutricional,clasificacion e,2004-01-01,14,25,14,25,39
20306,WALDO BALLIVIAN,estado nutricional,clasificacion e,2004-01-01,4,0,4,0,4
70201,WARNES,estado nutricional,clasificacion e,2004-01-01,21,8,21,8,29
20903,YACO,estado nutricional,clasificacion e,2004-01-01,8,3,8,3,11
60301,YACUIBA,estado nutricional,clasificacion e,2004-01-01,22,8,22,8,30
10602,YAMPARAEZ,estado nutricional,clasificacion e,2004-01-01,59,62,59,62,121
21103,YANACACHI,estado nutricional,clasificacion e,2004-01-01,4,2,4,2,6
70403,YAPACANI,estado nutricional,clasificacion e,2004-01-01,25,21,25,21,46
50103,YOCALLA,estado nutricional,clasificacion e,2004-01-01,3,3,3,3,6
10102,YOTALA,estado nutricional,clasificacion e,2004-01-01,12,17,12,17,29
60402,YUNCHARA,estado nutricional,clasificacion e,2004-01-01,7,7,7,7,14
10301,ZUDAÑEZ,estado nutricional,clasificacion e,2004-01-01,21,28,21,28,49
51302,ACACIO,estado nutricional,clasificacion e,2004-02-01,16,33,16,33,49
20201,ACHACACHI,estado nutricional,clasificacion e,2004-02-01,94,12,94,12,106
20104,ACHOCALLA,estado nutricional,clasificacion e,2004-02-01,6,6,6,6,12
30201,AIQUILE,estado nutricional,clasificacion e,2004-02-01,34,17,34,17,51
31303,ALALAY,estado nutricional,clasificacion e,2004-02-01,1,0,1,0,1
10404,ALCALA,estado nutricional,clasificacion e,2004-02-01,5,22,5,22,27
20202,ANCORAIMES,estado nutricional,clasificacion e,2004-02-01,4,15,4,15,19
41201,ANDAMARCA,estado nutricional,clasificacion e,2004-02-01,0,1,0,1,1
30402,ANZALDO,estado nutricional,clasificacion e,2004-02-01,2,8,2,8,10
20701,APOLO,estado nutricional,clasificacion e,2004-02-01,9,5,9,5,14
51301,ARAMPAMPA,estado nutricional,clasificacion e,2004-02-01,8,6,8,6,14
30501,ARANI,estado nutricional,clasificacion e,2004-02-01,9,4,9,4,13
30403,ARBIETO,estado nutricional,clasificacion e,2004-02-01,4,1,4,1,5
30601,ARQUE,estado nutricional,clasificacion e,2004-02-01,22,15,22,15,37
71501,ASCENCION DE GUARAYOS,estado nutricional,clasificacion e,2004-02-01,72,65,72,65,137
50802,ATOCHA,estado nutricional,clasificacion e,2004-02-01,5,20,5,20,25
20503,AUCAPATA,estado nutricional,clasificacion e,2004-02-01,13,1,13,1,14
20502,AYATA,estado nutricional,clasificacion e,2004-02-01,23,29,23,29,52
21303,AYO AYO,estado nutricional,clasificacion e,2004-02-01,9,6,9,6,15
30301,AYOPAYA (V. DE INDEPENDENCIA),estado nutricional,clasificacion e,2004-02-01,26,59,26,59,85
10201,AZURDUY,estado nutricional,clasificacion e,2004-02-01,51,58,51,58,109
21203,BATALLAS,estado nutricional,clasificacion e,2004-02-01,6,1,6,1,7
80802,BAURES,estado nutricional,clasificacion e,2004-02-01,3,0,3,0,3
41202,BELEN DE ANDAMARCA,estado nutricional,clasificacion e,2004-02-01,0,2,0,2,2
50104,BELEN DE URMIRI,estado nutricional,clasificacion e,2004-02-01,4,2,4,2,6
90104,BELLA FLOR,estado nutricional,clasificacion e,2004-02-01,0,1,0,1,1
60202,BERMEJO,estado nutricional,clasificacion e,2004-02-01,5,0,5,0,5
50301,BETANZOS,estado nutricional,clasificacion e,2004-02-01,76,95,76,95,171
31501,BOLIVAR,estado nutricional,clasificacion e,2004-02-01,16,14,16,14,30
70707,BOYUIBE,estado nutricional,clasificacion e,2004-02-01,0,1,0,1,1
70703,CABEZAS,estado nutricional,clasificacion e,2004-02-01,11,8,11,8,19
20905,CAIROMA,estado nutricional,clasificacion e,2004-02-01,28,12,28,12,40
51102,"CAIZA ""D""",estado nutricional,clasificacion e,2004-02-01,17,6,17,6,23
21003,CAJUATA,estado nutricional,clasificacion e,2004-02-01,7,10,7,10,17
20303,CALACOTO,estado nutricional,clasificacion e,2004-02-01,3,1,3,1,4
21304,CALAMARCA,estado nutricional,clasificacion e,2004-02-01,43,30,43,30,73
10701,CAMARGO,estado nutricional,clasificacion e,2004-02-01,21,16,21,16,37
10901,CAMATAQUI (C. VILLA ABECIA),estado nutricional,clasificacion e,2004-02-01,4,4,4,4,8
70706,CAMIRI,estado nutricional,clasificacion e,2004-02-01,47,32,47,32,79
30701,CAPINOTA,estado nutricional,clasificacion e,2004-02-01,7,8,7,8,15
20302,CAQUIAVIRI,estado nutricional,clasificacion e,2004-02-01,5,0,5,0,5
40102,CARACOLLO,estado nutricional,clasificacion e,2004-02-01,17,9,17,9,26
22001,CARANAVI,estado nutricional,clasificacion e,2004-02-01,35,34,35,34,69
60302,CARAPARI,estado nutricional,clasificacion e,2004-02-01,2,9,2,9,11
50702,CARIPUYO,estado nutricional,clasificacion e,2004-02-01,51,33,51,33,84
40201,CHALLAPATA,estado nutricional,clasificacion e,2004-02-01,30,25,30,25,55
50302,CHAQUI,estado nutricional,clasificacion e,2004-02-01,10,4,10,4,14
70702,CHARAGUA,estado nutricional,clasificacion e,2004-02-01,42,32,42,32,74
50202,CHAYANTA,estado nutricional,clasificacion e,2004-02-01,17,12,17,12,29
31204,CHIMORE,estado nutricional,clasificacion e,2004-02-01,9,16,9,16,25
40302,CHOQUE COTA,estado nutricional,clasificacion e,2004-02-01,3,1,3,1,4
21101,CHULUMANI (V. DE LA LIBERTAD),estado nutricional,clasificacion e,2004-02-01,8,1,8,1,9
20501,CHUMA,estado nutricional,clasificacion e,2004-02-01,10,11,10,11,21
30801,CLIZA,estado nutricional,clasificacion e,2004-02-01,2,1,2,1,3
90101,COBIJA,estado nutricional,clasificacion e,2004-02-01,14,11,14,11,25
30101,COCHABAMBA,estado nutricional,clasificacion e,2004-02-01,68,33,68,33,101
30905,COLCAPIRHUA,estado nutricional,clasificacion e,2004-02-01,3,5,3,5,8
50901,"COLCHA ""K""",estado nutricional,clasificacion e,2004-02-01,3,5,3,5,8
31002,COLOMI,estado nutricional,clasificacion e,2004-02-01,10,5,10,5,15
50401,COLQUECHACA,estado nutricional,clasificacion e,2004-02-01,42,24,42,24,66
21306,COLQUENCHA,estado nutricional,clasificacion e,2004-02-01,2,0,2,0,2
21004,COLQUIRI,estado nutricional,clasificacion e,2004-02-01,21,11,21,11,32
20304,COMANCHE,estado nutricional,clasificacion e,2004-02-01,0,1,0,1,1
71301,COMARAPA,estado nutricional,clasificacion e,2004-02-01,11,13,11,13,24
20605,COMBAYA,estado nutricional,clasificacion e,2004-02-01,3,1,3,1,4
71101,CONCEPCION,estado nutricional,clasificacion e,2004-02-01,4,0,4,0,4
21701,COPACABANA,estado nutricional,clasificacion e,2004-02-01,5,0,5,0,5
21402,CORIPATA,estado nutricional,clasificacion e,2004-02-01,1,0,1,0,1
20301,CORO CORO,estado nutricional,clasificacion e,2004-02-01,5,10,5,10,15
21401,COROICO,estado nutricional,clasificacion e,2004-02-01,2,0,2,0,2
40301,CORQUE,estado nutricional,clasificacion e,2004-02-01,11,3,11,3,14
50601,COTAGAITA,estado nutricional,clasificacion e,2004-02-01,38,54,38,54,92
70102,COTOCA,estado nutricional,clasificacion e,2004-02-01,7,5,7,5,12
31405,CUCHUMUELA (V. G. VILLARROEL),estado nutricional,clasificacion e,2004-02-01,0,5,0,5,5
70704,CUEVO,estado nutricional,clasificacion e,2004-02-01,5,1,5,1,6
10902,CULPINA,estado nutricional,clasificacion e,2004-02-01,66,44,66,44,110
40401,CURAHUARA DE CARANGAS,estado nutricional,clasificacion e,2004-02-01,11,0,11,0,11
21602,CURVA,estado nutricional,clasificacion e,2004-02-01,0,2,0,2,2
20804,DESAGUADERO,estado nutricional,clasificacion e,2004-02-01,3,3,3,3,6
20105,EL ALTO,estado nutricional,clasificacion e,2004-02-01,320,154,320,154,474
40103,EL CHORO,estado nutricional,clasificacion e,2004-02-01,1,3,1,3,4
71503,EL PUENTE(STC),estado nutricional,clasificacion e,2004-02-01,19,6,19,6,25
60502,EL PUENTE(TJA),estado nutricional,clasificacion e,2004-02-01,4,10,4,10,14
70105,EL TORNO,estado nutricional,clasificacion e,2004-02-01,11,5,11,5,16
10405,EL VILLAR,estado nutricional,clasificacion e,2004-02-01,15,21,15,21,36
60601,ENTRE RIOS,estado nutricional,clasificacion e,2004-02-01,8,4,8,4,12
41101,EUCALIPTUS,estado nutricional,clasificacion e,2004-02-01,4,0,4,0,4
80402,EXALTACION,estado nutricional,clasificacion e,2004-02-01,6,2,6,2,8
90203,FILADELFIA,estado nutricional,clasificacion e,2004-02-01,1,0,1,0,1
71002,GENERAL SAAVEDRA,estado nutricional,clasificacion e,2004-02-01,21,30,21,30,51
21601,GRAL. J.J. PEREZ (CHARAZANI),estado nutricional,clasificacion e,2004-02-01,13,13,13,13,26
20602,GUANAY,estado nutricional,clasificacion e,2004-02-01,24,31,24,31,55
20802,GUAQUI,estado nutricional,clasificacion e,2004-02-01,0,4,0,4,4
80202,GUAYARAMERIN,estado nutricional,clasificacion e,2004-02-01,23,17,23,17,40
70705,GUTIERREZ,estado nutricional,clasificacion e,2004-02-01,46,66,46,66,112
10502,HUACARETA,estado nutricional,clasificacion e,2004-02-01,21,14,21,14,35
40501,HUACHACALLA,estado nutricional,clasificacion e,2004-02-01,1,1,1,1,2
40701,HUANUNI,estado nutricional,clasificacion e,2004-02-01,12,6,12,6,18
80803,HUARACAJE,estado nutricional,clasificacion e,2004-02-01,1,0,1,0,1
41601,HUAYLLAMARCA,estado nutricional,clasificacion e,2004-02-01,6,1,6,1,7
21005,ICHOCA,estado nutricional,clasificacion e,2004-02-01,2,4,2,4,6
10304,ICLA,estado nutricional,clasificacion e,2004-02-01,67,59,67,59,126
10703,INCAHUASI,estado nutricional,clasificacion e,2004-02-01,50,42,50,42,92
21001,INQUISIVI,estado nutricional,clasificacion e,2004-02-01,13,11,13,11,24
21102,IRUPANA (VILLA DE LANZA),estado nutricional,clasificacion e,2004-02-01,11,10,11,10,21
21501,IXIAMAS,estado nutricional,clasificacion e,2004-02-01,11,10,11,10,21
21105,LA ASUNTA,estado nutricional,clasificacion e,2004-02-01,0,3,0,3,3
70104,LA GUARDIA,estado nutricional,clasificacion e,2004-02-01,8,5,8,5,13
20101,LA PAZ,estado nutricional,clasificacion e,2004-02-01,267,116,267,116,383
70701,LAGUNILLAS,estado nutricional,clasificacion e,2004-02-01,9,13,9,13,22
21202,LAJA,estado nutricional,clasificacion e,2004-02-01,1,2,1,2,3
10903,LAS CARRERAS,estado nutricional,clasificacion e,2004-02-01,3,3,3,3,6
21006,LICOMA PAMPA,estado nutricional,clasificacion e,2004-02-01,0,1,0,1,1
50203,LLALLAGUA,estado nutricional,clasificacion e,2004-02-01,25,33,25,33,58
80601,LORETO,estado nutricional,clasificacion e,2004-02-01,1,1,1,1,2
20901,LURIBAY,estado nutricional,clasificacion e,2004-02-01,8,0,8,0,8
11003,MACHARETI,estado nutricional,clasificacion e,2004-02-01,11,21,11,21,32
80801,MAGDALENA,estado nutricional,clasificacion e,2004-02-01,6,5,6,5,11
70903,MAIRANA,estado nutricional,clasificacion e,2004-02-01,4,8,4,8,12
20904,MALLA,estado nutricional,clasificacion e,2004-02-01,0,1,0,1,1
20103,MECAPACA,estado nutricional,clasificacion e,2004-02-01,1,0,1,0,1
71003,MINEROS,estado nutricional,clasificacion e,2004-02-01,29,13,29,13,42
31301,MIZQUE,estado nutricional,clasificacion e,2004-02-01,14,10,14,10,24
20402,MOCOMOCO,estado nutricional,clasificacion e,2004-02-01,10,12,10,12,22
51002,MOJINETE,estado nutricional,clasificacion e,2004-02-01,0,3,0,3,3
10303,MOJOCOYA,estado nutricional,clasificacion e,2004-02-01,15,14,15,14,29
10501,MONTEAGUDO,estado nutricional,clasificacion e,2004-02-01,26,32,26,32,58
71001,MONTERO,estado nutricional,clasificacion e,2004-02-01,83,51,83,51,134
70803,MORO MORO,estado nutricional,clasificacion e,2004-02-01,9,8,9,8,17
30302,MOROCHATA,estado nutricional,clasificacion e,2004-02-01,15,4,15,4,19
50404,OCURI,estado nutricional,clasificacion e,2004-02-01,43,35,43,35,78
70202,OKINAWA,estado nutricional,clasificacion e,2004-02-01,2,2,2,2,4
30203,OMEREQUE,estado nutricional,clasificacion e,2004-02-01,3,3,3,3,6
40101,ORURO,estado nutricional,clasificacion e,2004-02-01,91,50,91,50,141
60201,PADCAYA,estado nutricional,clasificacion e,2004-02-01,3,10,3,10,13
10401,PADILLA,estado nutricional,clasificacion e,2004-02-01,25,34,25,34,59
70502,PAILON,estado nutricional,clasificacion e,2004-02-01,6,2,6,2,8
20102,PALCA,estado nutricional,clasificacion e,2004-02-01,8,5,8,5,13
21104,PALOS BLANCOS,estado nutricional,clasificacion e,2004-02-01,10,6,10,6,16
40802,PAMPA AULLAGAS,estado nutricional,clasificacion e,2004-02-01,1,4,1,4,5
70902,PAMPA GRANDE,estado nutricional,clasificacion e,2004-02-01,8,1,8,1,9
21802,PAPEL PAMPA,estado nutricional,clasificacion e,2004-02-01,0,1,0,1,1
30202,PASORAPA,estado nutricional,clasificacion e,2004-02-01,2,2,2,2,4
21305,PATACAMAYA,estado nutricional,clasificacion e,2004-02-01,30,21,30,21,51
40602,PAZÑA,estado nutricional,clasificacion e,2004-02-01,3,5,3,5,8
20702,PELECHUCO,estado nutricional,clasificacion e,2004-02-01,5,10,5,10,15
50403,POCOATA,estado nutricional,clasificacion e,2004-02-01,36,25,36,25,61
31203,POCONA,estado nutricional,clasificacion e,2004-02-01,11,10,11,10,21
31202,POJO (CBBA),estado nutricional,clasificacion e,2004-02-01,18,6,18,6,24
40601,POOPO,estado nutricional,clasificacion e,2004-02-01,7,6,7,6,13
51203,PORCO,estado nutricional,clasificacion e,2004-02-01,3,3,3,3,6
10103,POROMA,estado nutricional,clasificacion e,2004-02-01,22,18,22,18,40
70103,PORONGO,estado nutricional,clasificacion e,2004-02-01,2,0,2,0,2
70601,PORTACHUELO,estado nutricional,clasificacion e,2004-02-01,8,7,8,7,15
90102,PORVENIR,estado nutricional,clasificacion e,2004-02-01,5,1,5,1,6
70804,POSTRER VALLE,estado nutricional,clasificacion e,2004-02-01,1,3,1,3,4
50101,POTOSI,estado nutricional,clasificacion e,2004-02-01,116,82,116,82,198
10302,PRESTO,estado nutricional,clasificacion e,2004-02-01,18,21,18,21,39
70805,PUCARA,estado nutricional,clasificacion e,2004-02-01,1,0,1,0,1
21201,PUCARANI,estado nutricional,clasificacion e,2004-02-01,6,1,6,1,7
20401,PUERTO ACOSTA,estado nutricional,clasificacion e,2004-02-01,9,11,9,11,20
20403,PUERTO CARABUCO,estado nutricional,clasificacion e,2004-02-01,9,5,9,5,14
90301,PUERTO GONZALO MORENO,estado nutricional,clasificacion e,2004-02-01,1,5,1,5,6
71402,PUERTO QUIJARRO,estado nutricional,clasificacion e,2004-02-01,9,2,9,2,11
90201,PUERTO RICO,estado nutricional,clasificacion e,2004-02-01,1,0,1,0,1
80703,PUERTO SILES,estado nutricional,clasificacion e,2004-02-01,1,1,1,1,2
71401,PUERTO SUAREZ,estado nutricional,clasificacion e,2004-02-01,3,0,3,0,3
31205,PUERTO VILLARROEL,estado nutricional,clasificacion e,2004-02-01,57,57,57,57,114
51101,PUNA,estado nutricional,clasificacion e,2004-02-01,43,37,43,37,80
31401,PUNATA,estado nutricional,clasificacion e,2004-02-01,9,5,9,5,14
20604,QUIABAYA,estado nutricional,clasificacion e,2004-02-01,5,2,5,2,7
30901,QUILLACOLLO,estado nutricional,clasificacion e,2004-02-01,34,34,34,34,68
21002,QUIME,estado nutricional,clasificacion e,2004-02-01,36,10,36,10,46
50402,RAVELO,estado nutricional,clasificacion e,2004-02-01,74,88,74,88,162
80301,REYES,estado nutricional,clasificacion e,2004-02-01,5,12,5,12,17
80201,RIBERALTA,estado nutricional,clasificacion e,2004-02-01,82,67,82,67,149
70503,ROBORE,estado nutricional,clasificacion e,2004-02-01,19,13,19,13,32
80304,RURRENABAQUE,estado nutricional,clasificacion e,2004-02-01,14,12,14,12,26
40901,SABAYA,estado nutricional,clasificacion e,2004-02-01,1,0,1,0,1
31001,SACABA,estado nutricional,clasificacion e,2004-02-01,29,18,29,18,47
30404,SACABAMBA,estado nutricional,clasificacion e,2004-02-01,6,2,6,2,8
50701,SACACA,estado nutricional,clasificacion e,2004-02-01,96,121,96,121,217
71302,SAIPINA,estado nutricional,clasificacion e,2004-02-01,2,0,2,0,2
40801,SALINAS DE GARCI MENDOZA,estado nutricional,clasificacion e,2004-02-01,4,6,4,6,10
70901,SAMAIPATA,estado nutricional,clasificacion e,2004-02-01,5,2,5,2,7
51601,SAN AGUSTIN,estado nutricional,clasificacion e,2004-02-01,1,0,1,0,1
51003,SAN ANTONIO DE ESMORUCO,estado nutricional,clasificacion e,2004-02-01,1,0,1,0,1
71105,SAN ANTONIO DE LOMERIO,estado nutricional,clasificacion e,2004-02-01,16,44,16,44,60
31403,SAN BENITO,estado nutricional,clasificacion e,2004-02-01,5,6,5,6,11
80302,SAN BORJA,estado nutricional,clasificacion e,2004-02-01,59,30,59,30,89
21502,SAN BUENA VENTURA,estado nutricional,clasificacion e,2004-02-01,7,1,7,1,8
70402,SAN CARLOS,estado nutricional,clasificacion e,2004-02-01,16,10,16,10,26
80501,SAN IGNACIO,estado nutricional,clasificacion e,2004-02-01,29,19,29,19,48
70301,SAN IGNACIO DE VELASCO,estado nutricional,clasificacion e,2004-02-01,74,81,74,81,155
80102,SAN JAVIER(BNI),estado nutricional,clasificacion e,2004-02-01,4,2,4,2,6
71102,SAN JAVIER(STC),estado nutricional,clasificacion e,2004-02-01,12,10,12,10,22
80701,SAN JOAQUIN,estado nutricional,clasificacion e,2004-02-01,3,7,3,7,10
70501,SAN JOSE DE CHIQUITOS,estado nutricional,clasificacion e,2004-02-01,13,6,13,6,19
71104,SAN JULIAN,estado nutricional,clasificacion e,2004-02-01,38,32,38,32,70
90302,SAN LORENZO(PND),estado nutricional,clasificacion e,2004-02-01,1,0,1,0,1
60501,SAN LORENZO(TJA),estado nutricional,clasificacion e,2004-02-01,13,15,13,15,28
10702,SAN LUCAS,estado nutricional,clasificacion e,2004-02-01,127,92,127,92,219
71201,SAN MATIAS,estado nutricional,clasificacion e,2004-02-01,3,4,3,4,7
70302,SAN MIGUEL DE VELASCO,estado nutricional,clasificacion e,2004-02-01,11,17,11,17,28
51001,SAN PABLO DE LIPEZ,estado nutricional,clasificacion e,2004-02-01,3,3,3,3,6
50501,SAN PEDRO DE BUENA VISTA,estado nutricional,clasificacion e,2004-02-01,30,22,30,22,52
21801,SAN PEDRO DE CURAHUARA,estado nutricional,clasificacion e,2004-02-01,2,4,2,4,6
50902,SAN PEDRO DE QUEMES,estado nutricional,clasificacion e,2004-02-01,1,1,1,1,2
90202,SAN PEDRO(PND),estado nutricional,clasificacion e,2004-02-01,2,2,2,2,4
70303,SAN RAFAEL,estado nutricional,clasificacion e,2004-02-01,13,12,13,12,25
80401,SANTA ANA,estado nutricional,clasificacion e,2004-02-01,5,0,5,0,5
70101,SANTA CRUZ DE LA SIERRA,estado nutricional,clasificacion e,2004-02-01,191,68,191,68,259
80303,SANTA ROSA,estado nutricional,clasificacion e,2004-02-01,2,1,2,1,3
70602,SANTA ROSA DEL SARA,estado nutricional,clasificacion e,2004-02-01,0,1,0,1,1
20308,SANTIAGO DE CALLAPA,estado nutricional,clasificacion e,2004-02-01,2,0,2,0,2
41401,SANTIAGO DE HUARI,estado nutricional,clasificacion e,2004-02-01,4,2,4,2,6
21901,SANTIAGO DE MACHACA,estado nutricional,clasificacion e,2004-02-01,1,0,1,0,1
30702,SANTIVAÑES,estado nutricional,clasificacion e,2004-02-01,8,6,8,6,14
20902,SAPAHAQUI,estado nutricional,clasificacion e,2004-02-01,13,7,13,7,20
90303,SENA,estado nutricional,clasificacion e,2004-02-01,1,0,1,0,1
21301,SICA SICA (VILLA AROMA),estado nutricional,clasificacion e,2004-02-01,49,28,49,28,77
30703,SICAYA,estado nutricional,clasificacion e,2004-02-01,8,6,8,6,14
30902,SIPE SIPE,estado nutricional,clasificacion e,2004-02-01,32,33,32,33,65
10403,SOPACHUY,estado nutricional,clasificacion e,2004-02-01,12,36,12,36,48
20601,SORATA,estado nutricional,clasificacion e,2004-02-01,6,15,6,15,21
10101,SUCRE,estado nutricional,clasificacion e,2004-02-01,126,125,126,125,251
31404,TACACHI,estado nutricional,clasificacion e,2004-02-01,1,1,1,1,2
20603,TACACOMA,estado nutricional,clasificacion e,2004-02-01,6,3,6,3,9
50303,TACOBAMBA,estado nutricional,clasificacion e,2004-02-01,8,6,8,6,14
30602,TACOPAYA,estado nutricional,clasificacion e,2004-02-01,14,23,14,23,37
51402,TAHUA,estado nutricional,clasificacion e,2004-02-01,1,0,1,0,1
31101,TAPACARI,estado nutricional,clasificacion e,2004-02-01,47,34,47,34,81
10601,TARABUCO,estado nutricional,clasificacion e,2004-02-01,94,108,94,108,202
30401,TARATA,estado nutricional,clasificacion e,2004-02-01,6,6,6,6,12
60101,TARIJA,estado nutricional,clasificacion e,2004-02-01,41,40,41,40,81
10202,TARVITA,estado nutricional,clasificacion e,2004-02-01,34,58,34,58,92
20803,TIAWANACU,estado nutricional,clasificacion e,2004-02-01,2,0,2,0,2
50102,TINGUIPAYA,estado nutricional,clasificacion e,2004-02-01,40,68,40,68,108
20606,TIPUANI,estado nutricional,clasificacion e,2004-02-01,4,0,4,0,4
30903,TIQUIPAYA,estado nutricional,clasificacion e,2004-02-01,1,5,1,5,6
31601,TIRAQUE (CBBA),estado nutricional,clasificacion e,2004-02-01,51,37,51,37,88
21703,TITO YUPANQUI (PARQUIPUJIO),estado nutricional,clasificacion e,2004-02-01,1,2,1,2,3
30802,TOCO,estado nutricional,clasificacion e,2004-02-01,2,1,2,1,3
41001,TOLEDO,estado nutricional,clasificacion e,2004-02-01,3,1,3,1,4
51202,TOMAVE,estado nutricional,clasificacion e,2004-02-01,22,10,22,10,32
10402,TOMINA,estado nutricional,clasificacion e,2004-02-01,39,69,39,69,108
50502,TORO TORO,estado nutricional,clasificacion e,2004-02-01,23,21,23,21,44
31201,TOTORA(CBBA),estado nutricional,clasificacion e,2004-02-01,11,5,11,5,16
41301,TOTORA(ORR),estado nutricional,clasificacion e,2004-02-01,5,0,5,0,5
70802,TRIGAL,estado nutricional,clasificacion e,2004-02-01,1,1,1,1,2
80101,TRINIDAD,estado nutricional,clasificacion e,2004-02-01,36,60,36,60,96
50801,TUPIZA,estado nutricional,clasificacion e,2004-02-01,36,34,36,34,70
21302,UMALA,estado nutricional,clasificacion e,2004-02-01,1,1,1,1,2
50201,UNCIA,estado nutricional,clasificacion e,2004-02-01,14,8,14,8,22
60401,URIONDO (A. CONCEPCION),estado nutricional,clasificacion e,2004-02-01,8,13,8,13,21
71502,URUBICHA,estado nutricional,clasificacion e,2004-02-01,30,21,30,21,51
51201,UYUNI,estado nutricional,clasificacion e,2004-02-01,6,8,6,8,14
30502,VACAS,estado nutricional,clasificacion e,2004-02-01,9,6,9,6,15
70801,VALLEGRANDE,estado nutricional,clasificacion e,2004-02-01,5,21,5,21,26
20801,VIACHA,estado nutricional,clasificacion e,2004-02-01,19,9,19,9,28
31302,VILA VILA,estado nutricional,clasificacion e,2004-02-01,8,6,8,6,14
60303,VILLA MONTES,estado nutricional,clasificacion e,2004-02-01,18,21,18,21,39
90502,VILLA NUEVA (LOMA ALTA),estado nutricional,clasificacion e,2004-02-01,0,2,0,2,2
31402,VILLA RIVERO,estado nutricional,clasificacion e,2004-02-01,6,6,6,6,12
10801,VILLA SERRANO,estado nutricional,clasificacion e,2004-02-01,38,39,38,39,77
31003,VILLA TUNARI,estado nutricional,clasificacion e,2004-02-01,51,40,51,40,91
11001,VILLA VACA GUZMAN (MUYUPAMPA),estado nutricional,clasificacion e,2004-02-01,24,8,24,8,32
51501,VILLAZON,estado nutricional,clasificacion e,2004-02-01,15,16,15,16,31
30904,VINTO,estado nutricional,clasificacion e,2004-02-01,28,9,28,9,37
50602,VITICHI,estado nutricional,clasificacion e,2004-02-01,18,27,18,27,45
20306,WALDO BALLIVIAN,estado nutricional,clasificacion e,2004-02-01,2,1,2,1,3
70201,WARNES,estado nutricional,clasificacion e,2004-02-01,14,13,14,13,27
20903,YACO,estado nutricional,clasificacion e,2004-02-01,23,12,23,12,35
60301,YACUIBA,estado nutricional,clasificacion e,2004-02-01,55,9,55,9,64
10602,YAMPARAEZ,estado nutricional,clasificacion e,2004-02-01,59,48,59,48,107
21103,YANACACHI,estado nutricional,clasificacion e,2004-02-01,3,3,3,3,6
70403,YAPACANI,estado nutricional,clasificacion e,2004-02-01,35,26,35,26,61
50103,YOCALLA,estado nutricional,clasificacion e,2004-02-01,4,4,4,4,8
10102,YOTALA,estado nutricional,clasificacion e,2004-02-01,23,22,23,22,45
60402,YUNCHARA,estado nutricional,clasificacion e,2004-02-01,12,30,12,30,42
10301,ZUDAÑEZ,estado nutricional,clasificacion e,2004-02-01,22,26,22,26,48
51302,ACACIO,estado nutricional,clasificacion e,2004-03-01,18,23,18,23,41
20201,ACHACACHI,estado nutricional,clasificacion e,2004-03-01,15,9,15,9,24
20104,ACHOCALLA,estado nutricional,clasificacion e,2004-03-01,1,6,1,6,7
30201,AIQUILE,estado nutricional,clasificacion e,2004-03-01,43,35,43,35,78
31303,ALALAY,estado nutricional,clasificacion e,2004-03-01,3,2,3,2,5
10404,ALCALA,estado nutricional,clasificacion e,2004-03-01,8,24,8,24,32
20202,ANCORAIMES,estado nutricional,clasificacion e,2004-03-01,15,6,15,6,21
41201,ANDAMARCA,estado nutricional,clasificacion e,2004-03-01,4,8,4,8,12
40603,ANTEQUERA,estado nutricional,clasificacion e,2004-03-01,2,2,2,2,4
30402,ANZALDO,estado nutricional,clasificacion e,2004-03-01,6,11,6,11,17
20701,APOLO,estado nutricional,clasificacion e,2004-03-01,19,10,19,10,29
51301,ARAMPAMPA,estado nutricional,clasificacion e,2004-03-01,24,16,24,16,40
30501,ARANI,estado nutricional,clasificacion e,2004-03-01,25,16,25,16,41
30403,ARBIETO,estado nutricional,clasificacion e,2004-03-01,4,3,4,3,7
30601,ARQUE,estado nutricional,clasificacion e,2004-03-01,39,31,39,31,70
71501,ASCENCION DE GUARAYOS,estado nutricional,clasificacion e,2004-03-01,1,2,1,2,3
50802,ATOCHA,estado nutricional,clasificacion e,2004-03-01,8,35,8,35,43
20503,AUCAPATA,estado nutricional,clasificacion e,2004-03-01,14,17,14,17,31
20502,AYATA,estado nutricional,clasificacion e,2004-03-01,32,11,32,11,43
21303,AYO AYO,estado nutricional,clasificacion e,2004-03-01,4,1,4,1,5
30301,AYOPAYA (V. DE INDEPENDENCIA),estado nutricional,clasificacion e,2004-03-01,32,14,32,14,46
10201,AZURDUY,estado nutricional,clasificacion e,2004-03-01,38,57,38,57,95
21203,BATALLAS,estado nutricional,clasificacion e,2004-03-01,6,8,6,8,14
80802,BAURES,estado nutricional,clasificacion e,2004-03-01,1,3,1,3,4
50104,BELEN DE URMIRI,estado nutricional,clasificacion e,2004-03-01,1,5,1,5,6
90104,BELLA FLOR,estado nutricional,clasificacion e,2004-03-01,0,1,0,1,1
60202,BERMEJO,estado nutricional,clasificacion e,2004-03-01,10,6,10,6,16
50301,BETANZOS,estado nutricional,clasificacion e,2004-03-01,81,71,81,71,152
31501,BOLIVAR,estado nutricional,clasificacion e,2004-03-01,19,20,19,20,39
90103,BOLPEBRA,estado nutricional,clasificacion e,2004-03-01,0,2,0,2,2
70707,BOYUIBE,estado nutricional,clasificacion e,2004-03-01,4,5,4,5,9
70703,CABEZAS,estado nutricional,clasificacion e,2004-03-01,13,9,13,9,22
20905,CAIROMA,estado nutricional,clasificacion e,2004-03-01,30,20,30,20,50
51102,"CAIZA ""D""",estado nutricional,clasificacion e,2004-03-01,30,20,30,20,50
21003,CAJUATA,estado nutricional,clasificacion e,2004-03-01,13,14,13,14,27
20303,CALACOTO,estado nutricional,clasificacion e,2004-03-01,1,1,1,1,2
21304,CALAMARCA,estado nutricional,clasificacion e,2004-03-01,31,16,31,16,47
10701,CAMARGO,estado nutricional,clasificacion e,2004-03-01,15,18,15,18,33
10901,CAMATAQUI (C. VILLA ABECIA),estado nutricional,clasificacion e,2004-03-01,3,9,3,9,12
70706,CAMIRI,estado nutricional,clasificacion e,2004-03-01,99,62,99,62,161
30701,CAPINOTA,estado nutricional,clasificacion e,2004-03-01,22,36,22,36,58
20302,CAQUIAVIRI,estado nutricional,clasificacion e,2004-03-01,4,3,4,3,7
40102,CARACOLLO,estado nutricional,clasificacion e,2004-03-01,11,9,11,9,20
22001,CARANAVI,estado nutricional,clasificacion e,2004-03-01,39,33,39,33,72
60302,CARAPARI,estado nutricional,clasificacion e,2004-03-01,8,9,8,9,17
50702,CARIPUYO,estado nutricional,clasificacion e,2004-03-01,45,40,45,40,85
40201,CHALLAPATA,estado nutricional,clasificacion e,2004-03-01,18,31,18,31,49
50302,CHAQUI,estado nutricional,clasificacion e,2004-03-01,11,11,11,11,22
70702,CHARAGUA,estado nutricional,clasificacion e,2004-03-01,44,37,44,37,81
20305,CHARAÑA,estado nutricional,clasificacion e,2004-03-01,1,2,1,2,3
50202,CHAYANTA,estado nutricional,clasificacion e,2004-03-01,24,26,24,26,50
31204,CHIMORE,estado nutricional,clasificacion e,2004-03-01,5,6,5,6,11
40302,CHOQUE COTA,estado nutricional,clasificacion e,2004-03-01,1,0,1,0,1
21101,CHULUMANI (V. DE LA LIBERTAD),estado nutricional,clasificacion e,2004-03-01,6,7,6,7,13
20501,CHUMA,estado nutricional,clasificacion e,2004-03-01,18,14,18,14,32
30801,CLIZA,estado nutricional,clasificacion e,2004-03-01,19,7,19,7,26
90101,COBIJA,estado nutricional,clasificacion e,2004-03-01,27,21,27,21,48
30101,COCHABAMBA,estado nutricional,clasificacion e,2004-03-01,136,88,136,88,224
30905,COLCAPIRHUA,estado nutricional,clasificacion e,2004-03-01,19,2,19,2,21
50901,"COLCHA ""K""",estado nutricional,clasificacion e,2004-03-01,4,3,4,3,7
21307,COLLANA,estado nutricional,clasificacion e,2004-03-01,0,2,0,2,2
31002,COLOMI,estado nutricional,clasificacion e,2004-03-01,18,4,18,4,22
50401,COLQUECHACA,estado nutricional,clasificacion e,2004-03-01,73,34,73,34,107
21306,COLQUENCHA,estado nutricional,clasificacion e,2004-03-01,9,2,9,2,11
21004,COLQUIRI,estado nutricional,clasificacion e,2004-03-01,22,21,22,21,43
20304,COMANCHE,estado nutricional,clasificacion e,2004-03-01,1,3,1,3,4
71301,COMARAPA,estado nutricional,clasificacion e,2004-03-01,18,21,18,21,39
20605,COMBAYA,estado nutricional,clasificacion e,2004-03-01,4,1,4,1,5
71101,CONCEPCION,estado nutricional,clasificacion e,2004-03-01,3,0,3,0,3
21701,COPACABANA,estado nutricional,clasificacion e,2004-03-01,8,3,8,3,11
21402,CORIPATA,estado nutricional,clasificacion e,2004-03-01,1,0,1,0,1
20301,CORO CORO,estado nutricional,clasificacion e,2004-03-01,6,10,6,10,16
21401,COROICO,estado nutricional,clasificacion e,2004-03-01,3,3,3,3,6
40301,CORQUE,estado nutricional,clasificacion e,2004-03-01,7,14,7,14,21
50601,COTAGAITA,estado nutricional,clasificacion e,2004-03-01,94,73,94,73,167
70102,COTOCA,estado nutricional,clasificacion e,2004-03-01,13,8,13,8,21
31405,CUCHUMUELA (V. G. VILLARROEL),estado nutricional,clasificacion e,2004-03-01,2,0,2,0,2
70704,CUEVO,estado nutricional,clasificacion e,2004-03-01,8,6,8,6,14
10902,CULPINA,estado nutricional,clasificacion e,2004-03-01,44,57,44,57,101
40401,CURAHUARA DE CARANGAS,estado nutricional,clasificacion e,2004-03-01,4,11,4,11,15
21602,CURVA,estado nutricional,clasificacion e,2004-03-01,1,5,1,5,6
20804,DESAGUADERO,estado nutricional,clasificacion e,2004-03-01,2,1,2,1,3
20105,EL ALTO,estado nutricional,clasificacion e,2004-03-01,523,378,523,378,901
40103,EL CHORO,estado nutricional,clasificacion e,2004-03-01,2,0,2,0,2
71503,EL PUENTE(STC),estado nutricional,clasificacion e,2004-03-01,16,20,16,20,36
60502,EL PUENTE(TJA),estado nutricional,clasificacion e,2004-03-01,9,8,9,8,17
70105,EL TORNO,estado nutricional,clasificacion e,2004-03-01,20,15,20,15,35
10405,EL VILLAR,estado nutricional,clasificacion e,2004-03-01,16,28,16,28,44
60601,ENTRE RIOS,estado nutricional,clasificacion e,2004-03-01,12,8,12,8,20
41101,EUCALIPTUS,estado nutricional,clasificacion e,2004-03-01,6,2,6,2,8
80402,EXALTACION,estado nutricional,clasificacion e,2004-03-01,2,2,2,2,4
90203,FILADELFIA,estado nutricional,clasificacion e,2004-03-01,1,2,1,2,3
71002,GENERAL SAAVEDRA,estado nutricional,clasificacion e,2004-03-01,31,27,31,27,58
21601,GRAL. J.J. PEREZ (CHARAZANI),estado nutricional,clasificacion e,2004-03-01,18,21,18,21,39
20602,GUANAY,estado nutricional,clasificacion e,2004-03-01,32,31,32,31,63
20802,GUAQUI,estado nutricional,clasificacion e,2004-03-01,2,1,2,1,3
80202,GUAYARAMERIN,estado nutricional,clasificacion e,2004-03-01,37,15,37,15,52
70705,GUTIERREZ,estado nutricional,clasificacion e,2004-03-01,85,114,85,114,199
10502,HUACARETA,estado nutricional,clasificacion e,2004-03-01,12,9,12,9,21
11002,HUACAYA (VILLA DE HUACAYA),estado nutricional,clasificacion e,2004-03-01,4,2,4,2,6
40501,HUACHACALLA,estado nutricional,clasificacion e,2004-03-01,0,1,0,1,1
40701,HUANUNI,estado nutricional,clasificacion e,2004-03-01,14,11,14,11,25
41601,HUAYLLAMARCA,estado nutricional,clasificacion e,2004-03-01,2,1,2,1,3
21005,ICHOCA,estado nutricional,clasificacion e,2004-03-01,1,0,1,0,1
10304,ICLA,estado nutricional,clasificacion e,2004-03-01,60,51,60,51,111
10703,INCAHUASI,estado nutricional,clasificacion e,2004-03-01,93,38,93,38,131
21001,INQUISIVI,estado nutricional,clasificacion e,2004-03-01,38,27,38,27,65
21102,IRUPANA (VILLA DE LANZA),estado nutricional,clasificacion e,2004-03-01,6,4,6,4,10
21501,IXIAMAS,estado nutricional,clasificacion e,2004-03-01,6,9,6,9,15
21105,LA ASUNTA,estado nutricional,clasificacion e,2004-03-01,16,29,16,29,45
70104,LA GUARDIA,estado nutricional,clasificacion e,2004-03-01,11,14,11,14,25
20101,LA PAZ,estado nutricional,clasificacion e,2004-03-01,393,272,393,272,665
70701,LAGUNILLAS,estado nutricional,clasificacion e,2004-03-01,14,7,14,7,21
21202,LAJA,estado nutricional,clasificacion e,2004-03-01,7,1,7,1,8
10903,LAS CARRERAS,estado nutricional,clasificacion e,2004-03-01,5,5,5,5,10
21006,LICOMA PAMPA,estado nutricional,clasificacion e,2004-03-01,1,2,1,2,3
50203,LLALLAGUA,estado nutricional,clasificacion e,2004-03-01,37,36,37,36,73
51401,LLICA,estado nutricional,clasificacion e,2004-03-01,1,2,1,2,3
80601,LORETO,estado nutricional,clasificacion e,2004-03-01,0,2,0,2,2
20901,LURIBAY,estado nutricional,clasificacion e,2004-03-01,11,19,11,19,30
40702,MACHACAMARCA,estado nutricional,clasificacion e,2004-03-01,3,3,3,3,6
11003,MACHARETI,estado nutricional,clasificacion e,2004-03-01,9,26,9,26,35
80801,MAGDALENA,estado nutricional,clasificacion e,2004-03-01,7,3,7,3,10
70903,MAIRANA,estado nutricional,clasificacion e,2004-03-01,7,9,7,9,16
20904,MALLA,estado nutricional,clasificacion e,2004-03-01,8,8,8,8,16
20103,MECAPACA,estado nutricional,clasificacion e,2004-03-01,1,3,1,3,4
71003,MINEROS,estado nutricional,clasificacion e,2004-03-01,46,29,46,29,75
31301,MIZQUE,estado nutricional,clasificacion e,2004-03-01,33,18,33,18,51
20402,MOCOMOCO,estado nutricional,clasificacion e,2004-03-01,11,10,11,10,21
51002,MOJINETE,estado nutricional,clasificacion e,2004-03-01,1,2,1,2,3
10303,MOJOCOYA,estado nutricional,clasificacion e,2004-03-01,14,9,14,9,23
10501,MONTEAGUDO,estado nutricional,clasificacion e,2004-03-01,32,29,32,29,61
71001,MONTERO,estado nutricional,clasificacion e,2004-03-01,127,62,127,62,189
70803,MORO MORO,estado nutricional,clasificacion e,2004-03-01,9,6,9,6,15
30302,MOROCHATA,estado nutricional,clasificacion e,2004-03-01,44,26,44,26,70
90401,NACEBE (SANTA ROSA DEL ABUNA),estado nutricional,clasificacion e,2004-03-01,0,5,0,5,5
50404,OCURI,estado nutricional,clasificacion e,2004-03-01,34,11,34,11,45
70202,OKINAWA,estado nutricional,clasificacion e,2004-03-01,3,2,3,2,5
30203,OMEREQUE,estado nutricional,clasificacion e,2004-03-01,2,5,2,5,7
40101,ORURO,estado nutricional,clasificacion e,2004-03-01,171,94,171,94,265
60201,PADCAYA,estado nutricional,clasificacion e,2004-03-01,4,8,4,8,12
10401,PADILLA,estado nutricional,clasificacion e,2004-03-01,19,30,19,30,49
70502,PAILON,estado nutricional,clasificacion e,2004-03-01,14,7,14,7,21
20102,PALCA,estado nutricional,clasificacion e,2004-03-01,31,17,31,17,48
21104,PALOS BLANCOS,estado nutricional,clasificacion e,2004-03-01,21,23,21,23,44
40802,PAMPA AULLAGAS,estado nutricional,clasificacion e,2004-03-01,2,3,2,3,5
70902,PAMPA GRANDE,estado nutricional,clasificacion e,2004-03-01,4,2,4,2,6
21802,PAPEL PAMPA,estado nutricional,clasificacion e,2004-03-01,2,0,2,0,2
30202,PASORAPA,estado nutricional,clasificacion e,2004-03-01,2,10,2,10,12
21305,PATACAMAYA,estado nutricional,clasificacion e,2004-03-01,26,25,26,25,51
40602,PAZÑA,estado nutricional,clasificacion e,2004-03-01,4,7,4,7,11
20702,PELECHUCO,estado nutricional,clasificacion e,2004-03-01,10,12,10,12,22
50403,POCOATA,estado nutricional,clasificacion e,2004-03-01,45,36,45,36,81
31203,POCONA,estado nutricional,clasificacion e,2004-03-01,15,12,15,12,27
31202,POJO (CBBA),estado nutricional,clasificacion e,2004-03-01,18,17,18,17,35
40601,POOPO,estado nutricional,clasificacion e,2004-03-01,5,2,5,2,7
51203,PORCO,estado nutricional,clasificacion e,2004-03-01,3,0,3,0,3
10103,POROMA,estado nutricional,clasificacion e,2004-03-01,45,53,45,53,98
70103,PORONGO,estado nutricional,clasificacion e,2004-03-01,3,2,3,2,5
70601,PORTACHUELO,estado nutricional,clasificacion e,2004-03-01,10,12,10,12,22
90102,PORVENIR,estado nutricional,clasificacion e,2004-03-01,6,3,6,3,9
70804,POSTRER VALLE,estado nutricional,clasificacion e,2004-03-01,1,1,1,1,2
50101,POTOSI,estado nutricional,clasificacion e,2004-03-01,196,171,196,171,367
10302,PRESTO,estado nutricional,clasificacion e,2004-03-01,26,26,26,26,52
21201,PUCARANI,estado nutricional,clasificacion e,2004-03-01,10,8,10,8,18
20401,PUERTO ACOSTA,estado nutricional,clasificacion e,2004-03-01,14,11,14,11,25
20403,PUERTO CARABUCO,estado nutricional,clasificacion e,2004-03-01,9,9,9,9,18
90301,PUERTO GONZALO MORENO,estado nutricional,clasificacion e,2004-03-01,3,32,3,32,35
21204,PUERTO PEREZ,estado nutricional,clasificacion e,2004-03-01,6,0,6,0,6
71402,PUERTO QUIJARRO,estado nutricional,clasificacion e,2004-03-01,7,2,7,2,9
90201,PUERTO RICO,estado nutricional,clasificacion e,2004-03-01,3,1,3,1,4
71401,PUERTO SUAREZ,estado nutricional,clasificacion e,2004-03-01,15,6,15,6,21
31205,PUERTO VILLARROEL,estado nutricional,clasificacion e,2004-03-01,93,64,93,64,157
51101,PUNA,estado nutricional,clasificacion e,2004-03-01,85,43,85,43,128
31401,PUNATA,estado nutricional,clasificacion e,2004-03-01,36,9,36,9,45
20604,QUIABAYA,estado nutricional,clasificacion e,2004-03-01,3,9,3,9,12
30901,QUILLACOLLO,estado nutricional,clasificacion e,2004-03-01,61,56,61,56,117
21002,QUIME,estado nutricional,clasificacion e,2004-03-01,13,7,13,7,20
70904,QUIRUSILLAS,estado nutricional,clasificacion e,2004-03-01,2,0,2,0,2
50402,RAVELO,estado nutricional,clasificacion e,2004-03-01,90,86,90,86,176
80301,REYES,estado nutricional,clasificacion e,2004-03-01,13,12,13,12,25
80201,RIBERALTA,estado nutricional,clasificacion e,2004-03-01,135,137,135,137,272
70503,ROBORE,estado nutricional,clasificacion e,2004-03-01,20,13,20,13,33
80304,RURRENABAQUE,estado nutricional,clasificacion e,2004-03-01,2,2,2,2,4
31001,SACABA,estado nutricional,clasificacion e,2004-03-01,54,37,54,37,91
30404,SACABAMBA,estado nutricional,clasificacion e,2004-03-01,3,9,3,9,12
50701,SACACA,estado nutricional,clasificacion e,2004-03-01,113,99,113,99,212
71302,SAIPINA,estado nutricional,clasificacion e,2004-03-01,4,1,4,1,5
40801,SALINAS DE GARCI MENDOZA,estado nutricional,clasificacion e,2004-03-01,0,2,0,2,2
70901,SAMAIPATA,estado nutricional,clasificacion e,2004-03-01,1,0,1,0,1
51601,SAN AGUSTIN,estado nutricional,clasificacion e,2004-03-01,0,1,0,1,1
80602,SAN ANDRES,estado nutricional,clasificacion e,2004-03-01,14,7,14,7,21
51003,SAN ANTONIO DE ESMORUCO,estado nutricional,clasificacion e,2004-03-01,1,0,1,0,1
71105,SAN ANTONIO DE LOMERIO,estado nutricional,clasificacion e,2004-03-01,32,53,32,53,85
31403,SAN BENITO,estado nutricional,clasificacion e,2004-03-01,8,1,8,1,9
80302,SAN BORJA,estado nutricional,clasificacion e,2004-03-01,76,61,76,61,137
21502,SAN BUENA VENTURA,estado nutricional,clasificacion e,2004-03-01,10,8,10,8,18
70402,SAN CARLOS,estado nutricional,clasificacion e,2004-03-01,27,9,27,9,36
80501,SAN IGNACIO,estado nutricional,clasificacion e,2004-03-01,89,37,89,37,126
70301,SAN IGNACIO DE VELASCO,estado nutricional,clasificacion e,2004-03-01,91,43,91,43,134
80102,SAN JAVIER(BNI),estado nutricional,clasificacion e,2004-03-01,4,0,4,0,4
71102,SAN JAVIER(STC),estado nutricional,clasificacion e,2004-03-01,18,13,18,13,31
80701,SAN JOAQUIN,estado nutricional,clasificacion e,2004-03-01,0,4,0,4,4
70501,SAN JOSE DE CHIQUITOS,estado nutricional,clasificacion e,2004-03-01,18,8,18,8,26
71104,SAN JULIAN,estado nutricional,clasificacion e,2004-03-01,56,58,56,58,114
90302,SAN LORENZO(PND),estado nutricional,clasificacion e,2004-03-01,3,2,3,2,5
60501,SAN LORENZO(TJA),estado nutricional,clasificacion e,2004-03-01,20,29,20,29,49
10702,SAN LUCAS,estado nutricional,clasificacion e,2004-03-01,115,91,115,91,206
71201,SAN MATIAS,estado nutricional,clasificacion e,2004-03-01,18,16,18,16,34
70302,SAN MIGUEL DE VELASCO,estado nutricional,clasificacion e,2004-03-01,27,16,27,16,43
51001,SAN PABLO DE LIPEZ,estado nutricional,clasificacion e,2004-03-01,0,18,0,18,18
50501,SAN PEDRO DE BUENA VISTA,estado nutricional,clasificacion e,2004-03-01,72,105,72,105,177
21801,SAN PEDRO DE CURAHUARA,estado nutricional,clasificacion e,2004-03-01,2,6,2,6,8
21702,SAN PEDRO DE TIQUINA,estado nutricional,clasificacion e,2004-03-01,2,4,2,4,6
70303,SAN RAFAEL,estado nutricional,clasificacion e,2004-03-01,14,8,14,8,22
80401,SANTA ANA,estado nutricional,clasificacion e,2004-03-01,6,4,6,4,10
70101,SANTA CRUZ DE LA SIERRA,estado nutricional,clasificacion e,2004-03-01,320,134,320,134,454
80303,SANTA ROSA,estado nutricional,clasificacion e,2004-03-01,6,6,6,6,12
70602,SANTA ROSA DEL SARA,estado nutricional,clasificacion e,2004-03-01,2,1,2,1,3
20308,SANTIAGO DE CALLAPA,estado nutricional,clasificacion e,2004-03-01,8,4,8,4,12
41401,SANTIAGO DE HUARI,estado nutricional,clasificacion e,2004-03-01,1,2,1,2,3
21901,SANTIAGO DE MACHACA,estado nutricional,clasificacion e,2004-03-01,0,1,0,1,1
30702,SANTIVAÑES,estado nutricional,clasificacion e,2004-03-01,16,7,16,7,23
40202,SANTUARIO DE QUILLACAS,estado nutricional,clasificacion e,2004-03-01,1,1,1,1,2
20902,SAPAHAQUI,estado nutricional,clasificacion e,2004-03-01,18,6,18,6,24
90303,SENA,estado nutricional,clasificacion e,2004-03-01,1,0,1,0,1
21301,SICA SICA (VILLA AROMA),estado nutricional,clasificacion e,2004-03-01,31,26,31,26,57
30703,SICAYA,estado nutricional,clasificacion e,2004-03-01,4,4,4,4,8
30902,SIPE SIPE,estado nutricional,clasificacion e,2004-03-01,45,39,45,39,84
10403,SOPACHUY,estado nutricional,clasificacion e,2004-03-01,25,3,25,3,28
20601,SORATA,estado nutricional,clasificacion e,2004-03-01,9,17,9,17,26
10101,SUCRE,estado nutricional,clasificacion e,2004-03-01,177,166,177,166,343
31404,TACACHI,estado nutricional,clasificacion e,2004-03-01,7,2,7,2,9
20603,TACACOMA,estado nutricional,clasificacion e,2004-03-01,9,14,9,14,23
50303,TACOBAMBA,estado nutricional,clasificacion e,2004-03-01,22,22,22,22,44
30602,TACOPAYA,estado nutricional,clasificacion e,2004-03-01,23,32,23,32,55
51402,TAHUA,estado nutricional,clasificacion e,2004-03-01,0,1,0,1,1
31101,TAPACARI,estado nutricional,clasificacion e,2004-03-01,74,37,74,37,111
10601,TARABUCO,estado nutricional,clasificacion e,2004-03-01,106,105,106,105,211
30401,TARATA,estado nutricional,clasificacion e,2004-03-01,10,7,10,7,17
60101,TARIJA,estado nutricional,clasificacion e,2004-03-01,72,46,72,46,118
10202,TARVITA,estado nutricional,clasificacion e,2004-03-01,50,79,50,79,129
20803,TIAWANACU,estado nutricional,clasificacion e,2004-03-01,3,5,3,5,8
50102,TINGUIPAYA,estado nutricional,clasificacion e,2004-03-01,37,81,37,81,118
20606,TIPUANI,estado nutricional,clasificacion e,2004-03-01,7,4,7,4,11
30903,TIQUIPAYA,estado nutricional,clasificacion e,2004-03-01,15,8,15,8,23
31601,TIRAQUE (CBBA),estado nutricional,clasificacion e,2004-03-01,56,44,56,44,100
21703,TITO YUPANQUI (PARQUIPUJIO),estado nutricional,clasificacion e,2004-03-01,5,0,5,0,5
30802,TOCO,estado nutricional,clasificacion e,2004-03-01,0,5,0,5,5
41502,TODOS SANTOS,estado nutricional,clasificacion e,2004-03-01,2,0,2,0,2
30803,TOLATA,estado nutricional,clasificacion e,2004-03-01,2,1,2,1,3
41001,TOLEDO,estado nutricional,clasificacion e,2004-03-01,2,1,2,1,3
51202,TOMAVE,estado nutricional,clasificacion e,2004-03-01,27,15,27,15,42
10402,TOMINA,estado nutricional,clasificacion e,2004-03-01,37,54,37,54,91
50502,TORO TORO,estado nutricional,clasificacion e,2004-03-01,51,38,51,38,89
31201,TOTORA(CBBA),estado nutricional,clasificacion e,2004-03-01,26,16,26,16,42
41301,TOTORA(ORR),estado nutricional,clasificacion e,2004-03-01,8,7,8,7,15
80101,TRINIDAD,estado nutricional,clasificacion e,2004-03-01,49,55,49,55,104
50801,TUPIZA,estado nutricional,clasificacion e,2004-03-01,35,48,35,48,83
21302,UMALA,estado nutricional,clasificacion e,2004-03-01,3,3,3,3,6
50201,UNCIA,estado nutricional,clasificacion e,2004-03-01,26,19,26,19,45
60401,URIONDO (A. CONCEPCION),estado nutricional,clasificacion e,2004-03-01,8,23,8,23,31
71502,URUBICHA,estado nutricional,clasificacion e,2004-03-01,7,6,7,6,13
51201,UYUNI,estado nutricional,clasificacion e,2004-03-01,9,3,9,3,12
30502,VACAS,estado nutricional,clasificacion e,2004-03-01,11,13,11,13,24
70801,VALLEGRANDE,estado nutricional,clasificacion e,2004-03-01,6,18,6,18,24
20801,VIACHA,estado nutricional,clasificacion e,2004-03-01,37,14,37,14,51
31302,VILA VILA,estado nutricional,clasificacion e,2004-03-01,9,5,9,5,14
60303,VILLA MONTES,estado nutricional,clasificacion e,2004-03-01,27,25,27,25,52
31402,VILLA RIVERO,estado nutricional,clasificacion e,2004-03-01,6,4,6,4,10
10801,VILLA SERRANO,estado nutricional,clasificacion e,2004-03-01,39,49,39,49,88
31003,VILLA TUNARI,estado nutricional,clasificacion e,2004-03-01,67,41,67,41,108
11001,VILLA VACA GUZMAN (MUYUPAMPA),estado nutricional,clasificacion e,2004-03-01,10,11,10,11,21
51501,VILLAZON,estado nutricional,clasificacion e,2004-03-01,23,19,23,19,42
30904,VINTO,estado nutricional,clasificacion e,2004-03-01,26,9,26,9,35
50602,VITICHI,estado nutricional,clasificacion e,2004-03-01,38,50,38,50,88
20306,WALDO BALLIVIAN,estado nutricional,clasificacion e,2004-03-01,0,2,0,2,2
70201,WARNES,estado nutricional,clasificacion e,2004-03-01,22,10,22,10,32
20903,YACO,estado nutricional,clasificacion e,2004-03-01,24,24,24,24,48
60301,YACUIBA,estado nutricional,clasificacion e,2004-03-01,25,11,25,11,36
10602,YAMPARAEZ,estado nutricional,clasificacion e,2004-03-01,60,54,60,54,114
21103,YANACACHI,estado nutricional,clasificacion e,2004-03-01,2,1,2,1,3
70403,YAPACANI,estado nutricional,clasificacion e,2004-03-01,60,49,60,49,109
50103,YOCALLA,estado nutricional,clasificacion e,2004-03-01,7,5,7,5,12
10102,YOTALA,estado nutricional,clasificacion e,2004-03-01,28,27,28,27,55
60402,YUNCHARA,estado nutricional,clasificacion e,2004-03-01,17,42,17,42,59
10301,ZUDAÑEZ,estado nutricional,clasificacion e,2004-03-01,15,29,15,29,44
51302,ACACIO,estado nutricional,clasificacion e,2004-04-01,22,27,22,27,49
20201,ACHACACHI,estado nutricional,clasificacion e,2004-04-01,15,9,15,9,24
20104,ACHOCALLA,estado nutricional,clasificacion e,2004-04-01,4,3,4,3,7
30201,AIQUILE,estado nutricional,clasificacion e,2004-04-01,14,10,14,10,24
31303,ALALAY,estado nutricional,clasificacion e,2004-04-01,1,2,1,2,3
10404,ALCALA,estado nutricional,clasificacion e,2004-04-01,13,20,13,20,33
20202,ANCORAIMES,estado nutricional,clasificacion e,2004-04-01,10,8,10,8,18
41201,ANDAMARCA,estado nutricional,clasificacion e,2004-04-01,0,3,0,3,3
40603,ANTEQUERA,estado nutricional,clasificacion e,2004-04-01,6,4,6,4,10
30402,ANZALDO,estado nutricional,clasificacion e,2004-04-01,6,7,6,7,13
20701,APOLO,estado nutricional,clasificacion e,2004-04-01,10,8,10,8,18
51301,ARAMPAMPA,estado nutricional,clasificacion e,2004-04-01,19,9,19,9,28
30501,ARANI,estado nutricional,clasificacion e,2004-04-01,10,7,10,7,17
30403,ARBIETO,estado nutricional,clasificacion e,2004-04-01,2,1,2,1,3
30601,ARQUE,estado nutricional,clasificacion e,2004-04-01,27,20,27,20,47
71501,ASCENCION DE GUARAYOS,estado nutricional,clasificacion e,2004-04-01,58,50,58,50,108
50802,ATOCHA,estado nutricional,clasificacion e,2004-04-01,8,28,8,28,36
20503,AUCAPATA,estado nutricional,clasificacion e,2004-04-01,8,7,8,7,15
20502,AYATA,estado nutricional,clasificacion e,2004-04-01,14,13,14,13,27
21303,AYO AYO,estado nutricional,clasificacion e,2004-04-01,7,4,7,4,11
30301,AYOPAYA (V. DE INDEPENDENCIA),estado nutricional,clasificacion e,2004-04-01,28,20,28,20,48
10201,AZURDUY,estado nutricional,clasificacion e,2004-04-01,43,47,43,47,90
21203,BATALLAS,estado nutricional,clasificacion e,2004-04-01,8,3,8,3,11
80802,BAURES,estado nutricional,clasificacion e,2004-04-01,4,0,4,0,4
50104,BELEN DE URMIRI,estado nutricional,clasificacion e,2004-04-01,0,2,0,2,2
90104,BELLA FLOR,estado nutricional,clasificacion e,2004-04-01,1,3,1,3,4
60202,BERMEJO,estado nutricional,clasificacion e,2004-04-01,2,0,2,0,2
50301,BETANZOS,estado nutricional,clasificacion e,2004-04-01,73,80,73,80,153
31501,BOLIVAR,estado nutricional,clasificacion e,2004-04-01,23,15,23,15,38
90103,BOLPEBRA,estado nutricional,clasificacion e,2004-04-01,0,2,0,2,2
70707,BOYUIBE,estado nutricional,clasificacion e,2004-04-01,1,3,1,3,4
70703,CABEZAS,estado nutricional,clasificacion e,2004-04-01,9,5,9,5,14
20905,CAIROMA,estado nutricional,clasificacion e,2004-04-01,18,15,18,15,33
51102,"CAIZA ""D""",estado nutricional,clasificacion e,2004-04-01,12,9,12,9,21
21003,CAJUATA,estado nutricional,clasificacion e,2004-04-01,7,4,7,4,11
20303,CALACOTO,estado nutricional,clasificacion e,2004-04-01,2,4,2,4,6
21304,CALAMARCA,estado nutricional,clasificacion e,2004-04-01,45,22,45,22,67
10701,CAMARGO,estado nutricional,clasificacion e,2004-04-01,20,28,20,28,48
10901,CAMATAQUI (C. VILLA ABECIA),estado nutricional,clasificacion e,2004-04-01,8,4,8,4,12
70706,CAMIRI,estado nutricional,clasificacion e,2004-04-01,57,39,57,39,96
30701,CAPINOTA,estado nutricional,clasificacion e,2004-04-01,14,3,14,3,17
20302,CAQUIAVIRI,estado nutricional,clasificacion e,2004-04-01,9,13,9,13,22
40102,CARACOLLO,estado nutricional,clasificacion e,2004-04-01,20,10,20,10,30
22001,CARANAVI,estado nutricional,clasificacion e,2004-04-01,43,48,43,48,91
60302,CARAPARI,estado nutricional,clasificacion e,2004-04-01,2,4,2,4,6
50702,CARIPUYO,estado nutricional,clasificacion e,2004-04-01,60,57,60,57,117
40201,CHALLAPATA,estado nutricional,clasificacion e,2004-04-01,28,31,28,31,59
50302,CHAQUI,estado nutricional,clasificacion e,2004-04-01,16,8,16,8,24
70702,CHARAGUA,estado nutricional,clasificacion e,2004-04-01,39,25,39,25,64
50202,CHAYANTA,estado nutricional,clasificacion e,2004-04-01,19,16,19,16,35
31204,CHIMORE,estado nutricional,clasificacion e,2004-04-01,2,3,2,3,5
40903,CHIPAYA,estado nutricional,clasificacion e,2004-04-01,1,3,1,3,4
40302,CHOQUE COTA,estado nutricional,clasificacion e,2004-04-01,2,2,2,2,4
21101,CHULUMANI (V. DE LA LIBERTAD),estado nutricional,clasificacion e,2004-04-01,1,0,1,0,1
20501,CHUMA,estado nutricional,clasificacion e,2004-04-01,22,12,22,12,34
30801,CLIZA,estado nutricional,clasificacion e,2004-04-01,36,17,36,17,53
90101,COBIJA,estado nutricional,clasificacion e,2004-04-01,25,19,25,19,44
30101,COCHABAMBA,estado nutricional,clasificacion e,2004-04-01,159,99,159,99,258
30905,COLCAPIRHUA,estado nutricional,clasificacion e,2004-04-01,21,10,21,10,31
50901,"COLCHA ""K""",estado nutricional,clasificacion e,2004-04-01,7,9,7,9,16
31002,COLOMI,estado nutricional,clasificacion e,2004-04-01,15,10,15,10,25
50401,COLQUECHACA,estado nutricional,clasificacion e,2004-04-01,66,28,66,28,94
21306,COLQUENCHA,estado nutricional,clasificacion e,2004-04-01,10,5,10,5,15
21004,COLQUIRI,estado nutricional,clasificacion e,2004-04-01,22,13,22,13,35
20304,COMANCHE,estado nutricional,clasificacion e,2004-04-01,2,2,2,2,4
71301,COMARAPA,estado nutricional,clasificacion e,2004-04-01,14,10,14,10,24
20605,COMBAYA,estado nutricional,clasificacion e,2004-04-01,4,1,4,1,5
71101,CONCEPCION,estado nutricional,clasificacion e,2004-04-01,1,0,1,0,1
21701,COPACABANA,estado nutricional,clasificacion e,2004-04-01,4,0,4,0,4
21402,CORIPATA,estado nutricional,clasificacion e,2004-04-01,1,0,1,0,1
20301,CORO CORO,estado nutricional,clasificacion e,2004-04-01,19,16,19,16,35
21401,COROICO,estado nutricional,clasificacion e,2004-04-01,8,7,8,7,15
40301,CORQUE,estado nutricional,clasificacion e,2004-04-01,9,3,9,3,12
50601,COTAGAITA,estado nutricional,clasificacion e,2004-04-01,33,43,33,43,76
70102,COTOCA,estado nutricional,clasificacion e,2004-04-01,13,8,13,8,21
70704,CUEVO,estado nutricional,clasificacion e,2004-04-01,2,0,2,0,2
10902,CULPINA,estado nutricional,clasificacion e,2004-04-01,51,36,51,36,87
40401,CURAHUARA DE CARANGAS,estado nutricional,clasificacion e,2004-04-01,7,2,7,2,9
21602,CURVA,estado nutricional,clasificacion e,2004-04-01,1,10,1,10,11
20804,DESAGUADERO,estado nutricional,clasificacion e,2004-04-01,1,1,1,1,2
20105,EL ALTO,estado nutricional,clasificacion e,2004-04-01,561,378,561,378,939
40103,EL CHORO,estado nutricional,clasificacion e,2004-04-01,1,0,1,0,1
71503,EL PUENTE(STC),estado nutricional,clasificacion e,2004-04-01,16,11,16,11,27
60502,EL PUENTE(TJA),estado nutricional,clasificacion e,2004-04-01,3,3,3,3,6
70105,EL TORNO,estado nutricional,clasificacion e,2004-04-01,14,6,14,6,20
10405,EL VILLAR,estado nutricional,clasificacion e,2004-04-01,15,25,15,25,40
60601,ENTRE RIOS,estado nutricional,clasificacion e,2004-04-01,7,5,7,5,12
41101,EUCALIPTUS,estado nutricional,clasificacion e,2004-04-01,5,0,5,0,5
80402,EXALTACION,estado nutricional,clasificacion e,2004-04-01,1,7,1,7,8
90203,FILADELFIA,estado nutricional,clasificacion e,2004-04-01,9,3,9,3,12
71002,GENERAL SAAVEDRA,estado nutricional,clasificacion e,2004-04-01,39,16,39,16,55
21601,GRAL. J.J. PEREZ (CHARAZANI),estado nutricional,clasificacion e,2004-04-01,20,32,20,32,52
20602,GUANAY,estado nutricional,clasificacion e,2004-04-01,30,30,30,30,60
20802,GUAQUI,estado nutricional,clasificacion e,2004-04-01,4,2,4,2,6
80202,GUAYARAMERIN,estado nutricional,clasificacion e,2004-04-01,48,23,48,23,71
70705,GUTIERREZ,estado nutricional,clasificacion e,2004-04-01,35,50,35,50,85
10502,HUACARETA,estado nutricional,clasificacion e,2004-04-01,18,14,18,14,32
11002,HUACAYA (VILLA DE HUACAYA),estado nutricional,clasificacion e,2004-04-01,6,5,6,5,11
40501,HUACHACALLA,estado nutricional,clasificacion e,2004-04-01,1,1,1,1,2
40701,HUANUNI,estado nutricional,clasificacion e,2004-04-01,12,8,12,8,20
80803,HUARACAJE,estado nutricional,clasificacion e,2004-04-01,3,2,3,2,5
41601,HUAYLLAMARCA,estado nutricional,clasificacion e,2004-04-01,0,1,0,1,1
21005,ICHOCA,estado nutricional,clasificacion e,2004-04-01,1,2,1,2,3
10304,ICLA,estado nutricional,clasificacion e,2004-04-01,57,48,57,48,105
10703,INCAHUASI,estado nutricional,clasificacion e,2004-04-01,75,39,75,39,114
21001,INQUISIVI,estado nutricional,clasificacion e,2004-04-01,29,14,29,14,43
21102,IRUPANA (VILLA DE LANZA),estado nutricional,clasificacion e,2004-04-01,9,7,9,7,16
21501,IXIAMAS,estado nutricional,clasificacion e,2004-04-01,11,10,11,10,21
21105,LA ASUNTA,estado nutricional,clasificacion e,2004-04-01,24,13,24,13,37
70104,LA GUARDIA,estado nutricional,clasificacion e,2004-04-01,14,3,14,3,17
20101,LA PAZ,estado nutricional,clasificacion e,2004-04-01,332,210,332,210,542
70701,LAGUNILLAS,estado nutricional,clasificacion e,2004-04-01,8,7,8,7,15
21202,LAJA,estado nutricional,clasificacion e,2004-04-01,4,0,4,0,4
10903,LAS CARRERAS,estado nutricional,clasificacion e,2004-04-01,5,7,5,7,12
50203,LLALLAGUA,estado nutricional,clasificacion e,2004-04-01,15,33,15,33,48
51401,LLICA,estado nutricional,clasificacion e,2004-04-01,2,1,2,1,3
80601,LORETO,estado nutricional,clasificacion e,2004-04-01,0,1,0,1,1
20901,LURIBAY,estado nutricional,clasificacion e,2004-04-01,14,6,14,6,20
40702,MACHACAMARCA,estado nutricional,clasificacion e,2004-04-01,2,0,2,0,2
11003,MACHARETI,estado nutricional,clasificacion e,2004-04-01,6,13,6,13,19
80801,MAGDALENA,estado nutricional,clasificacion e,2004-04-01,2,5,2,5,7
70903,MAIRANA,estado nutricional,clasificacion e,2004-04-01,5,5,5,5,10
20904,MALLA,estado nutricional,clasificacion e,2004-04-01,0,1,0,1,1
20103,MECAPACA,estado nutricional,clasificacion e,2004-04-01,0,1,0,1,1
71003,MINEROS,estado nutricional,clasificacion e,2004-04-01,34,23,34,23,57
31301,MIZQUE,estado nutricional,clasificacion e,2004-04-01,23,13,23,13,36
20402,MOCOMOCO,estado nutricional,clasificacion e,2004-04-01,20,23,20,23,43
10303,MOJOCOYA,estado nutricional,clasificacion e,2004-04-01,11,14,11,14,25
10501,MONTEAGUDO,estado nutricional,clasificacion e,2004-04-01,28,34,28,34,62
71001,MONTERO,estado nutricional,clasificacion e,2004-04-01,98,38,98,38,136
70803,MORO MORO,estado nutricional,clasificacion e,2004-04-01,1,1,1,1,2
30302,MOROCHATA,estado nutricional,clasificacion e,2004-04-01,41,43,41,43,84
90401,NACEBE (SANTA ROSA DEL ABUNA),estado nutricional,clasificacion e,2004-04-01,2,0,2,0,2
50404,OCURI,estado nutricional,clasificacion e,2004-04-01,32,20,32,20,52
30203,OMEREQUE,estado nutricional,clasificacion e,2004-04-01,4,1,4,1,5
40101,ORURO,estado nutricional,clasificacion e,2004-04-01,120,68,120,68,188
60201,PADCAYA,estado nutricional,clasificacion e,2004-04-01,1,3,1,3,4
10401,PADILLA,estado nutricional,clasificacion e,2004-04-01,28,43,28,43,71
70502,PAILON,estado nutricional,clasificacion e,2004-04-01,16,6,16,6,22
20102,PALCA,estado nutricional,clasificacion e,2004-04-01,8,7,8,7,15
21104,PALOS BLANCOS,estado nutricional,clasificacion e,2004-04-01,19,28,19,28,47
40802,PAMPA AULLAGAS,estado nutricional,clasificacion e,2004-04-01,7,1,7,1,8
70902,PAMPA GRANDE,estado nutricional,clasificacion e,2004-04-01,1,2,1,2,3
30202,PASORAPA,estado nutricional,clasificacion e,2004-04-01,3,1,3,1,4
21305,PATACAMAYA,estado nutricional,clasificacion e,2004-04-01,52,43,52,43,95
40602,PAZÑA,estado nutricional,clasificacion e,2004-04-01,1,4,1,4,5
20702,PELECHUCO,estado nutricional,clasificacion e,2004-04-01,12,13,12,13,25
50403,POCOATA,estado nutricional,clasificacion e,2004-04-01,57,44,57,44,101
31203,POCONA,estado nutricional,clasificacion e,2004-04-01,16,18,16,18,34
31202,POJO (CBBA),estado nutricional,clasificacion e,2004-04-01,23,11,23,11,34
40601,POOPO,estado nutricional,clasificacion e,2004-04-01,3,4,3,4,7
51203,PORCO,estado nutricional,clasificacion e,2004-04-01,11,2,11,2,13
10103,POROMA,estado nutricional,clasificacion e,2004-04-01,59,33,59,33,92
70103,PORONGO,estado nutricional,clasificacion e,2004-04-01,2,3,2,3,5
70601,PORTACHUELO,estado nutricional,clasificacion e,2004-04-01,6,11,6,11,17
90102,PORVENIR,estado nutricional,clasificacion e,2004-04-01,8,3,8,3,11
70804,POSTRER VALLE,estado nutricional,clasificacion e,2004-04-01,0,3,0,3,3
50101,POTOSI,estado nutricional,clasificacion e,2004-04-01,180,141,180,141,321
10302,PRESTO,estado nutricional,clasificacion e,2004-04-01,22,24,22,24,46
70805,PUCARA,estado nutricional,clasificacion e,2004-04-01,1,0,1,0,1
21201,PUCARANI,estado nutricional,clasificacion e,2004-04-01,11,4,11,4,15
20401,PUERTO ACOSTA,estado nutricional,clasificacion e,2004-04-01,11,8,11,8,19
20403,PUERTO CARABUCO,estado nutricional,clasificacion e,2004-04-01,12,11,12,11,23
90301,PUERTO GONZALO MORENO,estado nutricional,clasificacion e,2004-04-01,12,20,12,20,32
21204,PUERTO PEREZ,estado nutricional,clasificacion e,2004-04-01,2,2,2,2,4
71402,PUERTO QUIJARRO,estado nutricional,clasificacion e,2004-04-01,7,3,7,3,10
90201,PUERTO RICO,estado nutricional,clasificacion e,2004-04-01,5,2,5,2,7
80703,PUERTO SILES,estado nutricional,clasificacion e,2004-04-01,0,4,0,4,4
71401,PUERTO SUAREZ,estado nutricional,clasificacion e,2004-04-01,11,2,11,2,13
31205,PUERTO VILLARROEL,estado nutricional,clasificacion e,2004-04-01,50,43,50,43,93
51101,PUNA,estado nutricional,clasificacion e,2004-04-01,12,10,12,10,22
31401,PUNATA,estado nutricional,clasificacion e,2004-04-01,17,4,17,4,21
20604,QUIABAYA,estado nutricional,clasificacion e,2004-04-01,11,2,11,2,13
30901,QUILLACOLLO,estado nutricional,clasificacion e,2004-04-01,45,45,45,45,90
21002,QUIME,estado nutricional,clasificacion e,2004-04-01,9,6,9,6,15
70904,QUIRUSILLAS,estado nutricional,clasificacion e,2004-04-01,2,1,2,1,3
50402,RAVELO,estado nutricional,clasificacion e,2004-04-01,67,48,67,48,115
80301,REYES,estado nutricional,clasificacion e,2004-04-01,18,30,18,30,48
80201,RIBERALTA,estado nutricional,clasificacion e,2004-04-01,109,93,109,93,202
70503,ROBORE,estado nutricional,clasificacion e,2004-04-01,14,3,14,3,17
80304,RURRENABAQUE,estado nutricional,clasificacion e,2004-04-01,7,0,7,0,7
40901,SABAYA,estado nutricional,clasificacion e,2004-04-01,1,0,1,0,1
31001,SACABA,estado nutricional,clasificacion e,2004-04-01,18,9,18,9,27
30404,SACABAMBA,estado nutricional,clasificacion e,2004-04-01,6,17,6,17,23
50701,SACACA,estado nutricional,clasificacion e,2004-04-01,106,114,106,114,220
71302,SAIPINA,estado nutricional,clasificacion e,2004-04-01,2,2,2,2,4
40801,SALINAS DE GARCI MENDOZA,estado nutricional,clasificacion e,2004-04-01,1,7,1,7,8
70901,SAMAIPATA,estado nutricional,clasificacion e,2004-04-01,2,0,2,0,2
51601,SAN AGUSTIN,estado nutricional,clasificacion e,2004-04-01,0,1,0,1,1
80602,SAN ANDRES,estado nutricional,clasificacion e,2004-04-01,9,6,9,6,15
71105,SAN ANTONIO DE LOMERIO,estado nutricional,clasificacion e,2004-04-01,31,43,31,43,74
31403,SAN BENITO,estado nutricional,clasificacion e,2004-04-01,11,12,11,12,23
80302,SAN BORJA,estado nutricional,clasificacion e,2004-04-01,31,43,31,43,74
21502,SAN BUENA VENTURA,estado nutricional,clasificacion e,2004-04-01,16,14,16,14,30
70402,SAN CARLOS,estado nutricional,clasificacion e,2004-04-01,15,17,15,17,32
80501,SAN IGNACIO,estado nutricional,clasificacion e,2004-04-01,30,15,30,15,45
70301,SAN IGNACIO DE VELASCO,estado nutricional,clasificacion e,2004-04-01,76,57,76,57,133
80102,SAN JAVIER(BNI),estado nutricional,clasificacion e,2004-04-01,4,3,4,3,7
71102,SAN JAVIER(STC),estado nutricional,clasificacion e,2004-04-01,4,3,4,3,7
80701,SAN JOAQUIN,estado nutricional,clasificacion e,2004-04-01,0,2,0,2,2
70501,SAN JOSE DE CHIQUITOS,estado nutricional,clasificacion e,2004-04-01,18,5,18,5,23
71104,SAN JULIAN,estado nutricional,clasificacion e,2004-04-01,33,39,33,39,72
90302,SAN LORENZO(PND),estado nutricional,clasificacion e,2004-04-01,1,1,1,1,2
60501,SAN LORENZO(TJA),estado nutricional,clasificacion e,2004-04-01,16,17,16,17,33
10702,SAN LUCAS,estado nutricional,clasificacion e,2004-04-01,189,137,189,137,326
71201,SAN MATIAS,estado nutricional,clasificacion e,2004-04-01,13,9,13,9,22
70302,SAN MIGUEL DE VELASCO,estado nutricional,clasificacion e,2004-04-01,21,26,21,26,47
51001,SAN PABLO DE LIPEZ,estado nutricional,clasificacion e,2004-04-01,1,3,1,3,4
50501,SAN PEDRO DE BUENA VISTA,estado nutricional,clasificacion e,2004-04-01,56,63,56,63,119
21801,SAN PEDRO DE CURAHUARA,estado nutricional,clasificacion e,2004-04-01,2,1,2,1,3
50902,SAN PEDRO DE QUEMES,estado nutricional,clasificacion e,2004-04-01,1,0,1,0,1
21702,SAN PEDRO DE TIQUINA,estado nutricional,clasificacion e,2004-04-01,2,1,2,1,3
90202,SAN PEDRO(PND),estado nutricional,clasificacion e,2004-04-01,3,1,3,1,4
70303,SAN RAFAEL,estado nutricional,clasificacion e,2004-04-01,10,8,10,8,18
80401,SANTA ANA,estado nutricional,clasificacion e,2004-04-01,2,1,2,1,3
70101,SANTA CRUZ DE LA SIERRA,estado nutricional,clasificacion e,2004-04-01,154,89,154,89,243
80303,SANTA ROSA,estado nutricional,clasificacion e,2004-04-01,8,2,8,2,10
70602,SANTA ROSA DEL SARA,estado nutricional,clasificacion e,2004-04-01,3,7,3,7,10
20308,SANTIAGO DE CALLAPA,estado nutricional,clasificacion e,2004-04-01,8,6,8,6,14
41401,SANTIAGO DE HUARI,estado nutricional,clasificacion e,2004-04-01,4,6,4,6,10
21901,SANTIAGO DE MACHACA,estado nutricional,clasificacion e,2004-04-01,3,4,3,4,7
30702,SANTIVAÑES,estado nutricional,clasificacion e,2004-04-01,7,4,7,4,11
40202,SANTUARIO DE QUILLACAS,estado nutricional,clasificacion e,2004-04-01,2,0,2,0,2
20902,SAPAHAQUI,estado nutricional,clasificacion e,2004-04-01,18,16,18,16,34
90303,SENA,estado nutricional,clasificacion e,2004-04-01,1,0,1,0,1
21301,SICA SICA (VILLA AROMA),estado nutricional,clasificacion e,2004-04-01,37,29,37,29,66
30703,SICAYA,estado nutricional,clasificacion e,2004-04-01,4,7,4,7,11
30902,SIPE SIPE,estado nutricional,clasificacion e,2004-04-01,34,25,34,25,59
10403,SOPACHUY,estado nutricional,clasificacion e,2004-04-01,26,24,26,24,50
20601,SORATA,estado nutricional,clasificacion e,2004-04-01,5,8,5,8,13
10101,SUCRE,estado nutricional,clasificacion e,2004-04-01,162,137,162,137,299
31404,TACACHI,estado nutricional,clasificacion e,2004-04-01,2,3,2,3,5
20603,TACACOMA,estado nutricional,clasificacion e,2004-04-01,2,1,2,1,3
50303,TACOBAMBA,estado nutricional,clasificacion e,2004-04-01,25,21,25,21,46
30602,TACOPAYA,estado nutricional,clasificacion e,2004-04-01,35,25,35,25,60
51402,TAHUA,estado nutricional,clasificacion e,2004-04-01,1,0,1,0,1
31101,TAPACARI,estado nutricional,clasificacion e,2004-04-01,56,24,56,24,80
10601,TARABUCO,estado nutricional,clasificacion e,2004-04-01,102,103,102,103,205
30401,TARATA,estado nutricional,clasificacion e,2004-04-01,10,7,10,7,17
60101,TARIJA,estado nutricional,clasificacion e,2004-04-01,63,64,63,64,127
10202,TARVITA,estado nutricional,clasificacion e,2004-04-01,23,9,23,9,32
20803,TIAWANACU,estado nutricional,clasificacion e,2004-04-01,5,5,5,5,10
50102,TINGUIPAYA,estado nutricional,clasificacion e,2004-04-01,21,42,21,42,63
20606,TIPUANI,estado nutricional,clasificacion e,2004-04-01,4,3,4,3,7
30903,TIQUIPAYA,estado nutricional,clasificacion e,2004-04-01,43,16,43,16,59
31601,TIRAQUE (CBBA),estado nutricional,clasificacion e,2004-04-01,55,30,55,30,85
21703,TITO YUPANQUI (PARQUIPUJIO),estado nutricional,clasificacion e,2004-04-01,2,1,2,1,3
30802,TOCO,estado nutricional,clasificacion e,2004-04-01,5,12,5,12,17
30803,TOLATA,estado nutricional,clasificacion e,2004-04-01,5,3,5,3,8
41001,TOLEDO,estado nutricional,clasificacion e,2004-04-01,0,1,0,1,1
51202,TOMAVE,estado nutricional,clasificacion e,2004-04-01,14,15,14,15,29
10402,TOMINA,estado nutricional,clasificacion e,2004-04-01,38,50,38,50,88
50502,TORO TORO,estado nutricional,clasificacion e,2004-04-01,42,43,42,43,85
31201,TOTORA(CBBA),estado nutricional,clasificacion e,2004-04-01,24,14,24,14,38
41301,TOTORA(ORR),estado nutricional,clasificacion e,2004-04-01,5,2,5,2,7
80101,TRINIDAD,estado nutricional,clasificacion e,2004-04-01,47,50,47,50,97
50801,TUPIZA,estado nutricional,clasificacion e,2004-04-01,36,49,36,49,85
21302,UMALA,estado nutricional,clasificacion e,2004-04-01,11,7,11,7,18
50201,UNCIA,estado nutricional,clasificacion e,2004-04-01,24,18,24,18,42
60401,URIONDO (A. CONCEPCION),estado nutricional,clasificacion e,2004-04-01,2,7,2,7,9
71502,URUBICHA,estado nutricional,clasificacion e,2004-04-01,33,40,33,40,73
51201,UYUNI,estado nutricional,clasificacion e,2004-04-01,15,20,15,20,35
30502,VACAS,estado nutricional,clasificacion e,2004-04-01,20,14,20,14,34
70801,VALLEGRANDE,estado nutricional,clasificacion e,2004-04-01,8,4,8,4,12
20801,VIACHA,estado nutricional,clasificacion e,2004-04-01,27,11,27,11,38
31302,VILA VILA,estado nutricional,clasificacion e,2004-04-01,14,10,14,10,24
60303,VILLA MONTES,estado nutricional,clasificacion e,2004-04-01,30,14,30,14,44
31402,VILLA RIVERO,estado nutricional,clasificacion e,2004-04-01,13,7,13,7,20
10801,VILLA SERRANO,estado nutricional,clasificacion e,2004-04-01,35,40,35,40,75
31003,VILLA TUNARI,estado nutricional,clasificacion e,2004-04-01,66,65,66,65,131
11001,VILLA VACA GUZMAN (MUYUPAMPA),estado nutricional,clasificacion e,2004-04-01,11,15,11,15,26
51501,VILLAZON,estado nutricional,clasificacion e,2004-04-01,22,19,22,19,41
30904,VINTO,estado nutricional,clasificacion e,2004-04-01,27,13,27,13,40
50602,VITICHI,estado nutricional,clasificacion e,2004-04-01,14,15,14,15,29
20306,WALDO BALLIVIAN,estado nutricional,clasificacion e,2004-04-01,2,2,2,2,4
70201,WARNES,estado nutricional,clasificacion e,2004-04-01,15,9,15,9,24
20903,YACO,estado nutricional,clasificacion e,2004-04-01,22,9,22,9,31
60301,YACUIBA,estado nutricional,clasificacion e,2004-04-01,4,11,4,11,15
10602,YAMPARAEZ,estado nutricional,clasificacion e,2004-04-01,58,62,58,62,120
21103,YANACACHI,estado nutricional,clasificacion e,2004-04-01,4,2,4,2,6
70403,YAPACANI,estado nutricional,clasificacion e,2004-04-01,43,32,43,32,75
50103,YOCALLA,estado nutricional,clasificacion e,2004-04-01,2,6,2,6,8
10102,YOTALA,estado nutricional,clasificacion e,2004-04-01,27,33,27,33,60
60402,YUNCHARA,estado nutricional,clasificacion e,2004-04-01,13,30,13,30,43
10301,ZUDAÑEZ,estado nutricional,clasificacion e,2004-04-01,17,28,17,28,45
51302,ACACIO,estado nutricional,clasificacion e,2004-05-01,18,32,18,32,50
20201,ACHACACHI,estado nutricional,clasificacion e,2004-05-01,27,2,27,2,29
20104,ACHOCALLA,estado nutricional,clasificacion e,2004-05-01,5,3,5,3,8
30201,AIQUILE,estado nutricional,clasificacion e,2004-05-01,49,29,49,29,78
31303,ALALAY,estado nutricional,clasificacion e,2004-05-01,4,3,4,3,7
10404,ALCALA,estado nutricional,clasificacion e,2004-05-01,10,23,10,23,33
20202,ANCORAIMES,estado nutricional,clasificacion e,2004-05-01,15,6,15,6,21
40603,ANTEQUERA,estado nutricional,clasificacion e,2004-05-01,1,5,1,5,6
30402,ANZALDO,estado nutricional,clasificacion e,2004-05-01,2,0,2,0,2
20701,APOLO,estado nutricional,clasificacion e,2004-05-01,13,13,13,13,26
51301,ARAMPAMPA,estado nutricional,clasificacion e,2004-05-01,19,26,19,26,45
30501,ARANI,estado nutricional,clasificacion e,2004-05-01,16,17,16,17,33
30601,ARQUE,estado nutricional,clasificacion e,2004-05-01,43,32,43,32,75
50802,ATOCHA,estado nutricional,clasificacion e,2004-05-01,13,12,13,12,25
20503,AUCAPATA,estado nutricional,clasificacion e,2004-05-01,13,8,13,8,21
20502,AYATA,estado nutricional,clasificacion e,2004-05-01,30,15,30,15,45
21303,AYO AYO,estado nutricional,clasificacion e,2004-05-01,3,2,3,2,5
30301,AYOPAYA (V. DE INDEPENDENCIA),estado nutricional,clasificacion e,2004-05-01,34,23,34,23,57
10201,AZURDUY,estado nutricional,clasificacion e,2004-05-01,46,73,46,73,119
21203,BATALLAS,estado nutricional,clasificacion e,2004-05-01,6,3,6,3,9
80802,BAURES,estado nutricional,clasificacion e,2004-05-01,1,0,1,0,1
50104,BELEN DE URMIRI,estado nutricional,clasificacion e,2004-05-01,1,1,1,1,2
90104,BELLA FLOR,estado nutricional,clasificacion e,2004-05-01,2,3,2,3,5
60202,BERMEJO,estado nutricional,clasificacion e,2004-05-01,7,2,7,2,9
50301,BETANZOS,estado nutricional,clasificacion e,2004-05-01,95,97,95,97,192
31501,BOLIVAR,estado nutricional,clasificacion e,2004-05-01,27,16,27,16,43
90103,BOLPEBRA,estado nutricional,clasificacion e,2004-05-01,0,4,0,4,4
70707,BOYUIBE,estado nutricional,clasificacion e,2004-05-01,0,2,0,2,2
70401,BUENA VISTA,estado nutricional,clasificacion e,2004-05-01,6,6,6,6,12
70703,CABEZAS,estado nutricional,clasificacion e,2004-05-01,5,8,5,8,13
20905,CAIROMA,estado nutricional,clasificacion e,2004-05-01,28,21,28,21,49
51102,"CAIZA ""D""",estado nutricional,clasificacion e,2004-05-01,13,9,13,9,22
21003,CAJUATA,estado nutricional,clasificacion e,2004-05-01,13,8,13,8,21
20303,CALACOTO,estado nutricional,clasificacion e,2004-05-01,4,1,4,1,5
21304,CALAMARCA,estado nutricional,clasificacion e,2004-05-01,24,22,24,22,46
10701,CAMARGO,estado nutricional,clasificacion e,2004-05-01,11,25,11,25,36
10901,CAMATAQUI (C. VILLA ABECIA),estado nutricional,clasificacion e,2004-05-01,5,4,5,4,9
70706,CAMIRI,estado nutricional,clasificacion e,2004-05-01,23,22,23,22,45
30701,CAPINOTA,estado nutricional,clasificacion e,2004-05-01,20,19,20,19,39
20302,CAQUIAVIRI,estado nutricional,clasificacion e,2004-05-01,6,6,6,6,12
40102,CARACOLLO,estado nutricional,clasificacion e,2004-05-01,14,9,14,9,23
22001,CARANAVI,estado nutricional,clasificacion e,2004-05-01,40,31,40,31,71
60302,CARAPARI,estado nutricional,clasificacion e,2004-05-01,2,5,2,5,7
50702,CARIPUYO,estado nutricional,clasificacion e,2004-05-01,44,40,44,40,84
21803,CHACARILLA,estado nutricional,clasificacion e,2004-05-01,5,1,5,1,6
40201,CHALLAPATA,estado nutricional,clasificacion e,2004-05-01,8,18,8,18,26
50302,CHAQUI,estado nutricional,clasificacion e,2004-05-01,9,10,9,10,19
70702,CHARAGUA,estado nutricional,clasificacion e,2004-05-01,17,22,17,22,39
20305,CHARAÑA,estado nutricional,clasificacion e,2004-05-01,1,0,1,0,1
50202,CHAYANTA,estado nutricional,clasificacion e,2004-05-01,16,17,16,17,33
31204,CHIMORE,estado nutricional,clasificacion e,2004-05-01,1,2,1,2,3
40903,CHIPAYA,estado nutricional,clasificacion e,2004-05-01,1,3,1,3,4
40302,CHOQUE COTA,estado nutricional,clasificacion e,2004-05-01,3,2,3,2,5
21101,CHULUMANI (V. DE LA LIBERTAD),estado nutricional,clasificacion e,2004-05-01,3,0,3,0,3
20501,CHUMA,estado nutricional,clasificacion e,2004-05-01,21,5,21,5,26
30801,CLIZA,estado nutricional,clasificacion e,2004-05-01,33,11,33,11,44
90101,COBIJA,estado nutricional,clasificacion e,2004-05-01,13,8,13,8,21
30101,COCHABAMBA,estado nutricional,clasificacion e,2004-05-01,143,84,143,84,227
40902,COIPASA,estado nutricional,clasificacion e,2004-05-01,1,0,1,0,1
30905,COLCAPIRHUA,estado nutricional,clasificacion e,2004-05-01,16,11,16,11,27
50901,"COLCHA ""K""",estado nutricional,clasificacion e,2004-05-01,7,8,7,8,15
21307,COLLANA,estado nutricional,clasificacion e,2004-05-01,1,0,1,0,1
31002,COLOMI,estado nutricional,clasificacion e,2004-05-01,13,13,13,13,26
50401,COLQUECHACA,estado nutricional,clasificacion e,2004-05-01,67,36,67,36,103
21306,COLQUENCHA,estado nutricional,clasificacion e,2004-05-01,4,8,4,8,12
21004,COLQUIRI,estado nutricional,clasificacion e,2004-05-01,12,9,12,9,21
20304,COMANCHE,estado nutricional,clasificacion e,2004-05-01,2,1,2,1,3
71301,COMARAPA,estado nutricional,clasificacion e,2004-05-01,14,9,14,9,23
20605,COMBAYA,estado nutricional,clasificacion e,2004-05-01,3,0,3,0,3
71101,CONCEPCION,estado nutricional,clasificacion e,2004-05-01,2,1,2,1,3
21701,COPACABANA,estado nutricional,clasificacion e,2004-05-01,1,0,1,0,1
20301,CORO CORO,estado nutricional,clasificacion e,2004-05-01,10,7,10,7,17
21401,COROICO,estado nutricional,clasificacion e,2004-05-01,11,12,11,12,23
40301,CORQUE,estado nutricional,clasificacion e,2004-05-01,8,0,8,0,8
50601,COTAGAITA,estado nutricional,clasificacion e,2004-05-01,60,77,60,77,137
70102,COTOCA,estado nutricional,clasificacion e,2004-05-01,10,4,10,4,14
31405,CUCHUMUELA (V. G. VILLARROEL),estado nutricional,clasificacion e,2004-05-01,3,0,3,0,3
70704,CUEVO,estado nutricional,clasificacion e,2004-05-01,5,3,5,3,8
10902,CULPINA,estado nutricional,clasificacion e,2004-05-01,60,56,60,56,116
40401,CURAHUARA DE CARANGAS,estado nutricional,clasificacion e,2004-05-01,8,5,8,5,13
21602,CURVA,estado nutricional,clasificacion e,2004-05-01,1,0,1,0,1
20105,EL ALTO,estado nutricional,clasificacion e,2004-05-01,458,197,458,197,655
40103,EL CHORO,estado nutricional,clasificacion e,2004-05-01,2,1,2,1,3
71503,EL PUENTE(STC),estado nutricional,clasificacion e,2004-05-01,15,7,15,7,22
60502,EL PUENTE(TJA),estado nutricional,clasificacion e,2004-05-01,0,3,0,3,3
70105,EL TORNO,estado nutricional,clasificacion e,2004-05-01,8,9,8,9,17
10405,EL VILLAR,estado nutricional,clasificacion e,2004-05-01,15,26,15,26,41
60601,ENTRE RIOS,estado nutricional,clasificacion e,2004-05-01,13,7,13,7,20
41101,EUCALIPTUS,estado nutricional,clasificacion e,2004-05-01,3,4,3,4,7
80402,EXALTACION,estado nutricional,clasificacion e,2004-05-01,3,3,3,3,6
90203,FILADELFIA,estado nutricional,clasificacion e,2004-05-01,5,6,5,6,11
71002,GENERAL SAAVEDRA,estado nutricional,clasificacion e,2004-05-01,28,11,28,11,39
21601,GRAL. J.J. PEREZ (CHARAZANI),estado nutricional,clasificacion e,2004-05-01,8,11,8,11,19
20602,GUANAY,estado nutricional,clasificacion e,2004-05-01,21,18,21,18,39
20802,GUAQUI,estado nutricional,clasificacion e,2004-05-01,2,4,2,4,6
80202,GUAYARAMERIN,estado nutricional,clasificacion e,2004-05-01,17,7,17,7,24
70705,GUTIERREZ,estado nutricional,clasificacion e,2004-05-01,25,19,25,19,44
10502,HUACARETA,estado nutricional,clasificacion e,2004-05-01,12,13,12,13,25
11002,HUACAYA (VILLA DE HUACAYA),estado nutricional,clasificacion e,2004-05-01,2,1,2,1,3
40701,HUANUNI,estado nutricional,clasificacion e,2004-05-01,15,4,15,4,19
80803,HUARACAJE,estado nutricional,clasificacion e,2004-05-01,5,0,5,0,5
41601,HUAYLLAMARCA,estado nutricional,clasificacion e,2004-05-01,1,0,1,0,1
21005,ICHOCA,estado nutricional,clasificacion e,2004-05-01,1,8,1,8,9
10304,ICLA,estado nutricional,clasificacion e,2004-05-01,62,55,62,55,117
10703,INCAHUASI,estado nutricional,clasificacion e,2004-05-01,95,65,95,65,160
21001,INQUISIVI,estado nutricional,clasificacion e,2004-05-01,24,17,24,17,41
21102,IRUPANA (VILLA DE LANZA),estado nutricional,clasificacion e,2004-05-01,9,25,9,25,34
21501,IXIAMAS,estado nutricional,clasificacion e,2004-05-01,6,5,6,5,11
21105,LA ASUNTA,estado nutricional,clasificacion e,2004-05-01,7,7,7,7,14
70104,LA GUARDIA,estado nutricional,clasificacion e,2004-05-01,11,9,11,9,20
20101,LA PAZ,estado nutricional,clasificacion e,2004-05-01,312,173,312,173,485
70701,LAGUNILLAS,estado nutricional,clasificacion e,2004-05-01,3,3,3,3,6
21202,LAJA,estado nutricional,clasificacion e,2004-05-01,10,4,10,4,14
10903,LAS CARRERAS,estado nutricional,clasificacion e,2004-05-01,0,2,0,2,2
21006,LICOMA PAMPA,estado nutricional,clasificacion e,2004-05-01,0,3,0,3,3
50203,LLALLAGUA,estado nutricional,clasificacion e,2004-05-01,23,27,23,27,50
51401,LLICA,estado nutricional,clasificacion e,2004-05-01,2,0,2,0,2
20901,LURIBAY,estado nutricional,clasificacion e,2004-05-01,9,6,9,6,15
40702,MACHACAMARCA,estado nutricional,clasificacion e,2004-05-01,4,2,4,2,6
11003,MACHARETI,estado nutricional,clasificacion e,2004-05-01,7,12,7,12,19
80801,MAGDALENA,estado nutricional,clasificacion e,2004-05-01,1,2,1,2,3
70903,MAIRANA,estado nutricional,clasificacion e,2004-05-01,0,4,0,4,4
20904,MALLA,estado nutricional,clasificacion e,2004-05-01,3,3,3,3,6
20103,MECAPACA,estado nutricional,clasificacion e,2004-05-01,3,10,3,10,13
71003,MINEROS,estado nutricional,clasificacion e,2004-05-01,19,18,19,18,37
31301,MIZQUE,estado nutricional,clasificacion e,2004-05-01,17,9,17,9,26
20402,MOCOMOCO,estado nutricional,clasificacion e,2004-05-01,7,14,7,14,21
51002,MOJINETE,estado nutricional,clasificacion e,2004-05-01,3,2,3,2,5
10303,MOJOCOYA,estado nutricional,clasificacion e,2004-05-01,14,11,14,11,25
10501,MONTEAGUDO,estado nutricional,clasificacion e,2004-05-01,30,27,30,27,57
71001,MONTERO,estado nutricional,clasificacion e,2004-05-01,63,37,63,37,100
70803,MORO MORO,estado nutricional,clasificacion e,2004-05-01,1,1,1,1,2
30302,MOROCHATA,estado nutricional,clasificacion e,2004-05-01,45,40,45,40,85
90401,NACEBE (SANTA ROSA DEL ABUNA),estado nutricional,clasificacion e,2004-05-01,3,0,3,0,3
50404,OCURI,estado nutricional,clasificacion e,2004-05-01,46,28,46,28,74
70202,OKINAWA,estado nutricional,clasificacion e,2004-05-01,0,1,0,1,1
30203,OMEREQUE,estado nutricional,clasificacion e,2004-05-01,1,0,1,0,1
40101,ORURO,estado nutricional,clasificacion e,2004-05-01,84,73,84,73,157
60201,PADCAYA,estado nutricional,clasificacion e,2004-05-01,4,4,4,4,8
10401,PADILLA,estado nutricional,clasificacion e,2004-05-01,13,23,13,23,36
70502,PAILON,estado nutricional,clasificacion e,2004-05-01,3,5,3,5,8
20102,PALCA,estado nutricional,clasificacion e,2004-05-01,12,14,12,14,26
21104,PALOS BLANCOS,estado nutricional,clasificacion e,2004-05-01,29,13,29,13,42
40802,PAMPA AULLAGAS,estado nutricional,clasificacion e,2004-05-01,2,1,2,1,3
70902,PAMPA GRANDE,estado nutricional,clasificacion e,2004-05-01,5,2,5,2,7
21802,PAPEL PAMPA,estado nutricional,clasificacion e,2004-05-01,1,1,1,1,2
30202,PASORAPA,estado nutricional,clasificacion e,2004-05-01,2,3,2,3,5
21305,PATACAMAYA,estado nutricional,clasificacion e,2004-05-01,29,11,29,11,40
40602,PAZÑA,estado nutricional,clasificacion e,2004-05-01,3,1,3,1,4
20702,PELECHUCO,estado nutricional,clasificacion e,2004-05-01,13,7,13,7,20
50403,POCOATA,estado nutricional,clasificacion e,2004-05-01,43,49,43,49,92
31203,POCONA,estado nutricional,clasificacion e,2004-05-01,18,11,18,11,29
31202,POJO (CBBA),estado nutricional,clasificacion e,2004-05-01,27,15,27,15,42
40601,POOPO,estado nutricional,clasificacion e,2004-05-01,1,0,1,0,1
51203,PORCO,estado nutricional,clasificacion e,2004-05-01,14,8,14,8,22
10103,POROMA,estado nutricional,clasificacion e,2004-05-01,52,46,52,46,98
70601,PORTACHUELO,estado nutricional,clasificacion e,2004-05-01,5,7,5,7,12
70804,POSTRER VALLE,estado nutricional,clasificacion e,2004-05-01,0,1,0,1,1
50101,POTOSI,estado nutricional,clasificacion e,2004-05-01,173,85,173,85,258
10302,PRESTO,estado nutricional,clasificacion e,2004-05-01,37,29,37,29,66
70805,PUCARA,estado nutricional,clasificacion e,2004-05-01,2,0,2,0,2
21201,PUCARANI,estado nutricional,clasificacion e,2004-05-01,14,7,14,7,21
20401,PUERTO ACOSTA,estado nutricional,clasificacion e,2004-05-01,15,15,15,15,30
20403,PUERTO CARABUCO,estado nutricional,clasificacion e,2004-05-01,15,15,15,15,30
90301,PUERTO GONZALO MORENO,estado nutricional,clasificacion e,2004-05-01,33,64,33,64,97
21204,PUERTO PEREZ,estado nutricional,clasificacion e,2004-05-01,5,4,5,4,9
71402,PUERTO QUIJARRO,estado nutricional,clasificacion e,2004-05-01,3,0,3,0,3
90201,PUERTO RICO,estado nutricional,clasificacion e,2004-05-01,5,1,5,1,6
71401,PUERTO SUAREZ,estado nutricional,clasificacion e,2004-05-01,4,3,4,3,7
31205,PUERTO VILLARROEL,estado nutricional,clasificacion e,2004-05-01,27,23,27,23,50
51101,PUNA,estado nutricional,clasificacion e,2004-05-01,42,34,42,34,76
31401,PUNATA,estado nutricional,clasificacion e,2004-05-01,16,3,16,3,19
20604,QUIABAYA,estado nutricional,clasificacion e,2004-05-01,6,14,6,14,20
30901,QUILLACOLLO,estado nutricional,clasificacion e,2004-05-01,25,14,25,14,39
21002,QUIME,estado nutricional,clasificacion e,2004-05-01,14,14,14,14,28
50402,RAVELO,estado nutricional,clasificacion e,2004-05-01,91,67,91,67,158
80301,REYES,estado nutricional,clasificacion e,2004-05-01,12,23,12,23,35
80201,RIBERALTA,estado nutricional,clasificacion e,2004-05-01,91,75,91,75,166
70503,ROBORE,estado nutricional,clasificacion e,2004-05-01,6,1,6,1,7
80304,RURRENABAQUE,estado nutricional,clasificacion e,2004-05-01,5,5,5,5,10
31001,SACABA,estado nutricional,clasificacion e,2004-05-01,41,30,41,30,71
30404,SACABAMBA,estado nutricional,clasificacion e,2004-05-01,5,10,5,10,15
50701,SACACA,estado nutricional,clasificacion e,2004-05-01,51,54,51,54,105
71302,SAIPINA,estado nutricional,clasificacion e,2004-05-01,0,2,0,2,2
40801,SALINAS DE GARCI MENDOZA,estado nutricional,clasificacion e,2004-05-01,6,1,6,1,7
70901,SAMAIPATA,estado nutricional,clasificacion e,2004-05-01,3,0,3,0,3
51601,SAN AGUSTIN,estado nutricional,clasificacion e,2004-05-01,1,0,1,0,1
80602,SAN ANDRES,estado nutricional,clasificacion e,2004-05-01,4,2,4,2,6
51003,SAN ANTONIO DE ESMORUCO,estado nutricional,clasificacion e,2004-05-01,1,0,1,0,1
71105,SAN ANTONIO DE LOMERIO,estado nutricional,clasificacion e,2004-05-01,27,32,27,32,59
31403,SAN BENITO,estado nutricional,clasificacion e,2004-05-01,11,8,11,8,19
80302,SAN BORJA,estado nutricional,clasificacion e,2004-05-01,50,19,50,19,69
21502,SAN BUENA VENTURA,estado nutricional,clasificacion e,2004-05-01,8,3,8,3,11
70402,SAN CARLOS,estado nutricional,clasificacion e,2004-05-01,11,7,11,7,18
80501,SAN IGNACIO,estado nutricional,clasificacion e,2004-05-01,15,17,15,17,32
70301,SAN IGNACIO DE VELASCO,estado nutricional,clasificacion e,2004-05-01,54,30,54,30,84
80102,SAN JAVIER(BNI),estado nutricional,clasificacion e,2004-05-01,2,2,2,2,4
71102,SAN JAVIER(STC),estado nutricional,clasificacion e,2004-05-01,8,4,8,4,12
80701,SAN JOAQUIN,estado nutricional,clasificacion e,2004-05-01,1,2,1,2,3
70501,SAN JOSE DE CHIQUITOS,estado nutricional,clasificacion e,2004-05-01,9,2,9,2,11
71104,SAN JULIAN,estado nutricional,clasificacion e,2004-05-01,22,31,22,31,53
90302,SAN LORENZO(PND),estado nutricional,clasificacion e,2004-05-01,12,7,12,7,19
60501,SAN LORENZO(TJA),estado nutricional,clasificacion e,2004-05-01,11,16,11,16,27
10702,SAN LUCAS,estado nutricional,clasificacion e,2004-05-01,154,118,154,118,272
71201,SAN MATIAS,estado nutricional,clasificacion e,2004-05-01,9,7,9,7,16
70302,SAN MIGUEL DE VELASCO,estado nutricional,clasificacion e,2004-05-01,12,10,12,10,22
51001,SAN PABLO DE LIPEZ,estado nutricional,clasificacion e,2004-05-01,2,0,2,0,2
50501,SAN PEDRO DE BUENA VISTA,estado nutricional,clasificacion e,2004-05-01,41,70,41,70,111
21801,SAN PEDRO DE CURAHUARA,estado nutricional,clasificacion e,2004-05-01,2,2,2,2,4
70303,SAN RAFAEL,estado nutricional,clasificacion e,2004-05-01,2,3,2,3,5
80401,SANTA ANA,estado nutricional,clasificacion e,2004-05-01,4,2,4,2,6
70101,SANTA CRUZ DE LA SIERRA,estado nutricional,clasificacion e,2004-05-01,108,51,108,51,159
80303,SANTA ROSA,estado nutricional,clasificacion e,2004-05-01,2,1,2,1,3
70602,SANTA ROSA DEL SARA,estado nutricional,clasificacion e,2004-05-01,4,1,4,1,5
20308,SANTIAGO DE CALLAPA,estado nutricional,clasificacion e,2004-05-01,4,3,4,3,7
41401,SANTIAGO DE HUARI,estado nutricional,clasificacion e,2004-05-01,5,11,5,11,16
21901,SANTIAGO DE MACHACA,estado nutricional,clasificacion e,2004-05-01,0,1,0,1,1
30702,SANTIVAÑES,estado nutricional,clasificacion e,2004-05-01,10,7,10,7,17
40202,SANTUARIO DE QUILLACAS,estado nutricional,clasificacion e,2004-05-01,1,0,1,0,1
20902,SAPAHAQUI,estado nutricional,clasificacion e,2004-05-01,13,12,13,12,25
90303,SENA,estado nutricional,clasificacion e,2004-05-01,6,4,6,4,10
21301,SICA SICA (VILLA AROMA),estado nutricional,clasificacion e,2004-05-01,31,26,31,26,57
30703,SICAYA,estado nutricional,clasificacion e,2004-05-01,7,1,7,1,8
30902,SIPE SIPE,estado nutricional,clasificacion e,2004-05-01,23,20,23,20,43
10403,SOPACHUY,estado nutricional,clasificacion e,2004-05-01,38,41,38,41,79
20601,SORATA,estado nutricional,clasificacion e,2004-05-01,5,6,5,6,11
10101,SUCRE,estado nutricional,clasificacion e,2004-05-01,127,107,127,107,234
31404,TACACHI,estado nutricional,clasificacion e,2004-05-01,2,0,2,0,2
20603,TACACOMA,estado nutricional,clasificacion e,2004-05-01,2,0,2,0,2
50303,TACOBAMBA,estado nutricional,clasificacion e,2004-05-01,14,8,14,8,22
30602,TACOPAYA,estado nutricional,clasificacion e,2004-05-01,40,52,40,52,92
51402,TAHUA,estado nutricional,clasificacion e,2004-05-01,1,0,1,0,1
31101,TAPACARI,estado nutricional,clasificacion e,2004-05-01,69,24,69,24,93
10601,TARABUCO,estado nutricional,clasificacion e,2004-05-01,105,117,105,117,222
30401,TARATA,estado nutricional,clasificacion e,2004-05-01,9,5,9,5,14
60101,TARIJA,estado nutricional,clasificacion e,2004-05-01,27,37,27,37,64
10202,TARVITA,estado nutricional,clasificacion e,2004-05-01,46,83,46,83,129
20803,TIAWANACU,estado nutricional,clasificacion e,2004-05-01,0,3,0,3,3
50102,TINGUIPAYA,estado nutricional,clasificacion e,2004-05-01,39,41,39,41,80
20606,TIPUANI,estado nutricional,clasificacion e,2004-05-01,3,2,3,2,5
30903,TIQUIPAYA,estado nutricional,clasificacion e,2004-05-01,14,9,14,9,23
31601,TIRAQUE (CBBA),estado nutricional,clasificacion e,2004-05-01,47,20,47,20,67
21703,TITO YUPANQUI (PARQUIPUJIO),estado nutricional,clasificacion e,2004-05-01,3,2,3,2,5
30802,TOCO,estado nutricional,clasificacion e,2004-05-01,20,62,20,62,82
41001,TOLEDO,estado nutricional,clasificacion e,2004-05-01,0,1,0,1,1
51202,TOMAVE,estado nutricional,clasificacion e,2004-05-01,20,12,20,12,32
10402,TOMINA,estado nutricional,clasificacion e,2004-05-01,34,58,34,58,92
50502,TORO TORO,estado nutricional,clasificacion e,2004-05-01,45,26,45,26,71
31201,TOTORA(CBBA),estado nutricional,clasificacion e,2004-05-01,11,6,11,6,17
41301,TOTORA(ORR),estado nutricional,clasificacion e,2004-05-01,9,6,9,6,15
80101,TRINIDAD,estado nutricional,clasificacion e,2004-05-01,18,13,18,13,31
50801,TUPIZA,estado nutricional,clasificacion e,2004-05-01,34,38,34,38,72
21302,UMALA,estado nutricional,clasificacion e,2004-05-01,1,2,1,2,3
50201,UNCIA,estado nutricional,clasificacion e,2004-05-01,14,24,14,24,38
60401,URIONDO (A. CONCEPCION),estado nutricional,clasificacion e,2004-05-01,3,5,3,5,8
71502,URUBICHA,estado nutricional,clasificacion e,2004-05-01,12,3,12,3,15
51201,UYUNI,estado nutricional,clasificacion e,2004-05-01,7,9,7,9,16
30502,VACAS,estado nutricional,clasificacion e,2004-05-01,4,3,4,3,7
70801,VALLEGRANDE,estado nutricional,clasificacion e,2004-05-01,2,8,2,8,10
20801,VIACHA,estado nutricional,clasificacion e,2004-05-01,31,11,31,11,42
31302,VILA VILA,estado nutricional,clasificacion e,2004-05-01,13,12,13,12,25
60303,VILLA MONTES,estado nutricional,clasificacion e,2004-05-01,10,6,10,6,16
31402,VILLA RIVERO,estado nutricional,clasificacion e,2004-05-01,1,1,1,1,2
10801,VILLA SERRANO,estado nutricional,clasificacion e,2004-05-01,33,47,33,47,80
31003,VILLA TUNARI,estado nutricional,clasificacion e,2004-05-01,43,51,43,51,94
11001,VILLA VACA GUZMAN (MUYUPAMPA),estado nutricional,clasificacion e,2004-05-01,19,11,19,11,30
51501,VILLAZON,estado nutricional,clasificacion e,2004-05-01,11,14,11,14,25
50602,VITICHI,estado nutricional,clasificacion e,2004-05-01,21,34,21,34,55
70201,WARNES,estado nutricional,clasificacion e,2004-05-01,3,3,3,3,6
20903,YACO,estado nutricional,clasificacion e,2004-05-01,12,9,12,9,21
60301,YACUIBA,estado nutricional,clasificacion e,2004-05-01,3,5,3,5,8
10602,YAMPARAEZ,estado nutricional,clasificacion e,2004-05-01,61,56,61,56,117
70403,YAPACANI,estado nutricional,clasificacion e,2004-05-01,30,25,30,25,55
50103,YOCALLA,estado nutricional,clasificacion e,2004-05-01,4,4,4,4,8
10102,YOTALA,estado nutricional,clasificacion e,2004-05-01,31,26,31,26,57
60402,YUNCHARA,estado nutricional,clasificacion e,2004-05-01,16,32,16,32,48
10301,ZUDAÑEZ,estado nutricional,clasificacion e,2004-05-01,16,24,16,24,40
51302,ACACIO,estado nutricional,clasificacion e,2004-06-01,12,21,12,21,33
20201,ACHACACHI,estado nutricional,clasificacion e,2004-06-01,14,3,14,3,17
20104,ACHOCALLA,estado nutricional,clasificacion e,2004-06-01,7,0,7,0,7
30201,AIQUILE,estado nutricional,clasificacion e,2004-06-01,11,9,11,9,20
31303,ALALAY,estado nutricional,clasificacion e,2004-06-01,3,1,3,1,4
10404,ALCALA,estado nutricional,clasificacion e,2004-06-01,6,18,6,18,24
20202,ANCORAIMES,estado nutricional,clasificacion e,2004-06-01,11,9,11,9,20
41201,ANDAMARCA,estado nutricional,clasificacion e,2004-06-01,3,3,3,3,6
40603,ANTEQUERA,estado nutricional,clasificacion e,2004-06-01,3,1,3,1,4
30402,ANZALDO,estado nutricional,clasificacion e,2004-06-01,6,15,6,15,21
20701,APOLO,estado nutricional,clasificacion e,2004-06-01,24,10,24,10,34
51301,ARAMPAMPA,estado nutricional,clasificacion e,2004-06-01,18,10,18,10,28
30501,ARANI,estado nutricional,clasificacion e,2004-06-01,12,9,12,9,21
30403,ARBIETO,estado nutricional,clasificacion e,2004-06-01,3,4,3,4,7
30601,ARQUE,estado nutricional,clasificacion e,2004-06-01,28,14,28,14,42
71501,ASCENCION DE GUARAYOS,estado nutricional,clasificacion e,2004-06-01,45,39,45,39,84
50802,ATOCHA,estado nutricional,clasificacion e,2004-06-01,22,21,22,21,43
20503,AUCAPATA,estado nutricional,clasificacion e,2004-06-01,10,10,10,10,20
20502,AYATA,estado nutricional,clasificacion e,2004-06-01,16,10,16,10,26
21303,AYO AYO,estado nutricional,clasificacion e,2004-06-01,2,0,2,0,2
30301,AYOPAYA (V. DE INDEPENDENCIA),estado nutricional,clasificacion e,2004-06-01,25,12,25,12,37
10201,AZURDUY,estado nutricional,clasificacion e,2004-06-01,36,57,36,57,93
21203,BATALLAS,estado nutricional,clasificacion e,2004-06-01,2,2,2,2,4
80802,BAURES,estado nutricional,clasificacion e,2004-06-01,2,1,2,1,3
41202,BELEN DE ANDAMARCA,estado nutricional,clasificacion e,2004-06-01,2,0,2,0,2
50104,BELEN DE URMIRI,estado nutricional,clasificacion e,2004-06-01,1,0,1,0,1
90104,BELLA FLOR,estado nutricional,clasificacion e,2004-06-01,1,7,1,7,8
60202,BERMEJO,estado nutricional,clasificacion e,2004-06-01,5,0,5,0,5
50301,BETANZOS,estado nutricional,clasificacion e,2004-06-01,52,68,52,68,120
31501,BOLIVAR,estado nutricional,clasificacion e,2004-06-01,34,30,34,30,64
90103,BOLPEBRA,estado nutricional,clasificacion e,2004-06-01,0,2,0,2,2
70707,BOYUIBE,estado nutricional,clasificacion e,2004-06-01,2,1,2,1,3
70401,BUENA VISTA,estado nutricional,clasificacion e,2004-06-01,6,9,6,9,15
70703,CABEZAS,estado nutricional,clasificacion e,2004-06-01,6,6,6,6,12
20905,CAIROMA,estado nutricional,clasificacion e,2004-06-01,44,17,44,17,61
51102,"CAIZA ""D""",estado nutricional,clasificacion e,2004-06-01,35,31,35,31,66
21003,CAJUATA,estado nutricional,clasificacion e,2004-06-01,11,5,11,5,16
20303,CALACOTO,estado nutricional,clasificacion e,2004-06-01,1,5,1,5,6
21304,CALAMARCA,estado nutricional,clasificacion e,2004-06-01,59,39,59,39,98
10701,CAMARGO,estado nutricional,clasificacion e,2004-06-01,17,14,17,14,31
10901,CAMATAQUI (C. VILLA ABECIA),estado nutricional,clasificacion e,2004-06-01,7,4,7,4,11
70706,CAMIRI,estado nutricional,clasificacion e,2004-06-01,37,18,37,18,55
30701,CAPINOTA,estado nutricional,clasificacion e,2004-06-01,7,2,7,2,9
20302,CAQUIAVIRI,estado nutricional,clasificacion e,2004-06-01,3,7,3,7,10
40102,CARACOLLO,estado nutricional,clasificacion e,2004-06-01,7,7,7,7,14
22001,CARANAVI,estado nutricional,clasificacion e,2004-06-01,45,27,45,27,72
50702,CARIPUYO,estado nutricional,clasificacion e,2004-06-01,40,38,40,38,78
40201,CHALLAPATA,estado nutricional,clasificacion e,2004-06-01,18,20,18,20,38
50302,CHAQUI,estado nutricional,clasificacion e,2004-06-01,12,7,12,7,19
70702,CHARAGUA,estado nutricional,clasificacion e,2004-06-01,23,20,23,20,43
20305,CHARAÑA,estado nutricional,clasificacion e,2004-06-01,2,1,2,1,3
50202,CHAYANTA,estado nutricional,clasificacion e,2004-06-01,12,7,12,7,19
31204,CHIMORE,estado nutricional,clasificacion e,2004-06-01,2,1,2,1,3
40903,CHIPAYA,estado nutricional,clasificacion e,2004-06-01,0,1,0,1,1
20501,CHUMA,estado nutricional,clasificacion e,2004-06-01,9,7,9,7,16
30801,CLIZA,estado nutricional,clasificacion e,2004-06-01,55,16,55,16,71
90101,COBIJA,estado nutricional,clasificacion e,2004-06-01,16,19,16,19,35
30101,COCHABAMBA,estado nutricional,clasificacion e,2004-06-01,141,99,141,99,240
30905,COLCAPIRHUA,estado nutricional,clasificacion e,2004-06-01,7,2,7,2,9
50901,"COLCHA ""K""",estado nutricional,clasificacion e,2004-06-01,3,6,3,6,9
21307,COLLANA,estado nutricional,clasificacion e,2004-06-01,1,0,1,0,1
31002,COLOMI,estado nutricional,clasificacion e,2004-06-01,27,12,27,12,39
50401,COLQUECHACA,estado nutricional,clasificacion e,2004-06-01,71,30,71,30,101
21306,COLQUENCHA,estado nutricional,clasificacion e,2004-06-01,4,8,4,8,12
21004,COLQUIRI,estado nutricional,clasificacion e,2004-06-01,16,17,16,17,33
71301,COMARAPA,estado nutricional,clasificacion e,2004-06-01,15,9,15,9,24
20605,COMBAYA,estado nutricional,clasificacion e,2004-06-01,2,1,2,1,3
71101,CONCEPCION,estado nutricional,clasificacion e,2004-06-01,0,1,0,1,1
21701,COPACABANA,estado nutricional,clasificacion e,2004-06-01,8,1,8,1,9
20301,CORO CORO,estado nutricional,clasificacion e,2004-06-01,2,2,2,2,4
21401,COROICO,estado nutricional,clasificacion e,2004-06-01,2,6,2,6,8
40301,CORQUE,estado nutricional,clasificacion e,2004-06-01,8,3,8,3,11
50601,COTAGAITA,estado nutricional,clasificacion e,2004-06-01,22,21,22,21,43
70102,COTOCA,estado nutricional,clasificacion e,2004-06-01,6,3,6,3,9
31405,CUCHUMUELA (V. G. VILLARROEL),estado nutricional,clasificacion e,2004-06-01,1,0,1,0,1
70704,CUEVO,estado nutricional,clasificacion e,2004-06-01,2,2,2,2,4
10902,CULPINA,estado nutricional,clasificacion e,2004-06-01,53,50,53,50,103
40401,CURAHUARA DE CARANGAS,estado nutricional,clasificacion e,2004-06-01,0,8,0,8,8
21602,CURVA,estado nutricional,clasificacion e,2004-06-01,4,2,4,2,6
20804,DESAGUADERO,estado nutricional,clasificacion e,2004-06-01,1,0,1,0,1
20105,EL ALTO,estado nutricional,clasificacion e,2004-06-01,554,263,554,263,817
40103,EL CHORO,estado nutricional,clasificacion e,2004-06-01,3,0,3,0,3
71503,EL PUENTE(STC),estado nutricional,clasificacion e,2004-06-01,12,10,12,10,22
60502,EL PUENTE(TJA),estado nutricional,clasificacion e,2004-06-01,6,11,6,11,17
70105,EL TORNO,estado nutricional,clasificacion e,2004-06-01,13,10,13,10,23
10405,EL VILLAR,estado nutricional,clasificacion e,2004-06-01,11,15,11,15,26
60601,ENTRE RIOS,estado nutricional,clasificacion e,2004-06-01,2,3,2,3,5
41101,EUCALIPTUS,estado nutricional,clasificacion e,2004-06-01,4,3,4,3,7
80402,EXALTACION,estado nutricional,clasificacion e,2004-06-01,3,1,3,1,4
90203,FILADELFIA,estado nutricional,clasificacion e,2004-06-01,2,6,2,6,8
71002,GENERAL SAAVEDRA,estado nutricional,clasificacion e,2004-06-01,24,21,24,21,45
21601,GRAL. J.J. PEREZ (CHARAZANI),estado nutricional,clasificacion e,2004-06-01,13,16,13,16,29
20602,GUANAY,estado nutricional,clasificacion e,2004-06-01,19,11,19,11,30
20802,GUAQUI,estado nutricional,clasificacion e,2004-06-01,1,3,1,3,4
80202,GUAYARAMERIN,estado nutricional,clasificacion e,2004-06-01,32,17,32,17,49
70705,GUTIERREZ,estado nutricional,clasificacion e,2004-06-01,39,47,39,47,86
10502,HUACARETA,estado nutricional,clasificacion e,2004-06-01,13,9,13,9,22
11002,HUACAYA (VILLA DE HUACAYA),estado nutricional,clasificacion e,2004-06-01,2,0,2,0,2
40501,HUACHACALLA,estado nutricional,clasificacion e,2004-06-01,0,1,0,1,1
40701,HUANUNI,estado nutricional,clasificacion e,2004-06-01,13,4,13,4,17
80803,HUARACAJE,estado nutricional,clasificacion e,2004-06-01,4,3,4,3,7
41601,HUAYLLAMARCA,estado nutricional,clasificacion e,2004-06-01,2,0,2,0,2
21005,ICHOCA,estado nutricional,clasificacion e,2004-06-01,3,2,3,2,5
10304,ICLA,estado nutricional,clasificacion e,2004-06-01,70,56,70,56,126
10703,INCAHUASI,estado nutricional,clasificacion e,2004-06-01,96,63,96,63,159
21001,INQUISIVI,estado nutricional,clasificacion e,2004-06-01,21,15,21,15,36
21102,IRUPANA (VILLA DE LANZA),estado nutricional,clasificacion e,2004-06-01,6,4,6,4,10
21501,IXIAMAS,estado nutricional,clasificacion e,2004-06-01,8,10,8,10,18
21105,LA ASUNTA,estado nutricional,clasificacion e,2004-06-01,19,14,19,14,33
70104,LA GUARDIA,estado nutricional,clasificacion e,2004-06-01,8,10,8,10,18
20101,LA PAZ,estado nutricional,clasificacion e,2004-06-01,344,235,344,235,579
70701,LAGUNILLAS,estado nutricional,clasificacion e,2004-06-01,5,6,5,6,11
21202,LAJA,estado nutricional,clasificacion e,2004-06-01,1,2,1,2,3
10903,LAS CARRERAS,estado nutricional,clasificacion e,2004-06-01,8,10,8,10,18
50203,LLALLAGUA,estado nutricional,clasificacion e,2004-06-01,46,59,46,59,105
51401,LLICA,estado nutricional,clasificacion e,2004-06-01,1,0,1,0,1
20901,LURIBAY,estado nutricional,clasificacion e,2004-06-01,10,4,10,4,14
40702,MACHACAMARCA,estado nutricional,clasificacion e,2004-06-01,1,3,1,3,4
11003,MACHARETI,estado nutricional,clasificacion e,2004-06-01,4,13,4,13,17
80801,MAGDALENA,estado nutricional,clasificacion e,2004-06-01,5,3,5,3,8
70903,MAIRANA,estado nutricional,clasificacion e,2004-06-01,6,3,6,3,9
20904,MALLA,estado nutricional,clasificacion e,2004-06-01,1,1,1,1,2
20103,MECAPACA,estado nutricional,clasificacion e,2004-06-01,2,5,2,5,7
71003,MINEROS,estado nutricional,clasificacion e,2004-06-01,47,19,47,19,66
31301,MIZQUE,estado nutricional,clasificacion e,2004-06-01,14,6,14,6,20
20402,MOCOMOCO,estado nutricional,clasificacion e,2004-06-01,18,9,18,9,27
51002,MOJINETE,estado nutricional,clasificacion e,2004-06-01,0,1,0,1,1
10303,MOJOCOYA,estado nutricional,clasificacion e,2004-06-01,16,13,16,13,29
10501,MONTEAGUDO,estado nutricional,clasificacion e,2004-06-01,23,24,23,24,47
71001,MONTERO,estado nutricional,clasificacion e,2004-06-01,84,37,84,37,121
70803,MORO MORO,estado nutricional,clasificacion e,2004-06-01,6,1,6,1,7
30302,MOROCHATA,estado nutricional,clasificacion e,2004-06-01,53,28,53,28,81
90401,NACEBE (SANTA ROSA DEL ABUNA),estado nutricional,clasificacion e,2004-06-01,0,1,0,1,1
90501,NUEVO MANOA (NUEVA ESPERANZA),estado nutricional,clasificacion e,2004-06-01,2,0,2,0,2
50404,OCURI,estado nutricional,clasificacion e,2004-06-01,66,45,66,45,111
70202,OKINAWA,estado nutricional,clasificacion e,2004-06-01,5,0,5,0,5
30203,OMEREQUE,estado nutricional,clasificacion e,2004-06-01,5,0,5,0,5
40101,ORURO,estado nutricional,clasificacion e,2004-06-01,89,86,89,86,175
60201,PADCAYA,estado nutricional,clasificacion e,2004-06-01,6,1,6,1,7
10401,PADILLA,estado nutricional,clasificacion e,2004-06-01,31,42,31,42,73
70502,PAILON,estado nutricional,clasificacion e,2004-06-01,7,1,7,1,8
20102,PALCA,estado nutricional,clasificacion e,2004-06-01,3,1,3,1,4
21104,PALOS BLANCOS,estado nutricional,clasificacion e,2004-06-01,36,34,36,34,70
40802,PAMPA AULLAGAS,estado nutricional,clasificacion e,2004-06-01,1,1,1,1,2
70902,PAMPA GRANDE,estado nutricional,clasificacion e,2004-06-01,4,4,4,4,8
21802,PAPEL PAMPA,estado nutricional,clasificacion e,2004-06-01,3,3,3,3,6
30202,PASORAPA,estado nutricional,clasificacion e,2004-06-01,2,1,2,1,3
21305,PATACAMAYA,estado nutricional,clasificacion e,2004-06-01,50,42,50,42,92
40602,PAZÑA,estado nutricional,clasificacion e,2004-06-01,2,2,2,2,4
20702,PELECHUCO,estado nutricional,clasificacion e,2004-06-01,6,6,6,6,12
50403,POCOATA,estado nutricional,clasificacion e,2004-06-01,63,74,63,74,137
31203,POCONA,estado nutricional,clasificacion e,2004-06-01,25,9,25,9,34
31202,POJO (CBBA),estado nutricional,clasificacion e,2004-06-01,22,22,22,22,44
40601,POOPO,estado nutricional,clasificacion e,2004-06-01,4,7,4,7,11
51203,PORCO,estado nutricional,clasificacion e,2004-06-01,4,7,4,7,11
10103,POROMA,estado nutricional,clasificacion e,2004-06-01,29,55,29,55,84
70601,PORTACHUELO,estado nutricional,clasificacion e,2004-06-01,10,3,10,3,13
70804,POSTRER VALLE,estado nutricional,clasificacion e,2004-06-01,0,4,0,4,4
50101,POTOSI,estado nutricional,clasificacion e,2004-06-01,168,96,168,96,264
10302,PRESTO,estado nutricional,clasificacion e,2004-06-01,20,16,20,16,36
70805,PUCARA,estado nutricional,clasificacion e,2004-06-01,1,1,1,1,2
21201,PUCARANI,estado nutricional,clasificacion e,2004-06-01,8,3,8,3,11
20401,PUERTO ACOSTA,estado nutricional,clasificacion e,2004-06-01,9,19,9,19,28
20403,PUERTO CARABUCO,estado nutricional,clasificacion e,2004-06-01,15,14,15,14,29
90301,PUERTO GONZALO MORENO,estado nutricional,clasificacion e,2004-06-01,3,6,3,6,9
21204,PUERTO PEREZ,estado nutricional,clasificacion e,2004-06-01,2,0,2,0,2
71402,PUERTO QUIJARRO,estado nutricional,clasificacion e,2004-06-01,9,1,9,1,10
90201,PUERTO RICO,estado nutricional,clasificacion e,2004-06-01,3,1,3,1,4
71401,PUERTO SUAREZ,estado nutricional,clasificacion e,2004-06-01,6,1,6,1,7
31205,PUERTO VILLARROEL,estado nutricional,clasificacion e,2004-06-01,74,55,74,55,129
51101,PUNA,estado nutricional,clasificacion e,2004-06-01,54,35,54,35,89
31401,PUNATA,estado nutricional,clasificacion e,2004-06-01,16,5,16,5,21
20604,QUIABAYA,estado nutricional,clasificacion e,2004-06-01,2,6,2,6,8
30901,QUILLACOLLO,estado nutricional,clasificacion e,2004-06-01,43,48,43,48,91
21002,QUIME,estado nutricional,clasificacion e,2004-06-01,9,13,9,13,22
70904,QUIRUSILLAS,estado nutricional,clasificacion e,2004-06-01,0,1,0,1,1
50402,RAVELO,estado nutricional,clasificacion e,2004-06-01,73,75,73,75,148
80301,REYES,estado nutricional,clasificacion e,2004-06-01,15,12,15,12,27
80201,RIBERALTA,estado nutricional,clasificacion e,2004-06-01,174,130,174,130,304
70503,ROBORE,estado nutricional,clasificacion e,2004-06-01,12,4,12,4,16
80304,RURRENABAQUE,estado nutricional,clasificacion e,2004-06-01,12,4,12,4,16
40901,SABAYA,estado nutricional,clasificacion e,2004-06-01,1,1,1,1,2
31001,SACABA,estado nutricional,clasificacion e,2004-06-01,25,14,25,14,39
30404,SACABAMBA,estado nutricional,clasificacion e,2004-06-01,7,10,7,10,17
50701,SACACA,estado nutricional,clasificacion e,2004-06-01,132,138,132,138,270
71302,SAIPINA,estado nutricional,clasificacion e,2004-06-01,3,2,3,2,5
40801,SALINAS DE GARCI MENDOZA,estado nutricional,clasificacion e,2004-06-01,7,3,7,3,10
70901,SAMAIPATA,estado nutricional,clasificacion e,2004-06-01,2,2,2,2,4
80602,SAN ANDRES,estado nutricional,clasificacion e,2004-06-01,10,4,10,4,14
51003,SAN ANTONIO DE ESMORUCO,estado nutricional,clasificacion e,2004-06-01,1,3,1,3,4
71105,SAN ANTONIO DE LOMERIO,estado nutricional,clasificacion e,2004-06-01,18,25,18,25,43
31403,SAN BENITO,estado nutricional,clasificacion e,2004-06-01,8,6,8,6,14
80302,SAN BORJA,estado nutricional,clasificacion e,2004-06-01,19,19,19,19,38
21502,SAN BUENA VENTURA,estado nutricional,clasificacion e,2004-06-01,6,3,6,3,9
70402,SAN CARLOS,estado nutricional,clasificacion e,2004-06-01,6,9,6,9,15
80501,SAN IGNACIO,estado nutricional,clasificacion e,2004-06-01,13,14,13,14,27
70301,SAN IGNACIO DE VELASCO,estado nutricional,clasificacion e,2004-06-01,68,52,68,52,120
80102,SAN JAVIER(BNI),estado nutricional,clasificacion e,2004-06-01,2,5,2,5,7
71102,SAN JAVIER(STC),estado nutricional,clasificacion e,2004-06-01,7,9,7,9,16
80701,SAN JOAQUIN,estado nutricional,clasificacion e,2004-06-01,0,1,0,1,1
70501,SAN JOSE DE CHIQUITOS,estado nutricional,clasificacion e,2004-06-01,13,3,13,3,16
71104,SAN JULIAN,estado nutricional,clasificacion e,2004-06-01,19,26,19,26,45
90302,SAN LORENZO(PND),estado nutricional,clasificacion e,2004-06-01,1,1,1,1,2
60501,SAN LORENZO(TJA),estado nutricional,clasificacion e,2004-06-01,12,22,12,22,34
10702,SAN LUCAS,estado nutricional,clasificacion e,2004-06-01,139,99,139,99,238
71201,SAN MATIAS,estado nutricional,clasificacion e,2004-06-01,6,3,6,3,9
70302,SAN MIGUEL DE VELASCO,estado nutricional,clasificacion e,2004-06-01,12,12,12,12,24
51001,SAN PABLO DE LIPEZ,estado nutricional,clasificacion e,2004-06-01,2,5,2,5,7
50501,SAN PEDRO DE BUENA VISTA,estado nutricional,clasificacion e,2004-06-01,45,76,45,76,121
21801,SAN PEDRO DE CURAHUARA,estado nutricional,clasificacion e,2004-06-01,5,2,5,2,7
90202,SAN PEDRO(PND),estado nutricional,clasificacion e,2004-06-01,5,1,5,1,6
70303,SAN RAFAEL,estado nutricional,clasificacion e,2004-06-01,11,8,11,8,19
80702,SAN RAMON,estado nutricional,clasificacion e,2004-06-01,4,0,4,0,4
80702,SAN RAMON,estado nutricional,clasificacion e,2004-06-01,2,1,2,1,3
80401,SANTA ANA,estado nutricional,clasificacion e,2004-06-01,6,3,6,3,9
70101,SANTA CRUZ DE LA SIERRA,estado nutricional,clasificacion e,2004-06-01,180,60,180,60,240
80303,SANTA ROSA,estado nutricional,clasificacion e,2004-06-01,4,3,4,3,7
70602,SANTA ROSA DEL SARA,estado nutricional,clasificacion e,2004-06-01,2,2,2,2,4
20308,SANTIAGO DE CALLAPA,estado nutricional,clasificacion e,2004-06-01,2,2,2,2,4
41401,SANTIAGO DE HUARI,estado nutricional,clasificacion e,2004-06-01,2,4,2,4,6
21901,SANTIAGO DE MACHACA,estado nutricional,clasificacion e,2004-06-01,2,0,2,0,2
30702,SANTIVAÑES,estado nutricional,clasificacion e,2004-06-01,5,4,5,4,9
40202,SANTUARIO DE QUILLACAS,estado nutricional,clasificacion e,2004-06-01,1,0,1,0,1
20902,SAPAHAQUI,estado nutricional,clasificacion e,2004-06-01,8,6,8,6,14
90303,SENA,estado nutricional,clasificacion e,2004-06-01,9,2,9,2,11
21301,SICA SICA (VILLA AROMA),estado nutricional,clasificacion e,2004-06-01,41,19,41,19,60
30703,SICAYA,estado nutricional,clasificacion e,2004-06-01,5,3,5,3,8
30902,SIPE SIPE,estado nutricional,clasificacion e,2004-06-01,52,25,52,25,77
10403,SOPACHUY,estado nutricional,clasificacion e,2004-06-01,12,16,12,16,28
20601,SORATA,estado nutricional,clasificacion e,2004-06-01,7,2,7,2,9
10101,SUCRE,estado nutricional,clasificacion e,2004-06-01,113,106,113,106,219
31404,TACACHI,estado nutricional,clasificacion e,2004-06-01,2,0,2,0,2
20603,TACACOMA,estado nutricional,clasificacion e,2004-06-01,1,5,1,5,6
50303,TACOBAMBA,estado nutricional,clasificacion e,2004-06-01,33,20,33,20,53
30602,TACOPAYA,estado nutricional,clasificacion e,2004-06-01,22,35,22,35,57
31101,TAPACARI,estado nutricional,clasificacion e,2004-06-01,30,14,30,14,44
10601,TARABUCO,estado nutricional,clasificacion e,2004-06-01,118,116,118,116,234
30401,TARATA,estado nutricional,clasificacion e,2004-06-01,10,5,10,5,15
60101,TARIJA,estado nutricional,clasificacion e,2004-06-01,98,60,98,60,158
10202,TARVITA,estado nutricional,clasificacion e,2004-06-01,17,21,17,21,38
20803,TIAWANACU,estado nutricional,clasificacion e,2004-06-01,0,1,0,1,1
50102,TINGUIPAYA,estado nutricional,clasificacion e,2004-06-01,34,73,34,73,107
20606,TIPUANI,estado nutricional,clasificacion e,2004-06-01,2,0,2,0,2
30903,TIQUIPAYA,estado nutricional,clasificacion e,2004-06-01,13,4,13,4,17
31601,TIRAQUE (CBBA),estado nutricional,clasificacion e,2004-06-01,41,23,41,23,64
21703,TITO YUPANQUI (PARQUIPUJIO),estado nutricional,clasificacion e,2004-06-01,2,0,2,0,2
30802,TOCO,estado nutricional,clasificacion e,2004-06-01,3,6,3,6,9
41001,TOLEDO,estado nutricional,clasificacion e,2004-06-01,1,0,1,0,1
51202,TOMAVE,estado nutricional,clasificacion e,2004-06-01,13,10,13,10,23
10402,TOMINA,estado nutricional,clasificacion e,2004-06-01,33,45,33,45,78
50502,TORO TORO,estado nutricional,clasificacion e,2004-06-01,53,57,53,57,110
31201,TOTORA(CBBA),estado nutricional,clasificacion e,2004-06-01,16,12,16,12,28
41301,TOTORA(ORR),estado nutricional,clasificacion e,2004-06-01,9,6,9,6,15
80101,TRINIDAD,estado nutricional,clasificacion e,2004-06-01,46,37,46,37,83
50801,TUPIZA,estado nutricional,clasificacion e,2004-06-01,31,32,31,32,63
21302,UMALA,estado nutricional,clasificacion e,2004-06-01,9,10,9,10,19
50201,UNCIA,estado nutricional,clasificacion e,2004-06-01,22,34,22,34,56
60401,URIONDO (A. CONCEPCION),estado nutricional,clasificacion e,2004-06-01,4,8,4,8,12
71502,URUBICHA,estado nutricional,clasificacion e,2004-06-01,17,22,17,22,39
51201,UYUNI,estado nutricional,clasificacion e,2004-06-01,7,8,7,8,15
30502,VACAS,estado nutricional,clasificacion e,2004-06-01,9,6,9,6,15
70801,VALLEGRANDE,estado nutricional,clasificacion e,2004-06-01,4,25,4,25,29
20801,VIACHA,estado nutricional,clasificacion e,2004-06-01,23,17,23,17,40
31302,VILA VILA,estado nutricional,clasificacion e,2004-06-01,6,4,6,4,10
60303,VILLA MONTES,estado nutricional,clasificacion e,2004-06-01,19,10,19,10,29
31402,VILLA RIVERO,estado nutricional,clasificacion e,2004-06-01,4,5,4,5,9
10801,VILLA SERRANO,estado nutricional,clasificacion e,2004-06-01,29,32,29,32,61
31003,VILLA TUNARI,estado nutricional,clasificacion e,2004-06-01,56,36,56,36,92
11001,VILLA VACA GUZMAN (MUYUPAMPA),estado nutricional,clasificacion e,2004-06-01,3,4,3,4,7
51501,VILLAZON,estado nutricional,clasificacion e,2004-06-01,20,20,20,20,40
30904,VINTO,estado nutricional,clasificacion e,2004-06-01,17,2,17,2,19
50602,VITICHI,estado nutricional,clasificacion e,2004-06-01,24,26,24,26,50
70201,WARNES,estado nutricional,clasificacion e,2004-06-01,17,6,17,6,23
20903,YACO,estado nutricional,clasificacion e,2004-06-01,19,22,19,22,41
60301,YACUIBA,estado nutricional,clasificacion e,2004-06-01,12,5,12,5,17
10602,YAMPARAEZ,estado nutricional,clasificacion e,2004-06-01,48,57,48,57,105
21103,YANACACHI,estado nutricional,clasificacion e,2004-06-01,0,1,0,1,1
70403,YAPACANI,estado nutricional,clasificacion e,2004-06-01,47,26,47,26,73
50103,YOCALLA,estado nutricional,clasificacion e,2004-06-01,6,1,6,1,7
10102,YOTALA,estado nutricional,clasificacion e,2004-06-01,29,24,29,24,53
60402,YUNCHARA,estado nutricional,clasificacion e,2004-06-01,4,15,4,15,19
10301,ZUDAÑEZ,estado nutricional,clasificacion e,2004-06-01,17,25,17,25,42
51302,ACACIO,estado nutricional,clasificacion e,2004-07-01,20,15,20,15,35
20201,ACHACACHI,estado nutricional,clasificacion e,2004-07-01,17,10,17,10,27
20104,ACHOCALLA,estado nutricional,clasificacion e,2004-07-01,3,3,3,3,6
30201,AIQUILE,estado nutricional,clasificacion e,2004-07-01,28,12,28,12,40
31303,ALALAY,estado nutricional,clasificacion e,2004-07-01,1,0,1,0,1
10404,ALCALA,estado nutricional,clasificacion e,2004-07-01,4,13,4,13,17
20202,ANCORAIMES,estado nutricional,clasificacion e,2004-07-01,23,12,23,12,35
41201,ANDAMARCA,estado nutricional,clasificacion e,2004-07-01,0,1,0,1,1
40603,ANTEQUERA,estado nutricional,clasificacion e,2004-07-01,5,0,5,0,5
30402,ANZALDO,estado nutricional,clasificacion e,2004-07-01,1,8,1,8,9
20701,APOLO,estado nutricional,clasificacion e,2004-07-01,20,11,20,11,31
51301,ARAMPAMPA,estado nutricional,clasificacion e,2004-07-01,22,15,22,15,37
30501,ARANI,estado nutricional,clasificacion e,2004-07-01,14,11,14,11,25
30403,ARBIETO,estado nutricional,clasificacion e,2004-07-01,4,3,4,3,7
30601,ARQUE,estado nutricional,clasificacion e,2004-07-01,21,13,21,13,34
71501,ASCENCION DE GUARAYOS,estado nutricional,clasificacion e,2004-07-01,3,0,3,0,3
50802,ATOCHA,estado nutricional,clasificacion e,2004-07-01,15,5,15,5,20
20503,AUCAPATA,estado nutricional,clasificacion e,2004-07-01,0,3,0,3,3
20502,AYATA,estado nutricional,clasificacion e,2004-07-01,10,5,10,5,15
21303,AYO AYO,estado nutricional,clasificacion e,2004-07-01,1,4,1,4,5
30301,AYOPAYA (V. DE INDEPENDENCIA),estado nutricional,clasificacion e,2004-07-01,20,16,20,16,36
10201,AZURDUY,estado nutricional,clasificacion e,2004-07-01,21,31,21,31,52
21203,BATALLAS,estado nutricional,clasificacion e,2004-07-01,2,0,2,0,2
80802,BAURES,estado nutricional,clasificacion e,2004-07-01,1,1,1,1,2
50104,BELEN DE URMIRI,estado nutricional,clasificacion e,2004-07-01,2,0,2,0,2
90104,BELLA FLOR,estado nutricional,clasificacion e,2004-07-01,1,9,1,9,10
60202,BERMEJO,estado nutricional,clasificacion e,2004-07-01,3,0,3,0,3
50301,BETANZOS,estado nutricional,clasificacion e,2004-07-01,61,67,61,67,128
31501,BOLIVAR,estado nutricional,clasificacion e,2004-07-01,21,14,21,14,35
90103,BOLPEBRA,estado nutricional,clasificacion e,2004-07-01,0,3,0,3,3
70707,BOYUIBE,estado nutricional,clasificacion e,2004-07-01,0,1,0,1,1
70401,BUENA VISTA,estado nutricional,clasificacion e,2004-07-01,1,1,1,1,2
70703,CABEZAS,estado nutricional,clasificacion e,2004-07-01,3,5,3,5,8
20905,CAIROMA,estado nutricional,clasificacion e,2004-07-01,26,21,26,21,47
51102,"CAIZA ""D""",estado nutricional,clasificacion e,2004-07-01,22,15,22,15,37
21003,CAJUATA,estado nutricional,clasificacion e,2004-07-01,10,5,10,5,15
20303,CALACOTO,estado nutricional,clasificacion e,2004-07-01,3,5,3,5,8
21304,CALAMARCA,estado nutricional,clasificacion e,2004-07-01,26,19,26,19,45
10701,CAMARGO,estado nutricional,clasificacion e,2004-07-01,23,39,23,39,62
10901,CAMATAQUI (C. VILLA ABECIA),estado nutricional,clasificacion e,2004-07-01,2,4,2,4,6
70706,CAMIRI,estado nutricional,clasificacion e,2004-07-01,17,11,17,11,28
30701,CAPINOTA,estado nutricional,clasificacion e,2004-07-01,21,12,21,12,33
20302,CAQUIAVIRI,estado nutricional,clasificacion e,2004-07-01,4,12,4,12,16
40102,CARACOLLO,estado nutricional,clasificacion e,2004-07-01,9,11,9,11,20
22001,CARANAVI,estado nutricional,clasificacion e,2004-07-01,39,24,39,24,63
60302,CARAPARI,estado nutricional,clasificacion e,2004-07-01,2,2,2,2,4
50702,CARIPUYO,estado nutricional,clasificacion e,2004-07-01,35,29,35,29,64
21803,CHACARILLA,estado nutricional,clasificacion e,2004-07-01,0,1,0,1,1
40201,CHALLAPATA,estado nutricional,clasificacion e,2004-07-01,7,25,7,25,32
50302,CHAQUI,estado nutricional,clasificacion e,2004-07-01,7,1,7,1,8
70702,CHARAGUA,estado nutricional,clasificacion e,2004-07-01,17,12,17,12,29
20305,CHARAÑA,estado nutricional,clasificacion e,2004-07-01,5,2,5,2,7
50202,CHAYANTA,estado nutricional,clasificacion e,2004-07-01,30,26,30,26,56
31204,CHIMORE,estado nutricional,clasificacion e,2004-07-01,4,3,4,3,7
40903,CHIPAYA,estado nutricional,clasificacion e,2004-07-01,1,3,1,3,4
21101,CHULUMANI (V. DE LA LIBERTAD),estado nutricional,clasificacion e,2004-07-01,1,3,1,3,4
20501,CHUMA,estado nutricional,clasificacion e,2004-07-01,24,12,24,12,36
30801,CLIZA,estado nutricional,clasificacion e,2004-07-01,11,7,11,7,18
90101,COBIJA,estado nutricional,clasificacion e,2004-07-01,16,11,16,11,27
30101,COCHABAMBA,estado nutricional,clasificacion e,2004-07-01,86,64,86,64,150
30905,COLCAPIRHUA,estado nutricional,clasificacion e,2004-07-01,8,17,8,17,25
50901,"COLCHA ""K""",estado nutricional,clasificacion e,2004-07-01,5,3,5,3,8
31002,COLOMI,estado nutricional,clasificacion e,2004-07-01,17,10,17,10,27
50401,COLQUECHACA,estado nutricional,clasificacion e,2004-07-01,40,9,40,9,49
21306,COLQUENCHA,estado nutricional,clasificacion e,2004-07-01,7,13,7,13,20
21004,COLQUIRI,estado nutricional,clasificacion e,2004-07-01,14,4,14,4,18
20304,COMANCHE,estado nutricional,clasificacion e,2004-07-01,1,2,1,2,3
71301,COMARAPA,estado nutricional,clasificacion e,2004-07-01,14,8,14,8,22
20605,COMBAYA,estado nutricional,clasificacion e,2004-07-01,3,3,3,3,6
71101,CONCEPCION,estado nutricional,clasificacion e,2004-07-01,2,0,2,0,2
21701,COPACABANA,estado nutricional,clasificacion e,2004-07-01,1,3,1,3,4
21402,CORIPATA,estado nutricional,clasificacion e,2004-07-01,1,0,1,0,1
20301,CORO CORO,estado nutricional,clasificacion e,2004-07-01,8,15,8,15,23
21401,COROICO,estado nutricional,clasificacion e,2004-07-01,12,12,12,12,24
40301,CORQUE,estado nutricional,clasificacion e,2004-07-01,2,0,2,0,2
50601,COTAGAITA,estado nutricional,clasificacion e,2004-07-01,49,51,49,51,100
70102,COTOCA,estado nutricional,clasificacion e,2004-07-01,1,4,1,4,5
31405,CUCHUMUELA (V. G. VILLARROEL),estado nutricional,clasificacion e,2004-07-01,4,0,4,0,4
70704,CUEVO,estado nutricional,clasificacion e,2004-07-01,3,1,3,1,4
10902,CULPINA,estado nutricional,clasificacion e,2004-07-01,54,48,54,48,102
40401,CURAHUARA DE CARANGAS,estado nutricional,clasificacion e,2004-07-01,3,4,3,4,7
21602,CURVA,estado nutricional,clasificacion e,2004-07-01,3,2,3,2,5
20804,DESAGUADERO,estado nutricional,clasificacion e,2004-07-01,1,0,1,0,1
20105,EL ALTO,estado nutricional,clasificacion e,2004-07-01,408,229,408,229,637
40103,EL CHORO,estado nutricional,clasificacion e,2004-07-01,2,0,2,0,2
71503,EL PUENTE(STC),estado nutricional,clasificacion e,2004-07-01,12,6,12,6,18
60502,EL PUENTE(TJA),estado nutricional,clasificacion e,2004-07-01,9,6,9,6,15
70105,EL TORNO,estado nutricional,clasificacion e,2004-07-01,9,12,9,12,21
10405,EL VILLAR,estado nutricional,clasificacion e,2004-07-01,19,16,19,16,35
60601,ENTRE RIOS,estado nutricional,clasificacion e,2004-07-01,5,4,5,4,9
41101,EUCALIPTUS,estado nutricional,clasificacion e,2004-07-01,3,3,3,3,6
80402,EXALTACION,estado nutricional,clasificacion e,2004-07-01,2,3,2,3,5
90203,FILADELFIA,estado nutricional,clasificacion e,2004-07-01,7,6,7,6,13
71002,GENERAL SAAVEDRA,estado nutricional,clasificacion e,2004-07-01,12,10,12,10,22
21601,GRAL. J.J. PEREZ (CHARAZANI),estado nutricional,clasificacion e,2004-07-01,14,11,14,11,25
20602,GUANAY,estado nutricional,clasificacion e,2004-07-01,22,19,22,19,41
20802,GUAQUI,estado nutricional,clasificacion e,2004-07-01,2,6,2,6,8
80202,GUAYARAMERIN,estado nutricional,clasificacion e,2004-07-01,34,23,34,23,57
70705,GUTIERREZ,estado nutricional,clasificacion e,2004-07-01,19,28,19,28,47
10502,HUACARETA,estado nutricional,clasificacion e,2004-07-01,12,8,12,8,20
11002,HUACAYA (VILLA DE HUACAYA),estado nutricional,clasificacion e,2004-07-01,7,3,7,3,10
40701,HUANUNI,estado nutricional,clasificacion e,2004-07-01,11,3,11,3,14
80803,HUARACAJE,estado nutricional,clasificacion e,2004-07-01,4,0,4,0,4
21005,ICHOCA,estado nutricional,clasificacion e,2004-07-01,4,5,4,5,9
10304,ICLA,estado nutricional,clasificacion e,2004-07-01,63,58,63,58,121
10703,INCAHUASI,estado nutricional,clasificacion e,2004-07-01,64,42,64,42,106
21001,INQUISIVI,estado nutricional,clasificacion e,2004-07-01,24,20,24,20,44
21102,IRUPANA (VILLA DE LANZA),estado nutricional,clasificacion e,2004-07-01,10,10,10,10,20
21501,IXIAMAS,estado nutricional,clasificacion e,2004-07-01,3,14,3,14,17
21105,LA ASUNTA,estado nutricional,clasificacion e,2004-07-01,14,17,14,17,31
70104,LA GUARDIA,estado nutricional,clasificacion e,2004-07-01,11,4,11,4,15
20101,LA PAZ,estado nutricional,clasificacion e,2004-07-01,247,140,247,140,387
70701,LAGUNILLAS,estado nutricional,clasificacion e,2004-07-01,1,12,1,12,13
21202,LAJA,estado nutricional,clasificacion e,2004-07-01,2,0,2,0,2
10903,LAS CARRERAS,estado nutricional,clasificacion e,2004-07-01,3,7,3,7,10
21006,LICOMA PAMPA,estado nutricional,clasificacion e,2004-07-01,1,0,1,0,1
50203,LLALLAGUA,estado nutricional,clasificacion e,2004-07-01,55,70,55,70,125
51401,LLICA,estado nutricional,clasificacion e,2004-07-01,2,0,2,0,2
80601,LORETO,estado nutricional,clasificacion e,2004-07-01,0,1,0,1,1
20901,LURIBAY,estado nutricional,clasificacion e,2004-07-01,13,4,13,4,17
40702,MACHACAMARCA,estado nutricional,clasificacion e,2004-07-01,1,2,1,2,3
11003,MACHARETI,estado nutricional,clasificacion e,2004-07-01,6,10,6,10,16
80801,MAGDALENA,estado nutricional,clasificacion e,2004-07-01,6,6,6,6,12
70903,MAIRANA,estado nutricional,clasificacion e,2004-07-01,2,1,2,1,3
20904,MALLA,estado nutricional,clasificacion e,2004-07-01,1,1,1,1,2
20103,MECAPACA,estado nutricional,clasificacion e,2004-07-01,2,3,2,3,5
71003,MINEROS,estado nutricional,clasificacion e,2004-07-01,29,13,29,13,42
31301,MIZQUE,estado nutricional,clasificacion e,2004-07-01,5,9,5,9,14
20402,MOCOMOCO,estado nutricional,clasificacion e,2004-07-01,10,10,10,10,20
51002,MOJINETE,estado nutricional,clasificacion e,2004-07-01,0,3,0,3,3
10303,MOJOCOYA,estado nutricional,clasificacion e,2004-07-01,19,14,19,14,33
10501,MONTEAGUDO,estado nutricional,clasificacion e,2004-07-01,19,25,19,25,44
71001,MONTERO,estado nutricional,clasificacion e,2004-07-01,63,27,63,27,90
70803,MORO MORO,estado nutricional,clasificacion e,2004-07-01,2,3,2,3,5
30302,MOROCHATA,estado nutricional,clasificacion e,2004-07-01,30,16,30,16,46
90401,NACEBE (SANTA ROSA DEL ABUNA),estado nutricional,clasificacion e,2004-07-01,0,4,0,4,4
50404,OCURI,estado nutricional,clasificacion e,2004-07-01,33,27,33,27,60
30203,OMEREQUE,estado nutricional,clasificacion e,2004-07-01,1,1,1,1,2
40101,ORURO,estado nutricional,clasificacion e,2004-07-01,112,61,112,61,173
60201,PADCAYA,estado nutricional,clasificacion e,2004-07-01,8,9,8,9,17
10401,PADILLA,estado nutricional,clasificacion e,2004-07-01,22,35,22,35,57
70502,PAILON,estado nutricional,clasificacion e,2004-07-01,8,8,8,8,16
20102,PALCA,estado nutricional,clasificacion e,2004-07-01,6,4,6,4,10
21104,PALOS BLANCOS,estado nutricional,clasificacion e,2004-07-01,27,22,27,22,49
40802,PAMPA AULLAGAS,estado nutricional,clasificacion e,2004-07-01,2,1,2,1,3
70902,PAMPA GRANDE,estado nutricional,clasificacion e,2004-07-01,1,0,1,0,1
21802,PAPEL PAMPA,estado nutricional,clasificacion e,2004-07-01,2,1,2,1,3
30202,PASORAPA,estado nutricional,clasificacion e,2004-07-01,3,1,3,1,4
21305,PATACAMAYA,estado nutricional,clasificacion e,2004-07-01,20,2,20,2,22
40602,PAZÑA,estado nutricional,clasificacion e,2004-07-01,1,0,1,0,1
20702,PELECHUCO,estado nutricional,clasificacion e,2004-07-01,11,10,11,10,21
50403,POCOATA,estado nutricional,clasificacion e,2004-07-01,38,25,38,25,63
31203,POCONA,estado nutricional,clasificacion e,2004-07-01,8,9,8,9,17
31202,POJO (CBBA),estado nutricional,clasificacion e,2004-07-01,43,30,43,30,73
40601,POOPO,estado nutricional,clasificacion e,2004-07-01,1,0,1,0,1
51203,PORCO,estado nutricional,clasificacion e,2004-07-01,5,2,5,2,7
10103,POROMA,estado nutricional,clasificacion e,2004-07-01,32,39,32,39,71
70601,PORTACHUELO,estado nutricional,clasificacion e,2004-07-01,5,3,5,3,8
90102,PORVENIR,estado nutricional,clasificacion e,2004-07-01,5,2,5,2,7
70804,POSTRER VALLE,estado nutricional,clasificacion e,2004-07-01,2,0,2,0,2
50101,POTOSI,estado nutricional,clasificacion e,2004-07-01,135,84,135,84,219
10302,PRESTO,estado nutricional,clasificacion e,2004-07-01,24,7,24,7,31
21201,PUCARANI,estado nutricional,clasificacion e,2004-07-01,6,3,6,3,9
20401,PUERTO ACOSTA,estado nutricional,clasificacion e,2004-07-01,5,7,5,7,12
20403,PUERTO CARABUCO,estado nutricional,clasificacion e,2004-07-01,7,11,7,11,18
90301,PUERTO GONZALO MORENO,estado nutricional,clasificacion e,2004-07-01,7,17,7,17,24
21204,PUERTO PEREZ,estado nutricional,clasificacion e,2004-07-01,1,0,1,0,1
71402,PUERTO QUIJARRO,estado nutricional,clasificacion e,2004-07-01,8,0,8,0,8
90201,PUERTO RICO,estado nutricional,clasificacion e,2004-07-01,4,2,4,2,6
71401,PUERTO SUAREZ,estado nutricional,clasificacion e,2004-07-01,1,0,1,0,1
31205,PUERTO VILLARROEL,estado nutricional,clasificacion e,2004-07-01,32,31,32,31,63
51101,PUNA,estado nutricional,clasificacion e,2004-07-01,41,38,41,38,79
31401,PUNATA,estado nutricional,clasificacion e,2004-07-01,0,1,0,1,1
20604,QUIABAYA,estado nutricional,clasificacion e,2004-07-01,3,1,3,1,4
30901,QUILLACOLLO,estado nutricional,clasificacion e,2004-07-01,16,18,16,18,34
21002,QUIME,estado nutricional,clasificacion e,2004-07-01,8,13,8,13,21
50402,RAVELO,estado nutricional,clasificacion e,2004-07-01,66,57,66,57,123
80301,REYES,estado nutricional,clasificacion e,2004-07-01,6,5,6,5,11
80201,RIBERALTA,estado nutricional,clasificacion e,2004-07-01,108,86,108,86,194
70503,ROBORE,estado nutricional,clasificacion e,2004-07-01,11,4,11,4,15
80304,RURRENABAQUE,estado nutricional,clasificacion e,2004-07-01,2,1,2,1,3
31001,SACABA,estado nutricional,clasificacion e,2004-07-01,38,17,38,17,55
30404,SACABAMBA,estado nutricional,clasificacion e,2004-07-01,1,7,1,7,8
50701,SACACA,estado nutricional,clasificacion e,2004-07-01,61,78,61,78,139
71302,SAIPINA,estado nutricional,clasificacion e,2004-07-01,1,0,1,0,1
40801,SALINAS DE GARCI MENDOZA,estado nutricional,clasificacion e,2004-07-01,3,8,3,8,11
70901,SAMAIPATA,estado nutricional,clasificacion e,2004-07-01,6,0,6,0,6
51601,SAN AGUSTIN,estado nutricional,clasificacion e,2004-07-01,0,1,0,1,1
80602,SAN ANDRES,estado nutricional,clasificacion e,2004-07-01,3,4,3,4,7
51003,SAN ANTONIO DE ESMORUCO,estado nutricional,clasificacion e,2004-07-01,0,2,0,2,2
71105,SAN ANTONIO DE LOMERIO,estado nutricional,clasificacion e,2004-07-01,14,21,14,21,35
31403,SAN BENITO,estado nutricional,clasificacion e,2004-07-01,11,3,11,3,14
80302,SAN BORJA,estado nutricional,clasificacion e,2004-07-01,23,4,23,4,27
21502,SAN BUENA VENTURA,estado nutricional,clasificacion e,2004-07-01,7,5,7,5,12
70402,SAN CARLOS,estado nutricional,clasificacion e,2004-07-01,8,2,8,2,10
80501,SAN IGNACIO,estado nutricional,clasificacion e,2004-07-01,11,9,11,9,20
70301,SAN IGNACIO DE VELASCO,estado nutricional,clasificacion e,2004-07-01,65,29,65,29,94
80102,SAN JAVIER(BNI),estado nutricional,clasificacion e,2004-07-01,1,2,1,2,3
71102,SAN JAVIER(STC),estado nutricional,clasificacion e,2004-07-01,9,0,9,0,9
80701,SAN JOAQUIN,estado nutricional,clasificacion e,2004-07-01,0,2,0,2,2
70501,SAN JOSE DE CHIQUITOS,estado nutricional,clasificacion e,2004-07-01,8,1,8,1,9
71104,SAN JULIAN,estado nutricional,clasificacion e,2004-07-01,15,9,15,9,24
90302,SAN LORENZO(PND),estado nutricional,clasificacion e,2004-07-01,15,6,15,6,21
60501,SAN LORENZO(TJA),estado nutricional,clasificacion e,2004-07-01,7,10,7,10,17
10702,SAN LUCAS,estado nutricional,clasificacion e,2004-07-01,174,121,174,121,295
71201,SAN MATIAS,estado nutricional,clasificacion e,2004-07-01,12,9,12,9,21
70302,SAN MIGUEL DE VELASCO,estado nutricional,clasificacion e,2004-07-01,20,10,20,10,30
51001,SAN PABLO DE LIPEZ,estado nutricional,clasificacion e,2004-07-01,2,1,2,1,3
50501,SAN PEDRO DE BUENA VISTA,estado nutricional,clasificacion e,2004-07-01,54,75,54,75,129
21801,SAN PEDRO DE CURAHUARA,estado nutricional,clasificacion e,2004-07-01,2,0,2,0,2
90202,SAN PEDRO(PND),estado nutricional,clasificacion e,2004-07-01,1,2,1,2,3
70303,SAN RAFAEL,estado nutricional,clasificacion e,2004-07-01,8,4,8,4,12
80702,SAN RAMON,estado nutricional,clasificacion e,2004-07-01,3,2,3,2,5
80401,SANTA ANA,estado nutricional,clasificacion e,2004-07-01,6,2,6,2,8
70101,SANTA CRUZ DE LA SIERRA,estado nutricional,clasificacion e,2004-07-01,146,56,146,56,202
80303,SANTA ROSA,estado nutricional,clasificacion e,2004-07-01,3,6,3,6,9
70602,SANTA ROSA DEL SARA,estado nutricional,clasificacion e,2004-07-01,2,0,2,0,2
20308,SANTIAGO DE CALLAPA,estado nutricional,clasificacion e,2004-07-01,14,11,14,11,25
41401,SANTIAGO DE HUARI,estado nutricional,clasificacion e,2004-07-01,5,2,5,2,7
21901,SANTIAGO DE MACHACA,estado nutricional,clasificacion e,2004-07-01,0,4,0,4,4
30702,SANTIVAÑES,estado nutricional,clasificacion e,2004-07-01,8,2,8,2,10
40202,SANTUARIO DE QUILLACAS,estado nutricional,clasificacion e,2004-07-01,2,0,2,0,2
20902,SAPAHAQUI,estado nutricional,clasificacion e,2004-07-01,14,9,14,9,23
90303,SENA,estado nutricional,clasificacion e,2004-07-01,17,17,17,17,34
21301,SICA SICA (VILLA AROMA),estado nutricional,clasificacion e,2004-07-01,25,16,25,16,41
30703,SICAYA,estado nutricional,clasificacion e,2004-07-01,4,3,4,3,7
30902,SIPE SIPE,estado nutricional,clasificacion e,2004-07-01,18,15,18,15,33
10403,SOPACHUY,estado nutricional,clasificacion e,2004-07-01,34,20,34,20,54
20601,SORATA,estado nutricional,clasificacion e,2004-07-01,8,12,8,12,20
10101,SUCRE,estado nutricional,clasificacion e,2004-07-01,89,95,89,95,184
31404,TACACHI,estado nutricional,clasificacion e,2004-07-01,2,0,2,0,2
20603,TACACOMA,estado nutricional,clasificacion e,2004-07-01,2,1,2,1,3
50303,TACOBAMBA,estado nutricional,clasificacion e,2004-07-01,17,10,17,10,27
30602,TACOPAYA,estado nutricional,clasificacion e,2004-07-01,22,24,22,24,46
31101,TAPACARI,estado nutricional,clasificacion e,2004-07-01,40,17,40,17,57
10601,TARABUCO,estado nutricional,clasificacion e,2004-07-01,106,122,106,122,228
30401,TARATA,estado nutricional,clasificacion e,2004-07-01,11,7,11,7,18
60101,TARIJA,estado nutricional,clasificacion e,2004-07-01,66,40,66,40,106
10202,TARVITA,estado nutricional,clasificacion e,2004-07-01,46,62,46,62,108
20803,TIAWANACU,estado nutricional,clasificacion e,2004-07-01,5,1,5,1,6
50102,TINGUIPAYA,estado nutricional,clasificacion e,2004-07-01,37,20,37,20,57
30903,TIQUIPAYA,estado nutricional,clasificacion e,2004-07-01,0,3,0,3,3
31601,TIRAQUE (CBBA),estado nutricional,clasificacion e,2004-07-01,40,25,40,25,65
30802,TOCO,estado nutricional,clasificacion e,2004-07-01,10,11,10,11,21
41001,TOLEDO,estado nutricional,clasificacion e,2004-07-01,0,2,0,2,2
51202,TOMAVE,estado nutricional,clasificacion e,2004-07-01,12,3,12,3,15
10402,TOMINA,estado nutricional,clasificacion e,2004-07-01,40,44,40,44,84
50502,TORO TORO,estado nutricional,clasificacion e,2004-07-01,36,19,36,19,55
31201,TOTORA(CBBA),estado nutricional,clasificacion e,2004-07-01,12,4,12,4,16
41301,TOTORA(ORR),estado nutricional,clasificacion e,2004-07-01,4,2,4,2,6
80101,TRINIDAD,estado nutricional,clasificacion e,2004-07-01,43,21,43,21,64
50801,TUPIZA,estado nutricional,clasificacion e,2004-07-01,24,35,24,35,59
21302,UMALA,estado nutricional,clasificacion e,2004-07-01,4,2,4,2,6
50201,UNCIA,estado nutricional,clasificacion e,2004-07-01,26,23,26,23,49
60401,URIONDO (A. CONCEPCION),estado nutricional,clasificacion e,2004-07-01,7,14,7,14,21
51201,UYUNI,estado nutricional,clasificacion e,2004-07-01,5,2,5,2,7
30502,VACAS,estado nutricional,clasificacion e,2004-07-01,9,2,9,2,11
70801,VALLEGRANDE,estado nutricional,clasificacion e,2004-07-01,1,4,1,4,5
20801,VIACHA,estado nutricional,clasificacion e,2004-07-01,25,10,25,10,35
31302,VILA VILA,estado nutricional,clasificacion e,2004-07-01,2,5,2,5,7
60303,VILLA MONTES,estado nutricional,clasificacion e,2004-07-01,18,10,18,10,28
90502,VILLA NUEVA (LOMA ALTA),estado nutricional,clasificacion e,2004-07-01,2,0,2,0,2
31402,VILLA RIVERO,estado nutricional,clasificacion e,2004-07-01,12,2,12,2,14
10801,VILLA SERRANO,estado nutricional,clasificacion e,2004-07-01,31,30,31,30,61
31003,VILLA TUNARI,estado nutricional,clasificacion e,2004-07-01,31,25,31,25,56
11001,VILLA VACA GUZMAN (MUYUPAMPA),estado nutricional,clasificacion e,2004-07-01,3,6,3,6,9
51501,VILLAZON,estado nutricional,clasificacion e,2004-07-01,10,13,10,13,23
30904,VINTO,estado nutricional,clasificacion e,2004-07-01,2,9,2,9,11
50602,VITICHI,estado nutricional,clasificacion e,2004-07-01,36,34,36,34,70
20306,WALDO BALLIVIAN,estado nutricional,clasificacion e,2004-07-01,3,0,3,0,3
70201,WARNES,estado nutricional,clasificacion e,2004-07-01,6,7,6,7,13
20903,YACO,estado nutricional,clasificacion e,2004-07-01,4,5,4,5,9
60301,YACUIBA,estado nutricional,clasificacion e,2004-07-01,15,5,15,5,20
10602,YAMPARAEZ,estado nutricional,clasificacion e,2004-07-01,56,43,56,43,99
21103,YANACACHI,estado nutricional,clasificacion e,2004-07-01,0,1,0,1,1
70403,YAPACANI,estado nutricional,clasificacion e,2004-07-01,27,19,27,19,46
50103,YOCALLA,estado nutricional,clasificacion e,2004-07-01,1,2,1,2,3
10102,YOTALA,estado nutricional,clasificacion e,2004-07-01,18,22,18,22,40
60402,YUNCHARA,estado nutricional,clasificacion e,2004-07-01,8,34,8,34,42
10301,ZUDAÑEZ,estado nutricional,clasificacion e,2004-07-01,22,29,22,29,51
51302,ACACIO,estado nutricional,clasificacion e,2004-08-01,18,35,18,35,53
20201,ACHACACHI,estado nutricional,clasificacion e,2004-08-01,23,16,23,16,39
20104,ACHOCALLA,estado nutricional,clasificacion e,2004-08-01,6,4,6,4,10
30201,AIQUILE,estado nutricional,clasificacion e,2004-08-01,11,5,11,5,16
31303,ALALAY,estado nutricional,clasificacion e,2004-08-01,1,0,1,0,1
10404,ALCALA,estado nutricional,clasificacion e,2004-08-01,7,12,7,12,19
20202,ANCORAIMES,estado nutricional,clasificacion e,2004-08-01,14,5,14,5,19
41201,ANDAMARCA,estado nutricional,clasificacion e,2004-08-01,2,1,2,1,3
40603,ANTEQUERA,estado nutricional,clasificacion e,2004-08-01,1,0,1,0,1
30402,ANZALDO,estado nutricional,clasificacion e,2004-08-01,6,8,6,8,14
20701,APOLO,estado nutricional,clasificacion e,2004-08-01,9,10,9,10,19
51301,ARAMPAMPA,estado nutricional,clasificacion e,2004-08-01,20,9,20,9,29
30501,ARANI,estado nutricional,clasificacion e,2004-08-01,6,5,6,5,11
30403,ARBIETO,estado nutricional,clasificacion e,2004-08-01,3,3,3,3,6
30601,ARQUE,estado nutricional,clasificacion e,2004-08-01,7,11,7,11,18
50802,ATOCHA,estado nutricional,clasificacion e,2004-08-01,23,8,23,8,31
20503,AUCAPATA,estado nutricional,clasificacion e,2004-08-01,2,3,2,3,5
20502,AYATA,estado nutricional,clasificacion e,2004-08-01,25,33,25,33,58
21303,AYO AYO,estado nutricional,clasificacion e,2004-08-01,3,2,3,2,5
30301,AYOPAYA (V. DE INDEPENDENCIA),estado nutricional,clasificacion e,2004-08-01,24,28,24,28,52
10201,AZURDUY,estado nutricional,clasificacion e,2004-08-01,18,34,18,34,52
21203,BATALLAS,estado nutricional,clasificacion e,2004-08-01,8,6,8,6,14
80802,BAURES,estado nutricional,clasificacion e,2004-08-01,3,0,3,0,3
50104,BELEN DE URMIRI,estado nutricional,clasificacion e,2004-08-01,0,1,0,1,1
90104,BELLA FLOR,estado nutricional,clasificacion e,2004-08-01,1,1,1,1,2
60202,BERMEJO,estado nutricional,clasificacion e,2004-08-01,2,3,2,3,5
50301,BETANZOS,estado nutricional,clasificacion e,2004-08-01,52,57,52,57,109
31501,BOLIVAR,estado nutricional,clasificacion e,2004-08-01,23,26,23,26,49
70707,BOYUIBE,estado nutricional,clasificacion e,2004-08-01,1,2,1,2,3
70401,BUENA VISTA,estado nutricional,clasificacion e,2004-08-01,2,4,2,4,6
70703,CABEZAS,estado nutricional,clasificacion e,2004-08-01,3,8,3,8,11
20905,CAIROMA,estado nutricional,clasificacion e,2004-08-01,26,28,26,28,54
51102,"CAIZA ""D""",estado nutricional,clasificacion e,2004-08-01,21,14,21,14,35
21003,CAJUATA,estado nutricional,clasificacion e,2004-08-01,11,7,11,7,18
20303,CALACOTO,estado nutricional,clasificacion e,2004-08-01,0,3,0,3,3
21304,CALAMARCA,estado nutricional,clasificacion e,2004-08-01,63,44,63,44,107
10701,CAMARGO,estado nutricional,clasificacion e,2004-08-01,23,12,23,12,35
10901,CAMATAQUI (C. VILLA ABECIA),estado nutricional,clasificacion e,2004-08-01,5,5,5,5,10
70706,CAMIRI,estado nutricional,clasificacion e,2004-08-01,22,30,22,30,52
30701,CAPINOTA,estado nutricional,clasificacion e,2004-08-01,16,7,16,7,23
20302,CAQUIAVIRI,estado nutricional,clasificacion e,2004-08-01,5,5,5,5,10
40102,CARACOLLO,estado nutricional,clasificacion e,2004-08-01,1,13,1,13,14
22001,CARANAVI,estado nutricional,clasificacion e,2004-08-01,29,26,29,26,55
60302,CARAPARI,estado nutricional,clasificacion e,2004-08-01,1,3,1,3,4
50702,CARIPUYO,estado nutricional,clasificacion e,2004-08-01,51,46,51,46,97
40201,CHALLAPATA,estado nutricional,clasificacion e,2004-08-01,16,23,16,23,39
50302,CHAQUI,estado nutricional,clasificacion e,2004-08-01,9,7,9,7,16
70702,CHARAGUA,estado nutricional,clasificacion e,2004-08-01,26,15,26,15,41
20305,CHARAÑA,estado nutricional,clasificacion e,2004-08-01,1,0,1,0,1
50202,CHAYANTA,estado nutricional,clasificacion e,2004-08-01,31,21,31,21,52
31204,CHIMORE,estado nutricional,clasificacion e,2004-08-01,5,1,5,1,6
40302,CHOQUE COTA,estado nutricional,clasificacion e,2004-08-01,3,1,3,1,4
21101,CHULUMANI (V. DE LA LIBERTAD),estado nutricional,clasificacion e,2004-08-01,4,0,4,0,4
20501,CHUMA,estado nutricional,clasificacion e,2004-08-01,16,6,16,6,22
30801,CLIZA,estado nutricional,clasificacion e,2004-08-01,15,11,15,11,26
90101,COBIJA,estado nutricional,clasificacion e,2004-08-01,11,9,11,9,20
30101,COCHABAMBA,estado nutricional,clasificacion e,2004-08-01,79,45,79,45,124
30905,COLCAPIRHUA,estado nutricional,clasificacion e,2004-08-01,4,2,4,2,6
50901,"COLCHA ""K""",estado nutricional,clasificacion e,2004-08-01,4,1,4,1,5
21307,COLLANA,estado nutricional,clasificacion e,2004-08-01,1,0,1,0,1
31002,COLOMI,estado nutricional,clasificacion e,2004-08-01,10,8,10,8,18
50401,COLQUECHACA,estado nutricional,clasificacion e,2004-08-01,49,30,49,30,79
21306,COLQUENCHA,estado nutricional,clasificacion e,2004-08-01,7,3,7,3,10
21004,COLQUIRI,estado nutricional,clasificacion e,2004-08-01,18,10,18,10,28
20304,COMANCHE,estado nutricional,clasificacion e,2004-08-01,0,1,0,1,1
71301,COMARAPA,estado nutricional,clasificacion e,2004-08-01,12,11,12,11,23
20605,COMBAYA,estado nutricional,clasificacion e,2004-08-01,2,2,2,2,4
71101,CONCEPCION,estado nutricional,clasificacion e,2004-08-01,4,0,4,0,4
21701,COPACABANA,estado nutricional,clasificacion e,2004-08-01,4,0,4,0,4
20301,CORO CORO,estado nutricional,clasificacion e,2004-08-01,3,2,3,2,5
21401,COROICO,estado nutricional,clasificacion e,2004-08-01,3,5,3,5,8
40301,CORQUE,estado nutricional,clasificacion e,2004-08-01,9,2,9,2,11
50601,COTAGAITA,estado nutricional,clasificacion e,2004-08-01,11,14,11,14,25
70102,COTOCA,estado nutricional,clasificacion e,2004-08-01,13,3,13,3,16
70704,CUEVO,estado nutricional,clasificacion e,2004-08-01,2,1,2,1,3
10902,CULPINA,estado nutricional,clasificacion e,2004-08-01,49,67,49,67,116
40401,CURAHUARA DE CARANGAS,estado nutricional,clasificacion e,2004-08-01,3,4,3,4,7
21602,CURVA,estado nutricional,clasificacion e,2004-08-01,2,2,2,2,4
20804,DESAGUADERO,estado nutricional,clasificacion e,2004-08-01,0,1,0,1,1
20105,EL ALTO,estado nutricional,clasificacion e,2004-08-01,357,146,357,146,503
40103,EL CHORO,estado nutricional,clasificacion e,2004-08-01,3,1,3,1,4
60502,EL PUENTE(TJA),estado nutricional,clasificacion e,2004-08-01,4,5,4,5,9
70105,EL TORNO,estado nutricional,clasificacion e,2004-08-01,4,5,4,5,9
10405,EL VILLAR,estado nutricional,clasificacion e,2004-08-01,23,23,23,23,46
60601,ENTRE RIOS,estado nutricional,clasificacion e,2004-08-01,6,2,6,2,8
40502,ESCARA,estado nutricional,clasificacion e,2004-08-01,0,4,0,4,4
41101,EUCALIPTUS,estado nutricional,clasificacion e,2004-08-01,1,2,1,2,3
80402,EXALTACION,estado nutricional,clasificacion e,2004-08-01,5,5,5,5,10
90203,FILADELFIA,estado nutricional,clasificacion e,2004-08-01,1,1,1,1,2
71002,GENERAL SAAVEDRA,estado nutricional,clasificacion e,2004-08-01,9,13,9,13,22
21601,GRAL. J.J. PEREZ (CHARAZANI),estado nutricional,clasificacion e,2004-08-01,11,13,11,13,24
20602,GUANAY,estado nutricional,clasificacion e,2004-08-01,14,25,14,25,39
20802,GUAQUI,estado nutricional,clasificacion e,2004-08-01,3,1,3,1,4
80202,GUAYARAMERIN,estado nutricional,clasificacion e,2004-08-01,40,13,40,13,53
70705,GUTIERREZ,estado nutricional,clasificacion e,2004-08-01,22,23,22,23,45
10502,HUACARETA,estado nutricional,clasificacion e,2004-08-01,4,4,4,4,8
11002,HUACAYA (VILLA DE HUACAYA),estado nutricional,clasificacion e,2004-08-01,1,4,1,4,5
40501,HUACHACALLA,estado nutricional,clasificacion e,2004-08-01,1,1,1,1,2
40701,HUANUNI,estado nutricional,clasificacion e,2004-08-01,10,5,10,5,15
80803,HUARACAJE,estado nutricional,clasificacion e,2004-08-01,4,2,4,2,6
41601,HUAYLLAMARCA,estado nutricional,clasificacion e,2004-08-01,2,0,2,0,2
21005,ICHOCA,estado nutricional,clasificacion e,2004-08-01,2,2,2,2,4
10304,ICLA,estado nutricional,clasificacion e,2004-08-01,64,58,64,58,122
10703,INCAHUASI,estado nutricional,clasificacion e,2004-08-01,81,65,81,65,146
90402,INGAVI (HUMAITA),estado nutricional,clasificacion e,2004-08-01,2,0,2,0,2
21001,INQUISIVI,estado nutricional,clasificacion e,2004-08-01,18,7,18,7,25
21102,IRUPANA (VILLA DE LANZA),estado nutricional,clasificacion e,2004-08-01,2,3,2,3,5
21501,IXIAMAS,estado nutricional,clasificacion e,2004-08-01,7,10,7,10,17
21105,LA ASUNTA,estado nutricional,clasificacion e,2004-08-01,7,3,7,3,10
70104,LA GUARDIA,estado nutricional,clasificacion e,2004-08-01,8,10,8,10,18
20101,LA PAZ,estado nutricional,clasificacion e,2004-08-01,214,115,214,115,329
70701,LAGUNILLAS,estado nutricional,clasificacion e,2004-08-01,3,2,3,2,5
21202,LAJA,estado nutricional,clasificacion e,2004-08-01,2,0,2,0,2
10903,LAS CARRERAS,estado nutricional,clasificacion e,2004-08-01,3,3,3,3,6
21006,LICOMA PAMPA,estado nutricional,clasificacion e,2004-08-01,1,4,1,4,5
50203,LLALLAGUA,estado nutricional,clasificacion e,2004-08-01,48,49,48,49,97
20901,LURIBAY,estado nutricional,clasificacion e,2004-08-01,5,7,5,7,12
40702,MACHACAMARCA,estado nutricional,clasificacion e,2004-08-01,2,1,2,1,3
11003,MACHARETI,estado nutricional,clasificacion e,2004-08-01,5,3,5,3,8
80801,MAGDALENA,estado nutricional,clasificacion e,2004-08-01,4,4,4,4,8
70903,MAIRANA,estado nutricional,clasificacion e,2004-08-01,0,1,0,1,1
20103,MECAPACA,estado nutricional,clasificacion e,2004-08-01,3,4,3,4,7
71003,MINEROS,estado nutricional,clasificacion e,2004-08-01,30,12,30,12,42
31301,MIZQUE,estado nutricional,clasificacion e,2004-08-01,6,2,6,2,8
20402,MOCOMOCO,estado nutricional,clasificacion e,2004-08-01,10,16,10,16,26
10303,MOJOCOYA,estado nutricional,clasificacion e,2004-08-01,14,4,14,4,18
10501,MONTEAGUDO,estado nutricional,clasificacion e,2004-08-01,24,39,24,39,63
71001,MONTERO,estado nutricional,clasificacion e,2004-08-01,48,41,48,41,89
70803,MORO MORO,estado nutricional,clasificacion e,2004-08-01,2,2,2,2,4
30302,MOROCHATA,estado nutricional,clasificacion e,2004-08-01,33,27,33,27,60
90401,NACEBE (SANTA ROSA DEL ABUNA),estado nutricional,clasificacion e,2004-08-01,0,2,0,2,2
50404,OCURI,estado nutricional,clasificacion e,2004-08-01,72,31,72,31,103
30203,OMEREQUE,estado nutricional,clasificacion e,2004-08-01,21,2,21,2,23
40101,ORURO,estado nutricional,clasificacion e,2004-08-01,72,38,72,38,110
60201,PADCAYA,estado nutricional,clasificacion e,2004-08-01,6,14,6,14,20
10401,PADILLA,estado nutricional,clasificacion e,2004-08-01,22,25,22,25,47
70502,PAILON,estado nutricional,clasificacion e,2004-08-01,2,4,2,4,6
20102,PALCA,estado nutricional,clasificacion e,2004-08-01,6,5,6,5,11
21104,PALOS BLANCOS,estado nutricional,clasificacion e,2004-08-01,15,17,15,17,32
40802,PAMPA AULLAGAS,estado nutricional,clasificacion e,2004-08-01,3,1,3,1,4
70902,PAMPA GRANDE,estado nutricional,clasificacion e,2004-08-01,3,2,3,2,5
30202,PASORAPA,estado nutricional,clasificacion e,2004-08-01,2,4,2,4,6
21305,PATACAMAYA,estado nutricional,clasificacion e,2004-08-01,16,11,16,11,27
40602,PAZÑA,estado nutricional,clasificacion e,2004-08-01,4,1,4,1,5
20702,PELECHUCO,estado nutricional,clasificacion e,2004-08-01,8,3,8,3,11
50403,POCOATA,estado nutricional,clasificacion e,2004-08-01,55,51,55,51,106
31203,POCONA,estado nutricional,clasificacion e,2004-08-01,20,19,20,19,39
31202,POJO (CBBA),estado nutricional,clasificacion e,2004-08-01,23,16,23,16,39
40601,POOPO,estado nutricional,clasificacion e,2004-08-01,3,1,3,1,4
51203,PORCO,estado nutricional,clasificacion e,2004-08-01,5,1,5,1,6
10103,POROMA,estado nutricional,clasificacion e,2004-08-01,37,28,37,28,65
70601,PORTACHUELO,estado nutricional,clasificacion e,2004-08-01,4,3,4,3,7
90102,PORVENIR,estado nutricional,clasificacion e,2004-08-01,1,2,1,2,3
70804,POSTRER VALLE,estado nutricional,clasificacion e,2004-08-01,2,4,2,4,6
50101,POTOSI,estado nutricional,clasificacion e,2004-08-01,149,85,149,85,234
10302,PRESTO,estado nutricional,clasificacion e,2004-08-01,24,21,24,21,45
70805,PUCARA,estado nutricional,clasificacion e,2004-08-01,2,1,2,1,3
21201,PUCARANI,estado nutricional,clasificacion e,2004-08-01,6,3,6,3,9
20401,PUERTO ACOSTA,estado nutricional,clasificacion e,2004-08-01,6,9,6,9,15
20403,PUERTO CARABUCO,estado nutricional,clasificacion e,2004-08-01,13,17,13,17,30
90301,PUERTO GONZALO MORENO,estado nutricional,clasificacion e,2004-08-01,2,1,2,1,3
21204,PUERTO PEREZ,estado nutricional,clasificacion e,2004-08-01,1,0,1,0,1
90201,PUERTO RICO,estado nutricional,clasificacion e,2004-08-01,8,2,8,2,10
80703,PUERTO SILES,estado nutricional,clasificacion e,2004-08-01,0,1,0,1,1
31205,PUERTO VILLARROEL,estado nutricional,clasificacion e,2004-08-01,36,21,36,21,57
51101,PUNA,estado nutricional,clasificacion e,2004-08-01,18,15,18,15,33
31401,PUNATA,estado nutricional,clasificacion e,2004-08-01,15,3,15,3,18
20604,QUIABAYA,estado nutricional,clasificacion e,2004-08-01,8,5,8,5,13
30901,QUILLACOLLO,estado nutricional,clasificacion e,2004-08-01,23,5,23,5,28
21002,QUIME,estado nutricional,clasificacion e,2004-08-01,11,19,11,19,30
50402,RAVELO,estado nutricional,clasificacion e,2004-08-01,85,69,85,69,154
80301,REYES,estado nutricional,clasificacion e,2004-08-01,13,19,13,19,32
80201,RIBERALTA,estado nutricional,clasificacion e,2004-08-01,119,63,119,63,182
70503,ROBORE,estado nutricional,clasificacion e,2004-08-01,1,5,1,5,6
80304,RURRENABAQUE,estado nutricional,clasificacion e,2004-08-01,1,0,1,0,1
31001,SACABA,estado nutricional,clasificacion e,2004-08-01,8,2,8,2,10
30404,SACABAMBA,estado nutricional,clasificacion e,2004-08-01,3,4,3,4,7
50701,SACACA,estado nutricional,clasificacion e,2004-08-01,117,136,117,136,253
40801,SALINAS DE GARCI MENDOZA,estado nutricional,clasificacion e,2004-08-01,1,2,1,2,3
70901,SAMAIPATA,estado nutricional,clasificacion e,2004-08-01,2,2,2,2,4
51601,SAN AGUSTIN,estado nutricional,clasificacion e,2004-08-01,1,0,1,0,1
80602,SAN ANDRES,estado nutricional,clasificacion e,2004-08-01,4,4,4,4,8
51003,SAN ANTONIO DE ESMORUCO,estado nutricional,clasificacion e,2004-08-01,2,0,2,0,2
71105,SAN ANTONIO DE LOMERIO,estado nutricional,clasificacion e,2004-08-01,15,14,15,14,29
31403,SAN BENITO,estado nutricional,clasificacion e,2004-08-01,3,1,3,1,4
80302,SAN BORJA,estado nutricional,clasificacion e,2004-08-01,21,27,21,27,48
21502,SAN BUENA VENTURA,estado nutricional,clasificacion e,2004-08-01,14,5,14,5,19
70402,SAN CARLOS,estado nutricional,clasificacion e,2004-08-01,6,10,6,10,16
80501,SAN IGNACIO,estado nutricional,clasificacion e,2004-08-01,18,9,18,9,27
70301,SAN IGNACIO DE VELASCO,estado nutricional,clasificacion e,2004-08-01,42,18,42,18,60
80102,SAN JAVIER(BNI),estado nutricional,clasificacion e,2004-08-01,0,1,0,1,1
71102,SAN JAVIER(STC),estado nutricional,clasificacion e,2004-08-01,0,4,0,4,4
70501,SAN JOSE DE CHIQUITOS,estado nutricional,clasificacion e,2004-08-01,4,2,4,2,6
71104,SAN JULIAN,estado nutricional,clasificacion e,2004-08-01,21,21,21,21,42
90302,SAN LORENZO(PND),estado nutricional,clasificacion e,2004-08-01,8,7,8,7,15
60501,SAN LORENZO(TJA),estado nutricional,clasificacion e,2004-08-01,8,8,8,8,16
10702,SAN LUCAS,estado nutricional,clasificacion e,2004-08-01,160,133,160,133,293
71201,SAN MATIAS,estado nutricional,clasificacion e,2004-08-01,0,1,0,1,1
70302,SAN MIGUEL DE VELASCO,estado nutricional,clasificacion e,2004-08-01,24,8,24,8,32
51001,SAN PABLO DE LIPEZ,estado nutricional,clasificacion e,2004-08-01,1,4,1,4,5
50501,SAN PEDRO DE BUENA VISTA,estado nutricional,clasificacion e,2004-08-01,71,103,71,103,174
21801,SAN PEDRO DE CURAHUARA,estado nutricional,clasificacion e,2004-08-01,1,1,1,1,2
50902,SAN PEDRO DE QUEMES,estado nutricional,clasificacion e,2004-08-01,1,0,1,0,1
21702,SAN PEDRO DE TIQUINA,estado nutricional,clasificacion e,2004-08-01,2,0,2,0,2
70303,SAN RAFAEL,estado nutricional,clasificacion e,2004-08-01,12,6,12,6,18
80702,SAN RAMON,estado nutricional,clasificacion e,2004-08-01,1,1,1,1,2
80401,SANTA ANA,estado nutricional,clasificacion e,2004-08-01,3,5,3,5,8
70101,SANTA CRUZ DE LA SIERRA,estado nutricional,clasificacion e,2004-08-01,141,68,141,68,209
80303,SANTA ROSA,estado nutricional,clasificacion e,2004-08-01,8,2,8,2,10
70602,SANTA ROSA DEL SARA,estado nutricional,clasificacion e,2004-08-01,2,2,2,2,4
20308,SANTIAGO DE CALLAPA,estado nutricional,clasificacion e,2004-08-01,4,3,4,3,7
41401,SANTIAGO DE HUARI,estado nutricional,clasificacion e,2004-08-01,5,5,5,5,10
21901,SANTIAGO DE MACHACA,estado nutricional,clasificacion e,2004-08-01,1,2,1,2,3
30702,SANTIVAÑES,estado nutricional,clasificacion e,2004-08-01,2,3,2,3,5
40202,SANTUARIO DE QUILLACAS,estado nutricional,clasificacion e,2004-08-01,1,0,1,0,1
20902,SAPAHAQUI,estado nutricional,clasificacion e,2004-08-01,18,12,18,12,30
90303,SENA,estado nutricional,clasificacion e,2004-08-01,0,2,0,2,2
21301,SICA SICA (VILLA AROMA),estado nutricional,clasificacion e,2004-08-01,50,19,50,19,69
30703,SICAYA,estado nutricional,clasificacion e,2004-08-01,5,7,5,7,12
30902,SIPE SIPE,estado nutricional,clasificacion e,2004-08-01,31,22,31,22,53
10403,SOPACHUY,estado nutricional,clasificacion e,2004-08-01,27,31,27,31,58
20601,SORATA,estado nutricional,clasificacion e,2004-08-01,12,14,12,14,26
10101,SUCRE,estado nutricional,clasificacion e,2004-08-01,90,74,90,74,164
31404,TACACHI,estado nutricional,clasificacion e,2004-08-01,1,0,1,0,1
50303,TACOBAMBA,estado nutricional,clasificacion e,2004-08-01,10,4,10,4,14
30602,TACOPAYA,estado nutricional,clasificacion e,2004-08-01,25,33,25,33,58
31101,TAPACARI,estado nutricional,clasificacion e,2004-08-01,37,31,37,31,68
10601,TARABUCO,estado nutricional,clasificacion e,2004-08-01,107,129,107,129,236
30401,TARATA,estado nutricional,clasificacion e,2004-08-01,6,3,6,3,9
60101,TARIJA,estado nutricional,clasificacion e,2004-08-01,25,42,25,42,67
10202,TARVITA,estado nutricional,clasificacion e,2004-08-01,11,14,11,14,25
20803,TIAWANACU,estado nutricional,clasificacion e,2004-08-01,2,0,2,0,2
50102,TINGUIPAYA,estado nutricional,clasificacion e,2004-08-01,54,18,54,18,72
20606,TIPUANI,estado nutricional,clasificacion e,2004-08-01,1,1,1,1,2
30903,TIQUIPAYA,estado nutricional,clasificacion e,2004-08-01,5,3,5,3,8
31601,TIRAQUE (CBBA),estado nutricional,clasificacion e,2004-08-01,27,18,27,18,45
21703,TITO YUPANQUI (PARQUIPUJIO),estado nutricional,clasificacion e,2004-08-01,1,1,1,1,2
30802,TOCO,estado nutricional,clasificacion e,2004-08-01,2,5,2,5,7
30803,TOLATA,estado nutricional,clasificacion e,2004-08-01,0,2,0,2,2
41001,TOLEDO,estado nutricional,clasificacion e,2004-08-01,1,1,1,1,2
51202,TOMAVE,estado nutricional,clasificacion e,2004-08-01,12,15,12,15,27
10402,TOMINA,estado nutricional,clasificacion e,2004-08-01,34,59,34,59,93
50502,TORO TORO,estado nutricional,clasificacion e,2004-08-01,27,28,27,28,55
31201,TOTORA(CBBA),estado nutricional,clasificacion e,2004-08-01,16,7,16,7,23
41301,TOTORA(ORR),estado nutricional,clasificacion e,2004-08-01,1,5,1,5,6
80101,TRINIDAD,estado nutricional,clasificacion e,2004-08-01,31,30,31,30,61
50801,TUPIZA,estado nutricional,clasificacion e,2004-08-01,19,24,19,24,43
21302,UMALA,estado nutricional,clasificacion e,2004-08-01,6,4,6,4,10
50201,UNCIA,estado nutricional,clasificacion e,2004-08-01,27,10,27,10,37
60401,URIONDO (A. CONCEPCION),estado nutricional,clasificacion e,2004-08-01,9,15,9,15,24
51201,UYUNI,estado nutricional,clasificacion e,2004-08-01,6,5,6,5,11
30502,VACAS,estado nutricional,clasificacion e,2004-08-01,12,11,12,11,23
70801,VALLEGRANDE,estado nutricional,clasificacion e,2004-08-01,15,17,15,17,32
20801,VIACHA,estado nutricional,clasificacion e,2004-08-01,17,5,17,5,22
31302,VILA VILA,estado nutricional,clasificacion e,2004-08-01,14,7,14,7,21
60303,VILLA MONTES,estado nutricional,clasificacion e,2004-08-01,8,11,8,11,19
90502,VILLA NUEVA (LOMA ALTA),estado nutricional,clasificacion e,2004-08-01,1,0,1,0,1
31402,VILLA RIVERO,estado nutricional,clasificacion e,2004-08-01,9,8,9,8,17
10801,VILLA SERRANO,estado nutricional,clasificacion e,2004-08-01,23,38,23,38,61
31003,VILLA TUNARI,estado nutricional,clasificacion e,2004-08-01,47,33,47,33,80
11001,VILLA VACA GUZMAN (MUYUPAMPA),estado nutricional,clasificacion e,2004-08-01,6,5,6,5,11
51501,VILLAZON,estado nutricional,clasificacion e,2004-08-01,17,11,17,11,28
30904,VINTO,estado nutricional,clasificacion e,2004-08-01,24,14,24,14,38
50602,VITICHI,estado nutricional,clasificacion e,2004-08-01,5,8,5,8,13
70201,WARNES,estado nutricional,clasificacion e,2004-08-01,10,6,10,6,16
20903,YACO,estado nutricional,clasificacion e,2004-08-01,16,10,16,10,26
60301,YACUIBA,estado nutricional,clasificacion e,2004-08-01,21,15,21,15,36
10602,YAMPARAEZ,estado nutricional,clasificacion e,2004-08-01,45,54,45,54,99
70403,YAPACANI,estado nutricional,clasificacion e,2004-08-01,23,27,23,27,50
50103,YOCALLA,estado nutricional,clasificacion e,2004-08-01,2,1,2,1,3
10102,YOTALA,estado nutricional,clasificacion e,2004-08-01,26,20,26,20,46
60402,YUNCHARA,estado nutricional,clasificacion e,2004-08-01,11,8,11,8,19
10301,ZUDAÑEZ,estado nutricional,clasificacion e,2004-08-01,14,33,14,33,47
51302,ACACIO,estado nutricional,clasificacion e,2004-09-01,20,16,20,16,36
20201,ACHACACHI,estado nutricional,clasificacion e,2004-09-01,24,12,24,12,36
20104,ACHOCALLA,estado nutricional,clasificacion e,2004-09-01,3,2,3,2,5
30201,AIQUILE,estado nutricional,clasificacion e,2004-09-01,7,2,7,2,9
31303,ALALAY,estado nutricional,clasificacion e,2004-09-01,1,4,1,4,5
10404,ALCALA,estado nutricional,clasificacion e,2004-09-01,6,13,6,13,19
20202,ANCORAIMES,estado nutricional,clasificacion e,2004-09-01,17,12,17,12,29
41201,ANDAMARCA,estado nutricional,clasificacion e,2004-09-01,1,1,1,1,2
40603,ANTEQUERA,estado nutricional,clasificacion e,2004-09-01,4,1,4,1,5
30402,ANZALDO,estado nutricional,clasificacion e,2004-09-01,4,6,4,6,10
20701,APOLO,estado nutricional,clasificacion e,2004-09-01,13,13,13,13,26
51301,ARAMPAMPA,estado nutricional,clasificacion e,2004-09-01,13,16,13,16,29
30501,ARANI,estado nutricional,clasificacion e,2004-09-01,22,12,22,12,34
30403,ARBIETO,estado nutricional,clasificacion e,2004-09-01,0,8,0,8,8
30601,ARQUE,estado nutricional,clasificacion e,2004-09-01,12,31,12,31,43
50802,ATOCHA,estado nutricional,clasificacion e,2004-09-01,24,9,24,9,33
20503,AUCAPATA,estado nutricional,clasificacion e,2004-09-01,5,3,5,3,8
20502,AYATA,estado nutricional,clasificacion e,2004-09-01,4,21,4,21,25
21303,AYO AYO,estado nutricional,clasificacion e,2004-09-01,5,0,5,0,5
30301,AYOPAYA (V. DE INDEPENDENCIA),estado nutricional,clasificacion e,2004-09-01,30,37,30,37,67
10201,AZURDUY,estado nutricional,clasificacion e,2004-09-01,22,35,22,35,57
21203,BATALLAS,estado nutricional,clasificacion e,2004-09-01,2,0,2,0,2
80802,BAURES,estado nutricional,clasificacion e,2004-09-01,1,1,1,1,2
50104,BELEN DE URMIRI,estado nutricional,clasificacion e,2004-09-01,0,4,0,4,4
90104,BELLA FLOR,estado nutricional,clasificacion e,2004-09-01,1,9,1,9,10
60202,BERMEJO,estado nutricional,clasificacion e,2004-09-01,2,0,2,0,2
50301,BETANZOS,estado nutricional,clasificacion e,2004-09-01,79,72,79,72,151
31501,BOLIVAR,estado nutricional,clasificacion e,2004-09-01,44,33,44,33,77
90103,BOLPEBRA,estado nutricional,clasificacion e,2004-09-01,1,1,1,1,2
70707,BOYUIBE,estado nutricional,clasificacion e,2004-09-01,0,2,0,2,2
70401,BUENA VISTA,estado nutricional,clasificacion e,2004-09-01,0,3,0,3,3
70703,CABEZAS,estado nutricional,clasificacion e,2004-09-01,9,8,9,8,17
20905,CAIROMA,estado nutricional,clasificacion e,2004-09-01,39,26,39,26,65
51102,"CAIZA ""D""",estado nutricional,clasificacion e,2004-09-01,20,22,20,22,42
21003,CAJUATA,estado nutricional,clasificacion e,2004-09-01,11,16,11,16,27
20303,CALACOTO,estado nutricional,clasificacion e,2004-09-01,1,2,1,2,3
21304,CALAMARCA,estado nutricional,clasificacion e,2004-09-01,40,26,40,26,66
10701,CAMARGO,estado nutricional,clasificacion e,2004-09-01,20,16,20,16,36
10901,CAMATAQUI (C. VILLA ABECIA),estado nutricional,clasificacion e,2004-09-01,4,3,4,3,7
70706,CAMIRI,estado nutricional,clasificacion e,2004-09-01,28,20,28,20,48
30701,CAPINOTA,estado nutricional,clasificacion e,2004-09-01,28,18,28,18,46
20302,CAQUIAVIRI,estado nutricional,clasificacion e,2004-09-01,5,10,5,10,15
40102,CARACOLLO,estado nutricional,clasificacion e,2004-09-01,10,12,10,12,22
22001,CARANAVI,estado nutricional,clasificacion e,2004-09-01,29,33,29,33,62
60302,CARAPARI,estado nutricional,clasificacion e,2004-09-01,3,9,3,9,12
50702,CARIPUYO,estado nutricional,clasificacion e,2004-09-01,41,41,41,41,82
40201,CHALLAPATA,estado nutricional,clasificacion e,2004-09-01,12,7,12,7,19
50302,CHAQUI,estado nutricional,clasificacion e,2004-09-01,10,5,10,5,15
70702,CHARAGUA,estado nutricional,clasificacion e,2004-09-01,22,13,22,13,35
20305,CHARAÑA,estado nutricional,clasificacion e,2004-09-01,3,3,3,3,6
50202,CHAYANTA,estado nutricional,clasificacion e,2004-09-01,47,25,47,25,72
31204,CHIMORE,estado nutricional,clasificacion e,2004-09-01,4,4,4,4,8
40903,CHIPAYA,estado nutricional,clasificacion e,2004-09-01,2,4,2,4,6
40302,CHOQUE COTA,estado nutricional,clasificacion e,2004-09-01,2,0,2,0,2
21101,CHULUMANI (V. DE LA LIBERTAD),estado nutricional,clasificacion e,2004-09-01,3,3,3,3,6
20501,CHUMA,estado nutricional,clasificacion e,2004-09-01,10,13,10,13,23
30801,CLIZA,estado nutricional,clasificacion e,2004-09-01,14,6,14,6,20
90101,COBIJA,estado nutricional,clasificacion e,2004-09-01,10,15,10,15,25
30101,COCHABAMBA,estado nutricional,clasificacion e,2004-09-01,126,80,126,80,206
30905,COLCAPIRHUA,estado nutricional,clasificacion e,2004-09-01,10,9,10,9,19
50901,"COLCHA ""K""",estado nutricional,clasificacion e,2004-09-01,3,4,3,4,7
21307,COLLANA,estado nutricional,clasificacion e,2004-09-01,3,0,3,0,3
31002,COLOMI,estado nutricional,clasificacion e,2004-09-01,9,6,9,6,15
50401,COLQUECHACA,estado nutricional,clasificacion e,2004-09-01,49,14,49,14,63
21306,COLQUENCHA,estado nutricional,clasificacion e,2004-09-01,5,6,5,6,11
21004,COLQUIRI,estado nutricional,clasificacion e,2004-09-01,9,14,9,14,23
20304,COMANCHE,estado nutricional,clasificacion e,2004-09-01,1,2,1,2,3
71301,COMARAPA,estado nutricional,clasificacion e,2004-09-01,17,8,17,8,25
20605,COMBAYA,estado nutricional,clasificacion e,2004-09-01,4,3,4,3,7
71101,CONCEPCION,estado nutricional,clasificacion e,2004-09-01,1,0,1,0,1
21701,COPACABANA,estado nutricional,clasificacion e,2004-09-01,5,3,5,3,8
21402,CORIPATA,estado nutricional,clasificacion e,2004-09-01,3,0,3,0,3
20301,CORO CORO,estado nutricional,clasificacion e,2004-09-01,8,11,8,11,19
21401,COROICO,estado nutricional,clasificacion e,2004-09-01,4,1,4,1,5
40301,CORQUE,estado nutricional,clasificacion e,2004-09-01,6,4,6,4,10
50601,COTAGAITA,estado nutricional,clasificacion e,2004-09-01,46,69,46,69,115
70102,COTOCA,estado nutricional,clasificacion e,2004-09-01,7,8,7,8,15
70704,CUEVO,estado nutricional,clasificacion e,2004-09-01,4,2,4,2,6
10902,CULPINA,estado nutricional,clasificacion e,2004-09-01,63,62,63,62,125
40401,CURAHUARA DE CARANGAS,estado nutricional,clasificacion e,2004-09-01,2,4,2,4,6
21602,CURVA,estado nutricional,clasificacion e,2004-09-01,3,3,3,3,6
20804,DESAGUADERO,estado nutricional,clasificacion e,2004-09-01,3,2,3,2,5
20105,EL ALTO,estado nutricional,clasificacion e,2004-09-01,476,270,476,270,746
40103,EL CHORO,estado nutricional,clasificacion e,2004-09-01,0,2,0,2,2
71503,EL PUENTE(STC),estado nutricional,clasificacion e,2004-09-01,8,9,8,9,17
60502,EL PUENTE(TJA),estado nutricional,clasificacion e,2004-09-01,5,4,5,4,9
70105,EL TORNO,estado nutricional,clasificacion e,2004-09-01,17,4,17,4,21
10405,EL VILLAR,estado nutricional,clasificacion e,2004-09-01,14,24,14,24,38
60601,ENTRE RIOS,estado nutricional,clasificacion e,2004-09-01,8,5,8,5,13
41101,EUCALIPTUS,estado nutricional,clasificacion e,2004-09-01,3,3,3,3,6
80402,EXALTACION,estado nutricional,clasificacion e,2004-09-01,3,3,3,3,6
90203,FILADELFIA,estado nutricional,clasificacion e,2004-09-01,1,0,1,0,1
71002,GENERAL SAAVEDRA,estado nutricional,clasificacion e,2004-09-01,13,10,13,10,23
21601,GRAL. J.J. PEREZ (CHARAZANI),estado nutricional,clasificacion e,2004-09-01,7,13,7,13,20
20602,GUANAY,estado nutricional,clasificacion e,2004-09-01,21,13,21,13,34
80202,GUAYARAMERIN,estado nutricional,clasificacion e,2004-09-01,36,29,36,29,65
70705,GUTIERREZ,estado nutricional,clasificacion e,2004-09-01,23,40,23,40,63
10502,HUACARETA,estado nutricional,clasificacion e,2004-09-01,14,10,14,10,24
11002,HUACAYA (VILLA DE HUACAYA),estado nutricional,clasificacion e,2004-09-01,2,0,2,0,2
40501,HUACHACALLA,estado nutricional,clasificacion e,2004-09-01,1,0,1,0,1
40701,HUANUNI,estado nutricional,clasificacion e,2004-09-01,13,7,13,7,20
80803,HUARACAJE,estado nutricional,clasificacion e,2004-09-01,1,0,1,0,1
41601,HUAYLLAMARCA,estado nutricional,clasificacion e,2004-09-01,2,1,2,1,3
21005,ICHOCA,estado nutricional,clasificacion e,2004-09-01,2,2,2,2,4
10304,ICLA,estado nutricional,clasificacion e,2004-09-01,53,63,53,63,116
10703,INCAHUASI,estado nutricional,clasificacion e,2004-09-01,81,65,81,65,146
21001,INQUISIVI,estado nutricional,clasificacion e,2004-09-01,16,13,16,13,29
21102,IRUPANA (VILLA DE LANZA),estado nutricional,clasificacion e,2004-09-01,3,3,3,3,6
21501,IXIAMAS,estado nutricional,clasificacion e,2004-09-01,5,8,5,8,13
21105,LA ASUNTA,estado nutricional,clasificacion e,2004-09-01,9,7,9,7,16
70104,LA GUARDIA,estado nutricional,clasificacion e,2004-09-01,9,7,9,7,16
20101,LA PAZ,estado nutricional,clasificacion e,2004-09-01,300,191,300,191,491
21202,LAJA,estado nutricional,clasificacion e,2004-09-01,2,2,2,2,4
10903,LAS CARRERAS,estado nutricional,clasificacion e,2004-09-01,4,6,4,6,10
50203,LLALLAGUA,estado nutricional,clasificacion e,2004-09-01,38,45,38,45,83
51401,LLICA,estado nutricional,clasificacion e,2004-09-01,5,2,5,2,7
80601,LORETO,estado nutricional,clasificacion e,2004-09-01,1,1,1,1,2
20901,LURIBAY,estado nutricional,clasificacion e,2004-09-01,12,5,12,5,17
11003,MACHARETI,estado nutricional,clasificacion e,2004-09-01,7,6,7,6,13
80801,MAGDALENA,estado nutricional,clasificacion e,2004-09-01,13,7,13,7,20
70903,MAIRANA,estado nutricional,clasificacion e,2004-09-01,2,1,2,1,3
20904,MALLA,estado nutricional,clasificacion e,2004-09-01,4,5,4,5,9
20103,MECAPACA,estado nutricional,clasificacion e,2004-09-01,2,3,2,3,5
71003,MINEROS,estado nutricional,clasificacion e,2004-09-01,43,16,43,16,59
31301,MIZQUE,estado nutricional,clasificacion e,2004-09-01,8,1,8,1,9
20402,MOCOMOCO,estado nutricional,clasificacion e,2004-09-01,10,6,10,6,16
51002,MOJINETE,estado nutricional,clasificacion e,2004-09-01,0,2,0,2,2
10303,MOJOCOYA,estado nutricional,clasificacion e,2004-09-01,17,7,17,7,24
10501,MONTEAGUDO,estado nutricional,clasificacion e,2004-09-01,20,35,20,35,55
71001,MONTERO,estado nutricional,clasificacion e,2004-09-01,65,42,65,42,107
70803,MORO MORO,estado nutricional,clasificacion e,2004-09-01,4,4,4,4,8
30302,MOROCHATA,estado nutricional,clasificacion e,2004-09-01,36,32,36,32,68
90401,NACEBE (SANTA ROSA DEL ABUNA),estado nutricional,clasificacion e,2004-09-01,2,2,2,2,4
50404,OCURI,estado nutricional,clasificacion e,2004-09-01,61,48,61,48,109
70202,OKINAWA,estado nutricional,clasificacion e,2004-09-01,0,2,0,2,2
30203,OMEREQUE,estado nutricional,clasificacion e,2004-09-01,3,0,3,0,3
40101,ORURO,estado nutricional,clasificacion e,2004-09-01,125,72,125,72,197
60201,PADCAYA,estado nutricional,clasificacion e,2004-09-01,8,6,8,6,14
10401,PADILLA,estado nutricional,clasificacion e,2004-09-01,17,34,17,34,51
70502,PAILON,estado nutricional,clasificacion e,2004-09-01,3,0,3,0,3
20102,PALCA,estado nutricional,clasificacion e,2004-09-01,8,3,8,3,11
21104,PALOS BLANCOS,estado nutricional,clasificacion e,2004-09-01,27,26,27,26,53
40802,PAMPA AULLAGAS,estado nutricional,clasificacion e,2004-09-01,1,1,1,1,2
70902,PAMPA GRANDE,estado nutricional,clasificacion e,2004-09-01,4,2,4,2,6
30202,PASORAPA,estado nutricional,clasificacion e,2004-09-01,4,3,4,3,7
21305,PATACAMAYA,estado nutricional,clasificacion e,2004-09-01,27,13,27,13,40
40602,PAZÑA,estado nutricional,clasificacion e,2004-09-01,4,7,4,7,11
20702,PELECHUCO,estado nutricional,clasificacion e,2004-09-01,8,7,8,7,15
50403,POCOATA,estado nutricional,clasificacion e,2004-09-01,33,31,33,31,64
31203,POCONA,estado nutricional,clasificacion e,2004-09-01,17,15,17,15,32
31202,POJO (CBBA),estado nutricional,clasificacion e,2004-09-01,39,32,39,32,71
40601,POOPO,estado nutricional,clasificacion e,2004-09-01,3,5,3,5,8
51203,PORCO,estado nutricional,clasificacion e,2004-09-01,30,6,30,6,36
10103,POROMA,estado nutricional,clasificacion e,2004-09-01,40,59,40,59,99
70103,PORONGO,estado nutricional,clasificacion e,2004-09-01,0,1,0,1,1
70601,PORTACHUELO,estado nutricional,clasificacion e,2004-09-01,6,7,6,7,13
90102,PORVENIR,estado nutricional,clasificacion e,2004-09-01,1,0,1,0,1
70804,POSTRER VALLE,estado nutricional,clasificacion e,2004-09-01,0,4,0,4,4
50101,POTOSI,estado nutricional,clasificacion e,2004-09-01,181,111,181,111,292
10302,PRESTO,estado nutricional,clasificacion e,2004-09-01,27,17,27,17,44
70805,PUCARA,estado nutricional,clasificacion e,2004-09-01,1,0,1,0,1
21201,PUCARANI,estado nutricional,clasificacion e,2004-09-01,16,6,16,6,22
20401,PUERTO ACOSTA,estado nutricional,clasificacion e,2004-09-01,3,2,3,2,5
20403,PUERTO CARABUCO,estado nutricional,clasificacion e,2004-09-01,10,8,10,8,18
90301,PUERTO GONZALO MORENO,estado nutricional,clasificacion e,2004-09-01,9,7,9,7,16
21204,PUERTO PEREZ,estado nutricional,clasificacion e,2004-09-01,0,1,0,1,1
71402,PUERTO QUIJARRO,estado nutricional,clasificacion e,2004-09-01,1,2,1,2,3
90201,PUERTO RICO,estado nutricional,clasificacion e,2004-09-01,1,0,1,0,1
31205,PUERTO VILLARROEL,estado nutricional,clasificacion e,2004-09-01,65,48,65,48,113
51101,PUNA,estado nutricional,clasificacion e,2004-09-01,52,56,52,56,108
31401,PUNATA,estado nutricional,clasificacion e,2004-09-01,12,5,12,5,17
20604,QUIABAYA,estado nutricional,clasificacion e,2004-09-01,1,5,1,5,6
30901,QUILLACOLLO,estado nutricional,clasificacion e,2004-09-01,18,10,18,10,28
21002,QUIME,estado nutricional,clasificacion e,2004-09-01,9,6,9,6,15
70904,QUIRUSILLAS,estado nutricional,clasificacion e,2004-09-01,0,1,0,1,1
50402,RAVELO,estado nutricional,clasificacion e,2004-09-01,87,86,87,86,173
80301,REYES,estado nutricional,clasificacion e,2004-09-01,9,18,9,18,27
80201,RIBERALTA,estado nutricional,clasificacion e,2004-09-01,97,105,97,105,202
70503,ROBORE,estado nutricional,clasificacion e,2004-09-01,7,7,7,7,14
80304,RURRENABAQUE,estado nutricional,clasificacion e,2004-09-01,12,4,12,4,16
31001,SACABA,estado nutricional,clasificacion e,2004-09-01,41,25,41,25,66
30404,SACABAMBA,estado nutricional,clasificacion e,2004-09-01,5,7,5,7,12
50701,SACACA,estado nutricional,clasificacion e,2004-09-01,92,68,92,68,160
71302,SAIPINA,estado nutricional,clasificacion e,2004-09-01,1,0,1,0,1
40801,SALINAS DE GARCI MENDOZA,estado nutricional,clasificacion e,2004-09-01,2,8,2,8,10
70901,SAMAIPATA,estado nutricional,clasificacion e,2004-09-01,3,1,3,1,4
80602,SAN ANDRES,estado nutricional,clasificacion e,2004-09-01,10,11,10,11,21
51003,SAN ANTONIO DE ESMORUCO,estado nutricional,clasificacion e,2004-09-01,2,1,2,1,3
71105,SAN ANTONIO DE LOMERIO,estado nutricional,clasificacion e,2004-09-01,17,37,17,37,54
31403,SAN BENITO,estado nutricional,clasificacion e,2004-09-01,6,5,6,5,11
80302,SAN BORJA,estado nutricional,clasificacion e,2004-09-01,36,27,36,27,63
21502,SAN BUENA VENTURA,estado nutricional,clasificacion e,2004-09-01,17,23,17,23,40
70402,SAN CARLOS,estado nutricional,clasificacion e,2004-09-01,7,6,7,6,13
80501,SAN IGNACIO,estado nutricional,clasificacion e,2004-09-01,21,7,21,7,28
70301,SAN IGNACIO DE VELASCO,estado nutricional,clasificacion e,2004-09-01,83,77,83,77,160
80102,SAN JAVIER(BNI),estado nutricional,clasificacion e,2004-09-01,3,4,3,4,7
71102,SAN JAVIER(STC),estado nutricional,clasificacion e,2004-09-01,8,3,8,3,11
80701,SAN JOAQUIN,estado nutricional,clasificacion e,2004-09-01,1,2,1,2,3
70501,SAN JOSE DE CHIQUITOS,estado nutricional,clasificacion e,2004-09-01,7,3,7,3,10
71104,SAN JULIAN,estado nutricional,clasificacion e,2004-09-01,11,13,11,13,24
60501,SAN LORENZO(TJA),estado nutricional,clasificacion e,2004-09-01,12,16,12,16,28
10702,SAN LUCAS,estado nutricional,clasificacion e,2004-09-01,180,133,180,133,313
71201,SAN MATIAS,estado nutricional,clasificacion e,2004-09-01,7,4,7,4,11
70302,SAN MIGUEL DE VELASCO,estado nutricional,clasificacion e,2004-09-01,14,12,14,12,26
51001,SAN PABLO DE LIPEZ,estado nutricional,clasificacion e,2004-09-01,2,3,2,3,5
50501,SAN PEDRO DE BUENA VISTA,estado nutricional,clasificacion e,2004-09-01,63,86,63,86,149
21801,SAN PEDRO DE CURAHUARA,estado nutricional,clasificacion e,2004-09-01,3,3,3,3,6
21702,SAN PEDRO DE TIQUINA,estado nutricional,clasificacion e,2004-09-01,0,2,0,2,2
90202,SAN PEDRO(PND),estado nutricional,clasificacion e,2004-09-01,0,2,0,2,2
70303,SAN RAFAEL,estado nutricional,clasificacion e,2004-09-01,5,7,5,7,12
80702,SAN RAMON,estado nutricional,clasificacion e,2004-09-01,1,0,1,0,1
80401,SANTA ANA,estado nutricional,clasificacion e,2004-09-01,6,9,6,9,15
70101,SANTA CRUZ DE LA SIERRA,estado nutricional,clasificacion e,2004-09-01,182,64,182,64,246
80303,SANTA ROSA,estado nutricional,clasificacion e,2004-09-01,6,4,6,4,10
70602,SANTA ROSA DEL SARA,estado nutricional,clasificacion e,2004-09-01,4,5,4,5,9
20308,SANTIAGO DE CALLAPA,estado nutricional,clasificacion e,2004-09-01,4,5,4,5,9
41401,SANTIAGO DE HUARI,estado nutricional,clasificacion e,2004-09-01,6,3,6,3,9
21901,SANTIAGO DE MACHACA,estado nutricional,clasificacion e,2004-09-01,2,2,2,2,4
30702,SANTIVAÑES,estado nutricional,clasificacion e,2004-09-01,7,6,7,6,13
40202,SANTUARIO DE QUILLACAS,estado nutricional,clasificacion e,2004-09-01,0,1,0,1,1
20902,SAPAHAQUI,estado nutricional,clasificacion e,2004-09-01,7,3,7,3,10
90303,SENA,estado nutricional,clasificacion e,2004-09-01,5,2,5,2,7
21301,SICA SICA (VILLA AROMA),estado nutricional,clasificacion e,2004-09-01,46,43,46,43,89
30703,SICAYA,estado nutricional,clasificacion e,2004-09-01,3,12,3,12,15
30902,SIPE SIPE,estado nutricional,clasificacion e,2004-09-01,53,34,53,34,87
10403,SOPACHUY,estado nutricional,clasificacion e,2004-09-01,38,52,38,52,90
20601,SORATA,estado nutricional,clasificacion e,2004-09-01,2,3,2,3,5
10101,SUCRE,estado nutricional,clasificacion e,2004-09-01,124,85,124,85,209
31404,TACACHI,estado nutricional,clasificacion e,2004-09-01,5,0,5,0,5
20603,TACACOMA,estado nutricional,clasificacion e,2004-09-01,9,9,9,9,18
50303,TACOBAMBA,estado nutricional,clasificacion e,2004-09-01,5,10,5,10,15
30602,TACOPAYA,estado nutricional,clasificacion e,2004-09-01,16,13,16,13,29
31101,TAPACARI,estado nutricional,clasificacion e,2004-09-01,54,48,54,48,102
10601,TARABUCO,estado nutricional,clasificacion e,2004-09-01,105,114,105,114,219
30401,TARATA,estado nutricional,clasificacion e,2004-09-01,7,3,7,3,10
60101,TARIJA,estado nutricional,clasificacion e,2004-09-01,54,62,54,62,116
10202,TARVITA,estado nutricional,clasificacion e,2004-09-01,54,69,54,69,123
20803,TIAWANACU,estado nutricional,clasificacion e,2004-09-01,6,2,6,2,8
50102,TINGUIPAYA,estado nutricional,clasificacion e,2004-09-01,46,32,46,32,78
20606,TIPUANI,estado nutricional,clasificacion e,2004-09-01,1,1,1,1,2
30903,TIQUIPAYA,estado nutricional,clasificacion e,2004-09-01,4,3,4,3,7
31601,TIRAQUE (CBBA),estado nutricional,clasificacion e,2004-09-01,53,42,53,42,95
21703,TITO YUPANQUI (PARQUIPUJIO),estado nutricional,clasificacion e,2004-09-01,3,0,3,0,3
30802,TOCO,estado nutricional,clasificacion e,2004-09-01,5,2,5,2,7
30803,TOLATA,estado nutricional,clasificacion e,2004-09-01,1,3,1,3,4
41001,TOLEDO,estado nutricional,clasificacion e,2004-09-01,2,0,2,0,2
51202,TOMAVE,estado nutricional,clasificacion e,2004-09-01,16,9,16,9,25
10402,TOMINA,estado nutricional,clasificacion e,2004-09-01,32,49,32,49,81
50502,TORO TORO,estado nutricional,clasificacion e,2004-09-01,29,23,29,23,52
31201,TOTORA(CBBA),estado nutricional,clasificacion e,2004-09-01,11,15,11,15,26
41301,TOTORA(ORR),estado nutricional,clasificacion e,2004-09-01,5,2,5,2,7
80101,TRINIDAD,estado nutricional,clasificacion e,2004-09-01,62,37,62,37,99
50801,TUPIZA,estado nutricional,clasificacion e,2004-09-01,34,31,34,31,65
21302,UMALA,estado nutricional,clasificacion e,2004-09-01,1,0,1,0,1
50201,UNCIA,estado nutricional,clasificacion e,2004-09-01,44,16,44,16,60
60401,URIONDO (A. CONCEPCION),estado nutricional,clasificacion e,2004-09-01,14,15,14,15,29
71502,URUBICHA,estado nutricional,clasificacion e,2004-09-01,0,3,0,3,3
51201,UYUNI,estado nutricional,clasificacion e,2004-09-01,11,8,11,8,19
30502,VACAS,estado nutricional,clasificacion e,2004-09-01,8,6,8,6,14
70801,VALLEGRANDE,estado nutricional,clasificacion e,2004-09-01,13,18,13,18,31
20801,VIACHA,estado nutricional,clasificacion e,2004-09-01,26,12,26,12,38
31302,VILA VILA,estado nutricional,clasificacion e,2004-09-01,15,10,15,10,25
60303,VILLA MONTES,estado nutricional,clasificacion e,2004-09-01,15,12,15,12,27
31402,VILLA RIVERO,estado nutricional,clasificacion e,2004-09-01,1,4,1,4,5
10801,VILLA SERRANO,estado nutricional,clasificacion e,2004-09-01,19,41,19,41,60
31003,VILLA TUNARI,estado nutricional,clasificacion e,2004-09-01,64,41,64,41,105
11001,VILLA VACA GUZMAN (MUYUPAMPA),estado nutricional,clasificacion e,2004-09-01,2,13,2,13,15
51501,VILLAZON,estado nutricional,clasificacion e,2004-09-01,18,18,18,18,36
30904,VINTO,estado nutricional,clasificacion e,2004-09-01,6,1,6,1,7
50602,VITICHI,estado nutricional,clasificacion e,2004-09-01,25,24,25,24,49
70201,WARNES,estado nutricional,clasificacion e,2004-09-01,8,3,8,3,11
20903,YACO,estado nutricional,clasificacion e,2004-09-01,18,22,18,22,40
60301,YACUIBA,estado nutricional,clasificacion e,2004-09-01,33,17,33,17,50
10602,YAMPARAEZ,estado nutricional,clasificacion e,2004-09-01,41,46,41,46,87
21103,YANACACHI,estado nutricional,clasificacion e,2004-09-01,2,1,2,1,3
70403,YAPACANI,estado nutricional,clasificacion e,2004-09-01,23,23,23,23,46
50103,YOCALLA,estado nutricional,clasificacion e,2004-09-01,1,6,1,6,7
10102,YOTALA,estado nutricional,clasificacion e,2004-09-01,23,22,23,22,45
60402,YUNCHARA,estado nutricional,clasificacion e,2004-09-01,7,11,7,11,18
10301,ZUDAÑEZ,estado nutricional,clasificacion e,2004-09-01,18,35,18,35,53
51302,ACACIO,estado nutricional,clasificacion e,2004-10-01,31,34,31,34,65
20201,ACHACACHI,estado nutricional,clasificacion e,2004-10-01,12,13,12,13,25
20104,ACHOCALLA,estado nutricional,clasificacion e,2004-10-01,3,4,3,4,7
30201,AIQUILE,estado nutricional,clasificacion e,2004-10-01,15,10,15,10,25
31303,ALALAY,estado nutricional,clasificacion e,2004-10-01,0,1,0,1,1
10404,ALCALA,estado nutricional,clasificacion e,2004-10-01,4,12,4,12,16
20202,ANCORAIMES,estado nutricional,clasificacion e,2004-10-01,13,7,13,7,20
41201,ANDAMARCA,estado nutricional,clasificacion e,2004-10-01,0,1,0,1,1
40603,ANTEQUERA,estado nutricional,clasificacion e,2004-10-01,1,0,1,0,1
30402,ANZALDO,estado nutricional,clasificacion e,2004-10-01,7,5,7,5,12
20701,APOLO,estado nutricional,clasificacion e,2004-10-01,8,4,8,4,12
51301,ARAMPAMPA,estado nutricional,clasificacion e,2004-10-01,19,11,19,11,30
30501,ARANI,estado nutricional,clasificacion e,2004-10-01,6,2,6,2,8
30403,ARBIETO,estado nutricional,clasificacion e,2004-10-01,3,12,3,12,15
30601,ARQUE,estado nutricional,clasificacion e,2004-10-01,7,1,7,1,8
71501,ASCENCION DE GUARAYOS,estado nutricional,clasificacion e,2004-10-01,41,48,41,48,89
50802,ATOCHA,estado nutricional,clasificacion e,2004-10-01,18,15,18,15,33
20503,AUCAPATA,estado nutricional,clasificacion e,2004-10-01,0,2,0,2,2
20502,AYATA,estado nutricional,clasificacion e,2004-10-01,10,6,10,6,16
21303,AYO AYO,estado nutricional,clasificacion e,2004-10-01,2,1,2,1,3
30301,AYOPAYA (V. DE INDEPENDENCIA),estado nutricional,clasificacion e,2004-10-01,29,28,29,28,57
10201,AZURDUY,estado nutricional,clasificacion e,2004-10-01,11,7,11,7,18
21203,BATALLAS,estado nutricional,clasificacion e,2004-10-01,16,4,16,4,20
80802,BAURES,estado nutricional,clasificacion e,2004-10-01,5,1,5,1,6
50104,BELEN DE URMIRI,estado nutricional,clasificacion e,2004-10-01,14,2,14,2,16
90104,BELLA FLOR,estado nutricional,clasificacion e,2004-10-01,1,1,1,1,2
60202,BERMEJO,estado nutricional,clasificacion e,2004-10-01,1,0,1,0,1
50301,BETANZOS,estado nutricional,clasificacion e,2004-10-01,50,64,50,64,114
31501,BOLIVAR,estado nutricional,clasificacion e,2004-10-01,26,26,26,26,52
90103,BOLPEBRA,estado nutricional,clasificacion e,2004-10-01,0,2,0,2,2
70707,BOYUIBE,estado nutricional,clasificacion e,2004-10-01,1,2,1,2,3
70401,BUENA VISTA,estado nutricional,clasificacion e,2004-10-01,2,0,2,0,2
70703,CABEZAS,estado nutricional,clasificacion e,2004-10-01,0,1,0,1,1
20905,CAIROMA,estado nutricional,clasificacion e,2004-10-01,39,28,39,28,67
51102,"CAIZA ""D""",estado nutricional,clasificacion e,2004-10-01,17,13,17,13,30
21003,CAJUATA,estado nutricional,clasificacion e,2004-10-01,11,10,11,10,21
20303,CALACOTO,estado nutricional,clasificacion e,2004-10-01,1,0,1,0,1
21304,CALAMARCA,estado nutricional,clasificacion e,2004-10-01,46,47,46,47,93
10701,CAMARGO,estado nutricional,clasificacion e,2004-10-01,29,26,29,26,55
10901,CAMATAQUI (C. VILLA ABECIA),estado nutricional,clasificacion e,2004-10-01,4,0,4,0,4
70706,CAMIRI,estado nutricional,clasificacion e,2004-10-01,24,34,24,34,58
30701,CAPINOTA,estado nutricional,clasificacion e,2004-10-01,37,18,37,18,55
20302,CAQUIAVIRI,estado nutricional,clasificacion e,2004-10-01,8,3,8,3,11
40102,CARACOLLO,estado nutricional,clasificacion e,2004-10-01,5,6,5,6,11
22001,CARANAVI,estado nutricional,clasificacion e,2004-10-01,24,29,24,29,53
60302,CARAPARI,estado nutricional,clasificacion e,2004-10-01,3,11,3,11,14
50702,CARIPUYO,estado nutricional,clasificacion e,2004-10-01,37,34,37,34,71
40201,CHALLAPATA,estado nutricional,clasificacion e,2004-10-01,14,19,14,19,33
50302,CHAQUI,estado nutricional,clasificacion e,2004-10-01,11,5,11,5,16
70702,CHARAGUA,estado nutricional,clasificacion e,2004-10-01,19,11,19,11,30
20305,CHARAÑA,estado nutricional,clasificacion e,2004-10-01,1,0,1,0,1
50202,CHAYANTA,estado nutricional,clasificacion e,2004-10-01,25,24,25,24,49
31204,CHIMORE,estado nutricional,clasificacion e,2004-10-01,8,1,8,1,9
40903,CHIPAYA,estado nutricional,clasificacion e,2004-10-01,1,1,1,1,2
40302,CHOQUE COTA,estado nutricional,clasificacion e,2004-10-01,2,0,2,0,2
21101,CHULUMANI (V. DE LA LIBERTAD),estado nutricional,clasificacion e,2004-10-01,2,2,2,2,4
20501,CHUMA,estado nutricional,clasificacion e,2004-10-01,11,9,11,9,20
30801,CLIZA,estado nutricional,clasificacion e,2004-10-01,11,4,11,4,15
90101,COBIJA,estado nutricional,clasificacion e,2004-10-01,12,12,12,12,24
30101,COCHABAMBA,estado nutricional,clasificacion e,2004-10-01,101,58,101,58,159
40902,COIPASA,estado nutricional,clasificacion e,2004-10-01,1,0,1,0,1
30905,COLCAPIRHUA,estado nutricional,clasificacion e,2004-10-01,13,3,13,3,16
50901,"COLCHA ""K""",estado nutricional,clasificacion e,2004-10-01,6,3,6,3,9
31002,COLOMI,estado nutricional,clasificacion e,2004-10-01,11,16,11,16,27
50401,COLQUECHACA,estado nutricional,clasificacion e,2004-10-01,56,19,56,19,75
21306,COLQUENCHA,estado nutricional,clasificacion e,2004-10-01,3,3,3,3,6
21004,COLQUIRI,estado nutricional,clasificacion e,2004-10-01,11,3,11,3,14
20304,COMANCHE,estado nutricional,clasificacion e,2004-10-01,0,3,0,3,3
71301,COMARAPA,estado nutricional,clasificacion e,2004-10-01,9,13,9,13,22
20605,COMBAYA,estado nutricional,clasificacion e,2004-10-01,4,1,4,1,5
71101,CONCEPCION,estado nutricional,clasificacion e,2004-10-01,1,1,1,1,2
21701,COPACABANA,estado nutricional,clasificacion e,2004-10-01,1,1,1,1,2
20301,CORO CORO,estado nutricional,clasificacion e,2004-10-01,9,9,9,9,18
21401,COROICO,estado nutricional,clasificacion e,2004-10-01,2,3,2,3,5
40301,CORQUE,estado nutricional,clasificacion e,2004-10-01,6,2,6,2,8
50601,COTAGAITA,estado nutricional,clasificacion e,2004-10-01,17,16,17,16,33
70102,COTOCA,estado nutricional,clasificacion e,2004-10-01,12,5,12,5,17
70704,CUEVO,estado nutricional,clasificacion e,2004-10-01,1,2,1,2,3
10902,CULPINA,estado nutricional,clasificacion e,2004-10-01,54,56,54,56,110
40401,CURAHUARA DE CARANGAS,estado nutricional,clasificacion e,2004-10-01,2,5,2,5,7
21602,CURVA,estado nutricional,clasificacion e,2004-10-01,1,4,1,4,5
20804,DESAGUADERO,estado nutricional,clasificacion e,2004-10-01,6,3,6,3,9
20105,EL ALTO,estado nutricional,clasificacion e,2004-10-01,475,274,475,274,749
40103,EL CHORO,estado nutricional,clasificacion e,2004-10-01,1,3,1,3,4
71503,EL PUENTE(STC),estado nutricional,clasificacion e,2004-10-01,10,13,10,13,23
60502,EL PUENTE(TJA),estado nutricional,clasificacion e,2004-10-01,4,5,4,5,9
70105,EL TORNO,estado nutricional,clasificacion e,2004-10-01,10,5,10,5,15
10405,EL VILLAR,estado nutricional,clasificacion e,2004-10-01,13,21,13,21,34
60601,ENTRE RIOS,estado nutricional,clasificacion e,2004-10-01,5,1,5,1,6
80402,EXALTACION,estado nutricional,clasificacion e,2004-10-01,4,4,4,4,8
90203,FILADELFIA,estado nutricional,clasificacion e,2004-10-01,1,0,1,0,1
71002,GENERAL SAAVEDRA,estado nutricional,clasificacion e,2004-10-01,16,13,16,13,29
21601,GRAL. J.J. PEREZ (CHARAZANI),estado nutricional,clasificacion e,2004-10-01,6,5,6,5,11
20602,GUANAY,estado nutricional,clasificacion e,2004-10-01,17,18,17,18,35
20802,GUAQUI,estado nutricional,clasificacion e,2004-10-01,3,0,3,0,3
80202,GUAYARAMERIN,estado nutricional,clasificacion e,2004-10-01,25,23,25,23,48
70705,GUTIERREZ,estado nutricional,clasificacion e,2004-10-01,23,36,23,36,59
10502,HUACARETA,estado nutricional,clasificacion e,2004-10-01,5,9,5,9,14
11002,HUACAYA (VILLA DE HUACAYA),estado nutricional,clasificacion e,2004-10-01,1,3,1,3,4
40701,HUANUNI,estado nutricional,clasificacion e,2004-10-01,13,10,13,10,23
80803,HUARACAJE,estado nutricional,clasificacion e,2004-10-01,1,1,1,1,2
41601,HUAYLLAMARCA,estado nutricional,clasificacion e,2004-10-01,3,0,3,0,3
21005,ICHOCA,estado nutricional,clasificacion e,2004-10-01,3,5,3,5,8
10304,ICLA,estado nutricional,clasificacion e,2004-10-01,49,40,49,40,89
10703,INCAHUASI,estado nutricional,clasificacion e,2004-10-01,106,80,106,80,186
21001,INQUISIVI,estado nutricional,clasificacion e,2004-10-01,17,5,17,5,22
21102,IRUPANA (VILLA DE LANZA),estado nutricional,clasificacion e,2004-10-01,11,2,11,2,13
21501,IXIAMAS,estado nutricional,clasificacion e,2004-10-01,6,11,6,11,17
21105,LA ASUNTA,estado nutricional,clasificacion e,2004-10-01,12,1,12,1,13
70104,LA GUARDIA,estado nutricional,clasificacion e,2004-10-01,12,9,12,9,21
20101,LA PAZ,estado nutricional,clasificacion e,2004-10-01,253,172,253,172,425
70701,LAGUNILLAS,estado nutricional,clasificacion e,2004-10-01,5,3,5,3,8
21202,LAJA,estado nutricional,clasificacion e,2004-10-01,14,4,14,4,18
10903,LAS CARRERAS,estado nutricional,clasificacion e,2004-10-01,5,9,5,9,14
50203,LLALLAGUA,estado nutricional,clasificacion e,2004-10-01,48,41,48,41,89
51401,LLICA,estado nutricional,clasificacion e,2004-10-01,1,0,1,0,1
80601,LORETO,estado nutricional,clasificacion e,2004-10-01,3,1,3,1,4
20901,LURIBAY,estado nutricional,clasificacion e,2004-10-01,13,17,13,17,30
40702,MACHACAMARCA,estado nutricional,clasificacion e,2004-10-01,1,0,1,0,1
11003,MACHARETI,estado nutricional,clasificacion e,2004-10-01,6,4,6,4,10
80801,MAGDALENA,estado nutricional,clasificacion e,2004-10-01,3,4,3,4,7
70903,MAIRANA,estado nutricional,clasificacion e,2004-10-01,6,0,6,0,6
20103,MECAPACA,estado nutricional,clasificacion e,2004-10-01,4,3,4,3,7
71003,MINEROS,estado nutricional,clasificacion e,2004-10-01,44,12,44,12,56
31301,MIZQUE,estado nutricional,clasificacion e,2004-10-01,12,3,12,3,15
20402,MOCOMOCO,estado nutricional,clasificacion e,2004-10-01,9,8,9,8,17
51002,MOJINETE,estado nutricional,clasificacion e,2004-10-01,0,1,0,1,1
10303,MOJOCOYA,estado nutricional,clasificacion e,2004-10-01,16,16,16,16,32
10501,MONTEAGUDO,estado nutricional,clasificacion e,2004-10-01,71,42,71,42,113
71001,MONTERO,estado nutricional,clasificacion e,2004-10-01,63,35,63,35,98
70803,MORO MORO,estado nutricional,clasificacion e,2004-10-01,1,2,1,2,3
30302,MOROCHATA,estado nutricional,clasificacion e,2004-10-01,22,27,22,27,49
50404,OCURI,estado nutricional,clasificacion e,2004-10-01,36,26,36,26,62
70202,OKINAWA,estado nutricional,clasificacion e,2004-10-01,2,0,2,0,2
30203,OMEREQUE,estado nutricional,clasificacion e,2004-10-01,2,3,2,3,5
40101,ORURO,estado nutricional,clasificacion e,2004-10-01,153,57,153,57,210
60201,PADCAYA,estado nutricional,clasificacion e,2004-10-01,10,9,10,9,19
10401,PADILLA,estado nutricional,clasificacion e,2004-10-01,14,27,14,27,41
70502,PAILON,estado nutricional,clasificacion e,2004-10-01,3,5,3,5,8
20102,PALCA,estado nutricional,clasificacion e,2004-10-01,8,3,8,3,11
21104,PALOS BLANCOS,estado nutricional,clasificacion e,2004-10-01,14,26,14,26,40
40802,PAMPA AULLAGAS,estado nutricional,clasificacion e,2004-10-01,2,1,2,1,3
70902,PAMPA GRANDE,estado nutricional,clasificacion e,2004-10-01,2,1,2,1,3
21802,PAPEL PAMPA,estado nutricional,clasificacion e,2004-10-01,3,2,3,2,5
30202,PASORAPA,estado nutricional,clasificacion e,2004-10-01,2,4,2,4,6
21305,PATACAMAYA,estado nutricional,clasificacion e,2004-10-01,42,38,42,38,80
40602,PAZÑA,estado nutricional,clasificacion e,2004-10-01,0,1,0,1,1
20702,PELECHUCO,estado nutricional,clasificacion e,2004-10-01,11,2,11,2,13
50403,POCOATA,estado nutricional,clasificacion e,2004-10-01,44,46,44,46,90
31203,POCONA,estado nutricional,clasificacion e,2004-10-01,14,7,14,7,21
31202,POJO (CBBA),estado nutricional,clasificacion e,2004-10-01,33,23,33,23,56
51203,PORCO,estado nutricional,clasificacion e,2004-10-01,8,4,8,4,12
10103,POROMA,estado nutricional,clasificacion e,2004-10-01,36,48,36,48,84
70103,PORONGO,estado nutricional,clasificacion e,2004-10-01,3,0,3,0,3
70601,PORTACHUELO,estado nutricional,clasificacion e,2004-10-01,6,9,6,9,15
90102,PORVENIR,estado nutricional,clasificacion e,2004-10-01,5,0,5,0,5
70804,POSTRER VALLE,estado nutricional,clasificacion e,2004-10-01,1,4,1,4,5
50101,POTOSI,estado nutricional,clasificacion e,2004-10-01,160,111,160,111,271
10302,PRESTO,estado nutricional,clasificacion e,2004-10-01,29,14,29,14,43
21201,PUCARANI,estado nutricional,clasificacion e,2004-10-01,16,12,16,12,28
20401,PUERTO ACOSTA,estado nutricional,clasificacion e,2004-10-01,9,3,9,3,12
20403,PUERTO CARABUCO,estado nutricional,clasificacion e,2004-10-01,6,5,6,5,11
90301,PUERTO GONZALO MORENO,estado nutricional,clasificacion e,2004-10-01,3,3,3,3,6
21204,PUERTO PEREZ,estado nutricional,clasificacion e,2004-10-01,4,2,4,2,6
90201,PUERTO RICO,estado nutricional,clasificacion e,2004-10-01,2,0,2,0,2
31205,PUERTO VILLARROEL,estado nutricional,clasificacion e,2004-10-01,65,37,65,37,102
51101,PUNA,estado nutricional,clasificacion e,2004-10-01,32,17,32,17,49
31401,PUNATA,estado nutricional,clasificacion e,2004-10-01,13,4,13,4,17
20604,QUIABAYA,estado nutricional,clasificacion e,2004-10-01,5,11,5,11,16
30901,QUILLACOLLO,estado nutricional,clasificacion e,2004-10-01,16,21,16,21,37
21002,QUIME,estado nutricional,clasificacion e,2004-10-01,16,19,16,19,35
50402,RAVELO,estado nutricional,clasificacion e,2004-10-01,63,51,63,51,114
80301,REYES,estado nutricional,clasificacion e,2004-10-01,2,8,2,8,10
80201,RIBERALTA,estado nutricional,clasificacion e,2004-10-01,93,82,93,82,175
70503,ROBORE,estado nutricional,clasificacion e,2004-10-01,13,5,13,5,18
80304,RURRENABAQUE,estado nutricional,clasificacion e,2004-10-01,14,9,14,9,23
31001,SACABA,estado nutricional,clasificacion e,2004-10-01,14,9,14,9,23
30404,SACABAMBA,estado nutricional,clasificacion e,2004-10-01,11,3,11,3,14
50701,SACACA,estado nutricional,clasificacion e,2004-10-01,90,99,90,99,189
71302,SAIPINA,estado nutricional,clasificacion e,2004-10-01,1,1,1,1,2
40801,SALINAS DE GARCI MENDOZA,estado nutricional,clasificacion e,2004-10-01,2,0,2,0,2
70901,SAMAIPATA,estado nutricional,clasificacion e,2004-10-01,4,4,4,4,8
80602,SAN ANDRES,estado nutricional,clasificacion e,2004-10-01,1,0,1,0,1
51003,SAN ANTONIO DE ESMORUCO,estado nutricional,clasificacion e,2004-10-01,1,0,1,0,1
71105,SAN ANTONIO DE LOMERIO,estado nutricional,clasificacion e,2004-10-01,19,26,19,26,45
31403,SAN BENITO,estado nutricional,clasificacion e,2004-10-01,6,4,6,4,10
80302,SAN BORJA,estado nutricional,clasificacion e,2004-10-01,27,15,27,15,42
21502,SAN BUENA VENTURA,estado nutricional,clasificacion e,2004-10-01,7,0,7,0,7
70402,SAN CARLOS,estado nutricional,clasificacion e,2004-10-01,6,2,6,2,8
80501,SAN IGNACIO,estado nutricional,clasificacion e,2004-10-01,21,19,21,19,40
70301,SAN IGNACIO DE VELASCO,estado nutricional,clasificacion e,2004-10-01,34,23,34,23,57
80102,SAN JAVIER(BNI),estado nutricional,clasificacion e,2004-10-01,1,0,1,0,1
71102,SAN JAVIER(STC),estado nutricional,clasificacion e,2004-10-01,5,4,5,4,9
80701,SAN JOAQUIN,estado nutricional,clasificacion e,2004-10-01,3,0,3,0,3
70501,SAN JOSE DE CHIQUITOS,estado nutricional,clasificacion e,2004-10-01,3,2,3,2,5
71104,SAN JULIAN,estado nutricional,clasificacion e,2004-10-01,18,13,18,13,31
90302,SAN LORENZO(PND),estado nutricional,clasificacion e,2004-10-01,11,2,11,2,13
60501,SAN LORENZO(TJA),estado nutricional,clasificacion e,2004-10-01,17,29,17,29,46
10702,SAN LUCAS,estado nutricional,clasificacion e,2004-10-01,146,148,146,148,294
70302,SAN MIGUEL DE VELASCO,estado nutricional,clasificacion e,2004-10-01,16,17,16,17,33
51001,SAN PABLO DE LIPEZ,estado nutricional,clasificacion e,2004-10-01,2,1,2,1,3
50501,SAN PEDRO DE BUENA VISTA,estado nutricional,clasificacion e,2004-10-01,49,70,49,70,119
21801,SAN PEDRO DE CURAHUARA,estado nutricional,clasificacion e,2004-10-01,9,8,9,8,17
21702,SAN PEDRO DE TIQUINA,estado nutricional,clasificacion e,2004-10-01,1,0,1,0,1
70303,SAN RAFAEL,estado nutricional,clasificacion e,2004-10-01,8,5,8,5,13
80401,SANTA ANA,estado nutricional,clasificacion e,2004-10-01,3,0,3,0,3
70101,SANTA CRUZ DE LA SIERRA,estado nutricional,clasificacion e,2004-10-01,184,95,184,95,279
80303,SANTA ROSA,estado nutricional,clasificacion e,2004-10-01,4,4,4,4,8
70602,SANTA ROSA DEL SARA,estado nutricional,clasificacion e,2004-10-01,11,2,11,2,13
20308,SANTIAGO DE CALLAPA,estado nutricional,clasificacion e,2004-10-01,8,1,8,1,9
41401,SANTIAGO DE HUARI,estado nutricional,clasificacion e,2004-10-01,3,3,3,3,6
21901,SANTIAGO DE MACHACA,estado nutricional,clasificacion e,2004-10-01,0,2,0,2,2
30702,SANTIVAÑES,estado nutricional,clasificacion e,2004-10-01,7,6,7,6,13
40202,SANTUARIO DE QUILLACAS,estado nutricional,clasificacion e,2004-10-01,2,2,2,2,4
20902,SAPAHAQUI,estado nutricional,clasificacion e,2004-10-01,24,28,24,28,52
21301,SICA SICA (VILLA AROMA),estado nutricional,clasificacion e,2004-10-01,40,33,40,33,73
30703,SICAYA,estado nutricional,clasificacion e,2004-10-01,4,5,4,5,9
30902,SIPE SIPE,estado nutricional,clasificacion e,2004-10-01,34,17,34,17,51
10403,SOPACHUY,estado nutricional,clasificacion e,2004-10-01,21,14,21,14,35
20601,SORATA,estado nutricional,clasificacion e,2004-10-01,5,9,5,9,14
10101,SUCRE,estado nutricional,clasificacion e,2004-10-01,104,93,104,93,197
20603,TACACOMA,estado nutricional,clasificacion e,2004-10-01,2,5,2,5,7
30602,TACOPAYA,estado nutricional,clasificacion e,2004-10-01,14,15,14,15,29
31101,TAPACARI,estado nutricional,clasificacion e,2004-10-01,31,18,31,18,49
10601,TARABUCO,estado nutricional,clasificacion e,2004-10-01,109,126,109,126,235
30401,TARATA,estado nutricional,clasificacion e,2004-10-01,13,13,13,13,26
60101,TARIJA,estado nutricional,clasificacion e,2004-10-01,44,28,44,28,72
10202,TARVITA,estado nutricional,clasificacion e,2004-10-01,15,6,15,6,21
20803,TIAWANACU,estado nutricional,clasificacion e,2004-10-01,9,9,9,9,18
50102,TINGUIPAYA,estado nutricional,clasificacion e,2004-10-01,43,54,43,54,97
20606,TIPUANI,estado nutricional,clasificacion e,2004-10-01,1,0,1,0,1
30903,TIQUIPAYA,estado nutricional,clasificacion e,2004-10-01,9,6,9,6,15
31601,TIRAQUE (CBBA),estado nutricional,clasificacion e,2004-10-01,25,20,25,20,45
21703,TITO YUPANQUI (PARQUIPUJIO),estado nutricional,clasificacion e,2004-10-01,0,1,0,1,1
30802,TOCO,estado nutricional,clasificacion e,2004-10-01,4,6,4,6,10
30803,TOLATA,estado nutricional,clasificacion e,2004-10-01,1,0,1,0,1
41001,TOLEDO,estado nutricional,clasificacion e,2004-10-01,5,2,5,2,7
51202,TOMAVE,estado nutricional,clasificacion e,2004-10-01,18,6,18,6,24
10402,TOMINA,estado nutricional,clasificacion e,2004-10-01,50,53,50,53,103
50502,TORO TORO,estado nutricional,clasificacion e,2004-10-01,37,21,37,21,58
31201,TOTORA(CBBA),estado nutricional,clasificacion e,2004-10-01,31,13,31,13,44
41301,TOTORA(ORR),estado nutricional,clasificacion e,2004-10-01,2,3,2,3,5
80101,TRINIDAD,estado nutricional,clasificacion e,2004-10-01,43,25,43,25,68
50801,TUPIZA,estado nutricional,clasificacion e,2004-10-01,16,22,16,22,38
21302,UMALA,estado nutricional,clasificacion e,2004-10-01,5,4,5,4,9
50201,UNCIA,estado nutricional,clasificacion e,2004-10-01,25,11,25,11,36
60401,URIONDO (A. CONCEPCION),estado nutricional,clasificacion e,2004-10-01,3,9,3,9,12
71502,URUBICHA,estado nutricional,clasificacion e,2004-10-01,26,28,26,28,54
51201,UYUNI,estado nutricional,clasificacion e,2004-10-01,3,3,3,3,6
30502,VACAS,estado nutricional,clasificacion e,2004-10-01,13,14,13,14,27
70801,VALLEGRANDE,estado nutricional,clasificacion e,2004-10-01,5,8,5,8,13
20801,VIACHA,estado nutricional,clasificacion e,2004-10-01,26,25,26,25,51
31302,VILA VILA,estado nutricional,clasificacion e,2004-10-01,3,5,3,5,8
60303,VILLA MONTES,estado nutricional,clasificacion e,2004-10-01,10,6,10,6,16
31402,VILLA RIVERO,estado nutricional,clasificacion e,2004-10-01,5,1,5,1,6
10801,VILLA SERRANO,estado nutricional,clasificacion e,2004-10-01,36,49,36,49,85
31003,VILLA TUNARI,estado nutricional,clasificacion e,2004-10-01,68,56,68,56,124
11001,VILLA VACA GUZMAN (MUYUPAMPA),estado nutricional,clasificacion e,2004-10-01,5,16,5,16,21
51501,VILLAZON,estado nutricional,clasificacion e,2004-10-01,17,17,17,17,34
30904,VINTO,estado nutricional,clasificacion e,2004-10-01,15,4,15,4,19
50602,VITICHI,estado nutricional,clasificacion e,2004-10-01,8,17,8,17,25
20306,WALDO BALLIVIAN,estado nutricional,clasificacion e,2004-10-01,3,0,3,0,3
70201,WARNES,estado nutricional,clasificacion e,2004-10-01,13,7,13,7,20
20903,YACO,estado nutricional,clasificacion e,2004-10-01,12,8,12,8,20
60301,YACUIBA,estado nutricional,clasificacion e,2004-10-01,22,20,22,20,42
10602,YAMPARAEZ,estado nutricional,clasificacion e,2004-10-01,49,49,49,49,98
21103,YANACACHI,estado nutricional,clasificacion e,2004-10-01,1,2,1,2,3
70403,YAPACANI,estado nutricional,clasificacion e,2004-10-01,26,25,26,25,51
50103,YOCALLA,estado nutricional,clasificacion e,2004-10-01,1,2,1,2,3
10102,YOTALA,estado nutricional,clasificacion e,2004-10-01,19,19,19,19,38
60402,YUNCHARA,estado nutricional,clasificacion e,2004-10-01,12,17,12,17,29
10301,ZUDAÑEZ,estado nutricional,clasificacion e,2004-10-01,22,21,22,21,43
51302,ACACIO,estado nutricional,clasificacion e,2004-11-01,27,36,27,36,63
20201,ACHACACHI,estado nutricional,clasificacion e,2004-11-01,18,27,18,27,45
20104,ACHOCALLA,estado nutricional,clasificacion e,2004-11-01,6,5,6,5,11
30201,AIQUILE,estado nutricional,clasificacion e,2004-11-01,10,19,10,19,29
31303,ALALAY,estado nutricional,clasificacion e,2004-11-01,0,1,0,1,1
10404,ALCALA,estado nutricional,clasificacion e,2004-11-01,9,10,9,10,19
20202,ANCORAIMES,estado nutricional,clasificacion e,2004-11-01,11,4,11,4,15
41201,ANDAMARCA,estado nutricional,clasificacion e,2004-11-01,0,1,0,1,1
40603,ANTEQUERA,estado nutricional,clasificacion e,2004-11-01,3,8,3,8,11
30402,ANZALDO,estado nutricional,clasificacion e,2004-11-01,2,6,2,6,8
20701,APOLO,estado nutricional,clasificacion e,2004-11-01,7,10,7,10,17
51301,ARAMPAMPA,estado nutricional,clasificacion e,2004-11-01,18,29,18,29,47
30501,ARANI,estado nutricional,clasificacion e,2004-11-01,8,12,8,12,20
30403,ARBIETO,estado nutricional,clasificacion e,2004-11-01,5,3,5,3,8
30601,ARQUE,estado nutricional,clasificacion e,2004-11-01,10,11,10,11,21
50802,ATOCHA,estado nutricional,clasificacion e,2004-11-01,12,16,12,16,28
20503,AUCAPATA,estado nutricional,clasificacion e,2004-11-01,4,1,4,1,5
20502,AYATA,estado nutricional,clasificacion e,2004-11-01,12,17,12,17,29
21303,AYO AYO,estado nutricional,clasificacion e,2004-11-01,5,3,5,3,8
30301,AYOPAYA (V. DE INDEPENDENCIA),estado nutricional,clasificacion e,2004-11-01,35,27,35,27,62
10201,AZURDUY,estado nutricional,clasificacion e,2004-11-01,26,41,26,41,67
21203,BATALLAS,estado nutricional,clasificacion e,2004-11-01,2,4,2,4,6
80802,BAURES,estado nutricional,clasificacion e,2004-11-01,1,3,1,3,4
41202,BELEN DE ANDAMARCA,estado nutricional,clasificacion e,2004-11-01,1,0,1,0,1
50104,BELEN DE URMIRI,estado nutricional,clasificacion e,2004-11-01,1,3,1,3,4
90104,BELLA FLOR,estado nutricional,clasificacion e,2004-11-01,0,4,0,4,4
60202,BERMEJO,estado nutricional,clasificacion e,2004-11-01,1,1,1,1,2
50301,BETANZOS,estado nutricional,clasificacion e,2004-11-01,74,84,74,84,158
31501,BOLIVAR,estado nutricional,clasificacion e,2004-11-01,30,30,30,30,60
90103,BOLPEBRA,estado nutricional,clasificacion e,2004-11-01,0,2,0,2,2
70707,BOYUIBE,estado nutricional,clasificacion e,2004-11-01,3,4,3,4,7
70401,BUENA VISTA,estado nutricional,clasificacion e,2004-11-01,0,3,0,3,3
70703,CABEZAS,estado nutricional,clasificacion e,2004-11-01,10,4,10,4,14
20905,CAIROMA,estado nutricional,clasificacion e,2004-11-01,24,23,24,23,47
51102,"CAIZA ""D""",estado nutricional,clasificacion e,2004-11-01,3,6,3,6,9
21003,CAJUATA,estado nutricional,clasificacion e,2004-11-01,1,6,1,6,7
20303,CALACOTO,estado nutricional,clasificacion e,2004-11-01,1,1,1,1,2
21304,CALAMARCA,estado nutricional,clasificacion e,2004-11-01,40,30,40,30,70
10701,CAMARGO,estado nutricional,clasificacion e,2004-11-01,27,18,27,18,45
10901,CAMATAQUI (C. VILLA ABECIA),estado nutricional,clasificacion e,2004-11-01,2,6,2,6,8
70706,CAMIRI,estado nutricional,clasificacion e,2004-11-01,17,20,17,20,37
30701,CAPINOTA,estado nutricional,clasificacion e,2004-11-01,21,21,21,21,42
20302,CAQUIAVIRI,estado nutricional,clasificacion e,2004-11-01,8,2,8,2,10
40102,CARACOLLO,estado nutricional,clasificacion e,2004-11-01,9,7,9,7,16
22001,CARANAVI,estado nutricional,clasificacion e,2004-11-01,28,21,28,21,49
60302,CARAPARI,estado nutricional,clasificacion e,2004-11-01,3,6,3,6,9
50702,CARIPUYO,estado nutricional,clasificacion e,2004-11-01,33,26,33,26,59
21902,CATACORA,estado nutricional,clasificacion e,2004-11-01,1,1,1,1,2
40201,CHALLAPATA,estado nutricional,clasificacion e,2004-11-01,12,10,12,10,22
50302,CHAQUI,estado nutricional,clasificacion e,2004-11-01,14,8,14,8,22
70702,CHARAGUA,estado nutricional,clasificacion e,2004-11-01,17,5,17,5,22
20305,CHARAÑA,estado nutricional,clasificacion e,2004-11-01,1,1,1,1,2
50202,CHAYANTA,estado nutricional,clasificacion e,2004-11-01,20,12,20,12,32
31204,CHIMORE,estado nutricional,clasificacion e,2004-11-01,7,1,7,1,8
40302,CHOQUE COTA,estado nutricional,clasificacion e,2004-11-01,1,0,1,0,1
21101,CHULUMANI (V. DE LA LIBERTAD),estado nutricional,clasificacion e,2004-11-01,1,0,1,0,1
20501,CHUMA,estado nutricional,clasificacion e,2004-11-01,13,1,13,1,14
30801,CLIZA,estado nutricional,clasificacion e,2004-11-01,23,9,23,9,32
90101,COBIJA,estado nutricional,clasificacion e,2004-11-01,8,7,8,7,15
30101,COCHABAMBA,estado nutricional,clasificacion e,2004-11-01,126,59,126,59,185
30905,COLCAPIRHUA,estado nutricional,clasificacion e,2004-11-01,11,5,11,5,16
50901,"COLCHA ""K""",estado nutricional,clasificacion e,2004-11-01,4,9,4,9,13
31002,COLOMI,estado nutricional,clasificacion e,2004-11-01,8,7,8,7,15
50401,COLQUECHACA,estado nutricional,clasificacion e,2004-11-01,49,51,49,51,100
21306,COLQUENCHA,estado nutricional,clasificacion e,2004-11-01,1,6,1,6,7
21004,COLQUIRI,estado nutricional,clasificacion e,2004-11-01,17,9,17,9,26
20304,COMANCHE,estado nutricional,clasificacion e,2004-11-01,1,1,1,1,2
71301,COMARAPA,estado nutricional,clasificacion e,2004-11-01,18,12,18,12,30
20605,COMBAYA,estado nutricional,clasificacion e,2004-11-01,2,2,2,2,4
71101,CONCEPCION,estado nutricional,clasificacion e,2004-11-01,2,0,2,0,2
21701,COPACABANA,estado nutricional,clasificacion e,2004-11-01,3,1,3,1,4
21402,CORIPATA,estado nutricional,clasificacion e,2004-11-01,7,0,7,0,7
20301,CORO CORO,estado nutricional,clasificacion e,2004-11-01,15,14,15,14,29
21401,COROICO,estado nutricional,clasificacion e,2004-11-01,6,1,6,1,7
40301,CORQUE,estado nutricional,clasificacion e,2004-11-01,5,0,5,0,5
50601,COTAGAITA,estado nutricional,clasificacion e,2004-11-01,50,61,50,61,111
70102,COTOCA,estado nutricional,clasificacion e,2004-11-01,12,4,12,4,16
31405,CUCHUMUELA (V. G. VILLARROEL),estado nutricional,clasificacion e,2004-11-01,2,1,2,1,3
70704,CUEVO,estado nutricional,clasificacion e,2004-11-01,1,1,1,1,2
10902,CULPINA,estado nutricional,clasificacion e,2004-11-01,44,52,44,52,96
40401,CURAHUARA DE CARANGAS,estado nutricional,clasificacion e,2004-11-01,5,3,5,3,8
21602,CURVA,estado nutricional,clasificacion e,2004-11-01,4,1,4,1,5
20804,DESAGUADERO,estado nutricional,clasificacion e,2004-11-01,2,1,2,1,3
20105,EL ALTO,estado nutricional,clasificacion e,2004-11-01,449,241,449,241,690
40103,EL CHORO,estado nutricional,clasificacion e,2004-11-01,3,1,3,1,4
71503,EL PUENTE(STC),estado nutricional,clasificacion e,2004-11-01,1,2,1,2,3
60502,EL PUENTE(TJA),estado nutricional,clasificacion e,2004-11-01,2,3,2,3,5
70105,EL TORNO,estado nutricional,clasificacion e,2004-11-01,14,10,14,10,24
10405,EL VILLAR,estado nutricional,clasificacion e,2004-11-01,9,15,9,15,24
60601,ENTRE RIOS,estado nutricional,clasificacion e,2004-11-01,7,13,7,13,20
41101,EUCALIPTUS,estado nutricional,clasificacion e,2004-11-01,4,2,4,2,6
80402,EXALTACION,estado nutricional,clasificacion e,2004-11-01,3,1,3,1,4
90203,FILADELFIA,estado nutricional,clasificacion e,2004-11-01,0,2,0,2,2
71002,GENERAL SAAVEDRA,estado nutricional,clasificacion e,2004-11-01,29,15,29,15,44
21601,GRAL. J.J. PEREZ (CHARAZANI),estado nutricional,clasificacion e,2004-11-01,3,2,3,2,5
20602,GUANAY,estado nutricional,clasificacion e,2004-11-01,17,24,17,24,41
20802,GUAQUI,estado nutricional,clasificacion e,2004-11-01,4,3,4,3,7
80202,GUAYARAMERIN,estado nutricional,clasificacion e,2004-11-01,39,13,39,13,52
70705,GUTIERREZ,estado nutricional,clasificacion e,2004-11-01,30,39,30,39,69
10502,HUACARETA,estado nutricional,clasificacion e,2004-11-01,7,7,7,7,14
11002,HUACAYA (VILLA DE HUACAYA),estado nutricional,clasificacion e,2004-11-01,2,4,2,4,6
40501,HUACHACALLA,estado nutricional,clasificacion e,2004-11-01,2,0,2,0,2
40701,HUANUNI,estado nutricional,clasificacion e,2004-11-01,18,16,18,16,34
80803,HUARACAJE,estado nutricional,clasificacion e,2004-11-01,5,3,5,3,8
41601,HUAYLLAMARCA,estado nutricional,clasificacion e,2004-11-01,0,1,0,1,1
21005,ICHOCA,estado nutricional,clasificacion e,2004-11-01,7,3,7,3,10
10304,ICLA,estado nutricional,clasificacion e,2004-11-01,46,61,46,61,107
10703,INCAHUASI,estado nutricional,clasificacion e,2004-11-01,63,42,63,42,105
90402,INGAVI (HUMAITA),estado nutricional,clasificacion e,2004-11-01,1,3,1,3,4
21001,INQUISIVI,estado nutricional,clasificacion e,2004-11-01,8,15,8,15,23
21102,IRUPANA (VILLA DE LANZA),estado nutricional,clasificacion e,2004-11-01,14,27,14,27,41
21501,IXIAMAS,estado nutricional,clasificacion e,2004-11-01,6,2,6,2,8
21105,LA ASUNTA,estado nutricional,clasificacion e,2004-11-01,13,7,13,7,20
70104,LA GUARDIA,estado nutricional,clasificacion e,2004-11-01,12,8,12,8,20
20101,LA PAZ,estado nutricional,clasificacion e,2004-11-01,261,184,261,184,445
70701,LAGUNILLAS,estado nutricional,clasificacion e,2004-11-01,2,5,2,5,7
21202,LAJA,estado nutricional,clasificacion e,2004-11-01,2,2,2,2,4
10903,LAS CARRERAS,estado nutricional,clasificacion e,2004-11-01,3,12,3,12,15
50203,LLALLAGUA,estado nutricional,clasificacion e,2004-11-01,47,40,47,40,87
51401,LLICA,estado nutricional,clasificacion e,2004-11-01,3,1,3,1,4
80601,LORETO,estado nutricional,clasificacion e,2004-11-01,1,1,1,1,2
20901,LURIBAY,estado nutricional,clasificacion e,2004-11-01,19,22,19,22,41
40702,MACHACAMARCA,estado nutricional,clasificacion e,2004-11-01,4,0,4,0,4
11003,MACHARETI,estado nutricional,clasificacion e,2004-11-01,10,9,10,9,19
80801,MAGDALENA,estado nutricional,clasificacion e,2004-11-01,8,6,8,6,14
70903,MAIRANA,estado nutricional,clasificacion e,2004-11-01,0,1,0,1,1
20904,MALLA,estado nutricional,clasificacion e,2004-11-01,1,1,1,1,2
20103,MECAPACA,estado nutricional,clasificacion e,2004-11-01,5,1,5,1,6
71003,MINEROS,estado nutricional,clasificacion e,2004-11-01,40,16,40,16,56
31301,MIZQUE,estado nutricional,clasificacion e,2004-11-01,26,6,26,6,32
20402,MOCOMOCO,estado nutricional,clasificacion e,2004-11-01,2,3,2,3,5
10303,MOJOCOYA,estado nutricional,clasificacion e,2004-11-01,17,5,17,5,22
10501,MONTEAGUDO,estado nutricional,clasificacion e,2004-11-01,25,42,25,42,67
71001,MONTERO,estado nutricional,clasificacion e,2004-11-01,68,42,68,42,110
70803,MORO MORO,estado nutricional,clasificacion e,2004-11-01,1,0,1,0,1
30302,MOROCHATA,estado nutricional,clasificacion e,2004-11-01,37,31,37,31,68
50404,OCURI,estado nutricional,clasificacion e,2004-11-01,60,40,60,40,100
70202,OKINAWA,estado nutricional,clasificacion e,2004-11-01,3,0,3,0,3
30203,OMEREQUE,estado nutricional,clasificacion e,2004-11-01,1,5,1,5,6
40101,ORURO,estado nutricional,clasificacion e,2004-11-01,151,72,151,72,223
60201,PADCAYA,estado nutricional,clasificacion e,2004-11-01,6,9,6,9,15
10401,PADILLA,estado nutricional,clasificacion e,2004-11-01,24,35,24,35,59
70502,PAILON,estado nutricional,clasificacion e,2004-11-01,5,8,5,8,13
20102,PALCA,estado nutricional,clasificacion e,2004-11-01,8,9,8,9,17
21104,PALOS BLANCOS,estado nutricional,clasificacion e,2004-11-01,28,18,28,18,46
40802,PAMPA AULLAGAS,estado nutricional,clasificacion e,2004-11-01,0,4,0,4,4
70902,PAMPA GRANDE,estado nutricional,clasificacion e,2004-11-01,0,2,0,2,2
21802,PAPEL PAMPA,estado nutricional,clasificacion e,2004-11-01,1,0,1,0,1
30202,PASORAPA,estado nutricional,clasificacion e,2004-11-01,2,1,2,1,3
21305,PATACAMAYA,estado nutricional,clasificacion e,2004-11-01,34,17,34,17,51
40602,PAZÑA,estado nutricional,clasificacion e,2004-11-01,5,3,5,3,8
20702,PELECHUCO,estado nutricional,clasificacion e,2004-11-01,11,3,11,3,14
50403,POCOATA,estado nutricional,clasificacion e,2004-11-01,57,43,57,43,100
31203,POCONA,estado nutricional,clasificacion e,2004-11-01,3,3,3,3,6
31202,POJO (CBBA),estado nutricional,clasificacion e,2004-11-01,55,34,55,34,89
40601,POOPO,estado nutricional,clasificacion e,2004-11-01,1,0,1,0,1
51203,PORCO,estado nutricional,clasificacion e,2004-11-01,6,2,6,2,8
10103,POROMA,estado nutricional,clasificacion e,2004-11-01,51,61,51,61,112
70103,PORONGO,estado nutricional,clasificacion e,2004-11-01,4,1,4,1,5
70601,PORTACHUELO,estado nutricional,clasificacion e,2004-11-01,5,9,5,9,14
90102,PORVENIR,estado nutricional,clasificacion e,2004-11-01,1,0,1,0,1
70804,POSTRER VALLE,estado nutricional,clasificacion e,2004-11-01,0,4,0,4,4
50101,POTOSI,estado nutricional,clasificacion e,2004-11-01,157,81,157,81,238
10302,PRESTO,estado nutricional,clasificacion e,2004-11-01,28,28,28,28,56
21201,PUCARANI,estado nutricional,clasificacion e,2004-11-01,2,4,2,4,6
20401,PUERTO ACOSTA,estado nutricional,clasificacion e,2004-11-01,1,4,1,4,5
20403,PUERTO CARABUCO,estado nutricional,clasificacion e,2004-11-01,11,5,11,5,16
90301,PUERTO GONZALO MORENO,estado nutricional,clasificacion e,2004-11-01,4,1,4,1,5
21204,PUERTO PEREZ,estado nutricional,clasificacion e,2004-11-01,3,1,3,1,4
90201,PUERTO RICO,estado nutricional,clasificacion e,2004-11-01,0,1,0,1,1
31205,PUERTO VILLARROEL,estado nutricional,clasificacion e,2004-11-01,59,42,59,42,101
51101,PUNA,estado nutricional,clasificacion e,2004-11-01,55,51,55,51,106
31401,PUNATA,estado nutricional,clasificacion e,2004-11-01,22,10,22,10,32
20604,QUIABAYA,estado nutricional,clasificacion e,2004-11-01,1,3,1,3,4
30901,QUILLACOLLO,estado nutricional,clasificacion e,2004-11-01,16,9,16,9,25
21002,QUIME,estado nutricional,clasificacion e,2004-11-01,15,11,15,11,26
70904,QUIRUSILLAS,estado nutricional,clasificacion e,2004-11-01,1,1,1,1,2
50402,RAVELO,estado nutricional,clasificacion e,2004-11-01,73,64,73,64,137
80301,REYES,estado nutricional,clasificacion e,2004-11-01,6,6,6,6,12
80201,RIBERALTA,estado nutricional,clasificacion e,2004-11-01,72,54,72,54,126
70503,ROBORE,estado nutricional,clasificacion e,2004-11-01,13,11,13,11,24
80304,RURRENABAQUE,estado nutricional,clasificacion e,2004-11-01,11,5,11,5,16
40901,SABAYA,estado nutricional,clasificacion e,2004-11-01,1,0,1,0,1
31001,SACABA,estado nutricional,clasificacion e,2004-11-01,34,23,34,23,57
30404,SACABAMBA,estado nutricional,clasificacion e,2004-11-01,3,5,3,5,8
50701,SACACA,estado nutricional,clasificacion e,2004-11-01,60,84,60,84,144
71302,SAIPINA,estado nutricional,clasificacion e,2004-11-01,2,0,2,0,2
40801,SALINAS DE GARCI MENDOZA,estado nutricional,clasificacion e,2004-11-01,4,3,4,3,7
70901,SAMAIPATA,estado nutricional,clasificacion e,2004-11-01,10,3,10,3,13
51601,SAN AGUSTIN,estado nutricional,clasificacion e,2004-11-01,3,0,3,0,3
80602,SAN ANDRES,estado nutricional,clasificacion e,2004-11-01,7,10,7,10,17
51003,SAN ANTONIO DE ESMORUCO,estado nutricional,clasificacion e,2004-11-01,1,0,1,0,1
71105,SAN ANTONIO DE LOMERIO,estado nutricional,clasificacion e,2004-11-01,12,19,12,19,31
31403,SAN BENITO,estado nutricional,clasificacion e,2004-11-01,3,4,3,4,7
80302,SAN BORJA,estado nutricional,clasificacion e,2004-11-01,46,13,46,13,59
21502,SAN BUENA VENTURA,estado nutricional,clasificacion e,2004-11-01,2,2,2,2,4
70402,SAN CARLOS,estado nutricional,clasificacion e,2004-11-01,6,11,6,11,17
80501,SAN IGNACIO,estado nutricional,clasificacion e,2004-11-01,13,7,13,7,20
70301,SAN IGNACIO DE VELASCO,estado nutricional,clasificacion e,2004-11-01,103,65,103,65,168
80102,SAN JAVIER(BNI),estado nutricional,clasificacion e,2004-11-01,0,1,0,1,1
71102,SAN JAVIER(STC),estado nutricional,clasificacion e,2004-11-01,5,5,5,5,10
80701,SAN JOAQUIN,estado nutricional,clasificacion e,2004-11-01,1,1,1,1,2
70501,SAN JOSE DE CHIQUITOS,estado nutricional,clasificacion e,2004-11-01,6,2,6,2,8
71104,SAN JULIAN,estado nutricional,clasificacion e,2004-11-01,18,17,18,17,35
90302,SAN LORENZO(PND),estado nutricional,clasificacion e,2004-11-01,1,1,1,1,2
60501,SAN LORENZO(TJA),estado nutricional,clasificacion e,2004-11-01,10,10,10,10,20
10702,SAN LUCAS,estado nutricional,clasificacion e,2004-11-01,152,115,152,115,267
70302,SAN MIGUEL DE VELASCO,estado nutricional,clasificacion e,2004-11-01,14,4,14,4,18
51001,SAN PABLO DE LIPEZ,estado nutricional,clasificacion e,2004-11-01,3,3,3,3,6
50501,SAN PEDRO DE BUENA VISTA,estado nutricional,clasificacion e,2004-11-01,74,74,74,74,148
21801,SAN PEDRO DE CURAHUARA,estado nutricional,clasificacion e,2004-11-01,5,4,5,4,9
21702,SAN PEDRO DE TIQUINA,estado nutricional,clasificacion e,2004-11-01,2,1,2,1,3
90202,SAN PEDRO(PND),estado nutricional,clasificacion e,2004-11-01,1,0,1,0,1
70303,SAN RAFAEL,estado nutricional,clasificacion e,2004-11-01,6,6,6,6,12
80702,SAN RAMON,estado nutricional,clasificacion e,2004-11-01,1,2,1,2,3
80702,SAN RAMON,estado nutricional,clasificacion e,2004-11-01,2,0,2,0,2
80401,SANTA ANA,estado nutricional,clasificacion e,2004-11-01,4,8,4,8,12
70101,SANTA CRUZ DE LA SIERRA,estado nutricional,clasificacion e,2004-11-01,202,94,202,94,296
80303,SANTA ROSA,estado nutricional,clasificacion e,2004-11-01,1,1,1,1,2
70602,SANTA ROSA DEL SARA,estado nutricional,clasificacion e,2004-11-01,8,11,8,11,19
20308,SANTIAGO DE CALLAPA,estado nutricional,clasificacion e,2004-11-01,9,5,9,5,14
41401,SANTIAGO DE HUARI,estado nutricional,clasificacion e,2004-11-01,6,1,6,1,7
21901,SANTIAGO DE MACHACA,estado nutricional,clasificacion e,2004-11-01,1,1,1,1,2
30702,SANTIVAÑES,estado nutricional,clasificacion e,2004-11-01,1,6,1,6,7
40202,SANTUARIO DE QUILLACAS,estado nutricional,clasificacion e,2004-11-01,1,1,1,1,2
20902,SAPAHAQUI,estado nutricional,clasificacion e,2004-11-01,7,8,7,8,15
90303,SENA,estado nutricional,clasificacion e,2004-11-01,4,1,4,1,5
21301,SICA SICA (VILLA AROMA),estado nutricional,clasificacion e,2004-11-01,45,46,45,46,91
30703,SICAYA,estado nutricional,clasificacion e,2004-11-01,7,3,7,3,10
30902,SIPE SIPE,estado nutricional,clasificacion e,2004-11-01,26,22,26,22,48
10403,SOPACHUY,estado nutricional,clasificacion e,2004-11-01,23,36,23,36,59
20601,SORATA,estado nutricional,clasificacion e,2004-11-01,3,5,3,5,8
10101,SUCRE,estado nutricional,clasificacion e,2004-11-01,120,93,120,93,213
31404,TACACHI,estado nutricional,clasificacion e,2004-11-01,3,3,3,3,6
20603,TACACOMA,estado nutricional,clasificacion e,2004-11-01,5,2,5,2,7
50303,TACOBAMBA,estado nutricional,clasificacion e,2004-11-01,24,14,24,14,38
30602,TACOPAYA,estado nutricional,clasificacion e,2004-11-01,16,11,16,11,27
31101,TAPACARI,estado nutricional,clasificacion e,2004-11-01,62,47,62,47,109
10601,TARABUCO,estado nutricional,clasificacion e,2004-11-01,108,129,108,129,237
30401,TARATA,estado nutricional,clasificacion e,2004-11-01,10,2,10,2,12
60101,TARIJA,estado nutricional,clasificacion e,2004-11-01,53,51,53,51,104
10202,TARVITA,estado nutricional,clasificacion e,2004-11-01,47,63,47,63,110
20803,TIAWANACU,estado nutricional,clasificacion e,2004-11-01,3,8,3,8,11
50102,TINGUIPAYA,estado nutricional,clasificacion e,2004-11-01,40,28,40,28,68
20606,TIPUANI,estado nutricional,clasificacion e,2004-11-01,2,2,2,2,4
30903,TIQUIPAYA,estado nutricional,clasificacion e,2004-11-01,10,4,10,4,14
31601,TIRAQUE (CBBA),estado nutricional,clasificacion e,2004-11-01,53,23,53,23,76
21703,TITO YUPANQUI (PARQUIPUJIO),estado nutricional,clasificacion e,2004-11-01,1,0,1,0,1
30802,TOCO,estado nutricional,clasificacion e,2004-11-01,6,3,6,3,9
41001,TOLEDO,estado nutricional,clasificacion e,2004-11-01,1,0,1,0,1
51202,TOMAVE,estado nutricional,clasificacion e,2004-11-01,16,8,16,8,24
10402,TOMINA,estado nutricional,clasificacion e,2004-11-01,49,65,49,65,114
50502,TORO TORO,estado nutricional,clasificacion e,2004-11-01,32,42,32,42,74
31201,TOTORA(CBBA),estado nutricional,clasificacion e,2004-11-01,17,9,17,9,26
41301,TOTORA(ORR),estado nutricional,clasificacion e,2004-11-01,6,4,6,4,10
80101,TRINIDAD,estado nutricional,clasificacion e,2004-11-01,41,44,41,44,85
50801,TUPIZA,estado nutricional,clasificacion e,2004-11-01,31,23,31,23,54
21302,UMALA,estado nutricional,clasificacion e,2004-11-01,6,0,6,0,6
50201,UNCIA,estado nutricional,clasificacion e,2004-11-01,21,7,21,7,28
60401,URIONDO (A. CONCEPCION),estado nutricional,clasificacion e,2004-11-01,6,15,6,15,21
71502,URUBICHA,estado nutricional,clasificacion e,2004-11-01,4,5,4,5,9
51201,UYUNI,estado nutricional,clasificacion e,2004-11-01,6,8,6,8,14
30502,VACAS,estado nutricional,clasificacion e,2004-11-01,11,6,11,6,17
70801,VALLEGRANDE,estado nutricional,clasificacion e,2004-11-01,8,23,8,23,31
20801,VIACHA,estado nutricional,clasificacion e,2004-11-01,21,12,21,12,33
31302,VILA VILA,estado nutricional,clasificacion e,2004-11-01,15,14,15,14,29
60303,VILLA MONTES,estado nutricional,clasificacion e,2004-11-01,7,4,7,4,11
90502,VILLA NUEVA (LOMA ALTA),estado nutricional,clasificacion e,2004-11-01,1,0,1,0,1
31402,VILLA RIVERO,estado nutricional,clasificacion e,2004-11-01,6,11,6,11,17
10801,VILLA SERRANO,estado nutricional,clasificacion e,2004-11-01,25,51,25,51,76
31003,VILLA TUNARI,estado nutricional,clasificacion e,2004-11-01,46,44,46,44,90
11001,VILLA VACA GUZMAN (MUYUPAMPA),estado nutricional,clasificacion e,2004-11-01,12,17,12,17,29
51501,VILLAZON,estado nutricional,clasificacion e,2004-11-01,19,25,19,25,44
30904,VINTO,estado nutricional,clasificacion e,2004-11-01,9,7,9,7,16
50602,VITICHI,estado nutricional,clasificacion e,2004-11-01,30,52,30,52,82
20306,WALDO BALLIVIAN,estado nutricional,clasificacion e,2004-11-01,2,2,2,2,4
70201,WARNES,estado nutricional,clasificacion e,2004-11-01,11,9,11,9,20
20903,YACO,estado nutricional,clasificacion e,2004-11-01,3,3,3,3,6
60301,YACUIBA,estado nutricional,clasificacion e,2004-11-01,7,9,7,9,16
10602,YAMPARAEZ,estado nutricional,clasificacion e,2004-11-01,50,52,50,52,102
21103,YANACACHI,estado nutricional,clasificacion e,2004-11-01,1,1,1,1,2
70403,YAPACANI,estado nutricional,clasificacion e,2004-11-01,20,22,20,22,42
50103,YOCALLA,estado nutricional,clasificacion e,2004-11-01,3,0,3,0,3
10102,YOTALA,estado nutricional,clasificacion e,2004-11-01,15,28,15,28,43
60402,YUNCHARA,estado nutricional,clasificacion e,2004-11-01,11,23,11,23,34
10301,ZUDAÑEZ,estado nutricional,clasificacion e,2004-11-01,26,24,26,24,50
51302,ACACIO,estado nutricional,clasificacion e,2004-12-01,17,18,17,18,35
20201,ACHACACHI,estado nutricional,clasificacion e,2004-12-01,10,19,10,19,29
20104,ACHOCALLA,estado nutricional,clasificacion e,2004-12-01,4,0,4,0,4
30201,AIQUILE,estado nutricional,clasificacion e,2004-12-01,31,15,31,15,46
10404,ALCALA,estado nutricional,clasificacion e,2004-12-01,6,18,6,18,24
20202,ANCORAIMES,estado nutricional,clasificacion e,2004-12-01,11,5,11,5,16
41201,ANDAMARCA,estado nutricional,clasificacion e,2004-12-01,5,2,5,2,7
40603,ANTEQUERA,estado nutricional,clasificacion e,2004-12-01,1,0,1,0,1
30402,ANZALDO,estado nutricional,clasificacion e,2004-12-01,5,3,5,3,8
20701,APOLO,estado nutricional,clasificacion e,2004-12-01,2,3,2,3,5
51301,ARAMPAMPA,estado nutricional,clasificacion e,2004-12-01,14,18,14,18,32
30501,ARANI,estado nutricional,clasificacion e,2004-12-01,20,6,20,6,26
30403,ARBIETO,estado nutricional,clasificacion e,2004-12-01,4,0,4,0,4
30601,ARQUE,estado nutricional,clasificacion e,2004-12-01,16,13,16,13,29
50802,ATOCHA,estado nutricional,clasificacion e,2004-12-01,14,11,14,11,25
20503,AUCAPATA,estado nutricional,clasificacion e,2004-12-01,1,8,1,8,9
20502,AYATA,estado nutricional,clasificacion e,2004-12-01,12,3,12,3,15
21303,AYO AYO,estado nutricional,clasificacion e,2004-12-01,2,2,2,2,4
30301,AYOPAYA (V. DE INDEPENDENCIA),estado nutricional,clasificacion e,2004-12-01,39,35,39,35,74
10201,AZURDUY,estado nutricional,clasificacion e,2004-12-01,8,12,8,12,20
21203,BATALLAS,estado nutricional,clasificacion e,2004-12-01,4,6,4,6,10
80802,BAURES,estado nutricional,clasificacion e,2004-12-01,2,2,2,2,4
50104,BELEN DE URMIRI,estado nutricional,clasificacion e,2004-12-01,1,4,1,4,5
90104,BELLA FLOR,estado nutricional,clasificacion e,2004-12-01,0,2,0,2,2
60202,BERMEJO,estado nutricional,clasificacion e,2004-12-01,1,0,1,0,1
50301,BETANZOS,estado nutricional,clasificacion e,2004-12-01,47,53,47,53,100
31501,BOLIVAR,estado nutricional,clasificacion e,2004-12-01,25,10,25,10,35
90103,BOLPEBRA,estado nutricional,clasificacion e,2004-12-01,0,1,0,1,1
70707,BOYUIBE,estado nutricional,clasificacion e,2004-12-01,2,2,2,2,4
70401,BUENA VISTA,estado nutricional,clasificacion e,2004-12-01,5,4,5,4,9
70703,CABEZAS,estado nutricional,clasificacion e,2004-12-01,6,3,6,3,9
20905,CAIROMA,estado nutricional,clasificacion e,2004-12-01,23,12,23,12,35
51102,"CAIZA ""D""",estado nutricional,clasificacion e,2004-12-01,16,16,16,16,32
21003,CAJUATA,estado nutricional,clasificacion e,2004-12-01,4,6,4,6,10
21304,CALAMARCA,estado nutricional,clasificacion e,2004-12-01,42,51,42,51,93
10701,CAMARGO,estado nutricional,clasificacion e,2004-12-01,11,11,11,11,22
10901,CAMATAQUI (C. VILLA ABECIA),estado nutricional,clasificacion e,2004-12-01,4,3,4,3,7
70706,CAMIRI,estado nutricional,clasificacion e,2004-12-01,29,27,29,27,56
30701,CAPINOTA,estado nutricional,clasificacion e,2004-12-01,18,9,18,9,27
20302,CAQUIAVIRI,estado nutricional,clasificacion e,2004-12-01,2,0,2,0,2
40102,CARACOLLO,estado nutricional,clasificacion e,2004-12-01,16,6,16,6,22
22001,CARANAVI,estado nutricional,clasificacion e,2004-12-01,39,21,39,21,60
60302,CARAPARI,estado nutricional,clasificacion e,2004-12-01,6,7,6,7,13
50702,CARIPUYO,estado nutricional,clasificacion e,2004-12-01,15,20,15,20,35
40201,CHALLAPATA,estado nutricional,clasificacion e,2004-12-01,13,39,13,39,52
50302,CHAQUI,estado nutricional,clasificacion e,2004-12-01,7,7,7,7,14
20305,CHARAÑA,estado nutricional,clasificacion e,2004-12-01,3,3,3,3,6
50202,CHAYANTA,estado nutricional,clasificacion e,2004-12-01,18,25,18,25,43
31204,CHIMORE,estado nutricional,clasificacion e,2004-12-01,0,1,0,1,1
40903,CHIPAYA,estado nutricional,clasificacion e,2004-12-01,1,0,1,0,1
21101,CHULUMANI (V. DE LA LIBERTAD),estado nutricional,clasificacion e,2004-12-01,0,2,0,2,2
20501,CHUMA,estado nutricional,clasificacion e,2004-12-01,19,3,19,3,22
30801,CLIZA,estado nutricional,clasificacion e,2004-12-01,20,17,20,17,37
90101,COBIJA,estado nutricional,clasificacion e,2004-12-01,6,3,6,3,9
30101,COCHABAMBA,estado nutricional,clasificacion e,2004-12-01,91,65,91,65,156
30905,COLCAPIRHUA,estado nutricional,clasificacion e,2004-12-01,13,5,13,5,18
50901,"COLCHA ""K""",estado nutricional,clasificacion e,2004-12-01,3,3,3,3,6
31002,COLOMI,estado nutricional,clasificacion e,2004-12-01,14,8,14,8,22
50401,COLQUECHACA,estado nutricional,clasificacion e,2004-12-01,32,16,32,16,48
21306,COLQUENCHA,estado nutricional,clasificacion e,2004-12-01,4,3,4,3,7
21004,COLQUIRI,estado nutricional,clasificacion e,2004-12-01,12,5,12,5,17
20304,COMANCHE,estado nutricional,clasificacion e,2004-12-01,0,1,0,1,1
71301,COMARAPA,estado nutricional,clasificacion e,2004-12-01,24,14,24,14,38
20605,COMBAYA,estado nutricional,clasificacion e,2004-12-01,1,1,1,1,2
71101,CONCEPCION,estado nutricional,clasificacion e,2004-12-01,1,0,1,0,1
21701,COPACABANA,estado nutricional,clasificacion e,2004-12-01,3,0,3,0,3
20301,CORO CORO,estado nutricional,clasificacion e,2004-12-01,3,7,3,7,10
21401,COROICO,estado nutricional,clasificacion e,2004-12-01,5,2,5,2,7
40301,CORQUE,estado nutricional,clasificacion e,2004-12-01,12,5,12,5,17
50601,COTAGAITA,estado nutricional,clasificacion e,2004-12-01,17,11,17,11,28
70102,COTOCA,estado nutricional,clasificacion e,2004-12-01,19,13,19,13,32
31405,CUCHUMUELA (V. G. VILLARROEL),estado nutricional,clasificacion e,2004-12-01,1,2,1,2,3
10902,CULPINA,estado nutricional,clasificacion e,2004-12-01,35,36,35,36,71
40401,CURAHUARA DE CARANGAS,estado nutricional,clasificacion e,2004-12-01,1,6,1,6,7
21602,CURVA,estado nutricional,clasificacion e,2004-12-01,2,2,2,2,4
20804,DESAGUADERO,estado nutricional,clasificacion e,2004-12-01,3,2,3,2,5
20105,EL ALTO,estado nutricional,clasificacion e,2004-12-01,478,279,478,279,757
60502,EL PUENTE(TJA),estado nutricional,clasificacion e,2004-12-01,7,23,7,23,30
70105,EL TORNO,estado nutricional,clasificacion e,2004-12-01,10,12,10,12,22
10405,EL VILLAR,estado nutricional,clasificacion e,2004-12-01,9,22,9,22,31
60601,ENTRE RIOS,estado nutricional,clasificacion e,2004-12-01,5,5,5,5,10
41101,EUCALIPTUS,estado nutricional,clasificacion e,2004-12-01,4,0,4,0,4
90503,EUREKA (SANTOS MERCADO),estado nutricional,clasificacion e,2004-12-01,2,1,2,1,3
80402,EXALTACION,estado nutricional,clasificacion e,2004-12-01,3,3,3,3,6
90203,FILADELFIA,estado nutricional,clasificacion e,2004-12-01,1,0,1,0,1
71002,GENERAL SAAVEDRA,estado nutricional,clasificacion e,2004-12-01,20,14,20,14,34
21601,GRAL. J.J. PEREZ (CHARAZANI),estado nutricional,clasificacion e,2004-12-01,5,7,5,7,12
20602,GUANAY,estado nutricional,clasificacion e,2004-12-01,22,5,22,5,27
20802,GUAQUI,estado nutricional,clasificacion e,2004-12-01,4,0,4,0,4
80202,GUAYARAMERIN,estado nutricional,clasificacion e,2004-12-01,20,24,20,24,44
70705,GUTIERREZ,estado nutricional,clasificacion e,2004-12-01,42,56,42,56,98
10502,HUACARETA,estado nutricional,clasificacion e,2004-12-01,12,6,12,6,18
11002,HUACAYA (VILLA DE HUACAYA),estado nutricional,clasificacion e,2004-12-01,1,7,1,7,8
40501,HUACHACALLA,estado nutricional,clasificacion e,2004-12-01,2,0,2,0,2
40701,HUANUNI,estado nutricional,clasificacion e,2004-12-01,15,4,15,4,19
80803,HUARACAJE,estado nutricional,clasificacion e,2004-12-01,0,1,0,1,1
41601,HUAYLLAMARCA,estado nutricional,clasificacion e,2004-12-01,1,4,1,4,5
21005,ICHOCA,estado nutricional,clasificacion e,2004-12-01,3,3,3,3,6
10304,ICLA,estado nutricional,clasificacion e,2004-12-01,48,61,48,61,109
10703,INCAHUASI,estado nutricional,clasificacion e,2004-12-01,47,52,47,52,99
21001,INQUISIVI,estado nutricional,clasificacion e,2004-12-01,18,24,18,24,42
21102,IRUPANA (VILLA DE LANZA),estado nutricional,clasificacion e,2004-12-01,7,6,7,6,13
21501,IXIAMAS,estado nutricional,clasificacion e,2004-12-01,1,6,1,6,7
21105,LA ASUNTA,estado nutricional,clasificacion e,2004-12-01,6,2,6,2,8
70104,LA GUARDIA,estado nutricional,clasificacion e,2004-12-01,13,11,13,11,24
20101,LA PAZ,estado nutricional,clasificacion e,2004-12-01,224,138,224,138,362
70701,LAGUNILLAS,estado nutricional,clasificacion e,2004-12-01,8,12,8,12,20
21202,LAJA,estado nutricional,clasificacion e,2004-12-01,10,5,10,5,15
10903,LAS CARRERAS,estado nutricional,clasificacion e,2004-12-01,5,6,5,6,11
21006,LICOMA PAMPA,estado nutricional,clasificacion e,2004-12-01,0,1,0,1,1
50203,LLALLAGUA,estado nutricional,clasificacion e,2004-12-01,40,43,40,43,83
51401,LLICA,estado nutricional,clasificacion e,2004-12-01,2,1,2,1,3
80601,LORETO,estado nutricional,clasificacion e,2004-12-01,1,2,1,2,3
20901,LURIBAY,estado nutricional,clasificacion e,2004-12-01,8,12,8,12,20
40702,MACHACAMARCA,estado nutricional,clasificacion e,2004-12-01,1,0,1,0,1
11003,MACHARETI,estado nutricional,clasificacion e,2004-12-01,15,9,15,9,24
80801,MAGDALENA,estado nutricional,clasificacion e,2004-12-01,8,3,8,3,11
70903,MAIRANA,estado nutricional,clasificacion e,2004-12-01,4,1,4,1,5
20904,MALLA,estado nutricional,clasificacion e,2004-12-01,3,10,3,10,13
20103,MECAPACA,estado nutricional,clasificacion e,2004-12-01,3,6,3,6,9
71003,MINEROS,estado nutricional,clasificacion e,2004-12-01,35,17,35,17,52
31301,MIZQUE,estado nutricional,clasificacion e,2004-12-01,3,3,3,3,6
20402,MOCOMOCO,estado nutricional,clasificacion e,2004-12-01,1,1,1,1,2
51002,MOJINETE,estado nutricional,clasificacion e,2004-12-01,0,3,0,3,3
10303,MOJOCOYA,estado nutricional,clasificacion e,2004-12-01,12,4,12,4,16
10501,MONTEAGUDO,estado nutricional,clasificacion e,2004-12-01,19,30,19,30,49
71001,MONTERO,estado nutricional,clasificacion e,2004-12-01,98,49,98,49,147
70803,MORO MORO,estado nutricional,clasificacion e,2004-12-01,1,3,1,3,4
30302,MOROCHATA,estado nutricional,clasificacion e,2004-12-01,31,18,31,18,49
90501,NUEVO MANOA (NUEVA ESPERANZA),estado nutricional,clasificacion e,2004-12-01,0,1,0,1,1
50404,OCURI,estado nutricional,clasificacion e,2004-12-01,29,15,29,15,44
70202,OKINAWA,estado nutricional,clasificacion e,2004-12-01,7,1,7,1,8
40101,ORURO,estado nutricional,clasificacion e,2004-12-01,161,77,161,77,238
60201,PADCAYA,estado nutricional,clasificacion e,2004-12-01,10,8,10,8,18
10401,PADILLA,estado nutricional,clasificacion e,2004-12-01,14,37,14,37,51
70502,PAILON,estado nutricional,clasificacion e,2004-12-01,11,5,11,5,16
20102,PALCA,estado nutricional,clasificacion e,2004-12-01,7,12,7,12,19
21104,PALOS BLANCOS,estado nutricional,clasificacion e,2004-12-01,34,21,34,21,55
40802,PAMPA AULLAGAS,estado nutricional,clasificacion e,2004-12-01,0,3,0,3,3
70902,PAMPA GRANDE,estado nutricional,clasificacion e,2004-12-01,0,1,0,1,1
21802,PAPEL PAMPA,estado nutricional,clasificacion e,2004-12-01,3,0,3,0,3
30202,PASORAPA,estado nutricional,clasificacion e,2004-12-01,1,0,1,0,1
21305,PATACAMAYA,estado nutricional,clasificacion e,2004-12-01,10,3,10,3,13
40602,PAZÑA,estado nutricional,clasificacion e,2004-12-01,4,6,4,6,10
20702,PELECHUCO,estado nutricional,clasificacion e,2004-12-01,9,8,9,8,17
50403,POCOATA,estado nutricional,clasificacion e,2004-12-01,50,40,50,40,90
31203,POCONA,estado nutricional,clasificacion e,2004-12-01,5,4,5,4,9
31202,POJO (CBBA),estado nutricional,clasificacion e,2004-12-01,36,25,36,25,61
40601,POOPO,estado nutricional,clasificacion e,2004-12-01,1,2,1,2,3
51203,PORCO,estado nutricional,clasificacion e,2004-12-01,6,1,6,1,7
10103,POROMA,estado nutricional,clasificacion e,2004-12-01,22,31,22,31,53
70103,PORONGO,estado nutricional,clasificacion e,2004-12-01,4,0,4,0,4
70601,PORTACHUELO,estado nutricional,clasificacion e,2004-12-01,12,9,12,9,21
90102,PORVENIR,estado nutricional,clasificacion e,2004-12-01,1,0,1,0,1
70804,POSTRER VALLE,estado nutricional,clasificacion e,2004-12-01,2,6,2,6,8
50101,POTOSI,estado nutricional,clasificacion e,2004-12-01,134,74,134,74,208
10302,PRESTO,estado nutricional,clasificacion e,2004-12-01,26,53,26,53,79
21201,PUCARANI,estado nutricional,clasificacion e,2004-12-01,9,2,9,2,11
20401,PUERTO ACOSTA,estado nutricional,clasificacion e,2004-12-01,5,5,5,5,10
20403,PUERTO CARABUCO,estado nutricional,clasificacion e,2004-12-01,4,1,4,1,5
90301,PUERTO GONZALO MORENO,estado nutricional,clasificacion e,2004-12-01,1,0,1,0,1
21204,PUERTO PEREZ,estado nutricional,clasificacion e,2004-12-01,3,1,3,1,4
90201,PUERTO RICO,estado nutricional,clasificacion e,2004-12-01,5,2,5,2,7
31205,PUERTO VILLARROEL,estado nutricional,clasificacion e,2004-12-01,95,57,95,57,152
51101,PUNA,estado nutricional,clasificacion e,2004-12-01,40,36,40,36,76
31401,PUNATA,estado nutricional,clasificacion e,2004-12-01,28,5,28,5,33
30901,QUILLACOLLO,estado nutricional,clasificacion e,2004-12-01,53,11,53,11,64
21002,QUIME,estado nutricional,clasificacion e,2004-12-01,4,5,4,5,9
70904,QUIRUSILLAS,estado nutricional,clasificacion e,2004-12-01,0,1,0,1,1
50402,RAVELO,estado nutricional,clasificacion e,2004-12-01,78,54,78,54,132
80301,REYES,estado nutricional,clasificacion e,2004-12-01,7,4,7,4,11
80201,RIBERALTA,estado nutricional,clasificacion e,2004-12-01,107,91,107,91,198
70503,ROBORE,estado nutricional,clasificacion e,2004-12-01,16,5,16,5,21
80304,RURRENABAQUE,estado nutricional,clasificacion e,2004-12-01,3,0,3,0,3
40901,SABAYA,estado nutricional,clasificacion e,2004-12-01,1,1,1,1,2
31001,SACABA,estado nutricional,clasificacion e,2004-12-01,9,3,9,3,12
30404,SACABAMBA,estado nutricional,clasificacion e,2004-12-01,3,7,3,7,10
50701,SACACA,estado nutricional,clasificacion e,2004-12-01,90,96,90,96,186
71302,SAIPINA,estado nutricional,clasificacion e,2004-12-01,4,0,4,0,4
40801,SALINAS DE GARCI MENDOZA,estado nutricional,clasificacion e,2004-12-01,5,7,5,7,12
70901,SAMAIPATA,estado nutricional,clasificacion e,2004-12-01,10,3,10,3,13
51601,SAN AGUSTIN,estado nutricional,clasificacion e,2004-12-01,1,1,1,1,2
80602,SAN ANDRES,estado nutricional,clasificacion e,2004-12-01,7,4,7,4,11
71105,SAN ANTONIO DE LOMERIO,estado nutricional,clasificacion e,2004-12-01,23,45,23,45,68
31403,SAN BENITO,estado nutricional,clasificacion e,2004-12-01,1,1,1,1,2
80302,SAN BORJA,estado nutricional,clasificacion e,2004-12-01,30,29,30,29,59
21502,SAN BUENA VENTURA,estado nutricional,clasificacion e,2004-12-01,7,8,7,8,15
70402,SAN CARLOS,estado nutricional,clasificacion e,2004-12-01,10,10,10,10,20
80501,SAN IGNACIO,estado nutricional,clasificacion e,2004-12-01,12,3,12,3,15
70301,SAN IGNACIO DE VELASCO,estado nutricional,clasificacion e,2004-12-01,86,101,86,101,187
80102,SAN JAVIER(BNI),estado nutricional,clasificacion e,2004-12-01,1,1,1,1,2
71102,SAN JAVIER(STC),estado nutricional,clasificacion e,2004-12-01,4,0,4,0,4
80701,SAN JOAQUIN,estado nutricional,clasificacion e,2004-12-01,0,1,0,1,1
70501,SAN JOSE DE CHIQUITOS,estado nutricional,clasificacion e,2004-12-01,2,1,2,1,3
71104,SAN JULIAN,estado nutricional,clasificacion e,2004-12-01,30,25,30,25,55
60501,SAN LORENZO(TJA),estado nutricional,clasificacion e,2004-12-01,13,24,13,24,37
10702,SAN LUCAS,estado nutricional,clasificacion e,2004-12-01,141,119,141,119,260
70302,SAN MIGUEL DE VELASCO,estado nutricional,clasificacion e,2004-12-01,19,23,19,23,42
51001,SAN PABLO DE LIPEZ,estado nutricional,clasificacion e,2004-12-01,6,8,6,8,14
50501,SAN PEDRO DE BUENA VISTA,estado nutricional,clasificacion e,2004-12-01,33,100,33,100,133
21801,SAN PEDRO DE CURAHUARA,estado nutricional,clasificacion e,2004-12-01,2,0,2,0,2
21702,SAN PEDRO DE TIQUINA,estado nutricional,clasificacion e,2004-12-01,1,0,1,0,1
90202,SAN PEDRO(PND),estado nutricional,clasificacion e,2004-12-01,2,3,2,3,5
70303,SAN RAFAEL,estado nutricional,clasificacion e,2004-12-01,1,4,1,4,5
80702,SAN RAMON,estado nutricional,clasificacion e,2004-12-01,2,1,2,1,3
80702,SAN RAMON,estado nutricional,clasificacion e,2004-12-01,2,6,2,6,8
80401,SANTA ANA,estado nutricional,clasificacion e,2004-12-01,9,3,9,3,12
70101,SANTA CRUZ DE LA SIERRA,estado nutricional,clasificacion e,2004-12-01,338,100,338,100,438
80303,SANTA ROSA,estado nutricional,clasificacion e,2004-12-01,4,3,4,3,7
70602,SANTA ROSA DEL SARA,estado nutricional,clasificacion e,2004-12-01,9,3,9,3,12
20308,SANTIAGO DE CALLAPA,estado nutricional,clasificacion e,2004-12-01,8,5,8,5,13
41401,SANTIAGO DE HUARI,estado nutricional,clasificacion e,2004-12-01,2,1,2,1,3
21901,SANTIAGO DE MACHACA,estado nutricional,clasificacion e,2004-12-01,2,3,2,3,5
30702,SANTIVAÑES,estado nutricional,clasificacion e,2004-12-01,1,3,1,3,4
20902,SAPAHAQUI,estado nutricional,clasificacion e,2004-12-01,6,14,6,14,20
21301,SICA SICA (VILLA AROMA),estado nutricional,clasificacion e,2004-12-01,15,10,15,10,25
30703,SICAYA,estado nutricional,clasificacion e,2004-12-01,5,6,5,6,11
30902,SIPE SIPE,estado nutricional,clasificacion e,2004-12-01,38,21,38,21,59
10403,SOPACHUY,estado nutricional,clasificacion e,2004-12-01,6,8,6,8,14
20601,SORATA,estado nutricional,clasificacion e,2004-12-01,11,3,11,3,14
10101,SUCRE,estado nutricional,clasificacion e,2004-12-01,77,72,77,72,149
31404,TACACHI,estado nutricional,clasificacion e,2004-12-01,2,0,2,0,2
20603,TACACOMA,estado nutricional,clasificacion e,2004-12-01,1,2,1,2,3
50303,TACOBAMBA,estado nutricional,clasificacion e,2004-12-01,9,11,9,11,20
30602,TACOPAYA,estado nutricional,clasificacion e,2004-12-01,16,11,16,11,27
31101,TAPACARI,estado nutricional,clasificacion e,2004-12-01,22,23,22,23,45
10601,TARABUCO,estado nutricional,clasificacion e,2004-12-01,99,134,99,134,233
30401,TARATA,estado nutricional,clasificacion e,2004-12-01,8,0,8,0,8
60101,TARIJA,estado nutricional,clasificacion e,2004-12-01,59,57,59,57,116
10202,TARVITA,estado nutricional,clasificacion e,2004-12-01,15,12,15,12,27
20803,TIAWANACU,estado nutricional,clasificacion e,2004-12-01,4,7,4,7,11
50102,TINGUIPAYA,estado nutricional,clasificacion e,2004-12-01,50,72,50,72,122
20606,TIPUANI,estado nutricional,clasificacion e,2004-12-01,0,2,0,2,2
30903,TIQUIPAYA,estado nutricional,clasificacion e,2004-12-01,5,3,5,3,8
31601,TIRAQUE (CBBA),estado nutricional,clasificacion e,2004-12-01,42,19,42,19,61
21703,TITO YUPANQUI (PARQUIPUJIO),estado nutricional,clasificacion e,2004-12-01,2,0,2,0,2
30802,TOCO,estado nutricional,clasificacion e,2004-12-01,1,0,1,0,1
41001,TOLEDO,estado nutricional,clasificacion e,2004-12-01,3,1,3,1,4
51202,TOMAVE,estado nutricional,clasificacion e,2004-12-01,10,12,10,12,22
10402,TOMINA,estado nutricional,clasificacion e,2004-12-01,43,60,43,60,103
50502,TORO TORO,estado nutricional,clasificacion e,2004-12-01,34,46,34,46,80
31201,TOTORA(CBBA),estado nutricional,clasificacion e,2004-12-01,17,4,17,4,21
41301,TOTORA(ORR),estado nutricional,clasificacion e,2004-12-01,1,2,1,2,3
80101,TRINIDAD,estado nutricional,clasificacion e,2004-12-01,65,38,65,38,103
50801,TUPIZA,estado nutricional,clasificacion e,2004-12-01,31,23,31,23,54
21302,UMALA,estado nutricional,clasificacion e,2004-12-01,4,2,4,2,6
50201,UNCIA,estado nutricional,clasificacion e,2004-12-01,13,16,13,16,29
60401,URIONDO (A. CONCEPCION),estado nutricional,clasificacion e,2004-12-01,3,11,3,11,14
51201,UYUNI,estado nutricional,clasificacion e,2004-12-01,13,12,13,12,25
30502,VACAS,estado nutricional,clasificacion e,2004-12-01,27,13,27,13,40
70801,VALLEGRANDE,estado nutricional,clasificacion e,2004-12-01,10,14,10,14,24
20801,VIACHA,estado nutricional,clasificacion e,2004-12-01,24,7,24,7,31
31302,VILA VILA,estado nutricional,clasificacion e,2004-12-01,7,5,7,5,12
60303,VILLA MONTES,estado nutricional,clasificacion e,2004-12-01,14,7,14,7,21
90502,VILLA NUEVA (LOMA ALTA),estado nutricional,clasificacion e,2004-12-01,1,0,1,0,1
31402,VILLA RIVERO,estado nutricional,clasificacion e,2004-12-01,9,4,9,4,13
10801,VILLA SERRANO,estado nutricional,clasificacion e,2004-12-01,15,29,15,29,44
31003,VILLA TUNARI,estado nutricional,clasificacion e,2004-12-01,84,65,84,65,149
11001,VILLA VACA GUZMAN (MUYUPAMPA),estado nutricional,clasificacion e,2004-12-01,4,11,4,11,15
51501,VILLAZON,estado nutricional,clasificacion e,2004-12-01,23,20,23,20,43
30904,VINTO,estado nutricional,clasificacion e,2004-12-01,2,1,2,1,3
50602,VITICHI,estado nutricional,clasificacion e,2004-12-01,17,18,17,18,35
20306,WALDO BALLIVIAN,estado nutricional,clasificacion e,2004-12-01,2,0,2,0,2
70201,WARNES,estado nutricional,clasificacion e,2004-12-01,19,6,19,6,25
20903,YACO,estado nutricional,clasificacion e,2004-12-01,9,7,9,7,16
60301,YACUIBA,estado nutricional,clasificacion e,2004-12-01,25,13,25,13,38
10602,YAMPARAEZ,estado nutricional,clasificacion e,2004-12-01,43,48,43,48,91
70403,YAPACANI,estado nutricional,clasificacion e,2004-12-01,45,35,45,35,80
50103,YOCALLA,estado nutricional,clasificacion e,2004-12-01,3,0,3,0,3
10102,YOTALA,estado nutricional,clasificacion e,2004-12-01,12,21,12,21,33
60402,YUNCHARA,estado nutricional,clasificacion e,2004-12-01,10,14,10,14,24
10301,ZUDAÑEZ,estado nutricional,clasificacion e,2004-12-01,20,27,20,27,47
