codigo_municipio,municipio,grupo,variable,mes,totales_total-m,totales-1_total-f,totales-2_total
21303,AYO AYO,intoxicaciones,plaguicidas,2015-01-01,0,1,1
60202,BERMEJO,intoxicaciones,plaguicidas,2015-01-01,2,1,3
20303,CALACOTO,intoxicaciones,plaguicidas,2015-01-01,0,1,1
70706,CAMIRI,intoxicaciones,plaguicidas,2015-01-01,5,3,8
22001,CARANAVI,intoxicaciones,plaguicidas,2015-01-01,0,1,1
40201,CHALLAPATA,intoxicaciones,plaguicidas,2015-01-01,0,1,1
21101,CHULUMANI (V. DE LA LIBERTAD),intoxicaciones,plaguicidas,2015-01-01,2,1,3
20501,CHUMA,intoxicaciones,plaguicidas,2015-01-01,0,1,1
90101,COBIJA,intoxicaciones,plaguicidas,2015-01-01,1,1,2
30101,COCHABAMBA,intoxicaciones,plaguicidas,2015-01-01,9,14,23
31002,COLOMI,intoxicaciones,plaguicidas,2015-01-01,1,0,1
21402,CORIPATA,intoxicaciones,plaguicidas,2015-01-01,0,1,1
20105,EL ALTO,intoxicaciones,plaguicidas,2015-01-01,5,4,9
31206,ENTRE RIOS CBBA,intoxicaciones,plaguicidas,2015-01-01,0,1,1
20405,ESCOMA,intoxicaciones,plaguicidas,2015-01-01,1,1,2
20101,LA PAZ,intoxicaciones,plaguicidas,2015-01-01,3,0,3
70701,LAGUNILLAS,intoxicaciones,plaguicidas,2015-01-01,1,0,1
71001,MONTERO,intoxicaciones,plaguicidas,2015-01-01,2,1,3
70803,MORO MORO,intoxicaciones,plaguicidas,2015-01-01,1,0,1
31205,PUERTO VILLARROEL,intoxicaciones,plaguicidas,2015-01-01,3,5,8
51101,PUNA,intoxicaciones,plaguicidas,2015-01-01,1,1,2
31401,PUNATA,intoxicaciones,plaguicidas,2015-01-01,0,1,1
30901,QUILLACOLLO,intoxicaciones,plaguicidas,2015-01-01,0,1,1
70503,ROBORE,intoxicaciones,plaguicidas,2015-01-01,1,0,1
31001,SACABA,intoxicaciones,plaguicidas,2015-01-01,1,1,2
70901,SAMAIPATA,intoxicaciones,plaguicidas,2015-01-01,1,1,2
70301,SAN IGNACIO DE VELASCO,intoxicaciones,plaguicidas,2015-01-01,1,0,1
71104,SAN JULIAN,intoxicaciones,plaguicidas,2015-01-01,2,0,2
70101,SANTA CRUZ DE LA SIERRA,intoxicaciones,plaguicidas,2015-01-01,1,2,3
20902,SAPAHAQUI,intoxicaciones,plaguicidas,2015-01-01,1,0,1
10101,SUCRE,intoxicaciones,plaguicidas,2015-01-01,0,1,1
20603,TACACOMA,intoxicaciones,plaguicidas,2015-01-01,0,1,1
60101,TARIJA,intoxicaciones,plaguicidas,2015-01-01,2,2,4
60401,URIONDO (A. CONCEPCION),intoxicaciones,plaguicidas,2015-01-01,2,0,2
70801,VALLEGRANDE,intoxicaciones,plaguicidas,2015-01-01,1,0,1
10704,VILLA CHARCAS,intoxicaciones,plaguicidas,2015-01-01,1,0,1
31003,VILLA TUNARI,intoxicaciones,plaguicidas,2015-01-01,2,2,4
70201,WARNES,intoxicaciones,plaguicidas,2015-01-01,2,0,2
60301,YACUIBA,intoxicaciones,plaguicidas,2015-01-01,1,0,1
10404,ALCALA,intoxicaciones,plaguicidas,2015-02-01,1,0,1
20202,ANCORAIMES,intoxicaciones,plaguicidas,2015-02-01,1,0,1
60202,BERMEJO,intoxicaciones,plaguicidas,2015-02-01,0,1,1
60302,CARAPARI,intoxicaciones,plaguicidas,2015-02-01,1,0,1
21101,CHULUMANI (V. DE LA LIBERTAD),intoxicaciones,plaguicidas,2015-02-01,0,1,1
20501,CHUMA,intoxicaciones,plaguicidas,2015-02-01,0,1,1
30101,COCHABAMBA,intoxicaciones,plaguicidas,2015-02-01,12,9,21
31002,COLOMI,intoxicaciones,plaguicidas,2015-02-01,2,0,2
21401,COROICO,intoxicaciones,plaguicidas,2015-02-01,1,0,1
20105,EL ALTO,intoxicaciones,plaguicidas,2015-02-01,2,3,5
71503,EL PUENTE(STC),intoxicaciones,plaguicidas,2015-02-01,1,0,1
70105,EL TORNO,intoxicaciones,plaguicidas,2015-02-01,1,0,1
31206,ENTRE RIOS CBBA,intoxicaciones,plaguicidas,2015-02-01,0,1,1
20405,ESCOMA,intoxicaciones,plaguicidas,2015-02-01,1,0,1
21102,IRUPANA (VILLA DE LANZA),intoxicaciones,plaguicidas,2015-02-01,1,0,1
20101,LA PAZ,intoxicaciones,plaguicidas,2015-02-01,1,1,2
21202,LAJA,intoxicaciones,plaguicidas,2015-02-01,0,1,1
70903,MAIRANA,intoxicaciones,plaguicidas,2015-02-01,1,0,1
71001,MONTERO,intoxicaciones,plaguicidas,2015-02-01,4,0,4
10401,PADILLA,intoxicaciones,plaguicidas,2015-02-01,0,1,1
21104,PALOS BLANCOS,intoxicaciones,plaguicidas,2015-02-01,1,0,1
40602,PAZÃ‘A,intoxicaciones,plaguicidas,2015-02-01,0,1,1
20403,PUERTO CARABUCO,intoxicaciones,plaguicidas,2015-02-01,1,0,1
31205,PUERTO VILLARROEL,intoxicaciones,plaguicidas,2015-02-01,1,0,1
31401,PUNATA,intoxicaciones,plaguicidas,2015-02-01,5,0,5
31001,SACABA,intoxicaciones,plaguicidas,2015-02-01,0,2,2
30404,SACABAMBA,intoxicaciones,plaguicidas,2015-02-01,1,0,1
70402,SAN CARLOS,intoxicaciones,plaguicidas,2015-02-01,1,0,1
70301,SAN IGNACIO DE VELASCO,intoxicaciones,plaguicidas,2015-02-01,0,1,1
71005,SAN PEDRO,intoxicaciones,plaguicidas,2015-02-01,1,1,2
70101,SANTA CRUZ DE LA SIERRA,intoxicaciones,plaguicidas,2015-02-01,3,0,3
10101,SUCRE,intoxicaciones,plaguicidas,2015-02-01,24,27,51
60101,TARIJA,intoxicaciones,plaguicidas,2015-02-01,1,1,2
50201,UNCIA,intoxicaciones,plaguicidas,2015-02-01,1,0,1
60401,URIONDO (A. CONCEPCION),intoxicaciones,plaguicidas,2015-02-01,1,0,1
70801,VALLEGRANDE,intoxicaciones,plaguicidas,2015-02-01,1,0,1
10801,VILLA SERRANO,intoxicaciones,plaguicidas,2015-02-01,0,2,2
31003,VILLA TUNARI,intoxicaciones,plaguicidas,2015-02-01,5,2,7
11001,VILLA VACA GUZMAN (MUYUPAMPA),intoxicaciones,plaguicidas,2015-02-01,0,1,1
30904,VINTO,intoxicaciones,plaguicidas,2015-02-01,0,1,1
60301,YACUIBA,intoxicaciones,plaguicidas,2015-02-01,1,0,1
20701,APOLO,intoxicaciones,plaguicidas,2015-03-01,1,0,1
71501,ASCENCION DE GUARAYOS,intoxicaciones,plaguicidas,2015-03-01,4,2,6
50802,ATOCHA,intoxicaciones,plaguicidas,2015-03-01,1,0,1
20502,AYATA,intoxicaciones,plaguicidas,2015-03-01,0,2,2
60202,BERMEJO,intoxicaciones,plaguicidas,2015-03-01,0,1,1
21101,CHULUMANI (V. DE LA LIBERTAD),intoxicaciones,plaguicidas,2015-03-01,3,2,5
30101,COCHABAMBA,intoxicaciones,plaguicidas,2015-03-01,7,9,16
31002,COLOMI,intoxicaciones,plaguicidas,2015-03-01,1,0,1
71301,COMARAPA,intoxicaciones,plaguicidas,2015-03-01,1,0,1
21402,CORIPATA,intoxicaciones,plaguicidas,2015-03-01,0,1,1
21401,COROICO,intoxicaciones,plaguicidas,2015-03-01,0,1,1
20105,EL ALTO,intoxicaciones,plaguicidas,2015-03-01,0,1,1
20405,ESCOMA,intoxicaciones,plaguicidas,2015-03-01,1,2,3
41101,EUCALIPTUS,intoxicaciones,plaguicidas,2015-03-01,0,1,1
71004,FERNANDEZ ALONSO,intoxicaciones,plaguicidas,2015-03-01,1,0,1
20802,GUAQUI,intoxicaciones,plaguicidas,2015-03-01,0,1,1
21105,LA ASUNTA,intoxicaciones,plaguicidas,2015-03-01,1,1,2
70104,LA GUARDIA,intoxicaciones,plaguicidas,2015-03-01,3,2,5
11003,MACHARETI,intoxicaciones,plaguicidas,2015-03-01,2,0,2
71001,MONTERO,intoxicaciones,plaguicidas,2015-03-01,0,1,1
30203,OMEREQUE,intoxicaciones,plaguicidas,2015-03-01,2,0,2
60201,PADCAYA,intoxicaciones,plaguicidas,2015-03-01,1,0,1
70502,PAILON,intoxicaciones,plaguicidas,2015-03-01,1,2,3
20702,PELECHUCO,intoxicaciones,plaguicidas,2015-03-01,0,1,1
21201,PUCARANI,intoxicaciones,plaguicidas,2015-03-01,0,1,1
31205,PUERTO VILLARROEL,intoxicaciones,plaguicidas,2015-03-01,4,0,4
31401,PUNATA,intoxicaciones,plaguicidas,2015-03-01,0,1,1
80201,RIBERALTA,intoxicaciones,plaguicidas,2015-03-01,1,0,1
70503,ROBORE,intoxicaciones,plaguicidas,2015-03-01,1,0,1
71302,SAIPINA,intoxicaciones,plaguicidas,2015-03-01,1,0,1
80501,SAN IGNACIO,intoxicaciones,plaguicidas,2015-03-01,0,1,1
71104,SAN JULIAN,intoxicaciones,plaguicidas,2015-03-01,1,0,1
70101,SANTA CRUZ DE LA SIERRA,intoxicaciones,plaguicidas,2015-03-01,0,3,3
70602,SANTA ROSA DEL SARA,intoxicaciones,plaguicidas,2015-03-01,1,0,1
30902,SIPE SIPE,intoxicaciones,plaguicidas,2015-03-01,0,1,1
10101,SUCRE,intoxicaciones,plaguicidas,2015-03-01,1,5,6
60101,TARIJA,intoxicaciones,plaguicidas,2015-03-01,0,2,2
10704,VILLA CHARCAS,intoxicaciones,plaguicidas,2015-03-01,1,0,1
31003,VILLA TUNARI,intoxicaciones,plaguicidas,2015-03-01,5,4,9
51501,VILLAZON,intoxicaciones,plaguicidas,2015-03-01,1,0,1
30904,VINTO,intoxicaciones,plaguicidas,2015-03-01,0,2,2
60301,YACUIBA,intoxicaciones,plaguicidas,2015-03-01,1,0,1
60402,YUNCHARA,intoxicaciones,plaguicidas,2015-03-01,0,1,1
20202,ANCORAIMES,intoxicaciones,plaguicidas,2015-04-01,0,1,1
71501,ASCENCION DE GUARAYOS,intoxicaciones,plaguicidas,2015-04-01,2,1,3
60202,BERMEJO,intoxicaciones,plaguicidas,2015-04-01,2,0,2
10701,CAMARGO,intoxicaciones,plaguicidas,2015-04-01,1,0,1
22001,CARANAVI,intoxicaciones,plaguicidas,2015-04-01,0,2,2
30101,COCHABAMBA,intoxicaciones,plaguicidas,2015-04-01,9,8,17
31002,COLOMI,intoxicaciones,plaguicidas,2015-04-01,0,1,1
20105,EL ALTO,intoxicaciones,plaguicidas,2015-04-01,0,1,1
20101,LA PAZ,intoxicaciones,plaguicidas,2015-04-01,1,0,1
20901,LURIBAY,intoxicaciones,plaguicidas,2015-04-01,0,1,1
71001,MONTERO,intoxicaciones,plaguicidas,2015-04-01,2,0,2
21104,PALOS BLANCOS,intoxicaciones,plaguicidas,2015-04-01,0,2,2
31205,PUERTO VILLARROEL,intoxicaciones,plaguicidas,2015-04-01,1,0,1
31001,SACABA,intoxicaciones,plaguicidas,2015-04-01,1,3,4
80302,SAN BORJA,intoxicaciones,plaguicidas,2015-04-01,0,1,1
70301,SAN IGNACIO DE VELASCO,intoxicaciones,plaguicidas,2015-04-01,1,0,1
10702,SAN LUCAS,intoxicaciones,plaguicidas,2015-04-01,1,0,1
71005,SAN PEDRO,intoxicaciones,plaguicidas,2015-04-01,1,0,1
70101,SANTA CRUZ DE LA SIERRA,intoxicaciones,plaguicidas,2015-04-01,1,2,3
21301,SICA SICA (VILLA AROMA),intoxicaciones,plaguicidas,2015-04-01,1,1,2
10101,SUCRE,intoxicaciones,plaguicidas,2015-04-01,0,3,3
31101,TAPACARI,intoxicaciones,plaguicidas,2015-04-01,1,0,1
60101,TARIJA,intoxicaciones,plaguicidas,2015-04-01,5,5,10
31601,TIRAQUE (CBBA),intoxicaciones,plaguicidas,2015-04-01,1,0,1
31003,VILLA TUNARI,intoxicaciones,plaguicidas,2015-04-01,8,1,9
51501,VILLAZON,intoxicaciones,plaguicidas,2015-04-01,0,1,1
51302,ACACIO,intoxicaciones,plaguicidas,2015-05-01,3,0,3
21203,BATALLAS,intoxicaciones,plaguicidas,2015-05-01,1,0,1
60202,BERMEJO,intoxicaciones,plaguicidas,2015-05-01,1,0,1
31501,BOLIVAR,intoxicaciones,plaguicidas,2015-05-01,0,1,1
21304,CALAMARCA,intoxicaciones,plaguicidas,2015-05-01,0,1,1
70706,CAMIRI,intoxicaciones,plaguicidas,2015-05-01,1,0,1
22001,CARANAVI,intoxicaciones,plaguicidas,2015-05-01,1,1,2
30101,COCHABAMBA,intoxicaciones,plaguicidas,2015-05-01,9,12,21
31002,COLOMI,intoxicaciones,plaguicidas,2015-05-01,0,1,1
21401,COROICO,intoxicaciones,plaguicidas,2015-05-01,1,1,2
20105,EL ALTO,intoxicaciones,plaguicidas,2015-05-01,0,6,6
70105,EL TORNO,intoxicaciones,plaguicidas,2015-05-01,0,1,1
70903,MAIRANA,intoxicaciones,plaguicidas,2015-05-01,1,0,1
20607,MAPIRI,intoxicaciones,plaguicidas,2015-05-01,0,1,1
21104,PALOS BLANCOS,intoxicaciones,plaguicidas,2015-05-01,0,1,1
31205,PUERTO VILLARROEL,intoxicaciones,plaguicidas,2015-05-01,4,3,7
31401,PUNATA,intoxicaciones,plaguicidas,2015-05-01,0,2,2
80201,RIBERALTA,intoxicaciones,plaguicidas,2015-05-01,1,0,1
70301,SAN IGNACIO DE VELASCO,intoxicaciones,plaguicidas,2015-05-01,0,1,1
70101,SANTA CRUZ DE LA SIERRA,intoxicaciones,plaguicidas,2015-05-01,3,0,3
10403,SOPACHUY,intoxicaciones,plaguicidas,2015-05-01,0,1,1
10101,SUCRE,intoxicaciones,plaguicidas,2015-05-01,0,2,2
10601,TARABUCO,intoxicaciones,plaguicidas,2015-05-01,1,0,1
60101,TARIJA,intoxicaciones,plaguicidas,2015-05-01,4,4,8
31003,VILLA TUNARI,intoxicaciones,plaguicidas,2015-05-01,6,4,10
60301,YACUIBA,intoxicaciones,plaguicidas,2015-05-01,1,0,1
20201,ACHACACHI,intoxicaciones,plaguicidas,2015-06-01,1,1,2
20202,ANCORAIMES,intoxicaciones,plaguicidas,2015-06-01,0,1,1
20905,CAIROMA,intoxicaciones,plaguicidas,2015-06-01,1,0,1
70706,CAMIRI,intoxicaciones,plaguicidas,2015-06-01,0,1,1
22001,CARANAVI,intoxicaciones,plaguicidas,2015-06-01,1,1,2
20501,CHUMA,intoxicaciones,plaguicidas,2015-06-01,2,0,2
30101,COCHABAMBA,intoxicaciones,plaguicidas,2015-06-01,4,10,14
31002,COLOMI,intoxicaciones,plaguicidas,2015-06-01,1,2,3
50601,COTAGAITA,intoxicaciones,plaguicidas,2015-06-01,0,2,2
20105,EL ALTO,intoxicaciones,plaguicidas,2015-06-01,2,4,6
70105,EL TORNO,intoxicaciones,plaguicidas,2015-06-01,1,0,1
20405,ESCOMA,intoxicaciones,plaguicidas,2015-06-01,0,1,1
21105,LA ASUNTA,intoxicaciones,plaguicidas,2015-06-01,0,1,1
70104,LA GUARDIA,intoxicaciones,plaguicidas,2015-06-01,0,2,2
70903,MAIRANA,intoxicaciones,plaguicidas,2015-06-01,5,0,5
20102,PALCA,intoxicaciones,plaguicidas,2015-06-01,0,1,1
31203,POCONA,intoxicaciones,plaguicidas,2015-06-01,0,1,1
31205,PUERTO VILLARROEL,intoxicaciones,plaguicidas,2015-06-01,6,6,12
31401,PUNATA,intoxicaciones,plaguicidas,2015-06-01,1,1,2
31001,SACABA,intoxicaciones,plaguicidas,2015-06-01,0,1,1
31403,SAN BENITO,intoxicaciones,plaguicidas,2015-06-01,0,1,1
71104,SAN JULIAN,intoxicaciones,plaguicidas,2015-06-01,0,1,1
60501,SAN LORENZO(TJA),intoxicaciones,plaguicidas,2015-06-01,2,0,2
70101,SANTA CRUZ DE LA SIERRA,intoxicaciones,plaguicidas,2015-06-01,2,1,3
31602,SHINAOTA,intoxicaciones,plaguicidas,2015-06-01,0,1,1
10101,SUCRE,intoxicaciones,plaguicidas,2015-06-01,1,3,4
60101,TARIJA,intoxicaciones,plaguicidas,2015-06-01,4,3,7
31601,TIRAQUE (CBBA),intoxicaciones,plaguicidas,2015-06-01,1,0,1
30502,VACAS,intoxicaciones,plaguicidas,2015-06-01,0,1,1
10704,VILLA CHARCAS,intoxicaciones,plaguicidas,2015-06-01,0,1,1
31003,VILLA TUNARI,intoxicaciones,plaguicidas,2015-06-01,7,2,9
60301,YACUIBA,intoxicaciones,plaguicidas,2015-06-01,1,1,2
20905,CAIROMA,intoxicaciones,plaguicidas,2015-07-01,1,2,3
22001,CARANAVI,intoxicaciones,plaguicidas,2015-07-01,3,2,5
30101,COCHABAMBA,intoxicaciones,plaguicidas,2015-07-01,9,14,23
31002,COLOMI,intoxicaciones,plaguicidas,2015-07-01,2,0,2
21402,CORIPATA,intoxicaciones,plaguicidas,2015-07-01,1,0,1
10902,CULPINA,intoxicaciones,plaguicidas,2015-07-01,0,1,1
20105,EL ALTO,intoxicaciones,plaguicidas,2015-07-01,1,3,4
20405,ESCOMA,intoxicaciones,plaguicidas,2015-07-01,0,1,1
20101,LA PAZ,intoxicaciones,plaguicidas,2015-07-01,1,0,1
70701,LAGUNILLAS,intoxicaciones,plaguicidas,2015-07-01,0,1,1
71001,MONTERO,intoxicaciones,plaguicidas,2015-07-01,0,1,1
60201,PADCAYA,intoxicaciones,plaguicidas,2015-07-01,0,1,1
31205,PUERTO VILLARROEL,intoxicaciones,plaguicidas,2015-07-01,2,1,3
31401,PUNATA,intoxicaciones,plaguicidas,2015-07-01,1,0,1
70901,SAMAIPATA,intoxicaciones,plaguicidas,2015-07-01,1,0,1
71005,SAN PEDRO,intoxicaciones,plaguicidas,2015-07-01,2,0,2
70101,SANTA CRUZ DE LA SIERRA,intoxicaciones,plaguicidas,2015-07-01,3,2,5
31602,SHINAOTA,intoxicaciones,plaguicidas,2015-07-01,1,0,1
10101,SUCRE,intoxicaciones,plaguicidas,2015-07-01,0,3,3
60101,TARIJA,intoxicaciones,plaguicidas,2015-07-01,0,4,4
10202,TARVITA,intoxicaciones,plaguicidas,2015-07-01,1,0,1
30903,TIQUIPAYA,intoxicaciones,plaguicidas,2015-07-01,1,0,1
31003,VILLA TUNARI,intoxicaciones,plaguicidas,2015-07-01,5,4,9
51501,VILLAZON,intoxicaciones,plaguicidas,2015-07-01,0,1,1
70403,YAPACANI,intoxicaciones,plaguicidas,2015-07-01,1,0,1
30201,AIQUILE,intoxicaciones,plaguicidas,2015-08-01,1,1,2
31303,ALALAY,intoxicaciones,plaguicidas,2015-08-01,0,1,1
20202,ANCORAIMES,intoxicaciones,plaguicidas,2015-08-01,1,0,1
71501,ASCENCION DE GUARAYOS,intoxicaciones,plaguicidas,2015-08-01,1,0,1
60202,BERMEJO,intoxicaciones,plaguicidas,2015-08-01,2,0,2
20905,CAIROMA,intoxicaciones,plaguicidas,2015-08-01,1,0,1
22001,CARANAVI,intoxicaciones,plaguicidas,2015-08-01,2,1,3
21101,CHULUMANI (V. DE LA LIBERTAD),intoxicaciones,plaguicidas,2015-08-01,1,2,3
90101,COBIJA,intoxicaciones,plaguicidas,2015-08-01,0,1,1
30101,COCHABAMBA,intoxicaciones,plaguicidas,2015-08-01,6,7,13
20105,EL ALTO,intoxicaciones,plaguicidas,2015-08-01,4,3,7
71503,EL PUENTE(STC),intoxicaciones,plaguicidas,2015-08-01,1,0,1
20405,ESCOMA,intoxicaciones,plaguicidas,2015-08-01,0,1,1
21105,LA ASUNTA,intoxicaciones,plaguicidas,2015-08-01,1,0,1
70903,MAIRANA,intoxicaciones,plaguicidas,2015-08-01,0,1,1
10501,MONTEAGUDO,intoxicaciones,plaguicidas,2015-08-01,1,1,2
60201,PADCAYA,intoxicaciones,plaguicidas,2015-08-01,1,0,1
70502,PAILON,intoxicaciones,plaguicidas,2015-08-01,1,0,1
31203,POCONA,intoxicaciones,plaguicidas,2015-08-01,1,0,1
31205,PUERTO VILLARROEL,intoxicaciones,plaguicidas,2015-08-01,2,1,3
31401,PUNATA,intoxicaciones,plaguicidas,2015-08-01,1,1,2
80201,RIBERALTA,intoxicaciones,plaguicidas,2015-08-01,0,1,1
31001,SACABA,intoxicaciones,plaguicidas,2015-08-01,2,0,2
70901,SAMAIPATA,intoxicaciones,plaguicidas,2015-08-01,1,1,2
71104,SAN JULIAN,intoxicaciones,plaguicidas,2015-08-01,2,0,2
71005,SAN PEDRO,intoxicaciones,plaguicidas,2015-08-01,1,0,1
70101,SANTA CRUZ DE LA SIERRA,intoxicaciones,plaguicidas,2015-08-01,1,4,5
21301,SICA SICA (VILLA AROMA),intoxicaciones,plaguicidas,2015-08-01,0,1,1
30902,SIPE SIPE,intoxicaciones,plaguicidas,2015-08-01,1,0,1
60101,TARIJA,intoxicaciones,plaguicidas,2015-08-01,5,3,8
10202,TARVITA,intoxicaciones,plaguicidas,2015-08-01,1,0,1
50102,TINGUIPAYA,intoxicaciones,plaguicidas,2015-08-01,0,1,1
31601,TIRAQUE (CBBA),intoxicaciones,plaguicidas,2015-08-01,1,0,1
60401,URIONDO (A. CONCEPCION),intoxicaciones,plaguicidas,2015-08-01,1,0,1
10801,VILLA SERRANO,intoxicaciones,plaguicidas,2015-08-01,0,1,1
31003,VILLA TUNARI,intoxicaciones,plaguicidas,2015-08-01,8,7,15
60301,YACUIBA,intoxicaciones,plaguicidas,2015-08-01,0,1,1
30601,ARQUE,intoxicaciones,plaguicidas,2015-09-01,1,0,1
21101,CHULUMANI (V. DE LA LIBERTAD),intoxicaciones,plaguicidas,2015-09-01,3,3,6
90101,COBIJA,intoxicaciones,plaguicidas,2015-09-01,1,4,5
30101,COCHABAMBA,intoxicaciones,plaguicidas,2015-09-01,8,14,22
31002,COLOMI,intoxicaciones,plaguicidas,2015-09-01,1,0,1
71101,CONCEPCION,intoxicaciones,plaguicidas,2015-09-01,1,0,1
21402,CORIPATA,intoxicaciones,plaguicidas,2015-09-01,0,1,1
50601,COTAGAITA,intoxicaciones,plaguicidas,2015-09-01,0,1,1
10902,CULPINA,intoxicaciones,plaguicidas,2015-09-01,2,0,2
20105,EL ALTO,intoxicaciones,plaguicidas,2015-09-01,2,2,4
70105,EL TORNO,intoxicaciones,plaguicidas,2015-09-01,1,0,1
31206,ENTRE RIOS CBBA,intoxicaciones,plaguicidas,2015-09-01,0,1,1
20405,ESCOMA,intoxicaciones,plaguicidas,2015-09-01,0,5,5
70104,LA GUARDIA,intoxicaciones,plaguicidas,2015-09-01,3,0,3
71001,MONTERO,intoxicaciones,plaguicidas,2015-09-01,0,0,0
60201,PADCAYA,intoxicaciones,plaguicidas,2015-09-01,1,0,1
20401,PUERTO ACOSTA,intoxicaciones,plaguicidas,2015-09-01,0,1,1
31205,PUERTO VILLARROEL,intoxicaciones,plaguicidas,2015-09-01,1,2,3
31401,PUNATA,intoxicaciones,plaguicidas,2015-09-01,0,1,1
31001,SACABA,intoxicaciones,plaguicidas,2015-09-01,0,1,1
71302,SAIPINA,intoxicaciones,plaguicidas,2015-09-01,1,1,2
60501,SAN LORENZO(TJA),intoxicaciones,plaguicidas,2015-09-01,0,1,1
71005,SAN PEDRO,intoxicaciones,plaguicidas,2015-09-01,3,0,3
70101,SANTA CRUZ DE LA SIERRA,intoxicaciones,plaguicidas,2015-09-01,1,3,4
31602,SHINAOTA,intoxicaciones,plaguicidas,2015-09-01,1,0,1
10101,SUCRE,intoxicaciones,plaguicidas,2015-09-01,0,2,2
60101,TARIJA,intoxicaciones,plaguicidas,2015-09-01,1,1,2
30903,TIQUIPAYA,intoxicaciones,plaguicidas,2015-09-01,0,1,1
70801,VALLEGRANDE,intoxicaciones,plaguicidas,2015-09-01,1,0,1
31003,VILLA TUNARI,intoxicaciones,plaguicidas,2015-09-01,4,6,10
50602,VITICHI,intoxicaciones,plaguicidas,2015-09-01,1,0,1
60301,YACUIBA,intoxicaciones,plaguicidas,2015-09-01,1,1,2
70706,CAMIRI,intoxicaciones,plaguicidas,2015-10-01,1,0,1
22001,CARANAVI,intoxicaciones,plaguicidas,2015-10-01,1,1,2
30101,COCHABAMBA,intoxicaciones,plaguicidas,2015-10-01,9,18,27
21004,COLQUIRI,intoxicaciones,plaguicidas,2015-10-01,0,1,1
21401,COROICO,intoxicaciones,plaguicidas,2015-10-01,0,1,1
50601,COTAGAITA,intoxicaciones,plaguicidas,2015-10-01,1,0,1
70102,COTOCA,intoxicaciones,plaguicidas,2015-10-01,1,0,1
20105,EL ALTO,intoxicaciones,plaguicidas,2015-10-01,4,4,8
71503,EL PUENTE(STC),intoxicaciones,plaguicidas,2015-10-01,1,0,1
31206,ENTRE RIOS CBBA,intoxicaciones,plaguicidas,2015-10-01,1,0,1
10304,ICLA,intoxicaciones,plaguicidas,2015-10-01,1,1,2
20101,LA PAZ,intoxicaciones,plaguicidas,2015-10-01,0,1,1
50203,LLALLAGUA,intoxicaciones,plaguicidas,2015-10-01,0,4,4
70903,MAIRANA,intoxicaciones,plaguicidas,2015-10-01,3,0,3
30302,MOROCHATA,intoxicaciones,plaguicidas,2015-10-01,0,1,1
21104,PALOS BLANCOS,intoxicaciones,plaguicidas,2015-10-01,0,1,1
21802,PAPEL PAMPA,intoxicaciones,plaguicidas,2015-10-01,0,1,1
20702,PELECHUCO,intoxicaciones,plaguicidas,2015-10-01,1,0,1
31205,PUERTO VILLARROEL,intoxicaciones,plaguicidas,2015-10-01,1,0,1
31401,PUNATA,intoxicaciones,plaguicidas,2015-10-01,0,4,4
71104,SAN JULIAN,intoxicaciones,plaguicidas,2015-10-01,0,1,1
71005,SAN PEDRO,intoxicaciones,plaguicidas,2015-10-01,0,1,1
70101,SANTA CRUZ DE LA SIERRA,intoxicaciones,plaguicidas,2015-10-01,0,2,2
70602,SANTA ROSA DEL SARA,intoxicaciones,plaguicidas,2015-10-01,2,1,3
30902,SIPE SIPE,intoxicaciones,plaguicidas,2015-10-01,1,0,1
10101,SUCRE,intoxicaciones,plaguicidas,2015-10-01,2,0,2
60101,TARIJA,intoxicaciones,plaguicidas,2015-10-01,4,4,8
31601,TIRAQUE (CBBA),intoxicaciones,plaguicidas,2015-10-01,1,2,3
30502,VACAS,intoxicaciones,plaguicidas,2015-10-01,0,1,1
31003,VILLA TUNARI,intoxicaciones,plaguicidas,2015-10-01,5,5,10
51501,VILLAZON,intoxicaciones,plaguicidas,2015-10-01,1,1,2
30904,VINTO,intoxicaciones,plaguicidas,2015-10-01,1,0,1
10602,YAMPARAEZ,intoxicaciones,plaguicidas,2015-10-01,0,1,1
30403,ARBIETO,intoxicaciones,plaguicidas,2015-11-01,0,2,2
71501,ASCENCION DE GUARAYOS,intoxicaciones,plaguicidas,2015-11-01,1,0,1
20502,AYATA,intoxicaciones,plaguicidas,2015-11-01,1,0,1
60202,BERMEJO,intoxicaciones,plaguicidas,2015-11-01,1,0,1
22001,CARANAVI,intoxicaciones,plaguicidas,2015-11-01,0,1,1
20501,CHUMA,intoxicaciones,plaguicidas,2015-11-01,0,1,1
30101,COCHABAMBA,intoxicaciones,plaguicidas,2015-11-01,5,4,9
20105,EL ALTO,intoxicaciones,plaguicidas,2015-11-01,2,3,5
21601,GRAL. J.J. PEREZ (CHARAZANI),intoxicaciones,plaguicidas,2015-11-01,1,0,1
21105,LA ASUNTA,intoxicaciones,plaguicidas,2015-11-01,1,1,2
20101,LA PAZ,intoxicaciones,plaguicidas,2015-11-01,1,0,1
70903,MAIRANA,intoxicaciones,plaguicidas,2015-11-01,1,0,1
70803,MORO MORO,intoxicaciones,plaguicidas,2015-11-01,1,0,1
30302,MOROCHATA,intoxicaciones,plaguicidas,2015-11-01,1,1,2
31205,PUERTO VILLARROEL,intoxicaciones,plaguicidas,2015-11-01,1,2,3
31401,PUNATA,intoxicaciones,plaguicidas,2015-11-01,1,1,2
70503,ROBORE,intoxicaciones,plaguicidas,2015-11-01,0,1,1
31001,SACABA,intoxicaciones,plaguicidas,2015-11-01,3,0,3
70402,SAN CARLOS,intoxicaciones,plaguicidas,2015-11-01,0,1,1
71104,SAN JULIAN,intoxicaciones,plaguicidas,2015-11-01,0,1,1
71005,SAN PEDRO,intoxicaciones,plaguicidas,2015-11-01,1,1,2
70101,SANTA CRUZ DE LA SIERRA,intoxicaciones,plaguicidas,2015-11-01,8,2,10
31602,SHINAOTA,intoxicaciones,plaguicidas,2015-11-01,0,1,1
21301,SICA SICA (VILLA AROMA),intoxicaciones,plaguicidas,2015-11-01,0,1,1
60101,TARIJA,intoxicaciones,plaguicidas,2015-11-01,5,1,6
31601,TIRAQUE (CBBA),intoxicaciones,plaguicidas,2015-11-01,0,1,1
60401,URIONDO (A. CONCEPCION),intoxicaciones,plaguicidas,2015-11-01,1,0,1
30502,VACAS,intoxicaciones,plaguicidas,2015-11-01,0,1,1
70801,VALLEGRANDE,intoxicaciones,plaguicidas,2015-11-01,1,0,1
31003,VILLA TUNARI,intoxicaciones,plaguicidas,2015-11-01,8,8,16
51501,VILLAZON,intoxicaciones,plaguicidas,2015-11-01,1,1,2
70403,YAPACANI,intoxicaciones,plaguicidas,2015-11-01,1,0,1
60202,BERMEJO,intoxicaciones,plaguicidas,2015-12-01,0,1,1
40102,CARACOLLO,intoxicaciones,plaguicidas,2015-12-01,1,0,1
20501,CHUMA,intoxicaciones,plaguicidas,2015-12-01,0,1,1
30101,COCHABAMBA,intoxicaciones,plaguicidas,2015-12-01,4,6,10
31002,COLOMI,intoxicaciones,plaguicidas,2015-12-01,1,2,3
71101,CONCEPCION,intoxicaciones,plaguicidas,2015-12-01,1,0,1
21401,COROICO,intoxicaciones,plaguicidas,2015-12-01,0,1,1
40401,CURAHUARA DE CARANGAS,intoxicaciones,plaguicidas,2015-12-01,1,1,2
20105,EL ALTO,intoxicaciones,plaguicidas,2015-12-01,2,6,8
71503,EL PUENTE(STC),intoxicaciones,plaguicidas,2015-12-01,1,0,1
70105,EL TORNO,intoxicaciones,plaguicidas,2015-12-01,1,0,1
20405,ESCOMA,intoxicaciones,plaguicidas,2015-12-01,3,0,3
21105,LA ASUNTA,intoxicaciones,plaguicidas,2015-12-01,3,0,3
70701,LAGUNILLAS,intoxicaciones,plaguicidas,2015-12-01,1,0,1
70903,MAIRANA,intoxicaciones,plaguicidas,2015-12-01,1,0,1
40101,ORURO,intoxicaciones,plaguicidas,2015-12-01,1,1,2
21305,PATACAMAYA,intoxicaciones,plaguicidas,2015-12-01,0,1,1
31203,POCONA,intoxicaciones,plaguicidas,2015-12-01,1,0,1
20403,PUERTO CARABUCO,intoxicaciones,plaguicidas,2015-12-01,1,0,1
31205,PUERTO VILLARROEL,intoxicaciones,plaguicidas,2015-12-01,7,6,13
31401,PUNATA,intoxicaciones,plaguicidas,2015-12-01,1,0,1
31001,SACABA,intoxicaciones,plaguicidas,2015-12-01,0,2,2
60501,SAN LORENZO(TJA),intoxicaciones,plaguicidas,2015-12-01,0,1,1
71005,SAN PEDRO,intoxicaciones,plaguicidas,2015-12-01,1,0,1
70101,SANTA CRUZ DE LA SIERRA,intoxicaciones,plaguicidas,2015-12-01,1,7,8
70602,SANTA ROSA DEL SARA,intoxicaciones,plaguicidas,2015-12-01,2,0,2
31602,SHINAOTA,intoxicaciones,plaguicidas,2015-12-01,3,0,3
20601,SORATA,intoxicaciones,plaguicidas,2015-12-01,1,0,1
10101,SUCRE,intoxicaciones,plaguicidas,2015-12-01,1,1,2
60101,TARIJA,intoxicaciones,plaguicidas,2015-12-01,3,2,5
31601,TIRAQUE (CBBA),intoxicaciones,plaguicidas,2015-12-01,2,0,2
21302,UMALA,intoxicaciones,plaguicidas,2015-12-01,0,1,1
60401,URIONDO (A. CONCEPCION),intoxicaciones,plaguicidas,2015-12-01,1,1,2
31003,VILLA TUNARI,intoxicaciones,plaguicidas,2015-12-01,15,5,20
51501,VILLAZON,intoxicaciones,plaguicidas,2015-12-01,2,0,2
60301,YACUIBA,intoxicaciones,plaguicidas,2015-12-01,1,0,1
21103,YANACACHI,intoxicaciones,plaguicidas,2015-12-01,0,1,1
