codigo_municipio,municipio,grupo,variable,mes,de-1-ano_masculino,de-1-ano-1_femenino,1-a-4-anos_masculino,1-a-4-anos-1_femenino,5-a-9-anos_masculino,5-a-9-anos-1_femenino,10-a-20-anos_masculino,10-a-20-anos-1_femenino,21-a-59-anos_masculino,21-a-59-anos-1_femenino,60-y-mas_masculino,60-y-mas-1_femenino,totales_total-m,totales-1_total-f,totales-2_total
70706,CAMIRI,infecc. de transmision sexual,vih mujer embarazada,2010-01-01,0,0,0,0,0,0,0,0,0,1,0,0,0,1,1
20105,EL ALTO,infecc. de transmision sexual,vih mujer embarazada,2010-01-01,0,0,0,0,0,0,0,0,0,1,0,0,0,1,1
71001,MONTERO,infecc. de transmision sexual,vih mujer embarazada,2010-01-01,0,0,0,0,0,0,0,0,0,1,0,0,0,1,1
70101,SANTA CRUZ DE LA SIERRA,infecc. de transmision sexual,vih mujer embarazada,2010-01-01,0,0,0,0,0,0,0,0,0,1,0,0,0,1,1
80803,HUARACAJE,infecc. de transmision sexual,vih mujer embarazada,2010-02-01,0,0,0,0,0,0,0,0,0,1,0,0,0,1,1
31401,PUNATA,infecc. de transmision sexual,vih mujer embarazada,2010-02-01,0,0,0,0,0,0,0,0,0,1,0,0,0,1,1
71104,SAN JULIAN,infecc. de transmision sexual,vih mujer embarazada,2010-02-01,0,0,0,0,0,0,0,1,0,0,0,0,0,1,1
70101,SANTA CRUZ DE LA SIERRA,infecc. de transmision sexual,vih mujer embarazada,2010-02-01,0,0,0,0,0,0,0,1,0,4,0,0,0,5,5
10101,SUCRE,infecc. de transmision sexual,vih mujer embarazada,2010-02-01,0,0,0,0,0,0,0,1,0,0,0,0,0,1,1
60101,TARIJA,infecc. de transmision sexual,vih mujer embarazada,2010-02-01,0,0,0,0,0,0,0,6,0,10,0,0,0,16,16
30701,CAPINOTA,infecc. de transmision sexual,vih mujer embarazada,2010-03-01,0,0,0,0,0,0,0,0,0,7,0,0,0,7,7
20105,EL ALTO,infecc. de transmision sexual,vih mujer embarazada,2010-03-01,0,0,0,0,0,0,0,1,0,0,0,0,0,1,1
80202,GUAYARAMERIN,infecc. de transmision sexual,vih mujer embarazada,2010-03-01,0,0,0,0,0,0,0,0,0,1,0,0,0,1,1
40701,HUANUNI,infecc. de transmision sexual,vih mujer embarazada,2010-03-01,0,0,0,0,0,0,0,0,0,1,0,0,0,1,1
20101,LA PAZ,infecc. de transmision sexual,vih mujer embarazada,2010-03-01,0,0,0,0,0,0,0,1,0,14,0,0,0,15,15
71001,MONTERO,infecc. de transmision sexual,vih mujer embarazada,2010-03-01,0,0,0,0,0,0,0,1,0,0,0,0,0,1,1
70101,SANTA CRUZ DE LA SIERRA,infecc. de transmision sexual,vih mujer embarazada,2010-03-01,0,0,0,0,0,0,0,0,0,1,0,0,0,1,1
10101,SUCRE,infecc. de transmision sexual,vih mujer embarazada,2010-03-01,0,0,0,0,0,0,0,0,0,1,0,0,0,1,1
60101,TARIJA,infecc. de transmision sexual,vih mujer embarazada,2010-03-01,0,0,0,0,0,0,0,3,0,8,0,0,0,11,11
30101,COCHABAMBA,infecc. de transmision sexual,vih mujer embarazada,2010-04-01,0,0,0,0,0,0,0,2,0,1,0,0,0,3,3
70105,EL TORNO,infecc. de transmision sexual,vih mujer embarazada,2010-04-01,0,0,0,0,0,0,0,0,0,1,0,0,0,1,1
80202,GUAYARAMERIN,infecc. de transmision sexual,vih mujer embarazada,2010-04-01,0,0,0,0,0,0,0,0,0,1,0,0,0,1,1
21105,LA ASUNTA,infecc. de transmision sexual,vih mujer embarazada,2010-04-01,0,0,0,0,0,0,0,5,0,9,0,0,0,14,14
80201,RIBERALTA,infecc. de transmision sexual,vih mujer embarazada,2010-04-01,0,0,0,0,0,0,0,0,0,1,0,0,0,1,1
70101,SANTA CRUZ DE LA SIERRA,infecc. de transmision sexual,vih mujer embarazada,2010-04-01,0,0,0,0,0,0,0,1,0,0,0,0,0,1,1
60101,TARIJA,infecc. de transmision sexual,vih mujer embarazada,2010-04-01,0,0,0,0,0,0,0,5,0,11,0,0,0,16,16
60202,BERMEJO,infecc. de transmision sexual,vih mujer embarazada,2010-05-01,0,0,0,0,0,0,0,1,0,0,0,0,0,1,1
30101,COCHABAMBA,infecc. de transmision sexual,vih mujer embarazada,2010-05-01,0,0,0,0,0,0,0,1,0,3,0,0,0,4,4
30905,COLCAPIRHUA,infecc. de transmision sexual,vih mujer embarazada,2010-05-01,0,0,0,0,0,0,0,0,0,1,0,0,0,1,1
70102,COTOCA,infecc. de transmision sexual,vih mujer embarazada,2010-05-01,0,0,0,0,0,0,0,0,0,1,0,0,0,1,1
20105,EL ALTO,infecc. de transmision sexual,vih mujer embarazada,2010-05-01,0,0,0,0,0,0,0,0,0,1,0,0,0,1,1
70101,SANTA CRUZ DE LA SIERRA,infecc. de transmision sexual,vih mujer embarazada,2010-05-01,0,0,0,0,0,0,0,0,0,5,0,0,0,5,5
10101,SUCRE,infecc. de transmision sexual,vih mujer embarazada,2010-05-01,0,0,0,0,0,0,0,1,0,0,0,0,0,1,1
60101,TARIJA,infecc. de transmision sexual,vih mujer embarazada,2010-05-01,0,0,0,0,0,0,0,0,0,6,0,0,0,6,6
30903,TIQUIPAYA,infecc. de transmision sexual,vih mujer embarazada,2010-05-01,0,0,0,0,0,0,0,1,0,3,0,0,0,4,4
60301,YACUIBA,infecc. de transmision sexual,vih mujer embarazada,2010-05-01,0,0,0,0,0,0,0,1,0,0,0,0,0,1,1
30701,CAPINOTA,infecc. de transmision sexual,vih mujer embarazada,2010-06-01,0,0,0,0,0,0,0,1,0,0,0,0,0,1,1
90101,COBIJA,infecc. de transmision sexual,vih mujer embarazada,2010-06-01,0,0,0,0,0,0,0,0,0,1,0,0,0,1,1
30101,COCHABAMBA,infecc. de transmision sexual,vih mujer embarazada,2010-06-01,0,0,0,0,0,0,0,0,0,1,0,0,0,1,1
71001,MONTERO,infecc. de transmision sexual,vih mujer embarazada,2010-06-01,0,0,0,0,0,0,0,1,0,1,0,0,0,2,2
40101,ORURO,infecc. de transmision sexual,vih mujer embarazada,2010-06-01,0,0,0,0,0,0,0,1,0,2,0,0,0,3,3
31001,SACABA,infecc. de transmision sexual,vih mujer embarazada,2010-06-01,0,0,0,0,0,0,0,1,0,1,0,0,0,2,2
31403,SAN BENITO,infecc. de transmision sexual,vih mujer embarazada,2010-06-01,0,0,0,0,0,0,0,0,0,1,0,0,0,1,1
70101,SANTA CRUZ DE LA SIERRA,infecc. de transmision sexual,vih mujer embarazada,2010-06-01,0,0,0,0,0,0,0,0,0,5,0,0,0,5,5
60101,TARIJA,infecc. de transmision sexual,vih mujer embarazada,2010-06-01,0,0,0,0,0,0,0,3,0,11,0,0,0,14,14
20801,VIACHA,infecc. de transmision sexual,vih mujer embarazada,2010-06-01,0,0,0,0,0,0,0,0,0,1,0,0,0,1,1
70201,WARNES,infecc. de transmision sexual,vih mujer embarazada,2010-06-01,0,0,0,0,0,0,0,2,0,1,0,0,0,3,3
30101,COCHABAMBA,infecc. de transmision sexual,vih mujer embarazada,2010-07-01,0,0,0,0,0,0,0,1,0,2,0,0,0,3,3
71004,FERNANDEZ ALONSO,infecc. de transmision sexual,vih mujer embarazada,2010-07-01,0,0,0,0,0,0,0,1,0,2,0,0,0,3,3
20101,LA PAZ,infecc. de transmision sexual,vih mujer embarazada,2010-07-01,0,0,0,0,0,0,0,0,0,4,0,0,0,4,4
70101,SANTA CRUZ DE LA SIERRA,infecc. de transmision sexual,vih mujer embarazada,2010-07-01,0,0,0,0,0,0,0,1,0,11,0,0,0,12,12
60101,TARIJA,infecc. de transmision sexual,vih mujer embarazada,2010-07-01,0,0,0,0,0,0,0,2,0,8,0,0,0,10,10
70201,WARNES,infecc. de transmision sexual,vih mujer embarazada,2010-07-01,0,0,0,0,0,0,0,1,0,1,0,0,0,2,2
60202,BERMEJO,infecc. de transmision sexual,vih mujer embarazada,2010-08-01,0,0,0,0,0,0,0,0,0,1,0,0,0,1,1
70102,COTOCA,infecc. de transmision sexual,vih mujer embarazada,2010-08-01,0,0,0,0,0,0,0,0,0,1,0,0,0,1,1
70105,EL TORNO,infecc. de transmision sexual,vih mujer embarazada,2010-08-01,0,0,0,0,0,0,0,0,0,1,0,0,0,1,1
40101,ORURO,infecc. de transmision sexual,vih mujer embarazada,2010-08-01,0,0,0,0,0,0,0,0,0,1,0,0,0,1,1
70101,SANTA CRUZ DE LA SIERRA,infecc. de transmision sexual,vih mujer embarazada,2010-08-01,0,0,0,0,0,0,0,1,0,5,0,0,0,6,6
60101,TARIJA,infecc. de transmision sexual,vih mujer embarazada,2010-08-01,0,0,0,0,0,0,0,0,0,7,0,0,0,7,7
60202,BERMEJO,infecc. de transmision sexual,vih mujer embarazada,2010-09-01,0,0,0,0,0,0,0,4,0,12,0,0,0,16,16
30101,COCHABAMBA,infecc. de transmision sexual,vih mujer embarazada,2010-09-01,0,0,0,0,0,0,0,0,0,3,0,0,0,3,3
40101,ORURO,infecc. de transmision sexual,vih mujer embarazada,2010-09-01,0,0,0,0,0,0,0,0,0,1,0,0,0,1,1
71402,PUERTO QUIJARRO,infecc. de transmision sexual,vih mujer embarazada,2010-09-01,0,0,0,0,0,0,0,1,0,0,0,0,0,1,1
70101,SANTA CRUZ DE LA SIERRA,infecc. de transmision sexual,vih mujer embarazada,2010-09-01,0,0,0,0,0,0,0,0,0,5,0,0,0,5,5
60101,TARIJA,infecc. de transmision sexual,vih mujer embarazada,2010-09-01,0,0,0,0,0,0,0,4,0,8,0,0,0,12,12
70201,WARNES,infecc. de transmision sexual,vih mujer embarazada,2010-09-01,0,0,0,0,0,0,0,0,0,2,0,0,0,2,2
60202,BERMEJO,infecc. de transmision sexual,vih mujer embarazada,2010-10-01,0,0,0,0,0,0,0,2,0,19,0,0,0,21,21
20101,LA PAZ,infecc. de transmision sexual,vih mujer embarazada,2010-10-01,0,0,0,0,0,0,0,0,0,1,0,0,0,1,1
40101,ORURO,infecc. de transmision sexual,vih mujer embarazada,2010-10-01,0,0,0,0,0,0,0,0,0,1,0,0,0,1,1
31001,SACABA,infecc. de transmision sexual,vih mujer embarazada,2010-10-01,0,0,0,0,0,0,0,1,0,0,0,0,0,1,1
70101,SANTA CRUZ DE LA SIERRA,infecc. de transmision sexual,vih mujer embarazada,2010-10-01,0,0,0,0,0,0,0,1,0,3,0,0,0,4,4
60101,TARIJA,infecc. de transmision sexual,vih mujer embarazada,2010-10-01,0,0,0,0,0,0,0,1,0,5,0,0,0,6,6
30904,VINTO,infecc. de transmision sexual,vih mujer embarazada,2010-10-01,0,0,0,0,0,0,0,0,0,1,0,0,0,1,1
30101,COCHABAMBA,infecc. de transmision sexual,vih mujer embarazada,2010-11-01,0,0,0,0,0,0,0,0,0,4,0,0,0,4,4
71001,MONTERO,infecc. de transmision sexual,vih mujer embarazada,2010-11-01,0,0,0,0,0,0,0,0,0,1,0,0,0,1,1
60101,TARIJA,infecc. de transmision sexual,vih mujer embarazada,2010-11-01,0,0,0,0,0,0,0,0,0,7,0,0,0,7,7
80101,TRINIDAD,infecc. de transmision sexual,vih mujer embarazada,2010-11-01,0,0,0,0,0,0,0,0,0,1,0,0,0,1,1
70201,WARNES,infecc. de transmision sexual,vih mujer embarazada,2010-11-01,0,0,0,0,0,0,0,0,0,3,0,0,0,3,3
80202,GUAYARAMERIN,infecc. de transmision sexual,vih mujer embarazada,2010-12-01,0,0,0,0,0,0,0,1,0,0,0,0,0,1,1
20101,LA PAZ,infecc. de transmision sexual,vih mujer embarazada,2010-12-01,0,0,0,0,0,0,0,0,0,1,0,0,0,1,1
70601,PORTACHUELO,infecc. de transmision sexual,vih mujer embarazada,2010-12-01,0,0,0,0,0,0,0,0,0,1,0,0,0,1,1
31001,SACABA,infecc. de transmision sexual,vih mujer embarazada,2010-12-01,0,0,0,0,0,0,0,0,0,2,0,0,0,2,2
70402,SAN CARLOS,infecc. de transmision sexual,vih mujer embarazada,2010-12-01,0,0,0,0,0,0,0,0,0,1,0,0,0,1,1
70301,SAN IGNACIO DE VELASCO,infecc. de transmision sexual,vih mujer embarazada,2010-12-01,0,0,0,0,0,0,0,0,0,1,0,0,0,1,1
70101,SANTA CRUZ DE LA SIERRA,infecc. de transmision sexual,vih mujer embarazada,2010-12-01,0,0,0,0,0,0,0,1,0,5,0,0,0,6,6
60101,TARIJA,infecc. de transmision sexual,vih mujer embarazada,2010-12-01,0,0,0,0,0,0,0,0,0,1,0,0,0,1,1
30101,COCHABAMBA,infecc. de transmision sexual,vih mujer embarazada,2011-01-01,0,0,0,0,0,0,0,1,0,1,0,0,0,2,2
70105,EL TORNO,infecc. de transmision sexual,vih mujer embarazada,2011-01-01,0,0,0,0,0,0,0,1,0,0,0,0,0,1,1
71402,PUERTO QUIJARRO,infecc. de transmision sexual,vih mujer embarazada,2011-01-01,0,0,0,0,0,0,0,2,0,1,0,0,0,3,3
70301,SAN IGNACIO DE VELASCO,infecc. de transmision sexual,vih mujer embarazada,2011-01-01,0,0,0,0,0,0,0,0,0,1,0,0,0,1,1
70101,SANTA CRUZ DE LA SIERRA,infecc. de transmision sexual,vih mujer embarazada,2011-01-01,0,0,0,0,0,0,0,0,0,1,0,0,0,1,1
30101,COCHABAMBA,infecc. de transmision sexual,vih mujer embarazada,2011-02-01,0,0,0,0,0,0,0,1,0,1,0,0,0,2,2
70105,EL TORNO,infecc. de transmision sexual,vih mujer embarazada,2011-02-01,0,0,0,0,0,0,0,1,0,0,0,0,0,1,1
20101,LA PAZ,infecc. de transmision sexual,vih mujer embarazada,2011-02-01,0,0,0,0,0,0,0,0,0,3,0,0,0,3,3
31001,SACABA,infecc. de transmision sexual,vih mujer embarazada,2011-02-01,0,0,0,0,0,0,0,2,0,1,0,0,0,3,3
70101,SANTA CRUZ DE LA SIERRA,infecc. de transmision sexual,vih mujer embarazada,2011-02-01,0,0,0,0,0,0,0,0,0,1,0,0,0,1,1
20105,EL ALTO,infecc. de transmision sexual,vih mujer embarazada,2011-03-01,0,0,0,0,0,0,0,1,0,0,0,0,0,1,1
20101,LA PAZ,infecc. de transmision sexual,vih mujer embarazada,2011-03-01,0,0,0,0,0,0,0,0,0,1,0,0,0,1,1
31001,SACABA,infecc. de transmision sexual,vih mujer embarazada,2011-03-01,0,0,0,0,0,0,0,0,0,1,0,0,0,1,1
70101,SANTA CRUZ DE LA SIERRA,infecc. de transmision sexual,vih mujer embarazada,2011-03-01,0,0,0,0,0,0,0,0,0,2,0,0,0,2,2
70603,COLPA BELGICA,infecc. de transmision sexual,vih mujer embarazada,2011-04-01,0,0,0,0,0,0,0,0,0,30,0,0,0,30,30
70101,SANTA CRUZ DE LA SIERRA,infecc. de transmision sexual,vih mujer embarazada,2011-04-01,0,0,0,0,0,0,0,2,0,2,0,0,0,4,4
70201,WARNES,infecc. de transmision sexual,vih mujer embarazada,2011-04-01,0,0,0,0,0,0,0,0,0,1,0,0,0,1,1
30101,COCHABAMBA,infecc. de transmision sexual,vih mujer embarazada,2011-05-01,0,0,0,0,0,0,0,1,0,1,0,0,0,2,2
20101,LA PAZ,infecc. de transmision sexual,vih mujer embarazada,2011-05-01,0,0,0,0,0,0,0,0,0,1,0,0,0,1,1
40101,ORURO,infecc. de transmision sexual,vih mujer embarazada,2011-05-01,0,0,0,0,0,0,0,0,0,3,0,0,0,3,3
70301,SAN IGNACIO DE VELASCO,infecc. de transmision sexual,vih mujer embarazada,2011-05-01,0,0,0,0,0,0,0,0,0,1,0,0,0,1,1
70101,SANTA CRUZ DE LA SIERRA,infecc. de transmision sexual,vih mujer embarazada,2011-05-01,0,0,0,0,0,0,0,0,0,6,0,0,0,6,6
31204,CHIMORE,infecc. de transmision sexual,vih mujer embarazada,2011-06-01,0,0,0,0,0,0,0,0,0,1,0,0,0,1,1
30101,COCHABAMBA,infecc. de transmision sexual,vih mujer embarazada,2011-06-01,0,0,0,0,0,0,0,2,0,1,0,0,0,3,3
70603,COLPA BELGICA,infecc. de transmision sexual,vih mujer embarazada,2011-06-01,0,0,0,0,0,0,0,3,0,6,0,0,0,9,9
40101,ORURO,infecc. de transmision sexual,vih mujer embarazada,2011-06-01,0,0,0,0,0,0,0,1,0,10,0,0,0,11,11
70601,PORTACHUELO,infecc. de transmision sexual,vih mujer embarazada,2011-06-01,0,0,0,0,0,0,0,2,0,3,0,0,0,5,5
70101,SANTA CRUZ DE LA SIERRA,infecc. de transmision sexual,vih mujer embarazada,2011-06-01,0,0,0,0,0,0,0,0,0,4,0,0,0,4,4
30101,COCHABAMBA,infecc. de transmision sexual,vih mujer embarazada,2011-07-01,0,0,0,0,0,0,0,0,0,4,0,0,0,4,4
70603,COLPA BELGICA,infecc. de transmision sexual,vih mujer embarazada,2011-07-01,0,0,0,0,0,0,0,0,0,1,0,0,0,1,1
70105,EL TORNO,infecc. de transmision sexual,vih mujer embarazada,2011-07-01,0,0,0,0,0,0,0,0,0,4,0,0,0,4,4
20101,LA PAZ,infecc. de transmision sexual,vih mujer embarazada,2011-07-01,0,0,0,0,0,0,0,0,0,1,0,0,0,1,1
40101,ORURO,infecc. de transmision sexual,vih mujer embarazada,2011-07-01,0,0,0,0,0,0,0,0,0,1,0,0,0,1,1
70301,SAN IGNACIO DE VELASCO,infecc. de transmision sexual,vih mujer embarazada,2011-07-01,0,0,0,0,0,0,0,0,0,1,0,0,0,1,1
70101,SANTA CRUZ DE LA SIERRA,infecc. de transmision sexual,vih mujer embarazada,2011-07-01,0,0,0,0,0,0,0,0,0,2,0,0,0,2,2
70602,SANTA ROSA DEL SARA,infecc. de transmision sexual,vih mujer embarazada,2011-07-01,0,0,0,0,0,0,0,1,0,3,0,0,0,4,4
70706,CAMIRI,infecc. de transmision sexual,vih mujer embarazada,2011-08-01,0,0,0,0,0,0,0,1,0,0,0,0,0,1,1
30101,COCHABAMBA,infecc. de transmision sexual,vih mujer embarazada,2011-08-01,0,0,0,0,0,0,0,1,0,0,0,0,0,1,1
70603,COLPA BELGICA,infecc. de transmision sexual,vih mujer embarazada,2011-08-01,0,0,0,0,0,0,0,3,0,3,0,0,0,6,6
20105,EL ALTO,infecc. de transmision sexual,vih mujer embarazada,2011-08-01,0,0,0,0,0,0,0,0,0,1,0,0,0,1,1
70105,EL TORNO,infecc. de transmision sexual,vih mujer embarazada,2011-08-01,0,0,0,0,0,0,0,0,0,2,0,0,0,2,2
80202,GUAYARAMERIN,infecc. de transmision sexual,vih mujer embarazada,2011-08-01,0,0,0,0,0,0,0,0,0,1,0,0,0,1,1
20101,LA PAZ,infecc. de transmision sexual,vih mujer embarazada,2011-08-01,0,0,0,0,0,0,0,1,0,0,0,0,0,1,1
10302,PRESTO,infecc. de transmision sexual,vih mujer embarazada,2011-08-01,0,0,0,0,0,0,0,1,0,0,0,0,0,1,1
71201,SAN MATIAS,infecc. de transmision sexual,vih mujer embarazada,2011-08-01,0,0,0,0,0,0,0,0,0,5,0,0,0,5,5
70101,SANTA CRUZ DE LA SIERRA,infecc. de transmision sexual,vih mujer embarazada,2011-08-01,0,0,0,0,0,0,0,2,0,3,0,0,0,5,5
80303,SANTA ROSA,infecc. de transmision sexual,vih mujer embarazada,2011-08-01,0,0,0,0,0,0,0,0,0,1,0,0,0,1,1
70602,SANTA ROSA DEL SARA,infecc. de transmision sexual,vih mujer embarazada,2011-08-01,0,0,0,0,0,0,0,7,0,10,0,0,0,17,17
70201,WARNES,infecc. de transmision sexual,vih mujer embarazada,2011-08-01,0,0,0,0,0,0,0,1,0,2,0,0,0,3,3
70401,BUENA VISTA,infecc. de transmision sexual,vih mujer embarazada,2011-09-01,0,0,0,0,0,0,0,0,0,1,0,0,0,1,1
70706,CAMIRI,infecc. de transmision sexual,vih mujer embarazada,2011-09-01,0,0,0,0,0,0,0,0,0,2,0,0,0,2,2
50202,CHAYANTA,infecc. de transmision sexual,vih mujer embarazada,2011-09-01,0,0,0,0,0,0,0,0,0,1,0,0,0,1,1
70603,COLPA BELGICA,infecc. de transmision sexual,vih mujer embarazada,2011-09-01,0,0,0,0,0,0,0,3,0,3,0,0,0,6,6
20105,EL ALTO,infecc. de transmision sexual,vih mujer embarazada,2011-09-01,0,0,0,0,0,0,0,0,0,3,0,0,0,3,3
70105,EL TORNO,infecc. de transmision sexual,vih mujer embarazada,2011-09-01,0,0,0,0,0,0,0,0,0,1,0,0,0,1,1
40101,ORURO,infecc. de transmision sexual,vih mujer embarazada,2011-09-01,0,0,0,0,0,0,0,1,0,2,0,0,0,3,3
70601,PORTACHUELO,infecc. de transmision sexual,vih mujer embarazada,2011-09-01,0,0,0,0,0,0,0,0,0,2,0,0,0,2,2
31205,PUERTO VILLARROEL,infecc. de transmision sexual,vih mujer embarazada,2011-09-01,0,0,0,0,0,0,0,1,0,0,0,0,0,1,1
71102,SAN JAVIER(STC),infecc. de transmision sexual,vih mujer embarazada,2011-09-01,0,0,0,0,0,0,0,0,0,1,0,0,0,1,1
70101,SANTA CRUZ DE LA SIERRA,infecc. de transmision sexual,vih mujer embarazada,2011-09-01,0,0,0,0,0,0,0,1,0,4,0,0,0,5,5
70602,SANTA ROSA DEL SARA,infecc. de transmision sexual,vih mujer embarazada,2011-09-01,0,0,0,0,0,0,0,2,0,9,0,0,0,11,11
70201,WARNES,infecc. de transmision sexual,vih mujer embarazada,2011-09-01,0,0,0,0,0,0,0,0,0,1,0,0,0,1,1
60301,YACUIBA,infecc. de transmision sexual,vih mujer embarazada,2011-09-01,0,0,0,0,0,0,0,0,0,1,0,0,0,1,1
30101,COCHABAMBA,infecc. de transmision sexual,vih mujer embarazada,2011-10-01,0,0,0,0,0,0,0,0,0,3,0,0,0,3,3
70603,COLPA BELGICA,infecc. de transmision sexual,vih mujer embarazada,2011-10-01,0,0,0,0,0,0,0,1,0,5,0,0,0,6,6
40101,ORURO,infecc. de transmision sexual,vih mujer embarazada,2011-10-01,0,0,0,0,0,0,0,0,0,1,0,0,0,1,1
70601,PORTACHUELO,infecc. de transmision sexual,vih mujer embarazada,2011-10-01,0,0,0,0,0,0,0,9,0,15,0,0,0,24,24
71401,PUERTO SUAREZ,infecc. de transmision sexual,vih mujer embarazada,2011-10-01,0,0,0,0,0,0,0,1,0,1,0,0,0,2,2
31001,SACABA,infecc. de transmision sexual,vih mujer embarazada,2011-10-01,0,0,0,0,0,0,0,0,0,1,0,0,0,1,1
70101,SANTA CRUZ DE LA SIERRA,infecc. de transmision sexual,vih mujer embarazada,2011-10-01,0,0,0,0,0,0,0,3,0,3,0,0,0,6,6
70602,SANTA ROSA DEL SARA,infecc. de transmision sexual,vih mujer embarazada,2011-10-01,0,0,0,0,0,0,0,14,0,2,0,0,0,16,16
70201,WARNES,infecc. de transmision sexual,vih mujer embarazada,2011-10-01,0,0,0,0,0,0,0,1,0,1,0,0,0,2,2
90101,COBIJA,infecc. de transmision sexual,vih mujer embarazada,2011-11-01,0,0,0,0,0,0,0,0,0,1,0,0,0,1,1
30101,COCHABAMBA,infecc. de transmision sexual,vih mujer embarazada,2011-11-01,0,0,0,0,0,0,0,23,0,30,0,3,0,56,56
70603,COLPA BELGICA,infecc. de transmision sexual,vih mujer embarazada,2011-11-01,0,0,0,0,0,0,0,7,0,8,0,0,0,15,15
70105,EL TORNO,infecc. de transmision sexual,vih mujer embarazada,2011-11-01,0,0,0,0,0,0,0,1,0,0,0,0,0,1,1
70601,PORTACHUELO,infecc. de transmision sexual,vih mujer embarazada,2011-11-01,0,0,0,0,0,0,0,2,0,15,0,0,0,17,17
71401,PUERTO SUAREZ,infecc. de transmision sexual,vih mujer embarazada,2011-11-01,0,0,0,0,0,0,0,1,0,0,0,0,0,1,1
70901,SAMAIPATA,infecc. de transmision sexual,vih mujer embarazada,2011-11-01,0,0,0,0,0,0,0,0,0,1,0,0,0,1,1
70101,SANTA CRUZ DE LA SIERRA,infecc. de transmision sexual,vih mujer embarazada,2011-11-01,0,0,0,0,0,0,0,1,0,2,0,0,0,3,3
70602,SANTA ROSA DEL SARA,infecc. de transmision sexual,vih mujer embarazada,2011-11-01,0,0,0,0,0,0,0,8,0,12,0,0,0,20,20
30101,COCHABAMBA,infecc. de transmision sexual,vih mujer embarazada,2011-12-01,0,0,0,0,0,0,0,0,0,2,0,0,0,2,2
70603,COLPA BELGICA,infecc. de transmision sexual,vih mujer embarazada,2011-12-01,0,0,0,0,0,0,0,4,0,5,0,0,0,9,9
40701,HUANUNI,infecc. de transmision sexual,vih mujer embarazada,2011-12-01,0,0,0,0,0,0,0,1,0,0,0,0,0,1,1
20101,LA PAZ,infecc. de transmision sexual,vih mujer embarazada,2011-12-01,0,0,0,0,0,0,0,0,0,1,0,0,0,1,1
10303,MOJOCOYA,infecc. de transmision sexual,vih mujer embarazada,2011-12-01,0,0,0,0,0,0,0,0,0,1,0,0,0,1,1
70601,PORTACHUELO,infecc. de transmision sexual,vih mujer embarazada,2011-12-01,0,0,0,0,0,0,0,3,0,13,0,0,0,16,16
70402,SAN CARLOS,infecc. de transmision sexual,vih mujer embarazada,2011-12-01,0,0,0,0,0,0,0,0,0,1,0,0,0,1,1
70101,SANTA CRUZ DE LA SIERRA,infecc. de transmision sexual,vih mujer embarazada,2011-12-01,0,0,0,0,0,0,0,0,0,1,0,0,0,1,1
70602,SANTA ROSA DEL SARA,infecc. de transmision sexual,vih mujer embarazada,2011-12-01,0,0,0,0,0,0,0,3,0,7,0,0,0,10,10
70201,WARNES,infecc. de transmision sexual,vih mujer embarazada,2011-12-01,0,0,0,0,0,0,0,1,0,1,0,0,0,2,2
30101,COCHABAMBA,infecc. de transmision sexual,vih mujer embarazada,2012-01-01,0,0,0,0,0,0,0,0,0,1,0,0,0,1,1
70105,EL TORNO,infecc. de transmision sexual,vih mujer embarazada,2012-01-01,0,0,0,0,0,0,0,0,0,1,0,0,0,1,1
40701,HUANUNI,infecc. de transmision sexual,vih mujer embarazada,2012-01-01,0,0,0,0,0,0,0,0,0,1,0,0,0,1,1
20101,LA PAZ,infecc. de transmision sexual,vih mujer embarazada,2012-01-01,0,0,0,0,0,0,0,0,0,2,0,0,0,2,2
71003,MINEROS,infecc. de transmision sexual,vih mujer embarazada,2012-01-01,0,0,0,0,0,0,0,2,0,2,0,0,0,4,4
70101,SANTA CRUZ DE LA SIERRA,infecc. de transmision sexual,vih mujer embarazada,2012-01-01,0,0,0,0,0,0,0,0,0,1,0,0,0,1,1
60101,TARIJA,infecc. de transmision sexual,vih mujer embarazada,2012-01-01,0,0,0,0,0,0,0,0,0,1,0,0,0,1,1
70201,WARNES,infecc. de transmision sexual,vih mujer embarazada,2012-01-01,0,0,0,0,0,0,0,0,0,1,0,0,0,1,1
20105,EL ALTO,infecc. de transmision sexual,vih mujer embarazada,2012-02-01,0,0,0,0,0,0,0,0,0,1,0,0,0,1,1
20101,LA PAZ,infecc. de transmision sexual,vih mujer embarazada,2012-02-01,0,0,0,0,0,0,0,2,0,6,0,0,0,8,8
70101,SANTA CRUZ DE LA SIERRA,infecc. de transmision sexual,vih mujer embarazada,2012-02-01,0,0,0,0,0,0,0,2,0,0,0,0,0,2,2
60101,TARIJA,infecc. de transmision sexual,vih mujer embarazada,2012-02-01,0,0,0,0,0,0,0,1,0,0,0,0,0,1,1
80101,TRINIDAD,infecc. de transmision sexual,vih mujer embarazada,2012-02-01,0,0,0,0,0,0,0,0,0,1,0,0,0,1,1
60401,URIONDO (A. CONCEPCION),infecc. de transmision sexual,vih mujer embarazada,2012-02-01,0,0,0,0,0,0,0,1,0,0,0,0,0,1,1
50301,BETANZOS,infecc. de transmision sexual,vih mujer embarazada,2012-03-01,0,0,0,0,0,0,0,0,0,1,0,0,0,1,1
30101,COCHABAMBA,infecc. de transmision sexual,vih mujer embarazada,2012-03-01,0,0,0,0,0,0,0,1,0,1,0,0,0,2,2
20101,LA PAZ,infecc. de transmision sexual,vih mujer embarazada,2012-03-01,0,0,0,0,0,0,0,0,0,2,0,0,0,2,2
31205,PUERTO VILLARROEL,infecc. de transmision sexual,vih mujer embarazada,2012-03-01,0,0,0,0,0,0,0,0,0,1,0,0,0,1,1
70101,SANTA CRUZ DE LA SIERRA,infecc. de transmision sexual,vih mujer embarazada,2012-03-01,0,0,0,0,0,0,0,2,0,1,0,0,0,3,3
60101,TARIJA,infecc. de transmision sexual,vih mujer embarazada,2012-03-01,0,0,0,0,0,0,0,1,0,0,0,0,0,1,1
20606,TIPUANI,infecc. de transmision sexual,vih mujer embarazada,2012-03-01,0,0,0,0,0,0,0,0,0,1,0,0,0,1,1
51202,TOMAVE,infecc. de transmision sexual,vih mujer embarazada,2012-03-01,0,0,0,0,0,0,0,1,0,1,0,0,0,2,2
71401,PUERTO SUAREZ,infecc. de transmision sexual,vih mujer embarazada,2012-04-01,0,0,0,0,0,0,0,2,0,1,0,0,0,3,3
70101,SANTA CRUZ DE LA SIERRA,infecc. de transmision sexual,vih mujer embarazada,2012-04-01,0,0,0,0,0,0,0,1,0,1,0,0,0,2,2
70201,WARNES,infecc. de transmision sexual,vih mujer embarazada,2012-04-01,0,0,0,0,0,0,0,0,0,1,0,0,0,1,1
10301,ZUDAÑEZ,infecc. de transmision sexual,vih mujer embarazada,2012-04-01,0,0,0,0,0,0,0,1,0,0,0,0,0,1,1
90101,COBIJA,infecc. de transmision sexual,vih mujer embarazada,2012-05-01,0,0,0,0,0,0,0,0,0,1,0,0,0,1,1
30101,COCHABAMBA,infecc. de transmision sexual,vih mujer embarazada,2012-05-01,0,0,0,0,0,0,0,0,0,1,0,0,0,1,1
20105,EL ALTO,infecc. de transmision sexual,vih mujer embarazada,2012-05-01,0,0,0,0,0,0,0,1,0,2,0,0,0,3,3
10502,HUACARETA,infecc. de transmision sexual,vih mujer embarazada,2012-05-01,0,0,0,0,0,0,0,0,0,1,0,0,0,1,1
40701,HUANUNI,infecc. de transmision sexual,vih mujer embarazada,2012-05-01,0,0,0,0,0,0,0,0,0,1,0,0,0,1,1
20101,LA PAZ,infecc. de transmision sexual,vih mujer embarazada,2012-05-01,0,0,0,0,0,0,0,0,0,2,0,0,0,2,2
70302,SAN MIGUEL DE VELASCO,infecc. de transmision sexual,vih mujer embarazada,2012-05-01,0,0,0,0,0,0,0,1,0,0,0,0,0,1,1
70101,SANTA CRUZ DE LA SIERRA,infecc. de transmision sexual,vih mujer embarazada,2012-05-01,0,0,0,0,0,0,0,3,0,1,0,0,0,4,4
70706,CAMIRI,infecc. de transmision sexual,vih mujer embarazada,2012-06-01,0,0,0,0,0,0,0,2,0,0,0,0,0,2,2
30101,COCHABAMBA,infecc. de transmision sexual,vih mujer embarazada,2012-06-01,0,0,0,0,0,0,0,1,0,0,0,0,0,1,1
40701,HUANUNI,infecc. de transmision sexual,vih mujer embarazada,2012-06-01,0,0,0,0,0,0,0,0,0,1,0,0,0,1,1
71001,MONTERO,infecc. de transmision sexual,vih mujer embarazada,2012-06-01,0,0,0,0,0,0,0,2,0,0,0,0,0,2,2
30901,QUILLACOLLO,infecc. de transmision sexual,vih mujer embarazada,2012-06-01,0,0,0,0,0,0,0,0,0,1,0,0,0,1,1
70101,SANTA CRUZ DE LA SIERRA,infecc. de transmision sexual,vih mujer embarazada,2012-06-01,0,0,0,0,0,0,0,0,0,4,0,0,0,4,4
20606,TIPUANI,infecc. de transmision sexual,vih mujer embarazada,2012-06-01,0,0,0,0,0,0,0,0,0,1,0,0,0,1,1
60301,YACUIBA,infecc. de transmision sexual,vih mujer embarazada,2012-06-01,0,0,0,0,0,0,0,0,0,1,0,0,0,1,1
31204,CHIMORE,infecc. de transmision sexual,vih mujer embarazada,2012-07-01,0,0,0,0,0,0,0,0,0,1,0,0,0,1,1
70102,COTOCA,infecc. de transmision sexual,vih mujer embarazada,2012-07-01,0,0,0,0,0,0,0,0,0,1,0,0,0,1,1
70105,EL TORNO,infecc. de transmision sexual,vih mujer embarazada,2012-07-01,0,0,0,0,0,0,0,1,0,2,0,0,0,3,3
20101,LA PAZ,infecc. de transmision sexual,vih mujer embarazada,2012-07-01,0,0,0,0,0,0,0,0,0,2,0,0,0,2,2
71001,MONTERO,infecc. de transmision sexual,vih mujer embarazada,2012-07-01,0,0,0,0,0,0,0,0,0,1,0,0,0,1,1
40101,ORURO,infecc. de transmision sexual,vih mujer embarazada,2012-07-01,0,0,0,0,0,0,0,0,0,2,0,0,0,2,2
50101,POTOSI,infecc. de transmision sexual,vih mujer embarazada,2012-07-01,0,0,0,0,0,0,0,1,0,0,0,0,0,1,1
70303,SAN RAFAEL,infecc. de transmision sexual,vih mujer embarazada,2012-07-01,0,0,0,0,0,0,0,1,0,0,0,0,0,1,1
70101,SANTA CRUZ DE LA SIERRA,infecc. de transmision sexual,vih mujer embarazada,2012-07-01,0,0,0,0,0,0,0,0,0,1,0,0,0,1,1
30101,COCHABAMBA,infecc. de transmision sexual,vih mujer embarazada,2012-08-01,0,0,0,0,0,0,0,0,0,1,0,0,0,1,1
30905,COLCAPIRHUA,infecc. de transmision sexual,vih mujer embarazada,2012-08-01,0,0,0,0,0,0,0,0,0,1,0,0,0,1,1
70105,EL TORNO,infecc. de transmision sexual,vih mujer embarazada,2012-08-01,0,0,0,0,0,0,0,0,0,1,0,0,0,1,1
40701,HUANUNI,infecc. de transmision sexual,vih mujer embarazada,2012-08-01,0,0,0,0,0,0,0,0,0,1,0,0,0,1,1
70101,SANTA CRUZ DE LA SIERRA,infecc. de transmision sexual,vih mujer embarazada,2012-08-01,0,0,0,0,0,0,0,2,0,0,0,0,0,2,2
30902,SIPE SIPE,infecc. de transmision sexual,vih mujer embarazada,2012-08-01,0,0,0,0,0,0,0,0,0,1,0,0,0,1,1
60301,YACUIBA,infecc. de transmision sexual,vih mujer embarazada,2012-08-01,0,0,0,0,0,0,0,1,0,2,0,0,0,3,3
30101,COCHABAMBA,infecc. de transmision sexual,vih mujer embarazada,2012-09-01,0,0,0,0,0,0,0,0,0,3,0,0,0,3,3
40701,HUANUNI,infecc. de transmision sexual,vih mujer embarazada,2012-09-01,0,0,0,0,0,0,0,1,0,0,0,0,0,1,1
20607,MAPIRI,infecc. de transmision sexual,vih mujer embarazada,2012-09-01,0,0,0,0,0,0,0,1,0,0,0,0,0,1,1
40101,ORURO,infecc. de transmision sexual,vih mujer embarazada,2012-09-01,0,0,0,0,0,0,0,0,0,1,0,0,0,1,1
70302,SAN MIGUEL DE VELASCO,infecc. de transmision sexual,vih mujer embarazada,2012-09-01,0,0,0,0,0,0,0,0,0,1,0,0,0,1,1
70101,SANTA CRUZ DE LA SIERRA,infecc. de transmision sexual,vih mujer embarazada,2012-09-01,0,0,0,0,0,0,0,0,0,1,0,0,0,1,1
10101,SUCRE,infecc. de transmision sexual,vih mujer embarazada,2012-09-01,0,0,0,0,0,0,0,0,0,1,0,0,0,1,1
70703,CABEZAS,infecc. de transmision sexual,vih mujer embarazada,2012-10-01,0,0,0,0,0,0,0,0,0,1,0,0,0,1,1
22001,CARANAVI,infecc. de transmision sexual,vih mujer embarazada,2012-10-01,0,0,0,0,0,0,0,0,0,1,0,0,0,1,1
30101,COCHABAMBA,infecc. de transmision sexual,vih mujer embarazada,2012-10-01,0,0,0,0,0,0,0,0,0,3,0,0,0,3,3
71106,CUATRO CAÑADAS,infecc. de transmision sexual,vih mujer embarazada,2012-10-01,0,0,0,0,0,0,0,0,0,1,0,0,0,1,1
70105,EL TORNO,infecc. de transmision sexual,vih mujer embarazada,2012-10-01,0,0,0,0,0,0,0,0,0,1,0,0,0,1,1
80202,GUAYARAMERIN,infecc. de transmision sexual,vih mujer embarazada,2012-10-01,0,0,0,0,0,0,0,2,0,3,0,0,0,5,5
40701,HUANUNI,infecc. de transmision sexual,vih mujer embarazada,2012-10-01,0,0,0,0,0,0,0,2,0,0,0,0,0,2,2
71401,PUERTO SUAREZ,infecc. de transmision sexual,vih mujer embarazada,2012-10-01,0,0,0,0,0,0,0,0,0,1,0,0,0,1,1
70301,SAN IGNACIO DE VELASCO,infecc. de transmision sexual,vih mujer embarazada,2012-10-01,0,0,0,0,0,0,0,0,0,1,0,0,0,1,1
70302,SAN MIGUEL DE VELASCO,infecc. de transmision sexual,vih mujer embarazada,2012-10-01,0,0,0,0,0,0,0,0,0,1,0,0,0,1,1
70101,SANTA CRUZ DE LA SIERRA,infecc. de transmision sexual,vih mujer embarazada,2012-10-01,0,0,0,0,0,0,0,0,0,3,0,0,0,3,3
80101,TRINIDAD,infecc. de transmision sexual,vih mujer embarazada,2012-10-01,0,0,0,0,0,0,0,0,0,1,0,0,0,1,1
70201,WARNES,infecc. de transmision sexual,vih mujer embarazada,2012-10-01,0,0,0,0,0,0,0,0,0,1,0,0,0,1,1
30101,COCHABAMBA,infecc. de transmision sexual,vih mujer embarazada,2012-11-01,0,0,0,0,0,0,0,0,0,2,0,0,0,2,2
20105,EL ALTO,infecc. de transmision sexual,vih mujer embarazada,2012-11-01,0,0,0,0,0,0,0,1,0,1,0,0,0,2,2
71401,PUERTO SUAREZ,infecc. de transmision sexual,vih mujer embarazada,2012-11-01,0,0,0,0,0,0,0,1,0,0,0,0,0,1,1
31001,SACABA,infecc. de transmision sexual,vih mujer embarazada,2012-11-01,0,0,0,0,0,0,0,0,0,1,0,0,0,1,1
70101,SANTA CRUZ DE LA SIERRA,infecc. de transmision sexual,vih mujer embarazada,2012-11-01,0,0,0,0,0,0,0,0,0,2,0,0,0,2,2
10101,SUCRE,infecc. de transmision sexual,vih mujer embarazada,2012-11-01,0,0,0,0,0,0,0,0,0,1,0,0,0,1,1
80101,TRINIDAD,infecc. de transmision sexual,vih mujer embarazada,2012-11-01,0,0,0,0,0,0,0,2,0,4,0,0,0,6,6
60301,YACUIBA,infecc. de transmision sexual,vih mujer embarazada,2012-11-01,0,0,0,0,0,0,0,1,0,0,0,0,0,1,1
30101,COCHABAMBA,infecc. de transmision sexual,vih mujer embarazada,2012-12-01,0,0,0,0,0,0,0,0,0,3,0,0,0,3,3
20105,EL ALTO,infecc. de transmision sexual,vih mujer embarazada,2012-12-01,0,0,0,0,0,0,0,0,0,1,0,0,0,1,1
40701,HUANUNI,infecc. de transmision sexual,vih mujer embarazada,2012-12-01,0,0,0,0,0,0,0,1,0,0,0,0,0,1,1
40101,ORURO,infecc. de transmision sexual,vih mujer embarazada,2012-12-01,0,0,0,0,0,0,0,0,0,2,0,0,0,2,2
70302,SAN MIGUEL DE VELASCO,infecc. de transmision sexual,vih mujer embarazada,2012-12-01,0,0,0,0,0,0,0,0,0,1,0,0,0,1,1
70101,SANTA CRUZ DE LA SIERRA,infecc. de transmision sexual,vih mujer embarazada,2012-12-01,0,0,0,0,0,0,0,1,0,1,0,0,0,2,2
10101,SUCRE,infecc. de transmision sexual,vih mujer embarazada,2012-12-01,0,0,0,0,0,0,0,0,0,1,0,0,0,1,1
30101,COCHABAMBA,infecc. de transmision sexual,vih mujer embarazada,2013-01-01,0,0,0,0,0,0,0,0,0,1,0,0,0,1,1
20105,EL ALTO,infecc. de transmision sexual,vih mujer embarazada,2013-01-01,0,0,0,0,0,0,0,0,0,1,0,0,0,1,1
70105,EL TORNO,infecc. de transmision sexual,vih mujer embarazada,2013-01-01,0,0,0,0,0,0,0,1,0,2,0,0,0,3,3
20101,LA PAZ,infecc. de transmision sexual,vih mujer embarazada,2013-01-01,0,0,0,0,0,0,0,0,0,1,0,0,0,1,1
40101,ORURO,infecc. de transmision sexual,vih mujer embarazada,2013-01-01,0,0,0,0,0,0,0,0,0,1,0,0,0,1,1
71104,SAN JULIAN,infecc. de transmision sexual,vih mujer embarazada,2013-01-01,0,0,0,0,0,0,0,1,0,0,0,0,0,1,1
70101,SANTA CRUZ DE LA SIERRA,infecc. de transmision sexual,vih mujer embarazada,2013-01-01,0,0,0,0,0,0,0,2,0,6,0,0,0,8,8
10101,SUCRE,infecc. de transmision sexual,vih mujer embarazada,2013-01-01,0,0,0,0,0,0,0,1,0,0,0,0,0,1,1
30101,COCHABAMBA,infecc. de transmision sexual,vih mujer embarazada,2013-02-01,0,0,0,0,0,0,0,1,0,3,0,0,0,4,4
50601,COTAGAITA,infecc. de transmision sexual,vih mujer embarazada,2013-02-01,0,0,0,0,0,0,0,0,0,1,0,0,0,1,1
70101,SANTA CRUZ DE LA SIERRA,infecc. de transmision sexual,vih mujer embarazada,2013-02-01,0,0,0,0,0,0,0,33,0,1555,0,0,0,1588,1588
60101,TARIJA,infecc. de transmision sexual,vih mujer embarazada,2013-02-01,0,0,0,0,0,0,0,0,0,1,0,0,0,1,1
20105,EL ALTO,infecc. de transmision sexual,vih mujer embarazada,2013-03-01,0,0,0,0,0,0,0,0,0,1,0,0,0,1,1
70105,EL TORNO,infecc. de transmision sexual,vih mujer embarazada,2013-03-01,0,0,0,0,0,0,0,0,0,1,0,0,0,1,1
40701,HUANUNI,infecc. de transmision sexual,vih mujer embarazada,2013-03-01,0,0,0,0,0,0,0,2,0,0,0,0,0,2,2
40101,ORURO,infecc. de transmision sexual,vih mujer embarazada,2013-03-01,0,0,0,0,0,0,0,0,0,1,0,0,0,1,1
10101,SUCRE,infecc. de transmision sexual,vih mujer embarazada,2013-03-01,0,0,0,0,0,0,0,2,0,0,0,0,0,2,2
30101,COCHABAMBA,infecc. de transmision sexual,vih mujer embarazada,2013-04-01,0,0,0,0,0,0,0,0,0,4,0,0,0,4,4
40701,HUANUNI,infecc. de transmision sexual,vih mujer embarazada,2013-04-01,0,0,0,0,0,0,0,0,0,1,0,0,0,1,1
20101,LA PAZ,infecc. de transmision sexual,vih mujer embarazada,2013-04-01,0,0,0,0,0,0,0,0,0,2,0,0,0,2,2
70903,MAIRANA,infecc. de transmision sexual,vih mujer embarazada,2013-04-01,0,0,0,0,0,0,0,0,0,1,0,0,0,1,1
40101,ORURO,infecc. de transmision sexual,vih mujer embarazada,2013-04-01,0,0,0,0,0,0,0,0,0,2,0,0,0,2,2
21305,PATACAMAYA,infecc. de transmision sexual,vih mujer embarazada,2013-04-01,0,0,0,0,0,0,0,0,0,1,0,0,0,1,1
70601,PORTACHUELO,infecc. de transmision sexual,vih mujer embarazada,2013-04-01,0,0,0,0,0,0,0,0,0,1,0,0,0,1,1
31205,PUERTO VILLARROEL,infecc. de transmision sexual,vih mujer embarazada,2013-04-01,0,0,0,0,0,0,0,0,0,1,0,0,0,1,1
70302,SAN MIGUEL DE VELASCO,infecc. de transmision sexual,vih mujer embarazada,2013-04-01,0,0,0,0,0,0,0,0,0,1,0,0,0,1,1
70602,SANTA ROSA DEL SARA,infecc. de transmision sexual,vih mujer embarazada,2013-04-01,0,0,0,0,0,0,0,0,0,1,0,0,0,1,1
80101,TRINIDAD,infecc. de transmision sexual,vih mujer embarazada,2013-04-01,0,0,0,0,0,0,0,0,0,4,0,0,0,4,4
30101,COCHABAMBA,infecc. de transmision sexual,vih mujer embarazada,2013-05-01,0,0,0,0,0,0,0,0,0,1,0,0,0,1,1
20101,LA PAZ,infecc. de transmision sexual,vih mujer embarazada,2013-05-01,0,0,0,0,0,0,0,0,0,1,0,0,0,1,1
71401,PUERTO SUAREZ,infecc. de transmision sexual,vih mujer embarazada,2013-05-01,0,0,0,0,0,0,0,0,0,1,0,0,0,1,1
70302,SAN MIGUEL DE VELASCO,infecc. de transmision sexual,vih mujer embarazada,2013-05-01,0,0,0,0,0,0,0,0,0,1,0,0,0,1,1
70101,SANTA CRUZ DE LA SIERRA,infecc. de transmision sexual,vih mujer embarazada,2013-05-01,0,0,0,0,0,0,0,1,0,1,0,0,0,2,2
10101,SUCRE,infecc. de transmision sexual,vih mujer embarazada,2013-05-01,0,0,0,0,0,0,0,1,0,0,0,0,0,1,1
20606,TIPUANI,infecc. de transmision sexual,vih mujer embarazada,2013-05-01,0,0,0,0,0,0,0,0,0,1,0,0,0,1,1
70201,WARNES,infecc. de transmision sexual,vih mujer embarazada,2013-05-01,0,0,0,0,0,0,0,1,0,0,0,0,0,1,1
30101,COCHABAMBA,infecc. de transmision sexual,vih mujer embarazada,2013-06-01,0,0,0,0,0,0,0,1,0,2,0,0,0,3,3
20101,LA PAZ,infecc. de transmision sexual,vih mujer embarazada,2013-06-01,0,0,0,0,0,0,0,2,0,1,0,0,0,3,3
71001,MONTERO,infecc. de transmision sexual,vih mujer embarazada,2013-06-01,0,0,0,0,0,0,0,2,0,0,0,0,0,2,2
40101,ORURO,infecc. de transmision sexual,vih mujer embarazada,2013-06-01,0,0,0,0,0,0,0,0,0,4,0,0,0,4,4
31205,PUERTO VILLARROEL,infecc. de transmision sexual,vih mujer embarazada,2013-06-01,0,0,0,0,0,0,0,2,0,5,0,0,0,7,7
70101,SANTA CRUZ DE LA SIERRA,infecc. de transmision sexual,vih mujer embarazada,2013-06-01,0,0,0,0,0,0,0,0,0,2,0,0,0,2,2
10101,SUCRE,infecc. de transmision sexual,vih mujer embarazada,2013-06-01,0,0,0,0,0,0,0,2,0,0,0,0,0,2,2
70201,WARNES,infecc. de transmision sexual,vih mujer embarazada,2013-06-01,0,0,0,0,0,0,0,0,0,2,0,0,0,2,2
30101,COCHABAMBA,infecc. de transmision sexual,vih mujer embarazada,2013-07-01,0,0,0,0,0,0,0,1,0,1,0,0,0,2,2
20105,EL ALTO,infecc. de transmision sexual,vih mujer embarazada,2013-07-01,0,0,0,0,0,0,0,1,0,4,0,0,0,5,5
80202,GUAYARAMERIN,infecc. de transmision sexual,vih mujer embarazada,2013-07-01,0,0,0,0,0,0,0,0,0,3,0,0,0,3,3
20101,LA PAZ,infecc. de transmision sexual,vih mujer embarazada,2013-07-01,0,0,0,0,0,0,0,2,0,1,0,0,0,3,3
40101,ORURO,infecc. de transmision sexual,vih mujer embarazada,2013-07-01,0,0,0,0,0,0,0,0,0,2,0,0,0,2,2
50101,POTOSI,infecc. de transmision sexual,vih mujer embarazada,2013-07-01,0,0,0,0,0,0,0,1,0,1,0,0,0,2,2
31401,PUNATA,infecc. de transmision sexual,vih mujer embarazada,2013-07-01,0,0,0,0,0,0,0,0,0,1,0,0,0,1,1
80201,RIBERALTA,infecc. de transmision sexual,vih mujer embarazada,2013-07-01,0,0,0,0,0,0,0,155,0,230,0,0,0,385,385
70302,SAN MIGUEL DE VELASCO,infecc. de transmision sexual,vih mujer embarazada,2013-07-01,0,0,0,0,0,0,0,1,0,0,0,0,0,1,1
70101,SANTA CRUZ DE LA SIERRA,infecc. de transmision sexual,vih mujer embarazada,2013-07-01,0,0,0,0,0,0,0,1,0,1,0,0,0,2,2
10101,SUCRE,infecc. de transmision sexual,vih mujer embarazada,2013-07-01,0,0,0,0,0,0,0,0,0,4,0,0,0,4,4
20202,ANCORAIMES,infecc. de transmision sexual,vih mujer embarazada,2013-08-01,0,0,0,0,0,0,0,1,0,0,0,0,0,1,1
30101,COCHABAMBA,infecc. de transmision sexual,vih mujer embarazada,2013-08-01,0,0,0,0,0,0,0,6,0,13,0,0,0,19,19
20105,EL ALTO,infecc. de transmision sexual,vih mujer embarazada,2013-08-01,0,0,0,0,0,0,0,1,0,0,0,0,0,1,1
20101,LA PAZ,infecc. de transmision sexual,vih mujer embarazada,2013-08-01,0,0,0,0,0,0,0,1,0,2,0,0,0,3,3
40101,ORURO,infecc. de transmision sexual,vih mujer embarazada,2013-08-01,0,0,0,0,0,0,0,0,0,1,0,0,0,1,1
80201,RIBERALTA,infecc. de transmision sexual,vih mujer embarazada,2013-08-01,0,0,0,0,0,0,0,45,0,110,0,0,0,155,155
70101,SANTA CRUZ DE LA SIERRA,infecc. de transmision sexual,vih mujer embarazada,2013-08-01,0,0,0,0,0,0,0,1,0,0,0,0,0,1,1
22001,CARANAVI,infecc. de transmision sexual,vih mujer embarazada,2013-09-01,0,0,0,0,0,0,0,0,0,1,0,0,0,1,1
30101,COCHABAMBA,infecc. de transmision sexual,vih mujer embarazada,2013-09-01,0,0,0,0,0,0,0,2,0,0,0,0,0,2,2
70105,EL TORNO,infecc. de transmision sexual,vih mujer embarazada,2013-09-01,0,0,0,0,0,0,0,1,0,0,0,0,0,1,1
40701,HUANUNI,infecc. de transmision sexual,vih mujer embarazada,2013-09-01,0,0,0,0,0,0,0,0,0,1,0,0,0,1,1
20101,LA PAZ,infecc. de transmision sexual,vih mujer embarazada,2013-09-01,0,0,0,0,0,0,0,1,0,0,0,0,0,1,1
70101,SANTA CRUZ DE LA SIERRA,infecc. de transmision sexual,vih mujer embarazada,2013-09-01,0,0,0,0,0,0,0,2,0,8,0,0,0,10,10
30903,TIQUIPAYA,infecc. de transmision sexual,vih mujer embarazada,2013-09-01,0,0,0,0,0,0,0,0,0,5,0,0,0,5,5
80101,TRINIDAD,infecc. de transmision sexual,vih mujer embarazada,2013-09-01,0,0,0,0,0,0,0,0,0,1,0,0,0,1,1
51501,VILLAZON,infecc. de transmision sexual,vih mujer embarazada,2013-09-01,0,0,0,0,0,0,0,0,0,1,0,0,0,1,1
30101,COCHABAMBA,infecc. de transmision sexual,vih mujer embarazada,2013-10-01,0,0,0,0,0,0,0,1,0,1,0,0,0,2,2
50401,COLQUECHACA,infecc. de transmision sexual,vih mujer embarazada,2013-10-01,0,0,0,0,0,0,0,0,0,1,0,0,0,1,1
70102,COTOCA,infecc. de transmision sexual,vih mujer embarazada,2013-10-01,0,0,0,0,0,0,0,0,0,1,0,0,0,1,1
70105,EL TORNO,infecc. de transmision sexual,vih mujer embarazada,2013-10-01,0,0,0,0,0,0,0,1,0,0,0,0,0,1,1
40701,HUANUNI,infecc. de transmision sexual,vih mujer embarazada,2013-10-01,0,0,0,0,0,0,0,1,0,2,0,0,0,3,3
20101,LA PAZ,infecc. de transmision sexual,vih mujer embarazada,2013-10-01,0,0,0,0,0,0,0,1,0,0,0,0,0,1,1
80201,RIBERALTA,infecc. de transmision sexual,vih mujer embarazada,2013-10-01,0,0,0,0,0,0,0,0,0,1,0,0,0,1,1
80501,SAN IGNACIO,infecc. de transmision sexual,vih mujer embarazada,2013-10-01,0,0,0,0,0,0,0,0,0,1,0,0,0,1,1
70101,SANTA CRUZ DE LA SIERRA,infecc. de transmision sexual,vih mujer embarazada,2013-10-01,0,0,0,0,0,0,0,3,0,40,0,4,0,47,47
70201,WARNES,infecc. de transmision sexual,vih mujer embarazada,2013-10-01,0,0,0,0,0,0,0,0,0,1,0,0,0,1,1
30101,COCHABAMBA,infecc. de transmision sexual,vih mujer embarazada,2013-11-01,0,0,0,0,0,0,0,4,0,7,0,0,0,11,11
20105,EL ALTO,infecc. de transmision sexual,vih mujer embarazada,2013-11-01,0,0,0,0,0,0,0,1,0,0,0,0,0,1,1
70105,EL TORNO,infecc. de transmision sexual,vih mujer embarazada,2013-11-01,0,0,0,0,0,0,0,0,0,1,0,0,0,1,1
20101,LA PAZ,infecc. de transmision sexual,vih mujer embarazada,2013-11-01,0,0,0,0,0,0,0,0,0,1,0,0,0,1,1
21305,PATACAMAYA,infecc. de transmision sexual,vih mujer embarazada,2013-11-01,0,0,0,0,0,0,0,0,0,1,0,0,0,1,1
70101,SANTA CRUZ DE LA SIERRA,infecc. de transmision sexual,vih mujer embarazada,2013-11-01,0,0,0,0,0,0,0,1,0,12,0,0,0,13,13
70201,WARNES,infecc. de transmision sexual,vih mujer embarazada,2013-11-01,0,0,0,0,0,0,0,3,0,1,0,0,0,4,4
30101,COCHABAMBA,infecc. de transmision sexual,vih mujer embarazada,2013-12-01,0,0,0,0,0,0,0,2,0,1,0,0,0,3,3
20105,EL ALTO,infecc. de transmision sexual,vih mujer embarazada,2013-12-01,0,0,0,0,0,0,0,1,0,2,0,0,0,3,3
70105,EL TORNO,infecc. de transmision sexual,vih mujer embarazada,2013-12-01,0,0,0,0,0,0,0,0,0,1,0,0,0,1,1
70104,LA GUARDIA,infecc. de transmision sexual,vih mujer embarazada,2013-12-01,0,0,0,0,0,0,0,0,0,1,0,0,0,1,1
40101,ORURO,infecc. de transmision sexual,vih mujer embarazada,2013-12-01,0,0,0,0,0,0,0,2,0,0,0,0,0,2,2
80201,RIBERALTA,infecc. de transmision sexual,vih mujer embarazada,2013-12-01,0,0,0,0,0,0,0,58,0,131,0,0,0,189,189
70101,SANTA CRUZ DE LA SIERRA,infecc. de transmision sexual,vih mujer embarazada,2013-12-01,0,0,0,0,0,0,0,10,0,14,0,0,0,24,24
30903,TIQUIPAYA,infecc. de transmision sexual,vih mujer embarazada,2013-12-01,0,0,0,0,0,0,0,0,0,1,0,0,0,1,1
80101,TRINIDAD,infecc. de transmision sexual,vih mujer embarazada,2013-12-01,0,0,0,0,0,0,0,1,0,3,0,0,0,4,4
31003,VILLA TUNARI,infecc. de transmision sexual,vih mujer embarazada,2013-12-01,0,0,0,0,0,0,0,0,0,2,0,0,0,2,2
70201,WARNES,infecc. de transmision sexual,vih mujer embarazada,2013-12-01,0,0,0,0,0,0,0,1,0,0,0,0,0,1,1
70703,CABEZAS,infecc. de transmision sexual,vih mujer embarazada,2014-01-01,0,0,0,0,0,0,0,0,0,1,0,0,0,1,1
30101,COCHABAMBA,infecc. de transmision sexual,vih mujer embarazada,2014-01-01,0,0,0,0,0,0,0,2,0,11,0,0,0,13,13
40701,HUANUNI,infecc. de transmision sexual,vih mujer embarazada,2014-01-01,0,0,0,0,0,0,0,0,0,1,0,0,0,1,1
70104,LA GUARDIA,infecc. de transmision sexual,vih mujer embarazada,2014-01-01,0,0,0,0,0,0,0,1,0,0,0,0,0,1,1
80201,RIBERALTA,infecc. de transmision sexual,vih mujer embarazada,2014-01-01,0,0,0,0,0,0,0,134,0,340,0,0,0,474,474
70101,SANTA CRUZ DE LA SIERRA,infecc. de transmision sexual,vih mujer embarazada,2014-01-01,0,0,0,0,0,0,0,12,0,44,0,0,0,56,56
80101,TRINIDAD,infecc. de transmision sexual,vih mujer embarazada,2014-01-01,0,0,0,0,0,0,0,0,0,2,0,0,0,2,2
31003,VILLA TUNARI,infecc. de transmision sexual,vih mujer embarazada,2014-01-01,0,0,0,0,0,0,0,0,0,1,0,0,0,1,1
70201,WARNES,infecc. de transmision sexual,vih mujer embarazada,2014-01-01,0,0,0,0,0,0,0,3,0,0,0,0,0,3,3
30101,COCHABAMBA,infecc. de transmision sexual,vih mujer embarazada,2014-02-01,0,0,0,0,0,0,0,0,0,4,0,0,0,4,4
70105,EL TORNO,infecc. de transmision sexual,vih mujer embarazada,2014-02-01,0,0,0,0,0,0,0,1,0,1,0,0,0,2,2
40701,HUANUNI,infecc. de transmision sexual,vih mujer embarazada,2014-02-01,0,0,0,0,0,0,0,1,0,1,0,0,0,2,2
20101,LA PAZ,infecc. de transmision sexual,vih mujer embarazada,2014-02-01,0,0,0,0,0,0,0,0,0,1,0,0,0,1,1
40101,ORURO,infecc. de transmision sexual,vih mujer embarazada,2014-02-01,0,0,0,0,0,0,0,0,0,1,0,0,0,1,1
80201,RIBERALTA,infecc. de transmision sexual,vih mujer embarazada,2014-02-01,0,0,0,0,0,0,0,191,0,280,0,0,0,471,471
70101,SANTA CRUZ DE LA SIERRA,infecc. de transmision sexual,vih mujer embarazada,2014-02-01,0,0,0,0,0,0,0,46,0,75,0,0,0,121,121
80101,TRINIDAD,infecc. de transmision sexual,vih mujer embarazada,2014-02-01,0,0,0,0,0,0,0,1,0,0,0,0,0,1,1
20105,EL ALTO,infecc. de transmision sexual,vih mujer embarazada,2014-03-01,0,0,0,0,0,0,0,0,0,1,0,0,0,1,1
70105,EL TORNO,infecc. de transmision sexual,vih mujer embarazada,2014-03-01,0,0,0,0,0,0,0,1,0,0,0,0,0,1,1
70104,LA GUARDIA,infecc. de transmision sexual,vih mujer embarazada,2014-03-01,0,0,0,0,0,0,0,0,0,2,0,0,0,2,2
20101,LA PAZ,infecc. de transmision sexual,vih mujer embarazada,2014-03-01,0,0,0,0,0,0,0,0,0,1,0,0,0,1,1
80201,RIBERALTA,infecc. de transmision sexual,vih mujer embarazada,2014-03-01,0,0,0,0,0,0,0,5,0,2,0,0,0,7,7
70101,SANTA CRUZ DE LA SIERRA,infecc. de transmision sexual,vih mujer embarazada,2014-03-01,0,0,0,0,0,0,0,40,0,78,0,0,0,118,118
70602,SANTA ROSA DEL SARA,infecc. de transmision sexual,vih mujer embarazada,2014-03-01,0,0,0,0,0,0,0,1,0,0,0,0,0,1,1
50401,COLQUECHACA,infecc. de transmision sexual,vih mujer embarazada,2014-04-01,0,0,0,0,0,0,0,0,0,1,0,0,0,1,1
70105,EL TORNO,infecc. de transmision sexual,vih mujer embarazada,2014-04-01,0,0,0,0,0,0,0,0,0,1,0,0,0,1,1
80202,GUAYARAMERIN,infecc. de transmision sexual,vih mujer embarazada,2014-04-01,0,0,0,0,0,0,0,1,0,1,0,0,0,2,2
20101,LA PAZ,infecc. de transmision sexual,vih mujer embarazada,2014-04-01,0,0,0,0,0,0,0,0,0,6,0,0,0,6,6
40101,ORURO,infecc. de transmision sexual,vih mujer embarazada,2014-04-01,0,0,0,0,0,0,0,0,0,3,0,0,0,3,3
70601,PORTACHUELO,infecc. de transmision sexual,vih mujer embarazada,2014-04-01,0,0,0,0,0,0,0,0,0,1,0,0,0,1,1
80201,RIBERALTA,infecc. de transmision sexual,vih mujer embarazada,2014-04-01,0,0,0,0,0,0,0,142,0,284,0,0,0,426,426
31001,SACABA,infecc. de transmision sexual,vih mujer embarazada,2014-04-01,0,0,0,0,0,0,0,1,0,2,0,0,0,3,3
70101,SANTA CRUZ DE LA SIERRA,infecc. de transmision sexual,vih mujer embarazada,2014-04-01,0,0,0,0,0,0,0,34,0,75,0,0,0,109,109
30903,TIQUIPAYA,infecc. de transmision sexual,vih mujer embarazada,2014-04-01,0,0,0,0,0,0,0,0,0,1,0,0,0,1,1
70201,WARNES,infecc. de transmision sexual,vih mujer embarazada,2014-04-01,0,0,0,0,0,0,0,1,0,2,0,0,0,3,3
30801,CLIZA,infecc. de transmision sexual,vih mujer embarazada,2014-05-01,0,0,0,0,0,0,0,0,0,2,0,0,0,2,2
20101,LA PAZ,infecc. de transmision sexual,vih mujer embarazada,2014-05-01,0,0,0,0,0,0,0,0,0,11,0,0,0,11,11
21305,PATACAMAYA,infecc. de transmision sexual,vih mujer embarazada,2014-05-01,0,0,0,0,0,0,0,0,0,1,0,0,0,1,1
80201,RIBERALTA,infecc. de transmision sexual,vih mujer embarazada,2014-05-01,0,0,0,0,0,0,0,11,0,17,0,0,0,28,28
70101,SANTA CRUZ DE LA SIERRA,infecc. de transmision sexual,vih mujer embarazada,2014-05-01,0,0,0,0,0,0,0,53,0,151,0,0,0,204,204
70602,SANTA ROSA DEL SARA,infecc. de transmision sexual,vih mujer embarazada,2014-05-01,0,0,0,0,0,0,0,0,0,1,0,0,0,1,1
30903,TIQUIPAYA,infecc. de transmision sexual,vih mujer embarazada,2014-05-01,0,0,0,0,0,0,0,2,0,3,0,0,0,5,5
70201,WARNES,infecc. de transmision sexual,vih mujer embarazada,2014-05-01,0,0,0,0,0,0,0,1,0,2,0,0,0,3,3
30101,COCHABAMBA,infecc. de transmision sexual,vih mujer embarazada,2014-06-01,0,0,0,0,0,0,0,1,0,0,0,0,0,1,1
40701,HUANUNI,infecc. de transmision sexual,vih mujer embarazada,2014-06-01,0,0,0,0,0,0,0,1,0,0,0,0,0,1,1
20101,LA PAZ,infecc. de transmision sexual,vih mujer embarazada,2014-06-01,0,0,0,0,0,0,0,0,0,1,0,0,0,1,1
10401,PADILLA,infecc. de transmision sexual,vih mujer embarazada,2014-06-01,0,0,0,0,0,0,0,0,0,1,0,0,0,1,1
71401,PUERTO SUAREZ,infecc. de transmision sexual,vih mujer embarazada,2014-06-01,0,0,0,0,0,0,0,0,0,1,0,0,0,1,1
80201,RIBERALTA,infecc. de transmision sexual,vih mujer embarazada,2014-06-01,0,0,0,0,0,0,0,3,0,124,0,0,0,127,127
70101,SANTA CRUZ DE LA SIERRA,infecc. de transmision sexual,vih mujer embarazada,2014-06-01,0,0,0,0,0,0,0,135,0,233,0,0,0,368,368
10101,SUCRE,infecc. de transmision sexual,vih mujer embarazada,2014-06-01,0,0,0,0,0,0,0,0,0,1,0,0,0,1,1
70201,WARNES,infecc. de transmision sexual,vih mujer embarazada,2014-06-01,0,0,0,0,0,0,0,0,0,1,0,0,0,1,1
51302,ACACIO,infecc. de transmision sexual,vih mujer embarazada,2014-07-01,0,0,0,0,0,0,0,0,0,1,0,0,0,1,1
70702,CHARAGUA,infecc. de transmision sexual,vih mujer embarazada,2014-07-01,0,0,0,0,0,0,0,0,0,1,0,0,0,1,1
30101,COCHABAMBA,infecc. de transmision sexual,vih mujer embarazada,2014-07-01,0,0,0,0,0,0,0,1,0,0,0,0,0,1,1
70105,EL TORNO,infecc. de transmision sexual,vih mujer embarazada,2014-07-01,0,0,0,0,0,0,0,0,0,1,0,0,0,1,1
20101,LA PAZ,infecc. de transmision sexual,vih mujer embarazada,2014-07-01,0,0,0,0,0,0,0,0,0,1,0,0,0,1,1
10401,PADILLA,infecc. de transmision sexual,vih mujer embarazada,2014-07-01,0,0,0,0,0,0,0,0,0,1,0,0,0,1,1
80201,RIBERALTA,infecc. de transmision sexual,vih mujer embarazada,2014-07-01,0,0,0,0,0,0,0,2,0,87,0,0,0,89,89
70101,SANTA CRUZ DE LA SIERRA,infecc. de transmision sexual,vih mujer embarazada,2014-07-01,0,0,0,0,0,0,0,34,0,155,0,1,0,190,190
60101,TARIJA,infecc. de transmision sexual,vih mujer embarazada,2014-07-01,0,0,0,0,0,0,0,0,0,1,0,0,0,1,1
30903,TIQUIPAYA,infecc. de transmision sexual,vih mujer embarazada,2014-07-01,0,0,0,0,0,0,0,0,0,1,0,0,0,1,1
90101,COBIJA,infecc. de transmision sexual,vih mujer embarazada,2014-08-01,0,0,0,0,0,0,0,0,0,1,0,0,0,1,1
40101,ORURO,infecc. de transmision sexual,vih mujer embarazada,2014-08-01,0,0,0,0,0,0,0,0,0,1,0,0,0,1,1
80201,RIBERALTA,infecc. de transmision sexual,vih mujer embarazada,2014-08-01,0,0,0,0,0,0,0,6,0,331,0,0,0,337,337
70101,SANTA CRUZ DE LA SIERRA,infecc. de transmision sexual,vih mujer embarazada,2014-08-01,0,0,0,0,0,0,0,125,0,276,0,0,0,401,401
10101,SUCRE,infecc. de transmision sexual,vih mujer embarazada,2014-08-01,0,0,0,0,0,0,0,0,0,1,0,0,0,1,1
70201,WARNES,infecc. de transmision sexual,vih mujer embarazada,2014-08-01,0,0,0,0,0,0,0,1,0,0,0,0,0,1,1
30101,COCHABAMBA,infecc. de transmision sexual,vih mujer embarazada,2014-09-01,0,0,0,0,0,0,0,1,0,0,0,0,0,1,1
70102,COTOCA,infecc. de transmision sexual,vih mujer embarazada,2014-09-01,0,0,0,0,0,0,0,0,0,1,0,0,0,1,1
80202,GUAYARAMERIN,infecc. de transmision sexual,vih mujer embarazada,2014-09-01,0,0,0,0,0,0,0,0,0,1,0,0,0,1,1
20101,LA PAZ,infecc. de transmision sexual,vih mujer embarazada,2014-09-01,0,0,0,0,0,0,0,0,0,1,0,0,0,1,1
10401,PADILLA,infecc. de transmision sexual,vih mujer embarazada,2014-09-01,0,0,0,0,0,0,0,0,0,1,0,0,0,1,1
30901,QUILLACOLLO,infecc. de transmision sexual,vih mujer embarazada,2014-09-01,0,0,0,0,0,0,0,0,0,1,0,0,0,1,1
50402,RAVELO,infecc. de transmision sexual,vih mujer embarazada,2014-09-01,0,0,0,0,0,0,0,1,0,5,0,0,0,6,6
80201,RIBERALTA,infecc. de transmision sexual,vih mujer embarazada,2014-09-01,0,0,0,0,0,0,0,38,0,252,0,0,0,290,290
70101,SANTA CRUZ DE LA SIERRA,infecc. de transmision sexual,vih mujer embarazada,2014-09-01,0,0,0,0,0,0,0,91,0,158,0,1,0,250,250
30101,COCHABAMBA,infecc. de transmision sexual,vih mujer embarazada,2014-10-01,0,0,0,0,0,0,0,1,0,2,0,0,0,3,3
20105,EL ALTO,infecc. de transmision sexual,vih mujer embarazada,2014-10-01,0,0,0,0,0,0,0,24,0,257,0,0,0,281,281
80202,GUAYARAMERIN,infecc. de transmision sexual,vih mujer embarazada,2014-10-01,0,0,0,0,0,0,0,0,0,1,0,0,0,1,1
40701,HUANUNI,infecc. de transmision sexual,vih mujer embarazada,2014-10-01,0,0,0,0,0,0,0,4,0,15,0,0,0,19,19
70104,LA GUARDIA,infecc. de transmision sexual,vih mujer embarazada,2014-10-01,0,0,0,0,0,0,0,10,0,46,0,0,0,56,56
20101,LA PAZ,infecc. de transmision sexual,vih mujer embarazada,2014-10-01,0,0,0,0,0,0,0,6,0,7,0,0,0,13,13
70903,MAIRANA,infecc. de transmision sexual,vih mujer embarazada,2014-10-01,0,0,0,0,0,0,0,4,0,19,0,0,0,23,23
20607,MAPIRI,infecc. de transmision sexual,vih mujer embarazada,2014-10-01,0,0,0,0,0,0,0,3,0,0,0,0,0,3,3
31301,MIZQUE,infecc. de transmision sexual,vih mujer embarazada,2014-10-01,0,0,0,0,0,0,0,15,0,39,0,0,0,54,54
71001,MONTERO,infecc. de transmision sexual,vih mujer embarazada,2014-10-01,0,0,0,0,0,0,0,23,0,66,0,0,0,89,89
60201,PADCAYA,infecc. de transmision sexual,vih mujer embarazada,2014-10-01,0,0,0,0,0,0,0,0,0,1,0,0,0,1,1
50101,POTOSI,infecc. de transmision sexual,vih mujer embarazada,2014-10-01,0,0,0,0,0,0,0,0,0,6,0,0,0,6,6
90201,PUERTO RICO,infecc. de transmision sexual,vih mujer embarazada,2014-10-01,0,0,0,0,0,0,0,1,0,0,0,0,0,1,1
50402,RAVELO,infecc. de transmision sexual,vih mujer embarazada,2014-10-01,0,0,0,0,0,0,0,0,0,3,0,0,0,3,3
80301,REYES,infecc. de transmision sexual,vih mujer embarazada,2014-10-01,0,0,0,0,0,0,0,0,0,2,0,0,0,2,2
80201,RIBERALTA,infecc. de transmision sexual,vih mujer embarazada,2014-10-01,0,0,0,0,0,0,0,27,0,50,0,0,0,77,77
80302,SAN BORJA,infecc. de transmision sexual,vih mujer embarazada,2014-10-01,0,0,0,0,0,0,0,2,0,0,0,0,0,2,2
70301,SAN IGNACIO DE VELASCO,infecc. de transmision sexual,vih mujer embarazada,2014-10-01,0,0,0,0,0,0,0,0,0,1,0,0,0,1,1
70101,SANTA CRUZ DE LA SIERRA,infecc. de transmision sexual,vih mujer embarazada,2014-10-01,0,0,0,0,0,0,0,91,0,194,0,0,0,285,285
31602,SHINAOTA,infecc. de transmision sexual,vih mujer embarazada,2014-10-01,0,0,0,0,0,0,0,0,0,1,0,0,0,1,1
10101,SUCRE,infecc. de transmision sexual,vih mujer embarazada,2014-10-01,0,0,0,0,0,0,0,1,0,0,0,0,0,1,1
60101,TARIJA,infecc. de transmision sexual,vih mujer embarazada,2014-10-01,0,0,0,0,0,0,0,0,0,13,0,0,0,13,13
80101,TRINIDAD,infecc. de transmision sexual,vih mujer embarazada,2014-10-01,0,0,0,0,0,0,0,2,0,7,0,0,0,9,9
31402,VILLA RIVERO,infecc. de transmision sexual,vih mujer embarazada,2014-10-01,0,0,0,0,0,0,0,1,0,6,0,0,0,7,7
31003,VILLA TUNARI,infecc. de transmision sexual,vih mujer embarazada,2014-10-01,0,0,0,0,0,0,0,1,0,0,0,0,0,1,1
10301,ZUDAÑEZ,infecc. de transmision sexual,vih mujer embarazada,2014-10-01,0,0,0,0,0,0,0,0,0,1,0,0,0,1,1
90101,COBIJA,infecc. de transmision sexual,vih mujer embarazada,2014-11-01,0,0,0,0,0,0,0,1,0,4,0,0,0,5,5
30101,COCHABAMBA,infecc. de transmision sexual,vih mujer embarazada,2014-11-01,0,0,0,0,0,0,0,6,0,22,0,0,0,28,28
20105,EL ALTO,infecc. de transmision sexual,vih mujer embarazada,2014-11-01,0,0,0,0,0,0,0,66,0,346,0,0,0,412,412
40701,HUANUNI,infecc. de transmision sexual,vih mujer embarazada,2014-11-01,0,0,0,0,0,0,0,6,0,25,0,0,0,31,31
20101,LA PAZ,infecc. de transmision sexual,vih mujer embarazada,2014-11-01,0,0,0,0,0,0,0,1,0,6,0,0,0,7,7
70903,MAIRANA,infecc. de transmision sexual,vih mujer embarazada,2014-11-01,0,0,0,0,0,0,0,11,0,24,0,0,0,35,35
31301,MIZQUE,infecc. de transmision sexual,vih mujer embarazada,2014-11-01,0,0,0,0,0,0,0,23,0,38,0,0,0,61,61
71001,MONTERO,infecc. de transmision sexual,vih mujer embarazada,2014-11-01,0,0,0,0,0,0,0,10,0,33,0,0,0,43,43
60201,PADCAYA,infecc. de transmision sexual,vih mujer embarazada,2014-11-01,0,0,0,0,0,0,0,0,0,1,0,0,0,1,1
90102,PORVENIR,infecc. de transmision sexual,vih mujer embarazada,2014-11-01,0,0,0,0,0,0,0,0,0,2,0,0,0,2,2
90301,PUERTO GONZALO MORENO,infecc. de transmision sexual,vih mujer embarazada,2014-11-01,0,0,0,0,0,0,0,0,0,1,0,0,0,1,1
80201,RIBERALTA,infecc. de transmision sexual,vih mujer embarazada,2014-11-01,0,0,0,0,0,0,0,30,0,155,0,3,0,188,188
80302,SAN BORJA,infecc. de transmision sexual,vih mujer embarazada,2014-11-01,0,0,0,0,0,0,0,2,0,0,0,0,0,2,2
70101,SANTA CRUZ DE LA SIERRA,infecc. de transmision sexual,vih mujer embarazada,2014-11-01,0,0,0,0,0,0,0,141,0,365,0,0,0,506,506
10101,SUCRE,infecc. de transmision sexual,vih mujer embarazada,2014-11-01,0,0,0,0,0,0,0,0,0,1,0,0,0,1,1
60101,TARIJA,infecc. de transmision sexual,vih mujer embarazada,2014-11-01,0,0,0,0,0,0,0,3,0,11,0,0,0,14,14
30903,TIQUIPAYA,infecc. de transmision sexual,vih mujer embarazada,2014-11-01,0,0,0,0,0,0,0,1,0,0,0,0,0,1,1
80101,TRINIDAD,infecc. de transmision sexual,vih mujer embarazada,2014-11-01,0,0,0,0,0,0,0,4,0,2,0,0,0,6,6
40603,ANTEQUERA,infecc. de transmision sexual,vih mujer embarazada,2014-12-01,0,0,0,0,0,0,0,1,0,1,0,0,0,2,2
50302,CHAQUI,infecc. de transmision sexual,vih mujer embarazada,2014-12-01,0,0,0,0,0,0,0,0,0,1,0,0,0,1,1
70702,CHARAGUA,infecc. de transmision sexual,vih mujer embarazada,2014-12-01,0,0,0,0,0,0,0,0,0,1,0,0,0,1,1
30101,COCHABAMBA,infecc. de transmision sexual,vih mujer embarazada,2014-12-01,0,0,0,0,0,0,0,3,0,20,0,0,0,23,23
71101,CONCEPCION,infecc. de transmision sexual,vih mujer embarazada,2014-12-01,0,0,0,0,0,0,0,0,0,1,0,0,0,1,1
71106,CUATRO CAÑADAS,infecc. de transmision sexual,vih mujer embarazada,2014-12-01,0,0,0,0,0,0,0,0,0,1,0,0,0,1,1
20105,EL ALTO,infecc. de transmision sexual,vih mujer embarazada,2014-12-01,0,0,0,0,0,0,0,83,0,526,0,0,0,609,609
40701,HUANUNI,infecc. de transmision sexual,vih mujer embarazada,2014-12-01,0,0,0,0,0,0,0,4,0,6,0,0,0,10,10
90402,INGAVI (HUMAITA),infecc. de transmision sexual,vih mujer embarazada,2014-12-01,0,0,0,0,0,0,0,1,0,0,0,0,0,1,1
70903,MAIRANA,infecc. de transmision sexual,vih mujer embarazada,2014-12-01,0,0,0,0,0,0,0,4,0,3,0,0,0,7,7
31301,MIZQUE,infecc. de transmision sexual,vih mujer embarazada,2014-12-01,0,0,0,0,0,0,0,19,0,47,0,0,0,66,66
71001,MONTERO,infecc. de transmision sexual,vih mujer embarazada,2014-12-01,0,0,0,0,0,0,0,22,0,37,0,0,0,59,59
40101,ORURO,infecc. de transmision sexual,vih mujer embarazada,2014-12-01,0,0,0,0,0,0,0,1,0,0,0,0,0,1,1
60201,PADCAYA,infecc. de transmision sexual,vih mujer embarazada,2014-12-01,0,0,0,0,0,0,0,1,0,2,0,0,0,3,3
50402,RAVELO,infecc. de transmision sexual,vih mujer embarazada,2014-12-01,0,0,0,0,0,0,0,2,0,1,0,0,0,3,3
80301,REYES,infecc. de transmision sexual,vih mujer embarazada,2014-12-01,0,0,0,0,0,0,0,1,0,8,0,0,0,9,9
80201,RIBERALTA,infecc. de transmision sexual,vih mujer embarazada,2014-12-01,0,0,0,0,0,0,0,74,0,172,0,0,0,246,246
80302,SAN BORJA,infecc. de transmision sexual,vih mujer embarazada,2014-12-01,0,0,0,0,0,0,0,3,0,1,0,0,0,4,4
71102,SAN JAVIER(STC),infecc. de transmision sexual,vih mujer embarazada,2014-12-01,0,0,0,0,0,0,0,5,0,2,0,0,0,7,7
70101,SANTA CRUZ DE LA SIERRA,infecc. de transmision sexual,vih mujer embarazada,2014-12-01,0,0,0,0,0,0,0,180,0,467,0,0,0,647,647
31602,SHINAOTA,infecc. de transmision sexual,vih mujer embarazada,2014-12-01,0,0,0,0,0,0,0,0,0,1,0,0,0,1,1
10101,SUCRE,infecc. de transmision sexual,vih mujer embarazada,2014-12-01,0,0,0,0,0,0,0,2,0,0,0,0,0,2,2
60101,TARIJA,infecc. de transmision sexual,vih mujer embarazada,2014-12-01,0,0,0,0,0,0,0,0,0,7,0,0,0,7,7
30903,TIQUIPAYA,infecc. de transmision sexual,vih mujer embarazada,2014-12-01,0,0,0,0,0,0,0,0,0,1,0,0,0,1,1
80101,TRINIDAD,infecc. de transmision sexual,vih mujer embarazada,2014-12-01,0,0,0,0,0,0,0,3,0,9,0,0,0,12,12
31003,VILLA TUNARI,infecc. de transmision sexual,vih mujer embarazada,2014-12-01,0,0,0,0,0,0,0,0,0,1,0,0,0,1,1
10102,YOTALA,infecc. de transmision sexual,vih mujer embarazada,2014-12-01,0,0,0,0,0,0,0,0,0,1,0,0,0,1,1
